[name]
unknown

[dist]
# distance from previous block
# <min> <max>
0	7

[block]
# block no. 0 follows, 13 sequences, length 118
# corresponding to MSA columns:
# 7-124
name=unknown_A
#
# <colnr> <probs for GDERKNQSTAVLIFYWHMCP>
#	G	D	E	R	K	N	Q	S	T	A	V	L	I	F	Y	W	H	M	C	P
0	0.15492	0.02019	0.02472	0.07929	0.10571	0.02167	0.01853	0.11313	0.06990	0.08442	0.07105	0.04544	0.06944	0.01505	0.01051	0.00348	0.00973	0.06041	0.00864	0.01379
1	0.13943	0.02101	0.02654	0.02282	0.06435	0.02064	0.05440	0.12940	0.02963	0.12402	0.10727	0.03365	0.03026	0.01224	0.00984	0.00295	0.00946	0.01017	0.00887	0.14305
2	0.02293	0.02182	0.03707	0.34559	0.30705	0.02427	0.03084	0.02961	0.02254	0.03062	0.01932	0.02722	0.01536	0.01002	0.01052	0.00334	0.01336	0.00941	0.00495	0.01414
3	0.02819	0.02177	0.02931	0.02961	0.12084	0.02304	0.05745	0.04631	0.29146	0.11800	0.08521	0.03951	0.03377	0.01358	0.01098	0.00344	0.00959	0.01203	0.00981	0.01610
4	0.02026	0.01285	0.01628	0.01470	0.01885	0.01107	0.01105	0.02404	0.02552	0.11413	0.21635	0.20855	0.10337	0.02140	0.01165	0.00328	0.00642	0.01876	0.01027	0.13120
5	0.02164	0.01422	0.01691	0.01584	0.02001	0.01384	0.01237	0.03043	0.12629	0.11929	0.16902	0.11879	0.18681	0.02193	0.01216	0.00367	0.00695	0.06683	0.01088	0.01213
6	0.04371	0.02539	0.02606	0.02104	0.02855	0.12565	0.01691	0.08652	0.07224	0.38685	0.03577	0.03225	0.02365	0.01274	0.01043	0.00319	0.01105	0.00993	0.01126	0.01681
7	0.02361	0.01979	0.02231	0.06592	0.02875	0.02229	0.01660	0.07658	0.33377	0.04051	0.04819	0.09815	0.08443	0.01786	0.01143	0.00371	0.00869	0.05292	0.01002	0.01445
8	0.01293	0.01073	0.01131	0.01117	0.01455	0.00911	0.00838	0.01602	0.02513	0.03100	0.18644	0.09774	0.47732	0.02587	0.01249	0.00353	0.00529	0.02175	0.01014	0.00911
9	0.02430	0.02221	0.03578	0.34809	0.24633	0.02504	0.02953	0.08058	0.02515	0.03383	0.01987	0.02717	0.01546	0.01037	0.01053	0.00335	0.01328	0.00942	0.00550	0.01420
10	0.01318	0.00958	0.01244	0.01417	0.01532	0.00884	0.00970	0.01560	0.02211	0.02959	0.14221	0.49235	0.11431	0.03076	0.01325	0.00408	0.00589	0.02768	0.01011	0.00884
11	0.01443	0.01039	0.01365	0.01367	0.01568	0.00962	0.00993	0.01860	0.02742	0.03841	0.42786	0.21937	0.09204	0.02459	0.01274	0.00358	0.00528	0.02195	0.01117	0.00962
12	0.01309	0.01073	0.01153	0.01133	0.01464	0.00918	0.00850	0.01632	0.02549	0.03187	0.21453	0.09631	0.44869	0.02554	0.01249	0.00351	0.00527	0.02155	0.01025	0.00918
13	0.03163	0.03654	0.03149	0.02816	0.07340	0.31204	0.06596	0.03582	0.02653	0.02997	0.01785	0.02139	0.01472	0.00964	0.00935	0.00247	0.01494	0.00737	0.00568	0.22504
14	0.04744	0.01799	0.02454	0.01881	0.02699	0.01554	0.01554	0.05153	0.03026	0.56979	0.04171	0.03599	0.02617	0.01309	0.01063	0.00327	0.00900	0.01063	0.01309	0.01799
15	0.65295	0.02026	0.01623	0.01428	0.02095	0.02309	0.01176	0.03264	0.01893	0.08739	0.01679	0.01861	0.01258	0.01006	0.00686	0.00327	0.00824	0.00610	0.00704	0.01195
16	0.14796	0.02123	0.02976	0.02262	0.03096	0.02038	0.09487	0.09457	0.02948	0.35060	0.03254	0.03072	0.02139	0.01187	0.01026	0.00331	0.01052	0.01002	0.01057	0.01636
17	0.04744	0.01799	0.02454	0.01881	0.02699	0.01554	0.01554	0.05153	0.03026	0.56979	0.04171	0.03599	0.02617	0.01309	0.01063	0.00327	0.00900	0.01063	0.01309	0.01799
18	0.02617	0.02512	0.04292	0.06490	0.56246	0.02512	0.03245	0.03245	0.02407	0.03454	0.01989	0.02617	0.01675	0.00942	0.01047	0.00314	0.01256	0.00942	0.00523	0.01675
19	0.02456	0.01871	0.02219	0.01599	0.02526	0.01424	0.01284	0.02919	0.02278	0.08968	0.02116	0.02338	0.01674	0.00837	0.00812	0.00174	0.00795	0.00671	0.00697	0.62342
20	0.04438	0.02290	0.02758	0.02114	0.02944	0.02283	0.01746	0.25245	0.03848	0.35726	0.03482	0.03151	0.02271	0.01292	0.01061	0.00323	0.01011	0.01016	0.01203	0.01799
21	0.02192	0.01879	0.02192	0.01566	0.02506	0.01409	0.01253	0.02662	0.02192	0.03445	0.01879	0.02192	0.01566	0.00783	0.00783	0.00157	0.00783	0.00626	0.00626	0.69305
22	0.02192	0.01879	0.02192	0.01566	0.02506	0.01409	0.01253	0.02662	0.02192	0.03445	0.01879	0.02192	0.01566	0.00783	0.00783	0.00157	0.00783	0.00626	0.00626	0.69305
23	0.01496	0.01081	0.01413	0.01330	0.01580	0.00998	0.00998	0.01995	0.02993	0.04240	0.55689	0.07898	0.09976	0.02162	0.01247	0.00333	0.00499	0.01912	0.01164	0.00998
24	0.70310	0.02045	0.01554	0.01390	0.02045	0.02372	0.01145	0.03108	0.01799	0.04744	0.01472	0.01718	0.01145	0.00981	0.00654	0.00327	0.00818	0.00573	0.00654	0.01145
25	0.02192	0.01879	0.02192	0.01566	0.02506	0.01409	0.01253	0.02662	0.02192	0.03445	0.01879	0.02192	0.01566	0.00783	0.00783	0.00157	0.00783	0.00626	0.00626	0.69305
26	0.04744	0.01799	0.02454	0.01881	0.02699	0.01554	0.01554	0.05153	0.03026	0.56979	0.04171	0.03599	0.02617	0.01309	0.01063	0.00327	0.00900	0.01063	0.01309	0.01799
27	0.01288	0.00920	0.01227	0.01472	0.01534	0.00859	0.00981	0.01472	0.02024	0.02699	0.05828	0.62152	0.06993	0.03312	0.01350	0.00429	0.00613	0.03006	0.00981	0.00859
28	0.70310	0.02045	0.01554	0.01390	0.02045	0.02372	0.01145	0.03108	0.01799	0.04744	0.01472	0.01718	0.01145	0.00981	0.00654	0.00327	0.00818	0.00573	0.00654	0.01145
29	0.02776	0.02872	0.05674	0.04083	0.05112	0.02785	0.43121	0.12477	0.02952	0.03991	0.02213	0.02794	0.01640	0.00961	0.01213	0.00349	0.01668	0.01193	0.00631	0.01495
30	0.03669	0.02026	0.02801	0.02277	0.02733	0.02299	0.01890	0.04000	0.02404	0.32918	0.02941	0.03031	0.02074	0.01548	0.02127	0.00387	0.27423	0.01002	0.00935	0.01515
31	0.70310	0.02045	0.01554	0.01390	0.02045	0.02372	0.01145	0.03108	0.01799	0.04744	0.01472	0.01718	0.01145	0.00981	0.00654	0.00327	0.00818	0.00573	0.00654	0.01145
32	0.01325	0.00948	0.01260	0.01447	0.01542	0.00883	0.00984	0.01564	0.02195	0.02971	0.14622	0.52582	0.07519	0.03109	0.01331	0.00412	0.00593	0.02813	0.01014	0.00883
33	0.03756	0.04672	0.03185	0.03271	0.10970	0.50444	0.02218	0.04080	0.02911	0.02714	0.01686	0.02010	0.01407	0.01068	0.00967	0.00278	0.01812	0.00719	0.00542	0.01291
34	0.01250	0.01071	0.01071	0.01071	0.01428	0.00893	0.00803	0.01517	0.02410	0.02856	0.10711	0.10175	0.55817	0.02678	0.01250	0.00357	0.00536	0.02231	0.00982	0.00893
35	0.01704	0.01217	0.01704	0.01947	0.02191	0.01217	0.01704	0.02191	0.02434	0.03164	0.05598	0.11926	0.06085	0.02921	0.01460	0.00487	0.00974	0.49130	0.00974	0.00974
36	0.04103	0.11499	0.03243	0.02165	0.02986	0.07065	0.01818	0.24549	0.03704	0.23952	0.02904	0.02751	0.01997	0.01217	0.00997	0.00304	0.01121	0.00915	0.01021	0.01690
37	0.01538	0.01025	0.01153	0.01153	0.01153	0.01025	0.00641	0.01538	0.01538	0.02050	0.03331	0.06919	0.03844	0.62842	0.05382	0.01025	0.01025	0.01538	0.00641	0.00641
38	0.01971	0.00985	0.00985	0.00985	0.01232	0.00985	0.00739	0.02464	0.02217	0.03942	0.03449	0.03942	0.02710	0.01232	0.00739	0.00246	0.00493	0.00985	0.68712	0.00985
39	0.02617	0.02512	0.04292	0.06490	0.56246	0.02512	0.03245	0.03245	0.02407	0.03454	0.01989	0.02617	0.01675	0.00942	0.01047	0.00314	0.01256	0.00942	0.00523	0.01675
40	0.02679	0.51341	0.16384	0.02061	0.03103	0.03822	0.02248	0.03204	0.02166	0.02668	0.01559	0.01808	0.01353	0.00925	0.00747	0.00249	0.01221	0.00611	0.00451	0.01400
41	0.01538	0.01025	0.01153	0.01153	0.01153	0.01025	0.00641	0.01538	0.01538	0.02050	0.03331	0.06919	0.03844	0.62842	0.05382	0.01025	0.01025	0.01538	0.00641	0.00641
42	0.03950	0.05039	0.02996	0.02724	0.03269	0.58597	0.02043	0.04222	0.02996	0.02588	0.01634	0.01907	0.01362	0.01090	0.00953	0.00272	0.01907	0.00681	0.00545	0.01226
43	0.04744	0.01799	0.02454	0.01881	0.02699	0.01554	0.01554	0.05153	0.03026	0.56979	0.04171	0.03599	0.02617	0.01309	0.01063	0.00327	0.00900	0.01063	0.01309	0.01799
44	0.02553	0.02447	0.04176	0.12041	0.51195	0.02495	0.03213	0.03189	0.02377	0.03377	0.01977	0.02638	0.01647	0.00954	0.01048	0.00318	0.01272	0.00942	0.00518	0.01623
45	0.02630	0.02271	0.02391	0.02152	0.02749	0.02630	0.01674	0.05618	0.54336	0.04423	0.04303	0.03945	0.03228	0.01434	0.01076	0.00359	0.00837	0.01195	0.01076	0.01674
46	0.09631	0.02023	0.02512	0.01941	0.02751	0.01921	0.01603	0.13387	0.03275	0.44108	0.03677	0.03268	0.02360	0.01277	0.01031	0.00325	0.00940	0.01006	0.01214	0.01749
47	0.16810	0.24456	0.20541	0.02225	0.03233	0.10826	0.02358	0.03358	0.02220	0.03240	0.01627	0.01897	0.01308	0.00977	0.00813	0.00288	0.01308	0.00650	0.00505	0.01359
48	0.01508	0.01178	0.01500	0.01503	0.01672	0.01252	0.01118	0.01754	0.01932	0.02558	0.05388	0.12206	0.17471	0.17103	0.17660	0.00885	0.06302	0.05380	0.00754	0.00877
49	0.02397	0.02253	0.03755	0.05106	0.38820	0.02257	0.06142	0.03186	0.06648	0.03540	0.07518	0.08079	0.03004	0.01285	0.01106	0.00332	0.01136	0.01242	0.00666	0.01528
50	0.02998	0.15841	0.14623	0.02444	0.03481	0.02801	0.07388	0.15493	0.02973	0.08352	0.02172	0.02364	0.01623	0.01026	0.00944	0.00281	0.01218	0.00824	0.00706	0.12448
51	0.20837	0.26754	0.13140	0.02014	0.02957	0.03247	0.02033	0.11583	0.02549	0.03945	0.01726	0.01938	0.01372	0.01004	0.00793	0.00287	0.01129	0.00671	0.00608	0.01411
52	0.02049	0.01472	0.01744	0.01585	0.01985	0.01494	0.01217	0.03227	0.17465	0.08265	0.33737	0.06622	0.11006	0.01930	0.01185	0.00341	0.00628	0.01668	0.01136	0.01243
53	0.02021	0.01698	0.02010	0.01548	0.02322	0.01305	0.01201	0.02437	0.02161	0.03304	0.02626	0.13539	0.02593	0.01262	0.00890	0.00208	0.00751	0.01077	0.00694	0.56353
54	0.01448	0.01135	0.01326	0.01366	0.01622	0.01068	0.00989	0.01996	0.07268	0.03269	0.18850	0.26494	0.23960	0.02655	0.01266	0.00376	0.00581	0.02321	0.01032	0.00978
55	0.02127	0.01879	0.02521	0.21258	0.04107	0.01724	0.01817	0.02675	0.02166	0.03196	0.01879	0.02402	0.01514	0.00875	0.00875	0.00222	0.00993	0.00731	0.00574	0.46464
56	0.01496	0.01081	0.01413	0.01330	0.01580	0.00998	0.00998	0.01995	0.02993	0.04240	0.55689	0.07898	0.09976	0.02162	0.01247	0.00333	0.00499	0.01912	0.01164	0.00998
57	0.01998	0.02011	0.07104	0.09136	0.17975	0.01818	0.02157	0.02731	0.06538	0.03319	0.10925	0.13313	0.04258	0.06420	0.01485	0.00411	0.01018	0.05360	0.00762	0.01259
58	0.01319	0.01061	0.01182	0.01220	0.01514	0.00924	0.00914	0.01622	0.02439	0.03047	0.15948	0.17184	0.39422	0.02710	0.01277	0.00372	0.00570	0.05363	0.01007	0.00908
59	0.02777	0.02142	0.02633	0.17547	0.03910	0.02445	0.01972	0.12160	0.23986	0.08502	0.03284	0.03623	0.02510	0.06149	0.01407	0.00400	0.01062	0.01104	0.00897	0.01490
60	0.02837	0.01436	0.01840	0.01529	0.02084	0.01239	0.01211	0.03256	0.02840	0.25521	0.22415	0.06089	0.14385	0.01795	0.01136	0.00321	0.00692	0.01519	0.01149	0.06705
61	0.01610	0.01180	0.01539	0.01520	0.01666	0.01308	0.01081	0.02045	0.05795	0.02451	0.03145	0.05228	0.03163	0.29075	0.33092	0.01327	0.01962	0.01297	0.00636	0.00882
62	0.08907	0.02436	0.03160	0.07386	0.07827	0.02560	0.06667	0.20635	0.08645	0.11968	0.02666	0.02791	0.01925	0.01150	0.01022	0.00317	0.01121	0.00961	0.00886	0.06970
63	0.02827	0.63478	0.05540	0.01809	0.02714	0.04184	0.01809	0.03166	0.02148	0.02488	0.01470	0.01696	0.01357	0.00905	0.00678	0.00226	0.01131	0.00565	0.00452	0.01357
64	0.02617	0.02512	0.04292	0.06490	0.56246	0.02512	0.03245	0.03245	0.02407	0.03454	0.01989	0.02617	0.01675	0.00942	0.01047	0.00314	0.01256	0.00942	0.00523	0.01675
65	0.03474	0.02710	0.03017	0.02665	0.07299	0.03015	0.02002	0.34082	0.20206	0.05709	0.03047	0.02984	0.02235	0.01295	0.01063	0.00330	0.01069	0.01027	0.01021	0.01749
66	0.01526	0.01072	0.01393	0.01393	0.01475	0.01155	0.00939	0.01691	0.01608	0.02227	0.03112	0.05707	0.03318	0.38767	0.28736	0.01321	0.01817	0.01360	0.00608	0.00774
67	0.02297	0.13491	0.41930	0.03000	0.07589	0.02725	0.03380	0.03494	0.06349	0.03315	0.02031	0.02315	0.01513	0.01020	0.00965	0.00319	0.01422	0.00793	0.00502	0.01549
68	0.01764	0.00966	0.01449	0.01449	0.01491	0.01008	0.01008	0.01491	0.01449	0.01974	0.02058	0.03423	0.02016	0.04621	0.16275	0.54195	0.01345	0.00966	0.00483	0.00567
69	0.02182	0.16537	0.11118	0.07266	0.07562	0.02438	0.05567	0.03018	0.07288	0.03369	0.14701	0.04261	0.07662	0.01399	0.01033	0.00314	0.01057	0.01192	0.00722	0.01316
70	0.01545	0.01109	0.01543	0.01762	0.01939	0.01108	0.01422	0.01919	0.02221	0.02935	0.05390	0.27963	0.06034	0.03569	0.07323	0.00593	0.01045	0.28715	0.00934	0.00932
71	0.02611	0.02448	0.04107	0.17943	0.35067	0.02570	0.07643	0.08240	0.02614	0.03610	0.02035	0.02676	0.01621	0.00997	0.01069	0.00327	0.01330	0.00971	0.00568	0.01552
72	0.02618	0.02185	0.02361	0.02147	0.02717	0.02492	0.01705	0.08975	0.43328	0.04435	0.04335	0.04908	0.03497	0.01622	0.01126	0.00373	0.00882	0.07645	0.01061	0.01589
73	0.02192	0.01879	0.02192	0.01566	0.02506	0.01409	0.01253	0.02662	0.02192	0.03445	0.01879	0.02192	0.01566	0.00783	0.00783	0.00157	0.00783	0.00626	0.00626	0.69305
74	0.02192	0.01879	0.02192	0.01566	0.02506	0.01409	0.01253	0.02662	0.02192	0.03445	0.01879	0.02192	0.01566	0.00783	0.00783	0.00157	0.00783	0.00626	0.00626	0.69305
75	0.03700	0.02181	0.02543	0.02058	0.02776	0.02266	0.01663	0.17666	0.17803	0.24723	0.07952	0.03762	0.03166	0.01402	0.01080	0.00334	0.00920	0.01139	0.01166	0.01699
76	0.03577	0.02696	0.02911	0.02342	0.03094	0.02997	0.01922	0.39899	0.14116	0.05969	0.03109	0.03531	0.02400	0.01428	0.01092	0.00338	0.01087	0.04725	0.01055	0.01711
77	0.01629	0.01048	0.01546	0.01546	0.01654	0.01156	0.01129	0.01680	0.01572	0.02204	0.02509	0.04008	0.02437	0.10220	0.35365	0.25910	0.02019	0.01084	0.00533	0.00749
78	0.01422	0.00977	0.01187	0.01301	0.01329	0.00948	0.00798	0.01507	0.01763	0.02350	0.04485	0.32455	0.05300	0.35320	0.03517	0.00750	0.00835	0.02216	0.00798	0.00742
79	0.01274	0.01056	0.01115	0.01134	0.01451	0.00898	0.00838	0.01552	0.02418	0.02953	0.13867	0.15352	0.47051	0.02701	0.01260	0.00363	0.00541	0.02285	0.00997	0.00898
80	0.02855	0.02222	0.03651	0.05159	0.41157	0.02173	0.02713	0.03399	0.02477	0.12817	0.02770	0.08931	0.02390	0.01251	0.01081	0.00328	0.01127	0.01176	0.00709	0.01613
81	0.02465	0.02405	0.04241	0.18353	0.40028	0.02492	0.08247	0.03138	0.02351	0.03278	0.01980	0.02686	0.01608	0.00963	0.01070	0.00327	0.01345	0.00973	0.00513	0.01537
82	0.04485	0.01723	0.02316	0.01797	0.02562	0.01501	0.01478	0.04901	0.02951	0.52022	0.04104	0.03631	0.02626	0.01301	0.01033	0.00320	0.00862	0.01056	0.07608	0.01723
83	0.04328	0.01813	0.02366	0.01840	0.02612	0.01618	0.01511	0.08416	0.03111	0.47547	0.04721	0.04196	0.08043	0.01447	0.01082	0.00329	0.00882	0.01175	0.01256	0.01706
84	0.70310	0.02045	0.01554	0.01390	0.02045	0.02372	0.01145	0.03108	0.01799	0.04744	0.01472	0.01718	0.01145	0.00981	0.00654	0.00327	0.00818	0.00573	0.00654	0.01145
85	0.01463	0.01173	0.01779	0.01711	0.01949	0.01085	0.06276	0.01808	0.02354	0.03180	0.18695	0.37835	0.11165	0.02715	0.01305	0.00391	0.00698	0.02480	0.00982	0.00956
86	0.03585	0.07581	0.15077	0.02571	0.07511	0.02276	0.02281	0.08358	0.07685	0.27519	0.03160	0.03015	0.02150	0.01189	0.01020	0.00322	0.01109	0.00956	0.00945	0.01691
87	0.03071	0.02765	0.07660	0.22217	0.09119	0.02837	0.02577	0.27844	0.03579	0.04800	0.02220	0.02614	0.01620	0.01150	0.01052	0.00330	0.01286	0.00933	0.00767	0.01560
88	0.36191	0.02014	0.02081	0.01691	0.02433	0.02090	0.01395	0.08115	0.02598	0.27705	0.02739	0.02607	0.01842	0.01148	0.00866	0.00326	0.00882	0.00818	0.00973	0.01485
89	0.09609	0.02573	0.02847	0.02199	0.03022	0.02740	0.01816	0.35848	0.04188	0.20084	0.02892	0.02758	0.01966	0.01256	0.01026	0.00321	0.01064	0.00951	0.01093	0.01745
90	0.12943	0.14830	0.04118	0.02911	0.07736	0.03076	0.13140	0.16606	0.07275	0.04369	0.02181	0.02442	0.01679	0.01057	0.00965	0.00312	0.01224	0.00904	0.00719	0.01511
91	0.02364	0.02249	0.03703	0.27105	0.25415	0.02476	0.06311	0.03386	0.09905	0.03292	0.02295	0.02908	0.01792	0.01056	0.01069	0.00339	0.01292	0.00999	0.00584	0.01458
92	0.02466	0.01904	0.02233	0.01643	0.02544	0.01522	0.01315	0.03135	0.06499	0.08527	0.02290	0.02466	0.01799	0.00885	0.00833	0.00189	0.00798	0.00713	0.00727	0.57512
93	0.63465	0.02354	0.01703	0.01528	0.02171	0.08172	0.01238	0.03223	0.01923	0.04521	0.01489	0.01737	0.01167	0.00993	0.00685	0.00322	0.00930	0.00584	0.00643	0.01153
94	0.02313	0.02313	0.03238	0.02776	0.02776	0.03238	0.02313	0.02545	0.01619	0.02545	0.01388	0.02313	0.01388	0.01851	0.03470	0.00463	0.60907	0.00925	0.00463	0.01157
95	0.07932	0.08641	0.31055	0.02726	0.03895	0.02391	0.09991	0.03330	0.02373	0.07939	0.07601	0.02935	0.02360	0.01123	0.01015	0.00328	0.01335	0.00954	0.00622	0.01454
96	0.02240	0.01597	0.02117	0.02194	0.07623	0.01651	0.01518	0.06209	0.06727	0.08792	0.22529	0.09537	0.05760	0.06983	0.01697	0.00416	0.04785	0.05424	0.00980	0.01221
97	0.02830	0.01752	0.02178	0.02066	0.06589	0.01743	0.01485	0.11486	0.07341	0.15942	0.18812	0.05129	0.08625	0.01623	0.01098	0.00323	0.00787	0.01369	0.07417	0.01405
98	0.50993	0.01972	0.01819	0.01535	0.02238	0.02131	0.01266	0.03710	0.02161	0.20134	0.02267	0.02272	0.01579	0.01078	0.00775	0.00327	0.00842	0.00717	0.00847	0.01338
99	0.03127	0.02589	0.02554	0.02212	0.02778	0.10647	0.01747	0.08667	0.26330	0.11809	0.03866	0.03719	0.05997	0.01476	0.01313	0.00349	0.07206	0.01120	0.00962	0.01533
100	0.01297	0.01073	0.01136	0.01120	0.01457	0.00913	0.00840	0.01608	0.02521	0.03119	0.19264	0.09742	0.47100	0.02580	0.01249	0.00352	0.00529	0.02171	0.01016	0.00913
101	0.04007	0.03328	0.03142	0.02484	0.03277	0.13036	0.02015	0.44166	0.04623	0.05945	0.02379	0.02427	0.01721	0.01238	0.01039	0.00309	0.01295	0.00904	0.00967	0.01697
102	0.01555	0.00988	0.01322	0.01504	0.01624	0.00913	0.01026	0.01757	0.02102	0.06898	0.05699	0.57623	0.06655	0.03157	0.01327	0.00421	0.00636	0.02856	0.01007	0.00932
103	0.02617	0.02512	0.04292	0.06490	0.56246	0.02512	0.03245	0.03245	0.02407	0.03454	0.01989	0.02617	0.01675	0.00942	0.01047	0.00314	0.01256	0.00942	0.00523	0.01675
104	0.02313	0.02313	0.03238	0.02776	0.02776	0.03238	0.02313	0.02545	0.01619	0.02545	0.01388	0.02313	0.01388	0.01851	0.03470	0.00463	0.60907	0.00925	0.00463	0.01157
105	0.01659	0.01076	0.01284	0.01303	0.01574	0.00962	0.00949	0.01970	0.02412	0.07620	0.15209	0.25577	0.23120	0.02552	0.01219	0.00364	0.00581	0.02218	0.07368	0.00983
106	0.01510	0.01133	0.01699	0.01699	0.01888	0.01322	0.01322	0.01888	0.01699	0.02454	0.02832	0.04154	0.02643	0.07930	0.58652	0.01699	0.02832	0.01133	0.00566	0.00944
107	0.02136	0.05212	0.52960	0.02994	0.04430	0.02519	0.03777	0.03283	0.02182	0.03283	0.01856	0.02239	0.01343	0.01073	0.01205	0.00345	0.06391	0.00793	0.00448	0.01530
108	0.01250	0.01071	0.01071	0.01071	0.01428	0.00893	0.00803	0.01517	0.02410	0.02856	0.10711	0.10175	0.55817	0.02678	0.01250	0.00357	0.00536	0.02231	0.00982	0.00893
109	0.13057	0.01830	0.02340	0.01819	0.02616	0.01658	0.01502	0.04893	0.02871	0.50356	0.03829	0.03360	0.02431	0.01267	0.01011	0.00327	0.00889	0.01001	0.01226	0.01716
110	0.02196	0.02069	0.03561	0.17204	0.30175	0.02147	0.06511	0.02769	0.02270	0.03126	0.02770	0.14988	0.02710	0.01454	0.01127	0.00350	0.01198	0.01392	0.00607	0.01376
111	0.01717	0.01124	0.01454	0.01365	0.01653	0.01022	0.01025	0.02165	0.02872	0.08175	0.44082	0.12149	0.12698	0.02228	0.01241	0.00342	0.00543	0.01959	0.01146	0.01042
112	0.02617	0.02512	0.04292	0.06490	0.56246	0.02512	0.03245	0.03245	0.02407	0.03454	0.01989	0.02617	0.01675	0.00942	0.01047	0.00314	0.01256	0.00942	0.00523	0.01675
113	0.09753	0.02532	0.04445	0.07743	0.04421	0.02671	0.26470	0.07929	0.02531	0.08092	0.02137	0.02680	0.01610	0.01135	0.01491	0.00364	0.10891	0.01060	0.00644	0.01401
114	0.08089	0.02265	0.03837	0.28349	0.08966	0.02459	0.15194	0.07287	0.02514	0.07708	0.02155	0.02763	0.01583	0.01039	0.01073	0.00344	0.01385	0.00999	0.00620	0.01370
115	0.02741	0.57124	0.05296	0.07843	0.03185	0.03994	0.01925	0.03118	0.02145	0.02510	0.01512	0.01812	0.01362	0.00920	0.00717	0.00239	0.01159	0.00604	0.00454	0.01338
116	0.02040	0.07995	0.11491	0.02412	0.08119	0.01945	0.01984	0.02930	0.09067	0.03449	0.11585	0.12941	0.04405	0.01785	0.01117	0.00344	0.00957	0.07828	0.00808	0.06798
117	0.13453	0.02688	0.12156	0.01928	0.02897	0.02031	0.01820	0.07782	0.06720	0.04021	0.02079	0.02300	0.01616	0.00955	0.00852	0.00248	0.00969	0.00723	0.00676	0.34086

[dist]
# distance from previous block
# <min> <max>
0	2

[block]
# block no. 1 follows, 13 sequences, length 24
# corresponding to MSA columns:
# 127-150
name=unknown_B
#
# <colnr> <probs for GDERKNQSTAVLIFYWHMCP>
#	G	D	E	R	K	N	Q	S	T	A	V	L	I	F	Y	W	H	M	C	P
0	0.12215	0.02883	0.02605	0.02292	0.02654	0.18046	0.01803	0.09823	0.02489	0.03363	0.01962	0.06127	0.01815	0.01727	0.01986	0.07605	0.17860	0.00947	0.00627	0.01170
1	0.01608	0.01110	0.01362	0.01368	0.01657	0.00996	0.01039	0.01965	0.02566	0.06804	0.22930	0.18400	0.24198	0.02565	0.01277	0.00374	0.00608	0.07127	0.01059	0.00987
2	0.07513	0.06077	0.02683	0.02175	0.08218	0.01967	0.01567	0.07862	0.02465	0.03806	0.01901	0.02205	0.01556	0.00872	0.00822	0.00207	0.00897	0.00685	0.00650	0.45873
3	0.01839	0.01095	0.01478	0.01589	0.01793	0.01016	0.01167	0.02119	0.02285	0.10363	0.08800	0.43229	0.06450	0.02904	0.01319	0.00417	0.00698	0.09386	0.01037	0.01014
4	0.02248	0.03855	0.29560	0.04050	0.18673	0.02379	0.11601	0.03175	0.02339	0.03343	0.02691	0.03098	0.05974	0.01107	0.01077	0.00335	0.01430	0.01023	0.00527	0.01515
5	0.09426	0.03057	0.02945	0.02333	0.03119	0.10671	0.01898	0.37204	0.04246	0.11045	0.02493	0.02493	0.01768	0.01225	0.01011	0.00313	0.01212	0.00895	0.00980	0.01667
6	0.01618	0.01115	0.01343	0.01339	0.01643	0.00991	0.01015	0.01962	0.02548	0.07235	0.20950	0.17877	0.27454	0.02565	0.01269	0.00371	0.00602	0.06061	0.01054	0.00989
7	0.02118	0.01202	0.01387	0.01282	0.01622	0.01166	0.00981	0.02776	0.06426	0.09593	0.20821	0.05530	0.08062	0.01636	0.00990	0.00297	0.00565	0.01378	0.31047	0.01121
8	0.02413	0.02125	0.03124	0.19435	0.20687	0.02339	0.02454	0.08454	0.11251	0.03643	0.02935	0.11109	0.02610	0.01418	0.01097	0.00348	0.01129	0.01270	0.00721	0.01437
9	0.04093	0.03043	0.03075	0.02401	0.03213	0.08693	0.01962	0.42502	0.04554	0.11861	0.02629	0.02593	0.01845	0.01255	0.01048	0.00314	0.01209	0.00937	0.01034	0.01740
10	0.01357	0.01004	0.01268	0.01353	0.01532	0.00914	0.00957	0.01668	0.02438	0.03280	0.24600	0.33814	0.16345	0.02791	0.01296	0.00382	0.00559	0.02481	0.01047	0.00914
11	0.01399	0.01053	0.01313	0.01426	0.01644	0.00967	0.01079	0.01727	0.02398	0.03124	0.16443	0.26933	0.21479	0.02836	0.01324	0.00402	0.00642	0.11879	0.01014	0.00917
12	0.46740	0.02145	0.02009	0.01734	0.02307	0.02527	0.01426	0.10697	0.02267	0.04611	0.01739	0.02109	0.01395	0.01684	0.05709	0.00451	0.07812	0.00717	0.00689	0.01232
13	0.03132	0.02447	0.02896	0.02383	0.03098	0.02702	0.05834	0.16861	0.33910	0.09224	0.03689	0.03486	0.02699	0.01340	0.01084	0.00346	0.00998	0.01129	0.01047	0.01694
14	0.03261	0.01364	0.01668	0.01402	0.01914	0.01250	0.01118	0.03714	0.02594	0.28609	0.03785	0.03782	0.02667	0.01268	0.00890	0.00284	0.00682	0.01022	0.37363	0.01364
15	0.02289	0.02225	0.03919	0.33643	0.26211	0.02446	0.08070	0.02983	0.02267	0.03065	0.01948	0.02743	0.01533	0.00995	0.01072	0.00338	0.01387	0.00972	0.00497	0.01395
16	0.03967	0.02738	0.02997	0.02331	0.03148	0.02986	0.01915	0.41571	0.09912	0.12979	0.02937	0.02824	0.02055	0.01292	0.01060	0.00323	0.01095	0.00992	0.01092	0.01785
17	0.01646	0.01176	0.01638	0.01882	0.02100	0.01168	0.01604	0.02091	0.02377	0.03100	0.05630	0.18863	0.06210	0.02975	0.01445	0.00479	0.00924	0.42760	0.00975	0.00958
18	0.70310	0.02045	0.01554	0.01390	0.02045	0.02372	0.01145	0.03108	0.01799	0.04744	0.01472	0.01718	0.01145	0.00981	0.00654	0.00327	0.00818	0.00573	0.00654	0.01145
19	0.01367	0.01076	0.01233	0.01194	0.01500	0.00942	0.00896	0.01744	0.02687	0.03513	0.32050	0.09095	0.34068	0.02433	0.01248	0.00345	0.00518	0.02080	0.01068	0.00942
20	0.12338	0.02853	0.13754	0.17566	0.16800	0.02410	0.09683	0.03240	0.02262	0.06433	0.02013	0.02550	0.01514	0.01001	0.01013	0.00336	0.01340	0.00906	0.00561	0.01428
21	0.01468	0.01059	0.01388	0.01350	0.01573	0.00978	0.00995	0.01923	0.02859	0.04027	0.48802	0.15391	0.09564	0.02320	0.01261	0.00346	0.00515	0.02063	0.01139	0.00978
22	0.01761	0.01130	0.01443	0.01368	0.01664	0.01019	0.01023	0.02173	0.02777	0.09169	0.36975	0.15290	0.15552	0.02310	0.01243	0.00349	0.00561	0.02024	0.01127	0.01044
23	0.03532	0.18924	0.03428	0.12811	0.03551	0.02423	0.01865	0.03981	0.02558	0.28231	0.02844	0.02834	0.01973	0.01116	0.00937	0.00293	0.01052	0.00874	0.00870	0.05902

[dist]
# distance from previous block
# <min> <max>
0	12

# created by:
# /st0/software/busco_prod/Augustus/scripts/msa2prfl.pl ./align_prep/8327.fa
