[name]
unknown

[dist]
# distance from previous block
# <min> <max>
0	40

[block]
# block no. 0 follows, 12 sequences, length 17
# corresponding to MSA columns:
# 40-56
name=unknown_A
#
# <colnr> <probs for GDERKNQSTAVLIFYWHMCP>
#	G	D	E	R	K	N	Q	S	T	A	V	L	I	F	Y	W	H	M	C	P
0	0.12437	0.21011	0.03597	0.10934	0.07919	0.02904	0.02069	0.07922	0.02538	0.03608	0.02580	0.04181	0.02413	0.01420	0.00987	0.00339	0.01145	0.09983	0.00676	0.01336
1	0.03240	0.08104	0.10935	0.02284	0.03157	0.02701	0.02095	0.14726	0.20020	0.12870	0.03723	0.03549	0.04988	0.01371	0.01065	0.00340	0.01070	0.01089	0.00985	0.01689
2	0.03094	0.43940	0.13475	0.02080	0.03111	0.03614	0.02180	0.03604	0.02366	0.10705	0.02008	0.02135	0.01592	0.01012	0.00814	0.00267	0.01203	0.00697	0.00598	0.01503
3	0.13003	0.02345	0.03316	0.06479	0.03675	0.02337	0.11050	0.13342	0.03100	0.21139	0.02826	0.02904	0.01947	0.01151	0.01049	0.00329	0.01169	0.00994	0.00935	0.06909
4	0.01894	0.00947	0.01420	0.01420	0.01420	0.00947	0.00947	0.01420	0.01420	0.01894	0.01894	0.03314	0.01894	0.03788	0.04261	0.68277	0.00947	0.00947	0.00473	0.00473
5	0.02208	0.01663	0.02458	0.02151	0.02598	0.01650	0.08744	0.03194	0.13176	0.08944	0.12454	0.26074	0.05569	0.02233	0.01269	0.00390	0.00875	0.02050	0.01027	0.01273
6	0.03116	0.03287	0.08849	0.04143	0.23985	0.14479	0.02636	0.07271	0.02923	0.08102	0.08086	0.03189	0.02677	0.01211	0.01079	0.00320	0.01350	0.01019	0.00722	0.01555
7	0.09919	0.18314	0.29850	0.11049	0.04383	0.02934	0.03037	0.03279	0.02213	0.03301	0.01798	0.02200	0.01374	0.01017	0.00923	0.00320	0.01394	0.00752	0.00490	0.01452
8	0.01529	0.01112	0.01418	0.01418	0.01557	0.01168	0.00987	0.01737	0.01793	0.02418	0.04361	0.06419	0.11036	0.29869	0.27118	0.01251	0.01780	0.01514	0.00681	0.00834
9	0.08786	0.25454	0.33016	0.02508	0.03790	0.03157	0.02991	0.03363	0.02229	0.03273	0.01759	0.02055	0.01369	0.00997	0.00882	0.00305	0.01381	0.00706	0.00483	0.01495
10	0.02653	0.08317	0.33620	0.02821	0.04081	0.02389	0.08020	0.03612	0.02530	0.11893	0.07268	0.03107	0.02463	0.01180	0.01071	0.00338	0.01390	0.00996	0.00683	0.01566
11	0.03446	0.01480	0.01937	0.01641	0.02191	0.01321	0.01293	0.03860	0.02806	0.32311	0.10058	0.12902	0.04252	0.01745	0.01100	0.00338	0.00759	0.01482	0.13617	0.01460
12	0.02519	0.03661	0.22534	0.05435	0.37278	0.02570	0.03586	0.03384	0.02419	0.03524	0.02018	0.02559	0.01606	0.00994	0.01064	0.00331	0.01406	0.00913	0.00512	0.01687
13	0.02413	0.03360	0.16335	0.04062	0.05199	0.02600	0.37283	0.03362	0.02452	0.03408	0.02211	0.02915	0.01683	0.01518	0.05677	0.00473	0.01877	0.01178	0.00535	0.01460
14	0.01914	0.01280	0.01575	0.01638	0.01898	0.01257	0.01172	0.02601	0.10421	0.08514	0.06022	0.41496	0.10255	0.02834	0.01307	0.00414	0.00693	0.02523	0.01063	0.01124
15	0.03460	0.01602	0.02102	0.01802	0.02372	0.01472	0.01409	0.04088	0.07569	0.32449	0.10359	0.17881	0.04689	0.01953	0.01189	0.00366	0.00805	0.01685	0.01230	0.01519
16	0.09865	0.13861	0.04450	0.11457	0.04443	0.11816	0.17428	0.03610	0.02506	0.07635	0.02060	0.02503	0.01576	0.01027	0.01021	0.00322	0.01499	0.00926	0.00608	0.01387

[dist]
# distance from previous block
# <min> <max>
0	9

[block]
# block no. 1 follows, 12 sequences, length 14
# corresponding to MSA columns:
# 66-79
name=unknown_B
#
# <colnr> <probs for GDERKNQSTAVLIFYWHMCP>
#	G	D	E	R	K	N	Q	S	T	A	V	L	I	F	Y	W	H	M	C	P
0	0.02331	0.16888	0.46048	0.02861	0.04338	0.02886	0.03599	0.03416	0.02285	0.03277	0.01869	0.02192	0.01385	0.01015	0.00969	0.00323	0.01523	0.00762	0.00462	0.01569
1	0.03338	0.01809	0.02173	0.01830	0.02475	0.01767	0.01456	0.04534	0.17847	0.27011	0.09405	0.05375	0.12749	0.01709	0.01149	0.00353	0.00809	0.01421	0.01206	0.01586
2	0.01513	0.01675	0.09188	0.01646	0.01967	0.01169	0.01378	0.01866	0.02166	0.02938	0.10102	0.34332	0.10014	0.12495	0.02006	0.00514	0.00826	0.02343	0.00893	0.00970
3	0.02998	0.03957	0.24827	0.03348	0.04557	0.06644	0.19008	0.03905	0.02616	0.13758	0.02484	0.02768	0.01735	0.01066	0.01127	0.00346	0.01579	0.01016	0.00675	0.01586
4	0.01709	0.01402	0.01860	0.02295	0.09452	0.01387	0.01417	0.02372	0.09126	0.03165	0.06052	0.36479	0.13664	0.02691	0.01291	0.00403	0.00747	0.02406	0.00957	0.01128
5	0.01367	0.01108	0.01214	0.01187	0.01521	0.00954	0.00890	0.01717	0.02671	0.03387	0.24432	0.09767	0.40775	0.02597	0.01288	0.00360	0.00541	0.02199	0.01071	0.00954
6	0.02553	0.02839	0.04748	0.11280	0.04990	0.10380	0.29176	0.03267	0.02460	0.03119	0.02212	0.03016	0.01767	0.02167	0.10448	0.00582	0.01983	0.01139	0.00549	0.01324
7	0.02258	0.11145	0.51146	0.02987	0.04533	0.02705	0.03819	0.03435	0.02294	0.03367	0.01914	0.02248	0.01383	0.01026	0.01003	0.00334	0.01568	0.00784	0.00461	0.01591
8	0.02059	0.01938	0.03270	0.59060	0.07510	0.02422	0.03028	0.02786	0.02180	0.02786	0.01938	0.02907	0.01453	0.01090	0.01090	0.00363	0.01453	0.00969	0.00484	0.01211
9	0.03437	0.21319	0.12543	0.02593	0.03432	0.33403	0.02355	0.03900	0.02715	0.02769	0.01682	0.01961	0.01399	0.01056	0.00912	0.00278	0.01683	0.00686	0.00518	0.01359
10	0.11581	0.11507	0.02387	0.01661	0.02149	0.01948	0.01331	0.05798	0.02596	0.11228	0.12859	0.21744	0.04997	0.02036	0.01100	0.00354	0.00806	0.01719	0.00964	0.01237
11	0.13498	0.02690	0.06588	0.10796	0.11256	0.11893	0.02058	0.03064	0.02405	0.03480	0.03382	0.03729	0.09291	0.01327	0.00981	0.00323	0.01174	0.01046	0.09763	0.01258
12	0.02456	0.01740	0.02267	0.02014	0.02221	0.02035	0.01546	0.06513	0.02203	0.10081	0.03247	0.13509	0.03286	0.17241	0.05858	0.00648	0.19708	0.01497	0.00785	0.01143
13	0.02619	0.01921	0.02271	0.01881	0.02572	0.01769	0.01518	0.13235	0.02956	0.07382	0.03455	0.12583	0.03313	0.01692	0.01087	0.00305	0.00908	0.08824	0.00899	0.28809

[dist]
# distance from previous block
# <min> <max>
5	47

[block]
# block no. 2 follows, 12 sequences, length 28
# corresponding to MSA columns:
# 127-154
name=unknown_C
#
# <colnr> <probs for GDERKNQSTAVLIFYWHMCP>
#	G	D	E	R	K	N	Q	S	T	A	V	L	I	F	Y	W	H	M	C	P
0	0.04226	0.03226	0.03154	0.02484	0.03306	0.11178	0.02020	0.38638	0.04578	0.12230	0.02686	0.02655	0.01891	0.01286	0.01075	0.00322	0.01280	0.00954	0.01044	0.01767
1	0.02163	0.02044	0.03458	0.50564	0.15195	0.02450	0.03080	0.02877	0.02229	0.02912	0.01956	0.02873	0.01498	0.01071	0.01088	0.00357	0.01428	0.00969	0.00493	0.01295
2	0.01475	0.01117	0.01543	0.01905	0.05687	0.01053	0.01226	0.01752	0.02252	0.03016	0.10055	0.45937	0.09935	0.03064	0.01360	0.00424	0.00691	0.05545	0.00991	0.00971
3	0.02931	0.02451	0.02589	0.02263	0.02919	0.02814	0.01779	0.12728	0.45619	0.04914	0.04160	0.03847	0.03104	0.01453	0.01107	0.00363	0.00914	0.01194	0.01107	0.01745
4	0.04453	0.02470	0.11211	0.02129	0.03097	0.01753	0.01996	0.05012	0.02988	0.47168	0.03921	0.03483	0.02485	0.01299	0.01087	0.00339	0.01039	0.01049	0.01205	0.01816
5	0.03455	0.02649	0.10452	0.02246	0.03096	0.02267	0.02022	0.05265	0.26630	0.23637	0.04018	0.03671	0.02802	0.01364	0.01094	0.00354	0.00999	0.01118	0.01103	0.01758
6	0.13478	0.01757	0.02133	0.01738	0.02391	0.01675	0.01406	0.06934	0.03048	0.30446	0.18031	0.04618	0.04583	0.01547	0.01087	0.00338	0.00814	0.01264	0.01191	0.01520
7	0.02349	0.02383	0.03055	0.42933	0.06194	0.11183	0.02723	0.02976	0.02368	0.02825	0.02368	0.03907	0.02037	0.01331	0.01124	0.00367	0.01482	0.06640	0.00561	0.01194
8	0.02696	0.02074	0.03228	0.34829	0.13396	0.02351	0.02686	0.03651	0.08604	0.11697	0.02645	0.03148	0.01927	0.01162	0.01092	0.00354	0.01272	0.01022	0.00710	0.01458
9	0.02699	0.02591	0.04426	0.06693	0.54879	0.02591	0.03346	0.03346	0.02483	0.03562	0.02051	0.02699	0.01727	0.00972	0.01079	0.00324	0.01295	0.00972	0.00540	0.01727
10	0.02344	0.01207	0.01626	0.01638	0.01924	0.01090	0.01180	0.02600	0.02382	0.17843	0.05523	0.44653	0.05926	0.02827	0.01308	0.00413	0.00717	0.02529	0.01108	0.01162
11	0.40225	0.01994	0.01984	0.10893	0.03034	0.02308	0.01543	0.03381	0.09648	0.04437	0.08497	0.03079	0.02662	0.01244	0.00882	0.00347	0.00905	0.00917	0.00773	0.01248
12	0.03171	0.02315	0.02535	0.02195	0.02867	0.02581	0.01731	0.09049	0.41327	0.13017	0.04282	0.03904	0.03118	0.01446	0.01106	0.00361	0.00898	0.01192	0.01147	0.01756
13	0.01367	0.00965	0.01254	0.01469	0.01523	0.00911	0.00960	0.01528	0.02013	0.02684	0.05627	0.52967	0.06729	0.12077	0.02010	0.00534	0.00696	0.02875	0.00960	0.00852
14	0.40831	0.11871	0.02513	0.01675	0.02410	0.02656	0.01422	0.03846	0.08367	0.12017	0.02290	0.02338	0.01705	0.01107	0.00795	0.00324	0.00911	0.00743	0.00795	0.01383
15	0.14203	0.02176	0.02381	0.01967	0.02653	0.02316	0.01586	0.15653	0.13927	0.17016	0.11101	0.03885	0.03540	0.01447	0.01058	0.00343	0.00903	0.01149	0.01104	0.01592
16	0.02663	0.02605	0.08015	0.04811	0.29646	0.02334	0.10133	0.03477	0.05612	0.07878	0.02873	0.09777	0.02520	0.01321	0.01148	0.00350	0.01266	0.01286	0.00695	0.01590
17	0.01343	0.00975	0.01269	0.01474	0.01577	0.00900	0.01000	0.01567	0.02202	0.02929	0.10442	0.52690	0.11073	0.03267	0.01375	0.00429	0.00617	0.02944	0.01028	0.00900
18	0.03249	0.48910	0.05108	0.01967	0.02884	0.03969	0.01876	0.10553	0.02717	0.07255	0.01892	0.02028	0.01566	0.01021	0.00788	0.00255	0.01153	0.00681	0.00627	0.01502
19	0.06763	0.02838	0.11067	0.13384	0.15068	0.02540	0.02648	0.10802	0.09026	0.11151	0.02668	0.02918	0.01943	0.01167	0.01060	0.00343	0.01228	0.00976	0.00786	0.01623
20	0.01364	0.00975	0.01306	0.01559	0.01638	0.00917	0.01075	0.01580	0.02123	0.02824	0.05990	0.56890	0.07133	0.03382	0.01401	0.00448	0.00664	0.06825	0.01011	0.00896
21	0.02207	0.02885	0.17752	0.17992	0.04400	0.02179	0.02607	0.09837	0.02605	0.03567	0.03037	0.16065	0.02889	0.02078	0.04628	0.00457	0.01364	0.01424	0.00695	0.01332
22	0.03328	0.03327	0.09674	0.19043	0.04711	0.11647	0.02570	0.21102	0.03480	0.07320	0.02282	0.02619	0.01654	0.01184	0.01067	0.00333	0.01433	0.00918	0.00766	0.01542
23	0.07778	0.09127	0.02475	0.01789	0.02265	0.02050	0.01413	0.12450	0.02661	0.11336	0.02992	0.12281	0.02755	0.02310	0.01984	0.20095	0.00964	0.01255	0.00830	0.01191
24	0.01744	0.01273	0.01552	0.01635	0.01841	0.01259	0.01156	0.08913	0.02568	0.03403	0.05875	0.48593	0.09879	0.03055	0.01339	0.00420	0.00711	0.02726	0.01024	0.01032
25	0.02960	0.16564	0.22232	0.02535	0.03639	0.03174	0.02660	0.16761	0.11261	0.04370	0.02444	0.02556	0.01829	0.01160	0.00991	0.00320	0.01283	0.00875	0.00738	0.01650
26	0.10540	0.03021	0.11440	0.02413	0.03235	0.02797	0.02217	0.19354	0.10722	0.11853	0.02745	0.02811	0.01987	0.01337	0.01346	0.00357	0.08318	0.00960	0.00906	0.01642
27	0.03357	0.10603	0.03042	0.02067	0.02879	0.02627	0.01712	0.13268	0.18701	0.14556	0.03246	0.03103	0.02375	0.01233	0.00996	0.00301	0.00971	0.00970	0.00986	0.13007

[dist]
# distance from previous block
# <min> <max>
0	7

[block]
# block no. 3 follows, 12 sequences, length 41
# corresponding to MSA columns:
# 162-202
name=unknown_D
#
# <colnr> <probs for GDERKNQSTAVLIFYWHMCP>
#	G	D	E	R	K	N	Q	S	T	A	V	L	I	F	Y	W	H	M	C	P
0	0.15099	0.06545	0.02669	0.09243	0.03184	0.06365	0.04083	0.11619	0.02936	0.04212	0.11541	0.04446	0.10770	0.01527	0.01047	0.00334	0.01047	0.01225	0.00830	0.01281
1	0.01570	0.01224	0.01450	0.01523	0.01764	0.01201	0.01090	0.02280	0.10308	0.03333	0.13983	0.33948	0.16598	0.02802	0.01311	0.00401	0.00635	0.02477	0.01056	0.01046
2	0.03321	0.02924	0.02790	0.02382	0.03069	0.09909	0.01880	0.19391	0.32038	0.05019	0.03533	0.03359	0.02635	0.01382	0.01088	0.00346	0.01106	0.01089	0.01034	0.01706
3	0.02612	0.05045	0.47619	0.02924	0.04415	0.02386	0.03647	0.03746	0.02431	0.11658	0.02325	0.02524	0.01588	0.01085	0.01045	0.00344	0.01504	0.00851	0.00600	0.01650
4	0.02933	0.02981	0.03275	0.11549	0.10513	0.16692	0.06086	0.09027	0.02901	0.03554	0.02591	0.04011	0.02315	0.01369	0.01112	0.00333	0.01429	0.08215	0.00688	0.08427
5	0.02086	0.04928	0.47450	0.02835	0.04233	0.02296	0.03557	0.03234	0.02425	0.03598	0.10188	0.03221	0.02782	0.01224	0.01075	0.00345	0.01439	0.00989	0.00577	0.01520
6	0.02445	0.02140	0.03030	0.25048	0.13651	0.02396	0.02429	0.10305	0.09220	0.03784	0.03812	0.04169	0.10133	0.01415	0.01122	0.00353	0.01171	0.01215	0.00748	0.01418
7	0.03087	0.03508	0.02916	0.19842	0.04399	0.29083	0.02227	0.03841	0.09076	0.02903	0.02253	0.02929	0.01867	0.05908	0.01390	0.00378	0.01597	0.00921	0.00616	0.01260
8	0.02387	0.02113	0.03271	0.50168	0.06861	0.02573	0.02878	0.10405	0.02644	0.03428	0.02045	0.02862	0.01517	0.01125	0.01090	0.00358	0.01414	0.00971	0.00580	0.01312
9	0.02059	0.01938	0.03270	0.59060	0.07510	0.02422	0.03028	0.02786	0.02180	0.02786	0.01938	0.02907	0.01453	0.01090	0.01090	0.00363	0.01453	0.00969	0.00484	0.01211
10	0.02406	0.02666	0.11140	0.41822	0.06444	0.02590	0.03027	0.10505	0.02662	0.03528	0.02048	0.02771	0.01506	0.01116	0.01082	0.00355	0.01437	0.00947	0.00576	0.01372
11	0.13140	0.43843	0.04600	0.01813	0.02693	0.03609	0.01722	0.03578	0.02304	0.11257	0.01954	0.02061	0.01571	0.01010	0.00758	0.00265	0.01080	0.00665	0.00636	0.01438
12	0.02021	0.01701	0.02548	0.02295	0.02707	0.01723	0.09791	0.06156	0.10440	0.03544	0.04841	0.30771	0.05138	0.02478	0.01325	0.00419	0.00969	0.08977	0.00954	0.01203
13	0.01429	0.01072	0.01337	0.01434	0.01652	0.00980	0.01064	0.01767	0.02508	0.03304	0.19963	0.27666	0.20261	0.02882	0.01352	0.00405	0.00628	0.08288	0.01061	0.00947
14	0.02721	0.02675	0.11167	0.18118	0.04311	0.06283	0.02481	0.03319	0.02303	0.12774	0.02466	0.03056	0.01885	0.02440	0.10916	0.00599	0.09483	0.00979	0.00665	0.01357
15	0.15551	0.16244	0.11622	0.02407	0.03349	0.02746	0.09680	0.06206	0.02580	0.11393	0.06297	0.02859	0.02307	0.01144	0.00963	0.00320	0.01193	0.00934	0.00739	0.01464
16	0.01328	0.00949	0.01265	0.01518	0.01581	0.00886	0.01012	0.01518	0.02088	0.02783	0.06010	0.60969	0.07212	0.03416	0.01392	0.00443	0.00633	0.03100	0.01012	0.00886
17	0.02156	0.02037	0.03446	0.51086	0.14723	0.02448	0.03077	0.02871	0.02226	0.02904	0.01955	0.02875	0.01495	0.01072	0.01088	0.00357	0.01429	0.00969	0.00493	0.01290
18	0.06919	0.02657	0.02371	0.02068	0.02622	0.15624	0.01625	0.10530	0.06310	0.11935	0.17612	0.04779	0.04574	0.01621	0.01122	0.00335	0.01103	0.03810	0.01002	0.01379
19	0.02132	0.01908	0.03209	0.43339	0.09868	0.02245	0.05620	0.02832	0.02242	0.03075	0.02204	0.03067	0.01685	0.01098	0.01052	0.00344	0.01324	0.00996	0.10523	0.01235
20	0.21200	0.01855	0.02484	0.33984	0.05026	0.02226	0.02148	0.02726	0.01999	0.03287	0.02042	0.03214	0.01750	0.10106	0.01637	0.00459	0.01220	0.00953	0.00565	0.01120
21	0.02187	0.05640	0.56031	0.03108	0.04719	0.02532	0.04029	0.03453	0.02302	0.03453	0.01957	0.02302	0.01381	0.01036	0.01036	0.00345	0.01611	0.00806	0.00460	0.01611
22	0.14778	0.11807	0.11089	0.03148	0.07031	0.02714	0.18145	0.03680	0.02439	0.11800	0.02269	0.02581	0.01666	0.01023	0.01016	0.00332	0.01357	0.00948	0.00674	0.01503
23	0.01779	0.01351	0.01706	0.01816	0.02106	0.01374	0.01475	0.02624	0.10444	0.03513	0.12229	0.17591	0.10242	0.02711	0.01381	0.00442	0.00828	0.24245	0.01048	0.01096
24	0.01995	0.01992	0.03942	0.03078	0.03700	0.01864	0.26621	0.02600	0.02465	0.03351	0.10245	0.24429	0.04754	0.01983	0.01324	0.00391	0.01236	0.02025	0.00800	0.01204
25	0.02398	0.01995	0.06470	0.02079	0.02640	0.01747	0.05230	0.09014	0.06356	0.09737	0.05184	0.19586	0.11527	0.02612	0.05216	0.00482	0.01093	0.04373	0.00961	0.01301
26	0.03298	0.02460	0.03144	0.11435	0.11822	0.02668	0.02246	0.26862	0.03740	0.08670	0.02981	0.10227	0.02521	0.01496	0.01128	0.00348	0.01161	0.01258	0.00922	0.01614
27	0.01347	0.01018	0.01251	0.01427	0.01596	0.00922	0.01009	0.01585	0.02238	0.02867	0.07520	0.42220	0.21463	0.03189	0.01369	0.00424	0.00635	0.06003	0.01012	0.00905
28	0.21095	0.02362	0.03475	0.12860	0.33350	0.02526	0.02700	0.03226	0.02265	0.03818	0.01887	0.02472	0.01536	0.01000	0.00969	0.00333	0.01193	0.00865	0.00569	0.01501
29	0.12563	0.02425	0.09665	0.34315	0.05603	0.02311	0.02657	0.03331	0.02295	0.11496	0.02249	0.02787	0.01599	0.01112	0.01022	0.00353	0.01300	0.00912	0.00646	0.01359
30	0.03095	0.12081	0.09720	0.02523	0.03428	0.12552	0.05936	0.12231	0.10897	0.03976	0.02367	0.02539	0.01833	0.01111	0.00984	0.00293	0.01318	0.00867	0.00727	0.11522
31	0.17489	0.02504	0.03330	0.02542	0.03377	0.06133	0.14210	0.03474	0.05163	0.06943	0.02155	0.02502	0.01667	0.01028	0.01083	0.00300	0.04041	0.00878	0.00682	0.20499
32	0.33402	0.02644	0.02631	0.02103	0.02892	0.06666	0.05410	0.16579	0.02957	0.05011	0.01938	0.02169	0.01472	0.01071	0.00876	0.00312	0.01099	0.00768	0.00769	0.09231
33	0.11490	0.02450	0.03410	0.09208	0.03861	0.02651	0.10227	0.14268	0.02874	0.07161	0.02142	0.02571	0.01635	0.01197	0.01402	0.00338	0.10001	0.00934	0.00732	0.11447
34	0.15076	0.02533	0.10214	0.01955	0.02822	0.02040	0.01816	0.10788	0.02914	0.19545	0.04098	0.03956	0.10165	0.01420	0.01021	0.00329	0.00988	0.01104	0.00955	0.06259
35	0.12050	0.16473	0.06940	0.01956	0.02851	0.06498	0.01772	0.03982	0.02560	0.21424	0.02586	0.02562	0.01852	0.01090	0.00894	0.00283	0.01080	0.00795	0.00832	0.11520
36	0.02202	0.02284	0.09706	0.39188	0.05936	0.02170	0.02756	0.02944	0.02398	0.06900	0.09921	0.03668	0.02851	0.01272	0.01113	0.00356	0.01296	0.01107	0.00650	0.01282
37	0.02632	0.16394	0.13107	0.06105	0.03175	0.02387	0.02073	0.03440	0.06357	0.11742	0.16920	0.04190	0.04211	0.01429	0.01046	0.00321	0.01030	0.01167	0.00856	0.01419
38	0.03815	0.01792	0.02332	0.01938	0.02607	0.01679	0.01596	0.08069	0.05968	0.34574	0.10803	0.05494	0.04174	0.01714	0.01182	0.00364	0.00904	0.08135	0.01245	0.01615
39	0.02397	0.01497	0.01855	0.01727	0.02168	0.01401	0.01284	0.03132	0.10311	0.13741	0.04814	0.31821	0.04864	0.02309	0.01201	0.00368	0.00754	0.02040	0.01040	0.11274
40	0.01729	0.01285	0.01565	0.01588	0.01807	0.01307	0.01163	0.02468	0.10307	0.03426	0.18538	0.17861	0.06581	0.15819	0.02270	0.00551	0.00788	0.08920	0.00999	0.01025

[dist]
# distance from previous block
# <min> <max>
0	20

[block]
# block no. 4 follows, 12 sequences, length 35
# corresponding to MSA columns:
# 223-257
name=unknown_E
#
# <colnr> <probs for GDERKNQSTAVLIFYWHMCP>
#	G	D	E	R	K	N	Q	S	T	A	V	L	I	F	Y	W	H	M	C	P
0	0.18167	0.02261	0.07241	0.01836	0.02597	0.01972	0.01612	0.03747	0.11791	0.11845	0.11343	0.03675	0.03407	0.01317	0.00977	0.00315	0.00873	0.01043	0.00916	0.13065
1	0.02270	0.02021	0.03067	0.25783	0.09035	0.02207	0.05593	0.06685	0.07346	0.03462	0.02935	0.12552	0.02674	0.01480	0.01126	0.00351	0.01188	0.01338	0.00705	0.08185
2	0.02239	0.04835	0.42709	0.08753	0.05151	0.02559	0.11714	0.03395	0.02335	0.03395	0.01996	0.02466	0.01434	0.01022	0.01083	0.00351	0.01634	0.00901	0.00478	0.01549
3	0.02646	0.02217	0.02403	0.02062	0.02724	0.02398	0.01616	0.08784	0.35641	0.04572	0.08680	0.04038	0.03590	0.01426	0.01075	0.00329	0.00849	0.01185	0.01040	0.12726
4	0.02888	0.18622	0.25306	0.02514	0.03588	0.11834	0.02703	0.03598	0.02479	0.08394	0.02356	0.06770	0.01973	0.01241	0.00979	0.00314	0.01417	0.00941	0.00612	0.01471
5	0.03089	0.02525	0.11597	0.08130	0.03628	0.02001	0.05869	0.04135	0.10324	0.21329	0.11870	0.04129	0.03633	0.01404	0.01134	0.00349	0.01086	0.01216	0.00991	0.01562
6	0.02574	0.03208	0.16524	0.02452	0.03330	0.02665	0.02330	0.05180	0.39627	0.04270	0.03787	0.03605	0.02817	0.01363	0.01090	0.00363	0.01059	0.01121	0.00939	0.01696
7	0.04182	0.02849	0.16572	0.02246	0.03291	0.01847	0.02239	0.04825	0.02906	0.41939	0.03686	0.03341	0.02353	0.01267	0.01081	0.00339	0.01107	0.01020	0.01116	0.01792
8	0.09160	0.08731	0.32636	0.02655	0.03957	0.02466	0.06334	0.03278	0.02261	0.03554	0.01892	0.02242	0.01427	0.00973	0.00946	0.00302	0.01358	0.00769	0.00525	0.14532
9	0.01529	0.01806	0.10513	0.06334	0.02571	0.01280	0.01672	0.01940	0.02130	0.02895	0.05015	0.46639	0.05788	0.02837	0.01309	0.00420	0.00860	0.02550	0.00879	0.01032
10	0.02953	0.39268	0.13418	0.02217	0.03205	0.07405	0.02245	0.07380	0.06821	0.03230	0.01936	0.02121	0.01596	0.01039	0.00840	0.00274	0.01271	0.00715	0.00576	0.01489
11	0.04113	0.09810	0.03323	0.02473	0.03218	0.25561	0.01988	0.19251	0.03651	0.12780	0.02398	0.02440	0.01761	0.01200	0.01007	0.00300	0.01469	0.00844	0.00850	0.01563
12	0.02728	0.08252	0.03524	0.30742	0.05387	0.02565	0.06264	0.03776	0.10778	0.11185	0.02692	0.03107	0.01965	0.01165	0.01070	0.00347	0.01276	0.01018	0.00724	0.01435
13	0.45348	0.02335	0.02078	0.01778	0.02482	0.02676	0.01449	0.13185	0.10979	0.05231	0.02221	0.02321	0.01671	0.01149	0.00830	0.00341	0.00918	0.00775	0.00830	0.01405
14	0.01352	0.00997	0.01272	0.01481	0.01610	0.00918	0.01033	0.01578	0.02186	0.02845	0.06866	0.48793	0.15336	0.03274	0.01382	0.00434	0.00645	0.06085	0.01012	0.00900
15	0.01365	0.00975	0.01307	0.01560	0.01639	0.00917	0.01075	0.01581	0.02123	0.02824	0.05990	0.56839	0.07132	0.03382	0.01401	0.00448	0.00664	0.06871	0.01011	0.00896
16	0.10760	0.03255	0.09782	0.03939	0.04989	0.07196	0.36890	0.03525	0.02506	0.03591	0.02059	0.02665	0.01553	0.00957	0.01166	0.00355	0.01709	0.01113	0.00560	0.01430
17	0.01405	0.00991	0.01291	0.01502	0.01570	0.00943	0.01013	0.01588	0.02038	0.02710	0.05564	0.48184	0.06598	0.13054	0.02091	0.00549	0.00732	0.06364	0.00953	0.00858
18	0.02574	0.02941	0.06434	0.04596	0.05699	0.02757	0.50919	0.03493	0.02574	0.03493	0.02206	0.02941	0.01654	0.00919	0.01287	0.00368	0.01838	0.01287	0.00551	0.01471
19	0.02368	0.07272	0.08288	0.22304	0.05545	0.02845	0.19692	0.03091	0.02245	0.03037	0.01917	0.02701	0.01511	0.01150	0.01538	0.00372	0.11242	0.01037	0.00504	0.01342
20	0.03067	0.11481	0.05421	0.03696	0.04651	0.13741	0.31324	0.03749	0.02662	0.06533	0.02142	0.02633	0.01636	0.00989	0.01134	0.00330	0.01713	0.01062	0.00593	0.01444
21	0.01786	0.01345	0.01621	0.01562	0.01862	0.01336	0.01160	0.06043	0.08029	0.04049	0.28984	0.21360	0.11758	0.02437	0.01281	0.00373	0.00637	0.02143	0.01118	0.01117
22	0.01686	0.01204	0.01675	0.01927	0.02147	0.01194	0.01633	0.02136	0.02440	0.03183	0.05812	0.20377	0.06431	0.03079	0.01487	0.00492	0.00942	0.40165	0.01005	0.00984
23	0.02507	0.02312	0.03839	0.37969	0.10513	0.02633	0.10064	0.10339	0.02714	0.03579	0.02091	0.02851	0.01567	0.01088	0.01119	0.00355	0.01459	0.01019	0.00592	0.01391
24	0.02496	0.03995	0.23882	0.10248	0.05360	0.07132	0.24215	0.03467	0.02471	0.03328	0.02041	0.02624	0.01511	0.00998	0.01147	0.00352	0.01721	0.01026	0.00511	0.01475
25	0.02574	0.02941	0.06434	0.04596	0.05699	0.02757	0.50919	0.03493	0.02574	0.03493	0.02206	0.02941	0.01654	0.00919	0.01287	0.00368	0.01838	0.01287	0.00551	0.01471
26	0.02915	0.62337	0.05714	0.01866	0.02799	0.04314	0.01866	0.03265	0.02215	0.02565	0.01516	0.01749	0.01399	0.00933	0.00700	0.00233	0.01166	0.00583	0.00466	0.01399
27	0.02588	0.09664	0.26301	0.15829	0.04693	0.02449	0.03034	0.03449	0.02400	0.10747	0.02561	0.03415	0.01994	0.01246	0.01062	0.00350	0.01380	0.04715	0.00640	0.01481
28	0.02525	0.15515	0.40431	0.02888	0.04295	0.02805	0.06157	0.03547	0.02357	0.06836	0.02050	0.02334	0.01490	0.01032	0.00993	0.00326	0.01497	0.00813	0.00527	0.01581
29	0.01328	0.00949	0.01265	0.01518	0.01581	0.00886	0.01012	0.01518	0.02088	0.02783	0.06010	0.60969	0.07212	0.03416	0.01392	0.00443	0.00633	0.03100	0.01012	0.00886
30	0.02521	0.10652	0.38574	0.02759	0.04086	0.02685	0.03270	0.03941	0.10745	0.06881	0.02473	0.02629	0.01790	0.01119	0.01018	0.00337	0.01398	0.00872	0.00626	0.01624
31	0.03025	0.19084	0.13383	0.02662	0.03604	0.03042	0.09846	0.10502	0.02824	0.09784	0.05202	0.02805	0.02166	0.01207	0.01224	0.00326	0.06111	0.00959	0.00716	0.01529
32	0.01468	0.01049	0.01426	0.01678	0.01803	0.01006	0.01255	0.01760	0.02225	0.02940	0.05932	0.45081	0.06906	0.03284	0.01429	0.00462	0.00754	0.17607	0.01009	0.00924
33	0.02901	0.04697	0.36786	0.02889	0.04231	0.02842	0.03315	0.20886	0.03332	0.04700	0.02198	0.02417	0.01554	0.01135	0.01056	0.00339	0.01461	0.00870	0.00690	0.01700
34	0.02565	0.02654	0.03551	0.35629	0.19573	0.11576	0.02961	0.03197	0.02413	0.02975	0.01926	0.02695	0.01519	0.01064	0.01069	0.00339	0.01496	0.00925	0.00512	0.01359

[dist]
# distance from previous block
# <min> <max>
0	5

[block]
# block no. 5 follows, 12 sequences, length 46
# corresponding to MSA columns:
# 263-308
name=unknown_F
#
# <colnr> <probs for GDERKNQSTAVLIFYWHMCP>
#	G	D	E	R	K	N	Q	S	T	A	V	L	I	F	Y	W	H	M	C	P
0	0.02700	0.02573	0.04283	0.06366	0.51080	0.02600	0.03228	0.03525	0.06164	0.03635	0.02225	0.02799	0.01844	0.01009	0.01082	0.00327	0.01264	0.00991	0.00581	0.01727
1	0.02385	0.02385	0.03340	0.02863	0.02863	0.03340	0.02385	0.02624	0.01670	0.02624	0.01431	0.02385	0.01431	0.01908	0.03578	0.00477	0.59685	0.00954	0.00477	0.01193
2	0.01314	0.01106	0.01140	0.01131	0.01488	0.00931	0.00849	0.01614	0.02546	0.03089	0.15386	0.10258	0.50007	0.02708	0.01288	0.00366	0.00548	0.02268	0.01031	0.00931
3	0.17855	0.01906	0.02344	0.01838	0.02648	0.01772	0.01518	0.04890	0.02866	0.45434	0.03742	0.03321	0.02394	0.01282	0.01012	0.00337	0.00911	0.00995	0.01214	0.01720
4	0.01358	0.00994	0.01276	0.01444	0.01576	0.00913	0.00992	0.01609	0.02295	0.03055	0.14278	0.46405	0.13496	0.03148	0.01362	0.00418	0.00604	0.02823	0.01042	0.00913
5	0.03950	0.02091	0.03147	0.08089	0.03678	0.02016	0.08746	0.04875	0.10478	0.35227	0.03788	0.03575	0.02521	0.01282	0.01125	0.00349	0.01100	0.01131	0.01113	0.01717
6	0.01391	0.01109	0.01246	0.01212	0.01535	0.00964	0.00909	0.01762	0.02726	0.03517	0.28379	0.09552	0.36747	0.02548	0.01288	0.00358	0.00537	0.02169	0.01088	0.00964
7	0.48560	0.03093	0.02077	0.01872	0.02511	0.19936	0.01476	0.03571	0.02249	0.04183	0.01572	0.01833	0.01252	0.01048	0.00773	0.00319	0.01201	0.00626	0.00639	0.01207
8	0.02187	0.05640	0.56031	0.03108	0.04719	0.02532	0.04029	0.03453	0.02302	0.03453	0.01957	0.02302	0.01381	0.01036	0.01036	0.00345	0.01611	0.00806	0.00460	0.01611
9	0.02187	0.05640	0.56031	0.03108	0.04719	0.02532	0.04029	0.03453	0.02302	0.03453	0.01957	0.02302	0.01381	0.01036	0.01036	0.00345	0.01611	0.00806	0.00460	0.01611
10	0.02247	0.01231	0.01609	0.01536	0.01875	0.01103	0.01141	0.02594	0.02661	0.16035	0.19784	0.27001	0.11821	0.02513	0.01280	0.00381	0.00662	0.02214	0.01147	0.01164
11	0.02797	0.48690	0.12157	0.02068	0.03061	0.03914	0.02143	0.03544	0.07313	0.02885	0.01868	0.02056	0.01590	0.01002	0.00786	0.00262	0.01196	0.00678	0.00530	0.01461
12	0.01328	0.00949	0.01265	0.01518	0.01581	0.00886	0.01012	0.01518	0.02088	0.02783	0.06010	0.60969	0.07212	0.03416	0.01392	0.00443	0.00633	0.03100	0.01012	0.00886
13	0.02458	0.02600	0.04532	0.03530	0.03955	0.03115	0.21089	0.02959	0.02018	0.02959	0.01730	0.02600	0.01517	0.01527	0.02695	0.00435	0.37392	0.01082	0.00506	0.01300
14	0.03353	0.03026	0.02767	0.06736	0.03375	0.15855	0.01941	0.09815	0.27152	0.09246	0.03380	0.03287	0.02506	0.01333	0.01074	0.00340	0.01216	0.01045	0.00951	0.01600
15	0.02059	0.01938	0.03270	0.59060	0.07510	0.02422	0.03028	0.02786	0.02180	0.02786	0.01938	0.02907	0.01453	0.01090	0.01090	0.00363	0.01453	0.00969	0.00484	0.01211
16	0.01328	0.00949	0.01265	0.01518	0.01581	0.00886	0.01012	0.01518	0.02088	0.02783	0.06010	0.60969	0.07212	0.03416	0.01392	0.00443	0.00633	0.03100	0.01012	0.00886
17	0.01328	0.00949	0.01265	0.01518	0.01581	0.00886	0.01012	0.01518	0.02088	0.02783	0.06010	0.60969	0.07212	0.03416	0.01392	0.00443	0.00633	0.03100	0.01012	0.00886
18	0.07780	0.52174	0.10457	0.01958	0.02940	0.03997	0.02032	0.03279	0.02197	0.02827	0.01560	0.01806	0.01381	0.00949	0.00732	0.00252	0.01187	0.00606	0.00481	0.01404
19	0.09509	0.50495	0.10447	0.01949	0.02926	0.03945	0.02018	0.03278	0.02188	0.02890	0.01561	0.01808	0.01375	0.00951	0.00732	0.00255	0.01179	0.00607	0.00487	0.01399
20	0.01360	0.00962	0.01256	0.01478	0.01533	0.00907	0.00969	0.01526	0.02026	0.02701	0.05694	0.54360	0.06813	0.10569	0.01902	0.00518	0.00685	0.02914	0.00969	0.00858
21	0.03081	0.29807	0.18896	0.02450	0.03564	0.03157	0.06531	0.03743	0.02449	0.13446	0.02249	0.02391	0.01674	0.01043	0.00920	0.00296	0.01297	0.00805	0.00648	0.01554
22	0.02507	0.30581	0.33897	0.02561	0.03874	0.03316	0.03077	0.03370	0.02264	0.03063	0.01763	0.02059	0.01389	0.00991	0.00888	0.00296	0.01415	0.00708	0.00463	0.01518
23	0.02839	0.54121	0.09375	0.02145	0.03139	0.04078	0.05446	0.03294	0.02247	0.02694	0.01596	0.01872	0.01416	0.00939	0.00765	0.00251	0.01245	0.00648	0.00472	0.01419
24	0.01543	0.01115	0.01457	0.01372	0.01629	0.01029	0.01029	0.02058	0.03086	0.04372	0.54304	0.08145	0.10288	0.02229	0.01286	0.00343	0.00514	0.01972	0.01200	0.01029
25	0.02824	0.39354	0.20480	0.02302	0.03431	0.03687	0.02532	0.08228	0.02539	0.03271	0.01760	0.02003	0.01440	0.01002	0.00840	0.00276	0.01302	0.00690	0.00528	0.01509
26	0.11355	0.01577	0.02073	0.13160	0.03030	0.01793	0.01619	0.02436	0.02556	0.03912	0.29814	0.05483	0.06136	0.01788	0.01441	0.00363	0.08014	0.01450	0.00893	0.01107
27	0.03102	0.02536	0.02685	0.02298	0.02984	0.02894	0.01820	0.18159	0.39909	0.05190	0.03943	0.03673	0.02927	0.01433	0.01104	0.00358	0.00955	0.01164	0.01104	0.01761
28	0.16247	0.02463	0.03243	0.16271	0.04226	0.07191	0.08294	0.03365	0.02242	0.09740	0.02043	0.02586	0.01568	0.01271	0.01581	0.00374	0.14414	0.00923	0.00642	0.01317
29	0.11953	0.02787	0.02940	0.02335	0.03131	0.03088	0.01936	0.41226	0.04505	0.06325	0.02748	0.03328	0.02143	0.01416	0.01075	0.00343	0.01140	0.04850	0.01032	0.01700
30	0.02566	0.02262	0.03023	0.40679	0.06000	0.08961	0.02644	0.03185	0.02421	0.08224	0.02527	0.03801	0.02051	0.01311	0.01119	0.00364	0.01418	0.05548	0.00634	0.01263
31	0.01394	0.01014	0.01329	0.01556	0.01680	0.00949	0.01114	0.01642	0.02195	0.02877	0.06469	0.48148	0.11724	0.03286	0.01400	0.00445	0.00684	0.10177	0.01011	0.00908
32	0.02903	0.02080	0.03379	0.32216	0.18149	0.02266	0.02762	0.03537	0.02483	0.15763	0.02538	0.03050	0.01823	0.01123	0.01089	0.00347	0.01287	0.01000	0.00707	0.01495
33	0.03807	0.01920	0.02765	0.20455	0.04318	0.01953	0.02074	0.04532	0.06646	0.34595	0.03547	0.03478	0.02344	0.01276	0.01095	0.00348	0.01093	0.01066	0.01051	0.01637
34	0.04450	0.01763	0.02355	0.01837	0.02623	0.01519	0.01508	0.04854	0.03043	0.49166	0.05130	0.04544	0.09051	0.01523	0.01120	0.00341	0.00882	0.01244	0.01308	0.01741
35	0.02762	0.02335	0.03702	0.02934	0.03616	0.02465	0.17387	0.04251	0.20492	0.10117	0.03573	0.09318	0.02927	0.01525	0.01437	0.00383	0.06966	0.01397	0.00889	0.01522
36	0.03261	0.02322	0.03510	0.22630	0.12624	0.02486	0.06054	0.13515	0.03076	0.15676	0.02646	0.02999	0.01872	0.01163	0.01104	0.00344	0.01287	0.01024	0.00818	0.01586
37	0.02253	0.01982	0.03011	0.33271	0.12347	0.02258	0.02531	0.08562	0.02606	0.03411	0.03371	0.09351	0.07528	0.01501	0.01139	0.00362	0.01227	0.01318	0.00673	0.01300
38	0.02538	0.01301	0.01714	0.01580	0.01974	0.01160	0.01192	0.02898	0.02729	0.20343	0.19078	0.23749	0.10564	0.02368	0.01259	0.00375	0.00689	0.02076	0.01173	0.01242
39	0.02531	0.02420	0.04123	0.20400	0.42480	0.02547	0.03263	0.03200	0.02404	0.03359	0.02021	0.02753	0.01655	0.01003	0.01082	0.00334	0.01337	0.00971	0.00525	0.01592
40	0.09173	0.02123	0.03452	0.15463	0.04263	0.02397	0.12737	0.03017	0.02203	0.08334	0.02655	0.10988	0.02403	0.01577	0.01672	0.00395	0.13882	0.01311	0.00677	0.01278
41	0.01449	0.01072	0.01354	0.01366	0.01592	0.00976	0.00993	0.01845	0.02743	0.03751	0.35438	0.21657	0.16516	0.02609	0.01313	0.00372	0.00550	0.02305	0.01124	0.00976
42	0.01533	0.01112	0.01420	0.01550	0.01718	0.01089	0.01164	0.01808	0.02133	0.02779	0.05851	0.20505	0.13235	0.16772	0.07872	0.00716	0.01054	0.15916	0.00888	0.00885
43	0.02821	0.03101	0.15078	0.18380	0.12270	0.02679	0.02944	0.12226	0.02822	0.07858	0.02216	0.02698	0.01646	0.01203	0.01327	0.00356	0.07220	0.00944	0.00666	0.01543
44	0.02718	0.06154	0.03642	0.28012	0.10480	0.08017	0.06143	0.03474	0.05655	0.07440	0.02241	0.02828	0.01712	0.01167	0.01256	0.00350	0.05742	0.00969	0.00614	0.01386
45	0.08627	0.02504	0.02736	0.02144	0.02935	0.02652	0.01761	0.32392	0.04161	0.16127	0.03915	0.03745	0.08432	0.01474	0.01086	0.00335	0.01040	0.01139	0.01104	0.01692

[dist]
# distance from previous block
# <min> <max>
1	7

[block]
# block no. 6 follows, 12 sequences, length 13
# corresponding to MSA columns:
# 316-328
name=unknown_G
#
# <colnr> <probs for GDERKNQSTAVLIFYWHMCP>
#	G	D	E	R	K	N	Q	S	T	A	V	L	I	F	Y	W	H	M	C	P
0	0.36189	0.02409	0.02614	0.02243	0.02886	0.08375	0.09768	0.03177	0.02256	0.04055	0.02575	0.04272	0.02390	0.01443	0.00992	0.00372	0.01171	0.10899	0.00713	0.01200
1	0.01860	0.01201	0.01344	0.01379	0.01611	0.01231	0.00989	0.02617	0.09719	0.03630	0.07354	0.21765	0.04728	0.06271	0.01373	0.00390	0.00638	0.01775	0.29066	0.01057
2	0.01886	0.01317	0.01795	0.02245	0.11291	0.01288	0.01330	0.02314	0.02377	0.03611	0.13653	0.15667	0.05006	0.07351	0.01482	0.00394	0.00729	0.01642	0.23530	0.01093
3	0.01570	0.01209	0.01435	0.01502	0.01745	0.01173	0.01102	0.02174	0.08096	0.03257	0.13885	0.25527	0.18434	0.07065	0.01634	0.00453	0.00691	0.07018	0.01024	0.01006
4	0.01960	0.01156	0.01433	0.01438	0.01582	0.01113	0.00968	0.02106	0.01976	0.08930	0.04306	0.17747	0.04701	0.36338	0.03739	0.00787	0.00953	0.07027	0.00852	0.00890
5	0.08027	0.01205	0.01452	0.01493	0.01768	0.01137	0.01078	0.02204	0.02356	0.09649	0.11436	0.36138	0.12511	0.02726	0.01265	0.00399	0.00665	0.02395	0.01044	0.01052
6	0.01469	0.01109	0.01406	0.01562	0.01719	0.01099	0.01094	0.01938	0.06454	0.02925	0.06050	0.44520	0.11264	0.03714	0.07616	0.00575	0.00900	0.02641	0.00973	0.00971
7	0.02013	0.01333	0.01627	0.01599	0.01962	0.01253	0.01264	0.05779	0.02756	0.08904	0.12999	0.17819	0.21065	0.02611	0.01320	0.00402	0.00749	0.12360	0.01074	0.01111
8	0.01979	0.01464	0.01691	0.01507	0.01868	0.01445	0.01137	0.10986	0.03162	0.04278	0.30072	0.07460	0.16587	0.09446	0.01773	0.00432	0.00715	0.01806	0.01077	0.01115
9	0.02175	0.01480	0.01797	0.01670	0.02082	0.01474	0.01313	0.03208	0.13731	0.09938	0.27433	0.07513	0.12001	0.02118	0.01254	0.00370	0.00701	0.07329	0.01154	0.01259
10	0.01328	0.00949	0.01265	0.01518	0.01581	0.00886	0.01012	0.01518	0.02088	0.02783	0.06010	0.60969	0.07212	0.03416	0.01392	0.00443	0.00633	0.03100	0.01012	0.00886
11	0.01980	0.01296	0.01612	0.01494	0.01847	0.01223	0.01132	0.02663	0.07502	0.09887	0.34618	0.12091	0.13933	0.02228	0.01258	0.00356	0.00608	0.01942	0.01170	0.01161
12	0.02348	0.01354	0.01727	0.01553	0.01960	0.01256	0.01191	0.02974	0.06470	0.15808	0.31399	0.11886	0.11413	0.02128	0.01240	0.00355	0.00647	0.01851	0.01195	0.01244

[dist]
# distance from previous block
# <min> <max>
6	8

[block]
# block no. 7 follows, 12 sequences, length 6
# corresponding to MSA columns:
# 337-342
name=unknown_H
#
# <colnr> <probs for GDERKNQSTAVLIFYWHMCP>
#	G	D	E	R	K	N	Q	S	T	A	V	L	I	F	Y	W	H	M	C	P
0	0.02293	0.02140	0.03479	0.10229	0.36380	0.02147	0.02675	0.02874	0.02513	0.03466	0.08612	0.04535	0.11232	0.01401	0.01135	0.00337	0.01112	0.01288	0.00677	0.01477
1	0.01508	0.01784	0.10314	0.01678	0.02090	0.01193	0.01481	0.01957	0.02399	0.03252	0.16233	0.31542	0.15113	0.02663	0.01293	0.00393	0.00756	0.02348	0.00960	0.01041
2	0.03305	0.02631	0.11860	0.02866	0.11551	0.02030	0.02239	0.09791	0.03077	0.21916	0.09846	0.04197	0.06914	0.01438	0.01120	0.00338	0.01062	0.01206	0.00988	0.01624
3	0.07145	0.01799	0.02438	0.22801	0.04158	0.02089	0.02002	0.03135	0.10558	0.06573	0.03890	0.14137	0.07055	0.01777	0.01311	0.00384	0.05221	0.01483	0.00793	0.01251
4	0.02299	0.01990	0.02828	0.03469	0.19836	0.02126	0.02051	0.08303	0.02532	0.03467	0.04079	0.12974	0.10397	0.08407	0.01995	0.00450	0.09192	0.01548	0.00750	0.01309
5	0.01771	0.01366	0.01800	0.01735	0.01750	0.01602	0.01232	0.01822	0.01708	0.02382	0.03342	0.18356	0.03830	0.25019	0.03878	0.08871	0.16324	0.01706	0.00674	0.00832

[dist]
# distance from previous block
# <min> <max>
0	5

# created by:
# /st0/software/busco_prod/Augustus/scripts/msa2prfl.pl ./align_prep/8331.fa
