[name]
unknown

[dist]
# distance from previous block
# <min> <max>
0	223

[block]
# block no. 0 follows, 12 sequences, length 17
# corresponding to MSA columns:
# 223-239
name=unknown_A
#
# <colnr> <probs for GDERKNQSTAVLIFYWHMCP>
#	G	D	E	R	K	N	Q	S	T	A	V	L	I	F	Y	W	H	M	C	P
0	0.01571	0.01114	0.01475	0.01475	0.01574	0.01213	0.01018	0.01769	0.01670	0.02326	0.03174	0.05686	0.03335	0.34482	0.31888	0.01411	0.02004	0.01373	0.00622	0.00820
1	0.07425	0.01535	0.01740	0.01569	0.01903	0.01575	0.01129	0.07705	0.06452	0.09424	0.12512	0.10345	0.04724	0.24046	0.02776	0.00616	0.00895	0.01560	0.00942	0.01124
2	0.01575	0.01151	0.01429	0.01575	0.01704	0.01154	0.01094	0.02061	0.07324	0.02879	0.05269	0.38106	0.06008	0.15629	0.02264	0.00573	0.00789	0.07531	0.00946	0.00938
3	0.17386	0.02862	0.02933	0.02291	0.03123	0.03191	0.01891	0.41493	0.04463	0.06470	0.02395	0.02446	0.01718	0.01249	0.01006	0.00329	0.01127	0.00902	0.01006	0.01718
4	0.02978	0.02283	0.02473	0.02185	0.02829	0.02576	0.01711	0.05735	0.46825	0.10802	0.04421	0.04024	0.03251	0.01463	0.01108	0.00366	0.00871	0.01216	0.01139	0.01742
5	0.25995	0.02121	0.02093	0.01811	0.02395	0.02344	0.01437	0.20262	0.03127	0.05098	0.03033	0.14913	0.02838	0.01654	0.00986	0.00350	0.00902	0.01302	0.05988	0.01350
6	0.01328	0.00949	0.01265	0.01518	0.01581	0.00886	0.01012	0.01518	0.02088	0.02783	0.06010	0.60969	0.07212	0.03416	0.01392	0.00443	0.00633	0.03100	0.01012	0.00886
7	0.04371	0.02395	0.02828	0.02200	0.03033	0.02441	0.01807	0.24175	0.08859	0.30617	0.03625	0.03299	0.02415	0.01346	0.01095	0.00336	0.01033	0.01063	0.01220	0.01842
8	0.01407	0.00998	0.01314	0.01516	0.01603	0.00945	0.01041	0.01629	0.02151	0.02882	0.09500	0.47439	0.07052	0.09043	0.01804	0.00501	0.00697	0.06603	0.00991	0.00885
9	0.01652	0.01056	0.01368	0.01368	0.01411	0.01099	0.00884	0.01626	0.01583	0.02154	0.02957	0.05600	0.03200	0.36148	0.16692	0.17131	0.01443	0.01342	0.00599	0.00685
10	0.04073	0.05197	0.03090	0.02809	0.03371	0.57303	0.02107	0.04354	0.03090	0.02669	0.01685	0.01966	0.01404	0.01124	0.00983	0.00281	0.01966	0.00702	0.00562	0.01264
11	0.02638	0.02529	0.04317	0.11624	0.50418	0.02575	0.03316	0.03294	0.02454	0.03489	0.02040	0.02718	0.01701	0.00983	0.01080	0.00328	0.01310	0.00971	0.00535	0.01679
12	0.02754	0.02203	0.08649	0.02341	0.03055	0.01759	0.09451	0.03544	0.07331	0.17774	0.04929	0.15254	0.09674	0.01903	0.01222	0.00379	0.01047	0.04334	0.00980	0.01416
13	0.01499	0.01159	0.01386	0.01485	0.01702	0.01114	0.01052	0.02070	0.07957	0.03208	0.12755	0.36881	0.17840	0.02910	0.01324	0.00406	0.00626	0.02576	0.01046	0.01004
14	0.01536	0.01081	0.01379	0.01421	0.01568	0.01033	0.01005	0.01843	0.02410	0.03310	0.25276	0.18809	0.07485	0.18963	0.02508	0.00578	0.00742	0.07164	0.00992	0.00896
15	0.61411	0.02224	0.01807	0.01565	0.02264	0.02560	0.01290	0.09075	0.02255	0.05134	0.01653	0.01875	0.01263	0.01048	0.00726	0.00336	0.00887	0.00638	0.00726	0.01263
16	0.02804	0.02388	0.04049	0.04909	0.31580	0.02354	0.10093	0.03660	0.06875	0.09519	0.07973	0.03532	0.02851	0.01179	0.01137	0.00338	0.01220	0.01160	0.00749	0.01629

[dist]
# distance from previous block
# <min> <max>
4	65

[block]
# block no. 1 follows, 12 sequences, length 26
# corresponding to MSA columns:
# 305-330
name=unknown_B
#
# <colnr> <probs for GDERKNQSTAVLIFYWHMCP>
#	G	D	E	R	K	N	Q	S	T	A	V	L	I	F	Y	W	H	M	C	P
0	0.04624	0.01777	0.02388	0.01853	0.02642	0.01548	0.01524	0.05054	0.03043	0.50802	0.04232	0.03744	0.02708	0.01342	0.01065	0.00330	0.00888	0.01089	0.07571	0.01777
1	0.02261	0.01938	0.02261	0.01615	0.02584	0.01453	0.01292	0.02745	0.02261	0.03553	0.01938	0.02261	0.01615	0.00807	0.00807	0.00161	0.00807	0.00646	0.00646	0.68346
2	0.01414	0.01023	0.01264	0.01421	0.01535	0.00960	0.00968	0.01603	0.02077	0.02704	0.06238	0.36981	0.14023	0.16011	0.02294	0.00570	0.00744	0.06382	0.00935	0.00852
3	0.01391	0.00975	0.01247	0.01438	0.01486	0.00928	0.00926	0.01535	0.01965	0.02620	0.05381	0.47819	0.06418	0.17649	0.02407	0.00593	0.00736	0.02730	0.00926	0.00831
4	0.01551	0.01114	0.01544	0.01770	0.01934	0.01107	0.01394	0.01906	0.02249	0.02980	0.05578	0.32497	0.06310	0.03725	0.07275	0.00607	0.01043	0.23505	0.00964	0.00950
5	0.03534	0.02618	0.02830	0.02324	0.03074	0.02917	0.01870	0.26001	0.27421	0.09900	0.03616	0.03392	0.02619	0.01392	0.01100	0.00348	0.01018	0.01109	0.01121	0.01794
6	0.13782	0.02692	0.02890	0.02246	0.03084	0.02912	0.01855	0.35645	0.04275	0.15719	0.02773	0.02699	0.01915	0.01273	0.01031	0.00331	0.01097	0.00946	0.01079	0.01756
7	0.01764	0.01212	0.01491	0.01496	0.01767	0.01201	0.01160	0.02473	0.07103	0.04000	0.27120	0.12123	0.07197	0.02203	0.01211	0.00363	0.00638	0.09695	0.14712	0.01071
8	0.02574	0.02941	0.06434	0.04596	0.05699	0.02757	0.50919	0.03493	0.02574	0.03493	0.02206	0.02941	0.01654	0.00919	0.01287	0.00368	0.01838	0.01287	0.00551	0.01471
9	0.01586	0.01057	0.01189	0.01189	0.01189	0.01057	0.00661	0.01586	0.01586	0.02114	0.03436	0.07135	0.03964	0.61681	0.05550	0.01057	0.01057	0.01586	0.00661	0.00661
10	0.03241	0.01482	0.01920	0.01657	0.02170	0.01320	0.01287	0.03554	0.02622	0.29989	0.05373	0.10828	0.10975	0.12547	0.01970	0.00491	0.00878	0.05212	0.01123	0.01360
11	0.02008	0.01221	0.01596	0.01703	0.01955	0.01195	0.01386	0.02410	0.02365	0.07592	0.04993	0.12818	0.05180	0.11241	0.01946	0.00529	0.00907	0.27042	0.10893	0.01019
12	0.02574	0.02941	0.06434	0.04596	0.05699	0.02757	0.50919	0.03493	0.02574	0.03493	0.02206	0.02941	0.01654	0.00919	0.01287	0.00368	0.01838	0.01287	0.00551	0.01471
13	0.01905	0.01582	0.02148	0.01987	0.02136	0.01949	0.01555	0.02325	0.05606	0.02650	0.03207	0.04333	0.06745	0.08801	0.23096	0.08031	0.19093	0.01212	0.00622	0.01016
14	0.07830	0.01270	0.01580	0.01535	0.01844	0.01203	0.01121	0.02532	0.02479	0.13532	0.16948	0.28347	0.06364	0.06439	0.01528	0.00430	0.00707	0.02123	0.01071	0.01118
15	0.01418	0.01050	0.01308	0.01478	0.01642	0.00975	0.01070	0.01667	0.02213	0.02849	0.06937	0.35619	0.17965	0.08291	0.01752	0.00489	0.00717	0.10685	0.00980	0.00895
16	0.04892	0.01856	0.02530	0.01940	0.02783	0.01603	0.01603	0.05314	0.03121	0.55634	0.04302	0.03711	0.02699	0.01350	0.01096	0.00337	0.00928	0.01096	0.01350	0.01856
17	0.02702	0.02221	0.03313	0.30182	0.13436	0.02573	0.02680	0.08227	0.07849	0.07977	0.02448	0.02996	0.01837	0.01215	0.01273	0.00360	0.05547	0.01008	0.00692	0.01465
18	0.03580	0.01616	0.02155	0.01832	0.02409	0.01489	0.01462	0.04117	0.06763	0.33084	0.08694	0.09135	0.03972	0.01987	0.01501	0.07439	0.00873	0.05238	0.01172	0.01484
19	0.02325	0.01309	0.01579	0.01467	0.01844	0.01243	0.01113	0.02963	0.06920	0.13586	0.17047	0.14752	0.10476	0.02026	0.01134	0.00343	0.00643	0.01741	0.16283	0.01207
20	0.01388	0.00996	0.01258	0.01415	0.01514	0.00930	0.00942	0.01587	0.02142	0.02849	0.10858	0.42671	0.11135	0.12556	0.02037	0.00525	0.00682	0.02675	0.00975	0.00867
21	0.20484	0.02112	0.02729	0.07034	0.03185	0.02342	0.06819	0.10246	0.02643	0.08109	0.06518	0.03703	0.02637	0.01598	0.01508	0.04935	0.06923	0.04389	0.00792	0.01295
22	0.02903	0.01947	0.02347	0.07608	0.02883	0.02086	0.01604	0.20815	0.03189	0.09077	0.03296	0.12624	0.03084	0.12084	0.02222	0.07551	0.01061	0.01418	0.00905	0.01295
23	0.50197	0.01981	0.01751	0.01498	0.02185	0.02138	0.01222	0.03270	0.02129	0.09771	0.06321	0.02557	0.02151	0.01128	0.00783	0.00320	0.00820	0.00764	0.00784	0.08232
24	0.01606	0.01217	0.01805	0.01682	0.01899	0.01141	0.06107	0.01780	0.02100	0.02771	0.09834	0.23041	0.13045	0.13913	0.02571	0.10865	0.00862	0.02066	0.00834	0.00861
25	0.08332	0.01241	0.01410	0.01356	0.01694	0.01160	0.01010	0.02088	0.02535	0.03793	0.24057	0.17482	0.14236	0.02223	0.01162	0.00343	0.00601	0.01915	0.06648	0.06712

[dist]
# distance from previous block
# <min> <max>
2	11

[block]
# block no. 2 follows, 12 sequences, length 84
# corresponding to MSA columns:
# 342-387,390-427
name=unknown_C
#
# <colnr> <probs for GDERKNQSTAVLIFYWHMCP>
#	G	D	E	R	K	N	Q	S	T	A	V	L	I	F	Y	W	H	M	C	P
0	0.16906	0.02366	0.02861	0.07831	0.11725	0.02559	0.02031	0.12575	0.07171	0.04430	0.02182	0.02524	0.01711	0.01140	0.01136	0.00317	0.05390	0.00856	0.00734	0.13555
1	0.02713	0.14072	0.08389	0.24588	0.09565	0.02737	0.02590	0.06794	0.02532	0.07885	0.02127	0.02610	0.01613	0.01061	0.00988	0.00312	0.01282	0.00867	0.00617	0.06657
2	0.10533	0.03541	0.25539	0.16861	0.04710	0.02295	0.02919	0.03315	0.02276	0.07529	0.02079	0.02496	0.01505	0.01044	0.00984	0.00327	0.01331	0.00825	0.00584	0.09307
3	0.02424	0.03407	0.21690	0.07097	0.07711	0.02284	0.06995	0.08914	0.02758	0.03956	0.08204	0.03149	0.02580	0.01158	0.01061	0.00312	0.01276	0.01002	0.00672	0.13351
4	0.01622	0.01314	0.02025	0.01869	0.02189	0.01226	0.07171	0.02080	0.02632	0.03572	0.24757	0.21774	0.11802	0.02534	0.01345	0.00397	0.00780	0.08849	0.01028	0.01033
5	0.03047	0.02296	0.02598	0.01952	0.02856	0.02137	0.01581	0.17629	0.07117	0.08360	0.02505	0.02612	0.01897	0.01048	0.00936	0.00240	0.00937	0.00824	0.00865	0.38563
6	0.02670	0.01574	0.01979	0.01758	0.02065	0.01654	0.01301	0.11291	0.08287	0.08005	0.02543	0.03313	0.02128	0.02847	0.03030	0.41837	0.00981	0.01000	0.00740	0.00996
7	0.14730	0.09913	0.12852	0.15366	0.04374	0.02754	0.06711	0.06673	0.02374	0.03674	0.01858	0.02360	0.01442	0.01078	0.01106	0.00330	0.04811	0.00830	0.00575	0.06188
8	0.02724	0.18708	0.07955	0.06065	0.03064	0.02644	0.01904	0.08974	0.07634	0.08546	0.16330	0.04082	0.04125	0.01432	0.01033	0.00315	0.01006	0.01155	0.00875	0.01430
9	0.01683	0.01077	0.01578	0.01578	0.01683	0.01182	0.01145	0.01720	0.01615	0.02259	0.02593	0.04197	0.02538	0.11594	0.33067	0.26029	0.02023	0.01126	0.00551	0.00761
10	0.01915	0.01072	0.01413	0.01444	0.01558	0.01047	0.01007	0.01911	0.01868	0.05723	0.03628	0.13980	0.03827	0.17150	0.03314	0.23885	0.00893	0.06904	0.06686	0.00775
11	0.02004	0.01786	0.02965	0.49455	0.06512	0.02183	0.02688	0.02608	0.02183	0.02830	0.06008	0.03351	0.02180	0.01418	0.01387	0.06391	0.01335	0.01045	0.00539	0.01132
12	0.03116	0.02519	0.03245	0.08184	0.09831	0.07203	0.06462	0.08249	0.13156	0.12401	0.03182	0.07406	0.02553	0.01442	0.01318	0.00360	0.05751	0.01208	0.00868	0.01545
13	0.01475	0.01083	0.01381	0.01367	0.01602	0.00990	0.01002	0.01902	0.02835	0.03918	0.40502	0.17965	0.14913	0.02506	0.01305	0.00364	0.00540	0.02214	0.01144	0.00990
14	0.02710	0.01344	0.01786	0.01594	0.02004	0.01208	0.01206	0.03088	0.02785	0.22382	0.22652	0.17361	0.06461	0.06425	0.01546	0.00413	0.00727	0.01861	0.01177	0.01271
15	0.02261	0.01938	0.02261	0.01615	0.02584	0.01453	0.01292	0.02745	0.02261	0.03553	0.01938	0.02261	0.01615	0.00807	0.00807	0.00161	0.00807	0.00646	0.00646	0.68346
16	0.02863	0.03244	0.02309	0.02122	0.02538	0.30392	0.01591	0.03256	0.03088	0.03483	0.26849	0.04921	0.05653	0.01652	0.01128	0.00311	0.01272	0.01309	0.00867	0.01152
17	0.69383	0.02109	0.01603	0.01434	0.02109	0.02446	0.01181	0.03205	0.01856	0.04892	0.01518	0.01771	0.01181	0.01012	0.00675	0.00337	0.00843	0.00590	0.00675	0.01181
18	0.02803	0.01460	0.01873	0.01637	0.02083	0.01368	0.01246	0.03422	0.07217	0.21906	0.22177	0.10807	0.06007	0.08937	0.01714	0.00436	0.00764	0.01656	0.01164	0.01323
19	0.03793	0.01658	0.02139	0.01741	0.02364	0.01518	0.01376	0.04378	0.06549	0.36474	0.08596	0.04565	0.03578	0.08510	0.01607	0.00417	0.00864	0.01235	0.07078	0.01558
20	0.02255	0.01822	0.02127	0.02118	0.02560	0.02015	0.01741	0.04103	0.28807	0.03940	0.05076	0.08004	0.04738	0.02212	0.01299	0.00433	0.00930	0.23378	0.01059	0.01381
21	0.63784	0.02087	0.01683	0.01478	0.02167	0.02373	0.01217	0.03388	0.01965	0.09297	0.01760	0.01940	0.01313	0.01041	0.00711	0.00337	0.00851	0.00634	0.00733	0.01239
22	0.01406	0.01004	0.01354	0.01606	0.01704	0.00952	0.01146	0.01652	0.02164	0.02870	0.05967	0.52199	0.07043	0.03343	0.01412	0.00453	0.00700	0.11107	0.01011	0.00907
23	0.02915	0.62337	0.05714	0.01866	0.02799	0.04314	0.01866	0.03265	0.02215	0.02565	0.01516	0.01749	0.01399	0.00933	0.00700	0.00233	0.01166	0.00583	0.00466	0.01399
24	0.01289	0.01105	0.01105	0.01105	0.01473	0.00920	0.00828	0.01565	0.02485	0.02946	0.11046	0.10493	0.54437	0.02761	0.01289	0.00368	0.00552	0.02301	0.01013	0.00920
25	0.46111	0.02123	0.02002	0.01666	0.02404	0.02299	0.01374	0.08005	0.02487	0.18860	0.02372	0.02373	0.01653	0.01130	0.00826	0.00336	0.00898	0.00762	0.00895	0.01424
26	0.01379	0.00970	0.01250	0.01454	0.01505	0.00919	0.00943	0.01531	0.01989	0.02653	0.05507	0.50448	0.06577	0.14803	0.02204	0.00563	0.00716	0.02804	0.00943	0.00842
27	0.04145	0.03054	0.03272	0.02509	0.03381	0.03381	0.02072	0.51243	0.05127	0.06872	0.02618	0.02618	0.01854	0.01309	0.01091	0.00327	0.01200	0.00982	0.01091	0.01854
28	0.03869	0.04850	0.02973	0.02739	0.03273	0.52372	0.02076	0.04170	0.03039	0.02721	0.02045	0.02875	0.01833	0.01290	0.01029	0.00300	0.01882	0.04823	0.00601	0.01241
29	0.01548	0.01186	0.01655	0.01936	0.05645	0.01196	0.01300	0.01850	0.02067	0.02779	0.05215	0.26278	0.10747	0.08998	0.17473	0.00848	0.01383	0.06096	0.00828	0.00970
30	0.04145	0.03054	0.03272	0.02509	0.03381	0.03381	0.02072	0.51243	0.05127	0.06872	0.02618	0.02618	0.01854	0.01309	0.01091	0.00327	0.01200	0.00982	0.01091	0.01854
31	0.01328	0.00949	0.01265	0.01518	0.01581	0.00886	0.01012	0.01518	0.02088	0.02783	0.06010	0.60969	0.07212	0.03416	0.01392	0.00443	0.00633	0.03100	0.01012	0.00886
32	0.02036	0.01330	0.01692	0.01510	0.01865	0.01262	0.01160	0.06166	0.03248	0.09017	0.45943	0.07330	0.08973	0.02081	0.01254	0.00341	0.00604	0.01819	0.01205	0.01165
33	0.01558	0.01078	0.01346	0.01366	0.01423	0.01126	0.00876	0.01677	0.01669	0.02278	0.03498	0.10560	0.03885	0.42831	0.19091	0.01195	0.01523	0.01592	0.00668	0.00762
34	0.01335	0.01106	0.01168	0.01153	0.01501	0.00940	0.00865	0.01654	0.02594	0.03203	0.18840	0.10070	0.46482	0.02665	0.01288	0.00364	0.00545	0.02242	0.01046	0.00940
35	0.03169	0.02730	0.02712	0.02335	0.03011	0.06918	0.01840	0.16984	0.37346	0.04995	0.03782	0.03552	0.02820	0.01411	0.01095	0.00353	0.01028	0.01131	0.01064	0.01724
36	0.01431	0.01028	0.01357	0.01448	0.01604	0.00954	0.01020	0.01776	0.02565	0.03543	0.29105	0.35707	0.08683	0.02848	0.01341	0.00395	0.00576	0.02560	0.01102	0.00954
37	0.04145	0.03054	0.03272	0.02509	0.03381	0.03381	0.02072	0.51243	0.05127	0.06872	0.02618	0.02618	0.01854	0.01309	0.01091	0.00327	0.01200	0.00982	0.01091	0.01854
38	0.01688	0.01183	0.01332	0.01302	0.01382	0.01210	0.00793	0.02022	0.06534	0.02540	0.07945	0.06935	0.04453	0.50868	0.04763	0.00931	0.00992	0.01586	0.00750	0.00793
39	0.01558	0.01168	0.01752	0.01752	0.01947	0.01363	0.01363	0.01947	0.01752	0.02531	0.02921	0.04283	0.02726	0.08178	0.57360	0.01752	0.02921	0.01168	0.00584	0.00974
40	0.02382	0.01996	0.02181	0.01980	0.02495	0.02237	0.01529	0.04740	0.38859	0.04508	0.18500	0.05218	0.05291	0.01691	0.01159	0.00362	0.00765	0.01441	0.01135	0.01529
41	0.01575	0.01128	0.01534	0.01700	0.01897	0.01087	0.01350	0.01987	0.02531	0.03403	0.18204	0.25722	0.07576	0.02933	0.01416	0.00444	0.00769	0.22712	0.01056	0.00975
42	0.02525	0.01338	0.01534	0.01386	0.01786	0.01321	0.01072	0.03321	0.08522	0.13248	0.13181	0.04758	0.04227	0.01486	0.00959	0.00299	0.00625	0.01233	0.35932	0.01249
43	0.02699	0.02591	0.04426	0.06693	0.54879	0.02591	0.03346	0.03346	0.02483	0.03562	0.02051	0.02699	0.01727	0.00972	0.01079	0.00324	0.01295	0.00972	0.00540	0.01727
44	0.03525	0.02608	0.02821	0.02320	0.03068	0.02905	0.01865	0.25468	0.27801	0.10057	0.03636	0.03408	0.02634	0.01394	0.01100	0.00348	0.01015	0.01112	0.01122	0.01793
45	0.03423	0.02556	0.02762	0.02299	0.03028	0.02855	0.01840	0.22153	0.31245	0.09929	0.03769	0.03513	0.02741	0.01406	0.01102	0.00352	0.00990	0.01130	0.01124	0.01784
46	0.02865	0.02267	0.02470	0.02107	0.02716	0.02518	0.01666	0.18443	0.27045	0.05205	0.15554	0.04590	0.04517	0.01604	0.01145	0.00351	0.00882	0.01331	0.01125	0.01601
47	0.01801	0.01521	0.01727	0.01419	0.02065	0.01195	0.01092	0.02175	0.02322	0.03243	0.05702	0.12121	0.21334	0.01819	0.01050	0.00269	0.00695	0.01531	0.00821	0.36098
48	0.01392	0.01036	0.01296	0.01383	0.01575	0.00940	0.00979	0.01707	0.02503	0.03346	0.23116	0.32882	0.18081	0.02885	0.01335	0.00394	0.00577	0.02558	0.01075	0.00940
49	0.01586	0.01057	0.01189	0.01189	0.01189	0.01057	0.00661	0.01586	0.01586	0.02114	0.03436	0.07135	0.03964	0.61681	0.05550	0.01057	0.01057	0.01586	0.00661	0.00661
50	0.01741	0.01364	0.01623	0.01727	0.01955	0.01430	0.01225	0.02793	0.17234	0.03313	0.05541	0.44011	0.06054	0.02839	0.01308	0.00421	0.00701	0.02543	0.01041	0.01136
51	0.01328	0.00949	0.01265	0.01518	0.01581	0.00886	0.01012	0.01518	0.02088	0.02783	0.06010	0.60969	0.07212	0.03416	0.01392	0.00443	0.00633	0.03100	0.01012	0.00886
52	0.19881	0.01515	0.01676	0.01521	0.01947	0.01518	0.01137	0.02977	0.02310	0.16543	0.09795	0.14707	0.04282	0.13285	0.01916	0.00495	0.00827	0.01526	0.00964	0.01178
53	0.01574	0.01041	0.01219	0.01255	0.01319	0.01019	0.00776	0.01714	0.01915	0.02673	0.09881	0.16708	0.05189	0.38813	0.03873	0.00791	0.00868	0.01854	0.06742	0.00776
54	0.04582	0.01931	0.02500	0.01935	0.02736	0.01766	0.01592	0.10488	0.03291	0.45901	0.04046	0.03610	0.02607	0.01339	0.01070	0.00330	0.00927	0.01077	0.06483	0.01790
55	0.01528	0.01066	0.01173	0.01173	0.01244	0.01031	0.00693	0.01582	0.01759	0.02275	0.04906	0.07784	0.13717	0.50296	0.04726	0.00924	0.00960	0.01724	0.00729	0.00711
56	0.02476	0.01274	0.01665	0.01593	0.01957	0.01140	0.01203	0.02715	0.02446	0.18697	0.06075	0.25428	0.14347	0.02672	0.01547	0.06440	0.00761	0.05342	0.01065	0.01156
57	0.01820	0.01158	0.01503	0.01542	0.01648	0.01190	0.01070	0.02056	0.07709	0.02529	0.03557	0.15280	0.03783	0.13842	0.03363	0.29922	0.00905	0.05620	0.00726	0.00776
58	0.40312	0.02094	0.02429	0.21593	0.08764	0.02451	0.02009	0.03075	0.02024	0.04052	0.01710	0.02244	0.01324	0.01035	0.00854	0.00345	0.01093	0.00754	0.00597	0.01241
59	0.01408	0.01072	0.01240	0.01337	0.01543	0.00975	0.00956	0.01637	0.02219	0.02789	0.07697	0.23675	0.26963	0.13613	0.02112	0.00528	0.00718	0.07695	0.00948	0.00874
60	0.02187	0.05640	0.56031	0.03108	0.04719	0.02532	0.04029	0.03453	0.02302	0.03453	0.01957	0.02302	0.01381	0.01036	0.01036	0.00345	0.01611	0.00806	0.00460	0.01611
61	0.02398	0.02246	0.03634	0.23963	0.29007	0.02327	0.02866	0.03043	0.02338	0.03291	0.01991	0.02692	0.01612	0.00983	0.01034	0.00308	0.01262	0.00912	0.00540	0.13552
62	0.02052	0.01686	0.01990	0.01521	0.02248	0.01330	0.01170	0.02485	0.02330	0.03532	0.11549	0.03893	0.03453	0.08207	0.01450	0.00299	0.00784	0.00995	0.00748	0.48274
63	0.03752	0.03051	0.03039	0.02457	0.03233	0.07945	0.01982	0.34871	0.17823	0.05879	0.03026	0.02951	0.02212	0.01339	0.01086	0.00335	0.01176	0.01025	0.01049	0.01768
64	0.01805	0.00980	0.01410	0.01452	0.01476	0.00974	0.00987	0.01506	0.01576	0.02095	0.02688	0.09460	0.02880	0.08975	0.03919	0.51094	0.00933	0.04645	0.00578	0.00567
65	0.02554	0.06924	0.07704	0.17511	0.04137	0.06838	0.02284	0.09044	0.08445	0.03430	0.02450	0.03256	0.02044	0.07135	0.06905	0.00541	0.05799	0.01010	0.00658	0.01331
66	0.01348	0.00964	0.01282	0.01505	0.01586	0.00898	0.01014	0.01566	0.02176	0.02924	0.10297	0.56279	0.07485	0.03311	0.01382	0.00434	0.00622	0.03000	0.01029	0.00898
67	0.27208	0.01992	0.02115	0.01823	0.02505	0.02101	0.01491	0.04381	0.12888	0.22182	0.03469	0.03874	0.02612	0.01407	0.00986	0.00359	0.00891	0.05178	0.01027	0.01510
68	0.33979	0.01891	0.01996	0.01672	0.02370	0.01924	0.01358	0.04019	0.02453	0.27851	0.03183	0.07864	0.02404	0.01378	0.00930	0.00347	0.00863	0.01042	0.01012	0.01463
69	0.01811	0.01179	0.01512	0.01391	0.01713	0.01067	0.01056	0.02290	0.03019	0.08769	0.44776	0.08026	0.14793	0.02213	0.01269	0.00345	0.00556	0.01933	0.01192	0.01090
70	0.02166	0.01261	0.01677	0.01531	0.01893	0.01152	0.01197	0.02662	0.03041	0.13511	0.40985	0.07715	0.08564	0.02140	0.01271	0.00356	0.00632	0.05860	0.01210	0.01176
71	0.08576	0.01555	0.01751	0.01640	0.02042	0.01588	0.01240	0.08573	0.07107	0.08743	0.10818	0.23442	0.09445	0.02227	0.01170	0.00371	0.00738	0.01910	0.05842	0.01222
72	0.02163	0.01516	0.01821	0.01701	0.02084	0.01553	0.01285	0.03367	0.17577	0.08958	0.26337	0.15930	0.06980	0.02137	0.01235	0.00368	0.00677	0.01873	0.01154	0.01286
73	0.01372	0.01079	0.01239	0.01259	0.01539	0.00946	0.00921	0.01703	0.02593	0.03342	0.23031	0.18889	0.32770	0.02721	0.01306	0.00374	0.00555	0.02347	0.01068	0.00946
74	0.02669	0.01996	0.02237	0.01958	0.02484	0.02161	0.01570	0.17672	0.15583	0.05005	0.16675	0.05640	0.04960	0.01781	0.01165	0.00356	0.00860	0.06761	0.07030	0.01439
75	0.08643	0.01453	0.01692	0.01533	0.01965	0.01413	0.01178	0.06420	0.02751	0.14899	0.13671	0.16617	0.08531	0.01989	0.01111	0.00348	0.00708	0.01687	0.12153	0.01238
76	0.69383	0.02109	0.01603	0.01434	0.02109	0.02446	0.01181	0.03205	0.01856	0.04892	0.01518	0.01771	0.01181	0.01012	0.00675	0.00337	0.00843	0.00590	0.00675	0.01181
77	0.01844	0.02459	0.13972	0.02683	0.03348	0.01734	0.15202	0.02454	0.02264	0.03114	0.04139	0.33087	0.04498	0.02246	0.01290	0.00402	0.01162	0.02133	0.00773	0.01194
78	0.07783	0.01401	0.01755	0.01585	0.02035	0.01299	0.01244	0.03021	0.02785	0.19254	0.22178	0.13250	0.10546	0.02120	0.01211	0.00367	0.00716	0.05042	0.01150	0.01258
79	0.01824	0.01111	0.01503	0.01656	0.01845	0.01037	0.01216	0.02097	0.02285	0.09072	0.05766	0.45456	0.06513	0.03101	0.01378	0.00441	0.00734	0.10894	0.01050	0.01021
80	0.02505	0.01687	0.01993	0.01873	0.02274	0.01750	0.01402	0.11719	0.11915	0.10044	0.04913	0.33454	0.05014	0.02444	0.01252	0.00396	0.00811	0.02146	0.01083	0.01326
81	0.01858	0.01184	0.01558	0.01425	0.01737	0.01083	0.01083	0.02363	0.03090	0.09185	0.49610	0.07729	0.09576	0.02147	0.01268	0.00342	0.00553	0.01890	0.01214	0.01106
82	0.02490	0.08327	0.17443	0.11616	0.04076	0.02227	0.06782	0.03205	0.02376	0.10902	0.03470	0.03819	0.08005	0.02141	0.07914	0.00512	0.01498	0.01118	0.00686	0.01393
83	0.63328	0.02085	0.01690	0.01481	0.02172	0.02367	0.01220	0.03403	0.01974	0.09656	0.01780	0.01953	0.01323	0.01044	0.00714	0.00337	0.00851	0.00638	0.00738	0.01244

[dist]
# distance from previous block
# <min> <max>
0	1

[block]
# block no. 3 follows, 12 sequences, length 34
# corresponding to MSA columns:
# 429-462
name=unknown_D
#
# <colnr> <probs for GDERKNQSTAVLIFYWHMCP>
#	G	D	E	R	K	N	Q	S	T	A	V	L	I	F	Y	W	H	M	C	P
0	0.02480	0.11956	0.44446	0.02935	0.04352	0.08873	0.03570	0.03533	0.02381	0.03265	0.01877	0.02202	0.01386	0.01034	0.00992	0.00325	0.01601	0.00769	0.00472	0.01549
1	0.03034	0.02050	0.02311	0.02018	0.02612	0.02220	0.01567	0.05104	0.34359	0.15810	0.07530	0.04500	0.03686	0.06397	0.01479	0.00417	0.00871	0.01278	0.01133	0.01623
2	0.02745	0.15383	0.05328	0.09265	0.14722	0.07458	0.22978	0.03422	0.02487	0.03181	0.01964	0.02562	0.01577	0.00965	0.01081	0.00323	0.01566	0.01001	0.00526	0.01466
3	0.01586	0.01057	0.01189	0.01189	0.01189	0.01057	0.00661	0.01586	0.01586	0.02114	0.03436	0.07135	0.03964	0.61681	0.05550	0.01057	0.01057	0.01586	0.00661	0.00661
4	0.03205	0.24448	0.04078	0.02493	0.03031	0.23959	0.02099	0.03499	0.02395	0.02620	0.01556	0.02005	0.01410	0.01272	0.01594	0.00318	0.17491	0.00729	0.00505	0.01292
5	0.03005	0.01552	0.01995	0.01757	0.02237	0.01458	0.01353	0.08601	0.03002	0.23112	0.14219	0.23142	0.05528	0.02188	0.01228	0.00372	0.00783	0.01905	0.01182	0.01381
6	0.07539	0.01346	0.01690	0.06696	0.02297	0.01324	0.01239	0.02498	0.02523	0.11038	0.20057	0.14288	0.11853	0.08809	0.01685	0.00441	0.00769	0.01800	0.01003	0.01102
7	0.69383	0.02109	0.01603	0.01434	0.02109	0.02446	0.01181	0.03205	0.01856	0.04892	0.01518	0.01771	0.01181	0.01012	0.00675	0.00337	0.00843	0.00590	0.00675	0.01181
8	0.01626	0.01053	0.01173	0.01173	0.01197	0.01053	0.00670	0.01673	0.01650	0.02292	0.03447	0.06855	0.03857	0.56163	0.05112	0.00984	0.01007	0.01534	0.06787	0.00693
9	0.06710	0.01476	0.01685	0.01565	0.01920	0.01507	0.01159	0.06468	0.06412	0.08200	0.08378	0.13074	0.13058	0.14587	0.08340	0.00659	0.01057	0.01695	0.00929	0.01120
10	0.01365	0.01030	0.01272	0.01449	0.01625	0.00938	0.01041	0.01615	0.02254	0.02886	0.07493	0.40372	0.21264	0.03174	0.01374	0.00427	0.00650	0.07850	0.01011	0.00909
11	0.01712	0.01081	0.01305	0.01249	0.01505	0.01024	0.00937	0.02225	0.02810	0.04266	0.36749	0.06733	0.07696	0.01897	0.01105	0.00312	0.00512	0.01641	0.24216	0.01024
12	0.01554	0.01125	0.01510	0.01712	0.01907	0.01081	0.01362	0.01932	0.02415	0.03174	0.10688	0.28619	0.10625	0.03061	0.01430	0.00457	0.00796	0.24568	0.01025	0.00959
13	0.03145	0.01908	0.02237	0.01890	0.02492	0.01932	0.01496	0.12711	0.13137	0.18907	0.12154	0.09642	0.09942	0.01822	0.01171	0.00355	0.00839	0.01527	0.01167	0.01526
14	0.04808	0.01990	0.02614	0.02004	0.02850	0.01802	0.01655	0.10463	0.03346	0.50167	0.04113	0.03589	0.02604	0.01345	0.01096	0.00336	0.00958	0.01084	0.01321	0.01855
15	0.04683	0.02191	0.02738	0.02099	0.02951	0.02100	0.01734	0.18169	0.03682	0.41986	0.03830	0.03405	0.02463	0.01338	0.01095	0.00335	0.01004	0.01064	0.01277	0.01855
16	0.02981	0.01378	0.01822	0.01684	0.02127	0.01253	0.01318	0.03355	0.02604	0.25191	0.04903	0.22372	0.04551	0.02183	0.01190	0.00378	0.00786	0.07651	0.10946	0.01327
17	0.01602	0.01073	0.01396	0.01565	0.01741	0.01037	0.01198	0.01979	0.02370	0.03336	0.11397	0.30278	0.06563	0.02790	0.01308	0.00417	0.00710	0.16083	0.12196	0.00961
18	0.04349	0.02726	0.03069	0.02353	0.03218	0.02894	0.01944	0.38666	0.04577	0.20225	0.03079	0.02917	0.02086	0.01320	0.01092	0.00330	0.01125	0.01013	0.01162	0.01855
19	0.47073	0.02021	0.01924	0.01609	0.02342	0.02154	0.01327	0.03935	0.02293	0.22445	0.02481	0.02442	0.01706	0.01129	0.00821	0.00337	0.00873	0.00765	0.00908	0.01414
20	0.01355	0.00969	0.01289	0.01500	0.01587	0.00903	0.01014	0.01584	0.02209	0.02977	0.11879	0.54549	0.07585	0.03272	0.01379	0.00431	0.00618	0.02963	0.01035	0.00903
21	0.02059	0.01938	0.03270	0.59060	0.07510	0.02422	0.03028	0.02786	0.02180	0.02786	0.01938	0.02907	0.01453	0.01090	0.01090	0.00363	0.01453	0.00969	0.00484	0.01211
22	0.01849	0.00963	0.01387	0.01387	0.01387	0.00963	0.00905	0.01445	0.01445	0.01926	0.02120	0.03875	0.02198	0.12286	0.04450	0.58410	0.00963	0.01041	0.00501	0.00501
23	0.02162	0.01822	0.01961	0.01802	0.02291	0.01978	0.01387	0.04107	0.31754	0.04161	0.15770	0.06315	0.16171	0.01915	0.01185	0.00364	0.00724	0.01618	0.01106	0.01407
24	0.01370	0.01034	0.01225	0.01323	0.01506	0.00934	0.00912	0.01607	0.02288	0.02957	0.13302	0.31344	0.23276	0.09591	0.01811	0.00474	0.00639	0.02521	0.00996	0.00890
25	0.03538	0.02562	0.02789	0.02299	0.03043	0.02839	0.01847	0.23538	0.28142	0.11674	0.03708	0.03457	0.02674	0.01397	0.01101	0.00349	0.01003	0.01118	0.01131	0.01792
26	0.02574	0.02941	0.06434	0.04596	0.05699	0.02757	0.50919	0.03493	0.02574	0.03493	0.02206	0.02941	0.01654	0.00919	0.01287	0.00368	0.01838	0.01287	0.00551	0.01471
27	0.01795	0.01540	0.02302	0.19300	0.09840	0.01619	0.01876	0.02348	0.02637	0.03551	0.24753	0.06315	0.14219	0.01826	0.01203	0.00351	0.00898	0.01606	0.00873	0.01150
28	0.01459	0.01042	0.01358	0.01417	0.01575	0.00973	0.00993	0.01800	0.02561	0.03546	0.30593	0.29622	0.08535	0.07391	0.01665	0.00440	0.00605	0.02402	0.01081	0.00941
29	0.01477	0.01055	0.01435	0.01688	0.01816	0.01013	0.01270	0.01774	0.02234	0.02949	0.05928	0.44133	0.06888	0.03276	0.01431	0.00463	0.00761	0.18473	0.01009	0.00927
30	0.02469	0.02633	0.04718	0.03634	0.04126	0.03080	0.24003	0.03011	0.02072	0.03011	0.01776	0.02633	0.01531	0.01468	0.02558	0.00428	0.33919	0.01102	0.00510	0.01317
31	0.37155	0.06055	0.02516	0.14562	0.03571	0.02611	0.01780	0.09114	0.02445	0.08365	0.01957	0.02275	0.01453	0.01086	0.00852	0.00335	0.01051	0.00761	0.00720	0.01335
32	0.03130	0.16223	0.03965	0.03147	0.11713	0.06973	0.02291	0.15378	0.06148	0.03958	0.02059	0.02433	0.01698	0.01303	0.01563	0.00339	0.14581	0.00882	0.00685	0.01533
33	0.07322	0.06949	0.08219	0.09291	0.09564	0.10202	0.05618	0.09263	0.02767	0.07913	0.02232	0.02646	0.01724	0.01637	0.05440	0.00426	0.01491	0.00896	0.00677	0.05724

[dist]
# distance from previous block
# <min> <max>
4	33

[block]
# block no. 4 follows, 12 sequences, length 23
# corresponding to MSA columns:
# 496-518
name=unknown_E
#
# <colnr> <probs for GDERKNQSTAVLIFYWHMCP>
#	G	D	E	R	K	N	Q	S	T	A	V	L	I	F	Y	W	H	M	C	P
0	0.39643	0.06750	0.02544	0.01933	0.02546	0.02927	0.01623	0.12621	0.02497	0.04709	0.01720	0.02047	0.01375	0.01225	0.01277	0.00353	0.11439	0.00732	0.00707	0.01332
1	0.24680	0.03057	0.10472	0.02397	0.02968	0.07447	0.02183	0.06704	0.02200	0.03812	0.01647	0.02153	0.01371	0.01375	0.01847	0.00384	0.22611	0.00794	0.00593	0.01305
2	0.02714	0.02206	0.02504	0.01830	0.02776	0.01917	0.01480	0.14401	0.02950	0.04351	0.02101	0.02347	0.01672	0.00928	0.00876	0.00201	0.00902	0.00727	0.00753	0.52367
3	0.01748	0.01343	0.01648	0.01535	0.01880	0.01293	0.01151	0.02595	0.10200	0.04130	0.36494	0.13740	0.08152	0.02150	0.01233	0.00344	0.00605	0.01895	0.01117	0.06747
4	0.02028	0.02978	0.23514	0.02116	0.02951	0.01652	0.02266	0.02768	0.02569	0.07923	0.17806	0.13387	0.09790	0.01898	0.01185	0.00360	0.01013	0.01625	0.00869	0.01302
5	0.01655	0.01234	0.01537	0.01483	0.01788	0.01115	0.01117	0.02024	0.02459	0.03400	0.21188	0.13029	0.10182	0.12767	0.02015	0.00482	0.00755	0.10000	0.00957	0.10813
6	0.01360	0.01003	0.01273	0.01425	0.01572	0.00916	0.00985	0.01621	0.02328	0.03089	0.15321	0.43470	0.15434	0.03101	0.01356	0.00413	0.00599	0.02771	0.01045	0.00916
7	0.01999	0.02092	0.08970	0.07087	0.07787	0.01776	0.01924	0.07307	0.02519	0.03438	0.08850	0.08957	0.10944	0.06908	0.13840	0.00707	0.01455	0.01468	0.00763	0.01209
8	0.02271	0.02201	0.07705	0.02431	0.02924	0.02106	0.07452	0.03218	0.11222	0.07119	0.03583	0.16473	0.03394	0.02858	0.09842	0.00602	0.10934	0.01559	0.00800	0.01306
9	0.01862	0.01263	0.01765	0.10034	0.02679	0.01259	0.01480	0.02241	0.02389	0.08011	0.09257	0.29263	0.10847	0.02653	0.01322	0.00417	0.00831	0.10390	0.00979	0.01061
10	0.02333	0.02036	0.02796	0.02467	0.03019	0.02214	0.08913	0.04172	0.27590	0.03869	0.04291	0.05996	0.03762	0.02471	0.07013	0.00545	0.01253	0.12885	0.00947	0.01430
11	0.02156	0.01817	0.02143	0.01579	0.02444	0.01391	0.01253	0.02645	0.02382	0.03673	0.09620	0.03124	0.02887	0.01016	0.00878	0.00188	0.00764	0.00840	0.00727	0.58471
12	0.01504	0.01117	0.01414	0.01427	0.01686	0.01027	0.01095	0.01939	0.02789	0.03778	0.34086	0.14252	0.18074	0.02562	0.01329	0.00381	0.00605	0.08829	0.01117	0.00990
13	0.01757	0.01255	0.01757	0.02008	0.02259	0.01255	0.01757	0.02259	0.02510	0.03263	0.05773	0.12299	0.06275	0.03012	0.01506	0.00502	0.01004	0.47540	0.01004	0.01004
14	0.07040	0.02018	0.02099	0.01763	0.02296	0.02204	0.01386	0.22030	0.08107	0.05071	0.03131	0.03668	0.02494	0.07494	0.01411	0.00382	0.00892	0.01055	0.24069	0.01388
15	0.19170	0.01468	0.01555	0.01408	0.01877	0.01450	0.01100	0.02786	0.02550	0.12451	0.17934	0.08764	0.14812	0.01876	0.01068	0.00344	0.00678	0.01535	0.06001	0.01172
16	0.02364	0.01744	0.01982	0.01784	0.02272	0.01840	0.01380	0.04018	0.25782	0.09112	0.22405	0.06109	0.10934	0.01859	0.01188	0.00357	0.00716	0.01586	0.01153	0.01413
17	0.01594	0.01185	0.01500	0.01493	0.01730	0.01149	0.01090	0.02262	0.07531	0.03950	0.36197	0.22394	0.08776	0.02487	0.01299	0.00373	0.00580	0.02214	0.01140	0.01055
18	0.06974	0.01285	0.01566	0.01497	0.01768	0.01226	0.01041	0.02571	0.02142	0.15393	0.04377	0.24048	0.04560	0.23397	0.02744	0.00628	0.00868	0.01909	0.00945	0.01059
19	0.02483	0.01597	0.01889	0.01698	0.02109	0.01615	0.01274	0.07714	0.11649	0.12055	0.16002	0.13913	0.07994	0.10794	0.01848	0.00466	0.00804	0.01736	0.01081	0.01279
20	0.01798	0.01137	0.01397	0.01421	0.01570	0.01091	0.00979	0.01984	0.02068	0.06575	0.08201	0.15793	0.08234	0.32315	0.03459	0.00740	0.00909	0.08583	0.00873	0.00874
21	0.03946	0.02948	0.03272	0.07901	0.03775	0.03290	0.02164	0.46623	0.04846	0.06482	0.02553	0.02645	0.01816	0.01288	0.01091	0.00331	0.01224	0.00980	0.01033	0.01793
22	0.01885	0.01292	0.01618	0.06967	0.02258	0.01335	0.01252	0.07054	0.02552	0.03675	0.09178	0.30176	0.05289	0.02327	0.01164	0.00367	0.00727	0.02049	0.17775	0.01062

[dist]
# distance from previous block
# <min> <max>
0	14

[block]
# block no. 5 follows, 12 sequences, length 10
# corresponding to MSA columns:
# 533-542
name=unknown_F
#
# <colnr> <probs for GDERKNQSTAVLIFYWHMCP>
#	G	D	E	R	K	N	Q	S	T	A	V	L	I	F	Y	W	H	M	C	P
0	0.16969	0.01355	0.01504	0.01444	0.01770	0.01365	0.01064	0.02408	0.02418	0.08085	0.21777	0.17960	0.06211	0.09020	0.01650	0.00446	0.00711	0.01796	0.00991	0.01056
1	0.02184	0.01974	0.03064	0.03021	0.10325	0.02240	0.07568	0.02729	0.05949	0.03130	0.08679	0.04106	0.06616	0.02386	0.06060	0.09156	0.17701	0.01242	0.00670	0.01198
2	0.02187	0.05640	0.56031	0.03108	0.04719	0.02532	0.04029	0.03453	0.02302	0.03453	0.01957	0.02302	0.01381	0.01036	0.01036	0.00345	0.01611	0.00806	0.00460	0.01611
3	0.02366	0.09494	0.08299	0.29554	0.13465	0.02741	0.12599	0.03116	0.02317	0.03068	0.01961	0.02704	0.01523	0.01016	0.01079	0.00342	0.01485	0.00976	0.00502	0.01392
4	0.01719	0.01135	0.01512	0.01499	0.01709	0.01016	0.01040	0.01713	0.01867	0.02590	0.03677	0.27979	0.04135	0.03065	0.02372	0.26175	0.00785	0.01819	0.00738	0.13454
5	0.01894	0.00947	0.01420	0.01420	0.01420	0.00947	0.00947	0.01420	0.01420	0.01894	0.01894	0.03314	0.01894	0.03788	0.04261	0.68277	0.00947	0.00947	0.00473	0.00473
6	0.09911	0.18726	0.13587	0.01941	0.02708	0.06979	0.01912	0.02902	0.02396	0.03345	0.12355	0.04139	0.07068	0.06195	0.01326	0.00367	0.01109	0.01102	0.00689	0.01243
7	0.02950	0.01857	0.02287	0.06564	0.02889	0.01948	0.01617	0.04445	0.22214	0.18313	0.17165	0.04936	0.04813	0.01607	0.01150	0.00353	0.00838	0.01366	0.01148	0.01538
8	0.01449	0.01544	0.07725	0.01628	0.01941	0.01102	0.01343	0.01816	0.02287	0.03070	0.11852	0.40544	0.13800	0.02902	0.01322	0.00409	0.00723	0.02582	0.00969	0.00993
9	0.02611	0.02006	0.02547	0.02251	0.08776	0.01605	0.01570	0.03107	0.02385	0.09452	0.02219	0.02477	0.01751	0.00888	0.00872	0.00201	0.00879	0.00735	0.00713	0.52957

[dist]
# distance from previous block
# <min> <max>
0	2

[block]
# block no. 6 follows, 12 sequences, length 6
# corresponding to MSA columns:
# 545-550
name=unknown_G
#
# <colnr> <probs for GDERKNQSTAVLIFYWHMCP>
#	G	D	E	R	K	N	Q	S	T	A	V	L	I	F	Y	W	H	M	C	P
0	0.20030	0.02265	0.02885	0.02253	0.03001	0.02366	0.06770	0.10662	0.02819	0.21458	0.02684	0.02755	0.01884	0.01242	0.01267	0.00343	0.07528	0.00930	0.00920	0.05939
1	0.03810	0.02947	0.03539	0.03477	0.15302	0.03198	0.02367	0.40156	0.04515	0.06106	0.02487	0.02637	0.01825	0.01231	0.01088	0.00326	0.01222	0.00979	0.00963	0.01825
2	0.02885	0.02270	0.03534	0.02985	0.09146	0.02038	0.13106	0.03748	0.07785	0.12674	0.02683	0.02907	0.02003	0.01015	0.01030	0.00279	0.01127	0.00970	0.00783	0.27033
3	0.01740	0.01048	0.01572	0.01572	0.01661	0.01137	0.01137	0.01661	0.01572	0.02185	0.02364	0.03758	0.02275	0.05796	0.28553	0.37843	0.01850	0.01048	0.00524	0.00702
4	0.02111	0.01491	0.01691	0.01580	0.01798	0.01551	0.01079	0.13063	0.02535	0.03389	0.03913	0.20041	0.04317	0.32606	0.03440	0.00729	0.00980	0.01838	0.00851	0.00995
5	0.03418	0.12160	0.07713	0.01966	0.02704	0.02338	0.01735	0.12547	0.02919	0.20696	0.03117	0.03850	0.02501	0.15211	0.02056	0.00486	0.01109	0.01078	0.00916	0.01482

[dist]
# distance from previous block
# <min> <max>
0	1

[block]
# block no. 7 follows, 12 sequences, length 28
# corresponding to MSA columns:
# 552-579
name=unknown_H
#
# <colnr> <probs for GDERKNQSTAVLIFYWHMCP>
#	G	D	E	R	K	N	Q	S	T	A	V	L	I	F	Y	W	H	M	C	P
0	0.18464	0.08608	0.02947	0.02211	0.02942	0.12995	0.01797	0.19372	0.12184	0.04850	0.02419	0.02483	0.01838	0.01203	0.00944	0.00320	0.01197	0.00850	0.00846	0.01530
1	0.02458	0.01709	0.02048	0.01746	0.02279	0.01606	0.01337	0.12158	0.02914	0.07868	0.10675	0.19145	0.04483	0.02045	0.01336	0.04769	0.00816	0.01613	0.00952	0.18044
2	0.22017	0.02644	0.11086	0.02642	0.08372	0.02232	0.07407	0.07344	0.02447	0.04009	0.03435	0.03726	0.10299	0.01525	0.01248	0.05367	0.01115	0.01089	0.00693	0.01305
3	0.02640	0.23737	0.13951	0.02404	0.03167	0.03237	0.02394	0.08373	0.02482	0.03324	0.02301	0.03563	0.02136	0.01492	0.01528	0.00354	0.13591	0.07323	0.00612	0.01391
4	0.06653	0.01171	0.01355	0.01342	0.01608	0.01107	0.00966	0.02049	0.02285	0.06704	0.12970	0.17913	0.17806	0.07792	0.01902	0.07493	0.00692	0.01924	0.05319	0.00948
5	0.08087	0.01315	0.01592	0.01512	0.01805	0.01269	0.01089	0.02601	0.02239	0.14304	0.08633	0.17669	0.04846	0.22041	0.02650	0.00611	0.00870	0.04847	0.00955	0.01066
6	0.01986	0.01734	0.07281	0.01755	0.02179	0.01376	0.01468	0.02738	0.08199	0.08678	0.20915	0.25848	0.06734	0.02368	0.01260	0.00382	0.00750	0.02093	0.01059	0.01195
7	0.03210	0.23223	0.03713	0.02108	0.02894	0.03247	0.01810	0.11229	0.23438	0.09505	0.03154	0.03023	0.02387	0.01252	0.00963	0.00313	0.01022	0.00958	0.00909	0.01644
8	0.08170	0.01313	0.01469	0.01467	0.01692	0.01349	0.01008	0.02497	0.07642	0.06502	0.04247	0.22838	0.04492	0.22621	0.02651	0.00614	0.00833	0.01858	0.05733	0.01003
9	0.12851	0.01396	0.01660	0.01618	0.02013	0.01361	0.01279	0.02702	0.02519	0.12896	0.13417	0.18567	0.09843	0.02333	0.01222	0.00396	0.00766	0.10956	0.01048	0.01155
10	0.01502	0.01194	0.01365	0.01388	0.01677	0.01121	0.01014	0.02099	0.07755	0.03378	0.18342	0.22695	0.27095	0.02687	0.01297	0.00383	0.00598	0.02331	0.01063	0.01018
11	0.01625	0.01232	0.01460	0.01431	0.01703	0.01190	0.01068	0.02237	0.07260	0.03568	0.26023	0.08593	0.18123	0.12260	0.02004	0.00488	0.00700	0.06993	0.01038	0.01005
12	0.02588	0.01574	0.01880	0.01734	0.02106	0.01595	0.01265	0.06784	0.11802	0.14201	0.04533	0.22123	0.04430	0.15647	0.02196	0.00538	0.00874	0.01841	0.01026	0.01262
13	0.06675	0.01300	0.01447	0.01422	0.01670	0.01343	0.01011	0.02538	0.09221	0.03636	0.16612	0.15068	0.05614	0.14897	0.02071	0.00503	0.00722	0.01724	0.11495	0.01030
14	0.62855	0.01996	0.01585	0.01433	0.02042	0.02301	0.01158	0.03033	0.01814	0.04602	0.01555	0.01921	0.01250	0.01281	0.01022	0.06908	0.00853	0.00625	0.00655	0.01112
15	0.12081	0.01884	0.02427	0.01884	0.02708	0.01697	0.01556	0.05079	0.02980	0.49978	0.03991	0.03495	0.02530	0.01312	0.01049	0.00337	0.00918	0.01040	0.01274	0.01780
16	0.01898	0.01352	0.01559	0.01526	0.01848	0.01361	0.01168	0.05855	0.08322	0.03937	0.16596	0.16059	0.12766	0.02245	0.01191	0.00363	0.00672	0.06278	0.13884	0.01120
17	0.01762	0.01187	0.01463	0.01510	0.01830	0.01075	0.01192	0.02120	0.02543	0.07781	0.12436	0.18119	0.25321	0.02756	0.01346	0.00410	0.00715	0.14346	0.01058	0.01030
18	0.04892	0.01856	0.02530	0.01940	0.02783	0.01603	0.01603	0.05314	0.03121	0.55634	0.04302	0.03711	0.02699	0.01350	0.01096	0.00337	0.00928	0.01096	0.01350	0.01856
19	0.01563	0.01048	0.01196	0.01218	0.01224	0.01042	0.00692	0.01580	0.01630	0.02173	0.03662	0.11874	0.04250	0.56552	0.05184	0.01003	0.01020	0.01719	0.00692	0.00680
20	0.09448	0.01318	0.01530	0.01428	0.01790	0.01275	0.01062	0.02872	0.02369	0.15430	0.07800	0.17099	0.04276	0.08546	0.01542	0.00420	0.00728	0.01590	0.18322	0.01157
21	0.01649	0.01178	0.01633	0.01884	0.02088	0.01162	0.01569	0.02072	0.02403	0.03142	0.05833	0.24586	0.06512	0.03114	0.01477	0.00487	0.00910	0.36321	0.01006	0.00974
22	0.02204	0.01735	0.01987	0.01781	0.02224	0.01850	0.01376	0.07961	0.21135	0.04672	0.31633	0.06171	0.07011	0.01875	0.01205	0.00351	0.00703	0.01615	0.01158	0.01355
23	0.01648	0.01014	0.01418	0.01490	0.01589	0.00978	0.01058	0.01670	0.02082	0.02827	0.15318	0.20841	0.05653	0.03260	0.02551	0.28152	0.00769	0.06086	0.00834	0.00761
24	0.04066	0.02147	0.02585	0.02095	0.02863	0.02168	0.01694	0.10257	0.20420	0.33030	0.04173	0.03720	0.02827	0.01390	0.01100	0.00347	0.00934	0.01131	0.01240	0.01811
25	0.02187	0.05640	0.56031	0.03108	0.04719	0.02532	0.04029	0.03453	0.02302	0.03453	0.01957	0.02302	0.01381	0.01036	0.01036	0.00345	0.01611	0.00806	0.00460	0.01611
26	0.01581	0.01075	0.01278	0.01278	0.01309	0.01105	0.00772	0.01643	0.01612	0.02180	0.03354	0.06685	0.03769	0.53234	0.13729	0.01167	0.01351	0.01520	0.00649	0.00710
27	0.03280	0.03337	0.21835	0.07492	0.04092	0.02209	0.06141	0.04359	0.08260	0.23148	0.03132	0.03127	0.02120	0.01200	0.01090	0.00348	0.01274	0.01011	0.00876	0.01671

[dist]
# distance from previous block
# <min> <max>
0	3

[block]
# block no. 8 follows, 12 sequences, length 56
# corresponding to MSA columns:
# 583-638
name=unknown_I
#
# <colnr> <probs for GDERKNQSTAVLIFYWHMCP>
#	G	D	E	R	K	N	Q	S	T	A	V	L	I	F	Y	W	H	M	C	P
0	0.01362	0.00975	0.01295	0.01495	0.01589	0.00908	0.01015	0.01603	0.02245	0.03033	0.13598	0.52669	0.07695	0.03229	0.01375	0.00427	0.00614	0.02922	0.01042	0.00908
1	0.01308	0.01027	0.01184	0.01310	0.01527	0.00903	0.00920	0.01542	0.02288	0.02865	0.08549	0.35519	0.31023	0.03086	0.01340	0.00405	0.00592	0.02697	0.01012	0.00903
2	0.08653	0.02910	0.03416	0.04185	0.25857	0.13953	0.02448	0.04081	0.02736	0.17518	0.02540	0.02745	0.01879	0.01109	0.01033	0.00319	0.01305	0.00919	0.00773	0.01622
