[name]
unknown

[dist]
# distance from previous block
# <min> <max>
0	94

[block]
# block no. 0 follows, 10 sequences, length 6
# corresponding to MSA columns:
# 102-107
name=unknown_A
#
# <colnr> <probs for GDERKNQSTAVLIFYWHMCP>
#	G	D	E	R	K	N	Q	S	T	A	V	L	I	F	Y	W	H	M	C	P
0	0.03119	0.01660	0.02102	0.01903	0.02360	0.01598	0.01465	0.08593	0.02940	0.19522	0.04868	0.18759	0.04700	0.12387	0.02144	0.00546	0.00985	0.07831	0.01139	0.01378
1	0.14778	0.02264	0.02936	0.21180	0.04597	0.02750	0.02330	0.10845	0.02672	0.04098	0.02182	0.02947	0.01760	0.02385	0.09022	0.00603	0.09611	0.00988	0.00683	0.01368
2	0.02461	0.01490	0.02094	0.11934	0.03194	0.01496	0.01638	0.02870	0.02531	0.14428	0.05730	0.20714	0.12569	0.03154	0.07667	0.00583	0.01188	0.01991	0.01003	0.01266
3	0.02100	0.01622	0.02027	0.09194	0.02900	0.01692	0.01558	0.10829	0.02945	0.03848	0.06063	0.31718	0.13455	0.02746	0.01359	0.00423	0.00896	0.02407	0.01019	0.01199
4	0.02511	0.02116	0.03054	0.14879	0.15330	0.02291	0.02417	0.09369	0.06610	0.03978	0.03817	0.17335	0.03773	0.01978	0.01278	0.00406	0.01169	0.05371	0.00860	0.01459
5	0.16838	0.02530	0.03276	0.23084	0.11531	0.02896	0.02573	0.15592	0.03164	0.04769	0.02188	0.02726	0.01646	0.01192	0.01067	0.00365	0.01313	0.00951	0.00747	0.01550

[dist]
# distance from previous block
# <min> <max>
3	11

[block]
# block no. 1 follows, 10 sequences, length 34
# corresponding to MSA columns:
# 119-152
name=unknown_B
#
# <colnr> <probs for GDERKNQSTAVLIFYWHMCP>
#	G	D	E	R	K	N	Q	S	T	A	V	L	I	F	Y	W	H	M	C	P
0	0.21681	0.02177	0.03103	0.07933	0.03671	0.02289	0.11329	0.03587	0.06865	0.08809	0.07534	0.09751	0.03392	0.01559	0.01135	0.00386	0.01142	0.01383	0.00875	0.01399
1	0.02755	0.02381	0.02725	0.02244	0.02955	0.08348	0.05761	0.03462	0.06986	0.08175	0.03594	0.16282	0.03419	0.01708	0.01142	0.00319	0.01091	0.01495	0.00879	0.24277
2	0.03376	0.14837	0.03744	0.02898	0.09334	0.08284	0.02108	0.07978	0.16944	0.08675	0.03048	0.03074	0.02340	0.01255	0.01041	0.00321	0.01195	0.00985	0.00880	0.07686
3	0.03081	0.01648	0.02091	0.01787	0.02340	0.01511	0.01372	0.03760	0.07337	0.21253	0.16277	0.11574	0.05553	0.07235	0.01670	0.00431	0.00837	0.01667	0.01198	0.07376
4	0.09888	0.02121	0.02893	0.29611	0.05326	0.02474	0.02404	0.11144	0.02946	0.04188	0.07084	0.09021	0.03080	0.01559	0.01164	0.00384	0.01246	0.01318	0.00786	0.01362
5	0.03401	0.30073	0.15335	0.02330	0.03434	0.03384	0.02419	0.04250	0.06567	0.14488	0.02657	0.02678	0.01976	0.01169	0.00958	0.00312	0.01263	0.00857	0.00768	0.01682
6	0.03158	0.01620	0.02268	0.06900	0.02979	0.01540	0.01747	0.03685	0.03048	0.22974	0.15991	0.07555	0.05758	0.02131	0.01339	0.00413	0.00958	0.13271	0.01215	0.01453
7	0.01506	0.01083	0.01390	0.01600	0.01714	0.01021	0.01114	0.01733	0.02254	0.02958	0.06523	0.41813	0.11158	0.10618	0.02057	0.00557	0.00775	0.08162	0.01031	0.00933
8	0.02456	0.02531	0.09608	0.18189	0.04689	0.02392	0.06343	0.03100	0.02442	0.07835	0.07264	0.10479	0.03312	0.01756	0.01738	0.00415	0.11905	0.01434	0.00744	0.01368
9	0.02940	0.48121	0.16319	0.02278	0.03431	0.04189	0.02492	0.03526	0.02383	0.02942	0.01719	0.01994	0.01488	0.01019	0.00824	0.00275	0.01347	0.00674	0.00496	0.01542
10	0.03033	0.02267	0.02503	0.02215	0.02855	0.02515	0.01730	0.05612	0.37968	0.10953	0.10586	0.04839	0.04401	0.01661	0.01205	0.00386	0.00882	0.01396	0.01228	0.01765
11	0.02906	0.01403	0.01845	0.01684	0.02117	0.01266	0.01277	0.03311	0.02878	0.21188	0.15355	0.21902	0.06167	0.02320	0.01271	0.00386	0.00744	0.02028	0.08589	0.01362
12	0.02920	0.02074	0.03070	0.22706	0.10896	0.02248	0.02441	0.08911	0.02914	0.12119	0.03501	0.14589	0.03137	0.01736	0.01229	0.00390	0.01218	0.01528	0.00880	0.01495
13	0.01919	0.01435	0.01974	0.01869	0.01933	0.01710	0.01373	0.02007	0.01732	0.02462	0.02749	0.04868	0.02853	0.21532	0.20288	0.13262	0.13256	0.01288	0.00602	0.00888
14	0.24235	0.02384	0.02464	0.02064	0.02837	0.02592	0.01669	0.10515	0.17046	0.17459	0.03455	0.03263	0.02448	0.01361	0.01029	0.00369	0.00977	0.01025	0.01098	0.01708
15	0.09251	0.01815	0.02093	0.01785	0.02359	0.01813	0.01411	0.11126	0.03242	0.18158	0.10040	0.11116	0.04239	0.01780	0.01119	0.00355	0.00842	0.01470	0.14502	0.01484
16	0.01691	0.01128	0.01268	0.01268	0.01268	0.01128	0.00705	0.01691	0.01691	0.02255	0.03665	0.07611	0.04228	0.59126	0.05920	0.01128	0.01128	0.01691	0.00705	0.00705
17	0.01633	0.01222	0.01537	0.01694	0.01862	0.01210	0.01178	0.02268	0.08362	0.03425	0.11932	0.45198	0.07589	0.03221	0.01432	0.00449	0.00690	0.02901	0.01118	0.01077
18	0.35715	0.02173	0.02195	0.01812	0.02577	0.02288	0.01486	0.08276	0.02858	0.21161	0.06519	0.03183	0.02610	0.01329	0.00961	0.00359	0.00939	0.00962	0.01044	0.01554
19	0.04157	0.02403	0.02840	0.02323	0.03115	0.02481	0.01909	0.18635	0.12544	0.24019	0.04232	0.04706	0.03156	0.01653	0.01220	0.00383	0.01077	0.06035	0.01264	0.01850
20	0.01635	0.01104	0.01285	0.01341	0.01355	0.01090	0.00782	0.01676	0.01802	0.02402	0.04231	0.18089	0.04943	0.47672	0.05004	0.00992	0.01034	0.02025	0.00782	0.00754
21	0.23569	0.02296	0.02551	0.02021	0.02873	0.02328	0.01668	0.12829	0.03323	0.30154	0.03372	0.03127	0.02230	0.01324	0.01035	0.00358	0.01017	0.00986	0.01174	0.01765
22	0.48137	0.02341	0.02043	0.01775	0.02476	0.02658	0.01439	0.12451	0.02723	0.05442	0.02313	0.07400	0.02014	0.01387	0.00883	0.00368	0.00957	0.00968	0.00845	0.01378
23	0.02880	0.01964	0.02263	0.01964	0.02521	0.02032	0.01535	0.12795	0.13003	0.11081	0.17660	0.11254	0.09976	0.02074	0.01276	0.00381	0.00848	0.01760	0.01218	0.01517
24	0.01670	0.01213	0.01703	0.01703	0.01853	0.01363	0.01246	0.01970	0.01820	0.02577	0.03268	0.05413	0.03274	0.22701	0.41039	0.01663	0.02564	0.01370	0.00646	0.00946
25	0.01956	0.01449	0.01729	0.01611	0.01964	0.01467	0.01222	0.03070	0.12801	0.04672	0.36839	0.07349	0.08631	0.02109	0.01276	0.00362	0.00625	0.01837	0.07782	0.01250
26	0.03748	0.02464	0.02772	0.02267	0.02964	0.02627	0.01794	0.25215	0.10003	0.13999	0.03857	0.10006	0.03216	0.07538	0.01686	0.00450	0.01098	0.01425	0.01159	0.01714
27	0.03142	0.01797	0.02229	0.01889	0.02432	0.01778	0.01480	0.09370	0.08687	0.17685	0.22212	0.05644	0.05892	0.02077	0.01591	0.07038	0.00850	0.01516	0.01219	0.01472
28	0.03109	0.59826	0.06095	0.01990	0.02985	0.04602	0.01990	0.03483	0.02363	0.02736	0.01617	0.01866	0.01493	0.00995	0.00746	0.00249	0.01244	0.00622	0.00498	0.01493
29	0.02333	0.06016	0.53100	0.03315	0.05034	0.02701	0.04297	0.03683	0.02455	0.03683	0.02087	0.02455	0.01473	0.01105	0.01105	0.00368	0.01719	0.00859	0.00491	0.01719
30	0.28985	0.01733	0.01768	0.01611	0.02149	0.01801	0.01259	0.03305	0.02496	0.14012	0.09642	0.14240	0.04193	0.01832	0.01046	0.00376	0.00802	0.01475	0.05970	0.01307
31	0.01393	0.01108	0.01251	0.01366	0.01620	0.00966	0.00967	0.01648	0.02471	0.03068	0.09500	0.31237	0.32829	0.03242	0.01421	0.00427	0.00625	0.02816	0.01080	0.00966
32	0.04923	0.02078	0.02954	0.02709	0.09140	0.01842	0.01944	0.05403	0.03243	0.46509	0.04285	0.03822	0.02748	0.01389	0.01167	0.00358	0.01039	0.01153	0.01330	0.01962
33	0.02157	0.01341	0.01702	0.01730	0.01995	0.01331	0.01277	0.02773	0.08396	0.07996	0.09456	0.26183	0.05824	0.02880	0.01753	0.08829	0.00791	0.05986	0.06463	0.01135

[dist]
# distance from previous block
# <min> <max>
0	3

[block]
# block no. 2 follows, 10 sequences, length 26
# corresponding to MSA columns:
# 156-181
name=unknown_C
#
# <colnr> <probs for GDERKNQSTAVLIFYWHMCP>
#	G	D	E	R	K	N	Q	S	T	A	V	L	I	F	Y	W	H	M	C	P
0	0.02129	0.01614	0.02427	0.15032	0.10272	0.01659	0.01958	0.02594	0.02540	0.07325	0.09264	0.23832	0.10046	0.02336	0.01316	0.00408	0.00982	0.02088	0.00926	0.01253
1	0.22913	0.01499	0.01520	0.01488	0.01763	0.01644	0.01047	0.02308	0.01867	0.03360	0.03182	0.10265	0.03388	0.26390	0.11955	0.00939	0.01343	0.01433	0.00733	0.00964
2	0.67341	0.02249	0.01709	0.01529	0.02249	0.02609	0.01260	0.03419	0.01979	0.05218	0.01619	0.01889	0.01260	0.01080	0.00720	0.00360	0.00900	0.00630	0.00720	0.01260
3	0.12395	0.02386	0.03658	0.19245	0.25653	0.02544	0.02879	0.03676	0.02557	0.10618	0.02408	0.02947	0.01822	0.01134	0.01094	0.00361	0.01303	0.00995	0.00701	0.01624
4	0.02874	0.03548	0.18962	0.20548	0.05810	0.02686	0.10744	0.08053	0.02854	0.09082	0.02464	0.02974	0.01748	0.01167	0.01181	0.00376	0.01583	0.01054	0.00684	0.01609
5	0.02510	0.02319	0.03916	0.27092	0.12433	0.02540	0.10310	0.07820	0.02764	0.03682	0.02842	0.11083	0.02567	0.01500	0.01243	0.00391	0.01439	0.01423	0.00688	0.01439
6	0.03048	0.02563	0.02899	0.10269	0.03847	0.02968	0.02105	0.12732	0.35432	0.05003	0.04020	0.03899	0.02995	0.01487	0.01177	0.00386	0.01072	0.01229	0.01083	0.01784
7	0.02833	0.02587	0.04655	0.19962	0.27146	0.02672	0.12028	0.03587	0.02627	0.07099	0.02361	0.03069	0.01821	0.01090	0.01199	0.00367	0.01514	0.01111	0.00624	0.01646
8	0.14626	0.02247	0.03253	0.28921	0.05589	0.02583	0.06344	0.03836	0.09293	0.08343	0.02631	0.03141	0.01930	0.01218	0.01103	0.00381	0.01322	0.01042	0.00743	0.01454
9	0.01970	0.01043	0.01565	0.01565	0.01594	0.01072	0.01072	0.01594	0.01565	0.02115	0.02173	0.03680	0.02144	0.04696	0.11540	0.57162	0.01305	0.01043	0.00522	0.00580
10	0.02196	0.02067	0.03488	0.56331	0.08010	0.02584	0.03230	0.02972	0.02326	0.02972	0.02067	0.03101	0.01550	0.01163	0.01163	0.00388	0.01550	0.01034	0.00517	0.01292
11	0.04696	0.01975	0.02542	0.01986	0.02797	0.01806	0.01629	0.09421	0.03411	0.41162	0.04295	0.03898	0.02805	0.01423	0.01117	0.00346	0.00953	0.01145	0.10743	0.01849
12	0.02748	0.01398	0.01849	0.01779	0.02129	0.01293	0.01339	0.03044	0.02539	0.18483	0.05211	0.22469	0.05270	0.14665	0.02350	0.00588	0.00940	0.09556	0.01111	0.01240
13	0.02198	0.01271	0.01690	0.01619	0.01937	0.01156	0.01199	0.02619	0.02961	0.12517	0.28894	0.23601	0.08520	0.02615	0.01372	0.00399	0.00666	0.02321	0.01245	0.01203
14	0.05039	0.02267	0.02877	0.02206	0.03113	0.02137	0.01822	0.15206	0.03811	0.42458	0.04184	0.03696	0.02676	0.01430	0.01168	0.00357	0.01055	0.01142	0.01377	0.01979
15	0.67341	0.02249	0.01709	0.01529	0.02249	0.02609	0.01260	0.03419	0.01979	0.05218	0.01619	0.01889	0.01260	0.01080	0.00720	0.00360	0.00900	0.00630	0.00720	0.01260
16	0.02852	0.01592	0.02011	0.01866	0.02317	0.01543	0.01407	0.03727	0.11182	0.18447	0.11843	0.25469	0.05970	0.02437	0.01321	0.00410	0.00795	0.02142	0.01234	0.01436
17	0.01594	0.01096	0.01357	0.01445	0.01642	0.01017	0.01025	0.01965	0.02640	0.03721	0.20764	0.29758	0.12737	0.02836	0.01339	0.00401	0.00606	0.02512	0.10527	0.01017
18	0.05218	0.01979	0.02699	0.02069	0.02969	0.01709	0.01709	0.05668	0.03329	0.52677	0.04588	0.03959	0.02879	0.01439	0.01170	0.00360	0.00990	0.01170	0.01439	0.01979
19	0.58534	0.02390	0.01959	0.01690	0.02439	0.02749	0.01393	0.09658	0.02468	0.05514	0.01784	0.02016	0.01360	0.01124	0.00782	0.00358	0.00953	0.00688	0.00782	0.01360
20	0.02547	0.02341	0.03321	0.02443	0.03450	0.02020	0.10565	0.03559	0.09367	0.03934	0.02511	0.02835	0.01997	0.00989	0.01009	0.00248	0.01087	0.00915	0.00741	0.44123
21	0.04416	0.02968	0.03275	0.02543	0.03443	0.03215	0.02090	0.36855	0.09217	0.14872	0.03280	0.03136	0.02278	0.01420	0.01166	0.00355	0.01197	0.01093	0.01213	0.01965
22	0.01533	0.01103	0.01415	0.01620	0.01746	0.01044	0.01149	0.01775	0.02274	0.02977	0.06512	0.38533	0.11350	0.11264	0.02116	0.00567	0.00800	0.10258	0.01026	0.00937
23	0.01571	0.01220	0.01771	0.12403	0.02933	0.01268	0.01503	0.01886	0.02246	0.02969	0.05554	0.47475	0.06482	0.03155	0.01421	0.00456	0.00847	0.02858	0.00969	0.01013
24	0.01496	0.01088	0.01420	0.01613	0.01761	0.01013	0.01150	0.01792	0.02468	0.03286	0.13389	0.42049	0.11983	0.03351	0.01471	0.00456	0.00691	0.07430	0.01108	0.00984
25	0.03643	0.02100	0.02501	0.02116	0.02815	0.02157	0.01680	0.05395	0.24399	0.23995	0.11444	0.04819	0.04361	0.01639	0.01205	0.00376	0.00894	0.01371	0.01300	0.01788

[dist]
# distance from previous block
# <min> <max>
1	11

[block]
# block no. 3 follows, 10 sequences, length 27
# corresponding to MSA columns:
# 193-219
name=unknown_D
#
# <colnr> <probs for GDERKNQSTAVLIFYWHMCP>
#	G	D	E	R	K	N	Q	S	T	A	V	L	I	F	Y	W	H	M	C	P
0	0.12188	0.02764	0.04541	0.09606	0.17539	0.02872	0.16601	0.08099	0.06685	0.04333	0.02413	0.02949	0.01859	0.01117	0.01163	0.00370	0.01461	0.01106	0.00702	0.01633
1	0.02995	0.02959	0.10294	0.25451	0.05447	0.07362	0.02732	0.03709	0.02630	0.11998	0.02491	0.02956	0.01796	0.01161	0.01098	0.00338	0.01422	0.00952	0.00711	0.11498
2	0.02839	0.03058	0.03803	0.03202	0.03395	0.11360	0.06343	0.03163	0.02097	0.02885	0.01639	0.02526	0.01543	0.01817	0.03182	0.00467	0.43839	0.01007	0.00530	0.01309
3	0.02220	0.01942	0.02195	0.02098	0.02462	0.06190	0.01625	0.03416	0.15163	0.03308	0.03453	0.04303	0.02969	0.06141	0.35467	0.01335	0.02428	0.01224	0.00775	0.01285
4	0.17883	0.02860	0.02999	0.02346	0.03227	0.03122	0.01937	0.32454	0.04421	0.13399	0.02802	0.02768	0.01955	0.01335	0.01070	0.00353	0.01157	0.00976	0.01109	0.01826
5	0.01417	0.01012	0.01350	0.01619	0.01687	0.00945	0.01080	0.01619	0.02227	0.02969	0.06410	0.58367	0.07692	0.03644	0.01484	0.00472	0.00675	0.03306	0.01080	0.00945
6	0.05218	0.01979	0.02699	0.02069	0.02969	0.01709	0.01709	0.05668	0.03329	0.52677	0.04588	0.03959	0.02879	0.01439	0.01170	0.00360	0.00990	0.01170	0.01439	0.01979
7	0.11906	0.02095	0.02211	0.02042	0.02587	0.02308	0.01604	0.10686	0.19174	0.04683	0.05000	0.14745	0.07938	0.02116	0.01224	0.00410	0.00917	0.05803	0.01076	0.01474
8	0.01661	0.01246	0.01869	0.01869	0.02077	0.01454	0.01454	0.02077	0.01869	0.02700	0.03115	0.04569	0.02908	0.08723	0.54517	0.01869	0.03115	0.01246	0.00623	0.01038
9	0.01479	0.01122	0.01363	0.01431	0.01667	0.01006	0.01024	0.01823	0.02707	0.03577	0.22744	0.27401	0.22413	0.03012	0.01413	0.00413	0.00607	0.02647	0.01145	0.01006
10	0.02472	0.01458	0.01855	0.01752	0.01999	0.01467	0.01251	0.09115	0.02523	0.07808	0.03854	0.20309	0.04011	0.08665	0.02929	0.23883	0.00961	0.01786	0.00885	0.01019
11	0.01442	0.01067	0.01349	0.01519	0.01674	0.00973	0.01047	0.01711	0.02455	0.03243	0.13808	0.42866	0.15911	0.03338	0.01449	0.00443	0.00641	0.02982	0.01109	0.00973
12	0.02302	0.02175	0.03678	0.48743	0.14776	0.02612	0.03282	0.03064	0.02375	0.03099	0.02086	0.03066	0.01595	0.01143	0.01161	0.00381	0.01524	0.01034	0.00526	0.01377
13	0.35368	0.02566	0.02496	0.02021	0.02843	0.02825	0.01667	0.19628	0.03429	0.13290	0.02495	0.02530	0.01765	0.01248	0.00947	0.00356	0.01049	0.00862	0.00989	0.01626
14	0.01582	0.01198	0.01481	0.01665	0.01830	0.01171	0.01149	0.02147	0.07717	0.03202	0.06712	0.47831	0.11239	0.03343	0.01440	0.00456	0.00695	0.03000	0.01092	0.01051
15	0.02135	0.01702	0.01976	0.01817	0.02242	0.01801	0.01389	0.03757	0.21513	0.04743	0.33018	0.06983	0.08064	0.02064	0.01298	0.00377	0.00694	0.01794	0.01242	0.01389
16	0.01417	0.01012	0.01350	0.01619	0.01687	0.00945	0.01080	0.01619	0.02227	0.02969	0.06410	0.58367	0.07692	0.03644	0.01484	0.00472	0.00675	0.03306	0.01080	0.00945
17	0.01483	0.01082	0.01411	0.01649	0.01785	0.01010	0.01180	0.01747	0.02345	0.03068	0.06987	0.45978	0.12550	0.03497	0.01491	0.00473	0.00726	0.09492	0.01078	0.00968
18	0.02663	0.01787	0.02139	0.01850	0.02352	0.01813	0.01446	0.10230	0.10312	0.10609	0.31744	0.06611	0.07591	0.02004	0.01289	0.00367	0.00765	0.01720	0.01267	0.01441
19	0.02196	0.02067	0.03488	0.56331	0.08010	0.02584	0.03230	0.02972	0.02326	0.02972	0.02067	0.03101	0.01550	0.01163	0.01163	0.00388	0.01550	0.01034	0.00517	0.01292
20	0.02109	0.01303	0.01430	0.01368	0.01691	0.01328	0.01034	0.03018	0.08984	0.04504	0.18062	0.05633	0.05438	0.01689	0.01029	0.00316	0.00594	0.01418	0.37863	0.01189
21	0.58413	0.02210	0.01852	0.01607	0.02353	0.02480	0.01324	0.03742	0.02173	0.12039	0.02046	0.02187	0.01492	0.01131	0.00784	0.00360	0.00913	0.00707	0.00823	0.01363
22	0.03628	0.03686	0.03304	0.02835	0.03451	0.27565	0.08442	0.04028	0.02995	0.10685	0.03286	0.14471	0.03063	0.01723	0.01206	0.00359	0.01605	0.01446	0.00829	0.01392
23	0.02619	0.02553	0.03654	0.05217	0.33360	0.07302	0.02756	0.03138	0.02595	0.03478	0.03311	0.18067	0.03418	0.01769	0.01233	0.00376	0.01257	0.01633	0.00717	0.01547
24	0.02965	0.02422	0.02962	0.13591	0.04124	0.02382	0.02019	0.16366	0.03304	0.04671	0.02283	0.02671	0.01762	0.01085	0.01015	0.00271	0.01132	0.00869	0.00794	0.33312
25	0.09078	0.13801	0.22779	0.14071	0.04847	0.03118	0.03095	0.09361	0.02766	0.04002	0.02049	0.02479	0.01539	0.01134	0.01025	0.00348	0.01462	0.00858	0.00609	0.01578
26	0.10567	0.09777	0.03366	0.02778	0.07854	0.17949	0.02039	0.04688	0.03010	0.22694	0.02892	0.02856	0.02049	0.01242	0.01039	0.00328	0.01378	0.00916	0.00926	0.01652

[dist]
# distance from previous block
# <min> <max>
1	8

[block]
# block no. 4 follows, 10 sequences, length 70
# corresponding to MSA columns:
# 228-297
name=unknown_E
#
# <colnr> <probs for GDERKNQSTAVLIFYWHMCP>
#	G	D	E	R	K	N	Q	S	T	A	V	L	I	F	Y	W	H	M	C	P
0	0.02575	0.01854	0.02474	0.15051	0.03756	0.01960	0.01873	0.07427	0.07953	0.08162	0.07537	0.13593	0.03879	0.02058	0.01549	0.06964	0.01041	0.01536	0.00915	0.07842
1	0.02609	0.01666	0.02466	0.08040	0.10769	0.01618	0.01838	0.03119	0.02901	0.14123	0.20245	0.15386	0.06237	0.02075	0.01293	0.00383	0.00900	0.01849	0.01085	0.01395
2	0.02334	0.02663	0.09218	0.40647	0.11862	0.02650	0.07836	0.03182	0.02414	0.03205	0.02110	0.03014	0.01593	0.01126	0.01177	0.00382	0.01593	0.01049	0.00527	0.01420
3	0.03385	0.02198	0.03227	0.25204	0.08981	0.02384	0.02573	0.09838	0.03092	0.17814	0.03234	0.04123	0.02439	0.01434	0.01201	0.00384	0.01301	0.04668	0.00918	0.01606
4	0.01795	0.01108	0.01484	0.01664	0.01814	0.01021	0.01142	0.02022	0.02336	0.07912	0.06229	0.52957	0.07214	0.03425	0.01453	0.00461	0.00706	0.03094	0.01115	0.01048
5	0.01786	0.01276	0.01575	0.01689	0.01843	0.01264	0.01154	0.06757	0.02513	0.03354	0.05638	0.45346	0.06591	0.10911	0.02050	0.00547	0.00803	0.02838	0.01038	0.01026
6	0.03486	0.02135	0.03201	0.25918	0.09234	0.02293	0.02534	0.04382	0.07502	0.22363	0.03315	0.03537	0.02287	0.01300	0.01167	0.00374	0.01257	0.01114	0.00944	0.01658
7	0.02281	0.01839	0.02149	0.01617	0.02463	0.01437	0.01278	0.02805	0.02534	0.03969	0.08921	0.03475	0.03115	0.01121	0.00925	0.00209	0.00784	0.00924	0.07945	0.50208
8	0.02961	0.02146	0.02359	0.02101	0.02656	0.02370	0.01589	0.05188	0.33593	0.10805	0.04494	0.04960	0.03599	0.13392	0.02155	0.00541	0.00972	0.01373	0.01120	0.01626
9	0.03109	0.02520	0.03300	0.37949	0.06376	0.09431	0.02784	0.03753	0.02663	0.13175	0.02549	0.03141	0.01816	0.01225	0.01149	0.00370	0.01509	0.01023	0.00718	0.01441
10	0.02536	0.01499	0.02016	0.01866	0.02068	0.01598	0.01373	0.07014	0.02275	0.07912	0.03123	0.13551	0.03103	0.03226	0.03209	0.33892	0.06542	0.01456	0.00775	0.00967
11	0.02669	0.03882	0.24605	0.12844	0.05054	0.02511	0.07470	0.03904	0.07273	0.08058	0.02595	0.02958	0.01875	0.01155	0.01129	0.00355	0.01475	0.00996	0.00680	0.08512
12	0.02545	0.02545	0.03562	0.03053	0.03053	0.03562	0.02545	0.02799	0.01781	0.02799	0.01527	0.02545	0.01527	0.02036	0.03817	0.00509	0.56997	0.01018	0.00509	0.01272
13	0.46152	0.02157	0.02047	0.01714	0.02495	0.02302	0.01413	0.04186	0.02440	0.21405	0.02632	0.02595	0.01812	0.01202	0.00873	0.00360	0.00930	0.00814	0.00965	0.01505
14	0.03109	0.59826	0.06095	0.01990	0.02985	0.04602	0.01990	0.03483	0.02363	0.02736	0.01617	0.01866	0.01493	0.00995	0.00746	0.00249	0.01244	0.00622	0.00498	0.01493
15	0.02002	0.01563	0.01862	0.01721	0.02105	0.01610	0.01310	0.03333	0.16562	0.04721	0.37975	0.07446	0.08854	0.02149	0.01318	0.00374	0.00655	0.01878	0.01253	0.01310
16	0.11111	0.01829	0.02344	0.01929	0.02655	0.01663	0.01545	0.04680	0.02982	0.38435	0.04610	0.13811	0.03598	0.01809	0.01180	0.00381	0.00922	0.01508	0.01296	0.01711
17	0.01448	0.01036	0.01377	0.01598	0.01694	0.00965	0.01082	0.01697	0.02371	0.03199	0.12485	0.51638	0.08137	0.03472	0.01469	0.00458	0.00658	0.03143	0.01107	0.00965
18	0.01843	0.01318	0.01831	0.02050	0.02319	0.01306	0.01769	0.02381	0.02761	0.03641	0.12267	0.12519	0.07273	0.03100	0.01575	0.00512	0.01000	0.38362	0.01099	0.01075
19	0.02286	0.01484	0.01627	0.01617	0.01983	0.01581	0.01284	0.03502	0.14133	0.04290	0.04511	0.06143	0.03884	0.01792	0.01067	0.00356	0.00744	0.09974	0.36473	0.01268
20	0.18820	0.01628	0.01869	0.01721	0.02222	0.01602	0.01318	0.03352	0.02598	0.18885	0.08676	0.23389	0.04930	0.02225	0.01190	0.00401	0.00815	0.01887	0.01119	0.01352
21	0.04485	0.02574	0.02960	0.02295	0.03148	0.02662	0.01888	0.28024	0.04385	0.23554	0.03547	0.03372	0.02407	0.01408	0.01131	0.00345	0.01100	0.01095	0.07731	0.01889
22	0.04017	0.02088	0.02559	0.02116	0.02866	0.02077	0.01696	0.05506	0.20159	0.30536	0.09317	0.04570	0.03933	0.01584	0.01195	0.00373	0.00920	0.01316	0.01331	0.01841
23	0.03646	0.02349	0.02701	0.02215	0.02902	0.02493	0.01767	0.20322	0.13508	0.14735	0.10030	0.04210	0.03700	0.01838	0.01533	0.06907	0.01023	0.01266	0.01172	0.01684
24	0.02249	0.02257	0.04465	0.03349	0.04118	0.02108	0.26623	0.03034	0.02992	0.04149	0.24441	0.05644	0.05924	0.01611	0.01372	0.00380	0.01323	0.01703	0.00901	0.01356
25	0.01382	0.01148	0.01209	0.01257	0.01592	0.00975	0.00919	0.01660	0.02575	0.03111	0.10819	0.19651	0.43563	0.03071	0.01394	0.00407	0.00604	0.02607	0.01080	0.00975
26	0.20449	0.01440	0.01559	0.01629	0.01948	0.01478	0.01181	0.02451	0.02244	0.07540	0.04905	0.38017	0.05484	0.02741	0.01242	0.00431	0.00764	0.02377	0.01006	0.01116
27	0.11431	0.02018	0.02360	0.02078	0.02584	0.02291	0.01667	0.16777	0.03022	0.04505	0.02811	0.03644	0.02390	0.05371	0.30359	0.01184	0.02235	0.01100	0.00807	0.01365
28	0.03404	0.02276	0.02404	0.01957	0.02590	0.02467	0.01579	0.27541	0.04100	0.05978	0.03245	0.03490	0.02431	0.01378	0.01005	0.00314	0.00947	0.01064	0.30259	0.01574
29	0.01811	0.01085	0.01358	0.01358	0.01358	0.01085	0.00816	0.01627	0.01627	0.02170	0.03067	0.06131	0.03426	0.39118	0.05421	0.24750	0.01085	0.01444	0.00632	0.00632
30	0.01452	0.01195	0.01285	0.01303	0.01672	0.01029	0.01004	0.01796	0.02717	0.03327	0.15144	0.11137	0.42900	0.02916	0.01398	0.00404	0.00633	0.06586	0.01099	0.01002
31	0.01936	0.01192	0.01570	0.01672	0.01904	0.01123	0.01256	0.02317	0.02615	0.07658	0.13989	0.31114	0.07221	0.02923	0.01393	0.00435	0.00738	0.10230	0.07620	0.01096
32	0.02818	0.02667	0.08086	0.04936	0.29947	0.02374	0.02878	0.03725	0.07349	0.08447	0.03351	0.12116	0.03031	0.01559	0.01206	0.00374	0.01213	0.01430	0.00794	0.01698
33	0.02412	0.02067	0.02412	0.01723	0.02756	0.01550	0.01378	0.02929	0.02412	0.03790	0.02067	0.02412	0.01723	0.00861	0.00861	0.00172	0.00861	0.00689	0.00689	0.66236
34	0.08611	0.15307	0.16801	0.07919	0.09356	0.03210	0.10970	0.07804	0.02743	0.03935	0.02072	0.02535	0.01602	0.01084	0.01060	0.00345	0.01502	0.00932	0.00605	0.01606
35	0.03806	0.02298	0.02671	0.02240	0.02965	0.02406	0.01780	0.13241	0.20472	0.21419	0.04510	0.09897	0.03488	0.01725	0.01208	0.00383	0.00983	0.01436	0.01256	0.01814
36	0.01473	0.01056	0.01400	0.01581	0.01699	0.00982	0.01084	0.01761	0.02489	0.03386	0.17444	0.46144	0.08500	0.03332	0.01457	0.00446	0.00644	0.03010	0.01129	0.00982
37	0.02384	0.02610	0.08719	0.15411	0.04608	0.02066	0.06749	0.03102	0.02429	0.03574	0.02098	0.02655	0.01658	0.00973	0.01012	0.00268	0.01232	0.00859	0.00616	0.36978
38	0.31426	0.02211	0.02167	0.01781	0.02599	0.02260	0.01437	0.03967	0.10285	0.09509	0.02572	0.02661	0.01942	0.01136	0.00884	0.00311	0.00901	0.00816	0.00861	0.20273
39	0.04486	0.02363	0.02861	0.02215	0.03113	0.02289	0.01814	0.16089	0.08433	0.31264	0.03883	0.03539	0.02597	0.01381	0.01137	0.00341	0.01042	0.01102	0.01265	0.08788
40	0.01669	0.01215	0.01711	0.01711	0.01864	0.01368	0.01257	0.01975	0.01822	0.02583	0.03260	0.05369	0.03255	0.21981	0.41734	0.01674	0.02592	0.01363	0.00645	0.00951
41	0.17491	0.01618	0.01889	0.07582	0.02665	0.01670	0.01415	0.02884	0.02817	0.09553	0.25248	0.06222	0.10841	0.01896	0.01174	0.00369	0.00793	0.01575	0.01061	0.01239
42	0.09818	0.02294	0.03208	0.26586	0.05232	0.02776	0.02569	0.07825	0.02622	0.10340	0.02319	0.02940	0.01737	0.01399	0.01677	0.00403	0.13076	0.01007	0.00726	0.01446
43	0.01691	0.01128	0.01268	0.01268	0.01268	0.01128	0.00705	0.01691	0.01691	0.02255	0.03665	0.07611	0.04228	0.59126	0.05920	0.01128	0.01128	0.01691	0.00705	0.00705
44	0.01409	0.01043	0.01318	0.01538	0.01665	0.00952	0.01043	0.01629	0.02305	0.03001	0.07405	0.49634	0.15783	0.03514	0.01464	0.00458	0.00659	0.03149	0.01080	0.00952
45	0.03859	0.17265	0.09435	0.02780	0.03622	0.32940	0.02414	0.08440	0.03207	0.03345	0.01886	0.02153	0.01540	0.01163	0.01000	0.00301	0.01790	0.00762	0.00619	0.01481
46	0.02418	0.02270	0.03728	0.27094	0.22709	0.02583	0.03048	0.03085	0.02495	0.03441	0.07496	0.03582	0.02696	0.01339	0.01448	0.00382	0.06945	0.01151	0.00622	0.01468
47	0.02420	0.02321	0.03250	0.02885	0.02934	0.03151	0.02420	0.02727	0.01947	0.02925	0.02384	0.04502	0.02483	0.02254	0.03408	0.00514	0.46644	0.08982	0.00613	0.01235
48	0.51644	0.02062	0.01734	0.01529	0.02208	0.02303	0.01249	0.03572	0.02191	0.10346	0.02242	0.02450	0.01672	0.01157	0.00782	0.00348	0.00861	0.00751	0.09586	0.01315
49	0.67341	0.02249	0.01709	0.01529	0.02249	0.02609	0.01260	0.03419	0.01979	0.05218	0.01619	0.01889	0.01260	0.01080	0.00720	0.00360	0.00900	0.00630	0.00720	0.01260
50	0.02879	0.02763	0.04721	0.07139	0.51871	0.02763	0.03569	0.03569	0.02648	0.03800	0.02188	0.02879	0.01842	0.01036	0.01151	0.00345	0.01382	0.01036	0.00576	0.01842
51	0.02913	0.13431	0.08372	0.02256	0.03210	0.02913	0.02033	0.09015	0.19093	0.04332	0.02984	0.03021	0.02314	0.01215	0.01008	0.00302	0.01083	0.00948	0.00855	0.18704
52	0.02122	0.01809	0.02476	0.02928	0.13791	0.01707	0.01774	0.02882	0.07383	0.03858	0.14156	0.14997	0.10368	0.02010	0.01233	0.00353	0.00863	0.01784	0.00945	0.12562
53	0.03094	0.02419	0.08409	0.09746	0.03668	0.02340	0.02330	0.03535	0.02352	0.17025	0.02742	0.03315	0.02097	0.02516	0.07557	0.07162	0.16418	0.01068	0.00784	0.01425
54	0.02083	0.02274	0.08389	0.02509	0.02981	0.02059	0.08093	0.02662	0.02593	0.03685	0.19674	0.06319	0.05627	0.07758	0.02325	0.00493	0.12587	0.05804	0.00862	0.01224
55	0.01726	0.01195	0.01761	0.01749	0.01927	0.01323	0.01323	0.01989	0.01996	0.02840	0.09434	0.04936	0.03836	0.06996	0.38067	0.13567	0.02378	0.01319	0.00690	0.00948
56	0.04038	0.07296	0.10148	0.08553	0.08748	0.02430	0.02472	0.08265	0.03138	0.28116	0.03356	0.03292	0.02258	0.01286	0.01124	0.00353	0.01232	0.01046	0.01029	0.01819
57	0.05218	0.01979	0.02699	0.02069	0.02969	0.01709	0.01709	0.05668	0.03329	0.52677	0.04588	0.03959	0.02879	0.01439	0.01170	0.00360	0.00990	0.01170	0.01439	0.01979
58	0.01941	0.01234	0.01620	0.01675	0.01951	0.01139	0.01275	0.02332	0.02750	0.08527	0.18775	0.26447	0.12285	0.02932	0.01434	0.00436	0.00737	0.10224	0.01168	0.01117
59	0.02330	0.02258	0.03983	0.45430	0.12655	0.02642	0.07984	0.03118	0.02406	0.03143	0.02111	0.03080	0.01605	0.01129	0.01184	0.00383	0.01575	0.01070	0.00531	0.01382
60	0.03203	0.04799	0.37904	0.02939	0.04411	0.02402	0.03517	0.04282	0.02719	0.18455	0.02841	0.02909	0.01897	0.01206	0.01124	0.00366	0.01499	0.00953	0.00777	0.01797
61	0.01870	0.06925	0.02214	0.01956	0.02201	0.01688	0.01587	0.02251	0.02476	0.03297	0.10186	0.26301	0.06534	0.02956	0.01654	0.00466	0.05885	0.17475	0.00991	0.01088
62	0.03503	0.01882	0.02200	0.01873	0.02480	0.01898	0.01520	0.11970	0.07223	0.19085	0.04164	0.04828	0.03190	0.01592	0.01091	0.00348	0.00891	0.05426	0.23263	0.01570
63	0.02111	0.02147	0.10982	0.06461	0.02898	0.01529	0.01853	0.02634	0.02529	0.08323	0.13779	0.21349	0.05775	0.10020	0.01936	0.00503	0.01003	0.02001	0.00953	0.01215
64	0.02915	0.01707	0.02549	0.21020	0.04325	0.01779	0.02038	0.03431	0.02712	0.18850	0.08604	0.16931	0.04321	0.01951	0.01261	0.00397	0.01071	0.01715	0.01014	0.01409
65	0.03535	0.09370	0.03811	0.08390	0.03979	0.12593	0.06691	0.08314	0.02991	0.11609	0.02425	0.02740	0.01835	0.01244	0.01331	0.00330	0.06766	0.00943	0.00774	0.10328
66	0.10004	0.02684	0.09369	0.07593	0.03546	0.02302	0.02090	0.07354	0.11525	0.08241	0.02787	0.03065	0.02112	0.01494	0.01389	0.06937	0.01121	0.00959	0.00823	0.14606
67	0.10518	0.08818	0.03088	0.12973	0.03876	0.09377	0.02014	0.04147	0.02775	0.20959	0.03223	0.07938	0.02530	0.01461	0.01085	0.00355	0.01243	0.01158	0.00928	0.01533
68	0.32964	0.10060	0.02787	0.01872	0.02707	0.02690	0.01592	0.08413	0.02793	0.20091	0.02670	0.02627	0.01872	0.01212	0.00908	0.00344	0.01011	0.00839	0.00960	0.01588
69	0.02633	0.02615	0.12959	0.02319	0.03156	0.01757	0.06481	0.03230	0.02556	0.12901	0.04449	0.13592	0.08132	0.07300	0.01664	0.00435	0.01139	0.01599	0.00890	0.10192

[dist]
# distance from previous block
# <min> <max>
7	50

[block]
# block no. 5 follows, 10 sequences, length 6
# corresponding to MSA columns:
# 352-357
name=unknown_F
#
# <colnr> <probs for GDERKNQSTAVLIFYWHMCP>
#	G	D	E	R	K	N	Q	S	T	A	V	L	I	F	Y	W	H	M	C	P
0	0.08198	0.01581	0.02125	0.15980	0.03548	0.01709	0.01728	0.02792	0.02460	0.08729	0.08068	0.10140	0.10042	0.02777	0.08256	0.00575	0.01250	0.01533	0.07293	0.01218
1	0.20279	0.10080	0.03050	0.07084	0.03322	0.02651	0.01803	0.09847	0.02933	0.17288	0.02651	0.02726	0.01894	0.01188	0.00959	0.00324	0.01078	0.00871	0.00916	0.09057
2	0.09325	0.02211	0.02862	0.14169	0.09104	0.02380	0.02154	0.04305	0.16078	0.10752	0.06459	0.03741	0.02956	0.01351	0.01111	0.00357	0.01081	0.01133	0.00926	0.07546
3	0.02282	0.09618	0.03164	0.02228	0.02879	0.02231	0.06875	0.03043	0.07025	0.03599	0.08941	0.06107	0.11661	0.01855	0.01393	0.00358	0.05261	0.07145	0.00856	0.13478
4	0.11821	0.02209	0.02742	0.02139	0.02955	0.02113	0.05237	0.08080	0.07753	0.10739	0.02716	0.02978	0.02071	0.01473	0.01413	0.07876	0.01037	0.00939	0.00863	0.22847
5	0.01796	0.01087	0.01287	0.01351	0.01557	0.01042	0.00970	0.02230	0.02582	0.03976	0.16411	0.22872	0.06486	0.02348	0.01169	0.00360	0.00587	0.02055	0.28795	0.01042

[dist]
# distance from previous block
# <min> <max>
0	2

[block]
# block no. 6 follows, 10 sequences, length 34
# corresponding to MSA columns:
# 360-393
name=unknown_G
#
# <colnr> <probs for GDERKNQSTAVLIFYWHMCP>
#	G	D	E	R	K	N	Q	S	T	A	V	L	I	F	Y	W	H	M	C	P
0	0.07212	0.02579	0.10959	0.02887	0.09633	0.02034	0.05076	0.06692	0.02733	0.08637	0.03596	0.14833	0.03284	0.01721	0.01140	0.00368	0.01095	0.01502	0.12560	0.01460
1	0.01726	0.01084	0.01305	0.01370	0.01464	0.01057	0.00890	0.01889	0.02111	0.03037	0.08853	0.20673	0.05411	0.23463	0.03233	0.06159	0.00833	0.02006	0.12576	0.00860
2	0.01841	0.01143	0.01449	0.01530	0.01658	0.01079	0.01008	0.02019	0.02209	0.06997	0.08246	0.33683	0.06348	0.21872	0.02929	0.00674	0.00844	0.02511	0.00998	0.00961
3	0.02609	0.02221	0.02892	0.02541	0.02766	0.02783	0.02076	0.10720	0.02568	0.03639	0.02788	0.04814	0.02759	0.09319	0.08126	0.00685	0.27667	0.07005	0.00738	0.01284
4	0.02702	0.03305	0.11251	0.02522	0.03624	0.09131	0.07317	0.03377	0.02578	0.03636	0.02067	0.02460	0.01656	0.00961	0.00985	0.00247	0.01296	0.00804	0.00633	0.39448
5	0.47327	0.10072	0.02488	0.01690	0.02480	0.02719	0.01441	0.03834	0.02276	0.13460	0.02156	0.02260	0.01584	0.01133	0.00805	0.00345	0.00963	0.00726	0.00820	0.01422
6	0.03273	0.02944	0.11863	0.03253	0.07322	0.02309	0.13182	0.08154	0.03198	0.16588	0.11747	0.04187	0.03690	0.01413	0.01242	0.00368	0.01315	0.01316	0.00967	0.01670
7	0.08505	0.08505	0.03250	0.02394	0.03203	0.10079	0.01953	0.17551	0.14280	0.13770	0.03226	0.03107	0.02335	0.01358	0.01082	0.00346	0.01228	0.01019	0.01046	0.01764
8	0.03175	0.02304	0.02235	0.01834	0.02498	0.07876	0.01447	0.11454	0.03165	0.09202	0.03061	0.03319	0.02329	0.01239	0.00949	0.00274	0.00971	0.00956	0.25359	0.16353
9	0.02659	0.01906	0.02211	0.01903	0.02487	0.01917	0.01497	0.13021	0.06446	0.08205	0.05463	0.10520	0.14218	0.03247	0.10857	0.00629	0.01298	0.01610	0.01007	0.08897
10	0.02687	0.03374	0.20433	0.02796	0.03806	0.02206	0.09059	0.03479	0.02590	0.12102	0.04367	0.04581	0.10914	0.02181	0.05860	0.00510	0.05422	0.01319	0.00791	0.01522
11	0.02707	0.02283	0.03089	0.02686	0.02846	0.02948	0.02186	0.06589	0.02291	0.07110	0.02755	0.12769	0.02785	0.02226	0.02966	0.00477	0.37773	0.01446	0.00740	0.01327
12	0.02842	0.01490	0.01804	0.01594	0.01915	0.01440	0.01095	0.03234	0.05943	0.17569	0.04025	0.06261	0.03771	0.37337	0.04126	0.00840	0.01070	0.01506	0.00962	0.01176
13	0.02428	0.01537	0.02195	0.02612	0.10903	0.01458	0.01563	0.02744	0.02460	0.11886	0.07896	0.24493	0.05282	0.14411	0.02297	0.00560	0.00945	0.02092	0.00987	0.01250
14	0.09392	0.02424	0.06012	0.07707	0.07555	0.02336	0.02226	0.07833	0.11679	0.14783	0.03872	0.05126	0.03164	0.01667	0.01201	0.00399	0.01139	0.08843	0.01014	0.01628
15	0.01737	0.01275	0.01571	0.01554	0.01588	0.01373	0.01017	0.01847	0.01928	0.02642	0.07771	0.16290	0.05089	0.37897	0.04506	0.00876	0.07456	0.01939	0.00797	0.00846
16	0.01850	0.01190	0.01488	0.01497	0.01687	0.01135	0.01027	0.02087	0.02306	0.06861	0.11848	0.20886	0.11278	0.21014	0.07886	0.00778	0.01047	0.02175	0.00975	0.00985
17	0.03071	0.02285	0.02979	0.07873	0.10057	0.02163	0.02017	0.11417	0.03177	0.10085	0.07099	0.03375	0.02766	0.01219	0.01068	0.00288	0.01060	0.01022	0.00885	0.26095
18	0.08167	0.03639	0.15353	0.03144	0.09196	0.09495	0.06191	0.07507	0.02890	0.03964	0.03859	0.04072	0.10616	0.01442	0.01131	0.00347	0.01382	0.01182	0.00725	0.05699
19	0.04943	0.02421	0.02973	0.02279	0.03189	0.02365	0.01883	0.20299	0.04068	0.37001	0.03968	0.03555	0.02568	0.01425	0.01167	0.00356	0.01090	0.01127	0.01344	0.01979
20	0.01886	0.01398	0.01775	0.01753	0.01993	0.01523	0.01288	0.02616	0.10568	0.03014	0.04446	0.10500	0.08041	0.11591	0.22392	0.10035	0.01732	0.01588	0.00804	0.01058
21	0.23171	0.02024	0.02104	0.01927	0.02526	0.02200	0.01527	0.04259	0.16456	0.12411	0.04094	0.12211	0.03583	0.01833	0.01114	0.00401	0.00901	0.04714	0.01056	0.01488
22	0.02594	0.12654	0.03673	0.28517	0.05440	0.03052	0.02543	0.04133	0.18147	0.03560	0.02875	0.03290	0.02207	0.01271	0.01094	0.00365	0.01285	0.01053	0.00736	0.01511
23	0.04071	0.02189	0.02598	0.02082	0.02869	0.02151	0.01691	0.14743	0.09066	0.27760	0.05493	0.05042	0.11522	0.01718	0.01207	0.00367	0.00976	0.01391	0.01281	0.01783
24	0.01476	0.01044	0.01358	0.01557	0.01634	0.00984	0.01030	0.01683	0.02253	0.03030	0.10223	0.46789	0.07525	0.11111	0.02080	0.00552	0.00725	0.02973	0.01047	0.00926
25	0.02273	0.01892	0.02283	0.08079	0.03102	0.01775	0.01581	0.06480	0.07071	0.03846	0.04488	0.14020	0.09765	0.01794	0.01134	0.00317	0.00909	0.01531	0.00878	0.26783
26	0.02074	0.01628	0.02098	0.11496	0.03096	0.01687	0.01595	0.08497	0.03294	0.04435	0.28277	0.07345	0.15680	0.02131	0.01306	0.00373	0.00837	0.01832	0.01088	0.01231
27	0.01918	0.01572	0.02199	0.02005	0.02333	0.01760	0.01589	0.02330	0.01955	0.02911	0.02709	0.03902	0.02505	0.06387	0.37884	0.01376	0.10074	0.01114	0.00619	0.12859
28	0.01626	0.01141	0.01450	0.01523	0.01658	0.01094	0.01062	0.01913	0.02449	0.03340	0.19593	0.22007	0.07543	0.20209	0.02823	0.00647	0.00820	0.07142	0.01027	0.00934
29	0.02412	0.02067	0.02412	0.01723	0.02756	0.01550	0.01378	0.02929	0.02412	0.03790	0.02067	0.02412	0.01723	0.00861	0.00861	0.00172	0.00861	0.00689	0.00689	0.66236
30	0.01572	0.01159	0.01498	0.01511	0.01729	0.01120	0.01097	0.01952	0.02616	0.03585	0.24823	0.17587	0.13875	0.08441	0.11371	0.00723	0.01089	0.02190	0.01050	0.01010
31	0.01610	0.01234	0.01744	0.01744	0.01985	0.01368	0.01351	0.02003	0.02011	0.02780	0.04682	0.05767	0.11675	0.07678	0.44908	0.01602	0.02659	0.01465	0.00706	0.01028
32	0.02214	0.01288	0.01755	0.01689	0.02002	0.01226	0.01265	0.02622	0.02735	0.12304	0.21429	0.21375	0.07143	0.03723	0.10978	0.00667	0.01127	0.02129	0.01132	0.01199
33	0.01622	0.01127	0.01278	0.01308	0.01544	0.01036	0.00923	0.01955	0.02532	0.03505	0.16039	0.17321	0.20511	0.10351	0.01913	0.00480	0.00661	0.02184	0.12731	0.00979

[dist]
# distance from previous block
# <min> <max>
0	30

[block]
# block no. 7 follows, 10 sequences, length 21
# corresponding to MSA columns:
# 425-445
name=unknown_H
#
# <colnr> <probs for GDERKNQSTAVLIFYWHMCP>
#	G	D	E	R	K	N	Q	S	T	A	V	L	I	F	Y	W	H	M	C	P
0	0.04531	0.03082	0.03381	0.02592	0.03519	0.03345	0.02142	0.42159	0.05173	0.13580	0.03040	0.02953	0.02102	0.01402	0.01164	0.00351	0.01240	0.01064	0.01202	0.01978
1	0.03470	0.01729	0.02211	0.01962	0.02526	0.01646	0.01510	0.04328	0.11057	0.26773	0.05257	0.23232	0.04695	0.02242	0.01283	0.00406	0.00866	0.01949	0.01268	0.01590
2	0.13166	0.01324	0.01346	0.01314	0.01440	0.01387	0.00802	0.01993	0.01742	0.02773	0.03307	0.06611	0.03709	0.48980	0.05011	0.00993	0.01088	0.01506	0.00707	0.00802
3	0.01548	0.01025	0.01303	0.01526	0.01629	0.00969	0.01033	0.01810	0.02264	0.03208	0.05953	0.48923	0.06869	0.03244	0.01367	0.00437	0.00652	0.02918	0.12354	0.00969
4	0.09561	0.02753	0.02928	0.02396	0.03202	0.03057	0.01936	0.24042	0.21526	0.10832	0.03597	0.03409	0.02594	0.01440	0.01132	0.00368	0.01082	0.01123	0.01159	0.01862
5	0.03549	0.01769	0.02266	0.01952	0.02529	0.01667	0.01518	0.09871	0.03260	0.25925	0.09082	0.21989	0.05046	0.02237	0.01290	0.00396	0.00888	0.01934	0.01270	0.01563
6	0.01662	0.01223	0.01748	0.01732	0.01928	0.01355	0.01308	0.02055	0.02098	0.02994	0.11591	0.05626	0.04464	0.13198	0.39843	0.01524	0.02446	0.01445	0.00747	0.01012
7	0.01976	0.01142	0.01309	0.01307	0.01578	0.01113	0.01006	0.02519	0.02729	0.04354	0.18864	0.06560	0.05845	0.01857	0.01066	0.00327	0.00596	0.05627	0.39137	0.01087
8	0.12477	0.02132	0.02409	0.02044	0.02755	0.02228	0.01631	0.05173	0.21279	0.22140	0.09407	0.04346	0.03815	0.01548	0.01135	0.00374	0.00901	0.01255	0.01223	0.01728
9	0.03132	0.01802	0.02169	0.01932	0.02429	0.01796	0.01480	0.14124	0.03308	0.15923	0.04822	0.26314	0.04667	0.02336	0.01263	0.00395	0.00885	0.02018	0.07748	0.01458
10	0.04281	0.01730	0.02319	0.01902	0.02600	0.01520	0.01519	0.04696	0.03057	0.39662	0.04836	0.13502	0.03729	0.01817	0.01193	0.00372	0.00895	0.01535	0.07117	0.01718
11	0.02178	0.11302	0.02291	0.01574	0.01748	0.01649	0.01151	0.01876	0.01681	0.02168	0.02111	0.03644	0.02145	0.08925	0.04017	0.48246	0.01062	0.01009	0.00523	0.00697
12	0.14100	0.02166	0.03029	0.19955	0.04631	0.02391	0.06168	0.09353	0.02817	0.08919	0.03116	0.12527	0.02774	0.01622	0.01161	0.00390	0.01229	0.01403	0.00836	0.01413
13	0.54050	0.02333	0.02007	0.01711	0.02473	0.02628	0.01411	0.08586	0.02503	0.10280	0.02051	0.02200	0.01504	0.01151	0.00815	0.00359	0.00951	0.00731	0.00842	0.01412
14	0.03594	0.01806	0.02339	0.01828	0.02607	0.01516	0.01470	0.04086	0.03079	0.27910	0.15530	0.04728	0.04588	0.01521	0.01139	0.00312	0.00846	0.01276	0.01203	0.18623
15	0.02545	0.24596	0.03089	0.01447	0.02007	0.02492	0.01284	0.03019	0.02409	0.03696	0.02923	0.03347	0.02385	0.01211	0.00786	0.00262	0.00823	0.00899	0.39532	0.01248
16	0.07240	0.01602	0.02023	0.01779	0.02303	0.01508	0.01380	0.03718	0.05914	0.22400	0.19494	0.15282	0.06255	0.02124	0.01263	0.00384	0.00783	0.01829	0.01261	0.01457
17	0.34216	0.01783	0.01749	0.01609	0.02148	0.01892	0.01258	0.03162	0.02452	0.11230	0.12008	0.14180	0.04483	0.01855	0.01047	0.00382	0.00805	0.01483	0.00990	0.01269
18	0.08167	0.02342	0.02812	0.02358	0.02709	0.09194	0.09319	0.02728	0.02131	0.02915	0.02761	0.05005	0.02861	0.29566	0.03764	0.00749	0.07576	0.01337	0.00650	0.01056
19	0.02969	0.02932	0.03325	0.24148	0.05194	0.14755	0.06449	0.07817	0.02922	0.03676	0.02402	0.03052	0.01849	0.01211	0.01093	0.00343	0.01514	0.01007	0.11979	0.01361
20	0.02400	0.01324	0.01763	0.01641	0.02005	0.01198	0.01232	0.02838	0.03029	0.15146	0.29221	0.20271	0.08298	0.02487	0.01355	0.00392	0.00681	0.02198	0.01265	0.01259

[dist]
# distance from previous block
# <min> <max>
0	1

[block]
# block no. 8 follows, 10 sequences, length 56
# corresponding to MSA columns:
# 447-502
name=unknown_I
#
# <colnr> <probs for GDERKNQSTAVLIFYWHMCP>
#	G	D	E	R	K	N	Q	S	T	A	V	L	I	F	Y	W	H	M	C	P
0	0.11090	0.02196	0.02474	0.02048	0.02741	0.02291	0.01627	0.12510	0.13039	0.19816	0.08601	0.04383	0.03605	0.06515	0.01552	0.00432	0.00985	0.01255	0.01173	0.01667
1	0.53931	0.02301	0.02236	0.06559	0.09083	0.02627	0.01711	0.03403	0.02093	0.04859	0.01728	0.02112	0.01357	0.01081	0.00810	0.00360	0.01013	0.00714	0.00685	0.01337
2	0.02592	0.08034	0.03386	0.19404	0.10647	0.02684	0.02400	0.07147	0.12379	0.04087	0.11572	0.04188	0.03732	0.01453	0.01161	0.00362	0.01167	0.01245	0.00847	0.01513
3	0.02864	0.02433	0.02252	0.02106	0.02587	0.11405	0.01628	0.04170	0.17341	0.07865	0.10352	0.10035	0.04691	0.01920	0.01208	0.00378	0.01042	0.05780	0.08518	0.01424
4	0.03225	0.09255	0.03329	0.07871	0.03669	0.03235	0.02090	0.15883	0.28537	0.05037	0.03624	0.03546	0.02721	0.01424	0.01126	0.00366	0.01110	0.01140	0.01032	0.01779
5	0.39687	0.01964	0.01817	0.01560	0.02221	0.02053	0.01240	0.02983	0.02173	0.04534	0.07479	0.02949	0.02553	0.01484	0.01212	0.06993	0.00862	0.00851	0.00756	0.14628
6	0.03098	0.01901	0.02469	0.08155	0.03218	0.01782	0.01667	0.03792	0.08559	0.16096	0.03051	0.03349	0.02292	0.01735	0.01710	0.12685	0.01009	0.00993	0.00891	0.21547
