[name]
unknown

[dist]
# distance from previous block
# <min> <max>
3	30

[block]
# block no. 0 follows, 12 sequences, length 11
# corresponding to MSA columns:
# 272-282
name=unknown_A
#
# <colnr> <probs for GDERKNQSTAVLIFYWHMCP>
#	G	D	E	R	K	N	Q	S	T	A	V	L	I	F	Y	W	H	M	C	P
0	0.02342	0.01916	0.02610	0.23942	0.04375	0.02087	0.02046	0.12419	0.02943	0.03999	0.11795	0.09830	0.03731	0.01547	0.01121	0.00335	0.01067	0.01334	0.00811	0.09750
1	0.02811	0.02345	0.03199	0.35178	0.05720	0.02767	0.02594	0.19183	0.07675	0.04304	0.02387	0.02914	0.01754	0.01198	0.01092	0.00352	0.01317	0.00997	0.00742	0.01471
2	0.03527	0.02375	0.02798	0.02138	0.02947	0.02382	0.01755	0.21097	0.03438	0.15799	0.02642	0.02714	0.01916	0.01218	0.01251	0.00292	0.06875	0.00896	0.00943	0.22997
3	0.01500	0.01056	0.01179	0.01203	0.01285	0.01013	0.00729	0.01575	0.01818	0.02348	0.05237	0.12980	0.14589	0.44058	0.04281	0.00857	0.00913	0.01877	0.00766	0.00735
4	0.03189	0.01932	0.02453	0.02322	0.07224	0.01941	0.01668	0.08901	0.13875	0.20381	0.18369	0.04864	0.04848	0.01592	0.01152	0.00344	0.00855	0.01355	0.01156	0.01578
5	0.41625	0.02450	0.02315	0.01919	0.02602	0.02838	0.01585	0.19297	0.02939	0.05360	0.01880	0.02109	0.01429	0.01190	0.01067	0.00346	0.06088	0.00754	0.00797	0.01408
6	0.03236	0.02206	0.02951	0.11829	0.11338	0.02325	0.02133	0.18542	0.03400	0.14320	0.07152	0.09481	0.03158	0.01526	0.01137	0.00348	0.01089	0.01301	0.00961	0.01566
7	0.02777	0.02261	0.03928	0.26313	0.09111	0.02409	0.14551	0.03740	0.07742	0.12114	0.02671	0.03157	0.01928	0.01124	0.01141	0.00358	0.01388	0.01097	0.00716	0.01474
8	0.07904	0.01448	0.02042	0.07696	0.02629	0.01448	0.05556	0.02334	0.02252	0.07229	0.09200	0.21385	0.09984	0.11739	0.01910	0.00492	0.00914	0.01911	0.00874	0.01053
9	0.03437	0.02305	0.03526	0.13088	0.25574	0.02338	0.02614	0.08934	0.02914	0.20112	0.02798	0.03041	0.02002	0.01145	0.01088	0.00335	0.01195	0.01011	0.00843	0.01699
10	0.09563	0.02466	0.02662	0.11534	0.03607	0.07871	0.01834	0.11394	0.02902	0.12004	0.02347	0.02573	0.01730	0.01074	0.00952	0.00279	0.01123	0.00825	0.00795	0.22465

[dist]
# distance from previous block
# <min> <max>
0	16

[block]
# block no. 1 follows, 12 sequences, length 7
# corresponding to MSA columns:
# 305-311
name=unknown_B
#
# <colnr> <probs for GDERKNQSTAVLIFYWHMCP>
#	G	D	E	R	K	N	Q	S	T	A	V	L	I	F	Y	W	H	M	C	P
0	0.03738	0.02524	0.07644	0.06944	0.03438	0.02300	0.02041	0.16278	0.09534	0.24683	0.06700	0.03569	0.02827	0.01361	0.01103	0.00342	0.01068	0.01103	0.01092	0.01710
1	0.02902	0.01929	0.02244	0.09980	0.03061	0.07450	0.01617	0.03352	0.02785	0.18813	0.16708	0.11432	0.04824	0.01729	0.01147	0.00336	0.00962	0.01474	0.01010	0.06244
2	0.30614	0.02264	0.02484	0.06679	0.03119	0.02410	0.04534	0.10220	0.06734	0.04607	0.02085	0.02353	0.01600	0.01051	0.00870	0.00305	0.01000	0.00786	0.00741	0.15543
3	0.02525	0.02683	0.02674	0.24526	0.04526	0.17094	0.02156	0.03301	0.07991	0.03099	0.07798	0.04296	0.09955	0.01475	0.01108	0.00341	0.01323	0.01199	0.00708	0.01224
4	0.21413	0.05600	0.02337	0.01843	0.02432	0.09017	0.01458	0.08591	0.02592	0.14491	0.02632	0.03282	0.02145	0.10462	0.06780	0.00557	0.01279	0.00945	0.00822	0.01320
5	0.02679	0.10709	0.09062	0.01849	0.02530	0.01964	0.01704	0.06530	0.03017	0.14544	0.26615	0.05231	0.05801	0.01655	0.01120	0.00325	0.00873	0.01384	0.01028	0.01378
6	0.08626	0.10716	0.03242	0.14137	0.12951	0.02632	0.02163	0.03696	0.15642	0.03749	0.08898	0.03542	0.03039	0.01280	0.01023	0.00334	0.01058	0.01071	0.00761	0.01441

[dist]
# distance from previous block
# <min> <max>
0	1

[block]
# block no. 2 follows, 12 sequences, length 7
# corresponding to MSA columns:
# 313-319
name=unknown_C
#
# <colnr> <probs for GDERKNQSTAVLIFYWHMCP>
#	G	D	E	R	K	N	Q	S	T	A	V	L	I	F	Y	W	H	M	C	P
0	0.03341	0.02312	0.03359	0.08252	0.14956	0.02369	0.06316	0.13107	0.06850	0.16686	0.03020	0.03489	0.02289	0.06907	0.01529	0.00408	0.01193	0.01108	0.00894	0.01615
1	0.04532	0.02404	0.02680	0.06656	0.03257	0.10702	0.01799	0.04956	0.03040	0.42811	0.03688	0.03364	0.02389	0.01292	0.01078	0.00330	0.01138	0.01022	0.01152	0.01708
2	0.02328	0.01853	0.02776	0.02220	0.02634	0.01876	0.12096	0.11639	0.02478	0.03325	0.02873	0.05004	0.02867	0.31571	0.03630	0.06475	0.01249	0.01348	0.00704	0.01056
3	0.01636	0.01048	0.01294	0.01275	0.01332	0.01029	0.00798	0.01658	0.01886	0.02572	0.14408	0.06617	0.04963	0.37263	0.04355	0.13954	0.00915	0.01547	0.00744	0.00706
4	0.03105	0.03340	0.04270	0.10747	0.19837	0.17435	0.13398	0.08110	0.02882	0.03530	0.02027	0.02571	0.01605	0.01046	0.01102	0.00327	0.01606	0.00969	0.00594	0.01499
5	0.02364	0.01820	0.02212	0.11394	0.03019	0.01881	0.01498	0.13019	0.02602	0.03562	0.02709	0.04469	0.02614	0.26188	0.02883	0.00604	0.01108	0.01165	0.00723	0.14164
6	0.29619	0.01469	0.01377	0.01363	0.01657	0.01595	0.00954	0.02242	0.01809	0.03413	0.03212	0.16842	0.03531	0.23632	0.02608	0.00623	0.00875	0.01509	0.00744	0.00926

[dist]
# distance from previous block
# <min> <max>
3	17

[block]
# block no. 3 follows, 12 sequences, length 43
# corresponding to MSA columns:
# 337-379
name=unknown_D
#
# <colnr> <probs for GDERKNQSTAVLIFYWHMCP>
#	G	D	E	R	K	N	Q	S	T	A	V	L	I	F	Y	W	H	M	C	P
0	0.04217	0.02363	0.02800	0.02130	0.03003	0.02318	0.01754	0.23977	0.03832	0.28204	0.03276	0.03057	0.02199	0.01257	0.01054	0.00309	0.01024	0.00986	0.01145	0.11095
1	0.02460	0.08575	0.25365	0.03274	0.09049	0.06927	0.09624	0.03508	0.06200	0.03529	0.08443	0.03194	0.02674	0.01189	0.01080	0.00334	0.01418	0.01035	0.00626	0.01497
2	0.03364	0.34289	0.04651	0.02753	0.11143	0.03511	0.02101	0.11986	0.02892	0.10651	0.02171	0.02317	0.01707	0.01061	0.00882	0.00278	0.01160	0.00784	0.00707	0.01593
3	0.04892	0.01856	0.02530	0.01940	0.02783	0.01603	0.01603	0.05314	0.03121	0.55634	0.04302	0.03711	0.02699	0.01350	0.01096	0.00337	0.00928	0.01096	0.01350	0.01856
4	0.51935	0.03026	0.15735	0.01868	0.02786	0.02468	0.01920	0.03269	0.01972	0.04518	0.01632	0.01909	0.01233	0.01018	0.00769	0.00339	0.01043	0.00646	0.00619	0.01293
5	0.01358	0.01121	0.01273	0.01273	0.01596	0.01035	0.00967	0.01664	0.02295	0.02838	0.08936	0.08881	0.41010	0.04168	0.15848	0.00728	0.01167	0.02007	0.00901	0.00934
6	0.01556	0.01105	0.01417	0.01362	0.01546	0.01069	0.00966	0.01924	0.02565	0.03604	0.36012	0.07501	0.07898	0.18254	0.07940	0.00668	0.00893	0.01792	0.00999	0.00928
7	0.52052	0.02253	0.02378	0.01968	0.02695	0.02521	0.08158	0.03558	0.08117	0.04658	0.01966	0.02211	0.01506	0.01056	0.00812	0.00346	0.00984	0.00765	0.00710	0.01287
8	0.21142	0.02717	0.02782	0.02186	0.03005	0.03002	0.01805	0.35243	0.04123	0.10102	0.02462	0.02482	0.01744	0.01235	0.00983	0.00331	0.01086	0.00889	0.01003	0.01680
9	0.02527	0.03267	0.12420	0.04416	0.05580	0.02730	0.45260	0.03488	0.02541	0.03488	0.02176	0.02864	0.01621	0.00933	0.01256	0.00365	0.01811	0.01229	0.00540	0.01488
10	0.52030	0.02209	0.02205	0.02337	0.09533	0.02574	0.01627	0.03155	0.01920	0.04434	0.01582	0.01974	0.01287	0.01115	0.01081	0.00352	0.08008	0.00687	0.00632	0.01258
11	0.02122	0.02003	0.03385	0.53879	0.12196	0.02439	0.03060	0.02841	0.02210	0.02863	0.01949	0.02886	0.01481	0.01078	0.01089	0.00359	0.01438	0.00969	0.00490	0.01262
12	0.12093	0.49427	0.09172	0.01905	0.02856	0.03912	0.01944	0.03272	0.02172	0.02960	0.01551	0.01796	0.01367	0.00952	0.00723	0.00257	0.01157	0.00602	0.00495	0.01386
13	0.02778	0.51663	0.15187	0.02100	0.03160	0.03979	0.02273	0.03300	0.02232	0.02732	0.01599	0.01853	0.01396	0.00952	0.00763	0.00254	0.01250	0.00625	0.00465	0.01439
14	0.01558	0.01168	0.01752	0.01752	0.01947	0.01363	0.01363	0.01947	0.01752	0.02531	0.02921	0.04283	0.02726	0.08178	0.57360	0.01752	0.02921	0.01168	0.00584	0.00974
15	0.02536	0.12409	0.17682	0.02953	0.03974	0.06367	0.15059	0.03749	0.11517	0.03433	0.03180	0.03399	0.06460	0.01227	0.01083	0.00336	0.01400	0.01098	0.00657	0.01480
16	0.03207	0.07670	0.02781	0.06603	0.06668	0.01926	0.01785	0.03651	0.02456	0.24824	0.03220	0.03572	0.02413	0.03537	0.19813	0.00800	0.01683	0.01051	0.00881	0.01458
17	0.02983	0.31912	0.12623	0.02180	0.03138	0.03465	0.02179	0.15633	0.03071	0.04003	0.07094	0.02695	0.02394	0.01175	0.00912	0.00286	0.01181	0.00859	0.00700	0.01514
18	0.02915	0.62337	0.05714	0.01866	0.02799	0.04314	0.01866	0.03265	0.02215	0.02565	0.01516	0.01749	0.01399	0.00933	0.00700	0.00233	0.01166	0.00583	0.00466	0.01399
19	0.01543	0.01115	0.01457	0.01372	0.01629	0.01029	0.01029	0.02058	0.03086	0.04372	0.54304	0.08145	0.10288	0.02229	0.01286	0.00343	0.00514	0.01972	0.01200	0.01029
20	0.02287	0.04939	0.43153	0.03494	0.04973	0.02591	0.16204	0.03463	0.02373	0.03463	0.02021	0.02468	0.01452	0.01006	0.01101	0.00351	0.01670	0.00931	0.00484	0.01575
21	0.02526	0.17753	0.04321	0.02720	0.03363	0.02814	0.14910	0.03026	0.02170	0.06320	0.02233	0.02945	0.01899	0.02966	0.15888	0.00703	0.10543	0.01011	0.00579	0.01308
22	0.01558	0.01168	0.01752	0.01752	0.01947	0.01363	0.01363	0.01947	0.01752	0.02531	0.02921	0.04283	0.02726	0.08178	0.57360	0.01752	0.02921	0.01168	0.00584	0.00974
23	0.01586	0.01057	0.01189	0.01189	0.01189	0.01057	0.00661	0.01586	0.01586	0.02114	0.03436	0.07135	0.03964	0.61681	0.05550	0.01057	0.01057	0.01586	0.00661	0.00661
24	0.03472	0.04173	0.02744	0.02601	0.03082	0.42750	0.02016	0.03810	0.02939	0.02823	0.02747	0.04649	0.02669	0.01614	0.01119	0.00338	0.01716	0.12864	0.00677	0.01197
25	0.01558	0.01168	0.01752	0.01752	0.01947	0.01363	0.01363	0.01947	0.01752	0.02531	0.02921	0.04283	0.02726	0.08178	0.57360	0.01752	0.02921	0.01168	0.00584	0.00974
26	0.01757	0.01255	0.01757	0.02008	0.02259	0.01255	0.01757	0.02259	0.02510	0.03263	0.05773	0.12299	0.06275	0.03012	0.01506	0.00502	0.01004	0.47540	0.01004	0.01004
27	0.69383	0.02109	0.01603	0.01434	0.02109	0.02446	0.01181	0.03205	0.01856	0.04892	0.01518	0.01771	0.01181	0.01012	0.00675	0.00337	0.00843	0.00590	0.00675	0.01181
28	0.01599	0.01103	0.01297	0.01388	0.01588	0.01052	0.01037	0.01892	0.02202	0.02975	0.06187	0.14168	0.17127	0.17143	0.02323	0.00562	0.00795	0.13759	0.10914	0.00889
29	0.01328	0.00949	0.01265	0.01518	0.01581	0.00886	0.01012	0.01518	0.02088	0.02783	0.06010	0.60969	0.07212	0.03416	0.01392	0.00443	0.00633	0.03100	0.01012	0.00886
30	0.04892	0.01856	0.02530	0.01940	0.02783	0.01603	0.01603	0.05314	0.03121	0.55634	0.04302	0.03711	0.02699	0.01350	0.01096	0.00337	0.00928	0.01096	0.01350	0.01856
31	0.02780	0.12008	0.07637	0.02106	0.02837	0.02705	0.01867	0.16060	0.15650	0.04701	0.15685	0.04183	0.04200	0.01496	0.01077	0.00328	0.00977	0.01211	0.00968	0.01524
32	0.02187	0.05640	0.56031	0.03108	0.04719	0.02532	0.04029	0.03453	0.02302	0.03453	0.01957	0.02302	0.01381	0.01036	0.01036	0.00345	0.01611	0.00806	0.00460	0.01611
33	0.69383	0.02109	0.01603	0.01434	0.02109	0.02446	0.01181	0.03205	0.01856	0.04892	0.01518	0.01771	0.01181	0.01012	0.00675	0.00337	0.00843	0.00590	0.00675	0.01181
34	0.03068	0.02735	0.02553	0.02241	0.02859	0.10255	0.01749	0.12503	0.33982	0.04620	0.03690	0.03546	0.02781	0.01385	0.01058	0.00341	0.01038	0.01100	0.06874	0.01620
35	0.01973	0.01813	0.01964	0.01942	0.02200	0.10208	0.01515	0.02355	0.02031	0.02617	0.02975	0.04620	0.02828	0.06608	0.43537	0.01410	0.02601	0.05162	0.00617	0.01022
36	0.02814	0.54458	0.12706	0.02038	0.03065	0.04067	0.02166	0.03291	0.02228	0.02689	0.01577	0.01826	0.01397	0.00947	0.00746	0.00249	0.01228	0.00614	0.00466	0.01429
37	0.02059	0.01938	0.03270	0.59060	0.07510	0.02422	0.03028	0.02786	0.02180	0.02786	0.01938	0.02907	0.01453	0.01090	0.01090	0.00363	0.01453	0.00969	0.00484	0.01211
38	0.01829	0.01193	0.01565	0.01751	0.02002	0.01193	0.01499	0.02332	0.02452	0.03471	0.05198	0.10161	0.05371	0.02560	0.01313	0.00438	0.00875	0.35460	0.18331	0.01007
39	0.02835	0.19478	0.30489	0.02728	0.03911	0.16590	0.03019	0.03631	0.02477	0.03040	0.01781	0.02083	0.01391	0.01032	0.00940	0.00302	0.01590	0.00725	0.00487	0.01473
40	0.04700	0.01920	0.02697	0.02357	0.07353	0.01689	0.01756	0.05141	0.03065	0.51067	0.04104	0.03622	0.02614	0.01316	0.01095	0.00336	0.00960	0.01086	0.01278	0.01844
41	0.01545	0.01104	0.01514	0.01766	0.01924	0.01072	0.01389	0.01893	0.02301	0.03026	0.05890	0.36375	0.06738	0.03212	0.01449	0.00473	0.00820	0.25557	0.01008	0.00945
42	0.01382	0.01015	0.01305	0.01493	0.01636	0.00939	0.01060	0.01641	0.02267	0.02979	0.10517	0.44466	0.14430	0.03185	0.01379	0.00430	0.00648	0.07288	0.01026	0.00914

[dist]
# distance from previous block
# <min> <max>
0	1

[block]
# block no. 4 follows, 12 sequences, length 49
# corresponding to MSA columns:
# 381-429
name=unknown_E
#
# <colnr> <probs for GDERKNQSTAVLIFYWHMCP>
#	G	D	E	R	K	N	Q	S	T	A	V	L	I	F	Y	W	H	M	C	P
0	0.03564	0.02824	0.07443	0.02363	0.03200	0.02775	0.02039	0.22922	0.22228	0.13533	0.03503	0.03302	0.02494	0.01355	0.01094	0.00346	0.01067	0.01078	0.01084	0.01786
1	0.64260	0.02146	0.01819	0.01838	0.06163	0.02457	0.01347	0.03216	0.01904	0.04790	0.01559	0.01842	0.01223	0.01009	0.00706	0.00336	0.00878	0.00620	0.00664	0.01223
2	0.01885	0.01623	0.02303	0.07741	0.14534	0.01649	0.01822	0.02588	0.07919	0.03231	0.05624	0.21744	0.14992	0.02267	0.01249	0.00389	0.00893	0.05462	0.00868	0.01217
3	0.02662	0.02327	0.03250	0.02761	0.02854	0.03148	0.02299	0.02921	0.01830	0.08481	0.01748	0.02532	0.01571	0.01847	0.03304	0.00462	0.53193	0.00970	0.00573	0.01266
4	0.02242	0.01855	0.02186	0.01635	0.02439	0.01543	0.01309	0.02710	0.02219	0.03547	0.02105	0.02500	0.01751	0.00951	0.01015	0.00197	0.05293	0.00717	0.09149	0.54641
5	0.01828	0.01185	0.01331	0.01246	0.01636	0.01030	0.00951	0.02191	0.02659	0.09429	0.18143	0.08618	0.34660	0.02348	0.01215	0.00349	0.00584	0.01972	0.07568	0.01059
6	0.02915	0.62337	0.05714	0.01866	0.02799	0.04314	0.01866	0.03265	0.02215	0.02565	0.01516	0.01749	0.01399	0.00933	0.00700	0.00233	0.01166	0.00583	0.00466	0.01399
7	0.01774	0.01161	0.01387	0.01351	0.01684	0.01018	0.01004	0.02106	0.02620	0.09343	0.19539	0.19627	0.28122	0.02607	0.01287	0.00374	0.00603	0.02249	0.01096	0.01047
8	0.01297	0.01072	0.01138	0.01190	0.01495	0.00913	0.00867	0.01555	0.02403	0.02912	0.10000	0.20971	0.44633	0.02897	0.01310	0.00384	0.00569	0.02467	0.01012	0.00913
9	0.01328	0.00949	0.01265	0.01518	0.01581	0.00886	0.01012	0.01518	0.02088	0.02783	0.06010	0.60969	0.07212	0.03416	0.01392	0.00443	0.00633	0.03100	0.01012	0.00886
10	0.01328	0.00949	0.01265	0.01518	0.01581	0.00886	0.01012	0.01518	0.02088	0.02783	0.06010	0.60969	0.07212	0.03416	0.01392	0.00443	0.00633	0.03100	0.01012	0.00886
11	0.01529	0.01059	0.01334	0.01477	0.01552	0.01037	0.01014	0.01701	0.01957	0.02592	0.04843	0.27490	0.05607	0.28632	0.03221	0.00722	0.00894	0.11667	0.00858	0.00813
12	0.04892	0.01856	0.02530	0.01940	0.02783	0.01603	0.01603	0.05314	0.03121	0.55634	0.04302	0.03711	0.02699	0.01350	0.01096	0.00337	0.00928	0.01096	0.01350	0.01856
13	0.03318	0.01782	0.02009	0.01654	0.02223	0.01809	0.01329	0.16571	0.03271	0.17581	0.03484	0.03581	0.02513	0.01300	0.00935	0.00295	0.00801	0.01027	0.33064	0.01453
14	0.04344	0.02493	0.03050	0.02626	0.07600	0.02540	0.01979	0.27134	0.04026	0.27758	0.03300	0.03100	0.02210	0.01297	0.01092	0.00331	0.01090	0.01031	0.01155	0.01844
15	0.02187	0.05640	0.56031	0.03108	0.04719	0.02532	0.04029	0.03453	0.02302	0.03453	0.01957	0.02302	0.01381	0.01036	0.01036	0.00345	0.01611	0.00806	0.00460	0.01611
16	0.38774	0.03556	0.02300	0.02078	0.02700	0.28156	0.01615	0.03744	0.02434	0.03850	0.01597	0.01863	0.01286	0.01064	0.00819	0.00311	0.01370	0.00643	0.00622	0.01220
17	0.02915	0.62337	0.05714	0.01866	0.02799	0.04314	0.01866	0.03265	0.02215	0.02565	0.01516	0.01749	0.01399	0.00933	0.00700	0.00233	0.01166	0.00583	0.00466	0.01399
18	0.02656	0.14693	0.03055	0.02074	0.02726	0.02903	0.01696	0.04955	0.38196	0.04131	0.08025	0.03929	0.03513	0.01429	0.01039	0.00339	0.00897	0.01160	0.00984	0.01599
19	0.16195	0.01973	0.02124	0.01577	0.02485	0.01660	0.01269	0.02841	0.02177	0.03831	0.01851	0.02159	0.01525	0.00850	0.00780	0.00198	0.00815	0.00634	0.00652	0.54404
20	0.02699	0.02591	0.04426	0.06693	0.54879	0.02591	0.03346	0.03346	0.02483	0.03562	0.02051	0.02699	0.01727	0.00972	0.01079	0.00324	0.01295	0.00972	0.00540	0.01727
21	0.01497	0.01099	0.01263	0.01222	0.01524	0.00983	0.00917	0.01914	0.02750	0.03758	0.30892	0.08626	0.27328	0.02334	0.01227	0.00343	0.00529	0.01995	0.08815	0.00983
22	0.08379	0.04177	0.26513	0.03234	0.04409	0.07925	0.16046	0.03800	0.08263	0.03641	0.02247	0.02601	0.01665	0.01062	0.01076	0.00347	0.01554	0.00957	0.00589	0.01515
23	0.02187	0.05640	0.56031	0.03108	0.04719	0.02532	0.04029	0.03453	0.02302	0.03453	0.01957	0.02302	0.01381	0.01036	0.01036	0.00345	0.01611	0.00806	0.00460	0.01611
24	0.01302	0.01054	0.01156	0.01238	0.01508	0.00909	0.00888	0.01550	0.02357	0.02893	0.09418	0.26806	0.39174	0.02973	0.01322	0.00392	0.00578	0.02559	0.01012	0.00909
25	0.01378	0.00984	0.01322	0.01575	0.01660	0.00928	0.01098	0.01604	0.02136	0.02839	0.05982	0.55343	0.07103	0.03369	0.01405	0.00450	0.00676	0.08237	0.01011	0.00899
26	0.02645	0.04000	0.29205	0.04539	0.26025	0.02475	0.03522	0.03572	0.02452	0.08114	0.02204	0.02596	0.01646	0.01036	0.01060	0.00335	0.01416	0.00902	0.00573	0.01683
27	0.04809	0.01988	0.02612	0.02003	0.02849	0.01799	0.01654	0.10388	0.03342	0.50247	0.04116	0.03590	0.02606	0.01345	0.01096	0.00336	0.00958	0.01084	0.01321	0.01855
28	0.69383	0.02109	0.01603	0.01434	0.02109	0.02446	0.01181	0.03205	0.01856	0.04892	0.01518	0.01771	0.01181	0.01012	0.00675	0.00337	0.00843	0.00590	0.00675	0.01181
29	0.04892	0.01856	0.02530	0.01940	0.02783	0.01603	0.01603	0.05314	0.03121	0.55634	0.04302	0.03711	0.02699	0.01350	0.01096	0.00337	0.00928	0.01096	0.01350	0.01856
30	0.03150	0.50762	0.05182	0.02057	0.02914	0.15048	0.01915	0.03486	0.02393	0.02586	0.01550	0.01793	0.01400	0.00971	0.00757	0.00243	0.01328	0.00607	0.00486	0.01372
31	0.02531	0.02035	0.02624	0.02444	0.10883	0.01645	0.01641	0.03036	0.02362	0.07519	0.02136	0.02441	0.01715	0.00875	0.00873	0.00201	0.00894	0.00732	0.00683	0.52732
32	0.03506	0.03604	0.03023	0.02878	0.07522	0.24013	0.02075	0.13511	0.20417	0.04174	0.02829	0.02867	0.02172	0.01267	0.01054	0.00323	0.01390	0.00958	0.00846	0.01571
33	0.02006	0.01308	0.01632	0.01483	0.01852	0.01232	0.01135	0.02710	0.07430	0.10157	0.39335	0.07531	0.13673	0.02120	0.01249	0.00347	0.00597	0.01842	0.01189	0.01174
34	0.02387	0.02184	0.03406	0.15803	0.28454	0.02328	0.02655	0.03420	0.10596	0.03692	0.10687	0.03823	0.03284	0.01276	0.01119	0.00342	0.01135	0.01171	0.00724	0.01511
35	0.28626	0.39039	0.04123	0.01699	0.02532	0.03592	0.01601	0.03242	0.02076	0.03465	0.01517	0.01758	0.01315	0.00964	0.00690	0.00274	0.01041	0.00586	0.00547	0.01315
36	0.01400	0.01028	0.01329	0.01543	0.01687	0.00958	0.01119	0.01660	0.02226	0.02895	0.06744	0.44355	0.14335	0.03242	0.01397	0.00442	0.00687	0.11029	0.01011	0.00912
37	0.02844	0.56831	0.10600	0.01986	0.02985	0.04141	0.02076	0.03283	0.02224	0.02652	0.01559	0.01803	0.01398	0.00943	0.00732	0.00244	0.01209	0.00605	0.00466	0.01420
38	0.69383	0.02109	0.01603	0.01434	0.02109	0.02446	0.01181	0.03205	0.01856	0.04892	0.01518	0.01771	0.01181	0.01012	0.00675	0.00337	0.00843	0.00590	0.00675	0.01181
39	0.02658	0.02713	0.03623	0.16309	0.30414	0.11378	0.02808	0.03247	0.02590	0.03348	0.08008	0.03251	0.02607	0.01167	0.01090	0.00327	0.01348	0.01042	0.00608	0.01463
40	0.02930	0.02495	0.02861	0.02425	0.03115	0.02821	0.05099	0.12838	0.41944	0.04855	0.03999	0.03762	0.02982	0.01415	0.01118	0.00363	0.00982	0.01197	0.01069	0.01729
41	0.02941	0.01842	0.02266	0.01685	0.02556	0.01458	0.01357	0.03411	0.02577	0.18348	0.07237	0.03191	0.02688	0.01086	0.00932	0.00227	0.00816	0.00891	0.00894	0.43598
42	0.01892	0.01275	0.01761	0.02050	0.05654	0.01208	0.01480	0.02260	0.02408	0.07706	0.06077	0.28092	0.11543	0.02838	0.01374	0.00438	0.00832	0.19027	0.01006	0.01078
43	0.02478	0.30540	0.29505	0.02471	0.03677	0.03228	0.02893	0.03278	0.02279	0.03043	0.02051	0.02817	0.01762	0.01140	0.00922	0.00307	0.01367	0.04264	0.00504	0.01471
44	0.01353	0.00968	0.01287	0.01501	0.01587	0.00902	0.01014	0.01581	0.02203	0.02967	0.11592	0.54863	0.07567	0.03279	0.01379	0.00431	0.00619	0.02969	0.01034	0.00902
45	0.04402	0.01836	0.02392	0.01890	0.02658	0.01674	0.01543	0.05126	0.08549	0.45507	0.04252	0.03781	0.02777	0.01357	0.01069	0.00334	0.00884	0.01105	0.07096	0.01768
46	0.32072	0.02218	0.02154	0.01857	0.02549	0.02481	0.01495	0.07640	0.20361	0.12229	0.03029	0.02922	0.02206	0.01246	0.00918	0.00348	0.00886	0.00917	0.00954	0.01516
47	0.02883	0.02529	0.04266	0.06293	0.50498	0.02508	0.03200	0.03512	0.02536	0.07941	0.02240	0.02784	0.01809	0.01003	0.01081	0.00325	0.01264	0.00982	0.00608	0.01738
48	0.03199	0.07953	0.18601	0.02452	0.03476	0.17391	0.02410	0.03839	0.02635	0.11463	0.02220	0.02387	0.01645	0.01056	0.00962	0.00281	0.01407	0.00776	0.00668	0.15178

[dist]
# distance from previous block
# <min> <max>
0	6

[block]
# block no. 5 follows, 12 sequences, length 7
# corresponding to MSA columns:
# 436-442
name=unknown_F
#
# <colnr> <probs for GDERKNQSTAVLIFYWHMCP>
#	G	D	E	R	K	N	Q	S	T	A	V	L	I	F	Y	W	H	M	C	P
0	0.02581	0.03949	0.33981	0.02584	0.03752	0.02054	0.03001	0.03521	0.02558	0.13351	0.07980	0.04361	0.03098	0.01453	0.01129	0.00363	0.01301	0.06690	0.00767	0.01526
1	0.01464	0.01054	0.01387	0.01425	0.01612	0.00976	0.01023	0.01860	0.02720	0.03790	0.36596	0.27514	0.09160	0.02664	0.01325	0.00380	0.00558	0.02385	0.01131	0.00976
2	0.01774	0.01801	0.06477	0.11268	0.11308	0.01567	0.01917	0.02294	0.02471	0.03354	0.16324	0.18525	0.12421	0.02106	0.01227	0.00370	0.00905	0.01870	0.00854	0.01167
3	0.02885	0.03692	0.22575	0.11577	0.12745	0.06382	0.07751	0.03727	0.02536	0.12195	0.02372	0.02728	0.01699	0.01082	0.01081	0.00341	0.01470	0.00944	0.00644	0.01575
4	0.01465	0.01069	0.01408	0.01629	0.01792	0.01012	0.01236	0.01769	0.02276	0.02962	0.06547	0.38712	0.12678	0.03202	0.01417	0.00453	0.00746	0.17688	0.01010	0.00929
5	0.01319	0.00986	0.01227	0.01419	0.01555	0.00894	0.00968	0.01529	0.02183	0.02822	0.07214	0.48901	0.18502	0.03259	0.01367	0.00425	0.00613	0.02909	0.01012	0.00894
6	0.03172	0.03202	0.08924	0.07798	0.18723	0.10328	0.13357	0.06840	0.02810	0.10689	0.02361	0.02758	0.01757	0.01068	0.01111	0.00334	0.01493	0.01005	0.00681	0.01587

[dist]
# distance from previous block
# <min> <max>
0	11

# created by:
# /st0/software/busco_prod/Augustus/scripts/msa2prfl.pl ./align_prep/8373.fa
