[name]
unknown

[dist]
# distance from previous block
# <min> <max>
0	73

[block]
# block no. 0 follows, 13 sequences, length 60
# corresponding to MSA columns:
# 86-145
name=unknown_A
#
# <colnr> <probs for GDERKNQSTAVLIFYWHMCP>
#	G	D	E	R	K	N	Q	S	T	A	V	L	I	F	Y	W	H	M	C	P
0	0.07055	0.06540	0.02404	0.01910	0.02457	0.02154	0.01531	0.13567	0.12342	0.12087	0.04010	0.18487	0.03729	0.01895	0.01111	0.00361	0.00888	0.05064	0.01002	0.01405
1	0.02618	0.01949	0.06067	0.05373	0.02729	0.01625	0.01577	0.06284	0.06464	0.15684	0.13053	0.04973	0.12310	0.01555	0.01072	0.00307	0.00844	0.01297	0.00964	0.13254
2	0.03249	0.22605	0.09235	0.06672	0.06643	0.02873	0.02131	0.10949	0.02790	0.15557	0.02366	0.02474	0.01740	0.01066	0.00912	0.00284	0.01134	0.00811	0.00751	0.05758
3	0.07777	0.02046	0.02793	0.03361	0.20938	0.02053	0.02013	0.10457	0.02755	0.07266	0.06955	0.04498	0.06177	0.05975	0.01384	0.00376	0.01013	0.05044	0.00791	0.06327
4	0.02856	0.02597	0.06080	0.02724	0.10727	0.06859	0.01966	0.12338	0.14618	0.07953	0.06919	0.03943	0.08006	0.01390	0.01059	0.00317	0.01038	0.01144	0.00887	0.06578
5	0.02665	0.10793	0.12118	0.02825	0.08145	0.02303	0.10198	0.03493	0.06194	0.11429	0.08027	0.03790	0.02919	0.01262	0.01054	0.00318	0.01160	0.04026	0.00760	0.06519
6	0.02677	0.02289	0.08028	0.02726	0.11974	0.01967	0.01969	0.11044	0.06617	0.11080	0.07737	0.11934	0.07143	0.01618	0.01100	0.00330	0.00961	0.01390	0.00898	0.06517
7	0.09768	0.02455	0.04243	0.08602	0.15845	0.02446	0.20324	0.07321	0.02650	0.12402	0.02377	0.02781	0.01736	0.01021	0.01084	0.00336	0.01349	0.01035	0.00704	0.01521
8	0.02488	0.20311	0.22935	0.03358	0.11980	0.02986	0.10198	0.03474	0.06546	0.03222	0.02027	0.02376	0.01589	0.00986	0.00963	0.00307	0.01370	0.00849	0.00524	0.01512
9	0.01715	0.00991	0.01458	0.01458	0.01515	0.01048	0.01019	0.01544	0.01487	0.02039	0.02250	0.03778	0.02232	0.09434	0.20697	0.43675	0.01504	0.01030	0.00505	0.00619
10	0.01801	0.01364	0.01766	0.01661	0.01972	0.01486	0.01300	0.08662	0.02359	0.03223	0.08104	0.05266	0.12353	0.05689	0.36622	0.01178	0.02033	0.01358	0.00749	0.01054
11	0.03989	0.01626	0.02190	0.01752	0.02392	0.01452	0.01391	0.04331	0.02689	0.44118	0.03936	0.04169	0.02814	0.11597	0.06106	0.00542	0.01066	0.01144	0.01146	0.01550
12	0.01448	0.00935	0.01170	0.01358	0.01463	0.00889	0.00925	0.01705	0.02070	0.02991	0.05269	0.48491	0.05988	0.02824	0.01206	0.00386	0.00585	0.02532	0.16877	0.00889
13	0.01420	0.01053	0.01324	0.01308	0.01546	0.00957	0.00962	0.01829	0.02736	0.03753	0.39901	0.17025	0.17406	0.02436	0.01264	0.00352	0.00524	0.02143	0.01103	0.00957
14	0.04001	0.01581	0.02060	0.01641	0.02306	0.01402	0.01336	0.04432	0.02810	0.42773	0.03978	0.03691	0.02642	0.01288	0.00976	0.00306	0.00791	0.01042	0.19363	0.01581
15	0.03963	0.04642	0.03030	0.02668	0.03271	0.48034	0.02037	0.13483	0.03373	0.03366	0.01807	0.02027	0.01445	0.01124	0.00973	0.00281	0.01765	0.00733	0.00643	0.01335
16	0.04347	0.01782	0.02323	0.01810	0.02559	0.01608	0.01486	0.08264	0.03067	0.46746	0.03963	0.03565	0.02569	0.01296	0.01023	0.00316	0.00868	0.01046	0.09663	0.01698
17	0.02540	0.39912	0.26594	0.02298	0.03470	0.03482	0.02661	0.03240	0.02182	0.02837	0.01644	0.01914	0.01350	0.00945	0.00811	0.00270	0.01306	0.00653	0.00450	0.01440
18	0.01559	0.01017	0.01169	0.01169	0.01169	0.01017	0.00660	0.01526	0.01526	0.02035	0.03225	0.06655	0.03701	0.58629	0.05293	0.05882	0.01017	0.01493	0.00628	0.00628
19	0.01589	0.01085	0.01324	0.01400	0.01476	0.01085	0.00971	0.01741	0.01816	0.02397	0.04036	0.08476	0.04541	0.44207	0.04162	0.00858	0.01009	0.16338	0.00744	0.00744
20	0.01492	0.00989	0.01164	0.01240	0.01277	0.00970	0.00754	0.01586	0.01740	0.02393	0.04116	0.23874	0.04739	0.39740	0.03782	0.00782	0.00857	0.01953	0.05817	0.00734
21	0.03469	0.04242	0.02940	0.08451	0.03557	0.44642	0.02129	0.03797	0.02763	0.02637	0.01922	0.02743	0.01705	0.01275	0.01192	0.00310	0.06292	0.04176	0.00562	0.01197
22	0.09600	0.57312	0.05140	0.01767	0.02647	0.04002	0.01742	0.03160	0.02113	0.02714	0.01470	0.01698	0.01336	0.00912	0.00676	0.00236	0.01099	0.00566	0.00473	0.01336
23	0.02656	0.02627	0.15104	0.01990	0.02891	0.01759	0.01943	0.07668	0.02785	0.13755	0.14344	0.03762	0.03600	0.01283	0.01015	0.00284	0.00959	0.01059	0.00869	0.19647
24	0.02837	0.03365	0.05478	0.04050	0.04996	0.15799	0.40587	0.03583	0.02613	0.03199	0.02021	0.02630	0.01547	0.00938	0.01179	0.00337	0.01812	0.01115	0.00537	0.01379
25	0.03950	0.05039	0.02996	0.02724	0.03269	0.58597	0.02043	0.04222	0.02996	0.02588	0.01634	0.01907	0.01362	0.01090	0.00953	0.00272	0.01907	0.00681	0.00545	0.01226
26	0.02121	0.05469	0.57364	0.03014	0.04576	0.02455	0.03906	0.03348	0.02232	0.03348	0.01897	0.02232	0.01339	0.01005	0.01005	0.00335	0.01563	0.00781	0.00446	0.01563
27	0.03619	0.02595	0.03319	0.02586	0.03247	0.02914	0.06228	0.28403	0.03633	0.14311	0.02523	0.02699	0.01830	0.01381	0.01641	0.00356	0.15190	0.00990	0.00919	0.01617
28	0.01438	0.01035	0.01259	0.01326	0.01467	0.00975	0.00916	0.01667	0.02160	0.02865	0.15538	0.21698	0.14146	0.21466	0.02578	0.00590	0.00739	0.06392	0.00910	0.00834
29	0.03889	0.01826	0.02366	0.01776	0.02634	0.01506	0.01453	0.04318	0.02747	0.39042	0.03403	0.03128	0.02265	0.01133	0.00969	0.00270	0.00861	0.00917	0.01080	0.24418
30	0.02121	0.05469	0.57364	0.03014	0.04576	0.02455	0.03906	0.03348	0.02232	0.03348	0.01897	0.02232	0.01339	0.01005	0.01005	0.00335	0.01563	0.00781	0.00446	0.01563
31	0.02476	0.02816	0.04487	0.03380	0.04182	0.12021	0.31524	0.03131	0.02608	0.03230	0.07530	0.04230	0.10751	0.01305	0.01197	0.00340	0.01509	0.01355	0.00655	0.01274
32	0.01288	0.00920	0.01227	0.01472	0.01534	0.00859	0.00981	0.01472	0.02024	0.02699	0.05828	0.62152	0.06993	0.03312	0.01350	0.00429	0.00613	0.03006	0.00981	0.00859
33	0.01997	0.01879	0.03171	0.60301	0.07282	0.02349	0.02936	0.02701	0.02114	0.02701	0.01879	0.02819	0.01409	0.01057	0.01057	0.00352	0.01409	0.00940	0.00470	0.01175
34	0.02121	0.05469	0.57364	0.03014	0.04576	0.02455	0.03906	0.03348	0.02232	0.03348	0.01897	0.02232	0.01339	0.01005	0.01005	0.00335	0.01563	0.00781	0.00446	0.01563
35	0.02016	0.01875	0.03139	0.46556	0.13839	0.02223	0.02785	0.02657	0.02148	0.02811	0.02292	0.08745	0.02009	0.01267	0.01085	0.00355	0.01307	0.01147	0.00529	0.01216
36	0.01968	0.01465	0.02192	0.15729	0.08488	0.01508	0.01720	0.02522	0.02730	0.07728	0.33833	0.05856	0.06584	0.01716	0.01169	0.00335	0.00818	0.01523	0.00947	0.01167
37	0.01997	0.01879	0.03171	0.60301	0.07282	0.02349	0.02936	0.02701	0.02114	0.02701	0.01879	0.02819	0.01409	0.01057	0.01057	0.00352	0.01409	0.00940	0.00470	0.01175
38	0.01509	0.01055	0.01350	0.01368	0.01439	0.01116	0.00905	0.01655	0.01631	0.02241	0.03347	0.10167	0.03665	0.39118	0.23683	0.01215	0.01625	0.01508	0.00641	0.00763
39	0.01485	0.01043	0.01347	0.01390	0.01463	0.01094	0.00926	0.01642	0.01676	0.02298	0.03601	0.15638	0.03995	0.34233	0.22356	0.01145	0.01553	0.01659	0.00675	0.00779
40	0.07968	0.08421	0.03686	0.17440	0.26009	0.02609	0.02612	0.07423	0.02538	0.08397	0.02116	0.02585	0.01636	0.01029	0.00985	0.00317	0.01206	0.00887	0.00630	0.01507
41	0.02121	0.05469	0.57364	0.03014	0.04576	0.02455	0.03906	0.03348	0.02232	0.03348	0.01897	0.02232	0.01339	0.01005	0.01005	0.00335	0.01563	0.00781	0.00446	0.01563
42	0.02479	0.02487	0.04425	0.04714	0.26436	0.02470	0.19650	0.03547	0.10697	0.03542	0.03035	0.03452	0.05787	0.01128	0.01135	0.00339	0.01318	0.01180	0.00648	0.01533
43	0.36628	0.03620	0.10884	0.02107	0.02868	0.21780	0.01892	0.03530	0.02281	0.03779	0.01595	0.01864	0.01251	0.01022	0.00813	0.00309	0.01311	0.00643	0.00584	0.01239
44	0.02254	0.02746	0.13052	0.29837	0.25435	0.02430	0.03223	0.03021	0.02246	0.03101	0.01924	0.02640	0.01498	0.01004	0.01044	0.00335	0.01378	0.00913	0.00486	0.01433
45	0.09143	0.21660	0.27806	0.02634	0.07465	0.02831	0.02720	0.03109	0.02160	0.03189	0.02058	0.06963	0.01814	0.01157	0.00905	0.00308	0.01259	0.00891	0.00519	0.01411
46	0.02137	0.02157	0.03969	0.07124	0.04040	0.02114	0.26178	0.03146	0.09526	0.03555	0.12902	0.04857	0.10522	0.01437	0.01211	0.00352	0.01238	0.01466	0.00773	0.01295
47	0.02763	0.58224	0.10235	0.01918	0.02882	0.04027	0.01999	0.03183	0.02156	0.02566	0.01509	0.01745	0.01355	0.00914	0.00708	0.00236	0.01170	0.00585	0.00452	0.01375
48	0.01567	0.01059	0.01249	0.01292	0.01334	0.01059	0.00826	0.01652	0.01694	0.02244	0.03727	0.07793	0.04235	0.52387	0.04697	0.00931	0.01016	0.09841	0.00699	0.00699
49	0.01579	0.00999	0.01363	0.01406	0.01461	0.01033	0.00945	0.01559	0.01611	0.02193	0.03191	0.14771	0.03496	0.21429	0.16800	0.21988	0.01345	0.01509	0.00627	0.00694
50	0.01348	0.01027	0.01152	0.01201	0.01396	0.00926	0.00818	0.01549	0.02154	0.02729	0.11271	0.20799	0.28584	0.17598	0.02289	0.00536	0.00671	0.02209	0.00912	0.00831
51	0.01479	0.01080	0.01389	0.01312	0.01569	0.00990	0.00984	0.01961	0.02951	0.04141	0.52458	0.08062	0.13269	0.02199	0.01247	0.00334	0.00501	0.01935	0.01151	0.00990
52	0.02505	0.01758	0.02007	0.01530	0.02278	0.01501	0.01222	0.07817	0.02538	0.07770	0.02505	0.02768	0.01952	0.00982	0.00820	0.00208	0.00757	0.00781	0.17793	0.40508
53	0.02905	0.09244	0.27798	0.02961	0.04039	0.23958	0.07914	0.03671	0.02543	0.03001	0.01791	0.02132	0.01376	0.01018	0.00986	0.00305	0.01684	0.00774	0.00493	0.01406
54	0.02192	0.01879	0.02192	0.01566	0.02506	0.01409	0.01253	0.02662	0.02192	0.03445	0.01879	0.02192	0.01566	0.00783	0.00783	0.00157	0.00783	0.00626	0.00626	0.69305
55	0.02845	0.02248	0.07326	0.03006	0.14332	0.02069	0.02106	0.03778	0.10797	0.16684	0.13346	0.04039	0.03720	0.01445	0.01334	0.00345	0.06967	0.01187	0.00915	0.01511
56	0.01766	0.00943	0.01325	0.01325	0.01325	0.00943	0.00853	0.01415	0.01415	0.01887	0.02187	0.04084	0.02308	0.17559	0.04425	0.53229	0.00943	0.01064	0.00502	0.00502
57	0.01288	0.00920	0.01227	0.01472	0.01534	0.00859	0.00981	0.01472	0.02024	0.02699	0.05828	0.62152	0.06993	0.03312	0.01350	0.00429	0.00613	0.03006	0.00981	0.00859
58	0.02704	0.53357	0.14582	0.02019	0.03039	0.03882	0.02175	0.03198	0.02163	0.02638	0.01545	0.01790	0.01354	0.00922	0.00735	0.00245	0.01206	0.00603	0.00451	0.01393
59	0.03842	0.02097	0.03101	0.08163	0.18713	0.02024	0.02195	0.07809	0.02909	0.33230	0.03226	0.03171	0.02183	0.01178	0.01058	0.00325	0.01065	0.01010	0.00992	0.01711

[dist]
# distance from previous block
# <min> <max>
0	1

[block]
# block no. 1 follows, 13 sequences, length 39
# corresponding to MSA columns:
# 147-185
name=unknown_B
#
# <colnr> <probs for GDERKNQSTAVLIFYWHMCP>
#	G	D	E	R	K	N	Q	S	T	A	V	L	I	F	Y	W	H	M	C	P
0	0.01576	0.01100	0.01420	0.01485	0.01592	0.01141	0.01075	0.01789	0.01814	0.02438	0.03834	0.07669	0.04187	0.34797	0.15873	0.01026	0.01403	0.14271	0.00714	0.00796
1	0.02353	0.01974	0.02278	0.01642	0.02573	0.01573	0.01319	0.07051	0.02436	0.03727	0.01937	0.02223	0.01586	0.00826	0.00807	0.00171	0.00816	0.00655	0.00664	0.63386
2	0.03035	0.09292	0.30533	0.02700	0.03896	0.06627	0.06626	0.03874	0.02511	0.17271	0.02455	0.02566	0.01697	0.01073	0.01006	0.00320	0.01394	0.00864	0.00687	0.01571
3	0.01872	0.02938	0.21456	0.02596	0.03452	0.01832	0.13364	0.02631	0.02406	0.03358	0.12899	0.14216	0.08965	0.01729	0.01182	0.00357	0.01168	0.01594	0.00733	0.01252
4	0.13086	0.01962	0.02670	0.02659	0.12409	0.01838	0.01809	0.04531	0.02750	0.40230	0.03413	0.03169	0.02249	0.01198	0.01006	0.00325	0.00954	0.00976	0.01078	0.01689
5	0.02833	0.02440	0.04105	0.06022	0.50808	0.02415	0.03073	0.03439	0.02470	0.08890	0.02210	0.02717	0.01771	0.00979	0.01048	0.00315	0.01220	0.00954	0.00603	0.01687
6	0.02394	0.02389	0.04443	0.14762	0.28183	0.02418	0.17490	0.03101	0.02385	0.03279	0.02331	0.03537	0.01995	0.01120	0.01144	0.00348	0.01412	0.05257	0.00557	0.01454
7	0.01479	0.01054	0.01289	0.01262	0.01512	0.00964	0.00934	0.01905	0.02714	0.03807	0.37328	0.13164	0.17336	0.02273	0.01206	0.00338	0.00516	0.01982	0.07973	0.00964
8	0.07287	0.02031	0.03297	0.43975	0.17699	0.02387	0.02869	0.02852	0.02155	0.03022	0.01873	0.02691	0.01448	0.01026	0.01024	0.00342	0.01331	0.00912	0.00496	0.01283
9	0.02131	0.02141	0.03998	0.45257	0.06809	0.02437	0.16263	0.02886	0.02217	0.02886	0.01949	0.02828	0.01462	0.01012	0.01108	0.00353	0.01510	0.01023	0.00487	0.01242
10	0.02192	0.01879	0.02192	0.01566	0.02506	0.01409	0.01253	0.02662	0.02192	0.03445	0.01879	0.02192	0.01566	0.00783	0.00783	0.00157	0.00783	0.00626	0.00626	0.69305
11	0.02730	0.01208	0.01388	0.01231	0.01634	0.01141	0.00962	0.03200	0.02439	0.18470	0.03647	0.03848	0.02685	0.01253	0.00828	0.00268	0.00604	0.01007	0.50249	0.01208
12	0.01727	0.01123	0.01478	0.01382	0.01661	0.01030	0.01038	0.02196	0.02925	0.08113	0.48168	0.11521	0.09203	0.02181	0.01241	0.00339	0.00537	0.01928	0.01162	0.01048
13	0.04744	0.01799	0.02454	0.01881	0.02699	0.01554	0.01554	0.05153	0.03026	0.56979	0.04171	0.03599	0.02617	0.01309	0.01063	0.00327	0.00900	0.01063	0.01309	0.01799
14	0.01344	0.00963	0.01277	0.01434	0.01546	0.00896	0.00986	0.01613	0.02285	0.03114	0.19260	0.47536	0.07797	0.03002	0.01322	0.00403	0.00583	0.02711	0.01031	0.00896
15	0.01450	0.01076	0.01360	0.01354	0.01604	0.00985	0.01026	0.01875	0.02740	0.03736	0.37910	0.13945	0.17751	0.02439	0.01277	0.00361	0.00561	0.06492	0.01095	0.00963
16	0.03239	0.02384	0.02528	0.02070	0.02730	0.02649	0.01667	0.30063	0.17723	0.05520	0.03195	0.03196	0.02364	0.01306	0.00999	0.00314	0.00942	0.01024	0.14482	0.01603
17	0.02543	0.02193	0.02351	0.02036	0.02701	0.02388	0.01590	0.05032	0.43993	0.04229	0.03823	0.03597	0.02898	0.01305	0.01018	0.00319	0.00826	0.01083	0.00987	0.15089
18	0.02827	0.63478	0.05540	0.01809	0.02714	0.04184	0.01809	0.03166	0.02148	0.02488	0.01470	0.01696	0.01357	0.00905	0.00678	0.00226	0.01131	0.00565	0.00452	0.01357
19	0.02395	0.02931	0.13652	0.16044	0.28896	0.02492	0.07499	0.03341	0.06104	0.03350	0.02132	0.02705	0.01669	0.01007	0.01061	0.00332	0.01357	0.00958	0.00540	0.01533
20	0.02532	0.01830	0.02086	0.01835	0.02338	0.01933	0.01446	0.13229	0.17267	0.08508	0.18423	0.08869	0.09044	0.01865	0.01166	0.00352	0.00787	0.04010	0.01096	0.01384
21	0.01837	0.00918	0.01377	0.01377	0.01377	0.00918	0.00918	0.01377	0.01377	0.01837	0.01837	0.03214	0.01837	0.03673	0.04132	0.69238	0.00918	0.00918	0.00459	0.00459
22	0.02067	0.02169	0.01715	0.01690	0.02075	0.16502	0.01316	0.02380	0.02573	0.02845	0.07252	0.08295	0.31283	0.02298	0.01212	0.00360	0.00992	0.11116	0.00862	0.00998
23	0.02762	0.07985	0.02725	0.02171	0.02791	0.07606	0.01718	0.05278	0.45231	0.04091	0.03819	0.03567	0.02899	0.01357	0.01030	0.00339	0.00956	0.01095	0.00974	0.01607
24	0.01535	0.01034	0.01201	0.01201	0.01218	0.01051	0.00700	0.01568	0.01552	0.02086	0.03288	0.06677	0.03739	0.58027	0.10052	0.01084	0.01183	0.01502	0.00634	0.00667
25	0.01625	0.01179	0.01594	0.01757	0.02012	0.01148	0.01495	0.02093	0.02530	0.03325	0.14886	0.11054	0.11420	0.02765	0.01403	0.00448	0.00849	0.36440	0.01008	0.00970
26	0.02494	0.02387	0.04069	0.17163	0.46534	0.02480	0.03184	0.03137	0.02349	0.03305	0.01967	0.02657	0.01622	0.00965	0.01049	0.00322	0.01287	0.00942	0.00513	0.01576
27	0.01281	0.00950	0.01196	0.01393	0.01513	0.00865	0.00946	0.01481	0.02101	0.02730	0.06796	0.51842	0.16678	0.03187	0.01330	0.00415	0.00598	0.02852	0.00982	0.00865
28	0.01997	0.01879	0.03171	0.60301	0.07282	0.02349	0.02936	0.02701	0.02114	0.02701	0.01879	0.02819	0.01409	0.01057	0.01057	0.00352	0.01409	0.00940	0.00470	0.01175
29	0.01362	0.00984	0.01305	0.01535	0.01647	0.00926	0.01103	0.01606	0.02123	0.02794	0.06081	0.49823	0.09776	0.03202	0.01364	0.00436	0.00675	0.11398	0.00980	0.00882
30	0.02827	0.63478	0.05540	0.01809	0.02714	0.04184	0.01809	0.03166	0.02148	0.02488	0.01470	0.01696	0.01357	0.00905	0.00678	0.00226	0.01131	0.00565	0.00452	0.01357
31	0.01997	0.01879	0.03171	0.60301	0.07282	0.02349	0.02936	0.02701	0.02114	0.02701	0.01879	0.02819	0.01409	0.01057	0.01057	0.00352	0.01409	0.00940	0.00470	0.01175
32	0.01496	0.01081	0.01413	0.01330	0.01580	0.00998	0.00998	0.01995	0.02993	0.04240	0.55689	0.07898	0.09976	0.02162	0.01247	0.00333	0.00499	0.01912	0.01164	0.00998
33	0.01372	0.01030	0.01359	0.01490	0.01658	0.01017	0.01092	0.01647	0.02044	0.02699	0.05972	0.32430	0.15437	0.04401	0.16775	0.00761	0.01223	0.05827	0.00869	0.00897
34	0.02388	0.03000	0.14746	0.16191	0.32570	0.02481	0.07030	0.03170	0.02322	0.03281	0.01961	0.02598	0.01551	0.00973	0.01056	0.00329	0.01387	0.00933	0.00498	0.01536
35	0.19906	0.01324	0.01281	0.01239	0.01632	0.01309	0.00947	0.02037	0.02332	0.03627	0.16775	0.11366	0.28314	0.02166	0.01096	0.00350	0.00610	0.01780	0.00930	0.00979
36	0.09145	0.20952	0.07473	0.02123	0.02880	0.08055	0.01927	0.17622	0.02987	0.04110	0.01992	0.02242	0.01585	0.01141	0.01051	0.00293	0.05673	0.00768	0.06556	0.01423
37	0.01344	0.00963	0.01277	0.01434	0.01546	0.00896	0.00986	0.01613	0.02285	0.03114	0.19260	0.47536	0.07797	0.03002	0.01322	0.00403	0.00583	0.02711	0.01031	0.00896
38	0.18450	0.02932	0.17191	0.02707	0.11726	0.02072	0.02251	0.03001	0.02203	0.03788	0.05721	0.02575	0.02034	0.01017	0.00889	0.00284	0.01058	0.00801	0.00607	0.18693

[dist]
# distance from previous block
# <min> <max>
0	2

[block]
# block no. 2 follows, 13 sequences, length 12
# corresponding to MSA columns:
# 188-199
name=unknown_C
#
# <colnr> <probs for GDERKNQSTAVLIFYWHMCP>
#	G	D	E	R	K	N	Q	S	T	A	V	L	I	F	Y	W	H	M	C	P
0	0.23422	0.01408	0.01533	0.01620	0.01957	0.01492	0.01317	0.02318	0.02196	0.03664	0.08629	0.18627	0.05034	0.02319	0.01163	0.00411	0.00810	0.20183	0.00890	0.01007
1	0.03188	0.02344	0.02660	0.02189	0.02853	0.02583	0.01763	0.16695	0.24443	0.11852	0.03306	0.03205	0.02434	0.01352	0.01282	0.00334	0.06982	0.01032	0.00996	0.08508
2	0.09630	0.11196	0.07364	0.01835	0.02633	0.02080	0.01659	0.03877	0.06068	0.23629	0.10131	0.03498	0.03126	0.01267	0.00962	0.00300	0.00913	0.01002	0.00947	0.07883
3	0.02867	0.09754	0.28442	0.02340	0.03441	0.02340	0.02620	0.08548	0.02651	0.13966	0.02567	0.02704	0.01819	0.01111	0.00952	0.00309	0.01206	0.00859	0.09973	0.01532
4	0.02252	0.13124	0.45496	0.02985	0.04412	0.02711	0.08183	0.03327	0.02246	0.03235	0.01862	0.02218	0.01367	0.00980	0.00983	0.00322	0.01524	0.00796	0.00456	0.01522
5	0.02396	0.01258	0.01604	0.01433	0.01839	0.01125	0.01103	0.02808	0.02763	0.18684	0.25825	0.11803	0.13239	0.02021	0.01161	0.00336	0.00627	0.01740	0.07040	0.01194
6	0.01827	0.01046	0.01369	0.01479	0.01662	0.00966	0.01035	0.02073	0.02180	0.10211	0.05362	0.48311	0.05965	0.02830	0.01249	0.00397	0.00640	0.02538	0.07860	0.01000
7	0.03609	0.08076	0.06840	0.03052	0.15206	0.02230	0.02143	0.04467	0.09730	0.28740	0.03278	0.03148	0.02278	0.01183	0.01021	0.00319	0.01040	0.00988	0.00957	0.01696
8	0.03366	0.02024	0.02353	0.01922	0.02564	0.02065	0.01573	0.23168	0.03645	0.18442	0.09508	0.04932	0.07924	0.01634	0.01109	0.00335	0.00912	0.05384	0.05629	0.01512
9	0.37688	0.08550	0.02512	0.02123	0.07082	0.07806	0.01572	0.03684	0.05815	0.11292	0.02096	0.02222	0.01578	0.01057	0.00804	0.00313	0.01003	0.00724	0.00731	0.01346
10	0.25749	0.02904	0.14380	0.02356	0.03314	0.02321	0.08876	0.07985	0.02544	0.16458	0.02367	0.02486	0.01645	0.01074	0.00939	0.00332	0.01156	0.00855	0.00780	0.01479
11	0.02454	0.02443	0.11376	0.02285	0.07398	0.01705	0.01891	0.03161	0.05070	0.09691	0.02664	0.08180	0.02264	0.01169	0.00944	0.00256	0.00952	0.00986	0.00726	0.34383

[dist]
# distance from previous block
# <min> <max>
0	2

[block]
# block no. 3 follows, 13 sequences, length 6
# corresponding to MSA columns:
# 202-207
name=unknown_D
#
# <colnr> <probs for GDERKNQSTAVLIFYWHMCP>
#	G	D	E	R	K	N	Q	S	T	A	V	L	I	F	Y	W	H	M	C	P
0	0.02379	0.01263	0.01703	0.01538	0.01914	0.01161	0.01179	0.02795	0.02747	0.18675	0.29246	0.14435	0.06833	0.02590	0.06156	0.00463	0.00830	0.01769	0.01126	0.01198
1	0.02371	0.19186	0.03133	0.01634	0.02564	0.02189	0.01409	0.02804	0.02180	0.03176	0.01764	0.02053	0.01507	0.00817	0.00754	0.00176	0.00881	0.00609	0.00577	0.50215
2	0.03077	0.16425	0.23517	0.02919	0.10801	0.02579	0.02706	0.03802	0.02462	0.18247	0.02458	0.02555	0.01749	0.01060	0.00957	0.00307	0.01242	0.00837	0.00701	0.01601
3	0.01538	0.01025	0.01153	0.01153	0.01153	0.01025	0.00641	0.01538	0.01538	0.02050	0.03331	0.06919	0.03844	0.62842	0.05382	0.01025	0.01025	0.01538	0.00641	0.00641
4	0.02336	0.02578	0.09518	0.08898	0.21560	0.02090	0.06709	0.03001	0.02288	0.03366	0.01940	0.02452	0.01567	0.00895	0.00961	0.00264	0.01171	0.00831	0.00550	0.27026
5	0.02898	0.01740	0.02290	0.11439	0.03222	0.01544	0.01575	0.03358	0.02493	0.21462	0.03882	0.03881	0.09405	0.01270	0.00989	0.00275	0.00893	0.01050	0.00882	0.25452

[dist]
# distance from previous block
# <min> <max>
1	3

[block]
# block no. 4 follows, 13 sequences, length 20
# corresponding to MSA columns:
# 211-230
name=unknown_E
#
# <colnr> <probs for GDERKNQSTAVLIFYWHMCP>
#	G	D	E	R	K	N	Q	S	T	A	V	L	I	F	Y	W	H	M	C	P
0	0.15082	0.03211	0.18958	0.02640	0.07936	0.02391	0.02410	0.11282	0.06590	0.15598	0.02588	0.02638	0.01815	0.01131	0.00972	0.00329	0.01150	0.00875	0.00812	0.01593
1	0.02362	0.02541	0.08502	0.04957	0.38386	0.02269	0.02793	0.03197	0.06951	0.03438	0.03523	0.03859	0.10097	0.01258	0.01077	0.00326	0.01137	0.01148	0.00635	0.01544
2	0.01956	0.01163	0.01825	0.02163	0.09806	0.01163	0.01276	0.01664	0.01536	0.02085	0.01860	0.03122	0.01812	0.03254	0.03658	0.58651	0.00970	0.00922	0.00469	0.00646
3	0.02630	0.02271	0.02391	0.02152	0.02749	0.02630	0.01674	0.05618	0.54336	0.04423	0.04303	0.03945	0.03228	0.01434	0.01076	0.00359	0.00837	0.01195	0.01076	0.01674
4	0.04632	0.01978	0.02564	0.01966	0.02788	0.01819	0.01624	0.12460	0.03325	0.49250	0.03920	0.03436	0.02491	0.01303	0.01062	0.00326	0.00940	0.01046	0.01270	0.01799
5	0.02192	0.01879	0.02192	0.01566	0.02506	0.01409	0.01253	0.02662	0.02192	0.03445	0.01879	0.02192	0.01566	0.00783	0.00783	0.00157	0.00783	0.00626	0.00626	0.69305
6	0.01510	0.01133	0.01699	0.01699	0.01888	0.01322	0.01322	0.01888	0.01699	0.02454	0.02832	0.04154	0.02643	0.07930	0.58652	0.01699	0.02832	0.01133	0.00566	0.00944
7	0.03561	0.02239	0.02621	0.02348	0.07359	0.05736	0.01718	0.10957	0.07821	0.24434	0.07337	0.03410	0.02816	0.01255	0.01026	0.00298	0.00979	0.01024	0.01017	0.12044
8	0.02182	0.01867	0.02746	0.16412	0.14937	0.01791	0.02023	0.02599	0.02095	0.03025	0.01896	0.02587	0.01594	0.01325	0.01418	0.10848	0.01052	0.00812	0.00542	0.28248
9	0.01510	0.01133	0.01699	0.01699	0.01888	0.01322	0.01322	0.01888	0.01699	0.02454	0.02832	0.04154	0.02643	0.07930	0.58652	0.01699	0.02832	0.01133	0.00566	0.00944
10	0.03791	0.02250	0.02729	0.02424	0.06786	0.02329	0.01815	0.15650	0.18851	0.26117	0.03690	0.03397	0.02551	0.01311	0.01065	0.00333	0.00965	0.01070	0.01125	0.01752
11	0.08505	0.01722	0.02041	0.01568	0.02307	0.01434	0.01234	0.02870	0.02150	0.11515	0.02188	0.02537	0.01736	0.01362	0.01372	0.11691	0.00827	0.00737	0.00706	0.41497
12	0.70310	0.02045	0.01554	0.01390	0.02045	0.02372	0.01145	0.03108	0.01799	0.04744	0.01472	0.01718	0.01145	0.00981	0.00654	0.00327	0.00818	0.00573	0.00654	0.01145
13	0.01837	0.00918	0.01377	0.01377	0.01377	0.00918	0.00918	0.01377	0.01377	0.01837	0.01837	0.03214	0.01837	0.03673	0.04132	0.69238	0.00918	0.00918	0.00459	0.00459
14	0.01837	0.00918	0.01377	0.01377	0.01377	0.00918	0.00918	0.01377	0.01377	0.01837	0.01837	0.03214	0.01837	0.03673	0.04132	0.69238	0.00918	0.00918	0.00459	0.00459
15	0.02745	0.09487	0.22925	0.03201	0.09835	0.17176	0.02881	0.03400	0.02332	0.02946	0.01712	0.02162	0.01395	0.01162	0.01411	0.00330	0.12235	0.00782	0.00484	0.01398
16	0.02884	0.01684	0.02511	0.12126	0.11316	0.01649	0.01859	0.03406	0.02768	0.22250	0.20526	0.04743	0.04710	0.01493	0.01121	0.00331	0.00906	0.01305	0.01000	0.01411
17	0.01538	0.01025	0.01153	0.01153	0.01153	0.01025	0.00641	0.01538	0.01538	0.02050	0.03331	0.06919	0.03844	0.62842	0.05382	0.01025	0.01025	0.01538	0.00641	0.00641
18	0.01690	0.02471	0.18975	0.02083	0.02705	0.01575	0.02118	0.02321	0.02073	0.02907	0.03870	0.12067	0.06809	0.04047	0.20638	0.00834	0.01715	0.09301	0.00673	0.01129
19	0.02053	0.01760	0.02128	0.01661	0.02369	0.01486	0.01305	0.02453	0.02112	0.03238	0.02491	0.12180	0.02453	0.01302	0.01124	0.00230	0.06274	0.01050	0.00670	0.51661

[dist]
# distance from previous block
# <min> <max>
0	25

# created by:
# /st0/software/busco_prod/Augustus/scripts/msa2prfl.pl ./align_prep/8377.fa
