[name]
unknown

[dist]
# distance from previous block
# <min> <max>
4	22

[block]
# block no. 0 follows, 11 sequences, length 36
# corresponding to MSA columns:
# 26-61
name=unknown_A
#
# <colnr> <probs for GDERKNQSTAVLIFYWHMCP>
#	G	D	E	R	K	N	Q	S	T	A	V	L	I	F	Y	W	H	M	C	P
0	0.08574	0.02325	0.02912	0.02346	0.03047	0.06857	0.09108	0.04330	0.10751	0.18539	0.07666	0.03882	0.03156	0.01362	0.01090	0.00342	0.01091	0.01174	0.09918	0.01530
1	0.03403	0.15130	0.07505	0.02042	0.03043	0.02500	0.01866	0.09227	0.02906	0.16866	0.02620	0.02653	0.01917	0.01086	0.00940	0.00265	0.01060	0.00827	0.00853	0.23292
2	0.03050	0.04030	0.26705	0.03048	0.04335	0.02518	0.10736	0.10052	0.02948	0.12136	0.02539	0.02758	0.01777	0.01118	0.01109	0.00339	0.01457	0.00972	0.00743	0.07629
3	0.02771	0.07351	0.07564	0.02522	0.07257	0.02007	0.05677	0.03374	0.02665	0.11987	0.10783	0.03634	0.03301	0.01222	0.01038	0.00281	0.01035	0.01059	0.00831	0.23641
4	0.03240	0.02468	0.07476	0.09271	0.08121	0.02071	0.05963	0.04082	0.06551	0.19199	0.02991	0.03121	0.02126	0.01139	0.01068	0.00312	0.01153	0.00993	0.00875	0.17781
5	0.02274	0.02512	0.10936	0.08871	0.03643	0.01987	0.05959	0.08969	0.02784	0.03883	0.07570	0.17912	0.03910	0.01809	0.01184	0.00354	0.01114	0.01607	0.00818	0.11904
6	0.08531	0.01630	0.02420	0.02066	0.02571	0.01532	0.07749	0.03074	0.02671	0.16092	0.14239	0.22755	0.05606	0.02183	0.01258	0.00389	0.00891	0.01971	0.01074	0.01299
7	0.03126	0.02523	0.03672	0.02748	0.03657	0.02447	0.13757	0.15682	0.07439	0.08864	0.06764	0.03377	0.02703	0.01220	0.01126	0.00313	0.01200	0.01124	0.00908	0.17350
8	0.03018	0.03282	0.02933	0.02505	0.03148	0.22107	0.06020	0.04019	0.12998	0.03548	0.07143	0.07759	0.03184	0.01450	0.01101	0.00316	0.01347	0.01193	0.00805	0.12126
9	0.01853	0.01150	0.01531	0.01600	0.01824	0.01084	0.01150	0.02142	0.02360	0.09061	0.10031	0.36818	0.10641	0.03773	0.08764	0.00611	0.00991	0.02511	0.01043	0.01061
10	0.03528	0.02637	0.03000	0.08947	0.03730	0.02961	0.02081	0.23983	0.22190	0.09573	0.03473	0.03396	0.02512	0.01394	0.01134	0.00360	0.01115	0.01120	0.01081	0.01786
11	0.01397	0.01000	0.01329	0.01549	0.01638	0.00932	0.01047	0.01633	0.02277	0.03067	0.11715	0.53646	0.07820	0.03381	0.01424	0.00445	0.00639	0.03062	0.01068	0.00932
12	0.03082	0.18072	0.14303	0.10018	0.04130	0.16507	0.02573	0.07267	0.02772	0.03334	0.01889	0.02257	0.01506	0.01076	0.00963	0.00296	0.01518	0.00772	0.00575	0.07091
13	0.01413	0.01104	0.01281	0.01320	0.01592	0.00972	0.00959	0.01745	0.02638	0.03408	0.21631	0.22011	0.30184	0.02862	0.01355	0.00392	0.00579	0.02481	0.01099	0.00972
14	0.01407	0.00995	0.01295	0.01521	0.01578	0.00938	0.00996	0.01577	0.02085	0.02780	0.05844	0.52626	0.06990	0.11230	0.02017	0.00543	0.00712	0.02988	0.00996	0.00883
15	0.03013	0.03394	0.11500	0.04027	0.05168	0.02979	0.32260	0.15055	0.03279	0.04468	0.02352	0.02875	0.01726	0.01063	0.01247	0.00366	0.01706	0.01191	0.00697	0.01634
16	0.01824	0.01543	0.01630	0.01581	0.02003	0.01560	0.01189	0.03061	0.18748	0.03573	0.08430	0.15241	0.30333	0.02502	0.01283	0.00391	0.00688	0.02120	0.01078	0.01222
17	0.01437	0.01144	0.01289	0.01253	0.01586	0.00996	0.00939	0.01823	0.02818	0.03641	0.28292	0.09843	0.35702	0.02626	0.01329	0.00369	0.00554	0.02237	0.01124	0.00996
18	0.02767	0.02533	0.03958	0.17451	0.32876	0.02720	0.03070	0.07586	0.08498	0.03911	0.02432	0.02994	0.01926	0.01122	0.01121	0.00349	0.01313	0.01035	0.00663	0.01674
19	0.02909	0.11398	0.02995	0.08603	0.03267	0.02529	0.01819	0.04416	0.21436	0.12312	0.07952	0.08697	0.03724	0.01602	0.01113	0.00357	0.00973	0.01338	0.01004	0.01553
20	0.09951	0.02676	0.09697	0.02220	0.03188	0.02169	0.02038	0.12505	0.03345	0.35192	0.03574	0.03272	0.02321	0.01312	0.01085	0.00348	0.01093	0.01027	0.01164	0.01822
21	0.02657	0.03036	0.06641	0.04744	0.05882	0.02846	0.49336	0.03605	0.02657	0.03605	0.02277	0.03036	0.01708	0.00949	0.01328	0.00380	0.01898	0.01328	0.00569	0.01518
22	0.09467	0.02489	0.02850	0.13521	0.03963	0.06918	0.02049	0.11687	0.07575	0.23273	0.03206	0.03193	0.02197	0.01294	0.01084	0.00350	0.01191	0.01020	0.01018	0.01656
23	0.02371	0.03277	0.15577	0.03925	0.05000	0.02491	0.32436	0.03273	0.02520	0.03480	0.02849	0.11921	0.02563	0.01384	0.01293	0.00387	0.01652	0.01525	0.00626	0.01452
24	0.03139	0.03589	0.03347	0.02933	0.03159	0.23826	0.02351	0.03402	0.02293	0.02727	0.01579	0.02294	0.01467	0.01655	0.02653	0.00414	0.36501	0.00884	0.00526	0.01260
25	0.68395	0.02177	0.01654	0.01480	0.02177	0.02525	0.01219	0.03309	0.01915	0.05050	0.01567	0.01828	0.01219	0.01045	0.00697	0.00348	0.00871	0.00609	0.00697	0.01219
26	0.01401	0.01003	0.01333	0.01547	0.01639	0.00934	0.01047	0.01643	0.02294	0.03095	0.12514	0.52767	0.07874	0.03360	0.01422	0.00443	0.00636	0.03042	0.01071	0.00934
27	0.02379	0.02260	0.03835	0.38191	0.25316	0.02567	0.03252	0.03098	0.02371	0.03184	0.02045	0.02918	0.01609	0.01078	0.01121	0.00359	0.01438	0.01001	0.00522	0.01455
28	0.02462	0.02462	0.03447	0.02955	0.02955	0.03447	0.02462	0.02709	0.01724	0.02709	0.01477	0.02462	0.01477	0.01970	0.03694	0.00492	0.58385	0.00985	0.00492	0.01231
29	0.19927	0.12682	0.03336	0.13487	0.03923	0.10301	0.02075	0.14459	0.03025	0.04381	0.01949	0.02300	0.01511	0.01136	0.00934	0.00325	0.01300	0.00800	0.00707	0.01441
30	0.03009	0.61122	0.05898	0.01926	0.02889	0.04454	0.01926	0.03370	0.02287	0.02648	0.01565	0.01805	0.01444	0.00963	0.00722	0.00241	0.01204	0.00602	0.00481	0.01444
31	0.01752	0.01418	0.02086	0.02003	0.02170	0.01752	0.01585	0.02128	0.01794	0.02629	0.02755	0.04091	0.02588	0.07348	0.47149	0.01586	0.12371	0.01169	0.00584	0.01043
32	0.14963	0.02246	0.03054	0.02461	0.03230	0.02278	0.09268	0.10310	0.06914	0.18939	0.03616	0.04674	0.02875	0.01546	0.01156	0.00382	0.01138	0.08350	0.01026	0.01576
33	0.02126	0.02001	0.03376	0.57739	0.07752	0.02501	0.03126	0.02876	0.02251	0.02876	0.02001	0.03001	0.01500	0.01125	0.01125	0.00375	0.01500	0.01000	0.00500	0.01250
34	0.01608	0.01206	0.01809	0.01809	0.02010	0.01407	0.01407	0.02010	0.01809	0.02613	0.03015	0.04422	0.02814	0.08441	0.55984	0.01809	0.03015	0.01206	0.00603	0.01005
35	0.02126	0.02001	0.03376	0.57739	0.07752	0.02501	0.03126	0.02876	0.02251	0.02876	0.02001	0.03001	0.01500	0.01125	0.01125	0.00375	0.01500	0.01000	0.00500	0.01250

[dist]
# distance from previous block
# <min> <max>
0	16

[block]
# block no. 1 follows, 11 sequences, length 62
# corresponding to MSA columns:
# 78-139
name=unknown_B
#
# <colnr> <probs for GDERKNQSTAVLIFYWHMCP>
#	G	D	E	R	K	N	Q	S	T	A	V	L	I	F	Y	W	H	M	C	P
0	0.16099	0.02510	0.04403	0.09968	0.12661	0.02539	0.22317	0.03255	0.02435	0.03783	0.02914	0.03460	0.06318	0.01172	0.01140	0.00365	0.01427	0.01187	0.00630	0.01417
1	0.01842	0.01550	0.02257	0.02123	0.02269	0.01965	0.01696	0.02201	0.01786	0.02639	0.02594	0.03885	0.02448	0.06670	0.41670	0.01449	0.18172	0.01145	0.00573	0.01067
2	0.02098	0.01049	0.01049	0.01049	0.01311	0.01049	0.00787	0.02623	0.02360	0.04196	0.03672	0.04196	0.02885	0.01311	0.00787	0.00262	0.00525	0.01049	0.66693	0.01049
3	0.04134	0.02284	0.02706	0.02195	0.02987	0.02343	0.01774	0.12465	0.20607	0.29413	0.04223	0.03788	0.02882	0.01434	0.01136	0.00359	0.00977	0.01163	0.01264	0.01868
4	0.02707	0.02561	0.03355	0.42677	0.06584	0.08588	0.02860	0.10674	0.02850	0.03549	0.02086	0.02844	0.01562	0.01166	0.01113	0.00360	0.01516	0.00972	0.00611	0.01364
5	0.02323	0.02202	0.03732	0.42559	0.21392	0.02552	0.03224	0.03048	0.02344	0.03115	0.02035	0.02937	0.01585	0.01089	0.01122	0.00363	0.01452	0.01001	0.00517	0.01409
6	0.01396	0.00998	0.01328	0.01550	0.01638	0.00931	0.01047	0.01629	0.02269	0.03055	0.11376	0.54019	0.07796	0.03390	0.01424	0.00446	0.00639	0.03071	0.01066	0.00931
7	0.03401	0.02301	0.03992	0.16572	0.04906	0.02379	0.15155	0.04034	0.02669	0.22262	0.02934	0.03264	0.02036	0.01267	0.01456	0.00379	0.07435	0.01138	0.00852	0.01570
8	0.02913	0.02422	0.03377	0.37562	0.06193	0.02863	0.02765	0.19997	0.03363	0.04419	0.02257	0.02892	0.01652	0.01208	0.01126	0.00361	0.01405	0.01005	0.00729	0.01493
9	0.01402	0.01018	0.01324	0.01511	0.01631	0.00940	0.01033	0.01656	0.02344	0.03137	0.13736	0.48087	0.11448	0.03287	0.01412	0.00435	0.00628	0.02958	0.01075	0.00940
10	0.01608	0.01206	0.01809	0.01809	0.02010	0.01407	0.01407	0.02010	0.01809	0.02613	0.03015	0.04422	0.02814	0.08441	0.55984	0.01809	0.03015	0.01206	0.00603	0.01005
11	0.02772	0.02712	0.04782	0.06685	0.48522	0.02692	0.08185	0.03470	0.02572	0.03670	0.02134	0.02811	0.01775	0.00997	0.01136	0.00339	0.01395	0.01036	0.00558	0.01756
12	0.08950	0.01935	0.02377	0.01924	0.02643	0.01866	0.01557	0.08090	0.08273	0.32130	0.13425	0.04511	0.04176	0.01552	0.01137	0.00352	0.00883	0.01271	0.01264	0.01684
13	0.01837	0.01437	0.01476	0.01542	0.01747	0.05987	0.01099	0.02197	0.02560	0.03563	0.17395	0.29636	0.06781	0.02534	0.01235	0.00375	0.00720	0.02227	0.14637	0.01016
14	0.02855	0.08927	0.04353	0.14501	0.34951	0.08737	0.03098	0.03464	0.02551	0.03333	0.01998	0.02636	0.01663	0.01037	0.01064	0.00327	0.01428	0.00930	0.00542	0.01605
15	0.01691	0.01174	0.01507	0.01654	0.01781	0.01167	0.01244	0.01951	0.02132	0.02803	0.04939	0.15268	0.05544	0.27994	0.03351	0.00760	0.01020	0.22265	0.00884	0.00870
16	0.02659	0.02542	0.04347	0.04060	0.14309	0.02563	0.19446	0.07885	0.11680	0.04026	0.03307	0.11893	0.02940	0.01499	0.01249	0.00379	0.01347	0.01510	0.00796	0.01564
17	0.02462	0.02462	0.03447	0.02955	0.02955	0.03447	0.02462	0.02709	0.01724	0.02709	0.01477	0.02462	0.01477	0.01970	0.03694	0.00492	0.58385	0.00985	0.00492	0.01231
18	0.68395	0.02177	0.01654	0.01480	0.02177	0.02525	0.01219	0.03309	0.01915	0.05050	0.01567	0.01828	0.01219	0.01045	0.00697	0.00348	0.00871	0.00609	0.00697	0.01219
19	0.02323	0.02202	0.03733	0.42538	0.21410	0.02553	0.03224	0.03049	0.02344	0.03115	0.02035	0.02936	0.01585	0.01089	0.01122	0.00363	0.01452	0.01001	0.00517	0.01410
20	0.50439	0.02243	0.01898	0.01702	0.02382	0.02600	0.01373	0.04040	0.15459	0.04956	0.02392	0.02477	0.01826	0.01177	0.00819	0.00357	0.00876	0.00791	0.00819	0.01373
21	0.02427	0.02308	0.03920	0.34563	0.28576	0.02580	0.03276	0.03139	0.02393	0.03241	0.02054	0.02903	0.01629	0.01069	0.01120	0.00356	0.01426	0.01001	0.00526	0.01493
22	0.01611	0.01194	0.01749	0.01749	0.01929	0.01374	0.01332	0.01971	0.01791	0.02568	0.03070	0.04725	0.02946	0.13803	0.50803	0.01735	0.02816	0.01250	0.00611	0.00972
23	0.02172	0.02276	0.04499	0.03347	0.04160	0.02105	0.29897	0.02900	0.02735	0.03651	0.13600	0.05720	0.14474	0.01611	0.01329	0.00375	0.01357	0.01686	0.00796	0.01311
24	0.02738	0.02603	0.04332	0.06353	0.48044	0.02550	0.03229	0.03388	0.02539	0.03676	0.02105	0.02738	0.01771	0.00985	0.01085	0.00317	0.01284	0.00967	0.00569	0.08730
25	0.02414	0.02295	0.03897	0.35520	0.27717	0.02577	0.03269	0.03129	0.02387	0.03226	0.02051	0.02907	0.01624	0.01072	0.01120	0.00357	0.01429	0.01001	0.00525	0.01483
26	0.02695	0.02492	0.03768	0.05052	0.34477	0.02452	0.02736	0.03748	0.10681	0.03848	0.02505	0.02929	0.02035	0.01055	0.01061	0.00308	0.01158	0.00978	0.00678	0.15345
27	0.01367	0.00997	0.01288	0.01520	0.01620	0.00918	0.01024	0.01573	0.02200	0.02892	0.06780	0.54288	0.12494	0.03451	0.01425	0.00449	0.00644	0.03108	0.01045	0.00918
28	0.02505	0.24067	0.26924	0.02486	0.03657	0.03108	0.02822	0.03600	0.07518	0.03465	0.07367	0.02990	0.02589	0.01207	0.00984	0.00319	0.01308	0.00922	0.00626	0.01538
29	0.03028	0.01578	0.02030	0.01657	0.02282	0.01350	0.01315	0.03494	0.03011	0.23583	0.22356	0.05915	0.10094	0.01772	0.01176	0.00325	0.00747	0.01504	0.01193	0.11588
30	0.09300	0.09697	0.11555	0.02727	0.03625	0.13953	0.07510	0.07933	0.02799	0.07561	0.02102	0.02411	0.01617	0.01166	0.01220	0.00326	0.06084	0.00858	0.00675	0.06882
31	0.03353	0.02477	0.02478	0.02259	0.02849	0.10764	0.01821	0.04665	0.18468	0.16803	0.04440	0.05955	0.03734	0.01843	0.01227	0.00394	0.01131	0.12708	0.01089	0.01545
32	0.01494	0.01147	0.01368	0.01312	0.01621	0.01020	0.00984	0.01933	0.02953	0.03960	0.37263	0.09318	0.26532	0.02507	0.01329	0.00364	0.00546	0.02163	0.01166	0.01020
33	0.03281	0.07715	0.03330	0.03261	0.14537	0.02684	0.02153	0.05059	0.25714	0.14525	0.03710	0.03580	0.02740	0.01327	0.01097	0.00351	0.01036	0.01120	0.01001	0.01779
34	0.03101	0.39073	0.15041	0.02337	0.03398	0.08673	0.02413	0.08318	0.02699	0.03301	0.01789	0.02032	0.01490	0.01042	0.00860	0.00278	0.01374	0.00701	0.00556	0.01524
35	0.02131	0.02968	0.21437	0.02110	0.02967	0.01685	0.02252	0.02916	0.02817	0.08573	0.24766	0.05998	0.11156	0.01817	0.01213	0.00357	0.00998	0.01540	0.00946	0.01353
36	0.09415	0.02011	0.03124	0.46704	0.06717	0.02426	0.02790	0.03159	0.02303	0.07777	0.02177	0.02952	0.01588	0.01141	0.01080	0.00370	0.01384	0.00971	0.00602	0.01308
37	0.02784	0.01936	0.02644	0.02272	0.02452	0.02373	0.01799	0.02952	0.01992	0.13188	0.02552	0.03824	0.02320	0.13837	0.03639	0.06734	0.29643	0.01146	0.00717	0.01193
38	0.01371	0.00979	0.01306	0.01567	0.01632	0.00914	0.01045	0.01567	0.02155	0.02873	0.06203	0.59710	0.07444	0.03526	0.01437	0.00457	0.00653	0.03200	0.01045	0.00914
39	0.01854	0.01661	0.02483	0.02307	0.02437	0.01949	0.05482	0.02129	0.02047	0.02876	0.04247	0.35270	0.04911	0.02777	0.02209	0.00463	0.20730	0.02280	0.00815	0.01073
40	0.01429	0.01144	0.01277	0.01244	0.01581	0.00992	0.00933	0.01807	0.02799	0.03596	0.27014	0.09918	0.37009	0.02643	0.01329	0.00370	0.00555	0.02247	0.01118	0.00992
41	0.02149	0.01804	0.02137	0.01648	0.02469	0.01388	0.01278	0.02591	0.02300	0.03515	0.02808	0.13351	0.02776	0.01351	0.00949	0.00222	0.00799	0.01153	0.00739	0.54573
42	0.01371	0.00979	0.01306	0.01567	0.01632	0.00914	0.01045	0.01567	0.02155	0.02873	0.06203	0.59710	0.07444	0.03526	0.01437	0.00457	0.00653	0.03200	0.01045	0.00914
43	0.02001	0.01238	0.01595	0.01535	0.01790	0.01171	0.01145	0.02374	0.02666	0.08843	0.26477	0.08364	0.07327	0.18258	0.02550	0.00583	0.00813	0.09159	0.01069	0.01042
44	0.10144	0.03027	0.04146	0.03214	0.04065	0.08720	0.19022	0.15482	0.07018	0.04616	0.02761	0.03679	0.02246	0.01326	0.01182	0.00368	0.01480	0.05152	0.00812	0.01540
45	0.04820	0.02284	0.02840	0.02177	0.03057	0.02201	0.01799	0.18649	0.03838	0.40168	0.03923	0.03495	0.02526	0.01381	0.01130	0.00345	0.01041	0.01097	0.01313	0.01915
46	0.02257	0.05822	0.54613	0.03208	0.04871	0.02614	0.04158	0.03564	0.02376	0.03564	0.02020	0.02376	0.01426	0.01069	0.01069	0.00356	0.01663	0.00832	0.00475	0.01663
47	0.02126	0.02001	0.03376	0.57739	0.07752	0.02501	0.03126	0.02876	0.02251	0.02876	0.02001	0.03001	0.01500	0.01125	0.01125	0.00375	0.01500	0.01000	0.00500	0.01250
48	0.04737	0.01824	0.02446	0.01901	0.02708	0.01590	0.01562	0.05182	0.03130	0.48903	0.04359	0.03870	0.02797	0.01384	0.01095	0.00339	0.00912	0.01123	0.08314	0.01824
49	0.01955	0.00978	0.01466	0.01466	0.01466	0.00978	0.00978	0.01466	0.01466	0.01955	0.01955	0.03421	0.01955	0.03910	0.04399	0.67253	0.00978	0.00978	0.00489	0.00489
50	0.04691	0.02492	0.02969	0.02276	0.03161	0.02510	0.01880	0.26070	0.04186	0.32256	0.03631	0.03305	0.02380	0.01374	0.01129	0.00343	0.01089	0.01077	0.01269	0.01915
51	0.02180	0.01776	0.03226	0.02646	0.03164	0.01830	0.14840	0.02738	0.02161	0.07074	0.02924	0.03986	0.02502	0.05773	0.36241	0.01290	0.02535	0.01234	0.00658	0.01222
52	0.10886	0.01940	0.02524	0.01954	0.02809	0.01734	0.01614	0.05285	0.03101	0.49675	0.04176	0.03646	0.02642	0.01361	0.01092	0.00348	0.00950	0.01084	0.01329	0.01851
53	0.01814	0.01296	0.01814	0.02073	0.02332	0.01296	0.01814	0.02332	0.02591	0.03368	0.05959	0.12696	0.06478	0.03109	0.01555	0.00518	0.01036	0.45848	0.01036	0.01036
54	0.02373	0.14337	0.47111	0.03011	0.04566	0.02897	0.03815	0.03535	0.02363	0.03423	0.01950	0.02288	0.01429	0.01053	0.01016	0.00339	0.01593	0.00796	0.00476	0.01630
55	0.01456	0.01077	0.01380	0.01589	0.01757	0.01001	0.01168	0.01737	0.02327	0.03010	0.07171	0.40302	0.16162	0.03307	0.01440	0.00455	0.00717	0.11955	0.01043	0.00947
56	0.02716	0.02603	0.04442	0.12296	0.48583	0.02656	0.03419	0.03393	0.02530	0.03592	0.02105	0.02808	0.01753	0.01016	0.01115	0.00339	0.01354	0.01003	0.00551	0.01726
57	0.03191	0.14649	0.04253	0.13193	0.22282	0.03031	0.02690	0.10672	0.02944	0.09211	0.02320	0.02717	0.01792	0.01110	0.01039	0.00324	0.01281	0.00935	0.00708	0.01658
58	0.02755	0.18535	0.18612	0.02980	0.04079	0.02877	0.14744	0.03518	0.02491	0.08524	0.02651	0.08462	0.02266	0.01297	0.01091	0.00342	0.01428	0.01176	0.00655	0.01518
59	0.09948	0.01983	0.02056	0.01852	0.02390	0.06592	0.01423	0.03771	0.07699	0.20237	0.05138	0.18799	0.09345	0.02065	0.01178	0.00378	0.00918	0.01730	0.01091	0.01406
60	0.13728	0.04888	0.35136	0.02823	0.04134	0.08186	0.03253	0.08404	0.02686	0.04096	0.01986	0.02283	0.01444	0.01104	0.01007	0.00346	0.01524	0.00802	0.00591	0.01578
61	0.02785	0.08118	0.07121	0.02764	0.08274	0.11031	0.05588	0.03329	0.02855	0.09195	0.17235	0.08911	0.04784	0.01649	0.01164	0.00341	0.01179	0.01422	0.00878	0.01378

[dist]
# distance from previous block
# <min> <max>
1	10

[block]
# block no. 2 follows, 11 sequences, length 52
# corresponding to MSA columns:
# 151-202
name=unknown_C
#
# <colnr> <probs for GDERKNQSTAVLIFYWHMCP>
#	G	D	E	R	K	N	Q	S	T	A	V	L	I	F	Y	W	H	M	C	P
0	0.03091	0.02346	0.02943	0.02239	0.03107	0.02210	0.05599	0.18260	0.03373	0.08402	0.02891	0.08884	0.02464	0.01347	0.01058	0.00285	0.01044	0.01146	0.00903	0.28408
1	0.02416	0.14907	0.04553	0.21855	0.05203	0.02962	0.14004	0.03051	0.02265	0.02963	0.02045	0.02867	0.01685	0.01936	0.07444	0.00518	0.06456	0.01017	0.00524	0.01329
2	0.02452	0.02274	0.03791	0.09990	0.38487	0.02299	0.02911	0.03065	0.02568	0.03626	0.08349	0.09131	0.03341	0.01414	0.01172	0.00352	0.01190	0.01341	0.00679	0.01569
3	0.02126	0.02001	0.03376	0.57739	0.07752	0.02501	0.03126	0.02876	0.02251	0.02876	0.02001	0.03001	0.01500	0.01125	0.01125	0.00375	0.01500	0.01000	0.00500	0.01250
4	0.03356	0.03020	0.04661	0.03530	0.04328	0.08634	0.22548	0.09135	0.02936	0.11778	0.02463	0.02908	0.01832	0.01277	0.01676	0.00381	0.12104	0.01132	0.00751	0.01551
5	0.02462	0.02462	0.03447	0.02955	0.02955	0.03447	0.02462	0.02709	0.01724	0.02709	0.01477	0.02462	0.01477	0.01970	0.03694	0.00492	0.58385	0.00985	0.00492	0.01231
6	0.02200	0.01409	0.01857	0.01942	0.02252	0.01389	0.01571	0.06352	0.02736	0.08644	0.05615	0.26486	0.06043	0.02927	0.01437	0.00466	0.00919	0.23514	0.01083	0.01158
7	0.01368	0.01112	0.01212	0.01249	0.01559	0.00957	0.00913	0.01665	0.02562	0.03180	0.15225	0.19417	0.39840	0.02910	0.01349	0.00391	0.00581	0.02486	0.01067	0.00957
8	0.16488	0.02093	0.03101	0.41446	0.10273	0.02520	0.02741	0.03016	0.02204	0.03411	0.01916	0.02730	0.01463	0.01098	0.01032	0.00366	0.01351	0.00916	0.00547	0.01287
9	0.02126	0.02001	0.03376	0.57739	0.07752	0.02501	0.03126	0.02876	0.02251	0.02876	0.02001	0.03001	0.01500	0.01125	0.01125	0.00375	0.01500	0.01000	0.00500	0.01250
10	0.01402	0.00992	0.01297	0.01528	0.01586	0.00935	0.01003	0.01575	0.02095	0.02794	0.05898	0.53688	0.07059	0.10074	0.01930	0.00530	0.00703	0.03020	0.01003	0.00887
11	0.10020	0.02348	0.03160	0.09735	0.16494	0.02478	0.02310	0.08236	0.12261	0.16798	0.03151	0.03240	0.02273	0.01249	0.01085	0.00353	0.01120	0.01048	0.00934	0.01708
12	0.02786	0.02674	0.04568	0.06908	0.53424	0.02674	0.03454	0.03454	0.02563	0.03677	0.02117	0.02786	0.01783	0.01003	0.01114	0.00334	0.01337	0.01003	0.00557	0.01783
13	0.05050	0.01915	0.02612	0.02003	0.02873	0.01654	0.01654	0.05485	0.03221	0.54203	0.04440	0.03831	0.02786	0.01393	0.01132	0.00348	0.00958	0.01132	0.01393	0.01915
14	0.02951	0.01715	0.02088	0.01834	0.02362	0.01714	0.01470	0.07624	0.10862	0.16975	0.18171	0.06156	0.05480	0.01858	0.01200	0.00364	0.00811	0.06536	0.08372	0.01456
15	0.02446	0.01973	0.03013	0.10434	0.09326	0.02080	0.07258	0.03574	0.12775	0.07953	0.11309	0.09050	0.04145	0.02323	0.06744	0.00518	0.01281	0.01474	0.00897	0.01425
16	0.02149	0.01736	0.02460	0.02238	0.02245	0.02232	0.01744	0.02112	0.01675	0.02443	0.02187	0.09233	0.02326	0.02876	0.03707	0.25676	0.30263	0.01230	0.00553	0.00916
17	0.04966	0.02050	0.02696	0.02067	0.02941	0.01855	0.01707	0.10307	0.03447	0.49062	0.04251	0.03708	0.02691	0.01388	0.01131	0.00347	0.00988	0.01119	0.01364	0.01915
18	0.17650	0.02872	0.02524	0.02151	0.02844	0.13841	0.01703	0.09464	0.10910	0.15940	0.06631	0.03290	0.02749	0.01352	0.01030	0.00340	0.01158	0.01009	0.00990	0.01552
19	0.02432	0.15077	0.40815	0.03158	0.04642	0.02958	0.08830	0.03535	0.02392	0.03410	0.01970	0.02351	0.01461	0.01037	0.01038	0.00339	0.01610	0.00848	0.00487	0.01609
20	0.01371	0.00979	0.01306	0.01567	0.01632	0.00914	0.01045	0.01567	0.02155	0.02873	0.06203	0.59710	0.07444	0.03526	0.01437	0.00457	0.00653	0.03200	0.01045	0.00914
21	0.03643	0.01740	0.02212	0.01798	0.02432	0.01623	0.01446	0.09148	0.03356	0.29180	0.18488	0.05096	0.05017	0.01649	0.01154	0.00340	0.00819	0.01378	0.07905	0.01575
22	0.03262	0.09148	0.03794	0.17823	0.10023	0.06844	0.05865	0.07766	0.07717	0.12692	0.02716	0.03015	0.01993	0.01190	0.01089	0.00342	0.01340	0.01011	0.00791	0.01580
23	0.01546	0.01029	0.01250	0.01385	0.01445	0.00995	0.00880	0.01700	0.01978	0.02743	0.04933	0.34108	0.05703	0.25052	0.03011	0.00680	0.00807	0.02386	0.07529	0.00839
24	0.03698	0.01764	0.02107	0.01732	0.02361	0.01713	0.01392	0.09274	0.06659	0.26752	0.03974	0.03871	0.02775	0.01368	0.01003	0.00317	0.00822	0.01098	0.25738	0.01582
25	0.08939	0.03229	0.13527	0.02386	0.03362	0.06685	0.02255	0.09839	0.08715	0.24668	0.03314	0.03142	0.02249	0.01290	0.01077	0.00348	0.01210	0.00999	0.01023	0.01744
26	0.03421	0.03047	0.12586	0.08990	0.10090	0.02479	0.13088	0.09079	0.03010	0.18551	0.02861	0.03088	0.01983	0.01165	0.01162	0.00357	0.01412	0.01085	0.00844	0.01703
27	0.01828	0.01365	0.01963	0.19495	0.03543	0.01490	0.01662	0.02357	0.02481	0.03564	0.15586	0.16758	0.05293	0.01967	0.01166	0.00363	0.00868	0.01734	0.15429	0.01088
28	0.27730	0.01725	0.01734	0.01490	0.02093	0.01778	0.01203	0.03720	0.02447	0.19204	0.03111	0.03204	0.02234	0.01236	0.00854	0.00320	0.00781	0.00909	0.22859	0.01367
29	0.03171	0.39644	0.04736	0.02071	0.02908	0.09058	0.01888	0.10691	0.02955	0.03573	0.07502	0.02709	0.02547	0.01194	0.00883	0.00274	0.01216	0.00840	0.00678	0.01462
30	0.03675	0.15040	0.09272	0.02205	0.03121	0.02674	0.02035	0.04953	0.16240	0.23781	0.03592	0.03337	0.02525	0.01302	0.01042	0.00336	0.01072	0.01024	0.01026	0.01750
31	0.09658	0.02243	0.03885	0.40056	0.06726	0.02578	0.12840	0.03081	0.02300	0.03276	0.02011	0.02877	0.01513	0.01078	0.01121	0.00373	0.01515	0.01027	0.00537	0.01304
32	0.22300	0.02462	0.02414	0.02099	0.02795	0.02827	0.01672	0.12050	0.29625	0.05183	0.03401	0.03268	0.02546	0.01358	0.01010	0.00365	0.00939	0.01037	0.01010	0.01637
33	0.04376	0.02259	0.03333	0.02539	0.03362	0.02199	0.08332	0.09769	0.03219	0.36924	0.03655	0.03461	0.02411	0.01386	0.01417	0.00366	0.06911	0.01131	0.01160	0.01792
34	0.01371	0.00979	0.01306	0.01567	0.01632	0.00914	0.01045	0.01567	0.02155	0.02873	0.06203	0.59710	0.07444	0.03526	0.01437	0.00457	0.00653	0.03200	0.01045	0.00914
35	0.02257	0.05822	0.54613	0.03208	0.04871	0.02614	0.04158	0.03564	0.02376	0.03564	0.02020	0.02376	0.01426	0.01069	0.01069	0.00356	0.01663	0.00832	0.00475	0.01663
36	0.18407	0.02028	0.02399	0.01923	0.02730	0.01970	0.01575	0.05073	0.08333	0.38102	0.03839	0.03442	0.02522	0.01333	0.01040	0.00352	0.00932	0.01035	0.01216	0.01751
37	0.02463	0.17399	0.38912	0.03100	0.04556	0.03034	0.08609	0.03527	0.02388	0.03372	0.01950	0.02326	0.01461	0.01033	0.01023	0.00334	0.01590	0.00837	0.00487	0.01600
38	0.05050	0.01915	0.02612	0.02003	0.02873	0.01654	0.01654	0.05485	0.03221	0.54203	0.04440	0.03831	0.02786	0.01393	0.01132	0.00348	0.00958	0.01132	0.01393	0.01915
39	0.01694	0.01333	0.01974	0.01924	0.02105	0.01613	0.01513	0.02080	0.01800	0.02622	0.02860	0.04224	0.02679	0.07789	0.50709	0.01676	0.08601	0.01184	0.00592	0.01028
40	0.04510	0.02312	0.02772	0.02145	0.02977	0.02300	0.01766	0.22012	0.03935	0.32139	0.03716	0.03433	0.02463	0.01370	0.01101	0.00337	0.01028	0.01080	0.06760	0.01842
41	0.03765	0.02723	0.02596	0.02229	0.02844	0.13575	0.01732	0.15009	0.03451	0.18938	0.03878	0.17094	0.03448	0.01864	0.01181	0.00360	0.01180	0.01531	0.01067	0.01534
42	0.01790	0.01076	0.01568	0.01568	0.01643	0.01151	0.01105	0.01688	0.01613	0.02226	0.02529	0.04237	0.02515	0.11931	0.23817	0.35400	0.01751	0.01137	0.00553	0.00703
43	0.01588	0.01206	0.01511	0.01673	0.01958	0.01128	0.01378	0.01987	0.02537	0.03196	0.08017	0.16743	0.23941	0.03055	0.01459	0.00460	0.00824	0.25307	0.01041	0.00992
44	0.10548	0.01870	0.02388	0.01931	0.02551	0.01847	0.01545	0.04354	0.02676	0.35423	0.03688	0.04043	0.02694	0.10793	0.02097	0.00482	0.07237	0.01144	0.01112	0.01576
45	0.68395	0.02177	0.01654	0.01480	0.02177	0.02525	0.01219	0.03309	0.01915	0.05050	0.01567	0.01828	0.01219	0.01045	0.00697	0.00348	0.00871	0.00609	0.00697	0.01219
46	0.03383	0.02983	0.03032	0.02460	0.03132	0.12977	0.05763	0.23137	0.03982	0.05175	0.13323	0.03940	0.03751	0.01481	0.01138	0.00330	0.01241	0.01206	0.06055	0.01512
47	0.01673	0.01101	0.01407	0.01493	0.01666	0.01103	0.01097	0.02037	0.02291	0.03342	0.11733	0.21035	0.05754	0.09346	0.10384	0.00685	0.01068	0.06746	0.15070	0.00969
48	0.09486	0.01237	0.01519	0.01643	0.01877	0.01205	0.01190	0.02223	0.02270	0.08288	0.05474	0.43538	0.06182	0.02993	0.01331	0.00439	0.00741	0.06267	0.01039	0.01059
49	0.01789	0.01314	0.01601	0.01635	0.01847	0.01318	0.01152	0.05766	0.06576	0.03624	0.15521	0.33903	0.06998	0.09304	0.01846	0.00491	0.00740	0.02449	0.01060	0.01068
50	0.02257	0.05822	0.54613	0.03208	0.04871	0.02614	0.04158	0.03564	0.02376	0.03564	0.02020	0.02376	0.01426	0.01069	0.01069	0.00356	0.01663	0.00832	0.00475	0.01663
51	0.02682	0.02753	0.05243	0.10356	0.31840	0.02724	0.20566	0.03462	0.02572	0.03583	0.02167	0.02897	0.01731	0.00993	0.01195	0.00355	0.01560	0.01124	0.00557	0.01639

[dist]
# distance from previous block
# <min> <max>
0	1

[block]
# block no. 3 follows, 11 sequences, length 23
# corresponding to MSA columns:
# 207-229
name=unknown_D
#
# <colnr> <probs for GDERKNQSTAVLIFYWHMCP>
#	G	D	E	R	K	N	Q	S	T	A	V	L	I	F	Y	W	H	M	C	P
0	0.03135	0.02660	0.03892	0.11948	0.18089	0.02833	0.07634	0.20792	0.03618	0.04923	0.06877	0.03315	0.02574	0.01263	0.01162	0.00348	0.01312	0.01134	0.00827	0.01662
1	0.03087	0.49480	0.05716	0.02323	0.03268	0.09253	0.07055	0.03504	0.02414	0.02761	0.01658	0.01960	0.01473	0.00980	0.00816	0.00260	0.01358	0.00692	0.00500	0.01439
2	0.01859	0.01041	0.01562	0.01562	0.01617	0.01097	0.01097	0.01617	0.01562	0.02138	0.02250	0.03699	0.02194	0.05170	0.18741	0.49058	0.01544	0.01041	0.00521	0.00632
3	0.12856	0.11532	0.19025	0.02069	0.02950	0.02286	0.02196	0.02955	0.02592	0.04028	0.20915	0.04464	0.04839	0.01511	0.01055	0.00337	0.01044	0.01213	0.00798	0.01334
4	0.29916	0.01885	0.02174	0.14817	0.03522	0.02088	0.01717	0.03308	0.02273	0.13125	0.02978	0.12278	0.02626	0.01548	0.01002	0.00373	0.00998	0.01235	0.00836	0.01302
5	0.05050	0.01915	0.02612	0.02003	0.02873	0.01654	0.01654	0.05485	0.03221	0.54203	0.04440	0.03831	0.02786	0.01393	0.01132	0.00348	0.00958	0.01132	0.01393	0.01915
6	0.01432	0.01047	0.01360	0.01587	0.01722	0.00976	0.01135	0.01687	0.02273	0.02968	0.06839	0.46398	0.13183	0.03377	0.01440	0.00456	0.00699	0.09439	0.01044	0.00937
7	0.04644	0.02164	0.02717	0.02127	0.02972	0.02075	0.01743	0.12124	0.09754	0.40797	0.04200	0.03711	0.02740	0.01404	0.01133	0.00351	0.00991	0.01132	0.01321	0.01898
8	0.02667	0.02564	0.04307	0.13428	0.42732	0.02720	0.03321	0.03309	0.02446	0.03482	0.02044	0.02786	0.01717	0.01106	0.01347	0.00354	0.06464	0.01001	0.00544	0.01661
9	0.01534	0.01048	0.01258	0.01359	0.01384	0.01023	0.00822	0.01610	0.01837	0.02449	0.04571	0.27555	0.05385	0.38491	0.04073	0.00847	0.00922	0.02240	0.00822	0.00772
10	0.02620	0.01616	0.02002	0.01925	0.02337	0.01627	0.01483	0.06783	0.11007	0.13692	0.05284	0.28192	0.05294	0.02544	0.01321	0.00423	0.00853	0.08512	0.01135	0.01351
11	0.02126	0.02001	0.03376	0.57739	0.07752	0.02501	0.03126	0.02876	0.02251	0.02876	0.02001	0.03001	0.01500	0.01125	0.01125	0.00375	0.01500	0.01000	0.00500	0.01250
12	0.04935	0.02100	0.02726	0.02090	0.02965	0.01927	0.01726	0.12060	0.03530	0.47193	0.04182	0.03663	0.02656	0.01387	0.01131	0.00347	0.01000	0.01114	0.01353	0.01915
13	0.02745	0.02531	0.04119	0.20766	0.35774	0.02704	0.03235	0.07757	0.02739	0.03782	0.02141	0.02838	0.01716	0.01071	0.01118	0.00346	0.01373	0.01003	0.00596	0.01646
14	0.02563	0.02298	0.03716	0.12702	0.26388	0.02387	0.05916	0.08003	0.02767	0.03787	0.03073	0.11139	0.02935	0.01584	0.01216	0.00377	0.01271	0.05642	0.00720	0.01515
15	0.02954	0.01394	0.01881	0.01735	0.02163	0.01244	0.01305	0.03287	0.02718	0.24795	0.10478	0.30513	0.05813	0.02491	0.01296	0.00400	0.00769	0.02198	0.01213	0.01354
16	0.01668	0.01138	0.01585	0.01585	0.01697	0.01250	0.01128	0.01819	0.01707	0.02388	0.03017	0.05151	0.03068	0.23264	0.33412	0.11240	0.02142	0.01301	0.00610	0.00833
17	0.09054	0.03699	0.23181	0.03110	0.04333	0.02398	0.14722	0.04086	0.02642	0.17787	0.02718	0.02900	0.01857	0.01126	0.01119	0.00359	0.01456	0.01022	0.00774	0.01657
18	0.02462	0.04541	0.33714	0.04460	0.18517	0.02665	0.10541	0.03540	0.02469	0.03602	0.02084	0.02586	0.01566	0.01033	0.01120	0.00354	0.01607	0.00952	0.00512	0.01675
19	0.01371	0.00979	0.01306	0.01567	0.01632	0.00914	0.01045	0.01567	0.02155	0.02873	0.06203	0.59710	0.07444	0.03526	0.01437	0.00457	0.00653	0.03200	0.01045	0.00914
20	0.22535	0.02191	0.02471	0.01953	0.02781	0.02197	0.01613	0.12117	0.03197	0.32822	0.03357	0.03089	0.02208	0.01289	0.01010	0.00347	0.00980	0.00967	0.01156	0.01722
21	0.02254	0.02055	0.03385	0.18279	0.27462	0.02160	0.02703	0.02855	0.02504	0.03463	0.09249	0.12037	0.03696	0.01577	0.01193	0.00365	0.01173	0.01463	0.00703	0.01426
22	0.02017	0.01197	0.01591	0.01561	0.01838	0.01092	0.01143	0.02405	0.02794	0.11204	0.27714	0.27521	0.08241	0.02640	0.01341	0.00393	0.00641	0.02351	0.01187	0.01131

[dist]
# distance from previous block
# <min> <max>
0	1

[block]
# block no. 4 follows, 11 sequences, length 16
# corresponding to MSA columns:
# 231-246
name=unknown_E
#
# <colnr> <probs for GDERKNQSTAVLIFYWHMCP>
#	G	D	E	R	K	N	Q	S	T	A	V	L	I	F	Y	W	H	M	C	P
0	0.47889	0.01993	0.01738	0.01500	0.02179	0.02142	0.01213	0.03054	0.02174	0.04752	0.09415	0.02906	0.02716	0.01202	0.00814	0.00321	0.00813	0.00835	0.00774	0.11570
1	0.12955	0.27520	0.04037	0.02002	0.02914	0.03455	0.01790	0.15967	0.03062	0.04377	0.01943	0.02135	0.01573	0.01062	0.00846	0.00272	0.01108	0.00726	0.00718	0.11538
2	0.01885	0.01618	0.02494	0.02096	0.02574	0.01433	0.09606	0.02257	0.02199	0.03082	0.03999	0.26307	0.04406	0.12207	0.02006	0.00480	0.00994	0.01966	0.00804	0.17585
3	0.02532	0.18547	0.34050	0.03555	0.12993	0.03066	0.03498	0.03498	0.02388	0.03364	0.01928	0.02312	0.01493	0.01032	0.00994	0.00325	0.01495	0.00807	0.00491	0.01632
4	0.13264	0.03082	0.04457	0.13139	0.05048	0.10849	0.22109	0.07795	0.02791	0.03894	0.02074	0.02657	0.01574	0.01064	0.01127	0.00356	0.01626	0.01037	0.00630	0.01428
5	0.02784	0.02506	0.05099	0.03775	0.04683	0.02327	0.33711	0.03523	0.02652	0.10982	0.03293	0.13190	0.02884	0.01471	0.01318	0.00389	0.01538	0.01631	0.00776	0.01470
6	0.15180	0.03615	0.19601	0.02483	0.03590	0.02688	0.02541	0.18113	0.03353	0.14430	0.02605	0.02653	0.01795	0.01213	0.01032	0.00348	0.01259	0.00905	0.00888	0.01709
7	0.01617	0.01346	0.02150	0.01979	0.02280	0.01246	0.08363	0.02015	0.02512	0.03393	0.17273	0.34848	0.10954	0.02786	0.01385	0.00414	0.00806	0.02569	0.01020	0.01044
8	0.01867	0.01076	0.01237	0.01263	0.01455	0.01105	0.00907	0.02257	0.02132	0.03476	0.03794	0.10360	0.03519	0.11773	0.11377	0.00682	0.01065	0.01385	0.38298	0.00972
9	0.08127	0.01865	0.02792	0.20901	0.12735	0.02139	0.02297	0.02594	0.02191	0.03196	0.03225	0.20308	0.03356	0.01924	0.01441	0.00403	0.06935	0.01642	0.00695	0.01234
10	0.03102	0.03528	0.20489	0.03474	0.09133	0.02560	0.10028	0.03890	0.02536	0.16033	0.02577	0.02895	0.01852	0.01280	0.01581	0.00379	0.11267	0.01026	0.00729	0.01642
11	0.02036	0.01892	0.03392	0.20657	0.04717	0.01996	0.14218	0.02602	0.02267	0.02990	0.03340	0.13259	0.03360	0.11851	0.02058	0.00525	0.01361	0.05647	0.00681	0.01151
12	0.01551	0.01196	0.01433	0.01497	0.01740	0.01138	0.01074	0.02133	0.07172	0.03489	0.18701	0.30254	0.18678	0.02876	0.01357	0.00406	0.00626	0.02536	0.01102	0.01041
13	0.02463	0.20975	0.41264	0.02857	0.04328	0.03118	0.03547	0.03511	0.02352	0.03313	0.01895	0.02220	0.01431	0.01040	0.00974	0.00325	0.01537	0.00769	0.00477	0.01603
14	0.02715	0.15868	0.32288	0.03117	0.04484	0.02933	0.11291	0.03699	0.02480	0.07761	0.02184	0.02503	0.01595	0.01056	0.01051	0.00337	0.01553	0.00898	0.00572	0.01617
15	0.01913	0.01416	0.01705	0.01701	0.02013	0.01397	0.01302	0.09092	0.02949	0.03903	0.14576	0.26326	0.14928	0.02802	0.01371	0.00417	0.00767	0.09217	0.01089	0.01117

[dist]
# distance from previous block
# <min> <max>
0	13

[block]
# block no. 5 follows, 11 sequences, length 15
# corresponding to MSA columns:
# 260-274
name=unknown_F
#
# <colnr> <probs for GDERKNQSTAVLIFYWHMCP>
#	G	D	E	R	K	N	Q	S	T	A	V	L	I	F	Y	W	H	M	C	P
0	0.03138	0.09286	0.35315	0.02748	0.04121	0.02486	0.03239	0.04111	0.02617	0.18328	0.02691	0.02755	0.01826	0.01155	0.01059	0.00344	0.01418	0.00901	0.00745	0.01719
1	0.02958	0.15025	0.03169	0.01783	0.02752	0.02179	0.01520	0.03417	0.02479	0.12293	0.02332	0.02480	0.01814	0.00960	0.00861	0.00215	0.00937	0.00734	0.00753	0.41340
2	0.03060	0.02687	0.02583	0.02203	0.02849	0.10242	0.01708	0.17503	0.10796	0.04556	0.03495	0.15339	0.03254	0.01739	0.01130	0.00334	0.01103	0.01432	0.00950	0.13039
3	0.01417	0.01117	0.01278	0.01295	0.01588	0.00978	0.00949	0.01762	0.02686	0.03460	0.23129	0.18203	0.32547	0.02796	0.01347	0.00385	0.00572	0.02409	0.01104	0.00978
4	0.02503	0.02202	0.03376	0.48081	0.07006	0.02674	0.02953	0.11071	0.02783	0.03614	0.02123	0.02948	0.01573	0.01165	0.01125	0.00369	0.01455	0.01003	0.00610	0.01367
5	0.01618	0.01164	0.01597	0.01597	0.01724	0.01292	0.01142	0.01874	0.01746	0.02456	0.03209	0.05496	0.03280	0.27427	0.37637	0.01547	0.02312	0.01363	0.00632	0.00887
6	0.02749	0.01240	0.01394	0.01259	0.01656	0.01183	0.00978	0.03254	0.02550	0.15225	0.03841	0.04116	0.02863	0.01329	0.00863	0.00281	0.00620	0.01067	0.52291	0.01240
7	0.02915	0.06960	0.03909	0.03537	0.12209	0.06697	0.09417	0.10257	0.10949	0.03986	0.02911	0.08726	0.02561	0.01512	0.01456	0.00371	0.08031	0.01273	0.00776	0.01548
8	0.01608	0.01206	0.01809	0.01809	0.02010	0.01407	0.01407	0.02010	0.01809	0.02613	0.03015	0.04422	0.02814	0.08441	0.55984	0.01809	0.03015	0.01206	0.00603	0.01005
9	0.02650	0.02679	0.04993	0.13816	0.32857	0.02698	0.16720	0.03412	0.02544	0.03537	0.02146	0.02890	0.01719	0.01005	0.01178	0.00353	0.01524	0.01097	0.00552	0.01627
10	0.01869	0.01738	0.02874	0.11538	0.03649	0.01742	0.12048	0.02550	0.05776	0.03200	0.05709	0.22867	0.15256	0.02268	0.01317	0.00404	0.01066	0.02102	0.00857	0.01171
11	0.28448	0.06672	0.07090	0.03232	0.15391	0.02912	0.02249	0.13761	0.02892	0.04897	0.01992	0.02301	0.01545	0.01100	0.00926	0.00336	0.01151	0.00814	0.00727	0.01563
12	0.02428	0.02068	0.03103	0.38842	0.06096	0.02454	0.02732	0.10543	0.02815	0.03662	0.02810	0.04649	0.02441	0.01510	0.01201	0.00394	0.01376	0.08857	0.00698	0.01323
13	0.13704	0.02762	0.07167	0.03253	0.14071	0.02665	0.02292	0.12392	0.13790	0.12201	0.03013	0.03054	0.02201	0.01249	0.01056	0.00351	0.01118	0.01007	0.00926	0.01727
14	0.37322	0.02683	0.02169	0.01879	0.02549	0.11707	0.01501	0.07633	0.02713	0.10564	0.07295	0.02850	0.02469	0.01261	0.00905	0.00338	0.01081	0.00872	0.00851	0.01360

[dist]
# distance from previous block
# <min> <max>
5	18

[block]
# block no. 6 follows, 11 sequences, length 8
# corresponding to MSA columns:
# 293-300
name=unknown_G
#
# <colnr> <probs for GDERKNQSTAVLIFYWHMCP>
#	G	D	E	R	K	N	Q	S	T	A	V	L	I	F	Y	W	H	M	C	P
0	0.16115	0.13299	0.19172	0.03143	0.11624	0.03058	0.02744	0.11211	0.02789	0.04323	0.01984	0.02292	0.01527	0.01083	0.00954	0.00329	0.01303	0.00807	0.00643	0.01599
1	0.13146	0.09697	0.06877	0.02659	0.10432	0.02426	0.01956	0.06472	0.06576	0.04163	0.11024	0.07958	0.03684	0.01478	0.01035	0.00329	0.00995	0.01216	0.00814	0.07064
2	0.20878	0.12850	0.14669	0.01936	0.02906	0.02466	0.01984	0.03046	0.02252	0.03766	0.03211	0.03379	0.09098	0.01270	0.00905	0.00306	0.01060	0.00933	0.00656	0.12430
3	0.34310	0.12477	0.09202	0.01893	0.02796	0.02656	0.01807	0.03861	0.02341	0.15977	0.02296	0.02362	0.01650	0.01116	0.00849	0.00331	0.01046	0.00758	0.00796	0.01475
4	0.31723	0.02191	0.02467	0.02022	0.02728	0.02333	0.05523	0.11195	0.02863	0.12101	0.07058	0.07585	0.02919	0.01446	0.00999	0.00358	0.00986	0.01146	0.00933	0.01423
5	0.15417	0.02222	0.06410	0.01796	0.02592	0.01840	0.01558	0.06642	0.02631	0.08475	0.07183	0.08430	0.06324	0.01468	0.00999	0.00301	0.00895	0.01179	0.00858	0.22780
6	0.33451	0.16968	0.03119	0.01843	0.02661	0.03058	0.01604	0.11387	0.02738	0.10932	0.02116	0.02220	0.01587	0.01119	0.00829	0.00320	0.01026	0.00741	0.00802	0.01479
7	0.02641	0.06927	0.06649	0.08979	0.03251	0.02023	0.01919	0.06500	0.06493	0.12016	0.04274	0.21941	0.04168	0.02119	0.01222	0.00393	0.01025	0.05128	0.00957	0.01376

[dist]
# distance from previous block
# <min> <max>
0	4

[block]
# block no. 7 follows, 11 sequences, length 10
# corresponding to MSA columns:
# 305-314
name=unknown_H
#
# <colnr> <probs for GDERKNQSTAVLIFYWHMCP>
#	G	D	E	R	K	N	Q	S	T	A	V	L	I	F	Y	W	H	M	C	P
0	0.03865	0.02544	0.02969	0.08486	0.03620	0.02717	0.02006	0.29958	0.04220	0.15852	0.03956	0.03879	0.07768	0.01502	0.01150	0.00349	0.01135	0.01189	0.01102	0.01732
1	0.02885	0.02431	0.03520	0.04554	0.28832	0.02511	0.02533	0.15015	0.03121	0.04305	0.02887	0.09656	0.02710	0.08037	0.01670	0.00434	0.01207	0.01323	0.00773	0.01596
2	0.02420	0.02506	0.02514	0.03081	0.13710	0.15566	0.01865	0.02752	0.02542	0.03034	0.04478	0.28741	0.07663	0.02302	0.01248	0.00381	0.01158	0.02011	0.00815	0.01212
3	0.04380	0.02535	0.07848	0.02871	0.10195	0.02106	0.02198	0.10299	0.03298	0.36775	0.03681	0.03414	0.02414	0.01303	0.01123	0.00346	0.01110	0.01072	0.01158	0.01873
4	0.02890	0.01787	0.02171	0.01814	0.02348	0.01773	0.01437	0.14535	0.03715	0.14222	0.31561	0.06157	0.07030	0.01900	0.01242	0.00349	0.00784	0.01617	0.01239	0.01429
5	0.01436	0.01023	0.01271	0.01442	0.01518	0.00963	0.00934	0.01589	0.02057	0.02709	0.05971	0.41862	0.10565	0.18216	0.02539	0.00615	0.00759	0.02722	0.00951	0.00857
6	0.04094	0.02172	0.02889	0.02306	0.03116	0.02139	0.05253	0.05516	0.19810	0.33342	0.04328	0.03899	0.02930	0.01406	0.01151	0.00362	0.01005	0.01195	0.01246	0.01840
7	0.08894	0.02722	0.14226	0.02416	0.03307	0.01925	0.05174	0.03934	0.02721	0.22312	0.03910	0.05580	0.03236	0.01708	0.01202	0.00396	0.01187	0.12619	0.00984	0.01547
8	0.02404	0.04877	0.38924	0.04003	0.11837	0.02664	0.12252	0.03556	0.02453	0.03588	0.02080	0.02553	0.01527	0.01038	0.01123	0.00358	0.01660	0.00946	0.00504	0.01654
9	0.03318	0.08534	0.03087	0.02148	0.02843	0.02111	0.06031	0.08853	0.03165	0.21087	0.16137	0.04640	0.04469	0.02141	0.05879	0.00465	0.01171	0.01318	0.01076	0.01526

[dist]
# distance from previous block
# <min> <max>
3	10

[block]
# block no. 8 follows, 11 sequences, length 16
# corresponding to MSA columns:
# 329-344
name=unknown_I
#
# <colnr> <probs for GDERKNQSTAVLIFYWHMCP>
#	G	D	E	R	K	N	Q	S	T	A	V	L	I	F	Y	W	H	M	C	P
0	0.03661	0.02935	0.13052	0.02893	0.09468	0.02272	0.02395	0.13479	0.03393	0.22621	0.09022	0.03726	0.03141	0.01380	0.01139	0.00347	0.01150	0.01139	0.01038	0.01749
1	0.17574	0.02026	0.02157	0.01829	0.02514	0.02102	0.01468	0.07644	0.13876	0.18761	0.05078	0.04763	0.12344	0.01629	0.01078	0.00361	0.00869	0.01284	0.01097	0.01544
2	0.02949	0.02776	0.12592	0.02230	0.03113	0.02163	0.02079	0.04562	0.20270	0.14436	0.09683	0.04066	0.03586	0.01424	0.01113	0.00341	0.01005	0.01180	0.01020	0.09412
3	0.03685	0.14082	0.03511	0.02249	0.03067	0.03167	0.01900	0.26136	0.09704	0.10827	0.07659	0.03369	0.02924	0.01391	0.01069	0.00327	0.01093	0.01073	0.01042	0.01726
4	0.03459	0.02342	0.03033	0.03125	0.12786	0.02468	0.02104	0.14312	0.13850	0.15942	0.03436	0.03545	0.02546	0.02339	0.08927	0.00558	0.01371	0.01122	0.01005	0.01731
5	0.01580	0.01219	0.01421	0.01516	0.01751	0.01172	0.01099	0.02101	0.06955	0.03072	0.07339	0.26666	0.21029	0.10306	0.01934	0.00513	0.00750	0.07575	0.01007	0.00993
6	0.03009	0.03367	0.18955	0.13361	0.04464	0.02513	0.02772	0.15182	0.03290	0.10665	0.08467	0.03470	0.02814	0.01336	0.01133	0.00354	0.01304	0.01089	0.00848	0.01606
7	0.01955	0.00978	0.01466	0.01466	0.01466	0.00978	0.00978	0.01466	0.01466	0.01955	0.01955	0.03421	0.01955	0.03910	0.04399	0.67253	0.00978	0.00978	0.00489	0.00489
8	0.02583	0.02280	0.03401	0.24533	0.05053	0.05753	0.07583	0.03140	0.02359	0.07893	0.02728	0.07785	0.02418	0.01612	0.01696	0.00406	0.12559	0.04239	0.00674	0.01304
