[name]
unknown

[dist]
# distance from previous block
# <min> <max>
0	27

[block]
# block no. 0 follows, 16 sequences, length 32
# corresponding to MSA columns:
# 27-58
name=unknown_A
#
# <colnr> <probs for GDERKNQSTAVLIFYWHMCP>
#	G	D	E	R	K	N	Q	S	T	A	V	L	I	F	Y	W	H	M	C	P
0	0.02069	0.01661	0.02603	0.44565	0.05298	0.01957	0.02309	0.06009	0.02194	0.07120	0.02507	0.07529	0.02174	0.01310	0.01025	0.00337	0.01154	0.06458	0.00601	0.01119
1	0.01646	0.01124	0.01250	0.01179	0.01260	0.01155	0.00718	0.07160	0.01737	0.02319	0.02978	0.05925	0.03328	0.59196	0.04521	0.00872	0.00953	0.01354	0.00627	0.00698
2	0.02220	0.03373	0.24926	0.03294	0.16834	0.08547	0.06127	0.02944	0.02180	0.03077	0.05006	0.02579	0.01879	0.01032	0.01057	0.00296	0.04863	0.00852	0.07602	0.01313
3	0.65332	0.01767	0.01393	0.01282	0.01826	0.02030	0.01034	0.02693	0.01671	0.04153	0.01765	0.08208	0.01608	0.01122	0.00666	0.00310	0.00730	0.00757	0.00631	0.01022
4	0.08071	0.05946	0.02387	0.01924	0.02492	0.05520	0.01528	0.16584	0.29138	0.04210	0.03231	0.09359	0.02673	0.01382	0.00952	0.00313	0.00881	0.01114	0.00885	0.01408
5	0.01882	0.02455	0.14560	0.09330	0.07813	0.01896	0.19639	0.02563	0.02139	0.02906	0.03249	0.10849	0.06835	0.01459	0.01105	0.00343	0.01228	0.07977	0.00595	0.01177
6	0.02798	0.11050	0.27791	0.02408	0.03468	0.02226	0.07893	0.03664	0.05517	0.20115	0.02461	0.02507	0.01702	0.01005	0.00927	0.00296	0.01186	0.00834	0.00686	0.01467
7	0.02390	0.29939	0.33649	0.02232	0.03367	0.02837	0.02632	0.03125	0.02069	0.07068	0.01736	0.01939	0.01322	0.00904	0.00802	0.00266	0.01225	0.00655	0.00471	0.01371
8	0.01497	0.00943	0.01321	0.01321	0.01387	0.01009	0.00916	0.01480	0.01414	0.01951	0.02393	0.04169	0.02450	0.21334	0.26354	0.26320	0.01537	0.01066	0.00502	0.00634
9	0.01668	0.03428	0.38082	0.02203	0.03106	0.01703	0.02535	0.02417	0.01942	0.02801	0.02955	0.22092	0.03005	0.06111	0.01299	0.00378	0.01126	0.01401	0.00575	0.01172
10	0.02653	0.18949	0.12943	0.09461	0.06482	0.13705	0.02204	0.03392	0.08010	0.06747	0.01948	0.02205	0.01524	0.01021	0.00988	0.00281	0.04901	0.00740	0.00550	0.01297
11	0.02921	0.01517	0.02183	0.16793	0.06848	0.01521	0.01647	0.03395	0.02376	0.27812	0.05874	0.03335	0.02437	0.01147	0.00918	0.00289	0.00861	0.00965	0.15854	0.01307
12	0.01181	0.00843	0.01125	0.01350	0.01406	0.00787	0.00900	0.01350	0.01856	0.02474	0.05342	0.65306	0.06410	0.03036	0.01237	0.00394	0.00562	0.02755	0.00900	0.00787
13	0.02586	0.01706	0.02558	0.31206	0.04402	0.01944	0.02064	0.03217	0.05468	0.19446	0.06849	0.03162	0.02311	0.01207	0.01207	0.00325	0.07379	0.00975	0.00733	0.01255
14	0.03030	0.02265	0.05880	0.02213	0.02936	0.02224	0.07621	0.11019	0.28097	0.18785	0.03379	0.03181	0.02397	0.01191	0.00995	0.00315	0.00949	0.01022	0.00954	0.01548
15	0.03684	0.02715	0.02909	0.02230	0.03006	0.03006	0.01842	0.56661	0.04557	0.06108	0.02327	0.02327	0.01648	0.01163	0.00970	0.00291	0.01067	0.00873	0.00970	0.01648
16	0.02816	0.01991	0.02204	0.01920	0.02511	0.02204	0.01511	0.05061	0.46557	0.15878	0.03919	0.03550	0.02842	0.01291	0.00984	0.00323	0.00779	0.01070	0.01031	0.01558
17	0.02560	0.02049	0.02196	0.01953	0.02517	0.02335	0.01526	0.05117	0.53882	0.08401	0.03935	0.03592	0.02916	0.01306	0.00985	0.00327	0.00771	0.01086	0.01003	0.01543
18	0.01262	0.00925	0.01185	0.01249	0.01414	0.00848	0.00888	0.01569	0.02295	0.03124	0.30093	0.32817	0.13751	0.02496	0.01184	0.00346	0.00507	0.02224	0.00975	0.00848
19	0.01385	0.01038	0.01558	0.01558	0.01731	0.01211	0.01211	0.01731	0.01558	0.02250	0.02596	0.03808	0.02423	0.07269	0.62098	0.01558	0.02596	0.01038	0.00519	0.00865
20	0.01319	0.00974	0.01232	0.01198	0.01423	0.00887	0.00887	0.01715	0.02573	0.03554	0.46491	0.13590	0.16242	0.02161	0.01153	0.00317	0.00473	0.01900	0.01025	0.00887
21	0.72785	0.01874	0.01425	0.01275	0.01874	0.02174	0.01050	0.02849	0.01649	0.04348	0.01350	0.01574	0.01050	0.00900	0.00600	0.00300	0.00750	0.00525	0.00600	0.01050
22	0.03620	0.04619	0.02747	0.02497	0.02996	0.62047	0.01873	0.03870	0.02747	0.02372	0.01498	0.01748	0.01248	0.00999	0.00874	0.00250	0.01748	0.00624	0.00499	0.01124
23	0.01226	0.00878	0.01165	0.01319	0.01416	0.00817	0.00903	0.01463	0.02066	0.02809	0.18148	0.51545	0.07058	0.02786	0.01215	0.00373	0.00537	0.02518	0.00939	0.00817
24	0.03882	0.02398	0.02713	0.02080	0.02848	0.02536	0.01718	0.41237	0.04027	0.22280	0.02771	0.02616	0.01871	0.01174	0.00971	0.00294	0.00995	0.00903	0.01038	0.01649
25	0.01409	0.00940	0.01057	0.01057	0.01057	0.00940	0.00587	0.01409	0.01409	0.01879	0.03054	0.06342	0.03524	0.65938	0.04933	0.00940	0.00940	0.01409	0.00587	0.00587
26	0.01721	0.01313	0.01567	0.01502	0.01741	0.01473	0.01101	0.02686	0.18347	0.02760	0.03158	0.04452	0.02895	0.21644	0.24320	0.00942	0.01463	0.01152	0.04774	0.00988
27	0.02411	0.02082	0.02192	0.01972	0.02520	0.02411	0.01534	0.05150	0.58142	0.04054	0.03945	0.03616	0.02959	0.01315	0.00986	0.00329	0.00767	0.01096	0.00986	0.01534
28	0.02383	0.02043	0.02545	0.23879	0.04062	0.02402	0.01988	0.11390	0.30720	0.03781	0.02931	0.03070	0.02184	0.01171	0.00978	0.00321	0.00995	0.00981	0.00787	0.01388
29	0.01944	0.05013	0.60917	0.02762	0.04195	0.02251	0.03581	0.03069	0.02046	0.03069	0.01739	0.02046	0.01228	0.00921	0.00921	0.00307	0.01432	0.00716	0.00409	0.01432
30	0.02194	0.15070	0.40374	0.02488	0.03616	0.05966	0.02919	0.03200	0.06257	0.02927	0.01798	0.02068	0.01364	0.00984	0.01002	0.00295	0.04935	0.00713	0.00459	0.01369
31	0.02288	0.02614	0.05719	0.04085	0.05065	0.02451	0.56373	0.03105	0.02288	0.03105	0.01961	0.02614	0.01471	0.00817	0.01144	0.00327	0.01634	0.01144	0.00490	0.01307

[dist]
# distance from previous block
# <min> <max>
0	76

[block]
# block no. 1 follows, 16 sequences, length 78
# corresponding to MSA columns:
# 135-212
name=unknown_B
#
# <colnr> <probs for GDERKNQSTAVLIFYWHMCP>
#	G	D	E	R	K	N	Q	S	T	A	V	L	I	F	Y	W	H	M	C	P
0	0.01450	0.01016	0.01179	0.01196	0.01485	0.00890	0.00902	0.01723	0.02225	0.07181	0.12026	0.20278	0.35991	0.02457	0.01166	0.00346	0.00560	0.06104	0.00936	0.00889
1	0.01572	0.01223	0.01789	0.06406	0.02108	0.01480	0.01353	0.01789	0.01523	0.02171	0.02260	0.03616	0.02184	0.11676	0.35013	0.09925	0.11582	0.01011	0.00493	0.00827
2	0.02750	0.16668	0.32096	0.02259	0.03367	0.02427	0.02573	0.06745	0.02357	0.16620	0.02186	0.02258	0.01533	0.00983	0.00875	0.00284	0.01186	0.00746	0.00631	0.01458
3	0.01289	0.00927	0.01221	0.01276	0.01430	0.00859	0.00908	0.01621	0.02357	0.03273	0.35887	0.32485	0.07956	0.02440	0.01184	0.00343	0.00503	0.02189	0.00994	0.00859
4	0.01409	0.00940	0.01057	0.01057	0.01057	0.00940	0.00587	0.01409	0.01409	0.01879	0.03054	0.06342	0.03524	0.65938	0.04933	0.00940	0.00940	0.01409	0.00587	0.00587
5	0.17718	0.02203	0.02418	0.06720	0.02918	0.02406	0.01639	0.27067	0.07453	0.16255	0.02503	0.02486	0.01748	0.01113	0.00896	0.00300	0.00948	0.00838	0.00899	0.01473
6	0.02135	0.01947	0.03150	0.32910	0.25538	0.02172	0.02593	0.06818	0.02236	0.03014	0.02081	0.07241	0.01796	0.01102	0.00986	0.00313	0.01167	0.01006	0.00526	0.01268
7	0.01874	0.01112	0.01375	0.01254	0.01562	0.01058	0.00959	0.02452	0.05798	0.10476	0.37596	0.05790	0.06567	0.01668	0.01014	0.00289	0.00517	0.01441	0.16164	0.01034
8	0.72785	0.01874	0.01425	0.01275	0.01874	0.02174	0.01050	0.02849	0.01649	0.04348	0.01350	0.01574	0.01050	0.00900	0.00600	0.00300	0.00750	0.00525	0.00600	0.01050
9	0.02035	0.19885	0.03022	0.01841	0.02203	0.02512	0.01580	0.02360	0.02012	0.02814	0.17559	0.03383	0.03476	0.01458	0.01706	0.00309	0.23816	0.00987	0.00612	0.06428
10	0.01244	0.00977	0.01124	0.01106	0.01374	0.00857	0.00822	0.01575	0.02415	0.03150	0.30664	0.11904	0.34751	0.02289	0.01150	0.00322	0.00481	0.01965	0.00971	0.00857
11	0.02282	0.07299	0.03944	0.17994	0.39394	0.02404	0.07068	0.02871	0.02136	0.02941	0.01774	0.02389	0.01454	0.00880	0.00949	0.00292	0.01211	0.00858	0.00465	0.01394
12	0.02135	0.01792	0.02887	0.42175	0.14050	0.02071	0.02495	0.02866	0.05546	0.07257	0.02252	0.03192	0.01785	0.01098	0.00992	0.00324	0.01176	0.04137	0.00562	0.01210
13	0.01196	0.00984	0.01051	0.01034	0.01340	0.00839	0.00776	0.01488	0.02327	0.02899	0.20777	0.08866	0.48366	0.02350	0.01145	0.00322	0.00483	0.01981	0.00937	0.00839
14	0.01374	0.01070	0.01258	0.01196	0.01482	0.00995	0.00901	0.01933	0.06755	0.03473	0.38527	0.07667	0.25603	0.02090	0.01132	0.00314	0.00492	0.01801	0.01005	0.00929
15	0.01535	0.01092	0.01502	0.01684	0.01891	0.01086	0.01436	0.01948	0.02208	0.02899	0.09220	0.10289	0.05699	0.07502	0.01601	0.00473	0.00862	0.45319	0.00883	0.00871
16	0.72785	0.01874	0.01425	0.01275	0.01874	0.02174	0.01050	0.02849	0.01649	0.04348	0.01350	0.01574	0.01050	0.00900	0.00600	0.00300	0.00750	0.00525	0.00600	0.01050
17	0.01181	0.00843	0.01125	0.01350	0.01406	0.00787	0.00900	0.01350	0.01856	0.02474	0.05342	0.65306	0.06410	0.03036	0.01237	0.00394	0.00562	0.02755	0.00900	0.00787
18	0.02591	0.66522	0.05079	0.01658	0.02488	0.03835	0.01658	0.02902	0.01969	0.02280	0.01347	0.01555	0.01244	0.00829	0.00622	0.00207	0.01036	0.00518	0.00415	0.01244
19	0.02525	0.02290	0.03633	0.13142	0.43718	0.02394	0.02757	0.11394	0.02542	0.03538	0.01889	0.02412	0.01520	0.00925	0.00962	0.00293	0.01157	0.00865	0.00551	0.01491
20	0.02470	0.02712	0.07744	0.02654	0.03242	0.13964	0.16726	0.02977	0.02303	0.07372	0.08351	0.03610	0.05396	0.01337	0.01412	0.00328	0.11879	0.03713	0.00631	0.01179
21	0.02423	0.02360	0.03906	0.21564	0.22106	0.06986	0.16693	0.03044	0.02228	0.06443	0.01928	0.02513	0.01479	0.00913	0.01005	0.00306	0.01345	0.00924	0.00514	0.01318
22	0.01956	0.01708	0.02699	0.16022	0.24585	0.01799	0.02186	0.05230	0.02199	0.02985	0.03087	0.18166	0.03162	0.01647	0.01077	0.00341	0.01005	0.08311	0.00648	0.01187
23	0.02411	0.02082	0.02192	0.01972	0.02520	0.02411	0.01534	0.05150	0.58142	0.04054	0.03945	0.03616	0.02959	0.01315	0.00986	0.00329	0.00767	0.01096	0.00986	0.01534
24	0.02010	0.01723	0.02010	0.01436	0.02297	0.01292	0.01148	0.02440	0.02010	0.03158	0.01723	0.02010	0.01436	0.00718	0.00718	0.00144	0.00718	0.00574	0.00574	0.71863
25	0.01807	0.00903	0.00903	0.00903	0.01129	0.00903	0.00678	0.02258	0.02033	0.03613	0.03162	0.03613	0.02484	0.01129	0.00678	0.00226	0.00452	0.00903	0.71319	0.00903
26	0.72785	0.01874	0.01425	0.01275	0.01874	0.02174	0.01050	0.02849	0.01649	0.04348	0.01350	0.01574	0.01050	0.00900	0.00600	0.00300	0.00750	0.00525	0.00600	0.01050
27	0.01409	0.00940	0.01057	0.01057	0.01057	0.00940	0.00587	0.01409	0.01409	0.01879	0.03054	0.06342	0.03524	0.65938	0.04933	0.00940	0.00940	0.01409	0.00587	0.00587
28	0.03029	0.01416	0.01687	0.01409	0.01912	0.01365	0.01126	0.06875	0.06743	0.27568	0.03445	0.03403	0.02433	0.01175	0.00843	0.00269	0.00669	0.00946	0.32379	0.01309
29	0.01409	0.00940	0.01057	0.01057	0.01057	0.00940	0.00587	0.01409	0.01409	0.01879	0.03054	0.06342	0.03524	0.65938	0.04933	0.00940	0.00940	0.01409	0.00587	0.00587
30	0.01981	0.01126	0.01491	0.01323	0.01658	0.01019	0.01019	0.02421	0.02750	0.15486	0.48011	0.06433	0.07764	0.01821	0.01109	0.00304	0.00532	0.01594	0.01094	0.01065
31	0.01479	0.02415	0.22329	0.01667	0.02365	0.01348	0.01786	0.02085	0.02271	0.03062	0.18022	0.06276	0.27565	0.01804	0.01065	0.00315	0.00818	0.01508	0.00763	0.01058
32	0.01386	0.01031	0.01520	0.01520	0.01680	0.01191	0.01164	0.01706	0.01546	0.02222	0.02631	0.03999	0.02506	0.11708	0.57773	0.01511	0.02471	0.01066	0.00524	0.00844
33	0.01715	0.07096	0.11347	0.01950	0.02337	0.01933	0.01797	0.02152	0.01652	0.02396	0.02099	0.03017	0.01914	0.04656	0.35927	0.01029	0.14577	0.00909	0.00475	0.01023
34	0.02634	0.02546	0.02346	0.06957	0.02915	0.14246	0.01672	0.08553	0.35117	0.03673	0.03491	0.03389	0.05650	0.01278	0.00970	0.00309	0.01012	0.01020	0.00838	0.01383
35	0.01830	0.01723	0.02907	0.63609	0.06675	0.02153	0.02692	0.02476	0.01938	0.02476	0.01723	0.02584	0.01292	0.00969	0.00969	0.00323	0.01292	0.00861	0.00431	0.01077
36	0.02488	0.02612	0.17116	0.18635	0.13564	0.01987	0.05790	0.03180	0.02258	0.15248	0.05778	0.02865	0.02050	0.01043	0.00978	0.00307	0.01172	0.00923	0.00641	0.01365
37	0.02675	0.56636	0.09293	0.01751	0.02622	0.03523	0.01793	0.03056	0.02037	0.06838	0.01570	0.01728	0.01332	0.00865	0.00673	0.00222	0.01052	0.00569	0.00475	0.01290
38	0.04090	0.01780	0.02295	0.01791	0.02521	0.01655	0.01469	0.08891	0.08799	0.50237	0.03718	0.03255	0.02399	0.01209	0.00975	0.00302	0.00838	0.00979	0.01159	0.01637
39	0.02010	0.04503	0.53044	0.02595	0.03881	0.02090	0.03253	0.03020	0.02070	0.06063	0.02137	0.07158	0.01703	0.01104	0.00949	0.00313	0.01331	0.00893	0.00490	0.01392
40	0.02291	0.20652	0.15489	0.15793	0.07424	0.02518	0.06625	0.02892	0.02074	0.07268	0.02087	0.06978	0.01770	0.01076	0.00896	0.00289	0.01175	0.00910	0.00526	0.01267
41	0.03182	0.01307	0.01632	0.01348	0.01857	0.01185	0.01082	0.03592	0.02434	0.34434	0.03520	0.03443	0.02438	0.01167	0.00838	0.00266	0.00654	0.00942	0.33371	0.01307
42	0.01588	0.01041	0.01351	0.01245	0.01519	0.00948	0.00944	0.02027	0.02715	0.08185	0.52230	0.07057	0.11536	0.01948	0.01130	0.00306	0.00488	0.01710	0.01067	0.00966
43	0.02664	0.02033	0.03348	0.18647	0.35624	0.02088	0.02591	0.03215	0.02260	0.14751	0.02209	0.02627	0.01655	0.00957	0.00965	0.00299	0.01118	0.00886	0.00616	0.01451
44	0.01445	0.01100	0.01562	0.01530	0.01654	0.01289	0.01153	0.01710	0.01522	0.02180	0.02590	0.04199	0.02561	0.18854	0.45941	0.01345	0.06915	0.01100	0.00526	0.00823
45	0.01187	0.00867	0.01118	0.01302	0.01397	0.00797	0.00882	0.01380	0.01942	0.02565	0.08718	0.56044	0.12402	0.02916	0.01222	0.00382	0.00549	0.02624	0.00909	0.00797
46	0.03633	0.04244	0.02778	0.02444	0.02998	0.50423	0.01867	0.14264	0.03103	0.03108	0.01661	0.01862	0.01327	0.01031	0.00893	0.00258	0.01614	0.00673	0.00592	0.01227
47	0.72785	0.01874	0.01425	0.01275	0.01874	0.02174	0.01050	0.02849	0.01649	0.04348	0.01350	0.01574	0.01050	0.00900	0.00600	0.00300	0.00750	0.00525	0.00600	0.01050
48	0.02360	0.02024	0.02154	0.01961	0.02490	0.02333	0.01536	0.04962	0.54792	0.03985	0.04016	0.04054	0.03116	0.01397	0.01007	0.00336	0.00775	0.04227	0.00981	0.01496
49	0.01924	0.01592	0.02386	0.03132	0.22437	0.01593	0.01862	0.06551	0.02401	0.03298	0.11186	0.17840	0.04487	0.01891	0.01127	0.00348	0.00871	0.13134	0.00777	0.01162
50	0.01232	0.00881	0.01176	0.01355	0.01447	0.00825	0.00940	0.01460	0.02012	0.02713	0.13539	0.53375	0.06778	0.02856	0.01229	0.00383	0.00565	0.05499	0.00925	0.00813
51	0.02591	0.66522	0.05079	0.01658	0.02488	0.03835	0.01658	0.02902	0.01969	0.02280	0.01347	0.01555	0.01244	0.00829	0.00622	0.00207	0.01036	0.00518	0.00415	0.01244
52	0.02401	0.48469	0.21467	0.01982	0.02989	0.03370	0.02223	0.02951	0.01992	0.02512	0.01462	0.01699	0.01239	0.00856	0.00710	0.00237	0.01153	0.00576	0.00413	0.01299
53	0.01830	0.01723	0.02907	0.63609	0.06675	0.02153	0.02692	0.02476	0.01938	0.02476	0.01723	0.02584	0.01292	0.00969	0.00969	0.00323	0.01292	0.00861	0.00431	0.01077
54	0.02396	0.02817	0.22889	0.01930	0.02929	0.01622	0.02036	0.03048	0.02195	0.14832	0.02801	0.02867	0.06168	0.01026	0.00876	0.00248	0.00975	0.00823	0.00669	0.26852
55	0.01184	0.00983	0.01036	0.01023	0.01333	0.00835	0.00767	0.01466	0.02301	0.02836	0.18340	0.08969	0.50842	0.02373	0.01145	0.00323	0.00485	0.01995	0.00929	0.00835
56	0.01830	0.01723	0.02907	0.63609	0.06675	0.02153	0.02692	0.02476	0.01938	0.02476	0.01723	0.02584	0.01292	0.00969	0.00969	0.00323	0.01292	0.00861	0.00431	0.01077
57	0.01474	0.01027	0.01247	0.01170	0.01463	0.00913	0.00885	0.01855	0.02566	0.06856	0.39415	0.07704	0.25644	0.02093	0.01134	0.00312	0.00491	0.01804	0.01019	0.00926
58	0.02591	0.66522	0.05079	0.01658	0.02488	0.03835	0.01658	0.02902	0.01969	0.02280	0.01347	0.01555	0.01244	0.00829	0.00622	0.00207	0.01036	0.00518	0.00415	0.01244
59	0.01398	0.01017	0.01217	0.01229	0.01267	0.01060	0.00785	0.01469	0.01570	0.02096	0.03920	0.18313	0.08401	0.42902	0.03735	0.00738	0.05845	0.01691	0.00663	0.00684
60	0.02591	0.66522	0.05079	0.01658	0.02488	0.03835	0.01658	0.02902	0.01969	0.02280	0.01347	0.01555	0.01244	0.00829	0.00622	0.00207	0.01036	0.00518	0.00415	0.01244
61	0.01660	0.00857	0.01286	0.01286	0.01300	0.00871	0.00871	0.01300	0.01286	0.01729	0.01756	0.03015	0.01742	0.03678	0.08439	0.66198	0.00982	0.00857	0.00429	0.00456
62	0.72785	0.01874	0.01425	0.01275	0.01874	0.02174	0.01050	0.02849	0.01649	0.04348	0.01350	0.01574	0.01050	0.00900	0.00600	0.00300	0.00750	0.00525	0.00600	0.01050
63	0.01406	0.00955	0.01135	0.01135	0.01162	0.00982	0.00684	0.01459	0.01432	0.01937	0.02983	0.05948	0.03353	0.56818	0.13819	0.01036	0.01197	0.01352	0.00577	0.00630
64	0.01704	0.02005	0.11642	0.10533	0.06402	0.01570	0.08486	0.02343	0.02411	0.03379	0.29335	0.05145	0.05275	0.01508	0.01084	0.00317	0.00930	0.04066	0.00764	0.01100
65	0.02127	0.21683	0.40936	0.02355	0.03576	0.02612	0.02861	0.02974	0.02022	0.02859	0.01630	0.01908	0.01248	0.00880	0.00823	0.00267	0.01267	0.00651	0.00424	0.06897
66	0.72785	0.01874	0.01425	0.01275	0.01874	0.02174	0.01050	0.02849	0.01649	0.04348	0.01350	0.01574	0.01050	0.00900	0.00600	0.00300	0.00750	0.00525	0.00600	0.01050
67	0.01830	0.01723	0.02907	0.63609	0.06675	0.02153	0.02692	0.02476	0.01938	0.02476	0.01723	0.02584	0.01292	0.00969	0.00969	0.00323	0.01292	0.00861	0.00431	0.01077
68	0.02234	0.02987	0.14299	0.03879	0.04930	0.02420	0.48166	0.03099	0.02250	0.03099	0.01926	0.02526	0.01433	0.00833	0.01109	0.00324	0.01603	0.01077	0.00478	0.01327
69	0.01426	0.00952	0.01176	0.01176	0.01211	0.00987	0.00735	0.01464	0.01428	0.01940	0.02851	0.05554	0.03152	0.48965	0.16541	0.06691	0.01271	0.01288	0.00560	0.00631
70	0.72785	0.01874	0.01425	0.01275	0.01874	0.02174	0.01050	0.02849	0.01649	0.04348	0.01350	0.01574	0.01050	0.00900	0.00600	0.00300	0.00750	0.00525	0.00600	0.01050
71	0.01830	0.01723	0.02907	0.63609	0.06675	0.02153	0.02692	0.02476	0.01938	0.02476	0.01723	0.02584	0.01292	0.00969	0.00969	0.00323	0.01292	0.00861	0.00431	0.01077
72	0.72785	0.01874	0.01425	0.01275	0.01874	0.02174	0.01050	0.02849	0.01649	0.04348	0.01350	0.01574	0.01050	0.00900	0.00600	0.00300	0.00750	0.00525	0.00600	0.01050
73	0.01989	0.01885	0.03194	0.47502	0.21541	0.02195	0.02771	0.02615	0.02013	0.02669	0.01751	0.02532	0.01360	0.00940	0.00966	0.00313	0.01253	0.00862	0.00444	0.01205
74	0.03679	0.02866	0.02896	0.02251	0.03005	0.07692	0.01845	0.52471	0.04413	0.05812	0.02261	0.02281	0.01617	0.01150	0.00962	0.00288	0.01121	0.00853	0.00932	0.01607
75	0.72785	0.01874	0.01425	0.01275	0.01874	0.02174	0.01050	0.02849	0.01649	0.04348	0.01350	0.01574	0.01050	0.00900	0.00600	0.00300	0.00750	0.00525	0.00600	0.01050
76	0.72785	0.01874	0.01425	0.01275	0.01874	0.02174	0.01050	0.02849	0.01649	0.04348	0.01350	0.01574	0.01050	0.00900	0.00600	0.00300	0.00750	0.00525	0.00600	0.01050
77	0.02288	0.02614	0.05719	0.04085	0.05065	0.02451	0.56373	0.03105	0.02288	0.03105	0.01961	0.02614	0.01471	0.00817	0.01144	0.00327	0.01634	0.01144	0.00490	0.01307

[dist]
# distance from previous block
# <min> <max>
0	40

[block]
# block no. 2 follows, 16 sequences, length 19
# corresponding to MSA columns:
# 253-271
name=unknown_C
#
# <colnr> <probs for GDERKNQSTAVLIFYWHMCP>
#	G	D	E	R	K	N	Q	S	T	A	V	L	I	F	Y	W	H	M	C	P
0	0.01372	0.00991	0.01296	0.01219	0.01448	0.00914	0.00914	0.01829	0.02743	0.03887	0.59381	0.07240	0.09145	0.01981	0.01143	0.00305	0.00457	0.01753	0.01067	0.00914
1	0.01830	0.01723	0.02907	0.63609	0.06675	0.02153	0.02692	0.02476	0.01938	0.02476	0.01723	0.02584	0.01292	0.00969	0.00969	0.00323	0.01292	0.00861	0.00431	0.01077
2	0.02591	0.66522	0.05079	0.01658	0.02488	0.03835	0.01658	0.02902	0.01969	0.02280	0.01347	0.01555	0.01244	0.00829	0.00622	0.00207	0.01036	0.00518	0.00415	0.01244
3	0.01944	0.05013	0.60917	0.02762	0.04195	0.02251	0.03581	0.03069	0.02046	0.03069	0.01739	0.02046	0.01228	0.00921	0.00921	0.00307	0.01432	0.00716	0.00409	0.01432
4	0.01396	0.00993	0.01328	0.01328	0.01422	0.01087	0.00926	0.01584	0.01490	0.02080	0.02806	0.04969	0.02927	0.34144	0.35912	0.01275	0.01837	0.01208	0.00550	0.00738
5	0.01830	0.01723	0.02907	0.63609	0.06675	0.02153	0.02692	0.02476	0.01938	0.02476	0.01723	0.02584	0.01292	0.00969	0.00969	0.00323	0.01292	0.00861	0.00431	0.01077
6	0.02177	0.02020	0.03117	0.02570	0.03174	0.02123	0.18188	0.03802	0.28245	0.03499	0.03617	0.05005	0.03113	0.01479	0.01116	0.00355	0.01059	0.13210	0.00814	0.01317
7	0.02588	0.51162	0.04381	0.01755	0.02468	0.11035	0.01636	0.02895	0.02023	0.02289	0.01508	0.01834	0.01377	0.01578	0.07591	0.00365	0.01304	0.00591	0.00437	0.01186
8	0.01411	0.01001	0.01416	0.01416	0.01535	0.01120	0.01035	0.01621	0.01501	0.02121	0.02644	0.04362	0.02639	0.21213	0.44235	0.06245	0.02074	0.01115	0.00529	0.00767
9	0.02591	0.66522	0.05079	0.01658	0.02488	0.03835	0.01658	0.02902	0.01969	0.02280	0.01347	0.01555	0.01244	0.00829	0.00622	0.00207	0.01036	0.00518	0.00415	0.01244
10	0.03239	0.02032	0.02366	0.01812	0.02583	0.01956	0.01476	0.19453	0.08859	0.21105	0.02755	0.02653	0.01943	0.01055	0.00896	0.00253	0.00858	0.00836	0.00919	0.22952
11	0.59393	0.01916	0.01891	0.01570	0.02219	0.02120	0.05983	0.03068	0.01823	0.10116	0.01662	0.01847	0.01228	0.00924	0.00687	0.00302	0.00836	0.00627	0.00653	0.01135
12	0.01830	0.01723	0.02907	0.63609	0.06675	0.02153	0.02692	0.02476	0.01938	0.02476	0.01723	0.02584	0.01292	0.00969	0.00969	0.00323	0.01292	0.00861	0.00431	0.01077
13	0.72785	0.01874	0.01425	0.01275	0.01874	0.02174	0.01050	0.02849	0.01649	0.04348	0.01350	0.01574	0.01050	0.00900	0.00600	0.00300	0.00750	0.00525	0.00600	0.01050
14	0.72785	0.01874	0.01425	0.01275	0.01874	0.02174	0.01050	0.02849	0.01649	0.04348	0.01350	0.01574	0.01050	0.00900	0.00600	0.00300	0.00750	0.00525	0.00600	0.01050
15	0.01414	0.01011	0.01479	0.01479	0.01619	0.01150	0.01114	0.01656	0.01516	0.02161	0.02563	0.03996	0.02473	0.13058	0.50962	0.07707	0.02268	0.01060	0.00518	0.00797
16	0.72785	0.01874	0.01425	0.01275	0.01874	0.02174	0.01050	0.02849	0.01649	0.04348	0.01350	0.01574	0.01050	0.00900	0.00600	0.00300	0.00750	0.00525	0.00600	0.01050
17	0.02591	0.02523	0.03450	0.07963	0.32226	0.09632	0.05985	0.09309	0.06062	0.03462	0.05603	0.02717	0.02062	0.01017	0.00976	0.00292	0.01187	0.00924	0.00605	0.01415
18	0.01315	0.01092	0.01588	0.01507	0.01766	0.00990	0.06654	0.01618	0.02140	0.02796	0.14476	0.33346	0.22087	0.02472	0.01186	0.00354	0.00637	0.02224	0.00882	0.00870

[dist]
# distance from previous block
# <min> <max>
0	156

# created by:
# /st0/software/busco_prod/Augustus/scripts/msa2prfl.pl ./align_prep/8406.fa
