[name]
unknown

[dist]
# distance from previous block
# <min> <max>
0	392

[block]
# block no. 0 follows, 12 sequences, length 16
# corresponding to MSA columns:
# 414-429
name=unknown_A
#
# <colnr> <probs for GDERKNQSTAVLIFYWHMCP>
#	G	D	E	R	K	N	Q	S	T	A	V	L	I	F	Y	W	H	M	C	P
0	0.02114	0.02740	0.14141	0.02967	0.10010	0.06048	0.06427	0.02697	0.02321	0.03091	0.03629	0.17219	0.03791	0.08369	0.01697	0.00462	0.01245	0.09084	0.00716	0.01230
1	0.45267	0.07648	0.02817	0.02432	0.08258	0.06986	0.06083	0.03342	0.02117	0.04246	0.01651	0.01991	0.01319	0.01001	0.00801	0.00325	0.01099	0.00703	0.00622	0.01291
2	0.08800	0.02370	0.02827	0.14504	0.15066	0.10342	0.02183	0.03204	0.02498	0.08903	0.06086	0.12525	0.03111	0.01541	0.01096	0.00349	0.01191	0.01320	0.00750	0.01335
3	0.02849	0.06299	0.07395	0.11385	0.03660	0.06135	0.02028	0.11338	0.02990	0.08727	0.09666	0.03346	0.02912	0.01240	0.01022	0.00293	0.01123	0.00999	0.00805	0.15788
4	0.01961	0.01417	0.01710	0.01574	0.01876	0.01469	0.01178	0.09833	0.02568	0.03432	0.10992	0.06124	0.14681	0.12282	0.16095	0.08087	0.01355	0.01516	0.00835	0.01015
5	0.25864	0.07241	0.06137	0.02038	0.02852	0.02819	0.01785	0.16784	0.11252	0.09453	0.02559	0.02574	0.01874	0.01193	0.00920	0.00332	0.01025	0.00858	0.00886	0.01554
6	0.03100	0.02596	0.02633	0.07383	0.03254	0.09839	0.01831	0.16624	0.13143	0.07607	0.03394	0.12425	0.02957	0.01605	0.01107	0.00339	0.01120	0.01319	0.00935	0.06787
7	0.02389	0.02122	0.02119	0.01761	0.02304	0.09075	0.01382	0.02824	0.02394	0.03530	0.07852	0.03306	0.02780	0.01253	0.01218	0.00259	0.08215	0.00924	0.16948	0.27347
8	0.08910	0.11022	0.10291	0.02447	0.06439	0.02250	0.06141	0.03439	0.02534	0.13221	0.09375	0.03297	0.02895	0.01186	0.00987	0.00297	0.01072	0.00991	0.00788	0.12418
9	0.02776	0.04631	0.41259	0.02806	0.04189	0.02356	0.03368	0.04001	0.06129	0.14163	0.02614	0.02717	0.01790	0.01132	0.01054	0.00345	0.01418	0.00896	0.00688	0.01669
10	0.01882	0.01332	0.01566	0.01561	0.01734	0.01356	0.01058	0.09675	0.02403	0.03210	0.04523	0.31933	0.05160	0.24169	0.02848	0.00646	0.00879	0.02205	0.00898	0.00963
11	0.01917	0.00958	0.01354	0.01354	0.01396	0.00958	0.00917	0.01604	0.01562	0.02249	0.02166	0.03437	0.02041	0.03376	0.03689	0.57152	0.00875	0.00958	0.11473	0.00562
12	0.02978	0.08037	0.14225	0.07249	0.18152	0.02395	0.06435	0.03689	0.02599	0.15204	0.06215	0.03186	0.02436	0.01159	0.01073	0.00331	0.01260	0.01029	0.00745	0.01603
13	0.02484	0.02838	0.16414	0.15716	0.04397	0.02153	0.05983	0.03568	0.09558	0.10391	0.03302	0.12524	0.02825	0.01535	0.01143	0.00369	0.01232	0.01353	0.00775	0.01439
14	0.02142	0.01602	0.02456	0.02009	0.02560	0.01431	0.08587	0.02701	0.02817	0.08666	0.28259	0.06454	0.06469	0.01806	0.01214	0.00333	0.00849	0.06463	0.01006	0.12176
15	0.03010	0.02409	0.10221	0.03067	0.14947	0.01933	0.02186	0.03886	0.07979	0.17909	0.03468	0.07895	0.02724	0.01381	0.01054	0.00334	0.01012	0.01186	0.11837	0.01563

[dist]
# distance from previous block
# <min> <max>
0	14

[block]
# block no. 1 follows, 12 sequences, length 46
# corresponding to MSA columns:
# 444-489
name=unknown_B
#
# <colnr> <probs for GDERKNQSTAVLIFYWHMCP>
#	G	D	E	R	K	N	Q	S	T	A	V	L	I	F	Y	W	H	M	C	P
0	0.03168	0.33463	0.04448	0.02675	0.11395	0.03268	0.01988	0.07092	0.02568	0.11221	0.02278	0.02722	0.01901	0.06057	0.01255	0.00340	0.01144	0.00840	0.00678	0.01498
1	0.36809	0.17110	0.08024	0.01779	0.02633	0.02782	0.01688	0.03565	0.02180	0.11927	0.01985	0.02113	0.01485	0.01047	0.00780	0.00313	0.01009	0.00687	0.00706	0.01379
2	0.24119	0.02546	0.06758	0.02441	0.07656	0.02499	0.01892	0.13180	0.10461	0.08664	0.02847	0.07461	0.02322	0.01364	0.00982	0.00348	0.01010	0.01065	0.00872	0.01510
3	0.07404	0.02486	0.08175	0.03982	0.24043	0.02301	0.02504	0.02918	0.02287	0.03510	0.06433	0.07756	0.02740	0.01409	0.01438	0.00344	0.09982	0.01147	0.00637	0.08505
4	0.02521	0.02192	0.06258	0.02273	0.07603	0.01699	0.01721	0.03250	0.06423	0.09055	0.02795	0.08294	0.02403	0.01203	0.00961	0.00252	0.00911	0.01021	0.00770	0.38395
5	0.07085	0.02014	0.02854	0.02637	0.07050	0.02033	0.09370	0.07018	0.11938	0.03851	0.03771	0.21329	0.03711	0.01845	0.01160	0.00361	0.00999	0.01683	0.00863	0.08428
6	0.01841	0.00966	0.01380	0.01380	0.01380	0.00966	0.00897	0.01449	0.01449	0.01932	0.02161	0.03977	0.02253	0.13820	0.04485	0.56628	0.00966	0.01058	0.00506	0.00506
7	0.07022	0.01244	0.01740	0.01727	0.01960	0.01450	0.01348	0.02048	0.01761	0.02721	0.02808	0.04081	0.02601	0.07600	0.52793	0.01638	0.02753	0.01122	0.00591	0.00990
8	0.03361	0.06785	0.03644	0.09317	0.14747	0.02460	0.06192	0.04101	0.06749	0.21270	0.02921	0.03099	0.02105	0.01240	0.01319	0.00348	0.06844	0.01030	0.00848	0.01619
9	0.07321	0.02433	0.03943	0.08674	0.25574	0.02408	0.10891	0.03416	0.06563	0.03667	0.02209	0.02727	0.01768	0.00988	0.01042	0.00311	0.01248	0.00963	0.00613	0.13242
10	0.31297	0.01959	0.02150	0.01733	0.02507	0.01948	0.01430	0.04450	0.02603	0.34858	0.03162	0.02917	0.02077	0.01211	0.00924	0.00337	0.00893	0.00889	0.01073	0.01579
11	0.01464	0.01111	0.01347	0.01288	0.01580	0.00995	0.00966	0.01904	0.02899	0.03927	0.40786	0.08879	0.24085	0.02395	0.01287	0.00351	0.00526	0.02075	0.01142	0.00995
12	0.02925	0.08948	0.30210	0.07084	0.04372	0.02582	0.06441	0.07571	0.02684	0.13322	0.02426	0.02635	0.01691	0.01104	0.01045	0.00336	0.01418	0.00902	0.00685	0.01619
13	0.01558	0.01168	0.01752	0.01752	0.01947	0.01363	0.01363	0.01947	0.01752	0.02531	0.02921	0.04283	0.02726	0.08178	0.57360	0.01752	0.02921	0.01168	0.00584	0.00974
14	0.01894	0.00947	0.01420	0.01420	0.01420	0.00947	0.00947	0.01420	0.01420	0.01894	0.01894	0.03314	0.01894	0.03788	0.04261	0.68277	0.00947	0.00947	0.00473	0.00473
15	0.03157	0.50535	0.05201	0.02025	0.02916	0.09352	0.01911	0.08439	0.02608	0.03030	0.01649	0.01862	0.01448	0.00991	0.00768	0.00248	0.01247	0.00637	0.00542	0.01434
16	0.18843	0.02437	0.03320	0.03459	0.15931	0.02656	0.07277	0.07644	0.10392	0.08055	0.02465	0.02755	0.01892	0.01201	0.01254	0.00355	0.06803	0.00963	0.00760	0.01537
17	0.02152	0.02193	0.04396	0.03276	0.04032	0.02050	0.30492	0.02905	0.02784	0.03853	0.23537	0.05072	0.05189	0.01455	0.01286	0.00358	0.01296	0.01567	0.00817	0.01290
18	0.02627	0.18430	0.29818	0.02447	0.03715	0.02697	0.02819	0.03461	0.02350	0.08093	0.02064	0.02292	0.01547	0.01002	0.00922	0.00286	0.01305	0.00752	0.00576	0.12799
19	0.04648	0.01863	0.02505	0.01910	0.02765	0.01589	0.01574	0.05076	0.03041	0.50805	0.04082	0.03577	0.02599	0.01299	0.01070	0.00321	0.00917	0.01055	0.01284	0.08021
20	0.03680	0.08543	0.03291	0.02402	0.03195	0.07402	0.01972	0.32291	0.16207	0.05597	0.02883	0.02837	0.02133	0.01301	0.01051	0.00325	0.01174	0.00984	0.00997	0.01736
21	0.02226	0.19937	0.02980	0.01765	0.02242	0.08042	0.01476	0.02635	0.02497	0.03197	0.20266	0.04623	0.04822	0.03186	0.14865	0.00650	0.01455	0.01223	0.00761	0.01151
22	0.03202	0.33719	0.08572	0.02767	0.08626	0.20689	0.02262	0.03631	0.02526	0.02771	0.01659	0.01960	0.01434	0.01005	0.00855	0.00266	0.01466	0.00679	0.00504	0.01407
23	0.69383	0.02109	0.01603	0.01434	0.02109	0.02446	0.01181	0.03205	0.01856	0.04892	0.01518	0.01771	0.01181	0.01012	0.00675	0.00337	0.00843	0.00590	0.00675	0.01181
24	0.01543	0.01115	0.01457	0.01372	0.01629	0.01029	0.01029	0.02058	0.03086	0.04372	0.54304	0.08145	0.10288	0.02229	0.01286	0.00343	0.00514	0.01972	0.01200	0.01029
25	0.01328	0.00949	0.01265	0.01518	0.01581	0.00886	0.01012	0.01518	0.02088	0.02783	0.06010	0.60969	0.07212	0.03416	0.01392	0.00443	0.00633	0.03100	0.01012	0.00886
26	0.63313	0.02085	0.01690	0.01482	0.02172	0.02367	0.01221	0.03404	0.01975	0.09668	0.01780	0.01954	0.01324	0.01044	0.00714	0.00337	0.00851	0.00638	0.00738	0.01244
27	0.69383	0.02109	0.01603	0.01434	0.02109	0.02446	0.01181	0.03205	0.01856	0.04892	0.01518	0.01771	0.01181	0.01012	0.00675	0.00337	0.00843	0.00590	0.00675	0.01181
28	0.01553	0.01081	0.01369	0.01393	0.01459	0.01135	0.00909	0.01690	0.01684	0.02305	0.03520	0.11326	0.03889	0.39766	0.21070	0.01213	0.01589	0.01600	0.00670	0.00778
29	0.56381	0.08447	0.02123	0.01526	0.02244	0.02565	0.01292	0.03407	0.02011	0.09351	0.01776	0.01949	0.01345	0.01035	0.00716	0.00326	0.00885	0.00637	0.00715	0.01266
30	0.02723	0.08883	0.07343	0.02537	0.02907	0.03070	0.02227	0.07589	0.02214	0.07077	0.01974	0.02816	0.01765	0.06435	0.02810	0.00463	0.34266	0.00968	0.00615	0.01318
31	0.01449	0.01042	0.01373	0.01436	0.01608	0.00966	0.01021	0.01821	0.02648	0.03675	0.33111	0.31325	0.08938	0.02750	0.01332	0.00387	0.00566	0.02467	0.01118	0.00966
32	0.04012	0.03423	0.03169	0.02545	0.03334	0.14097	0.02051	0.38118	0.08672	0.05841	0.02582	0.02608	0.01886	0.01286	0.01071	0.00321	0.01325	0.00947	0.00987	0.01726
33	0.21137	0.11866	0.06783	0.01922	0.02798	0.02640	0.01729	0.10350	0.06821	0.09137	0.02282	0.02386	0.01722	0.01076	0.00863	0.00291	0.01004	0.00771	0.00779	0.13645
34	0.02834	0.07399	0.02657	0.01866	0.02556	0.01708	0.04982	0.03226	0.02470	0.18050	0.04024	0.12247	0.07130	0.05872	0.01378	0.00355	0.00924	0.01374	0.00907	0.18043
35	0.02915	0.62337	0.05714	0.01866	0.02799	0.04314	0.01866	0.03265	0.02215	0.02565	0.01516	0.01749	0.01399	0.00933	0.00700	0.00233	0.01166	0.00583	0.00466	0.01399
36	0.02826	0.01414	0.01774	0.01512	0.02047	0.01226	0.01194	0.03220	0.02892	0.24866	0.18819	0.07145	0.22502	0.02054	0.01209	0.00349	0.00697	0.01728	0.01196	0.01330
37	0.07330	0.02087	0.03149	0.26036	0.17636	0.02314	0.02553	0.03457	0.07749	0.08413	0.06391	0.03369	0.02488	0.01207	0.01075	0.00348	0.01187	0.01058	0.00714	0.01440
38	0.02794	0.52879	0.14107	0.02073	0.03119	0.04017	0.02226	0.03296	0.02230	0.02713	0.01589	0.01841	0.01396	0.00950	0.00756	0.00252	0.01240	0.00620	0.00465	0.01435
39	0.04115	0.03931	0.03198	0.02632	0.03377	0.25459	0.02086	0.32045	0.04293	0.05151	0.02236	0.02351	0.01670	0.01233	0.01047	0.00308	0.01514	0.00867	0.00874	0.01613
40	0.02907	0.02600	0.08257	0.29916	0.05417	0.02620	0.02656	0.15492	0.06772	0.08910	0.02515	0.02936	0.01801	0.01193	0.01087	0.00351	0.01313	0.00988	0.00761	0.01510
41	0.02933	0.03022	0.16547	0.09184	0.17548	0.02220	0.06712	0.03699	0.02613	0.15869	0.06531	0.03294	0.02490	0.01180	0.01106	0.00341	0.01286	0.01061	0.00758	0.01605
42	0.01505	0.01049	0.01241	0.01321	0.01391	0.01015	0.00843	0.01615	0.01864	0.02443	0.04981	0.21230	0.09830	0.37272	0.03813	0.00798	0.00899	0.05317	0.00807	0.00766
43	0.01347	0.00981	0.01270	0.01464	0.01576	0.00904	0.00997	0.01580	0.02230	0.02967	0.11585	0.50638	0.11981	0.03229	0.01371	0.00425	0.00613	0.02905	0.01032	0.00904
44	0.02526	0.02703	0.12022	0.22420	0.12910	0.02346	0.06803	0.06986	0.02577	0.07405	0.02644	0.08950	0.02235	0.01332	0.01128	0.00358	0.01340	0.01205	0.00665	0.01444
45	0.02807	0.16800	0.04365	0.09000	0.29801	0.03059	0.02716	0.07062	0.07478	0.03604	0.02188	0.02616	0.01792	0.01046	0.00993	0.00310	0.01228	0.00905	0.00614	0.01617

[dist]
# distance from previous block
# <min> <max>
1	50

[block]
# block no. 2 follows, 12 sequences, length 15
# corresponding to MSA columns:
# 541-555
name=unknown_C
#
# <colnr> <probs for GDERKNQSTAVLIFYWHMCP>
#	G	D	E	R	K	N	Q	S	T	A	V	L	I	F	Y	W	H	M	C	P
0	0.01806	0.01580	0.02726	0.02194	0.02667	0.01470	0.13751	0.02424	0.02956	0.04148	0.41019	0.06818	0.08086	0.01895	0.01286	0.00349	0.00852	0.01797	0.01035	0.01141
1	0.02644	0.02144	0.02338	0.02050	0.02616	0.02390	0.01604	0.12151	0.32519	0.04885	0.16861	0.04874	0.04866	0.01643	0.01151	0.00356	0.00828	0.01381	0.01130	0.01569
2	0.11640	0.03010	0.12696	0.05738	0.03904	0.02511	0.10084	0.14900	0.03145	0.17695	0.02692	0.02804	0.01850	0.01160	0.01063	0.00343	0.01276	0.00980	0.00875	0.01633
3	0.02630	0.02586	0.10114	0.02593	0.03339	0.02228	0.10567	0.09893	0.14011	0.08233	0.03865	0.17925	0.03519	0.01782	0.01199	0.00377	0.01125	0.01617	0.00917	0.01479
4	0.01671	0.01245	0.01488	0.01409	0.01677	0.01100	0.00940	0.01859	0.01927	0.02707	0.03921	0.24038	0.04460	0.26519	0.02939	0.00622	0.00850	0.01856	0.00775	0.17996
5	0.01328	0.00949	0.01265	0.01518	0.01581	0.00886	0.01012	0.01518	0.02088	0.02783	0.06010	0.60969	0.07212	0.03416	0.01392	0.00443	0.00633	0.03100	0.01012	0.00886
6	0.02373	0.01375	0.01667	0.01576	0.01989	0.01273	0.01183	0.02955	0.07883	0.16499	0.06925	0.25093	0.19883	0.02485	0.01255	0.00386	0.00708	0.02149	0.01109	0.01233
7	0.02450	0.09906	0.07124	0.02947	0.08611	0.02812	0.05082	0.02916	0.02069	0.03059	0.01717	0.02336	0.01515	0.01293	0.01951	0.00335	0.24065	0.00841	0.00529	0.18443
8	0.02446	0.02418	0.03096	0.02881	0.06139	0.06152	0.02195	0.02920	0.05970	0.02792	0.01945	0.03024	0.01873	0.08131	0.03271	0.00509	0.41429	0.01031	0.00557	0.01219
9	0.01690	0.01035	0.01283	0.01283	0.01315	0.01051	0.00797	0.01634	0.01602	0.02217	0.03008	0.05733	0.03261	0.38704	0.09135	0.18203	0.01146	0.01352	0.04889	0.00661
10	0.02871	0.17342	0.05197	0.09260	0.04594	0.03012	0.23827	0.03515	0.02438	0.09488	0.02201	0.02693	0.01680	0.01072	0.01279	0.00339	0.06099	0.01029	0.00615	0.01450
11	0.02861	0.04358	0.32663	0.02804	0.04041	0.02738	0.03142	0.20635	0.03340	0.04674	0.02498	0.03207	0.01940	0.01291	0.01093	0.00351	0.01415	0.04568	0.00731	0.01651
12	0.01793	0.01432	0.01906	0.01726	0.01918	0.01617	0.01355	0.02237	0.02667	0.03904	0.37149	0.06381	0.07487	0.02078	0.01833	0.00371	0.15602	0.01643	0.05830	0.01070
13	0.19864	0.46979	0.04665	0.01756	0.02623	0.03838	0.01691	0.03250	0.02124	0.03159	0.01516	0.01755	0.01344	0.00953	0.00693	0.00260	0.01084	0.00585	0.00520	0.01344
14	0.01394	0.00976	0.01246	0.01434	0.01481	0.00929	0.00923	0.01535	0.01960	0.02613	0.05353	0.47242	0.06383	0.18274	0.02452	0.00599	0.00741	0.02714	0.00923	0.00828

[dist]
# distance from previous block
# <min> <max>
0	4

[block]
# block no. 3 follows, 12 sequences, length 15
# corresponding to MSA columns:
# 560-574
name=unknown_D
#
# <colnr> <probs for GDERKNQSTAVLIFYWHMCP>
#	G	D	E	R	K	N	Q	S	T	A	V	L	I	F	Y	W	H	M	C	P
0	0.02052	0.01493	0.01803	0.01648	0.01994	0.01500	0.01249	0.12468	0.03300	0.04552	0.32426	0.18788	0.07794	0.02298	0.01268	0.00362	0.00688	0.02012	0.01135	0.01173
1	0.02203	0.04847	0.44519	0.02788	0.04262	0.02301	0.03443	0.03302	0.02293	0.03474	0.01953	0.02293	0.01431	0.00987	0.00987	0.00306	0.01439	0.00772	0.00500	0.15899
2	0.02261	0.01938	0.02261	0.01615	0.02584	0.01453	0.01292	0.02745	0.02261	0.03553	0.01938	0.02261	0.01615	0.00807	0.00807	0.00161	0.00807	0.00646	0.00646	0.68346
3	0.03243	0.02304	0.02513	0.02020	0.02659	0.02490	0.01633	0.32728	0.04222	0.05876	0.13716	0.04029	0.03796	0.01497	0.01077	0.00318	0.00940	0.01197	0.12202	0.01540
4	0.08461	0.02386	0.04088	0.08711	0.15314	0.02407	0.15971	0.03791	0.02540	0.17170	0.02587	0.02954	0.01873	0.01138	0.01293	0.00355	0.05581	0.01061	0.00757	0.01562
5	0.02348	0.02252	0.03018	0.02490	0.02779	0.02776	0.02059	0.02660	0.01846	0.02901	0.01583	0.02348	0.01486	0.01580	0.02751	0.00383	0.42103	0.00862	0.00528	0.21246
6	0.02189	0.01184	0.01507	0.01484	0.01691	0.01104	0.01006	0.02356	0.02119	0.13846	0.04671	0.28357	0.05018	0.25002	0.02901	0.00652	0.00856	0.02098	0.00951	0.01008
7	0.15890	0.01230	0.01303	0.01413	0.01671	0.01227	0.01009	0.01889	0.02122	0.03269	0.06114	0.37609	0.15918	0.02763	0.01216	0.00404	0.00661	0.02393	0.00940	0.00956
8	0.06899	0.17125	0.29945	0.07116	0.07746	0.02932	0.07210	0.03343	0.02279	0.03317	0.01857	0.02269	0.01423	0.01001	0.00966	0.00322	0.01449	0.00806	0.00491	0.01503
9	0.03405	0.02308	0.03140	0.07906	0.17663	0.02401	0.02245	0.14218	0.08904	0.16297	0.03078	0.03202	0.02228	0.01223	0.01063	0.00330	0.01087	0.01036	0.06583	0.01682
10	0.04313	0.02666	0.13985	0.02190	0.03198	0.01802	0.02122	0.04915	0.02945	0.44462	0.03800	0.03409	0.02417	0.01282	0.01084	0.00339	0.01074	0.01034	0.01159	0.01803
11	0.02530	0.02975	0.15338	0.15232	0.11611	0.02234	0.08925	0.03312	0.02398	0.07887	0.02197	0.02680	0.01643	0.01002	0.01042	0.00309	0.01333	0.00915	0.00605	0.15833
12	0.02997	0.03453	0.22086	0.07015	0.14557	0.02344	0.06006	0.04025	0.06592	0.16007	0.02750	0.02938	0.01944	0.01129	0.01084	0.00344	0.01328	0.00983	0.00748	0.01669
13	0.03146	0.12714	0.03582	0.06733	0.14314	0.10758	0.02213	0.09522	0.09891	0.07860	0.02768	0.06904	0.02320	0.01312	0.01032	0.00321	0.01233	0.01068	0.00771	0.01537
14	0.01917	0.02119	0.13174	0.01877	0.02406	0.01359	0.01703	0.02365	0.02197	0.07527	0.04464	0.34461	0.04867	0.07179	0.01576	0.00440	0.00916	0.02118	0.00866	0.06470

[dist]
# distance from previous block
# <min> <max>
0	12

[block]
# block no. 4 follows, 12 sequences, length 18
# corresponding to MSA columns:
# 587-604
name=unknown_E
#
# <colnr> <probs for GDERKNQSTAVLIFYWHMCP>
#	G	D	E	R	K	N	Q	S	T	A	V	L	I	F	Y	W	H	M	C	P
0	0.54283	0.02151	0.02075	0.02200	0.09388	0.02388	0.01516	0.03420	0.02059	0.09415	0.01849	0.02078	0.01396	0.01038	0.00769	0.00336	0.00913	0.00689	0.00719	0.01318
1	0.02617	0.10850	0.03641	0.02721	0.02902	0.08563	0.02288	0.02875	0.01878	0.02620	0.01467	0.02259	0.01424	0.01701	0.02940	0.00425	0.46238	0.00880	0.00484	0.01228
2	0.08903	0.02147	0.03343	0.21197	0.25488	0.02296	0.02656	0.03342	0.02395	0.09742	0.02344	0.02895	0.01785	0.01078	0.01025	0.00334	0.01202	0.00954	0.05391	0.01484
3	0.03776	0.01714	0.02216	0.01804	0.02466	0.01584	0.01452	0.04541	0.09050	0.35987	0.14656	0.04694	0.04355	0.01543	0.01119	0.00338	0.00811	0.01290	0.04983	0.01622
4	0.10326	0.01730	0.02615	0.05870	0.06843	0.01706	0.08236	0.02895	0.02769	0.09796	0.28053	0.05434	0.05969	0.01639	0.01164	0.00345	0.00899	0.01476	0.00969	0.01264
5	0.09720	0.04372	0.12549	0.06980	0.03754	0.31874	0.02387	0.04068	0.02765	0.08857	0.02027	0.02274	0.01526	0.01120	0.00985	0.00310	0.01644	0.00775	0.00635	0.01381
6	0.01580	0.01080	0.01306	0.01306	0.01347	0.01121	0.00806	0.01661	0.01620	0.02201	0.03329	0.06543	0.03707	0.50575	0.16304	0.01201	0.01444	0.01499	0.00645	0.00726
7	0.01517	0.01062	0.01358	0.01410	0.01489	0.01086	0.00933	0.01690	0.01856	0.02539	0.07833	0.18947	0.04913	0.31280	0.16270	0.01022	0.01349	0.01867	0.00765	0.00813
8	0.02912	0.03114	0.14006	0.08094	0.04096	0.07479	0.12519	0.03610	0.02494	0.12477	0.02528	0.02928	0.01854	0.01204	0.01346	0.00348	0.07817	0.01004	0.08734	0.01438
9	0.02993	0.03594	0.23431	0.03418	0.10256	0.02382	0.10878	0.04133	0.08127	0.15603	0.02822	0.02974	0.01986	0.01130	0.01105	0.00347	0.01371	0.01019	0.00761	0.01671
10	0.44504	0.02197	0.01987	0.01624	0.02396	0.02338	0.01329	0.09666	0.02399	0.04844	0.01768	0.02003	0.01376	0.01004	0.00763	0.00294	0.00884	0.00657	0.00725	0.17240
11	0.01323	0.00970	0.01243	0.01461	0.01567	0.00890	0.00987	0.01525	0.02142	0.02806	0.06702	0.54033	0.13701	0.03326	0.01378	0.00433	0.00622	0.02990	0.01012	0.00890
12	0.02312	0.04764	0.39934	0.03591	0.05037	0.02605	0.19248	0.03466	0.02390	0.03466	0.02038	0.02509	0.01470	0.00998	0.01117	0.00353	0.01685	0.00962	0.00490	0.01566
13	0.10535	0.08547	0.11237	0.02883	0.03883	0.02772	0.15526	0.12238	0.06075	0.11959	0.02554	0.02742	0.01835	0.01114	0.01057	0.00337	0.01328	0.00994	0.00793	0.01592
14	0.01805	0.01353	0.01713	0.01602	0.01602	0.01574	0.01092	0.01808	0.01587	0.02208	0.02801	0.05614	0.03149	0.41457	0.04951	0.08321	0.14631	0.01369	0.00598	0.00763
15	0.02904	0.02902	0.09064	0.02368	0.02975	0.08520	0.02079	0.10178	0.10923	0.08701	0.07420	0.03963	0.07585	0.01620	0.01628	0.00368	0.13318	0.01176	0.00857	0.01450
16	0.02105	0.01734	0.02013	0.01517	0.02262	0.01362	0.01146	0.02477	0.02105	0.03220	0.02284	0.03387	0.02158	0.14875	0.01903	0.00368	0.00865	0.00863	0.00649	0.52705
17	0.02140	0.04886	0.45619	0.03015	0.04424	0.02369	0.07312	0.03288	0.02417	0.03567	0.08267	0.03054	0.02473	0.01170	0.01085	0.00347	0.01497	0.00983	0.00556	0.01530

[dist]
# distance from previous block
# <min> <max>
0	5

[block]
# block no. 5 follows, 12 sequences, length 26
# corresponding to MSA columns:
# 610-635
name=unknown_F
#
# <colnr> <probs for GDERKNQSTAVLIFYWHMCP>
#	G	D	E	R	K	N	Q	S	T	A	V	L	I	F	Y	W	H	M	C	P
0	0.02778	0.01727	0.02218	0.05803	0.02792	0.01458	0.01444	0.03227	0.02525	0.17407	0.07005	0.10681	0.03261	0.01414	0.01016	0.00273	0.00842	0.01204	0.00911	0.32013
1	0.44675	0.02474	0.06475	0.02168	0.03006	0.02398	0.10065	0.03544	0.02175	0.11068	0.02027	0.02262	0.01473	0.01041	0.00861	0.00343	0.01082	0.00792	0.00725	0.01349
2	0.10924	0.01954	0.03001	0.47388	0.06463	0.02364	0.02684	0.03029	0.02209	0.07003	0.02061	0.02821	0.01511	0.01099	0.01037	0.00358	0.01336	0.00930	0.00574	0.01255
3	0.01558	0.01168	0.01752	0.01752	0.01947	0.01363	0.01363	0.01947	0.01752	0.02531	0.02921	0.04283	0.02726	0.08178	0.57360	0.01752	0.02921	0.01168	0.00584	0.00974
4	0.03035	0.56408	0.05441	0.01964	0.02858	0.09813	0.01891	0.03378	0.02306	0.02576	0.01533	0.01772	0.01400	0.00953	0.00729	0.00238	0.01249	0.00595	0.00476	0.01385
5	0.02181	0.01199	0.01530	0.01422	0.01752	0.01104	0.01074	0.02632	0.02796	0.12891	0.29095	0.14163	0.07111	0.02064	0.01168	0.00339	0.00601	0.01800	0.13928	0.01148
6	0.01327	0.01090	0.01169	0.01184	0.01505	0.00932	0.00875	0.01627	0.02525	0.03122	0.16381	0.15413	0.43558	0.02757	0.01299	0.00373	0.00555	0.02339	0.01038	0.00932
7	0.01894	0.00947	0.01420	0.01420	0.01420	0.00947	0.00947	0.01420	0.01420	0.01894	0.01894	0.03314	0.01894	0.03788	0.04261	0.68277	0.00947	0.00947	0.00473	0.00473
8	0.01318	0.01067	0.01171	0.01227	0.01511	0.00920	0.00889	0.01591	0.02433	0.03015	0.13115	0.22728	0.39446	0.02882	0.01314	0.00385	0.00569	0.02472	0.01027	0.00920
9	0.02574	0.02941	0.06434	0.04596	0.05699	0.02757	0.50919	0.03493	0.02574	0.03493	0.02206	0.02941	0.01654	0.00919	0.01287	0.00368	0.01838	0.01287	0.00551	0.01471
10	0.01894	0.00947	0.01420	0.01420	0.01420	0.00947	0.00947	0.01420	0.01420	0.01894	0.01894	0.03314	0.01894	0.03788	0.04261	0.68277	0.00947	0.00947	0.00473	0.00473
11	0.03145	0.01343	0.01605	0.01376	0.01859	0.01244	0.01089	0.03620	0.02611	0.24129	0.03847	0.03927	0.02757	0.01301	0.00892	0.00286	0.00671	0.01047	0.41906	0.01343
12	0.01877	0.01162	0.01449	0.01428	0.01734	0.01033	0.01050	0.02205	0.02592	0.10737	0.19141	0.25827	0.20327	0.02647	0.01295	0.00382	0.00623	0.02315	0.01107	0.01069
13	0.29885	0.01436	0.01407	0.01483	0.01803	0.01540	0.01083	0.02226	0.01990	0.03668	0.04125	0.36129	0.04681	0.02407	0.01091	0.00399	0.00721	0.02047	0.00871	0.01010
14	0.01929	0.01750	0.02816	0.02441	0.02696	0.02118	0.08030	0.02343	0.01834	0.02682	0.02395	0.03558	0.02211	0.05420	0.34498	0.01203	0.19304	0.01121	0.00549	0.01101
15	0.01328	0.00949	0.01265	0.01518	0.01581	0.00886	0.01012	0.01518	0.02088	0.02783	0.06010	0.60969	0.07212	0.03416	0.01392	0.00443	0.00633	0.03100	0.01012	0.00886
16	0.02896	0.02434	0.02569	0.02256	0.02905	0.02798	0.01770	0.11636	0.46767	0.04858	0.04204	0.03882	0.03139	0.01457	0.01107	0.00364	0.00906	0.01200	0.01107	0.01742
17	0.02915	0.62337	0.05714	0.01866	0.02799	0.04314	0.01866	0.03265	0.02215	0.02565	0.01516	0.01749	0.01399	0.00933	0.00700	0.00233	0.01166	0.00583	0.00466	0.01399
18	0.03064	0.29440	0.16811	0.08420	0.03769	0.03110	0.02454	0.03689	0.02423	0.13985	0.02254	0.02421	0.01675	0.01062	0.00906	0.00296	0.01254	0.00787	0.00653	0.01526
19	0.02922	0.51878	0.11008	0.02072	0.03051	0.08082	0.02120	0.03367	0.02290	0.02670	0.01577	0.01826	0.01398	0.00958	0.00758	0.00249	0.01274	0.00616	0.00473	0.01412
20	0.01920	0.01251	0.01612	0.01583	0.01715	0.01299	0.01103	0.02100	0.02058	0.08150	0.08415	0.25723	0.05245	0.23038	0.03025	0.00639	0.07244	0.02043	0.00883	0.00954
21	0.08869	0.01542	0.05487	0.01432	0.01852	0.01237	0.01197	0.02028	0.02524	0.03597	0.21429	0.15442	0.24706	0.02374	0.01216	0.00366	0.00665	0.02017	0.00989	0.01029
22	0.04234	0.09825	0.03026	0.01983	0.02857	0.02212	0.01676	0.11920	0.03223	0.35538	0.03423	0.03131	0.02282	0.01230	0.01013	0.00303	0.00988	0.00963	0.01119	0.09052
23	0.01932	0.01131	0.01414	0.01421	0.01546	0.01091	0.00944	0.02022	0.01916	0.08165	0.04119	0.17574	0.04507	0.34474	0.03813	0.05751	0.00946	0.05563	0.00820	0.00850
24	0.01441	0.00996	0.01232	0.01374	0.01409	0.00961	0.00858	0.01548	0.01867	0.02489	0.04878	0.37306	0.05784	0.29027	0.03219	0.00713	0.00819	0.02434	0.00858	0.00787
25	0.09861	0.07360	0.07430	0.19583	0.11304	0.02502	0.10765	0.03278	0.02339	0.07244	0.02214	0.02770	0.01676	0.01053	0.01017	0.00334	0.01311	0.00952	0.05612	0.01395

[dist]
# distance from previous block
# <min> <max>
0	87

# created by:
# /st0/software/busco_prod/Augustus/scripts/msa2prfl.pl ./align_prep/8420.fa
