[name]
unknown

[dist]
# distance from previous block
# <min> <max>
7	161

[block]
# block no. 0 follows, 10 sequences, length 12
# corresponding to MSA columns:
# 203-214
name=unknown_A
#
# <colnr> <probs for GDERKNQSTAVLIFYWHMCP>
#	G	D	E	R	K	N	Q	S	T	A	V	L	I	F	Y	W	H	M	C	P
0	0.02778	0.03206	0.15150	0.09172	0.04037	0.02571	0.02607	0.15460	0.08532	0.04720	0.07102	0.05069	0.06346	0.01695	0.01231	0.00389	0.01262	0.06177	0.00912	0.01583
1	0.01675	0.01264	0.01591	0.01774	0.01999	0.01239	0.01349	0.02265	0.06695	0.03312	0.06962	0.33658	0.13341	0.03233	0.01477	0.00472	0.00799	0.14743	0.01087	0.01067
2	0.02219	0.01830	0.02487	0.21936	0.04337	0.02095	0.02041	0.03537	0.14485	0.04053	0.16217	0.05056	0.04755	0.01616	0.01186	0.00371	0.01011	0.01399	0.08015	0.01354
3	0.10395	0.09614	0.04007	0.21853	0.05181	0.03168	0.07805	0.12045	0.02911	0.04136	0.02088	0.02701	0.01617	0.01236	0.01324	0.00371	0.06420	0.00977	0.00673	0.01479
4	0.10449	0.01713	0.01968	0.01683	0.02186	0.01708	0.01299	0.08478	0.03086	0.15442	0.17613	0.05545	0.05183	0.09989	0.01826	0.00462	0.00857	0.01435	0.07718	0.01360
5	0.02750	0.02878	0.02864	0.08530	0.10348	0.17183	0.02159	0.03440	0.06795	0.03157	0.03045	0.10072	0.02855	0.03392	0.14536	0.00738	0.01912	0.01310	0.00705	0.01331
6	0.02770	0.09281	0.08561	0.02514	0.03265	0.02620	0.08070	0.14625	0.03198	0.04335	0.08665	0.04328	0.03385	0.10580	0.08118	0.00638	0.01516	0.01269	0.00825	0.01437
7	0.01544	0.01085	0.01397	0.01538	0.01603	0.01079	0.01008	0.01710	0.01996	0.02691	0.05015	0.33602	0.05841	0.22958	0.10626	0.00893	0.01179	0.02468	0.00888	0.00878
8	0.02168	0.08592	0.02185	0.01651	0.01953	0.01829	0.01225	0.07423	0.02451	0.03372	0.03943	0.18135	0.04193	0.19286	0.08359	0.00748	0.01197	0.01763	0.08439	0.01090
9	0.02768	0.09480	0.03825	0.19669	0.15266	0.02746	0.02595	0.08374	0.02786	0.03823	0.02122	0.02701	0.01698	0.01070	0.01038	0.00306	0.01281	0.00903	0.00643	0.16907
10	0.15653	0.09624	0.13479	0.02323	0.03216	0.02476	0.05288	0.06167	0.02717	0.09137	0.08489	0.10113	0.03497	0.01591	0.01093	0.00365	0.01150	0.01311	0.00847	0.01465
11	0.02678	0.03062	0.08709	0.02506	0.03584	0.08093	0.08479	0.03328	0.02569	0.03658	0.02079	0.02484	0.01675	0.00945	0.00984	0.00240	0.01259	0.00813	0.00642	0.42212

[dist]
# distance from previous block
# <min> <max>
0	2

[block]
# block no. 1 follows, 10 sequences, length 8
# corresponding to MSA columns:
# 217-224
name=unknown_B
#
# <colnr> <probs for GDERKNQSTAVLIFYWHMCP>
#	G	D	E	R	K	N	Q	S	T	A	V	L	I	F	Y	W	H	M	C	P
0	0.02938	0.10118	0.11603	0.03156	0.08680	0.02447	0.10599	0.03661	0.02789	0.11836	0.10336	0.03786	0.03341	0.01293	0.01140	0.00332	0.01267	0.01172	0.00822	0.08682
1	0.02390	0.03154	0.16362	0.02161	0.03383	0.01867	0.02181	0.03136	0.02424	0.03760	0.02073	0.02424	0.01654	0.00928	0.00928	0.00226	0.01097	0.00736	0.00635	0.48479
2	0.03033	0.06902	0.03070	0.02897	0.11616	0.06254	0.01926	0.03723	0.06281	0.11803	0.08420	0.08515	0.03582	0.01494	0.01106	0.00316	0.01060	0.01266	0.00906	0.15830
3	0.02875	0.02053	0.02459	0.01780	0.02791	0.01577	0.01433	0.03381	0.02563	0.11858	0.02483	0.02667	0.01913	0.00957	0.00912	0.00203	0.00883	0.00768	0.00813	0.55632
4	0.13435	0.02837	0.10147	0.02049	0.02684	0.07745	0.01786	0.03597	0.08309	0.08569	0.03102	0.04449	0.02775	0.20699	0.02669	0.00617	0.01250	0.01179	0.00798	0.01304
5	0.02020	0.01010	0.01515	0.01515	0.01515	0.01010	0.01010	0.01515	0.01515	0.02020	0.02020	0.03535	0.02020	0.04040	0.04545	0.66162	0.01010	0.01010	0.00505	0.00505
6	0.04214	0.01902	0.02738	0.11966	0.03778	0.01837	0.01955	0.04719	0.02960	0.37242	0.03940	0.03879	0.02640	0.02314	0.07941	0.00557	0.01362	0.01154	0.01167	0.01734
7	0.03444	0.11776	0.04304	0.02938	0.03710	0.11433	0.11452	0.03938	0.02672	0.12218	0.02375	0.02733	0.01835	0.01283	0.01577	0.00346	0.11640	0.00978	0.00728	0.08621

[dist]
# distance from previous block
# <min> <max>
0	2

[block]
# block no. 2 follows, 10 sequences, length 12
# corresponding to MSA columns:
# 227-238
name=unknown_C
#
# <colnr> <probs for GDERKNQSTAVLIFYWHMCP>
#	G	D	E	R	K	N	Q	S	T	A	V	L	I	F	Y	W	H	M	C	P
0	0.08656	0.02019	0.07156	0.01839	0.02431	0.01579	0.01574	0.02508	0.02205	0.03415	0.03532	0.14244	0.03680	0.11085	0.07064	0.00609	0.01203	0.05655	0.00774	0.18772
1	0.10097	0.09525	0.03540	0.02620	0.03148	0.11039	0.02177	0.12455	0.02944	0.07641	0.02066	0.02488	0.01681	0.01524	0.02014	0.00390	0.21497	0.00910	0.00742	0.01500
2	0.01752	0.01287	0.01638	0.01659	0.01720	0.01399	0.01153	0.01911	0.01910	0.02600	0.04086	0.14979	0.04618	0.33648	0.09626	0.00979	0.06790	0.06598	0.00774	0.00873
3	0.02526	0.02263	0.03583	0.32223	0.05951	0.02715	0.07126	0.07577	0.02617	0.03603	0.02266	0.03117	0.01758	0.01318	0.01543	0.00390	0.09723	0.01071	0.07264	0.01365
4	0.02640	0.02932	0.13223	0.12680	0.09887	0.02319	0.06490	0.03366	0.02489	0.08555	0.02773	0.08524	0.02374	0.01424	0.01355	0.00362	0.05509	0.01221	0.00703	0.11175
5	0.01615	0.01153	0.01576	0.01845	0.01999	0.01115	0.01423	0.01961	0.02422	0.03190	0.06301	0.38799	0.07260	0.03457	0.01537	0.00500	0.00846	0.20923	0.01076	0.00999
6	0.10407	0.15100	0.17617	0.03021	0.08633	0.03302	0.02749	0.14100	0.06654	0.04616	0.02313	0.02537	0.01764	0.01176	0.01014	0.00339	0.01335	0.00882	0.00735	0.01704
7	0.03028	0.06839	0.07338	0.08285	0.08536	0.02389	0.02220	0.07138	0.08220	0.11373	0.07645	0.03591	0.02992	0.01298	0.01089	0.00320	0.01112	0.01078	0.00890	0.14618
8	0.16065	0.09211	0.08629	0.17789	0.11757	0.02858	0.02647	0.06837	0.02637	0.08079	0.02210	0.02665	0.01663	0.01143	0.01019	0.00353	0.01309	0.00900	0.00687	0.01542
9	0.02376	0.04682	0.35561	0.03065	0.04277	0.02716	0.03549	0.03681	0.07194	0.03652	0.02672	0.03705	0.02204	0.01498	0.01566	0.00408	0.09813	0.05158	0.00621	0.01601
10	0.01682	0.01362	0.01971	0.10476	0.02871	0.01528	0.01610	0.02002	0.02161	0.02925	0.04886	0.38458	0.05602	0.03585	0.06924	0.00601	0.06922	0.02503	0.00886	0.01043
11	0.03792	0.13946	0.03621	0.12211	0.03982	0.02725	0.02087	0.10721	0.03161	0.21000	0.02963	0.03025	0.02085	0.01226	0.01047	0.00320	0.01174	0.00961	0.00950	0.09002

[dist]
# distance from previous block
# <min> <max>
1	39

[block]
# block no. 3 follows, 10 sequences, length 30
# corresponding to MSA columns:
# 278-307
name=unknown_D
#
# <colnr> <probs for GDERKNQSTAVLIFYWHMCP>
#	G	D	E	R	K	N	Q	S	T	A	V	L	I	F	Y	W	H	M	C	P
0	0.03032	0.02963	0.10195	0.09426	0.12969	0.02705	0.02712	0.08106	0.10514	0.09111	0.02794	0.03107	0.02111	0.01322	0.01433	0.00366	0.07645	0.01038	0.00803	0.07646
1	0.02070	0.01570	0.02065	0.01933	0.02157	0.01820	0.01504	0.05856	0.02282	0.03248	0.04031	0.09223	0.08464	0.04711	0.20694	0.07699	0.11420	0.01462	0.06699	0.01091
2	0.03282	0.02189	0.02867	0.07716	0.09917	0.02250	0.02036	0.12945	0.07349	0.15086	0.12881	0.05002	0.08055	0.01661	0.01221	0.00365	0.01034	0.01406	0.01099	0.01639
3	0.23823	0.12743	0.03061	0.02086	0.02506	0.02992	0.01750	0.02903	0.01907	0.03444	0.01661	0.02379	0.01520	0.01883	0.02362	0.11966	0.18449	0.00816	0.00575	0.01174
4	0.67341	0.02249	0.01709	0.01529	0.02249	0.02609	0.01260	0.03419	0.01979	0.05218	0.01619	0.01889	0.01260	0.01080	0.00720	0.00360	0.00900	0.00630	0.00720	0.01260
5	0.01769	0.01165	0.01700	0.01700	0.01824	0.01289	0.01242	0.01871	0.01747	0.02454	0.02860	0.04610	0.02799	0.12996	0.34647	0.20371	0.02285	0.01228	0.00598	0.00847
6	0.15237	0.02842	0.13599	0.02505	0.03351	0.02129	0.10000	0.03292	0.02484	0.08925	0.09305	0.04372	0.03409	0.11411	0.01960	0.00502	0.01262	0.01252	0.00796	0.01367
7	0.01744	0.01128	0.01417	0.01417	0.01453	0.01164	0.00889	0.01728	0.01691	0.02291	0.03279	0.06363	0.03609	0.40636	0.14158	0.12703	0.01454	0.01494	0.00655	0.00728
8	0.12092	0.15301	0.03546	0.08501	0.03642	0.12896	0.02062	0.08416	0.14898	0.04091	0.02608	0.02772	0.02040	0.01250	0.00997	0.00336	0.01312	0.00910	0.00786	0.01544
9	0.03917	0.02876	0.02867	0.02380	0.03121	0.09698	0.01894	0.17115	0.15802	0.16071	0.08502	0.03958	0.03436	0.01526	0.01175	0.00358	0.01160	0.01210	0.01166	0.01767
10	0.01806	0.01456	0.01721	0.01494	0.02025	0.01202	0.01135	0.02246	0.02735	0.03825	0.20708	0.12368	0.17619	0.02151	0.01217	0.00320	0.00674	0.01850	0.01016	0.22431
11	0.01746	0.01348	0.01615	0.01553	0.01879	0.01307	0.01160	0.02589	0.09432	0.04251	0.33381	0.13648	0.16674	0.02498	0.01358	0.00385	0.00620	0.02181	0.01211	0.01163
12	0.02553	0.01568	0.01723	0.01575	0.02028	0.01608	0.01216	0.03763	0.14770	0.09784	0.10376	0.05493	0.08969	0.01701	0.01069	0.00336	0.00694	0.01409	0.27996	0.01369
13	0.02949	0.05154	0.42333	0.03049	0.04593	0.02489	0.03744	0.04107	0.02642	0.14149	0.02621	0.02777	0.01774	0.01176	0.01119	0.00367	0.01563	0.00926	0.00694	0.01774
14	0.45855	0.01950	0.01763	0.01730	0.02302	0.02192	0.01461	0.03088	0.02208	0.04648	0.03109	0.05575	0.03043	0.01780	0.01011	0.00418	0.00956	0.14878	0.00835	0.01198
15	0.02883	0.02410	0.03256	0.29072	0.05606	0.02654	0.02536	0.15912	0.03248	0.04402	0.02276	0.02863	0.01711	0.01165	0.01098	0.00330	0.01323	0.00963	0.00740	0.15553
16	0.09454	0.01716	0.02325	0.11918	0.08185	0.01897	0.01869	0.02834	0.07517	0.03487	0.04028	0.23116	0.04160	0.03112	0.08531	0.00614	0.01288	0.01864	0.00837	0.01246
17	0.01668	0.01221	0.01741	0.01741	0.01904	0.01384	0.01294	0.01994	0.01831	0.02605	0.03233	0.05219	0.03190	0.19490	0.44135	0.01711	0.02691	0.01341	0.00640	0.00967
18	0.01506	0.01076	0.01452	0.01721	0.01828	0.01022	0.01235	0.01774	0.02315	0.03069	0.06361	0.49538	0.07497	0.03560	0.01508	0.00485	0.00752	0.11255	0.01078	0.00969
19	0.08513	0.02005	0.02535	0.13595	0.03787	0.01849	0.01775	0.03149	0.02500	0.07843	0.06239	0.03152	0.02491	0.01118	0.00981	0.00268	0.01000	0.00913	0.00764	0.35522
20	0.02337	0.01153	0.01699	0.01627	0.01759	0.01151	0.01151	0.02068	0.01771	0.07917	0.02464	0.03725	0.02240	0.04383	0.10998	0.49823	0.01296	0.01061	0.00628	0.00747
21	0.01417	0.01012	0.01350	0.01619	0.01687	0.00945	0.01080	0.01619	0.02227	0.02969	0.06410	0.58367	0.07692	0.03644	0.01484	0.00472	0.00675	0.03306	0.01080	0.00945
22	0.02789	0.02066	0.02625	0.13873	0.03847	0.02286	0.02021	0.09934	0.15225	0.08850	0.08974	0.11019	0.04323	0.01897	0.01262	0.00401	0.01059	0.04986	0.01049	0.01514
23	0.03001	0.16045	0.15453	0.03765	0.12075	0.03109	0.12139	0.04066	0.07432	0.08128	0.02555	0.02866	0.01939	0.01123	0.01103	0.00345	0.01460	0.01017	0.00684	0.01694
24	0.02482	0.02536	0.04836	0.31624	0.13338	0.02733	0.18800	0.03317	0.02516	0.03348	0.02184	0.03083	0.01665	0.01082	0.01235	0.00383	0.01671	0.01152	0.00550	0.01464
25	0.01608	0.01131	0.01266	0.01294	0.01579	0.01021	0.00947	0.01991	0.02664	0.03681	0.17291	0.17442	0.25080	0.02610	0.01273	0.00375	0.00586	0.02238	0.14901	0.01021
26	0.03286	0.03737	0.22755	0.08328	0.15923	0.02420	0.03285	0.04170	0.02743	0.17814	0.02833	0.03046	0.01975	0.01190	0.01140	0.00362	0.01413	0.01006	0.00788	0.01788
27	0.12643	0.09164	0.08573	0.08403	0.03901	0.02464	0.05856	0.04446	0.02784	0.25877	0.03120	0.03118	0.02115	0.01237	0.01069	0.00354	0.01223	0.01002	0.00963	0.01688
28	0.10693	0.01764	0.02139	0.01935	0.02500	0.01736	0.01523	0.04098	0.09176	0.22878	0.04900	0.19167	0.04423	0.02170	0.01244	0.00411	0.00893	0.05642	0.01192	0.01518
29	0.58550	0.10129	0.02310	0.01593	0.02350	0.02882	0.01360	0.03428	0.02032	0.04879	0.01619	0.01886	0.01291	0.01068	0.00723	0.00345	0.00947	0.00629	0.00689	0.01291

[dist]
# distance from previous block
# <min> <max>
0	1

[block]
# block no. 4 follows, 10 sequences, length 6
# corresponding to MSA columns:
# 309-314
name=unknown_E
#
# <colnr> <probs for GDERKNQSTAVLIFYWHMCP>
#	G	D	E	R	K	N	Q	S	T	A	V	L	I	F	Y	W	H	M	C	P
0	0.52265	0.02006	0.01674	0.01514	0.02132	0.02262	0.01222	0.03138	0.02281	0.05091	0.13011	0.03450	0.03489	0.01378	0.00869	0.00361	0.00819	0.00968	0.00848	0.01222
1	0.02582	0.02555	0.04402	0.14115	0.14336	0.02783	0.14943	0.03649	0.08925	0.03696	0.06040	0.03566	0.02620	0.01351	0.01595	0.00396	0.08979	0.01240	0.00693	0.01533
2	0.01679	0.01287	0.01726	0.06692	0.02266	0.01395	0.01296	0.01876	0.02027	0.02730	0.04701	0.32251	0.05474	0.20606	0.03056	0.00673	0.06095	0.02381	0.00858	0.00932
3	0.02012	0.13078	0.17195	0.02096	0.02881	0.02136	0.02151	0.02637	0.02519	0.03387	0.11097	0.18904	0.11140	0.02166	0.01212	0.00377	0.01051	0.01837	0.00832	0.01293
4	0.03110	0.02246	0.03760	0.17125	0.08800	0.02325	0.11378	0.03985	0.07994	0.14616	0.03008	0.03477	0.02203	0.01558	0.01597	0.07957	0.01357	0.01162	0.00821	0.01522
5	0.02628	0.02117	0.03655	0.36824	0.06472	0.02373	0.08837	0.03365	0.02610	0.09965	0.07104	0.03751	0.02652	0.01291	0.01212	0.00382	0.01435	0.01199	0.00724	0.01404

[dist]
# distance from previous block
# <min> <max>
0	2

[block]
# block no. 5 follows, 10 sequences, length 9
# corresponding to MSA columns:
# 317-325
name=unknown_F
#
# <colnr> <probs for GDERKNQSTAVLIFYWHMCP>
#	G	D	E	R	K	N	Q	S	T	A	V	L	I	F	Y	W	H	M	C	P
0	0.10264	0.02410	0.03727	0.25019	0.13000	0.02771	0.07641	0.03625	0.08790	0.03697	0.02385	0.03051	0.01855	0.01236	0.01335	0.00388	0.05619	0.01060	0.00648	0.01478
1	0.01465	0.01081	0.01372	0.01512	0.01681	0.00987	0.01053	0.01765	0.02549	0.03402	0.18003	0.39000	0.15397	0.03230	0.01440	0.00434	0.00631	0.02883	0.01128	0.00987
2	0.08897	0.02862	0.02889	0.02312	0.03160	0.08737	0.01865	0.17447	0.08803	0.19637	0.03262	0.03122	0.02283	0.01325	0.01089	0.00333	0.01178	0.01009	0.01098	0.08692
3	0.11827	0.10713	0.03561	0.02391	0.03303	0.03452	0.02022	0.32810	0.04437	0.10535	0.02654	0.02664	0.01907	0.01308	0.01054	0.00338	0.01203	0.00951	0.01045	0.01826
4	0.01505	0.01080	0.01428	0.01559	0.01706	0.01003	0.01086	0.01841	0.02636	0.03620	0.23643	0.39277	0.08953	0.03157	0.01441	0.00431	0.00626	0.02844	0.01157	0.01003
5	0.10239	0.12271	0.22405	0.15665	0.04899	0.02967	0.03063	0.03721	0.07502	0.03681	0.02244	0.02661	0.01695	0.01151	0.01028	0.00357	0.01422	0.00888	0.00601	0.01540
6	0.02995	0.26005	0.23483	0.02878	0.04159	0.03361	0.08821	0.03823	0.02551	0.08550	0.02207	0.02477	0.01669	0.01082	0.01008	0.00324	0.01489	0.00868	0.00608	0.01639
7	0.02384	0.01277	0.01712	0.01705	0.02009	0.01156	0.01237	0.02701	0.02665	0.15404	0.13063	0.37186	0.07034	0.02904	0.01390	0.00428	0.00732	0.02593	0.01199	0.01222
8	0.03857	0.01866	0.02512	0.09291	0.03335	0.01807	0.01761	0.07607	0.03252	0.29764	0.11414	0.04543	0.03923	0.01538	0.01162	0.00354	0.00970	0.01281	0.08112	0.01651

[dist]
# distance from previous block
# <min> <max>
0	13

[block]
# block no. 6 follows, 10 sequences, length 15
# corresponding to MSA columns:
# 352-366
name=unknown_G
#
# <colnr> <probs for GDERKNQSTAVLIFYWHMCP>
#	G	D	E	R	K	N	Q	S	T	A	V	L	I	F	Y	W	H	M	C	P
0	0.27765	0.21173	0.09804	0.02509	0.07174	0.08118	0.02152	0.03599	0.02339	0.03906	0.01741	0.02055	0.01431	0.01064	0.00843	0.00319	0.01262	0.00701	0.00598	0.01447
1	0.02200	0.01563	0.02171	0.08480	0.02830	0.01672	0.01585	0.02619	0.02359	0.07842	0.12634	0.05292	0.04350	0.12730	0.15624	0.00865	0.06045	0.01388	0.00828	0.06923
2	0.08773	0.47878	0.05309	0.01961	0.02921	0.04079	0.01894	0.03746	0.02449	0.09077	0.01982	0.02125	0.01643	0.01057	0.00796	0.00272	0.01184	0.00690	0.00632	0.01533
3	0.03235	0.01506	0.01953	0.01654	0.02160	0.01360	0.01277	0.03673	0.03012	0.24798	0.20006	0.06034	0.05766	0.08827	0.01779	0.00446	0.00807	0.01536	0.08746	0.01424
4	0.01614	0.01164	0.01526	0.01485	0.01731	0.01076	0.01095	0.02115	0.03145	0.04430	0.45063	0.15549	0.10521	0.02553	0.01387	0.00381	0.00566	0.02269	0.01253	0.01076
5	0.01646	0.01189	0.01555	0.01463	0.01738	0.01097	0.01097	0.02195	0.03292	0.04664	0.51257	0.08688	0.10974	0.02378	0.01372	0.00366	0.00549	0.02103	0.01280	0.01097
6	0.03972	0.04942	0.03055	0.02785	0.03339	0.47087	0.02088	0.04306	0.03295	0.03097	0.08629	0.03008	0.02807	0.01361	0.01093	0.00309	0.01883	0.00936	0.00693	0.01314
7	0.02793	0.01267	0.01415	0.01286	0.01686	0.01212	0.00997	0.03316	0.02621	0.14243	0.03957	0.04259	0.02960	0.01372	0.00886	0.00289	0.00634	0.01102	0.52438	0.01267
8	0.03737	0.02042	0.02377	0.01990	0.02675	0.02090	0.01589	0.08391	0.18055	0.23235	0.04321	0.04075	0.03047	0.01461	0.01094	0.00350	0.00890	0.01187	0.15659	0.01735
9	0.67341	0.02249	0.01709	0.01529	0.02249	0.02609	0.01260	0.03419	0.01979	0.05218	0.01619	0.01889	0.01260	0.01080	0.00720	0.00360	0.00900	0.00630	0.00720	0.01260
10	0.01417	0.01012	0.01350	0.01619	0.01687	0.00945	0.01080	0.01619	0.02227	0.02969	0.06410	0.58367	0.07692	0.03644	0.01484	0.00472	0.00675	0.03306	0.01080	0.00945
11	0.59863	0.02145	0.01728	0.01599	0.02268	0.02464	0.01330	0.03304	0.02059	0.05020	0.02138	0.03172	0.01880	0.01323	0.00821	0.00380	0.00919	0.05589	0.00760	0.01238
12	0.04966	0.02778	0.02900	0.02309	0.03157	0.11555	0.01866	0.10397	0.03571	0.38317	0.03871	0.03484	0.02522	0.01390	0.01147	0.00348	0.01225	0.01079	0.01254	0.01864
13	0.02622	0.02187	0.03420	0.19611	0.18723	0.02346	0.02675	0.03199	0.02454	0.07526	0.02771	0.09397	0.02480	0.01485	0.01412	0.00369	0.06467	0.01269	0.00697	0.08889
14	0.02669	0.04436	0.31021	0.10380	0.10727	0.02647	0.09861	0.03749	0.02572	0.07576	0.02335	0.02799	0.01679	0.01114	0.01160	0.00371	0.01634	0.00997	0.00594	0.01681

[dist]
# distance from previous block
# <min> <max>
0	4

[block]
# block no. 7 follows, 10 sequences, length 20
# corresponding to MSA columns:
# 371-390
name=unknown_H
#
# <colnr> <probs for GDERKNQSTAVLIFYWHMCP>
#	G	D	E	R	K	N	Q	S	T	A	V	L	I	F	Y	W	H	M	C	P
0	0.01417	0.01012	0.01350	0.01619	0.01687	0.00945	0.01080	0.01619	0.02227	0.02969	0.06410	0.58367	0.07692	0.03644	0.01484	0.00472	0.00675	0.03306	0.01080	0.00945
1	0.01979	0.01233	0.01559	0.01497	0.01769	0.01132	0.01075	0.02339	0.02778	0.09092	0.26385	0.16973	0.12344	0.12064	0.02132	0.00514	0.00720	0.02178	0.01146	0.01090
2	0.19716	0.09378	0.07192	0.08170	0.03636	0.16137	0.02085	0.03628	0.02520	0.03704	0.01836	0.02217	0.01481	0.01073	0.00915	0.00302	0.01381	0.00734	0.00618	0.13278
3	0.09814	0.53816	0.05637	0.01942	0.02908	0.04394	0.01914	0.03476	0.02323	0.02995	0.01617	0.01868	0.01468	0.01004	0.00744	0.00260	0.01208	0.00623	0.00521	0.01468
4	0.02693	0.25380	0.14133	0.07098	0.04149	0.03221	0.08359	0.03394	0.02437	0.03284	0.01933	0.02360	0.01577	0.01000	0.00955	0.00286	0.01373	0.00813	0.00550	0.15003
5	0.03270	0.08686	0.19358	0.02744	0.03833	0.02610	0.06485	0.11239	0.03129	0.14316	0.03269	0.10105	0.02686	0.01533	0.01168	0.00368	0.01335	0.01296	0.00887	0.01682
6	0.01755	0.01179	0.01509	0.01541	0.01791	0.01123	0.01191	0.02262	0.02910	0.04199	0.29564	0.14216	0.08411	0.02494	0.01330	0.00393	0.00659	0.09906	0.12494	0.01073
7	0.02166	0.01503	0.02254	0.02487	0.08571	0.01572	0.01677	0.02649	0.02421	0.08173	0.13531	0.05178	0.04507	0.05638	0.30864	0.01198	0.02127	0.01396	0.00839	0.01248
8	0.02412	0.02067	0.02412	0.01723	0.02756	0.01550	0.01378	0.02929	0.02412	0.03790	0.02067	0.02412	0.01723	0.00861	0.00861	0.00172	0.00861	0.00689	0.00689	0.66236
9	0.01455	0.01181	0.01290	0.01263	0.01621	0.01016	0.00947	0.01826	0.02842	0.03595	0.23535	0.10447	0.39363	0.02776	0.01374	0.00385	0.00577	0.02350	0.01140	0.01016
10	0.02196	0.02067	0.03488	0.56331	0.08010	0.02584	0.03230	0.02972	0.02326	0.02972	0.02067	0.03101	0.01550	0.01163	0.01163	0.00388	0.01550	0.01034	0.00517	0.01292
11	0.67341	0.02249	0.01709	0.01529	0.02249	0.02609	0.01260	0.03419	0.01979	0.05218	0.01619	0.01889	0.01260	0.01080	0.00720	0.00360	0.00900	0.00630	0.00720	0.01260
12	0.02691	0.02976	0.05965	0.04399	0.05256	0.03110	0.35380	0.03473	0.02483	0.03473	0.02128	0.02976	0.01700	0.01267	0.02037	0.00424	0.16930	0.01276	0.00567	0.01488
13	0.01576	0.01186	0.01457	0.01389	0.01694	0.01067	0.01042	0.02058	0.03126	0.04269	0.41020	0.09337	0.21458	0.02525	0.01372	0.00373	0.00559	0.02194	0.01228	0.01067
14	0.01847	0.01219	0.01512	0.01475	0.01793	0.01089	0.01091	0.02243	0.02893	0.08232	0.26699	0.19632	0.20472	0.02719	0.01378	0.00395	0.00627	0.02373	0.01197	0.01113
15	0.02132	0.01930	0.03202	0.36731	0.11287	0.02309	0.02804	0.02804	0.02242	0.02992	0.02354	0.03459	0.01936	0.03119	0.15064	0.00769	0.01940	0.01089	0.00551	0.01286
16	0.01779	0.01337	0.01668	0.01601	0.01899	0.01312	0.01192	0.02640	0.09216	0.04470	0.39353	0.14585	0.09579	0.02438	0.01362	0.00383	0.00614	0.02157	0.01242	0.01174
17	0.02464	0.02678	0.08542	0.32278	0.17598	0.02679	0.03235	0.03603	0.08604	0.03487	0.02446	0.03146	0.01874	0.01181	0.01157	0.00376	0.01444	0.01054	0.00615	0.01538
18	0.04574	0.02281	0.03784	0.02807	0.03779	0.02030	0.13679	0.05162	0.03177	0.39922	0.04006	0.03745	0.02589	0.01320	0.01222	0.00368	0.01243	0.01222	0.01218	0.01872
19	0.02594	0.17117	0.03371	0.01792	0.02816	0.02346	0.01538	0.03073	0.02399	0.03515	0.01950	0.02269	0.01663	0.00896	0.00831	0.00192	0.00961	0.00672	0.00639	0.49366

[dist]
# distance from previous block
# <min> <max>
0	23

[block]
# block no. 8 follows, 10 sequences, length 36
# corresponding to MSA columns:
# 414-449
name=unknown_I
#
# <colnr> <probs for GDERKNQSTAVLIFYWHMCP>
#	G	D	E	R	K	N	Q	S	T	A	V	L	I	F	Y	W	H	M	C	P
0	0.03102	0.43974	0.14428	0.02344	0.03429	0.09727	0.02442	0.03647	0.02483	0.02922	0.01723	0.02000	0.01490	0.01038	0.00845	0.00276	0.01425	0.00680	0.00508	0.01518
1	0.02756	0.01967	0.02150	0.01899	0.02395	0.02153	0.01471	0.12181	0.18764	0.04874	0.09297	0.04475	0.03820	0.01833	0.01452	0.07128	0.00855	0.01266	0.17819	0.01446
2	0.01938	0.01495	0.01806	0.01675	0.02039	0.01518	0.01271	0.03127	0.14169	0.04711	0.40369	0.07670	0.09237	0.02191	0.01328	0.00373	0.00636	0.01919	0.01258	0.01271
3	0.01646	0.01189	0.01555	0.01463	0.01738	0.01097	0.01097	0.02195	0.03292	0.04664	0.51257	0.08688	0.10974	0.02378	0.01372	0.00366	0.00549	0.02103	0.01280	0.01097
4	0.01407	0.01053	0.01307	0.01511	0.01658	0.00954	0.01032	0.01632	0.02331	0.03011	0.07729	0.46788	0.18421	0.03472	0.01458	0.00453	0.00654	0.03097	0.01080	0.00954
5	0.67341	0.02249	0.01709	0.01529	0.02249	0.02609	0.01260	0.03419	0.01979	0.05218	0.01619	0.01889	0.01260	0.01080	0.00720	0.00360	0.00900	0.00630	0.00720	0.01260
6	0.67341	0.02249	0.01709	0.01529	0.02249	0.02609	0.01260	0.03419	0.01979	0.05218	0.01619	0.01889	0.01260	0.01080	0.00720	0.00360	0.00900	0.00630	0.00720	0.01260
7	0.02893	0.02498	0.02630	0.02367	0.03024	0.02893	0.01841	0.06180	0.49770	0.04865	0.04734	0.04339	0.03550	0.01578	0.01183	0.00394	0.00920	0.01315	0.01183	0.01841
8	0.27042	0.01932	0.02100	0.01857	0.02381	0.02120	0.01486	0.03410	0.02366	0.15432	0.03971	0.12514	0.07100	0.01882	0.01448	0.00402	0.08846	0.01408	0.00948	0.01354
9	0.13378	0.10990	0.05415	0.03639	0.04654	0.03118	0.28192	0.03928	0.08075	0.03962	0.02407	0.02893	0.01853	0.01069	0.01154	0.00367	0.01563	0.01137	0.00667	0.01539
10	0.02235	0.10053	0.03194	0.13455	0.11768	0.02212	0.02092	0.02826	0.02787	0.03835	0.22075	0.05109	0.05447	0.01588	0.01162	0.00334	0.01014	0.01384	0.00849	0.06581
11	0.50687	0.17178	0.02846	0.01649	0.02440	0.03126	0.01449	0.03435	0.02079	0.04575	0.01619	0.01883	0.01320	0.01058	0.00727	0.00331	0.00989	0.00628	0.00662	0.01320
12	0.03375	0.35630	0.11936	0.02485	0.03463	0.19516	0.02397	0.03865	0.02660	0.02905	0.01739	0.02020	0.01491	0.01073	0.00889	0.00281	0.01571	0.00694	0.00528	0.01481
13	0.02104	0.08499	0.08034	0.01722	0.02039	0.01657	0.01436	0.02042	0.01767	0.02356	0.02380	0.04203	0.02430	0.16712	0.04032	0.34964	0.01149	0.01112	0.00551	0.00811
14	0.03409	0.25422	0.04498	0.14248	0.04331	0.07946	0.02351	0.17022	0.03377	0.04196	0.02089	0.02439	0.01654	0.01171	0.00990	0.00314	0.01392	0.00853	0.00713	0.01584
15	0.02327	0.02010	0.02465	0.06777	0.08303	0.02195	0.01851	0.04094	0.24731	0.03978	0.05584	0.15807	0.10845	0.02092	0.01265	0.00404	0.00924	0.01821	0.01029	0.01498
16	0.02907	0.03791	0.18404	0.02678	0.03622	0.08249	0.02660	0.12089	0.10948	0.04516	0.07486	0.04849	0.03481	0.01658	0.01217	0.00385	0.01354	0.07215	0.00892	0.01600
17	0.02470	0.01999	0.02315	0.01822	0.02595	0.01789	0.01439	0.08008	0.07872	0.04532	0.16054	0.04391	0.04503	0.01414	0.01069	0.00268	0.00827	0.01185	0.00956	0.34492
18	0.02874	0.29736	0.04354	0.15545	0.04053	0.03424	0.02137	0.08118	0.02707	0.03556	0.02207	0.02672	0.01798	0.01139	0.00907	0.00298	0.01212	0.00846	0.10988	0.01430
19	0.02288	0.14173	0.13089	0.09798	0.03761	0.02410	0.02257	0.02921	0.02406	0.03286	0.03495	0.09140	0.07672	0.01495	0.01050	0.00312	0.01156	0.01222	0.00670	0.17399
20	0.17419	0.11469	0.16080	0.02975	0.07679	0.02787	0.07488	0.03984	0.02558	0.13584	0.02449	0.02653	0.01769	0.01131	0.01015	0.00349	0.01326	0.00907	0.00747	0.01631
21	0.02931	0.47471	0.16887	0.02294	0.03455	0.04166	0.02520	0.03529	0.02384	0.02954	0.01725	0.02001	0.01488	0.01020	0.00829	0.00276	0.01353	0.00676	0.00496	0.01544
22	0.03036	0.02558	0.08992	0.30493	0.05841	0.02419	0.02819	0.04093	0.08146	0.15477	0.03001	0.03381	0.02102	0.01273	0.01160	0.00379	0.01359	0.01080	0.00818	0.01575
23	0.03141	0.03276	0.15917	0.18427	0.10564	0.02563	0.06784	0.07332	0.02877	0.13796	0.02680	0.03072	0.01886	0.01194	0.01166	0.00370	0.01471	0.01048	0.00762	0.01674
24	0.08810	0.13743	0.03674	0.15530	0.04236	0.03000	0.02252	0.09028	0.02859	0.15803	0.02585	0.02868	0.01888	0.01314	0.01336	0.00360	0.07354	0.00952	0.00831	0.01576
25	0.01375	0.01178	0.01178	0.01178	0.01571	0.00982	0.00884	0.01669	0.02651	0.03142	0.11782	0.11193	0.51399	0.02946	0.01375	0.00393	0.00589	0.02455	0.01080	0.00982
26	0.01609	0.01147	0.01433	0.01588	0.01722	0.01102	0.01136	0.01841	0.02222	0.02895	0.06131	0.26128	0.11489	0.20530	0.02866	0.00680	0.00901	0.12709	0.00962	0.00906
27	0.02790	0.04784	0.35555	0.03877	0.11570	0.02619	0.08358	0.03903	0.02615	0.09430	0.02421	0.02762	0.01720	0.01121	0.01147	0.00367	0.01611	0.00974	0.00624	0.01751
28	0.19931	0.02279	0.03297	0.30034	0.16721	0.02633	0.02778	0.03232	0.02308	0.03771	0.01975	0.02722	0.01540	0.01111	0.01041	0.00370	0.01335	0.00925	0.00585	0.01412
29	0.03416	0.01450	0.01745	0.01487	0.02015	0.01340	0.01180	0.03920	0.02803	0.24107	0.04119	0.04182	0.02939	0.01390	0.00959	0.00307	0.00725	0.01119	0.39348	0.01450
30	0.02907	0.01847	0.02923	0.08283	0.08976	0.01853	0.07178	0.03500	0.02587	0.14433	0.03319	0.03854	0.02523	0.02525	0.10160	0.00597	0.01446	0.01153	0.18494	0.01440
31	0.03274	0.09117	0.04245	0.23619	0.05553	0.02781	0.10910	0.07699	0.02906	0.14558	0.02693	0.03127	0.01917	0.01191	0.01155	0.00363	0.01442	0.01080	0.00790	0.01580
32	0.01490	0.01072	0.01357	0.01505	0.01625	0.00999	0.01012	0.01728	0.02362	0.03160	0.13822	0.38901	0.11547	0.11277	0.02088	0.00541	0.00711	0.02805	0.01059	0.00939
33	0.01534	0.01058	0.01358	0.01505	0.01609	0.00990	0.01008	0.01669	0.02216	0.02934	0.09877	0.36721	0.11694	0.10009	0.02340	0.08209	0.00747	0.02656	0.00985	0.00882
34	0.02412	0.02067	0.02412	0.01723	0.02756	0.01550	0.01378	0.02929	0.02412	0.03790	0.02067	0.02412	0.01723	0.00861	0.00861	0.00172	0.00861	0.00689	0.00689	0.66236
35	0.03616	0.03734	0.15100	0.10467	0.04568	0.03249	0.02844	0.31212	0.04316	0.05856	0.02524	0.02757	0.01799	0.01295	0.01150	0.00359	0.01421	0.01001	0.00914	0.01820

[dist]
# distance from previous block
# <min> <max>
0	2

[block]
# block no. 9 follows, 10 sequences, length 15
# corresponding to MSA columns:
# 452-466
name=unknown_J
#
# <colnr> <probs for GDERKNQSTAVLIFYWHMCP>
#	G	D	E	R	K	N	Q	S	T	A	V	L	I	F	Y	W	H	M	C	P
0	0.01413	0.01030	0.01331	0.01573	0.01675	0.00949	0.01059	0.01625	0.02272	0.02987	0.06979	0.53371	0.12321	0.03570	0.01473	0.00464	0.00666	0.03216	0.01080	0.00949
1	0.03032	0.21012	0.08428	0.24775	0.05253	0.03091	0.02655	0.03670	0.02525	0.11665	0.02365	0.02798	0.01758	0.01152	0.01025	0.00336	0.01368	0.00910	0.00670	0.01514
2	0.13437	0.03153	0.09319	0.13154	0.04565	0.07243	0.07233	0.10693	0.03081	0.13334	0.02583	0.02863	0.01825	0.01214	0.01101	0.00363	0.01417	0.00988	0.00829	0.01604
3	0.04850	0.02187	0.02781	0.02174	0.03049	0.02067	0.01782	0.10571	0.09107	0.41792	0.04400	0.03871	0.02856	0.01451	0.01171	0.00363	0.01015	0.01173	0.01377	0.01963
4	0.02464	0.04142	0.27589	0.08559	0.15791	0.02482	0.03466	0.03447	0.02481	0.03669	0.02105	0.02603	0.01615	0.01047	0.01074	0.00327	0.01459	0.00883	0.00552	0.14248
5	0.01574	0.01231	0.01429	0.01382	0.01720	0.01071	0.01007	0.01929	0.02687	0.03558	0.21172	0.16480	0.25267	0.06671	0.01666	0.00429	0.00652	0.02269	0.01078	0.06727
6	0.01503	0.01125	0.01395	0.01451	0.01681	0.01017	0.01041	0.01871	0.02770	0.03716	0.26364	0.26636	0.19268	0.02953	0.01412	0.00409	0.00602	0.02606	0.01163	0.01017
7	0.24063	0.07631	0.08272	0.12650	0.04026	0.02787	0.02228	0.09947	0.02823	0.11913	0.02371	0.02624	0.01705	0.01190	0.00979	0.00355	0.01209	0.00872	0.00809	0.01544
8	0.02889	0.12989	0.25298	0.02806	0.03891	0.03059	0.03040	0.04022	0.08061	0.09126	0.02517	0.02775	0.01894	0.01345	0.01538	0.00376	0.11100	0.00939	0.00686	0.01650
9	0.02563	0.02069	0.01931	0.01861	0.02001	0.13492	0.01299	0.02246	0.01931	0.02213	0.01968	0.03200	0.01898	0.03377	0.03729	0.50780	0.01264	0.00949	0.00527	0.00702
10	0.02587	0.01526	0.01949	0.01689	0.02143	0.01439	0.01315	0.06940	0.03493	0.14232	0.37880	0.07245	0.08601	0.02108	0.01314	0.00363	0.00699	0.01828	0.01301	0.01347
11	0.55268	0.02197	0.01902	0.01634	0.02389	0.02434	0.01347	0.03856	0.02242	0.14441	0.02196	0.02291	0.01574	0.01150	0.00807	0.00360	0.00917	0.00735	0.00860	0.01399
12	0.01417	0.01012	0.01350	0.01619	0.01687	0.00945	0.01080	0.01619	0.02227	0.02969	0.06410	0.58367	0.07692	0.03644	0.01484	0.00472	0.00675	0.03306	0.01080	0.00945
13	0.02303	0.02275	0.04144	0.46336	0.07635	0.02653	0.11862	0.03118	0.02407	0.03118	0.02123	0.03108	0.01592	0.01127	0.01204	0.00388	0.01630	0.01099	0.00531	0.01346
14	0.02218	0.01862	0.02205	0.01703	0.02548	0.01433	0.01320	0.02674	0.02376	0.03630	0.02911	0.13286	0.02883	0.01402	0.00982	0.00231	0.00825	0.01198	0.00765	0.53547

[dist]
# distance from previous block
# <min> <max>
0	114

# created by:
# /st0/software/busco_prod/Augustus/scripts/msa2prfl.pl ./align_prep/8424.fa
