[name]
unknown

[dist]
# distance from previous block
# <min> <max>
0	0

[block]
# block no. 0 follows, 12 sequences, length 12
# corresponding to MSA columns:
# 0-11
name=unknown_A
#
# <colnr> <probs for GDERKNQSTAVLIFYWHMCP>
#	G	D	E	R	K	N	Q	S	T	A	V	L	I	F	Y	W	H	M	C	P
0	0.01757	0.01255	0.01757	0.02008	0.02259	0.01255	0.01757	0.02259	0.02510	0.03263	0.05773	0.12299	0.06275	0.03012	0.01506	0.00502	0.01004	0.47540	0.01004	0.01004
1	0.01543	0.01115	0.01457	0.01372	0.01629	0.01029	0.01029	0.02058	0.03086	0.04372	0.54304	0.08145	0.10288	0.02229	0.01286	0.00343	0.00514	0.01972	0.01200	0.01029
2	0.01440	0.00996	0.01232	0.01375	0.01411	0.00960	0.00859	0.01548	0.01869	0.02492	0.04890	0.37549	0.05799	0.28764	0.03201	0.00710	0.00817	0.02441	0.00859	0.00788
3	0.01629	0.01261	0.01837	0.01797	0.01959	0.01502	0.01388	0.01973	0.01731	0.02503	0.02840	0.04369	0.02723	0.12230	0.48422	0.01586	0.07516	0.01186	0.00582	0.00965
4	0.01576	0.01095	0.01384	0.01384	0.01451	0.01163	0.00903	0.01711	0.01643	0.02258	0.03258	0.06150	0.03536	0.43190	0.23455	0.01297	0.01701	0.01441	0.00634	0.00769
5	0.02614	0.02695	0.10870	0.02800	0.06495	0.02488	0.05871	0.04020	0.18696	0.08230	0.03073	0.03531	0.02440	0.05642	0.05680	0.00517	0.10940	0.01116	0.00787	0.01495
6	0.02541	0.02104	0.02411	0.01748	0.02702	0.01740	0.01408	0.09953	0.02687	0.04046	0.02039	0.02314	0.01651	0.00882	0.00850	0.00186	0.00866	0.00696	0.00712	0.58465
7	0.02422	0.01898	0.03062	0.36713	0.13156	0.02155	0.02609	0.03073	0.02393	0.08767	0.05729	0.03395	0.02308	0.01189	0.01075	0.00345	0.01236	0.01052	0.06094	0.01329
8	0.46256	0.08584	0.02451	0.06873	0.02780	0.02777	0.01599	0.03087	0.01896	0.04116	0.01543	0.01962	0.01266	0.01144	0.01146	0.00349	0.09677	0.00678	0.00606	0.01209
9	0.03285	0.01936	0.02299	0.01970	0.02425	0.06460	0.01562	0.03635	0.02440	0.24415	0.03270	0.03817	0.02536	0.07820	0.14290	0.00719	0.09192	0.01094	0.05468	0.01367
10	0.07978	0.24775	0.03436	0.01792	0.02503	0.02728	0.01567	0.03757	0.09509	0.13848	0.13581	0.03802	0.03775	0.01369	0.00956	0.00303	0.00916	0.01066	0.00899	0.01440
11	0.02822	0.03108	0.18617	0.02298	0.03257	0.02138	0.02288	0.10655	0.08224	0.11834	0.03272	0.11462	0.02758	0.01492	0.01081	0.00332	0.01107	0.01239	0.00865	0.11150

[dist]
# distance from previous block
# <min> <max>
0	3

[block]
# block no. 1 follows, 12 sequences, length 24
# corresponding to MSA columns:
# 15-35,37-39
name=unknown_B
#
# <colnr> <probs for GDERKNQSTAVLIFYWHMCP>
#	G	D	E	R	K	N	Q	S	T	A	V	L	I	F	Y	W	H	M	C	P
0	0.02570	0.16284	0.18042	0.02687	0.07451	0.02889	0.02479	0.04133	0.19435	0.03653	0.02707	0.02808	0.02093	0.01138	0.00971	0.00311	0.01164	0.00901	0.00704	0.07579
1	0.09340	0.36801	0.04680	0.02649	0.10425	0.03712	0.02056	0.12335	0.02771	0.03742	0.01802	0.02053	0.01512	0.01017	0.00826	0.00274	0.01161	0.00716	0.00615	0.01512
2	0.01868	0.01554	0.02221	0.02059	0.02157	0.01975	0.01623	0.02106	0.01685	0.02479	0.02370	0.03772	0.02311	0.09666	0.30907	0.06766	0.21846	0.01108	0.00544	0.00983
3	0.01692	0.01275	0.01553	0.01578	0.01828	0.01270	0.01147	0.05717	0.06170	0.03529	0.15404	0.31797	0.12915	0.03138	0.05237	0.00492	0.00819	0.02350	0.01031	0.01057
4	0.01320	0.01081	0.01165	0.01197	0.01505	0.00926	0.00877	0.01606	0.02482	0.03062	0.14554	0.18240	0.42577	0.02812	0.01305	0.00377	0.00561	0.02395	0.01031	0.00926
5	0.01558	0.01168	0.01752	0.01752	0.01947	0.01363	0.01363	0.01947	0.01752	0.02531	0.02921	0.04283	0.02726	0.08178	0.57360	0.01752	0.02921	0.01168	0.00584	0.00974
6	0.01697	0.01215	0.01672	0.01828	0.02081	0.01191	0.01551	0.02202	0.02673	0.03577	0.19486	0.11125	0.07409	0.02791	0.01444	0.00457	0.00866	0.34665	0.01059	0.01011
7	0.69383	0.02109	0.01603	0.01434	0.02109	0.02446	0.01181	0.03205	0.01856	0.04892	0.01518	0.01771	0.01181	0.01012	0.00675	0.00337	0.00843	0.00590	0.00675	0.01181
8	0.02662	0.02477	0.10075	0.24554	0.17214	0.02207	0.02819	0.03342	0.02425	0.12255	0.02715	0.07717	0.02202	0.01292	0.01107	0.00354	0.01277	0.01147	0.00689	0.01472
9	0.02915	0.62337	0.05714	0.01866	0.02799	0.04314	0.01866	0.03265	0.02215	0.02565	0.01516	0.01749	0.01399	0.00933	0.00700	0.00233	0.01166	0.00583	0.00466	0.01399
10	0.02699	0.02591	0.04426	0.06693	0.54879	0.02591	0.03346	0.03346	0.02483	0.03562	0.02051	0.02699	0.01727	0.00972	0.01079	0.00324	0.01295	0.00972	0.00540	0.01727
11	0.01705	0.01340	0.01821	0.01717	0.01846	0.01552	0.01290	0.02003	0.02017	0.02886	0.15078	0.05571	0.04611	0.18679	0.21998	0.01024	0.11757	0.01425	0.00732	0.00949
12	0.02187	0.05640	0.56031	0.03108	0.04719	0.02532	0.04029	0.03453	0.02302	0.03453	0.01957	0.02302	0.01381	0.01036	0.01036	0.00345	0.01611	0.00806	0.00460	0.01611
13	0.04073	0.05197	0.03090	0.02809	0.03371	0.57303	0.02107	0.04354	0.03090	0.02669	0.01685	0.01966	0.01404	0.01124	0.00983	0.00281	0.01966	0.00702	0.00562	0.01264
14	0.02281	0.12970	0.49526	0.02947	0.04471	0.02763	0.03749	0.03429	0.02291	0.03338	0.01900	0.02231	0.01384	0.01023	0.00992	0.00331	0.01554	0.00777	0.00461	0.01584
15	0.02615	0.43951	0.04781	0.07617	0.03162	0.03672	0.01955	0.02999	0.02111	0.02587	0.01733	0.02239	0.01579	0.01958	0.08278	0.00461	0.05782	0.00725	0.00484	0.01310
16	0.01328	0.00949	0.01265	0.01518	0.01581	0.00886	0.01012	0.01518	0.02088	0.02783	0.06010	0.60969	0.07212	0.03416	0.01392	0.00443	0.00633	0.03100	0.01012	0.00886
17	0.01294	0.01084	0.01125	0.01158	0.01487	0.00916	0.00852	0.01559	0.02434	0.02925	0.10395	0.17019	0.48331	0.02846	0.01302	0.00378	0.00563	0.02404	0.01012	0.00916
18	0.02788	0.02173	0.03585	0.29278	0.24808	0.02347	0.02906	0.03432	0.02457	0.12118	0.02385	0.02965	0.01771	0.01089	0.01087	0.00344	0.01303	0.00992	0.00653	0.01519
19	0.01921	0.01574	0.02207	0.02028	0.02089	0.01993	0.01571	0.02065	0.01646	0.02405	0.02297	0.03898	0.02322	0.13947	0.20995	0.10844	0.23602	0.01124	0.00540	0.00932
20	0.39786	0.02384	0.02267	0.01850	0.02611	0.02642	0.01526	0.19132	0.03085	0.12098	0.02236	0.02298	0.01597	0.01152	0.00865	0.00334	0.00970	0.00783	0.00898	0.01488
21	0.01376	0.00961	0.01266	0.01477	0.01558	0.00894	0.00992	0.01513	0.02059	0.02717	0.06041	0.51811	0.10482	0.03397	0.01640	0.06501	0.00654	0.02844	0.00964	0.00852
22	0.02254	0.02285	0.07296	0.01755	0.02784	0.01555	0.01548	0.02812	0.02265	0.03544	0.01940	0.02265	0.01593	0.00829	0.00829	0.00179	0.00883	0.00661	0.00629	0.62097
23	0.02019	0.02617	0.15066	0.02438	0.03014	0.02059	0.06192	0.02776	0.05287	0.03321	0.07158	0.16021	0.03875	0.01971	0.01660	0.00399	0.12392	0.04962	0.05528	0.01243

[dist]
# distance from previous block
# <min> <max>
0	1

[block]
# block no. 2 follows, 12 sequences, length 44
# corresponding to MSA columns:
# 41-84
name=unknown_C
#
# <colnr> <probs for GDERKNQSTAVLIFYWHMCP>
#	G	D	E	R	K	N	Q	S	T	A	V	L	I	F	Y	W	H	M	C	P
0	0.02915	0.62337	0.05714	0.01866	0.02799	0.04314	0.01866	0.03265	0.02215	0.02565	0.01516	0.01749	0.01399	0.00933	0.00700	0.00233	0.01166	0.00583	0.00466	0.01399
1	0.01523	0.01099	0.01439	0.01386	0.01624	0.01015	0.01027	0.02007	0.02992	0.04222	0.49744	0.13132	0.09998	0.02341	0.01296	0.00352	0.00526	0.02078	0.01183	0.01015
2	0.01894	0.00947	0.01420	0.01420	0.01420	0.00947	0.00947	0.01420	0.01420	0.01894	0.01894	0.03314	0.01894	0.03788	0.04261	0.68277	0.00947	0.00947	0.00473	0.00473
3	0.01586	0.01057	0.01189	0.01189	0.01189	0.01057	0.00661	0.01586	0.01586	0.02114	0.03436	0.07135	0.03964	0.61681	0.05550	0.01057	0.01057	0.01586	0.00661	0.00661
4	0.02385	0.02385	0.03340	0.02863	0.02863	0.03340	0.02385	0.02624	0.01670	0.02624	0.01431	0.02385	0.01431	0.01908	0.03578	0.00477	0.59685	0.00954	0.00477	0.01193
5	0.01543	0.01115	0.01457	0.01372	0.01629	0.01029	0.01029	0.02058	0.03086	0.04372	0.54304	0.08145	0.10288	0.02229	0.01286	0.00343	0.00514	0.01972	0.01200	0.01029
6	0.02915	0.62337	0.05714	0.01866	0.02799	0.04314	0.01866	0.03265	0.02215	0.02565	0.01516	0.01749	0.01399	0.00933	0.00700	0.00233	0.01166	0.00583	0.00466	0.01399
7	0.03418	0.23053	0.04317	0.03326	0.16159	0.07416	0.02290	0.15693	0.03159	0.08167	0.02166	0.02383	0.01702	0.01086	0.00948	0.00292	0.01249	0.00832	0.00721	0.01624
8	0.01410	0.01007	0.01358	0.01611	0.01710	0.00956	0.01153	0.01659	0.02168	0.02874	0.05965	0.51753	0.07034	0.03340	0.01413	0.00454	0.00703	0.11515	0.01011	0.00908
9	0.04145	0.03054	0.03272	0.02509	0.03381	0.03381	0.02072	0.51243	0.05127	0.06872	0.02618	0.02618	0.01854	0.01309	0.01091	0.00327	0.01200	0.00982	0.01091	0.01854
10	0.04145	0.03054	0.03272	0.02509	0.03381	0.03381	0.02072	0.51243	0.05127	0.06872	0.02618	0.02618	0.01854	0.01309	0.01091	0.00327	0.01200	0.00982	0.01091	0.01854
11	0.04892	0.01856	0.02530	0.01940	0.02783	0.01603	0.01603	0.05314	0.03121	0.55634	0.04302	0.03711	0.02699	0.01350	0.01096	0.00337	0.00928	0.01096	0.01350	0.01856
12	0.02385	0.02385	0.03340	0.02863	0.02863	0.03340	0.02385	0.02624	0.01670	0.02624	0.01431	0.02385	0.01431	0.01908	0.03578	0.00477	0.59685	0.00954	0.00477	0.01193
13	0.01543	0.01115	0.01457	0.01372	0.01629	0.01029	0.01029	0.02058	0.03086	0.04372	0.54304	0.08145	0.10288	0.02229	0.01286	0.00343	0.00514	0.01972	0.01200	0.01029
14	0.01558	0.01168	0.01752	0.01752	0.01947	0.01363	0.01363	0.01947	0.01752	0.02531	0.02921	0.04283	0.02726	0.08178	0.57360	0.01752	0.02921	0.01168	0.00584	0.00974
15	0.01365	0.00994	0.01296	0.01523	0.01635	0.00924	0.01064	0.01593	0.02168	0.02845	0.06499	0.51221	0.11919	0.03311	0.01392	0.00441	0.00660	0.07238	0.01011	0.00900
16	0.02059	0.01938	0.03270	0.59060	0.07510	0.02422	0.03028	0.02786	0.02180	0.02786	0.01938	0.02907	0.01453	0.01090	0.01090	0.00363	0.01453	0.00969	0.00484	0.01211
17	0.01400	0.01002	0.01338	0.01532	0.01644	0.00940	0.01075	0.01671	0.02294	0.03096	0.14335	0.47943	0.07668	0.03179	0.01383	0.00430	0.00642	0.06465	0.01044	0.00920
18	0.02487	0.02036	0.02753	0.11444	0.08381	0.01909	0.01894	0.02997	0.02279	0.07395	0.02084	0.02531	0.01667	0.01016	0.01167	0.00253	0.06608	0.00793	0.00649	0.39657
19	0.02420	0.14719	0.20005	0.07373	0.08940	0.02642	0.07606	0.03196	0.02311	0.03270	0.01901	0.02337	0.01505	0.00950	0.00953	0.00283	0.01322	0.00804	0.00523	0.16940
20	0.62557	0.02467	0.07131	0.01604	0.02374	0.02455	0.01470	0.03230	0.01901	0.04746	0.01563	0.01825	0.01201	0.01015	0.00711	0.00338	0.00921	0.00612	0.00653	0.01225
21	0.02533	0.02960	0.16756	0.03246	0.11106	0.02129	0.10950	0.03517	0.06492	0.09059	0.10516	0.03802	0.03245	0.01275	0.01110	0.00338	0.01207	0.01173	0.07092	0.01493
22	0.03466	0.08417	0.03087	0.02303	0.03046	0.07109	0.01871	0.20224	0.25013	0.08864	0.03351	0.03191	0.02473	0.01336	0.01054	0.00334	0.01089	0.01039	0.01020	0.01712
23	0.01626	0.01093	0.01413	0.01510	0.01691	0.01039	0.01152	0.01739	0.02105	0.02683	0.05956	0.12635	0.17792	0.07333	0.02487	0.19248	0.00844	0.16016	0.00836	0.00802
24	0.02588	0.33536	0.17812	0.07856	0.03944	0.03502	0.06277	0.03235	0.02219	0.02881	0.01711	0.02134	0.01422	0.01046	0.01083	0.00302	0.05798	0.00756	0.00474	0.01424
25	0.09784	0.50539	0.05062	0.01883	0.02784	0.04035	0.01816	0.07856	0.02458	0.03214	0.01622	0.01835	0.01421	0.00977	0.00735	0.00253	0.01137	0.00622	0.00547	0.01421
26	0.01313	0.01091	0.01148	0.01165	0.01496	0.00926	0.00862	0.01600	0.02496	0.03044	0.14032	0.15098	0.46417	0.02781	0.01298	0.00373	0.00557	0.02351	0.01028	0.00926
27	0.02535	0.02002	0.02397	0.06218	0.03027	0.01761	0.01528	0.03488	0.11190	0.07841	0.02565	0.02744	0.01989	0.00991	0.00905	0.00228	0.00877	0.00810	0.00771	0.46134
28	0.03384	0.07647	0.16455	0.02575	0.07238	0.02222	0.02349	0.07338	0.02789	0.21989	0.02797	0.02800	0.01946	0.01113	0.00999	0.00299	0.01146	0.00888	0.00856	0.13172
29	0.02607	0.37649	0.17913	0.02631	0.08205	0.03474	0.02511	0.03218	0.02227	0.02881	0.01786	0.02175	0.01529	0.01523	0.05204	0.00388	0.01426	0.00721	0.00481	0.01451
30	0.02425	0.03323	0.20205	0.02434	0.03347	0.02491	0.02426	0.04656	0.31285	0.04174	0.08390	0.03871	0.03347	0.01403	0.01102	0.00359	0.01079	0.01161	0.00902	0.01621
31	0.01328	0.00949	0.01265	0.01518	0.01581	0.00886	0.01012	0.01518	0.02088	0.02783	0.06010	0.60969	0.07212	0.03416	0.01392	0.00443	0.00633	0.03100	0.01012	0.00886
32	0.02163	0.10247	0.41806	0.07321	0.04461	0.02534	0.03455	0.03196	0.02264	0.03252	0.02302	0.07919	0.01947	0.01259	0.01043	0.00346	0.01463	0.01018	0.00516	0.01490
33	0.02915	0.62337	0.05714	0.01866	0.02799	0.04314	0.01866	0.03265	0.02215	0.02565	0.01516	0.01749	0.01399	0.00933	0.00700	0.00233	0.01166	0.00583	0.00466	0.01399
34	0.02540	0.01165	0.01285	0.01180	0.01539	0.01120	0.00911	0.03033	0.02435	0.13219	0.03689	0.04002	0.02778	0.01284	0.00822	0.00269	0.00583	0.01031	0.55950	0.01165
35	0.03641	0.01523	0.01986	0.01643	0.02236	0.01359	0.01311	0.04074	0.02852	0.34865	0.09344	0.08591	0.03834	0.01578	0.01063	0.00327	0.00769	0.01320	0.16173	0.01510
36	0.02574	0.02941	0.06434	0.04596	0.05699	0.02757	0.50919	0.03493	0.02574	0.03493	0.02206	0.02941	0.01654	0.00919	0.01287	0.00368	0.01838	0.01287	0.00551	0.01471
37	0.01328	0.00949	0.01265	0.01518	0.01581	0.00886	0.01012	0.01518	0.02088	0.02783	0.06010	0.60969	0.07212	0.03416	0.01392	0.00443	0.00633	0.03100	0.01012	0.00886
38	0.01543	0.01115	0.01457	0.01372	0.01629	0.01029	0.01029	0.02058	0.03086	0.04372	0.54304	0.08145	0.10288	0.02229	0.01286	0.00343	0.00514	0.01972	0.01200	0.01029
39	0.02699	0.02591	0.04426	0.06693	0.54879	0.02591	0.03346	0.03346	0.02483	0.03562	0.02051	0.02699	0.01727	0.00972	0.01079	0.00324	0.01295	0.00972	0.00540	0.01727
40	0.03970	0.02267	0.07258	0.02463	0.03348	0.01848	0.10138	0.04538	0.02833	0.37658	0.03632	0.03526	0.02422	0.01906	0.06515	0.00479	0.01326	0.01113	0.01072	0.01687
41	0.04073	0.05197	0.03090	0.02809	0.03371	0.57303	0.02107	0.04354	0.03090	0.02669	0.01685	0.01966	0.01404	0.01124	0.00983	0.00281	0.01966	0.00702	0.00562	0.01264
42	0.04145	0.03054	0.03272	0.02509	0.03381	0.03381	0.02072	0.51243	0.05127	0.06872	0.02618	0.02618	0.01854	0.01309	0.01091	0.00327	0.01200	0.00982	0.01091	0.01854
43	0.01289	0.01105	0.01105	0.01105	0.01473	0.00920	0.00828	0.01565	0.02485	0.02946	0.11046	0.10493	0.54437	0.02761	0.01289	0.00368	0.00552	0.02301	0.01013	0.00920

[dist]
# distance from previous block
# <min> <max>
0	29

[block]
# block no. 3 follows, 12 sequences, length 34
# corresponding to MSA columns:
# 114-147
name=unknown_D
#
# <colnr> <probs for GDERKNQSTAVLIFYWHMCP>
#	G	D	E	R	K	N	Q	S	T	A	V	L	I	F	Y	W	H	M	C	P
0	0.02703	0.02687	0.10997	0.03280	0.04199	0.02147	0.25148	0.03464	0.02629	0.12643	0.06667	0.08393	0.03179	0.01454	0.01247	0.00374	0.01402	0.05148	0.00795	0.01445
1	0.69383	0.02109	0.01603	0.01434	0.02109	0.02446	0.01181	0.03205	0.01856	0.04892	0.01518	0.01771	0.01181	0.01012	0.00675	0.00337	0.00843	0.00590	0.00675	0.01181
2	0.03628	0.04284	0.02637	0.02418	0.02912	0.45017	0.01813	0.03958	0.02915	0.02973	0.02094	0.02424	0.01708	0.01156	0.00935	0.00275	0.01648	0.00771	0.15224	0.01210
3	0.02699	0.02591	0.04426	0.06693	0.54879	0.02591	0.03346	0.03346	0.02483	0.03562	0.02051	0.02699	0.01727	0.00972	0.01079	0.00324	0.01295	0.00972	0.00540	0.01727
4	0.01979	0.02354	0.10472	0.09928	0.03936	0.01936	0.14220	0.02799	0.05741	0.03231	0.04300	0.18237	0.08116	0.01943	0.01260	0.00394	0.01215	0.05935	0.00760	0.01244
5	0.03738	0.10002	0.10113	0.02738	0.03495	0.40762	0.02329	0.08441	0.03100	0.03145	0.01791	0.02050	0.01442	0.01113	0.00975	0.00289	0.01781	0.00731	0.00589	0.01374
6	0.03693	0.14908	0.03722	0.03140	0.09866	0.40981	0.02223	0.04033	0.02858	0.02765	0.01702	0.02022	0.01445	0.01071	0.00946	0.00278	0.01740	0.00716	0.00542	0.01347
7	0.01484	0.01086	0.01393	0.01372	0.01607	0.00995	0.01008	0.01922	0.02864	0.03976	0.42250	0.17208	0.13819	0.02477	0.01304	0.00362	0.00538	0.02191	0.01152	0.00995
8	0.18255	0.14328	0.02876	0.01842	0.02395	0.02596	0.01541	0.02936	0.05329	0.03317	0.01828	0.02349	0.01597	0.01582	0.01785	0.11056	0.10777	0.00759	0.00592	0.12261
9	0.01425	0.01110	0.01293	0.01247	0.01556	0.00978	0.00935	0.01828	0.02806	0.03707	0.34139	0.09240	0.30868	0.02477	0.01287	0.00355	0.00532	0.02125	0.01113	0.00978
10	0.01498	0.01113	0.01395	0.01325	0.01601	0.01010	0.00994	0.01971	0.02981	0.04122	0.46699	0.08558	0.18049	0.02323	0.01286	0.00347	0.00521	0.02030	0.01167	0.01010
11	0.01587	0.01149	0.01724	0.01724	0.01901	0.01327	0.01327	0.01901	0.01724	0.02476	0.02832	0.04200	0.02654	0.07798	0.52765	0.07509	0.02750	0.01149	0.00575	0.00930
12	0.02712	0.02342	0.02465	0.02219	0.02835	0.02712	0.01726	0.05794	0.52909	0.04561	0.04438	0.04068	0.03328	0.01479	0.01109	0.00370	0.00863	0.01233	0.01109	0.01726
13	0.02261	0.01938	0.02261	0.01615	0.02584	0.01453	0.01292	0.02745	0.02261	0.03553	0.01938	0.02261	0.01615	0.00807	0.00807	0.00161	0.00807	0.00646	0.00646	0.68346
14	0.02368	0.01140	0.01566	0.01450	0.01670	0.01082	0.01050	0.02340	0.02104	0.11821	0.11335	0.04291	0.03559	0.02784	0.02769	0.36469	0.00815	0.01154	0.09360	0.00874
15	0.09404	0.03467	0.14363	0.02463	0.03429	0.06975	0.02325	0.22778	0.07685	0.12438	0.02697	0.02700	0.01900	0.01229	0.01037	0.00333	0.01251	0.00925	0.00916	0.01687
16	0.04073	0.05197	0.03090	0.02809	0.03371	0.57303	0.02107	0.04354	0.03090	0.02669	0.01685	0.01966	0.01404	0.01124	0.00983	0.00281	0.01966	0.00702	0.00562	0.01264
17	0.01328	0.00949	0.01265	0.01518	0.01581	0.00886	0.01012	0.01518	0.02088	0.02783	0.06010	0.60969	0.07212	0.03416	0.01392	0.00443	0.00633	0.03100	0.01012	0.00886
18	0.02120	0.01926	0.03173	0.18392	0.26679	0.02030	0.02556	0.02649	0.02286	0.03129	0.03225	0.20458	0.03324	0.01744	0.01177	0.00370	0.01134	0.01618	0.00669	0.01341
19	0.02699	0.02591	0.04426	0.06693	0.54879	0.02591	0.03346	0.03346	0.02483	0.03562	0.02051	0.02699	0.01727	0.00972	0.01079	0.00324	0.01295	0.00972	0.00540	0.01727
20	0.02536	0.02176	0.02766	0.12715	0.10199	0.02455	0.02096	0.08527	0.26147	0.04088	0.03743	0.11401	0.03194	0.01597	0.01139	0.00369	0.01021	0.01387	0.00912	0.01531
21	0.20973	0.02344	0.02393	0.01905	0.02704	0.06333	0.01550	0.10225	0.02931	0.25051	0.02841	0.02737	0.01950	0.01165	0.00939	0.00307	0.01005	0.00859	0.00985	0.10803
22	0.18157	0.22817	0.03669	0.09798	0.03417	0.03212	0.01895	0.13649	0.02828	0.08375	0.02038	0.02260	0.01561	0.01087	0.00864	0.00303	0.01121	0.00765	0.00722	0.01459
23	0.01735	0.01230	0.01684	0.01903	0.02122	0.01230	0.01617	0.02173	0.02392	0.03116	0.05474	0.11638	0.05979	0.10525	0.02024	0.00573	0.01011	0.41655	0.00960	0.00960
24	0.02958	0.27076	0.26766	0.02413	0.03621	0.03060	0.02748	0.03715	0.02416	0.12505	0.02207	0.02340	0.01626	0.01052	0.00916	0.00300	0.01315	0.00771	0.00623	0.01573
25	0.01505	0.01113	0.01404	0.01331	0.01605	0.01012	0.00999	0.01983	0.02996	0.04157	0.47770	0.08499	0.16957	0.02309	0.01286	0.00347	0.00520	0.02022	0.01172	0.01012
26	0.69383	0.02109	0.01603	0.01434	0.02109	0.02446	0.01181	0.03205	0.01856	0.04892	0.01518	0.01771	0.01181	0.01012	0.00675	0.00337	0.00843	0.00590	0.00675	0.01181
27	0.02574	0.02941	0.06434	0.04596	0.05699	0.02757	0.50919	0.03493	0.02574	0.03493	0.02206	0.02941	0.01654	0.00919	0.01287	0.00368	0.01838	0.01287	0.00551	0.01471
28	0.01543	0.01115	0.01457	0.01372	0.01629	0.01029	0.01029	0.02058	0.03086	0.04372	0.54304	0.08145	0.10288	0.02229	0.01286	0.00343	0.00514	0.01972	0.01200	0.01029
29	0.49655	0.02242	0.02015	0.01688	0.02419	0.02502	0.01392	0.11920	0.02593	0.11738	0.02068	0.02169	0.01494	0.01108	0.00802	0.00336	0.00917	0.00724	0.00834	0.01386
30	0.01578	0.01088	0.01347	0.01347	0.01401	0.01143	0.00857	0.01687	0.01632	0.02231	0.03292	0.06339	0.03618	0.46733	0.20024	0.01251	0.01578	0.01469	0.00639	0.00748
31	0.02337	0.02231	0.03347	0.03765	0.18359	0.02720	0.02445	0.02746	0.02156	0.03205	0.10612	0.03460	0.03027	0.01680	0.02434	0.00408	0.31990	0.01133	0.00619	0.01326
32	0.02873	0.57531	0.05523	0.01946	0.02804	0.04236	0.01907	0.03214	0.02172	0.02570	0.01509	0.01800	0.01402	0.01011	0.00930	0.00253	0.05857	0.00613	0.00467	0.01383
33	0.02555	0.08607	0.19675	0.02766	0.03761	0.02240	0.13510	0.03296	0.02466	0.11127	0.03673	0.11408	0.07040	0.01525	0.01143	0.00354	0.01293	0.01385	0.00740	0.01437

[dist]
# distance from previous block
# <min> <max>
0	2

[block]
# block no. 4 follows, 12 sequences, length 9
# corresponding to MSA columns:
# 150-158
name=unknown_E
#
# <colnr> <probs for GDERKNQSTAVLIFYWHMCP>
#	G	D	E	R	K	N	Q	S	T	A	V	L	I	F	Y	W	H	M	C	P
0	0.09313	0.02652	0.03656	0.04492	0.29307	0.02775	0.02605	0.19525	0.03357	0.08367	0.02348	0.02658	0.01788	0.01114	0.01048	0.00327	0.01198	0.00949	0.00792	0.01730
1	0.02014	0.01255	0.01795	0.11030	0.02745	0.01252	0.01437	0.02329	0.02267	0.11171	0.05070	0.42352	0.05550	0.02706	0.01295	0.00413	0.00814	0.02432	0.00979	0.01093
2	0.01517	0.01114	0.01421	0.01344	0.01613	0.01018	0.01008	0.02006	0.03024	0.04224	0.49810	0.08389	0.14874	0.02284	0.01286	0.00346	0.00518	0.02006	0.01181	0.01018
3	0.01877	0.01669	0.02599	0.25335	0.13405	0.01821	0.02179	0.02363	0.02222	0.02901	0.04293	0.15540	0.11197	0.06102	0.01496	0.00422	0.01096	0.01635	0.00692	0.01155
4	0.02401	0.02287	0.03888	0.31085	0.32814	0.02512	0.03198	0.03085	0.02342	0.03201	0.01998	0.02796	0.01600	0.01027	0.01084	0.00342	0.01369	0.00970	0.00514	0.01487
5	0.02172	0.01580	0.01876	0.01711	0.02133	0.01650	0.01319	0.03499	0.19348	0.08134	0.26839	0.06271	0.09517	0.02466	0.06097	0.00476	0.00873	0.01612	0.01116	0.01311
6	0.02541	0.02476	0.04290	0.11052	0.33529	0.02420	0.10791	0.03216	0.02431	0.03468	0.02047	0.02691	0.01669	0.00949	0.01071	0.00309	0.01324	0.00971	0.00553	0.12203
7	0.01476	0.01112	0.01364	0.01301	0.01588	0.01000	0.00976	0.01928	0.02928	0.03996	0.42888	0.08765	0.21939	0.02370	0.01287	0.00350	0.00524	0.02059	0.01151	0.01000
8	0.02464	0.12464	0.16548	0.03359	0.14718	0.02435	0.06165	0.03135	0.02356	0.06135	0.02698	0.11734	0.02500	0.01371	0.01050	0.00323	0.01223	0.01209	0.00639	0.07475

[dist]
# distance from previous block
# <min> <max>
0	1

[block]
# block no. 5 follows, 12 sequences, length 15
# corresponding to MSA columns:
# 160-174
name=unknown_F
#
# <colnr> <probs for GDERKNQSTAVLIFYWHMCP>
#	G	D	E	R	K	N	Q	S	T	A	V	L	I	F	Y	W	H	M	C	P
0	0.07713	0.02238	0.03144	0.30490	0.12171	0.02606	0.02575	0.08720	0.12223	0.03837	0.02473	0.02982	0.01872	0.01166	0.01060	0.00353	0.01244	0.00992	0.00692	0.01447
1	0.02260	0.02143	0.03633	0.42616	0.22384	0.02475	0.03128	0.02962	0.02275	0.03030	0.01973	0.02842	0.01539	0.01053	0.01087	0.00351	0.01404	0.00970	0.00502	0.01373
2	0.02671	0.06651	0.02836	0.02409	0.06012	0.12437	0.04905	0.11582	0.03146	0.03913	0.13648	0.09761	0.11985	0.01783	0.01150	0.00334	0.01111	0.01497	0.00879	0.01294
3	0.04073	0.05197	0.03090	0.02809	0.03371	0.57303	0.02107	0.04354	0.03090	0.02669	0.01685	0.01966	0.01404	0.01124	0.00983	0.00281	0.01966	0.00702	0.00562	0.01264
4	0.02627	0.16637	0.40111	0.02731	0.04123	0.02790	0.03331	0.03617	0.02373	0.08928	0.02122	0.02343	0.01528	0.01049	0.00975	0.00322	0.01448	0.00792	0.00558	0.01595
5	0.01317	0.01106	0.01143	0.01134	0.01490	0.00932	0.00851	0.01619	0.02552	0.03103	0.15817	0.10234	0.49567	0.02703	0.01288	0.00365	0.00548	0.02265	0.01033	0.00932
6	0.01463	0.01111	0.01347	0.01288	0.01580	0.00995	0.00966	0.01903	0.02898	0.03924	0.40720	0.08882	0.24151	0.02396	0.01287	0.00351	0.00526	0.02075	0.01141	0.00995
7	0.03903	0.04874	0.03255	0.03289	0.09743	0.50535	0.02260	0.04229	0.03015	0.02779	0.01731	0.02057	0.01444	0.01105	0.00995	0.00286	0.01883	0.00736	0.00559	0.01321
8	0.02059	0.01938	0.03270	0.59060	0.07510	0.02422	0.03028	0.02786	0.02180	0.02786	0.01938	0.02907	0.01453	0.01090	0.01090	0.00363	0.01453	0.00969	0.00484	0.01211
9	0.01328	0.00949	0.01265	0.01518	0.01581	0.00886	0.01012	0.01518	0.02088	0.02783	0.06010	0.60969	0.07212	0.03416	0.01392	0.00443	0.00633	0.03100	0.01012	0.00886
10	0.03279	0.04993	0.19598	0.02833	0.03697	0.35225	0.02680	0.03889	0.02792	0.02967	0.02126	0.02971	0.01821	0.01260	0.01045	0.00320	0.01771	0.04812	0.00568	0.01350
11	0.02836	0.02409	0.04040	0.14362	0.41831	0.02457	0.03108	0.03472	0.02505	0.09083	0.02277	0.02841	0.01790	0.01031	0.01083	0.00331	0.01280	0.00985	0.00619	0.01660
12	0.02712	0.02342	0.02465	0.02219	0.02835	0.02712	0.01726	0.05794	0.52909	0.04561	0.04438	0.04068	0.03328	0.01479	0.01109	0.00370	0.00863	0.01233	0.01109	0.01726
13	0.02431	0.02359	0.04135	0.27515	0.31644	0.02538	0.07317	0.03134	0.02369	0.03245	0.02019	0.02803	0.01611	0.01015	0.01102	0.00343	0.01406	0.00998	0.00519	0.01498
14	0.02402	0.10452	0.15361	0.13075	0.08997	0.02703	0.11918	0.03547	0.09558	0.03464	0.05912	0.03148	0.02367	0.01150	0.01083	0.00340	0.01363	0.01053	0.00632	0.01475

[dist]
# distance from previous block
# <min> <max>
0	1

[block]
# block no. 6 follows, 12 sequences, length 78
# corresponding to MSA columns:
# 176-253
name=unknown_G
#
# <colnr> <probs for GDERKNQSTAVLIFYWHMCP>
#	G	D	E	R	K	N	Q	S	T	A	V	L	I	F	Y	W	H	M	C	P
0	0.02244	0.05301	0.50288	0.03507	0.10302	0.02539	0.03953	0.03441	0.02322	0.03465	0.01967	0.02346	0.01420	0.01029	0.01041	0.00343	0.01576	0.00824	0.00469	0.01624
1	0.02366	0.02905	0.16985	0.31309	0.05637	0.02333	0.02951	0.06581	0.02482	0.06698	0.02507	0.07917	0.02054	0.01315	0.01103	0.00361	0.01370	0.01124	0.00626	0.01377
2	0.02334	0.02295	0.02276	0.02102	0.02325	0.12974	0.01593	0.02823	0.06493	0.02664	0.02624	0.04054	0.02531	0.16795	0.18851	0.00926	0.13513	0.01131	0.00622	0.01073
3	0.02190	0.01856	0.02181	0.01591	0.02489	0.01411	0.01266	0.02677	0.02343	0.03634	0.07127	0.02844	0.02474	0.00948	0.00855	0.00179	0.00778	0.00777	0.00701	0.61676
4	0.02915	0.62337	0.05714	0.01866	0.02799	0.04314	0.01866	0.03265	0.02215	0.02565	0.01516	0.01749	0.01399	0.00933	0.00700	0.00233	0.01166	0.00583	0.00466	0.01399
5	0.01351	0.00958	0.01258	0.01489	0.01547	0.00901	0.00981	0.01524	0.02043	0.02724	0.05782	0.56205	0.06924	0.08573	0.01760	0.00497	0.00670	0.02966	0.00981	0.00866
6	0.03274	0.03246	0.19936	0.07820	0.04264	0.02258	0.10229	0.04052	0.02603	0.23122	0.02848	0.02995	0.01933	0.01198	0.01268	0.00356	0.05148	0.01015	0.00815	0.01619
7	0.04335	0.02293	0.02931	0.02311	0.03106	0.07893	0.06669	0.04798	0.03017	0.40599	0.03906	0.04071	0.02712	0.01403	0.01133	0.00346	0.01141	0.04490	0.01156	0.01688
8	0.02187	0.05640	0.56031	0.03108	0.04719	0.02532	0.04029	0.03453	0.02302	0.03453	0.01957	0.02302	0.01381	0.01036	0.01036	0.00345	0.01611	0.00806	0.00460	0.01611
9	0.02438	0.02367	0.04152	0.26962	0.32024	0.02540	0.07432	0.03140	0.02373	0.03253	0.02021	0.02801	0.01614	0.01013	0.01102	0.00343	0.01405	0.00998	0.00519	0.01503
10	0.02652	0.08256	0.31270	0.08839	0.04182	0.02334	0.02980	0.03510	0.02357	0.12567	0.02494	0.03072	0.01890	0.07238	0.01486	0.00410	0.01382	0.00939	0.00644	0.01499
11	0.03861	0.02889	0.16023	0.02279	0.03280	0.02015	0.02235	0.04921	0.10874	0.34298	0.03732	0.03413	0.02467	0.01291	0.01083	0.00345	0.01090	0.01045	0.01087	0.01773
12	0.01648	0.01208	0.01751	0.07960	0.02331	0.01369	0.01336	0.01906	0.01731	0.02402	0.02859	0.04778	0.02832	0.20658	0.33612	0.06799	0.02123	0.01234	0.00584	0.00880
13	0.02374	0.24900	0.29625	0.02494	0.03649	0.02955	0.02903	0.03196	0.02305	0.03110	0.02413	0.03708	0.02171	0.01316	0.00993	0.00331	0.01357	0.08210	0.00550	0.01439
14	0.02736	0.02814	0.12575	0.22495	0.13387	0.02456	0.02842	0.10929	0.02868	0.08459	0.05843	0.03147	0.02262	0.01196	0.01093	0.00344	0.01304	0.01022	0.00712	0.01515
15	0.06822	0.03975	0.30281	0.09281	0.04646	0.02460	0.10839	0.06304	0.02466	0.03645	0.02366	0.07635	0.01965	0.01249	0.01093	0.00358	0.01465	0.01100	0.00582	0.01467
16	0.02048	0.01948	0.07932	0.02175	0.02760	0.01519	0.10344	0.02649	0.02762	0.08376	0.26639	0.12276	0.10067	0.01966	0.01256	0.00360	0.00916	0.01803	0.00987	0.01217
17	0.02359	0.02004	0.03339	0.48614	0.12400	0.02375	0.02948	0.03053	0.02290	0.07145	0.02142	0.02949	0.01585	0.01098	0.01089	0.00357	0.01393	0.00980	0.00561	0.01321
18	0.21533	0.02799	0.13970	0.08726	0.03821	0.02222	0.08837	0.03479	0.02327	0.12956	0.02624	0.07533	0.02098	0.01277	0.01016	0.00355	0.01205	0.01075	0.00740	0.01408
19	0.03018	0.03035	0.14863	0.09317	0.24305	0.02355	0.07104	0.03774	0.02570	0.15187	0.02541	0.02883	0.01843	0.01076	0.01093	0.00339	0.01339	0.00991	0.00702	0.01665
20	0.02993	0.02704	0.09096	0.09914	0.36398	0.02391	0.03069	0.03668	0.02555	0.12974	0.02442	0.02862	0.01847	0.01057	0.01079	0.00332	0.01273	0.00978	0.00675	0.01695
21	0.02608	0.02620	0.03875	0.25134	0.32620	0.08076	0.03106	0.03247	0.02435	0.03192	0.01973	0.02699	0.01596	0.01030	0.01074	0.00334	0.01420	0.00943	0.00522	0.01495
22	0.09262	0.02890	0.16719	0.09951	0.03880	0.02031	0.02402	0.04299	0.02669	0.30347	0.03124	0.03064	0.02052	0.01203	0.01044	0.00343	0.01173	0.00959	0.00940	0.01646
23	0.03157	0.03567	0.25944	0.08210	0.04102	0.02281	0.02885	0.03955	0.02510	0.21821	0.02729	0.02872	0.01862	0.01250	0.01346	0.00359	0.07816	0.00942	0.00780	0.01612
24	0.02281	0.02357	0.15172	0.01944	0.02576	0.01557	0.01863	0.02795	0.02204	0.12422	0.04021	0.10342	0.07440	0.13826	0.13522	0.00773	0.01470	0.01427	0.00785	0.01223
25	0.02432	0.02933	0.15017	0.28733	0.05887	0.02503	0.11890	0.03251	0.02320	0.07319	0.02148	0.02814	0.01574	0.01123	0.01283	0.00366	0.05446	0.01002	0.00561	0.01395
26	0.02808	0.03026	0.19305	0.02913	0.09155	0.01960	0.06750	0.03565	0.02702	0.17044	0.12050	0.04288	0.06740	0.01414	0.01137	0.00344	0.01165	0.01236	0.00868	0.01531
27	0.03061	0.03312	0.18490	0.09146	0.09144	0.02426	0.14402	0.07035	0.02748	0.15531	0.02602	0.02894	0.01817	0.01098	0.01123	0.00348	0.01438	0.01030	0.00737	0.01619
28	0.02175	0.03787	0.28935	0.27505	0.10176	0.02490	0.03540	0.03157	0.02265	0.03175	0.01957	0.02596	0.01442	0.01054	0.01063	0.00351	0.01517	0.00890	0.00478	0.01449
29	0.03461	0.02393	0.03365	0.11849	0.13752	0.05948	0.06520	0.08601	0.02890	0.20599	0.02915	0.03351	0.02152	0.05621	0.01429	0.00390	0.01266	0.01068	0.00862	0.01570
30	0.02883	0.02797	0.12514	0.16741	0.13427	0.02375	0.02701	0.11310	0.02966	0.11262	0.07712	0.03359	0.02625	0.01248	0.01100	0.00342	0.01243	0.01062	0.00784	0.01551
31	0.02330	0.03555	0.27062	0.24449	0.05403	0.02300	0.03214	0.03260	0.02384	0.07868	0.05905	0.03078	0.02163	0.01170	0.01080	0.00351	0.01412	0.00978	0.00601	0.01437
32	0.02654	0.02189	0.03595	0.05131	0.38586	0.02149	0.02688	0.03208	0.02539	0.08796	0.06652	0.10957	0.03186	0.01428	0.01138	0.00342	0.01112	0.01341	0.00733	0.01577
33	0.02856	0.03878	0.32700	0.02487	0.03672	0.02038	0.02869	0.03771	0.02593	0.17793	0.07331	0.03328	0.02628	0.01243	0.01055	0.00336	0.01249	0.01003	0.05585	0.01584
34	0.03003	0.03914	0.32777	0.02561	0.03763	0.02059	0.02921	0.03881	0.02554	0.20774	0.03140	0.08585	0.02398	0.01376	0.01091	0.00352	0.01287	0.01130	0.00811	0.01621
35	0.02501	0.03766	0.24319	0.05311	0.35543	0.02568	0.03609	0.03387	0.02413	0.03520	0.02015	0.02546	0.01594	0.00996	0.01063	0.00332	0.01417	0.00908	0.00509	0.01683
36	0.02267	0.09327	0.32010	0.18695	0.10285	0.02665	0.03496	0.03243	0.02279	0.03203	0.01922	0.02458	0.01437	0.01035	0.01025	0.00338	0.01497	0.00847	0.00475	0.01494
37	0.02998	0.03669	0.24894	0.02998	0.04156	0.02352	0.12963	0.08581	0.02809	0.15134	0.02861	0.06736	0.02167	0.01268	0.01131	0.00353	0.01402	0.01143	0.00774	0.01611
38	0.02586	0.02480	0.04138	0.22704	0.05413	0.07163	0.20301	0.03259	0.02476	0.07519	0.02668	0.09367	0.02270	0.01311	0.01187	0.00364	0.01505	0.01311	0.00648	0.01330
39	0.02501	0.02419	0.07315	0.15021	0.25658	0.02251	0.07564	0.03174	0.02494	0.07249	0.06904	0.07205	0.02812	0.01293	0.01139	0.00348	0.01263	0.01229	0.00673	0.01489
40	0.02630	0.02474	0.11766	0.27779	0.08800	0.02112	0.02699	0.03319	0.02406	0.13876	0.02891	0.09419	0.02359	0.01385	0.01115	0.00361	0.01268	0.01205	0.00722	0.01412
41	0.02696	0.22180	0.17600	0.02688	0.03667	0.02955	0.10640	0.03358	0.02339	0.08348	0.02417	0.07575	0.02086	0.01288	0.01191	0.00331	0.05511	0.01059	0.00618	0.01451
42	0.02573	0.02583	0.11738	0.16325	0.14646	0.02123	0.06541	0.03287	0.02556	0.11342	0.08765	0.03970	0.06130	0.01319	0.01131	0.00347	0.01235	0.01187	0.00743	0.01459
43	0.02696	0.27304	0.24697	0.02376	0.03490	0.03006	0.02676	0.03430	0.02372	0.08250	0.02439	0.03335	0.02064	0.01246	0.00961	0.00317	0.01299	0.05947	0.00611	0.01484
44	0.02846	0.01447	0.02033	0.07464	0.02744	0.01375	0.01563	0.03230	0.02565	0.23236	0.04909	0.25080	0.04746	0.02322	0.01267	0.00404	0.00889	0.09479	0.01089	0.01311
45	0.02085	0.01920	0.03192	0.35568	0.18195	0.02184	0.02740	0.02694	0.02238	0.02978	0.02708	0.13435	0.02571	0.01484	0.01142	0.00368	0.01265	0.01358	0.00594	0.01280
46	0.09436	0.26252	0.04083	0.02161	0.03040	0.03665	0.01912	0.28149	0.03694	0.05005	0.02088	0.02202	0.01616	0.01135	0.00900	0.00291	0.01155	0.00790	0.00809	0.01616
47	0.01558	0.01168	0.01752	0.01752	0.01947	0.01363	0.01363	0.01947	0.01752	0.02531	0.02921	0.04283	0.02726	0.08178	0.57360	0.01752	0.02921	0.01168	0.00584	0.00974
48	0.02701	0.19304	0.10522	0.04971	0.35023	0.03057	0.03016	0.03336	0.02389	0.03277	0.01894	0.02394	0.01599	0.00968	0.00971	0.00301	0.01295	0.00847	0.00511	0.01624
49	0.02540	0.02205	0.03240	0.18858	0.04185	0.02905	0.02492	0.02937	0.01960	0.07923	0.01861	0.02666	0.01563	0.01619	0.02620	0.00431	0.37193	0.00973	0.00566	0.01264
50	0.01350	0.01082	0.01213	0.01276	0.01562	0.00945	0.00947	0.01644	0.02453	0.03054	0.13288	0.21150	0.37398	0.02872	0.01325	0.00391	0.00597	0.05497	0.01028	0.00928
51	0.02015	0.01694	0.01905	0.02097	0.02383	0.07493	0.01796	0.02492	0.02575	0.03197	0.05318	0.11149	0.05733	0.02802	0.01448	0.00477	0.01111	0.42327	0.00955	0.01033
52	0.02425	0.16812	0.03679	0.08011	0.20228	0.06233	0.02215	0.02886	0.02435	0.03104	0.06677	0.09431	0.08570	0.01505	0.01049	0.00320	0.01123	0.01283	0.00661	0.01356
53	0.07063	0.22230	0.27960	0.02699	0.03914	0.03108	0.07756	0.03555	0.05998	0.03365	0.02000	0.02291	0.01544	0.01024	0.00939	0.00315	0.01391	0.00803	0.00534	0.01511
54	0.02364	0.19421	0.43801	0.02806	0.04252	0.02965	0.03503	0.03407	0.02281	0.03237	0.01850	0.02168	0.01386	0.01011	0.00954	0.00318	0.01503	0.00752	0.00462	0.01560
55	0.03355	0.02986	0.03181	0.03666	0.19085	0.17171	0.02262	0.08518	0.02927	0.11554	0.02769	0.07918	0.02359	0.01838	0.05115	0.00427	0.01469	0.01121	0.00772	0.01505
56	0.01862	0.01404	0.02054	0.02529	0.08115	0.01404	0.01934	0.02380	0.02507	0.03296	0.05359	0.11231	0.05769	0.02785	0.01459	0.00482	0.01036	0.42357	0.00952	0.01084
57	0.01821	0.01477	0.02159	0.02678	0.14043	0.01416	0.01659	0.02343	0.02805	0.03889	0.30953	0.07727	0.11599	0.02105	0.01272	0.00365	0.00773	0.08738	0.01001	0.01177
58	0.03363	0.02666	0.02832	0.02351	0.03083	0.03016	0.01883	0.26450	0.31193	0.05611	0.03611	0.03409	0.02658	0.01402	0.01101	0.00350	0.01016	0.01119	0.01101	0.01784
59	0.10773	0.04219	0.02927	0.02544	0.03197	0.37322	0.01966	0.12939	0.03342	0.07949	0.02051	0.02207	0.01569	0.01165	0.00981	0.00300	0.01628	0.00774	0.00734	0.01412
60	0.08506	0.02412	0.03838	0.05366	0.40733	0.02392	0.02841	0.03708	0.02553	0.13544	0.02435	0.02816	0.01867	0.01046	0.01050	0.00327	0.01189	0.00964	0.00704	0.01707
61	0.02454	0.23078	0.35285	0.02871	0.04218	0.03112	0.08106	0.03398	0.02303	0.03180	0.01844	0.02194	0.01415	0.00992	0.00956	0.00313	0.01495	0.00785	0.00472	0.01531
62	0.01707	0.01402	0.01590	0.01757	0.01965	0.05192	0.01362	0.02055	0.02432	0.03101	0.10042	0.30372	0.09908	0.02950	0.01389	0.00440	0.00855	0.19516	0.00992	0.00973
63	0.09330	0.02246	0.02994	0.07875	0.12275	0.02263	0.02088	0.13588	0.03218	0.28296	0.03148	0.03094	0.02133	0.01226	0.01058	0.00335	0.01084	0.01000	0.01028	0.01722
64	0.03370	0.07092	0.09118	0.03616	0.10897	0.02558	0.18795	0.08191	0.02891	0.18370	0.02739	0.02955	0.01933	0.01093	0.01124	0.00338	0.01386	0.01072	0.00808	0.01654
65	0.02700	0.02566	0.04231	0.06249	0.49722	0.02603	0.03186	0.03589	0.07479	0.03661	0.02287	0.02834	0.01886	0.01022	0.01082	0.00328	0.01252	0.00997	0.00596	0.01727
66	0.01558	0.01168	0.01752	0.01752	0.01947	0.01363	0.01363	0.01947	0.01752	0.02531	0.02921	0.04283	0.02726	0.08178	0.57360	0.01752	0.02921	0.01168	0.00584	0.00974
67	0.03322	0.03684	0.25569	0.02699	0.03869	0.02329	0.06214	0.08332	0.07299	0.21114	0.03026	0.02997	0.02049	0.01194	0.01085	0.00345	0.01300	0.00989	0.00872	0.01713
68	0.04004	0.03421	0.03164	0.02543	0.03331	0.14131	0.02049	0.37832	0.08936	0.05825	0.02592	0.02615	0.01894	0.01287	0.01071	0.00322	0.01324	0.00948	0.00986	0.01725
69	0.02180	0.01317	0.01739	0.01541	0.01928	0.01225	0.01177	0.02610	0.02657	0.12465	0.27840	0.06108	0.06368	0.08046	0.11459	0.00635	0.01081	0.01532	0.01022	0.07070
70	0.02387	0.04997	0.43854	0.03324	0.04798	0.02629	0.12012	0.06714	0.02541	0.03693	0.02045	0.02434	0.01461	0.01034	0.01083	0.00348	0.01623	0.00901	0.00519	0.01604
71	0.02827	0.38119	0.22610	0.02295	0.03452	0.03488	0.02582	0.03495	0.02318	0.07158	0.01891	0.02096	0.01498	0.01002	0.00846	0.00280	0.01299	0.00700	0.00536	0.01508
72	0.02648	0.01400	0.02000	0.01853	0.02262	0.01422	0.01502	0.03066	0.02308	0.19503	0.03816	0.05385	0.03286	0.05183	0.30559	0.01103	0.01981	0.08570	0.00894	0.01258
73	0.02187	0.05640	0.56031	0.03108	0.04719	0.02532	0.04029	0.03453	0.02302	0.03453	0.01957	0.02302	0.01381	0.01036	0.01036	0.00345	0.01611	0.00806	0.00460	0.01611
74	0.02644	0.41195	0.24477	0.02329	0.03515	0.03650	0.02672	0.03335	0.02248	0.02896	0.01680	0.01955	0.01393	0.00971	0.00825	0.00275	0.01332	0.00666	0.00464	0.01478
75	0.03147	0.50883	0.05188	0.02055	0.02913	0.14936	0.01914	0.03483	0.02391	0.02586	0.01550	0.01793	0.01400	0.00971	0.00756	0.00243	0.01326	0.00607	0.00486	0.01372
76	0.01586	0.01057	0.01189	0.01189	0.01189	0.01057	0.00661	0.01586	0.01586	0.02114	0.03436	0.07135	0.03964	0.61681	0.05550	0.01057	0.01057	0.01586	0.00661	0.00661
77	0.01714	0.01224	0.01707	0.01958	0.02190	0.01218	0.01682	0.02184	0.02467	0.03214	0.05797	0.17233	0.06370	0.03053	0.01494	0.00496	0.00966	0.43035	0.01005	0.00992

[dist]
# distance from previous block
# <min> <max>
0	0

# created by:
# /st0/software/busco_prod/Augustus/scripts/msa2prfl.pl ./align_prep/8438.fa
