[name]
unknown

[dist]
# distance from previous block
# <min> <max>
0	24

[block]
# block no. 0 follows, 16 sequences, length 103
# corresponding to MSA columns:
# 27-129
name=unknown_A
#
# <colnr> <probs for GDERKNQSTAVLIFYWHMCP>
#	G	D	E	R	K	N	Q	S	T	A	V	L	I	F	Y	W	H	M	C	P
0	0.01540	0.01100	0.01537	0.01760	0.01973	0.01097	0.01524	0.01970	0.02209	0.02876	0.05144	0.14077	0.05626	0.02698	0.01333	0.00443	0.00873	0.50442	0.00893	0.00886
1	0.02591	0.66522	0.05079	0.01658	0.02488	0.03835	0.01658	0.02902	0.01969	0.02280	0.01347	0.01555	0.01244	0.00829	0.00622	0.00207	0.01036	0.00518	0.00415	0.01244
2	0.01191	0.00914	0.01092	0.01194	0.01375	0.00815	0.00840	0.01425	0.02100	0.02706	0.13805	0.36875	0.26817	0.02684	0.01191	0.00357	0.00522	0.02361	0.00921	0.00815
3	0.03001	0.03564	0.02390	0.02282	0.02699	0.43698	0.01779	0.03309	0.02591	0.02531	0.02592	0.04514	0.02552	0.01504	0.01014	0.00309	0.01490	0.16508	0.00618	0.01054
4	0.02775	0.02112	0.02285	0.01977	0.02574	0.02377	0.01560	0.11378	0.45628	0.10415	0.03735	0.03425	0.02738	0.01284	0.00983	0.00321	0.00810	0.01055	0.01007	0.01560
5	0.04348	0.01649	0.02249	0.01724	0.02474	0.01425	0.01425	0.04723	0.02774	0.60564	0.03824	0.03299	0.02399	0.01200	0.00975	0.00300	0.00825	0.00975	0.01200	0.01649
6	0.01260	0.00923	0.01183	0.01253	0.01414	0.00846	0.00888	0.01563	0.02280	0.03104	0.29328	0.33938	0.13404	0.02514	0.01186	0.00348	0.00509	0.02242	0.00972	0.00846
7	0.02471	0.02516	0.05332	0.03973	0.07544	0.02355	0.48999	0.03238	0.02326	0.08066	0.02115	0.02663	0.01554	0.00852	0.01120	0.00323	0.01540	0.01115	0.00551	0.01348
8	0.01747	0.01202	0.01723	0.01680	0.02007	0.01135	0.04416	0.02185	0.02393	0.08072	0.17576	0.08768	0.12821	0.02260	0.01228	0.00380	0.00780	0.27715	0.00936	0.00977
9	0.01372	0.00991	0.01296	0.01219	0.01448	0.00914	0.00914	0.01829	0.02743	0.03887	0.59381	0.07240	0.09145	0.01981	0.01143	0.00305	0.00457	0.01753	0.01067	0.00914
10	0.01222	0.00873	0.01172	0.01397	0.01472	0.00823	0.00972	0.01422	0.01897	0.02521	0.05319	0.59361	0.06319	0.02997	0.01248	0.00399	0.00598	0.08289	0.00899	0.00799
11	0.02399	0.02303	0.03934	0.05949	0.59893	0.02303	0.02974	0.02974	0.02207	0.03166	0.01823	0.02399	0.01535	0.00864	0.00960	0.00288	0.01151	0.00864	0.00480	0.01535
12	0.02399	0.02303	0.03934	0.05949	0.59893	0.02303	0.02974	0.02974	0.02207	0.03166	0.01823	0.02399	0.01535	0.00864	0.00960	0.00288	0.01151	0.00864	0.00480	0.01535
13	0.04264	0.01784	0.02333	0.01788	0.02541	0.01625	0.01477	0.11302	0.03000	0.53667	0.03634	0.03176	0.02304	0.01195	0.00974	0.00299	0.00855	0.00962	0.01170	0.01649
14	0.05577	0.00907	0.01143	0.01345	0.01435	0.00872	0.00909	0.01442	0.01843	0.02589	0.05097	0.61393	0.06081	0.02905	0.01198	0.00388	0.00574	0.02618	0.00881	0.00803
15	0.04348	0.01649	0.02249	0.01724	0.02474	0.01425	0.01425	0.04723	0.02774	0.60564	0.03824	0.03299	0.02399	0.01200	0.00975	0.00300	0.00825	0.00975	0.01200	0.01649
16	0.02051	0.02496	0.13188	0.02386	0.02672	0.02590	0.02210	0.02457	0.01652	0.02620	0.01584	0.02287	0.01410	0.01488	0.02471	0.00379	0.45155	0.00831	0.08964	0.01109
17	0.02591	0.66522	0.05079	0.01658	0.02488	0.03835	0.01658	0.02902	0.01969	0.02280	0.01347	0.01555	0.01244	0.00829	0.00622	0.00207	0.01036	0.00518	0.00415	0.01244
18	0.72785	0.01874	0.01425	0.01275	0.01874	0.02174	0.01050	0.02849	0.01649	0.04348	0.01350	0.01574	0.01050	0.00900	0.00600	0.00300	0.00750	0.00525	0.00600	0.01050
19	0.01181	0.00843	0.01125	0.01350	0.01406	0.00787	0.00900	0.01350	0.01856	0.02474	0.05342	0.65306	0.06410	0.03036	0.01237	0.00394	0.00562	0.02755	0.00900	0.00787
20	0.02984	0.01864	0.02320	0.01905	0.02322	0.02124	0.01565	0.14856	0.02617	0.18812	0.02585	0.02799	0.01914	0.01326	0.01574	0.00319	0.19871	0.00899	0.16035	0.01311
21	0.01830	0.01723	0.02907	0.63609	0.06675	0.02153	0.02692	0.02476	0.01938	0.02476	0.01723	0.02584	0.01292	0.00969	0.00969	0.00323	0.01292	0.00861	0.00431	0.01077
22	0.72785	0.01874	0.01425	0.01275	0.01874	0.02174	0.01050	0.02849	0.01649	0.04348	0.01350	0.01574	0.01050	0.00900	0.00600	0.00300	0.00750	0.00525	0.00600	0.01050
23	0.01181	0.00843	0.01125	0.01350	0.01406	0.00787	0.00900	0.01350	0.01856	0.02474	0.05342	0.65306	0.06410	0.03036	0.01237	0.00394	0.00562	0.02755	0.00900	0.00787
24	0.02033	0.02001	0.02950	0.20933	0.03788	0.02723	0.02292	0.02376	0.01621	0.02376	0.01408	0.02260	0.01278	0.01477	0.02515	0.00394	0.45231	0.00852	0.00426	0.01065
25	0.01944	0.05013	0.60917	0.02762	0.04195	0.02251	0.03581	0.03069	0.02046	0.03069	0.01739	0.02046	0.01228	0.00921	0.00921	0.00307	0.01432	0.00716	0.00409	0.01432
26	0.04143	0.01795	0.02317	0.01797	0.02535	0.01665	0.01478	0.10431	0.06757	0.50743	0.03668	0.03214	0.02355	0.01204	0.00975	0.00301	0.00847	0.00972	0.01160	0.01641
27	0.02910	0.01227	0.01487	0.01260	0.01713	0.01130	0.01002	0.03328	0.02354	0.28329	0.03449	0.03477	0.02447	0.01160	0.00806	0.00258	0.00614	0.00934	0.40889	0.01227
28	0.02002	0.01897	0.03216	0.46245	0.22701	0.02198	0.02777	0.02626	0.02019	0.02684	0.01753	0.02528	0.01365	0.00937	0.00966	0.00312	0.01250	0.00862	0.00445	0.01215
29	0.04100	0.01867	0.02362	0.01831	0.02571	0.01771	0.01506	0.13933	0.06830	0.47121	0.03567	0.03148	0.02304	0.01201	0.00975	0.00300	0.00864	0.00965	0.01145	0.01641
30	0.01167	0.00973	0.01019	0.01027	0.01328	0.00824	0.00763	0.01426	0.02231	0.02718	0.13789	0.12977	0.51522	0.02454	0.01152	0.00330	0.00493	0.02069	0.00914	0.00824
31	0.01988	0.09222	0.57096	0.02687	0.04078	0.02359	0.03449	0.03058	0.02041	0.03015	0.01712	0.02013	0.01229	0.00915	0.00900	0.00300	0.01405	0.00703	0.00410	0.01419
32	0.02603	0.02241	0.03296	0.23334	0.25682	0.02466	0.02543	0.18982	0.02828	0.03831	0.01943	0.02437	0.01491	0.00988	0.00966	0.00300	0.01171	0.00866	0.00611	0.01422
33	0.51417	0.01829	0.01871	0.20046	0.03320	0.02168	0.01544	0.02737	0.01736	0.03785	0.01462	0.01878	0.01123	0.00921	0.00711	0.00307	0.00913	0.00626	0.00549	0.01058
34	0.02279	0.02817	0.12005	0.04483	0.21468	0.02382	0.33766	0.03061	0.02233	0.03119	0.01892	0.02479	0.01460	0.00844	0.01061	0.00313	0.01464	0.01007	0.00477	0.01391
35	0.04348	0.01649	0.02249	0.01724	0.02474	0.01425	0.01425	0.04723	0.02774	0.60564	0.03824	0.03299	0.02399	0.01200	0.00975	0.00300	0.00825	0.00975	0.01200	0.01649
36	0.01954	0.02081	0.04335	0.03261	0.03963	0.01950	0.39667	0.02576	0.02157	0.02915	0.02979	0.21493	0.02958	0.01485	0.01172	0.00347	0.01311	0.01629	0.00614	0.01151
37	0.01209	0.00884	0.01145	0.01343	0.01446	0.00819	0.00937	0.01411	0.01931	0.02528	0.05863	0.53869	0.12735	0.02935	0.01235	0.00390	0.00582	0.07038	0.00899	0.00800
38	0.02449	0.01092	0.01243	0.01111	0.01469	0.01035	0.00866	0.02881	0.02220	0.17994	0.03329	0.03534	0.02463	0.01147	0.00753	0.00245	0.00546	0.00921	0.53613	0.01092
39	0.01247	0.00986	0.01123	0.01089	0.01372	0.00862	0.00817	0.01588	0.02450	0.03189	0.32126	0.08388	0.36836	0.02242	0.01144	0.00317	0.00476	0.01914	0.00975	0.00862
40	0.01181	0.00843	0.01125	0.01350	0.01406	0.00787	0.00900	0.01350	0.01856	0.02474	0.05342	0.65306	0.06410	0.03036	0.01237	0.00394	0.00562	0.02755	0.00900	0.00787
41	0.04348	0.01649	0.02249	0.01724	0.02474	0.01425	0.01425	0.04723	0.02774	0.60564	0.03824	0.03299	0.02399	0.01200	0.00975	0.00300	0.00825	0.00975	0.01200	0.01649
42	0.02155	0.14515	0.35013	0.02977	0.04173	0.02574	0.19159	0.03052	0.02106	0.02949	0.01741	0.02136	0.01304	0.00874	0.00938	0.00296	0.01427	0.00812	0.00435	0.01363
43	0.02591	0.66522	0.05079	0.01658	0.02488	0.03835	0.01658	0.02902	0.01969	0.02280	0.01347	0.01555	0.01244	0.00829	0.00622	0.00207	0.01036	0.00518	0.00415	0.01244
44	0.01807	0.00903	0.00903	0.00903	0.01129	0.00903	0.00678	0.02258	0.02033	0.03613	0.03162	0.03613	0.02484	0.01129	0.00678	0.00226	0.00452	0.00903	0.71319	0.00903
45	0.03314	0.23150	0.03458	0.02229	0.02844	0.41102	0.01806	0.06632	0.02617	0.02560	0.01501	0.01723	0.01270	0.00957	0.00804	0.00239	0.01494	0.00607	0.00501	0.01190
46	0.02258	0.02821	0.10482	0.03971	0.04990	0.02434	0.51817	0.03102	0.02267	0.03102	0.01942	0.02565	0.01450	0.00826	0.01125	0.00325	0.01617	0.01107	0.00483	0.01318
47	0.02764	0.07292	0.02347	0.01542	0.02367	0.01551	0.01276	0.03168	0.02236	0.20370	0.02323	0.02359	0.01709	0.00872	0.00787	0.00196	0.00777	0.00690	0.00749	0.44625
48	0.02526	0.60930	0.04891	0.07004	0.02849	0.03690	0.01748	0.02865	0.01967	0.02297	0.01380	0.01644	0.01248	0.00841	0.00652	0.00217	0.01059	0.00548	0.00416	0.01229
49	0.01385	0.01038	0.01558	0.01558	0.01731	0.01211	0.01211	0.01731	0.01558	0.02250	0.02596	0.03808	0.02423	0.07269	0.62098	0.01558	0.02596	0.01038	0.00519	0.00865
50	0.02402	0.02236	0.03409	0.04751	0.42615	0.02335	0.02541	0.03630	0.19051	0.03434	0.02462	0.02765	0.01964	0.00999	0.00968	0.00300	0.01036	0.00933	0.00632	0.01535
51	0.02399	0.02303	0.03934	0.05949	0.59893	0.02303	0.02974	0.02974	0.02207	0.03166	0.01823	0.02399	0.01535	0.00864	0.00960	0.00288	0.01151	0.00864	0.00480	0.01535
52	0.01181	0.00843	0.01125	0.01350	0.01406	0.00787	0.00900	0.01350	0.01856	0.02474	0.05342	0.65306	0.06410	0.03036	0.01237	0.00394	0.00562	0.02755	0.00900	0.00787
53	0.01161	0.00982	0.01003	0.00998	0.01319	0.00825	0.00749	0.01421	0.02246	0.02705	0.13209	0.09185	0.56054	0.02422	0.01145	0.00326	0.00489	0.02025	0.00911	0.00825
54	0.02170	0.04044	0.39061	0.02983	0.04191	0.02358	0.16093	0.06411	0.07093	0.03342	0.02018	0.02336	0.01461	0.00944	0.00983	0.00313	0.01402	0.00862	0.00512	0.01424
55	0.04348	0.01649	0.02249	0.01724	0.02474	0.01425	0.01425	0.04723	0.02774	0.60564	0.03824	0.03299	0.02399	0.01200	0.00975	0.00300	0.00825	0.00975	0.01200	0.01649
56	0.01181	0.00843	0.01125	0.01350	0.01406	0.00787	0.00900	0.01350	0.01856	0.02474	0.05342	0.65306	0.06410	0.03036	0.01237	0.00394	0.00562	0.02755	0.00900	0.00787
57	0.01913	0.01006	0.01017	0.00979	0.01236	0.01023	0.00744	0.05353	0.02176	0.03755	0.03114	0.03540	0.02437	0.01131	0.00694	0.00230	0.00487	0.00902	0.67317	0.00946
58	0.04129	0.02544	0.02399	0.01957	0.02631	0.19680	0.01559	0.04466	0.02766	0.43040	0.03123	0.02832	0.02053	0.01139	0.00944	0.00285	0.01103	0.00869	0.00989	0.01491
59	0.01944	0.05013	0.60917	0.02762	0.04195	0.02251	0.03581	0.03069	0.02046	0.03069	0.01739	0.02046	0.01228	0.00921	0.00921	0.00307	0.01432	0.00716	0.00409	0.01432
60	0.02124	0.01949	0.03204	0.02554	0.02912	0.02248	0.15480	0.02544	0.02036	0.06746	0.12149	0.03649	0.06329	0.01536	0.02041	0.00365	0.29217	0.01161	0.00633	0.01122
61	0.12139	0.03817	0.02612	0.07588	0.03174	0.42921	0.01837	0.09394	0.02737	0.03037	0.01590	0.01862	0.01271	0.01002	0.00858	0.00267	0.01509	0.00659	0.00557	0.01168
62	0.01372	0.00991	0.01296	0.01219	0.01448	0.00914	0.00914	0.01829	0.02743	0.03887	0.59381	0.07240	0.09145	0.01981	0.01143	0.00305	0.00457	0.01753	0.01067	0.00914
63	0.03072	0.03409	0.02786	0.02433	0.02820	0.31712	0.01914	0.10132	0.07374	0.02973	0.01745	0.02094	0.01453	0.01257	0.01590	0.00314	0.20374	0.00763	0.00578	0.01206
64	0.01181	0.00843	0.01125	0.01350	0.01406	0.00787	0.00900	0.01350	0.01856	0.02474	0.05342	0.65306	0.06410	0.03036	0.01237	0.00394	0.00562	0.02755	0.00900	0.00787
65	0.01183	0.00974	0.01040	0.01044	0.01337	0.00831	0.00775	0.01455	0.02267	0.02804	0.17137	0.12836	0.48120	0.02422	0.01151	0.00328	0.00491	0.02049	0.00926	0.00831
66	0.03056	0.02381	0.02869	0.20699	0.04084	0.02716	0.02081	0.37500	0.06727	0.04901	0.02234	0.02476	0.01613	0.01113	0.00970	0.00303	0.01118	0.00882	0.00808	0.01470
67	0.01359	0.00990	0.01278	0.01206	0.01440	0.00909	0.00905	0.01805	0.02714	0.03817	0.56645	0.07355	0.11925	0.02008	0.01143	0.00306	0.00459	0.01769	0.01058	0.00909
68	0.02212	0.01716	0.02030	0.01460	0.02312	0.01303	0.01172	0.02637	0.02076	0.08112	0.01904	0.02121	0.01519	0.00759	0.00740	0.00157	0.00727	0.00609	0.00628	0.65804
69	0.02100	0.04587	0.50756	0.02876	0.04213	0.02324	0.09434	0.06694	0.02243	0.03279	0.01804	0.02129	0.01284	0.00925	0.00949	0.00308	0.01430	0.00775	0.00456	0.01433
70	0.03848	0.02877	0.02817	0.02274	0.02955	0.24448	0.07602	0.04224	0.02710	0.32289	0.02741	0.02638	0.01863	0.01082	0.00955	0.00284	0.01262	0.00861	0.00857	0.01413
71	0.02284	0.02016	0.03220	0.03857	0.28220	0.02026	0.08109	0.10352	0.02652	0.03679	0.12707	0.04315	0.03406	0.01322	0.01060	0.00315	0.01035	0.07383	0.00707	0.01337
72	0.02531	0.02688	0.12363	0.03097	0.03999	0.02235	0.29305	0.07035	0.08547	0.10293	0.02591	0.06332	0.02008	0.01084	0.01068	0.00322	0.01312	0.01132	0.00674	0.01384
73	0.01181	0.00843	0.01125	0.01350	0.01406	0.00787	0.00900	0.01350	0.01856	0.02474	0.05342	0.65306	0.06410	0.03036	0.01237	0.00394	0.00562	0.02755	0.00900	0.00787
74	0.72785	0.01874	0.01425	0.01275	0.01874	0.02174	0.01050	0.02849	0.01649	0.04348	0.01350	0.01574	0.01050	0.00900	0.00600	0.00300	0.00750	0.00525	0.00600	0.01050
75	0.02181	0.03425	0.25133	0.03881	0.12605	0.02358	0.29915	0.03073	0.02190	0.03101	0.01862	0.02381	0.01393	0.00861	0.01038	0.00314	0.01493	0.00951	0.00460	0.01384
76	0.01673	0.00865	0.01288	0.01308	0.01327	0.00865	0.00904	0.01327	0.01346	0.01789	0.01981	0.03635	0.02020	0.03307	0.03577	0.65644	0.00846	0.05375	0.00462	0.00462
77	0.03675	0.01452	0.01893	0.01507	0.02118	0.01286	0.01227	0.04070	0.02578	0.45479	0.03648	0.03382	0.02422	0.01181	0.00896	0.00280	0.00726	0.00956	0.19773	0.01452
78	0.72785	0.01874	0.01425	0.01275	0.01874	0.02174	0.01050	0.02849	0.01649	0.04348	0.01350	0.01574	0.01050	0.00900	0.00600	0.00300	0.00750	0.00525	0.00600	0.01050
79	0.01190	0.00851	0.01133	0.01343	0.01408	0.00793	0.00900	0.01373	0.01899	0.02544	0.08004	0.62446	0.06545	0.02984	0.01232	0.00389	0.00557	0.02706	0.00908	0.00793
80	0.01731	0.00896	0.00930	0.00958	0.01163	0.00889	0.00704	0.02148	0.02011	0.03475	0.03426	0.11103	0.02961	0.01361	0.00745	0.00246	0.00465	0.01128	0.62770	0.00889
81	0.02385	0.02341	0.04151	0.05723	0.53236	0.02321	0.09457	0.02990	0.02217	0.03159	0.01840	0.02425	0.01527	0.00858	0.00982	0.00293	0.01210	0.00898	0.00481	0.01508
82	0.01241	0.01022	0.01266	0.08716	0.01995	0.00969	0.01032	0.01508	0.02050	0.02550	0.07240	0.28457	0.33514	0.02482	0.01157	0.00350	0.00614	0.02155	0.00843	0.00839
83	0.02499	0.58655	0.04815	0.09180	0.02996	0.03631	0.01784	0.02850	0.01966	0.02304	0.01393	0.01680	0.01250	0.00846	0.00664	0.00221	0.01068	0.00560	0.00417	0.01223
84	0.03499	0.01790	0.02353	0.09235	0.03007	0.01659	0.01568	0.09670	0.02714	0.36001	0.02982	0.02846	0.01989	0.01071	0.00922	0.00270	0.00886	0.00869	0.00955	0.15715
85	0.02212	0.07803	0.39617	0.02988	0.04225	0.02349	0.17326	0.03165	0.02148	0.06358	0.01895	0.02240	0.01361	0.00904	0.00965	0.00306	0.01427	0.00833	0.00477	0.01401
86	0.64192	0.01856	0.01496	0.01294	0.01926	0.02067	0.01062	0.02799	0.01693	0.04204	0.01395	0.01627	0.01096	0.00878	0.00614	0.00281	0.00746	0.00531	0.00597	0.09647
87	0.02388	0.03763	0.33228	0.02574	0.03654	0.02437	0.06363	0.13210	0.15414	0.03846	0.02367	0.02496	0.01718	0.01048	0.00960	0.00310	0.01227	0.00861	0.00648	0.01486
88	0.03964	0.01552	0.02113	0.01679	0.02344	0.01347	0.01361	0.04314	0.02663	0.53511	0.04008	0.10827	0.02886	0.01423	0.01007	0.00311	0.00793	0.01191	0.01163	0.01545
89	0.01830	0.01723	0.02907	0.63609	0.06675	0.02153	0.02692	0.02476	0.01938	0.02476	0.01723	0.02584	0.01292	0.00969	0.00969	0.00323	0.01292	0.00861	0.00431	0.01077
90	0.10944	0.02251	0.03629	0.05381	0.52849	0.02287	0.02741	0.02959	0.02139	0.03310	0.01766	0.02299	0.01476	0.00868	0.00916	0.00289	0.01103	0.00822	0.00494	0.01476
91	0.01427	0.01080	0.01491	0.08794	0.02083	0.01065	0.01130	0.01908	0.02646	0.03715	0.52381	0.06675	0.08192	0.01858	0.01122	0.00307	0.00559	0.01645	0.00990	0.00934
92	0.01427	0.01080	0.01491	0.08794	0.02083	0.01065	0.01130	0.01908	0.02646	0.03715	0.52381	0.06675	0.08192	0.01858	0.01122	0.00307	0.00559	0.01645	0.00990	0.00934
93	0.21243	0.02080	0.03042	0.11456	0.34614	0.02200	0.02336	0.02982	0.02058	0.06718	0.01800	0.02253	0.01426	0.00905	0.00865	0.00296	0.01042	0.00779	0.00547	0.01356
94	0.01810	0.01003	0.01147	0.08516	0.01803	0.01055	0.00922	0.02285	0.02021	0.03475	0.02987	0.03488	0.02339	0.01110	0.00713	0.00238	0.00554	0.00898	0.62713	0.00924
95	0.03515	0.02703	0.03250	0.02455	0.03256	0.02938	0.08462	0.50159	0.04281	0.05744	0.02282	0.02362	0.01627	0.01121	0.00991	0.00295	0.01135	0.00906	0.00911	0.01607
96	0.02134	0.01276	0.01699	0.01426	0.01810	0.01264	0.07560	0.06219	0.02277	0.06866	0.02995	0.03387	0.02299	0.01098	0.00771	0.00247	0.00658	0.00934	0.54036	0.01045
97	0.02968	0.01410	0.01953	0.09032	0.02586	0.01324	0.01376	0.03406	0.02619	0.32550	0.20778	0.04454	0.04364	0.01410	0.01009	0.00300	0.00745	0.01198	0.05209	0.01308
98	0.01349	0.00973	0.01275	0.01235	0.01443	0.00899	0.00913	0.01771	0.02636	0.03715	0.52821	0.14289	0.08813	0.02109	0.01155	0.00316	0.00470	0.01874	0.01047	0.00899
99	0.01617	0.01066	0.01250	0.01158	0.01501	0.00927	0.00885	0.01955	0.02472	0.10115	0.27121	0.07836	0.34249	0.02130	0.01124	0.00316	0.00519	0.01809	0.00997	0.00954
100	0.03029	0.02220	0.02414	0.02020	0.02661	0.02470	0.01614	0.20610	0.35283	0.11533	0.03443	0.03189	0.02496	0.01255	0.00980	0.00314	0.00864	0.01014	0.01007	0.01582
101	0.11113	0.58673	0.04635	0.01612	0.02413	0.03633	0.01584	0.02896	0.01930	0.02531	0.01348	0.01557	0.01220	0.00838	0.00619	0.00219	0.01002	0.00519	0.00437	0.01220
102	0.01478	0.01152	0.01640	0.01588	0.01709	0.01376	0.01211	0.01746	0.01522	0.02194	0.02517	0.04055	0.02480	0.17055	0.44751	0.01310	0.09775	0.01081	0.00520	0.00839

[dist]
# distance from previous block
# <min> <max>
0	6

[block]
# block no. 1 follows, 16 sequences, length 17
# corresponding to MSA columns:
# 136-152
name=unknown_B
#
# <colnr> <probs for GDERKNQSTAVLIFYWHMCP>
#	G	D	E	R	K	N	Q	S	T	A	V	L	I	F	Y	W	H	M	C	P
0	0.54317	0.02099	0.01821	0.01530	0.02177	0.02396	0.01261	0.17230	0.02426	0.04819	0.01611	0.01776	0.01210	0.00970	0.00699	0.00297	0.00834	0.00618	0.00699	0.01210
1	0.01777	0.07402	0.41757	0.02322	0.03352	0.01950	0.02755	0.02600	0.01991	0.02865	0.02680	0.18925	0.02614	0.01481	0.00988	0.00324	0.01177	0.01250	0.00541	0.01249
2	0.01914	0.04134	0.45413	0.19024	0.04858	0.02225	0.03343	0.02911	0.02017	0.02911	0.01735	0.02190	0.01245	0.00934	0.00934	0.00311	0.01395	0.00755	0.00415	0.01337
3	0.02508	0.02289	0.03208	0.02563	0.03250	0.02482	0.16221	0.09868	0.37737	0.04010	0.03249	0.03217	0.02427	0.01166	0.01027	0.00324	0.01029	0.01086	0.00852	0.01485
4	0.02553	0.02574	0.17329	0.18507	0.04013	0.01897	0.02282	0.03407	0.07109	0.17097	0.02437	0.02629	0.01714	0.01007	0.00923	0.00288	0.01084	0.00831	0.00683	0.11635
5	0.53416	0.01811	0.01658	0.01402	0.02044	0.01962	0.01156	0.03379	0.01968	0.20258	0.02050	0.02062	0.01432	0.00985	0.00706	0.00300	0.00771	0.00652	0.00770	0.01219
6	0.01232	0.00883	0.01170	0.01315	0.01417	0.00821	0.00904	0.01478	0.02093	0.02852	0.19784	0.49787	0.07141	0.02754	0.01212	0.00370	0.00534	0.02487	0.00944	0.00821
7	0.13792	0.02026	0.02621	0.02861	0.17764	0.02078	0.01831	0.11317	0.08365	0.20659	0.05131	0.02862	0.02207	0.01105	0.00921	0.00299	0.00913	0.00908	0.00856	0.01484
8	0.01365	0.01053	0.01269	0.01335	0.01563	0.01005	0.00999	0.01872	0.07107	0.02980	0.16879	0.26499	0.20897	0.02477	0.01185	0.00360	0.00583	0.08733	0.00939	0.00899
9	0.01198	0.00867	0.01134	0.01315	0.01404	0.00802	0.00892	0.01401	0.01967	0.02627	0.11111	0.56116	0.09792	0.02895	0.01222	0.00381	0.00547	0.02612	0.00917	0.00802
10	0.02798	0.02278	0.04545	0.08673	0.04514	0.02151	0.36981	0.03482	0.02387	0.18406	0.02438	0.02795	0.01703	0.00933	0.01083	0.00319	0.01388	0.01074	0.00675	0.01378
11	0.02861	0.13850	0.30417	0.02282	0.03341	0.08394	0.02524	0.03567	0.02300	0.18238	0.02209	0.02272	0.01545	0.00989	0.00883	0.00283	0.01239	0.00744	0.00631	0.01429
12	0.01463	0.01078	0.01403	0.01365	0.01427	0.01214	0.00944	0.01605	0.01469	0.02051	0.02735	0.05071	0.02935	0.39446	0.25103	0.01114	0.07072	0.01228	0.00549	0.00728
13	0.01354	0.01078	0.01601	0.17989	0.02814	0.01152	0.01379	0.01651	0.01878	0.02475	0.04375	0.48543	0.05042	0.02484	0.01165	0.00375	0.00757	0.02249	0.00774	0.00865
14	0.02494	0.02623	0.04290	0.05098	0.39424	0.08449	0.17133	0.03101	0.02284	0.03069	0.01827	0.02390	0.01489	0.00865	0.01000	0.00294	0.01341	0.00914	0.00485	0.01432
15	0.13942	0.02295	0.02139	0.01864	0.02373	0.09868	0.01453	0.23939	0.05806	0.04273	0.02951	0.19028	0.02839	0.01608	0.00971	0.00316	0.00954	0.01299	0.00832	0.01249
16	0.02213	0.08091	0.02502	0.22933	0.06558	0.01770	0.01796	0.02633	0.02130	0.13443	0.05929	0.19598	0.03267	0.01595	0.01014	0.00323	0.00934	0.01398	0.00733	0.01139

[dist]
# distance from previous block
# <min> <max>
0	1132

# created by:
# /st0/software/busco_prod/Augustus/scripts/msa2prfl.pl ./align_prep/8453.fa
