[name]
unknown

[dist]
# distance from previous block
# <min> <max>
4	80

[block]
# block no. 0 follows, 14 sequences, length 50
# corresponding to MSA columns:
# 84-133
name=unknown_A
#
# <colnr> <probs for GDERKNQSTAVLIFYWHMCP>
#	G	D	E	R	K	N	Q	S	T	A	V	L	I	F	Y	W	H	M	C	P
0	0.02630	0.02269	0.03135	0.37768	0.12192	0.07261	0.02594	0.08539	0.02539	0.08212	0.02089	0.02676	0.01544	0.01059	0.01017	0.00325	0.01320	0.00903	0.00604	0.01325
1	0.23220	0.03163	0.02454	0.02117	0.02754	0.21030	0.01668	0.15898	0.10946	0.04329	0.02138	0.02240	0.01633	0.01119	0.00883	0.00303	0.01216	0.00768	0.00756	0.01364
2	0.02148	0.01621	0.01904	0.01793	0.02260	0.01668	0.01453	0.03476	0.21730	0.07028	0.09956	0.06882	0.09049	0.01934	0.01161	0.00363	0.00795	0.16207	0.00989	0.07583
3	0.08403	0.01138	0.01329	0.01317	0.01545	0.01097	0.00924	0.01990	0.02068	0.07942	0.11796	0.21742	0.11879	0.15488	0.02190	0.04814	0.00718	0.01850	0.00873	0.00897
4	0.14965	0.02417	0.02989	0.02722	0.09830	0.06261	0.06813	0.12032	0.02762	0.15829	0.02336	0.02502	0.01701	0.01097	0.01092	0.00306	0.04910	0.00862	0.00789	0.07784
5	0.02594	0.02009	0.02200	0.01959	0.02513	0.02247	0.01527	0.04945	0.43840	0.09213	0.11176	0.04307	0.03948	0.01475	0.01065	0.00342	0.00774	0.01241	0.01076	0.01548
6	0.03284	0.01463	0.01934	0.01635	0.02179	0.01301	0.01313	0.03644	0.02652	0.34953	0.09820	0.05847	0.08783	0.08371	0.01563	0.00413	0.00825	0.07535	0.01117	0.01369
7	0.11056	0.02144	0.03252	0.25921	0.04784	0.02465	0.10175	0.07519	0.05735	0.07232	0.02121	0.02654	0.01589	0.01132	0.01258	0.00347	0.07753	0.00937	0.00630	0.01297
8	0.02413	0.09939	0.02393	0.06738	0.02532	0.01976	0.01441	0.08508	0.09510	0.08960	0.20845	0.04542	0.04650	0.01474	0.01003	0.00301	0.00787	0.01226	0.09498	0.01265
9	0.01336	0.01030	0.01219	0.01202	0.01469	0.00914	0.00890	0.01699	0.02584	0.03425	0.33108	0.13922	0.28682	0.02409	0.01221	0.00341	0.00509	0.02084	0.01041	0.00914
10	0.01641	0.01054	0.01402	0.01413	0.01606	0.00993	0.01046	0.01934	0.02394	0.06208	0.28088	0.18389	0.07043	0.07535	0.01830	0.06813	0.00664	0.08069	0.00975	0.00904
11	0.02797	0.02429	0.07564	0.20789	0.13291	0.02405	0.02460	0.11655	0.11621	0.10712	0.02618	0.02893	0.01908	0.01128	0.01024	0.00327	0.01162	0.00958	0.00754	0.01504
12	0.02443	0.11683	0.29196	0.06281	0.03829	0.08767	0.02773	0.03799	0.14870	0.03273	0.02313	0.02497	0.01742	0.01074	0.00950	0.00312	0.01324	0.00827	0.00590	0.01458
13	0.17985	0.03344	0.16527	0.02917	0.03907	0.06523	0.18858	0.11169	0.02619	0.04012	0.01904	0.02273	0.01411	0.00980	0.00980	0.00323	0.01387	0.00878	0.00605	0.01397
14	0.71184	0.01985	0.01508	0.01350	0.01985	0.02302	0.01111	0.03017	0.01746	0.04604	0.01429	0.01667	0.01111	0.00953	0.00635	0.00318	0.00794	0.00556	0.00635	0.01111
15	0.01498	0.01065	0.01357	0.01325	0.01571	0.00965	0.00985	0.01764	0.02377	0.03241	0.27848	0.13069	0.15635	0.02496	0.01642	0.11198	0.00615	0.05159	0.00928	0.05264
16	0.02120	0.01896	0.02943	0.43901	0.09476	0.02258	0.02556	0.06928	0.05719	0.03092	0.02363	0.07963	0.01994	0.01246	0.01051	0.00343	0.01236	0.01101	0.00586	0.01227
17	0.49674	0.01966	0.01779	0.01535	0.02193	0.02181	0.01253	0.03707	0.08795	0.14903	0.02281	0.02292	0.01642	0.01069	0.00763	0.00321	0.00811	0.00724	0.00809	0.01299
18	0.01346	0.00945	0.01219	0.01400	0.01463	0.00905	0.00942	0.01511	0.01892	0.02515	0.05064	0.44960	0.05982	0.17485	0.02242	0.00558	0.00723	0.07179	0.00874	0.00794
19	0.01783	0.00891	0.01337	0.01337	0.01337	0.00891	0.00891	0.01337	0.01337	0.01783	0.01783	0.03119	0.01783	0.03565	0.04011	0.70143	0.00891	0.00891	0.00446	0.00446
20	0.03148	0.02227	0.03269	0.23279	0.08012	0.02406	0.06995	0.17705	0.03075	0.15830	0.02514	0.02814	0.01761	0.01115	0.01044	0.00325	0.01218	0.00969	0.00801	0.01494
21	0.71184	0.01985	0.01508	0.01350	0.01985	0.02302	0.01111	0.03017	0.01746	0.04604	0.01429	0.01667	0.01111	0.00953	0.00635	0.00318	0.00794	0.00556	0.00635	0.01111
22	0.02175	0.01808	0.01995	0.01815	0.02279	0.02009	0.01399	0.04247	0.37577	0.04232	0.22293	0.05145	0.05379	0.01634	0.01101	0.00339	0.00700	0.01399	0.01074	0.01399
23	0.25966	0.02524	0.02887	0.02257	0.03028	0.02777	0.08208	0.27678	0.06682	0.05311	0.02178	0.02323	0.01598	0.01103	0.00921	0.00318	0.01074	0.00853	0.00834	0.01482
24	0.02977	0.01797	0.02215	0.01625	0.02496	0.01416	0.01316	0.03413	0.02406	0.22175	0.02587	0.02596	0.01870	0.00935	0.00853	0.00209	0.00799	0.00753	0.00835	0.46725
25	0.03223	0.02538	0.02698	0.02224	0.02924	0.02866	0.01787	0.29647	0.30393	0.05374	0.03325	0.03150	0.02443	0.01313	0.01035	0.00328	0.00970	0.01043	0.01035	0.01684
26	0.01585	0.01016	0.01194	0.01149	0.01402	0.00953	0.00862	0.02043	0.02586	0.03872	0.33608	0.06585	0.12337	0.01842	0.01042	0.00297	0.00486	0.01581	0.24607	0.00953
27	0.01649	0.01104	0.01294	0.01233	0.01570	0.00962	0.00928	0.01981	0.02534	0.09082	0.22874	0.13441	0.32832	0.02367	0.01202	0.00343	0.00554	0.02023	0.01038	0.00987
28	0.01938	0.01824	0.03078	0.61468	0.07068	0.02280	0.02850	0.02622	0.02052	0.02622	0.01824	0.02736	0.01368	0.01026	0.01026	0.00342	0.01368	0.00912	0.00456	0.01140
29	0.01728	0.01367	0.01606	0.01634	0.01900	0.01444	0.01185	0.02888	0.20534	0.03424	0.13065	0.34304	0.05980	0.02418	0.01203	0.00379	0.00653	0.02151	0.01011	0.01126
30	0.38591	0.02170	0.02062	0.01729	0.02413	0.02421	0.01411	0.14029	0.10871	0.11612	0.02391	0.02391	0.01731	0.01117	0.00827	0.00320	0.00875	0.00783	0.00857	0.01399
31	0.02035	0.01112	0.01436	0.01432	0.01709	0.01004	0.01042	0.02316	0.02314	0.14942	0.10375	0.35786	0.11254	0.02499	0.01193	0.00368	0.00630	0.02208	0.05288	0.01055
32	0.71184	0.01985	0.01508	0.01350	0.01985	0.02302	0.01111	0.03017	0.01746	0.04604	0.01429	0.01667	0.01111	0.00953	0.00635	0.00318	0.00794	0.00556	0.00635	0.01111
33	0.03989	0.01598	0.02172	0.01740	0.02410	0.01392	0.01405	0.04370	0.02831	0.47889	0.08530	0.10225	0.03576	0.01546	0.01076	0.00329	0.00812	0.01301	0.01225	0.01585
34	0.71184	0.01985	0.01508	0.01350	0.01985	0.02302	0.01111	0.03017	0.01746	0.04604	0.01429	0.01667	0.01111	0.00953	0.00635	0.00318	0.00794	0.00556	0.00635	0.01111
35	0.01289	0.00937	0.01225	0.01440	0.01545	0.00873	0.01009	0.01506	0.02042	0.02682	0.06090	0.52721	0.11545	0.03116	0.01312	0.00416	0.00625	0.07829	0.00952	0.00848
36	0.02150	0.02163	0.02920	0.02505	0.02730	0.07907	0.07404	0.02495	0.01818	0.02531	0.01929	0.02876	0.01785	0.03649	0.22282	0.00832	0.29461	0.00978	0.00499	0.01086
37	0.01523	0.01030	0.01220	0.01264	0.01309	0.01030	0.00816	0.01612	0.01656	0.02193	0.03648	0.07631	0.04141	0.52427	0.04506	0.00897	0.00985	0.10746	0.00683	0.00683
38	0.01520	0.01004	0.01238	0.01277	0.01432	0.00966	0.00910	0.01839	0.02243	0.03226	0.21758	0.17638	0.06294	0.15661	0.02036	0.00486	0.00657	0.06293	0.12658	0.00863
39	0.01647	0.01030	0.01320	0.01368	0.01543	0.00951	0.00947	0.01884	0.02191	0.08181	0.15325	0.34660	0.09683	0.12132	0.01861	0.00474	0.00657	0.02263	0.00966	0.00917
40	0.01310	0.00937	0.01255	0.01467	0.01560	0.00882	0.01029	0.01545	0.02084	0.02790	0.09811	0.53211	0.06929	0.03083	0.01313	0.00415	0.00624	0.07933	0.00966	0.00856
41	0.02117	0.10391	0.54050	0.02825	0.04286	0.02527	0.03617	0.03235	0.02160	0.03178	0.01806	0.02122	0.01301	0.00967	0.00948	0.00316	0.01481	0.00740	0.00434	0.01499
42	0.02791	0.02611	0.03652	0.18583	0.14370	0.07276	0.10370	0.15217	0.07792	0.03899	0.02228	0.02670	0.01690	0.01065	0.01046	0.00322	0.01329	0.00964	0.00668	0.01456
43	0.01361	0.01008	0.01250	0.01315	0.01505	0.00927	0.00953	0.01666	0.02343	0.03120	0.22954	0.24801	0.18300	0.07633	0.01585	0.00423	0.00606	0.06390	0.00982	0.00876
44	0.02375	0.02282	0.03739	0.18450	0.22292	0.02455	0.11153	0.03635	0.16002	0.03404	0.02506	0.02958	0.01938	0.01056	0.01058	0.00332	0.01236	0.01027	0.00635	0.01465
45	0.02568	0.08592	0.03237	0.14176	0.11683	0.02063	0.06168	0.03008	0.02199	0.10959	0.02138	0.02611	0.01664	0.01223	0.01255	0.07571	0.01092	0.00847	0.00618	0.16329
46	0.01599	0.02454	0.20925	0.01879	0.02476	0.01413	0.01898	0.02181	0.02212	0.03131	0.16337	0.23621	0.05300	0.08032	0.01548	0.00419	0.00923	0.01787	0.00785	0.01080
47	0.01376	0.00968	0.01246	0.01381	0.01470	0.00925	0.00945	0.01586	0.02032	0.02738	0.12686	0.36837	0.06419	0.17183	0.02219	0.00543	0.00706	0.07025	0.00901	0.00815
48	0.02677	0.02593	0.09574	0.02766	0.11827	0.09060	0.02018	0.08457	0.05270	0.10678	0.03424	0.20500	0.03278	0.01723	0.01091	0.00340	0.01076	0.01483	0.00814	0.01352
49	0.02810	0.02198	0.03433	0.12643	0.04041	0.02314	0.13914	0.06939	0.11302	0.13494	0.02672	0.02942	0.01953	0.01157	0.01274	0.00330	0.07047	0.01016	0.00766	0.07753

[dist]
# distance from previous block
# <min> <max>
6	15

[block]
# block no. 1 follows, 14 sequences, length 22
# corresponding to MSA columns:
# 149-170
name=unknown_B
#
# <colnr> <probs for GDERKNQSTAVLIFYWHMCP>
#	G	D	E	R	K	N	Q	S	T	A	V	L	I	F	Y	W	H	M	C	P
0	0.07028	0.01996	0.02709	0.05752	0.07741	0.02306	0.04749	0.06426	0.09822	0.06677	0.02657	0.03863	0.02371	0.11385	0.02273	0.00472	0.15891	0.03937	0.00702	0.01245
1	0.01666	0.02031	0.13873	0.01866	0.02327	0.01379	0.01727	0.05419	0.02310	0.03167	0.07963	0.35663	0.05339	0.02475	0.01226	0.00391	0.00869	0.08391	0.00855	0.01065
2	0.09041	0.02527	0.02954	0.10973	0.03663	0.06648	0.05928	0.20644	0.11601	0.11693	0.02669	0.02767	0.01915	0.01168	0.01004	0.00321	0.01150	0.00946	0.00870	0.01517
3	0.08524	0.02601	0.02518	0.02399	0.07540	0.13565	0.01700	0.17925	0.03080	0.11041	0.02850	0.10782	0.02535	0.06694	0.01367	0.00373	0.01140	0.01167	0.00838	0.01361
4	0.02336	0.01363	0.01781	0.01642	0.02074	0.01258	0.01323	0.02900	0.05489	0.16185	0.19524	0.11662	0.05737	0.02027	0.01180	0.00353	0.00743	0.13935	0.01049	0.07437
5	0.21282	0.02622	0.07994	0.07238	0.07029	0.06418	0.10060	0.09144	0.02495	0.03891	0.02351	0.03581	0.02043	0.01260	0.00993	0.00341	0.01215	0.08096	0.00661	0.01284
6	0.03864	0.01912	0.02359	0.01921	0.02637	0.01885	0.01550	0.05164	0.21965	0.38780	0.04095	0.03614	0.02754	0.01314	0.01036	0.00329	0.00851	0.01078	0.01189	0.01702
7	0.02820	0.01334	0.01718	0.01515	0.01879	0.01234	0.01127	0.03047	0.02211	0.25750	0.03859	0.05988	0.03511	0.29754	0.02973	0.00643	0.00937	0.07626	0.00936	0.01136
8	0.08406	0.01318	0.01622	0.01538	0.01928	0.01246	0.01214	0.02720	0.02361	0.17837	0.08658	0.14772	0.11590	0.07756	0.01534	0.00430	0.00781	0.12176	0.00990	0.01120
9	0.02567	0.01865	0.02093	0.01818	0.02338	0.01991	0.01424	0.13708	0.21611	0.09194	0.16091	0.08763	0.08685	0.01720	0.01107	0.00336	0.00771	0.01450	0.01066	0.01403
10	0.71184	0.01985	0.01508	0.01350	0.01985	0.02302	0.01111	0.03017	0.01746	0.04604	0.01429	0.01667	0.01111	0.00953	0.00635	0.00318	0.00794	0.00556	0.00635	0.01111
11	0.36338	0.01791	0.01837	0.01521	0.02190	0.01841	0.01248	0.03819	0.02296	0.27709	0.02729	0.02645	0.01862	0.01111	0.00814	0.00311	0.00800	0.00797	0.06968	0.01372
12	0.02532	0.01471	0.01832	0.01650	0.02063	0.01427	0.01296	0.10164	0.02826	0.16338	0.14653	0.13984	0.08055	0.07669	0.01550	0.00417	0.00801	0.09030	0.01040	0.01203
13	0.04129	0.02509	0.02853	0.02188	0.03000	0.02640	0.01807	0.38189	0.04213	0.23255	0.02978	0.02797	0.02003	0.01244	0.01028	0.00311	0.01046	0.00959	0.01106	0.01746
14	0.02171	0.01817	0.03017	0.56248	0.06679	0.02212	0.02733	0.02830	0.02129	0.07490	0.02019	0.02802	0.01471	0.01047	0.01027	0.00340	0.01325	0.00922	0.00527	0.01193
15	0.03939	0.01983	0.02451	0.01973	0.02696	0.01952	0.01625	0.14711	0.10059	0.36010	0.03867	0.04038	0.02752	0.01416	0.01066	0.00333	0.00923	0.05382	0.01163	0.01660
16	0.01921	0.01460	0.01702	0.01634	0.01952	0.01514	0.01213	0.10552	0.11335	0.03810	0.15465	0.29818	0.08816	0.02346	0.01196	0.00366	0.00689	0.02061	0.01015	0.01135
17	0.04303	0.01791	0.02345	0.01815	0.02579	0.01604	0.01494	0.08886	0.03054	0.49929	0.04368	0.03861	0.06364	0.01362	0.01044	0.00319	0.00870	0.01104	0.01227	0.01684
18	0.10381	0.01848	0.02355	0.01822	0.02604	0.01698	0.01505	0.08340	0.02968	0.49845	0.03706	0.03259	0.02358	0.01240	0.00997	0.00317	0.00885	0.00983	0.01197	0.01691
19	0.02467	0.01463	0.01815	0.01624	0.02056	0.01442	0.01250	0.03430	0.14635	0.17610	0.24715	0.13392	0.06011	0.01884	0.01142	0.00340	0.00671	0.01638	0.01122	0.01293
20	0.02263	0.01183	0.01594	0.01553	0.01865	0.01074	0.01167	0.02580	0.02434	0.18613	0.14158	0.32669	0.06027	0.02441	0.01222	0.00377	0.00681	0.05902	0.01073	0.01123
21	0.02378	0.01298	0.01701	0.01672	0.02014	0.01234	0.01279	0.02910	0.07166	0.18539	0.05034	0.32964	0.05121	0.02442	0.01224	0.00391	0.00748	0.09657	0.01049	0.01180

[dist]
# distance from previous block
# <min> <max>
16	82

[block]
# block no. 2 follows, 14 sequences, length 39
# corresponding to MSA columns:
# 253-291
name=unknown_C
#
# <colnr> <probs for GDERKNQSTAVLIFYWHMCP>
#	G	D	E	R	K	N	Q	S	T	A	V	L	I	F	Y	W	H	M	C	P
0	0.02402	0.02223	0.03178	0.14682	0.15940	0.02517	0.05663	0.04051	0.26318	0.03573	0.02895	0.03155	0.02233	0.01207	0.01200	0.00344	0.05158	0.01043	0.00737	0.01482
1	0.02141	0.12492	0.52162	0.02783	0.04222	0.02587	0.03545	0.03228	0.02157	0.03149	0.01791	0.02104	0.01302	0.00963	0.00937	0.00312	0.01466	0.00733	0.00434	0.01492
2	0.71184	0.01985	0.01508	0.01350	0.01985	0.02302	0.01111	0.03017	0.01746	0.04604	0.01429	0.01667	0.01111	0.00953	0.00635	0.00318	0.00794	0.00556	0.00635	0.01111
3	0.02366	0.01422	0.01826	0.01570	0.02102	0.01212	0.01243	0.02778	0.02500	0.16053	0.16012	0.13261	0.04890	0.01774	0.01082	0.00305	0.00722	0.07360	0.00969	0.20554
4	0.07415	0.02010	0.03352	0.39144	0.13718	0.02279	0.07448	0.02963	0.02170	0.06937	0.01994	0.02685	0.01489	0.01006	0.01013	0.00333	0.01302	0.00923	0.00541	0.01277
5	0.64873	0.02068	0.01656	0.01444	0.02097	0.02385	0.01190	0.07809	0.02035	0.04779	0.01526	0.01742	0.01171	0.00979	0.00672	0.00317	0.00825	0.00590	0.00672	0.01171
6	0.01281	0.00915	0.01226	0.01464	0.01537	0.00860	0.01006	0.01482	0.01995	0.02654	0.05639	0.59364	0.06721	0.03186	0.01318	0.00421	0.00622	0.06518	0.00952	0.00842
7	0.01459	0.00997	0.01203	0.01232	0.01265	0.01016	0.00756	0.01533	0.01572	0.02122	0.03458	0.13191	0.03936	0.48575	0.12519	0.01018	0.01196	0.01609	0.00652	0.00689
8	0.03031	0.02195	0.02980	0.31485	0.05022	0.02499	0.02332	0.21691	0.03187	0.11931	0.02373	0.02745	0.01672	0.01136	0.01027	0.00326	0.01211	0.00933	0.00779	0.01446
9	0.71184	0.01985	0.01508	0.01350	0.01985	0.02302	0.01111	0.03017	0.01746	0.04604	0.01429	0.01667	0.01111	0.00953	0.00635	0.00318	0.00794	0.00556	0.00635	0.01111
10	0.01674	0.01025	0.01341	0.01430	0.01621	0.00932	0.01007	0.01917	0.02209	0.09528	0.11026	0.45916	0.10813	0.02815	0.01258	0.00389	0.00611	0.02518	0.01009	0.00961
11	0.39740	0.01519	0.01388	0.01323	0.01732	0.01663	0.01016	0.02334	0.01864	0.03723	0.07527	0.10633	0.07878	0.01874	0.01331	0.10911	0.00733	0.01154	0.00716	0.00942
12	0.02623	0.02117	0.02394	0.01755	0.02642	0.01875	0.01421	0.16978	0.02881	0.04217	0.02003	0.02222	0.01583	0.00892	0.00834	0.00196	0.00863	0.00696	0.00725	0.51083
13	0.02673	0.02456	0.02376	0.02140	0.02716	0.07923	0.01658	0.05326	0.50730	0.04126	0.03934	0.03643	0.02963	0.01361	0.01033	0.00340	0.00910	0.01113	0.00996	0.01584
14	0.01792	0.01106	0.01390	0.01342	0.01641	0.00986	0.00996	0.02132	0.02534	0.11110	0.25215	0.21746	0.19322	0.02385	0.01211	0.00352	0.00576	0.02083	0.01062	0.01020
15	0.01779	0.01045	0.01408	0.01530	0.01714	0.00965	0.01100	0.02017	0.02144	0.10797	0.05400	0.49676	0.06084	0.02895	0.01279	0.00407	0.00669	0.07116	0.00998	0.00977
16	0.02819	0.02213	0.02800	0.23744	0.04401	0.02551	0.02149	0.17213	0.19316	0.07794	0.02861	0.03050	0.02086	0.01209	0.01032	0.00333	0.01102	0.00999	0.00840	0.01488
17	0.02961	0.25715	0.04128	0.02440	0.03180	0.19082	0.09193	0.03901	0.13888	0.02970	0.02155	0.02332	0.01743	0.01037	0.00894	0.00278	0.01336	0.00806	0.00606	0.01357
18	0.04222	0.01662	0.02259	0.01761	0.02488	0.01443	0.01443	0.04630	0.02933	0.51680	0.10469	0.03999	0.03406	0.01371	0.01054	0.00318	0.00826	0.01132	0.01253	0.01652
19	0.02128	0.01824	0.02128	0.01520	0.02432	0.01368	0.01216	0.02584	0.02128	0.03344	0.01824	0.02128	0.01520	0.00760	0.00760	0.00152	0.00760	0.00608	0.00608	0.70208
20	0.01488	0.01011	0.01200	0.01200	0.01227	0.01039	0.00722	0.01544	0.01516	0.02049	0.03160	0.06309	0.03554	0.55415	0.13502	0.01094	0.01261	0.01433	0.00611	0.00666
21	0.03901	0.02874	0.03080	0.02361	0.03182	0.03182	0.01951	0.54111	0.04825	0.06468	0.02464	0.02464	0.01745	0.01232	0.01027	0.00308	0.01129	0.00924	0.01027	0.01745
22	0.41682	0.01879	0.01895	0.01561	0.02266	0.01950	0.01287	0.03896	0.02274	0.28373	0.02590	0.02476	0.01745	0.01093	0.00811	0.00318	0.00829	0.00767	0.00916	0.01393
23	0.01261	0.00917	0.01168	0.01363	0.01453	0.00848	0.00911	0.01438	0.01981	0.02599	0.06081	0.53289	0.12701	0.06901	0.01540	0.00444	0.00611	0.02738	0.00932	0.00824
24	0.02422	0.02618	0.02288	0.02138	0.02424	0.22801	0.01654	0.02734	0.02098	0.02440	0.02156	0.03022	0.01965	0.04566	0.31575	0.01000	0.09614	0.00916	0.00530	0.01041
25	0.01388	0.01024	0.01482	0.01569	0.01707	0.01119	0.01163	0.01686	0.01764	0.02469	0.03806	0.25579	0.04101	0.06066	0.38566	0.01201	0.01965	0.01761	0.00696	0.00886
26	0.01522	0.01088	0.01499	0.01714	0.01899	0.01065	0.01401	0.01909	0.02283	0.03011	0.09044	0.26431	0.06424	0.02895	0.01372	0.00446	0.00811	0.33313	0.00960	0.00914
27	0.01510	0.01006	0.01172	0.01193	0.01303	0.00977	0.00789	0.01704	0.01941	0.02711	0.12319	0.11257	0.08713	0.33999	0.03238	0.00677	0.00787	0.04799	0.09137	0.00770
28	0.01472	0.01075	0.01527	0.01527	0.01668	0.01216	0.01130	0.01754	0.01613	0.02292	0.02861	0.04651	0.02834	0.20669	0.47264	0.01498	0.02344	0.01190	0.00566	0.00848
29	0.02351	0.02009	0.02144	0.01973	0.02502	0.02279	0.01548	0.04799	0.46176	0.04047	0.04866	0.05050	0.08430	0.01627	0.01092	0.00358	0.00796	0.05430	0.01027	0.01496
30	0.02319	0.02239	0.03758	0.26481	0.16965	0.02576	0.10043	0.05995	0.02251	0.03089	0.01835	0.02589	0.01472	0.01134	0.01485	0.00352	0.12636	0.00953	0.00511	0.01317
31	0.01837	0.01275	0.01554	0.01608	0.01872	0.01285	0.01178	0.02643	0.13646	0.07714	0.05499	0.38615	0.08885	0.02594	0.01230	0.00393	0.00683	0.05401	0.00999	0.01090
32	0.02283	0.02322	0.04385	0.25726	0.22199	0.02432	0.19524	0.03002	0.02261	0.03066	0.01939	0.02685	0.01510	0.00939	0.01083	0.00332	0.01440	0.01010	0.00493	0.01370
33	0.02397	0.08204	0.25138	0.06855	0.07642	0.02666	0.06159	0.07196	0.12261	0.03521	0.02272	0.02566	0.01721	0.01117	0.01167	0.00330	0.05813	0.00890	0.00603	0.01482
34	0.20029	0.01977	0.02288	0.02202	0.06532	0.04924	0.04969	0.08985	0.02504	0.07439	0.06421	0.08820	0.03231	0.06828	0.01375	0.00401	0.00993	0.08087	0.00799	0.01196
35	0.01550	0.01143	0.01508	0.01644	0.01832	0.01169	0.01273	0.02092	0.06634	0.02952	0.08344	0.26902	0.05700	0.06492	0.08618	0.00603	0.01007	0.18689	0.00904	0.00946
36	0.16055	0.02304	0.03161	0.02881	0.10797	0.02415	0.08654	0.14616	0.02872	0.17913	0.02458	0.02608	0.01755	0.01138	0.01152	0.00327	0.05626	0.00917	0.00832	0.01517
37	0.10813	0.07191	0.15021	0.05530	0.03593	0.02564	0.08845	0.10333	0.02561	0.12974	0.02193	0.02454	0.01592	0.01139	0.01254	0.00332	0.08604	0.00872	0.00694	0.01442
38	0.01834	0.06746	0.19578	0.02034	0.02670	0.01858	0.02046	0.02596	0.06188	0.03112	0.10742	0.16566	0.04225	0.06319	0.01544	0.00404	0.04775	0.04861	0.00733	0.01167

[dist]
# distance from previous block
# <min> <max>
0	70

[block]
# block no. 3 follows, 14 sequences, length 37
# corresponding to MSA columns:
# 362-398
name=unknown_D
#
# <colnr> <probs for GDERKNQSTAVLIFYWHMCP>
#	G	D	E	R	K	N	Q	S	T	A	V	L	I	F	Y	W	H	M	C	P
0	0.25176	0.05310	0.09203	0.24514	0.04200	0.02227	0.02115	0.02720	0.01955	0.03354	0.02100	0.08993	0.01874	0.01232	0.00902	0.00334	0.01094	0.00979	0.00568	0.01151
1	0.02181	0.02714	0.18706	0.22979	0.04548	0.02031	0.02596	0.03119	0.07120	0.08125	0.02914	0.10058	0.02519	0.01429	0.01071	0.00352	0.01200	0.04369	0.00666	0.01303
2	0.02558	0.01923	0.02233	0.01758	0.02496	0.01764	0.01426	0.13292	0.06167	0.07446	0.07862	0.03790	0.02917	0.01247	0.00953	0.00252	0.00836	0.05473	0.00842	0.34765
3	0.07247	0.06819	0.03921	0.03094	0.08577	0.02665	0.17109	0.14819	0.11176	0.10279	0.02607	0.02780	0.01914	0.01082	0.01033	0.00321	0.01213	0.01007	0.00795	0.01541
4	0.03121	0.01768	0.02170	0.01776	0.02397	0.01703	0.01435	0.11669	0.07982	0.23362	0.16921	0.04733	0.04350	0.01523	0.01073	0.00314	0.00804	0.03983	0.01096	0.07820
5	0.10712	0.01315	0.01606	0.01494	0.01837	0.01293	0.01122	0.02669	0.02170	0.16970	0.08680	0.15081	0.04206	0.15120	0.07569	0.00610	0.00989	0.04570	0.00904	0.01083
6	0.02398	0.25469	0.03100	0.01601	0.02179	0.02355	0.01389	0.03036	0.07459	0.09509	0.25024	0.04550	0.05091	0.01475	0.00965	0.00285	0.00792	0.01201	0.00874	0.01248
7	0.03345	0.03866	0.02684	0.02432	0.02980	0.37961	0.01846	0.04615	0.23048	0.03191	0.02575	0.02606	0.02013	0.01185	0.00971	0.00296	0.01454	0.00851	0.00725	0.01356
8	0.01429	0.00968	0.01138	0.01200	0.01216	0.00953	0.00709	0.01476	0.01616	0.02155	0.03868	0.21536	0.04532	0.48021	0.04198	0.00843	0.00890	0.01866	0.00709	0.00677
9	0.02586	0.01431	0.01782	0.01580	0.02024	0.01353	0.01234	0.06140	0.05910	0.20066	0.16320	0.11710	0.11929	0.05843	0.01411	0.00387	0.00742	0.05238	0.01075	0.01240
10	0.03733	0.02086	0.02398	0.01884	0.02575	0.02140	0.01542	0.26356	0.03616	0.23881	0.03197	0.03103	0.02204	0.01238	0.00964	0.00297	0.00906	0.00968	0.15329	0.01582
11	0.63693	0.02084	0.01683	0.01462	0.02118	0.02400	0.01205	0.08705	0.02089	0.04812	0.01544	0.01756	0.01182	0.00984	0.00679	0.00316	0.00831	0.00597	0.00679	0.01182
12	0.03483	0.01657	0.02123	0.01760	0.02373	0.01564	0.01403	0.04335	0.12495	0.35710	0.12565	0.08638	0.04093	0.01567	0.01083	0.00331	0.00780	0.01325	0.01183	0.01533
13	0.01734	0.01081	0.01384	0.01346	0.01590	0.00988	0.00974	0.02064	0.02483	0.09436	0.28680	0.21347	0.11968	0.08265	0.01601	0.00413	0.00608	0.02026	0.01036	0.00978
14	0.09467	0.01868	0.02381	0.01840	0.02625	0.01722	0.01520	0.09391	0.03023	0.49490	0.03708	0.03263	0.02361	0.01243	0.01002	0.00317	0.00891	0.00987	0.01201	0.01699
15	0.30014	0.01837	0.02048	0.01644	0.02377	0.01811	0.01357	0.04244	0.02483	0.37773	0.03049	0.02796	0.01995	0.01149	0.00881	0.00318	0.00843	0.00850	0.01028	0.01504
16	0.19783	0.01538	0.01721	0.01494	0.01994	0.01551	0.01184	0.03210	0.06528	0.17362	0.26326	0.04867	0.05319	0.01558	0.01011	0.00322	0.00680	0.01279	0.01033	0.01241
17	0.12252	0.01619	0.01915	0.01595	0.02166	0.01578	0.01261	0.03932	0.08440	0.29806	0.08468	0.04017	0.03202	0.07322	0.01371	0.00379	0.00795	0.01097	0.07387	0.01397
18	0.04562	0.01814	0.02423	0.01858	0.02653	0.01609	0.01535	0.07951	0.03051	0.55134	0.03953	0.03431	0.02493	0.01268	0.01032	0.00317	0.00889	0.01026	0.01256	0.01746
19	0.02553	0.02204	0.02320	0.02088	0.02669	0.02553	0.01624	0.05453	0.55679	0.04293	0.04177	0.03829	0.03133	0.01392	0.01044	0.00348	0.00812	0.01160	0.01044	0.01624
20	0.01412	0.00983	0.01237	0.01345	0.01424	0.00950	0.00906	0.01592	0.01943	0.02611	0.10945	0.29173	0.05875	0.26210	0.02803	0.00632	0.00773	0.07556	0.00847	0.00782
21	0.01248	0.00903	0.01180	0.01402	0.01481	0.00836	0.00941	0.01432	0.01991	0.02630	0.05987	0.59543	0.10296	0.03172	0.01303	0.00412	0.00590	0.02865	0.00953	0.00836
22	0.02553	0.02204	0.02320	0.02088	0.02669	0.02553	0.01624	0.05453	0.55679	0.04293	0.04177	0.03829	0.03133	0.01392	0.01044	0.00348	0.00812	0.01160	0.01044	0.01624
23	0.02352	0.02561	0.04899	0.03678	0.04304	0.02813	0.33333	0.02963	0.02084	0.02963	0.01787	0.02561	0.01474	0.01235	0.02067	0.00387	0.25684	0.01087	0.00491	0.01280
24	0.02128	0.01824	0.02128	0.01520	0.02432	0.01368	0.01216	0.02584	0.02128	0.03344	0.01824	0.02128	0.01520	0.00760	0.00760	0.00152	0.00760	0.00608	0.00608	0.70208
25	0.03228	0.01856	0.02254	0.01730	0.02502	0.01643	0.01386	0.07541	0.07540	0.25047	0.03044	0.03124	0.02219	0.04917	0.01185	0.00298	0.00851	0.00902	0.00939	0.27794
26	0.02744	0.64552	0.05378	0.01756	0.02634	0.04061	0.01756	0.03073	0.02085	0.02414	0.01427	0.01646	0.01317	0.00878	0.00658	0.00219	0.01097	0.00549	0.00439	0.01317
27	0.01471	0.01061	0.01398	0.01346	0.01588	0.00988	0.01031	0.01954	0.02855	0.04019	0.52240	0.08026	0.09335	0.02166	0.01229	0.00337	0.00527	0.06350	0.01113	0.00966
28	0.01299	0.00976	0.01204	0.01289	0.01475	0.00881	0.00913	0.01587	0.02332	0.03090	0.21683	0.33491	0.20573	0.02734	0.01256	0.00372	0.00544	0.02418	0.01004	0.00881
29	0.01938	0.01824	0.03078	0.61468	0.07068	0.02280	0.02850	0.02622	0.02052	0.02622	0.01824	0.02736	0.01368	0.01026	0.01026	0.00342	0.01368	0.00912	0.00456	0.01140
30	0.02553	0.02204	0.02320	0.02088	0.02669	0.02553	0.01624	0.05453	0.55679	0.04293	0.04177	0.03829	0.03133	0.01392	0.01044	0.00348	0.00812	0.01160	0.01044	0.01624
31	0.02129	0.01978	0.03091	0.45651	0.05924	0.02515	0.02668	0.05951	0.02135	0.02842	0.01769	0.02618	0.01388	0.01196	0.01503	0.00362	0.13702	0.00910	0.00492	0.01176
32	0.01837	0.01160	0.01541	0.01563	0.01857	0.01085	0.01264	0.02257	0.02564	0.09486	0.22697	0.14192	0.11588	0.02433	0.01277	0.00389	0.00713	0.20029	0.01043	0.01024
33	0.02422	0.02768	0.06055	0.04325	0.05363	0.02595	0.53806	0.03287	0.02422	0.03287	0.02076	0.02768	0.01557	0.00865	0.01211	0.00346	0.01730	0.01211	0.00519	0.01384
34	0.01247	0.00907	0.01176	0.01392	0.01479	0.00837	0.00936	0.01433	0.02001	0.02634	0.06111	0.58145	0.11614	0.03156	0.01301	0.00410	0.00588	0.02845	0.00953	0.00837
35	0.38479	0.02426	0.02453	0.07461	0.03067	0.09282	0.06527	0.06484	0.02302	0.10127	0.01902	0.02146	0.01401	0.01016	0.00830	0.00315	0.01094	0.00740	0.00689	0.01259
36	0.09695	0.01527	0.02028	0.18890	0.03385	0.01680	0.01646	0.07061	0.02335	0.06672	0.06173	0.26929	0.04003	0.01974	0.01105	0.00363	0.00902	0.01723	0.00808	0.01100

[dist]
# distance from previous block
# <min> <max>
2	48

[block]
# block no. 4 follows, 14 sequences, length 23
# corresponding to MSA columns:
# 447-469
name=unknown_E
#
# <colnr> <probs for GDERKNQSTAVLIFYWHMCP>
#	G	D	E	R	K	N	Q	S	T	A	V	L	I	F	Y	W	H	M	C	P
0	0.62870	0.01965	0.01697	0.08567	0.02595	0.02299	0.01320	0.02969	0.01783	0.04366	0.01476	0.01795	0.01142	0.00961	0.00682	0.00320	0.00863	0.00598	0.00614	0.01115
1	0.03856	0.01978	0.02419	0.01940	0.02634	0.01950	0.01567	0.18211	0.06518	0.33487	0.03822	0.10882	0.02899	0.01516	0.01067	0.00329	0.00905	0.01251	0.01148	0.01622
2	0.11513	0.01460	0.01767	0.01539	0.02039	0.01341	0.01178	0.03057	0.02326	0.22464	0.07228	0.19844	0.03928	0.05878	0.01312	0.00370	0.00757	0.01516	0.00971	0.09512
3	0.02023	0.01712	0.02015	0.01509	0.02319	0.01304	0.01184	0.02445	0.02108	0.03257	0.02284	0.09468	0.02152	0.01055	0.00826	0.00184	0.00740	0.00885	0.00649	0.61879
4	0.02174	0.01950	0.03078	0.54372	0.06601	0.02388	0.02742	0.08804	0.02385	0.03084	0.01901	0.02703	0.01413	0.01051	0.01026	0.00338	0.01339	0.00913	0.00525	0.01213
5	0.01334	0.01044	0.01208	0.01167	0.01461	0.00918	0.00875	0.01708	0.02626	0.03454	0.34045	0.08754	0.33043	0.02345	0.01212	0.00334	0.00502	0.02009	0.01043	0.00918
6	0.02611	0.01334	0.01745	0.01603	0.02002	0.01238	0.01211	0.03135	0.06722	0.23296	0.13581	0.27418	0.05436	0.02174	0.01171	0.00359	0.00695	0.01912	0.01105	0.01252
7	0.02334	0.02228	0.03794	0.25162	0.40278	0.02384	0.03047	0.02969	0.02239	0.03103	0.01894	0.02607	0.01537	0.00953	0.01019	0.00318	0.01270	0.00914	0.00490	0.01460
8	0.01938	0.01824	0.03078	0.61468	0.07068	0.02280	0.02850	0.02622	0.02052	0.02622	0.01824	0.02736	0.01368	0.01026	0.01026	0.00342	0.01368	0.00912	0.00456	0.01140
9	0.02982	0.02229	0.02422	0.02089	0.02726	0.02497	0.01650	0.11425	0.42623	0.11471	0.03948	0.03617	0.02885	0.01357	0.01040	0.00339	0.00859	0.01115	0.01071	0.01655
10	0.05743	0.01191	0.01401	0.01501	0.01673	0.01229	0.01065	0.02161	0.09088	0.02882	0.04655	0.33215	0.05192	0.15859	0.02089	0.00533	0.00764	0.07961	0.00874	0.00924
11	0.02422	0.02768	0.06055	0.04325	0.05363	0.02595	0.53806	0.03287	0.02422	0.03287	0.02076	0.02768	0.01557	0.00865	0.01211	0.00346	0.01730	0.01211	0.00519	0.01384
12	0.02681	0.02483	0.03695	0.02888	0.03656	0.02648	0.19508	0.10944	0.30957	0.04227	0.03239	0.03291	0.02416	0.01191	0.01099	0.00342	0.01167	0.01147	0.00862	0.01558
13	0.13131	0.01777	0.02270	0.01765	0.02538	0.01610	0.01457	0.04747	0.02785	0.51375	0.03713	0.03259	0.02357	0.01229	0.00981	0.00318	0.00863	0.00971	0.01189	0.01665
14	0.01293	0.00961	0.01217	0.01403	0.01547	0.00885	0.01004	0.01527	0.02096	0.02710	0.06648	0.45226	0.17510	0.03034	0.01303	0.00409	0.00623	0.08798	0.00952	0.00855
15	0.01754	0.01409	0.01615	0.01561	0.01893	0.01468	0.01165	0.02970	0.20674	0.03681	0.21888	0.18635	0.12893	0.02162	0.01175	0.00355	0.00625	0.01887	0.01040	0.01150
16	0.01783	0.00891	0.01337	0.01337	0.01337	0.00891	0.00891	0.01337	0.01337	0.01783	0.01783	0.03119	0.01783	0.03565	0.04011	0.70143	0.00891	0.00891	0.00446	0.00446
17	0.03056	0.02197	0.02448	0.02104	0.02732	0.02417	0.01702	0.18102	0.28593	0.11409	0.03860	0.04411	0.03040	0.01519	0.01086	0.00349	0.00922	0.07415	0.01055	0.01585
18	0.01355	0.00969	0.01305	0.01503	0.01620	0.00919	0.01093	0.01630	0.02160	0.02894	0.11973	0.46143	0.06972	0.03001	0.01319	0.00416	0.00651	0.12230	0.00973	0.00872
19	0.01470	0.01071	0.01501	0.01491	0.01642	0.01182	0.01102	0.01772	0.01771	0.02513	0.09575	0.05060	0.03698	0.19109	0.40837	0.01344	0.02091	0.01278	0.00637	0.00859
20	0.02390	0.13957	0.43692	0.02678	0.04012	0.02736	0.03256	0.09526	0.02484	0.03522	0.01856	0.02125	0.01358	0.00992	0.00934	0.00307	0.01405	0.00747	0.00508	0.01515
21	0.10372	0.02949	0.24711	0.02069	0.02800	0.01857	0.02184	0.02504	0.01975	0.03115	0.06475	0.11095	0.03012	0.10818	0.05339	0.00520	0.05222	0.01224	0.00610	0.01149
22	0.01465	0.01179	0.01855	0.01741	0.01984	0.01098	0.07507	0.01833	0.02343	0.03214	0.22765	0.36758	0.07129	0.02542	0.01264	0.00376	0.00698	0.02343	0.00959	0.00948

[dist]
# distance from previous block
# <min> <max>
11	231

# created by:
# /st0/software/busco_prod/Augustus/scripts/msa2prfl.pl ./align_prep/8455.fa
