[name]
unknown

[dist]
# distance from previous block
# <min> <max>
0	27

[block]
# block no. 0 follows, 14 sequences, length 17
# corresponding to MSA columns:
# 27-43
name=unknown_A
#
# <colnr> <probs for GDERKNQSTAVLIFYWHMCP>
#	G	D	E	R	K	N	Q	S	T	A	V	L	I	F	Y	W	H	M	C	P
0	0.01421	0.01076	0.01329	0.01347	0.01622	0.00984	0.01064	0.01830	0.02597	0.03440	0.30029	0.09281	0.24212	0.02430	0.01259	0.00365	0.00602	0.13154	0.01030	0.00930
1	0.01492	0.00995	0.01119	0.01119	0.01119	0.00995	0.00622	0.01492	0.01492	0.01990	0.03233	0.06716	0.03731	0.63935	0.05223	0.00995	0.00995	0.01492	0.00622	0.00622
2	0.02304	0.26573	0.39508	0.02505	0.03793	0.02985	0.03061	0.03186	0.02137	0.02950	0.01693	0.01980	0.01306	0.00940	0.00861	0.00287	0.01366	0.00683	0.00435	0.01445
3	0.01565	0.01167	0.01469	0.01373	0.01649	0.01131	0.01036	0.02297	0.08313	0.04133	0.51580	0.07272	0.09012	0.02026	0.01193	0.00325	0.00518	0.01785	0.01121	0.01036
4	0.01501	0.01298	0.02017	0.01755	0.02119	0.01180	0.09715	0.01916	0.02455	0.03261	0.23129	0.19729	0.21340	0.02283	0.01233	0.00354	0.00727	0.02071	0.00938	0.00979
5	0.02452	0.36908	0.20122	0.08604	0.07464	0.03287	0.02544	0.03082	0.02122	0.02738	0.01621	0.01969	0.01339	0.00923	0.00811	0.00268	0.01253	0.00671	0.00444	0.01377
6	0.02115	0.01973	0.03260	0.25227	0.29562	0.02116	0.02645	0.02713	0.02293	0.03126	0.08152	0.03671	0.06408	0.01199	0.01054	0.00323	0.01146	0.01101	0.00585	0.01328
7	0.02744	0.64552	0.05378	0.01756	0.02634	0.04061	0.01756	0.03073	0.02085	0.02414	0.01427	0.01646	0.01317	0.00878	0.00658	0.00219	0.01097	0.00549	0.00439	0.01317
8	0.02128	0.01824	0.02128	0.01520	0.02432	0.01368	0.01216	0.02584	0.02128	0.03344	0.01824	0.02128	0.01520	0.00760	0.00760	0.00152	0.00760	0.00608	0.00608	0.70208
9	0.02744	0.64552	0.05378	0.01756	0.02634	0.04061	0.01756	0.03073	0.02085	0.02414	0.01427	0.01646	0.01317	0.00878	0.00658	0.00219	0.01097	0.00549	0.00439	0.01317
10	0.71184	0.01985	0.01508	0.01350	0.01985	0.02302	0.01111	0.03017	0.01746	0.04604	0.01429	0.01667	0.01111	0.00953	0.00635	0.00318	0.00794	0.00556	0.00635	0.01111
11	0.02477	0.02375	0.04053	0.12026	0.52295	0.02422	0.03118	0.03095	0.02307	0.03277	0.01919	0.02560	0.01599	0.00926	0.01017	0.00309	0.01235	0.00914	0.00503	0.01575
12	0.02530	0.02467	0.04330	0.06127	0.53001	0.02452	0.07550	0.03161	0.02344	0.03347	0.01943	0.02560	0.01620	0.00910	0.01033	0.00308	0.01264	0.00940	0.00509	0.01605
13	0.01492	0.00995	0.01119	0.01119	0.01119	0.00995	0.00622	0.01492	0.01492	0.01990	0.03233	0.06716	0.03731	0.63935	0.05223	0.00995	0.00995	0.01492	0.00622	0.00622
14	0.02744	0.64552	0.05378	0.01756	0.02634	0.04061	0.01756	0.03073	0.02085	0.02414	0.01427	0.01646	0.01317	0.00878	0.00658	0.00219	0.01097	0.00549	0.00439	0.01317
15	0.02737	0.02780	0.03607	0.18013	0.32078	0.13012	0.02781	0.06828	0.02553	0.03252	0.01881	0.02453	0.01519	0.00989	0.01002	0.00306	0.01363	0.00868	0.00537	0.01442
16	0.01452	0.01049	0.01372	0.01291	0.01533	0.00968	0.00968	0.01937	0.02905	0.04115	0.56992	0.07666	0.09683	0.02098	0.01210	0.00323	0.00484	0.01856	0.01130	0.00968

[dist]
# distance from previous block
# <min> <max>
0	9

[block]
# block no. 1 follows, 14 sequences, length 9
# corresponding to MSA columns:
# 53-61
name=unknown_B
#
# <colnr> <probs for GDERKNQSTAVLIFYWHMCP>
#	G	D	E	R	K	N	Q	S	T	A	V	L	I	F	Y	W	H	M	C	P
0	0.03901	0.02874	0.03080	0.02361	0.03182	0.03182	0.01951	0.54111	0.04825	0.06468	0.02464	0.02464	0.01745	0.01232	0.01027	0.00308	0.01129	0.00924	0.01027	0.01745
1	0.01938	0.01824	0.03078	0.61468	0.07068	0.02280	0.02850	0.02622	0.02052	0.02622	0.01824	0.02736	0.01368	0.01026	0.01026	0.00342	0.01368	0.00912	0.00456	0.01140
2	0.01427	0.01038	0.01273	0.01273	0.01403	0.01061	0.00866	0.01598	0.01715	0.02275	0.04539	0.06498	0.14246	0.33358	0.21960	0.01073	0.01461	0.01504	0.00666	0.00766
3	0.01825	0.01608	0.02475	0.15491	0.18643	0.01649	0.01959	0.02350	0.02466	0.03355	0.21734	0.05526	0.13579	0.01617	0.01116	0.00326	0.00888	0.01439	0.00779	0.01175
4	0.02394	0.01111	0.01271	0.01182	0.01516	0.01056	0.00903	0.02825	0.02293	0.14802	0.03726	0.09824	0.03036	0.01417	0.00842	0.00273	0.00571	0.01172	0.48679	0.01105
5	0.02126	0.02046	0.03282	0.35740	0.14472	0.02547	0.02733	0.02670	0.01967	0.02704	0.01710	0.02566	0.01406	0.01221	0.01674	0.00365	0.18180	0.00909	0.00463	0.01218
6	0.03901	0.02874	0.03080	0.02361	0.03182	0.03182	0.01951	0.54111	0.04825	0.06468	0.02464	0.02464	0.01745	0.01232	0.01027	0.00308	0.01129	0.00924	0.01027	0.01745
7	0.02591	0.43383	0.13113	0.02193	0.03148	0.03514	0.06601	0.03380	0.08014	0.02823	0.01848	0.02062	0.01535	0.00948	0.00797	0.00261	0.01185	0.00705	0.00512	0.01387
8	0.01404	0.01020	0.01277	0.01365	0.01504	0.00931	0.00903	0.01571	0.01870	0.02549	0.04659	0.43092	0.05481	0.17394	0.02181	0.00525	0.00709	0.02325	0.00836	0.08404

[dist]
# distance from previous block
# <min> <max>
0	2

[block]
# block no. 2 follows, 14 sequences, length 42
# corresponding to MSA columns:
# 64-105
name=unknown_C
#
# <colnr> <probs for GDERKNQSTAVLIFYWHMCP>
#	G	D	E	R	K	N	Q	S	T	A	V	L	I	F	Y	W	H	M	C	P
0	0.08854	0.17656	0.41740	0.02523	0.03819	0.02734	0.03098	0.03190	0.02109	0.03202	0.01713	0.02007	0.01285	0.00952	0.00875	0.00302	0.01357	0.00694	0.00454	0.01435
1	0.02466	0.01407	0.01810	0.01753	0.02130	0.01384	0.01455	0.07225	0.02582	0.14746	0.04464	0.07902	0.04323	0.09017	0.01666	0.00464	0.00912	0.26300	0.06849	0.01146
2	0.09104	0.39286	0.22302	0.02097	0.03159	0.03346	0.02355	0.03125	0.02079	0.02896	0.01562	0.01817	0.01292	0.00917	0.00759	0.00263	0.01204	0.00617	0.00456	0.01362
3	0.01690	0.01036	0.01400	0.01550	0.01720	0.00966	0.01131	0.01942	0.02139	0.08873	0.05441	0.48024	0.06169	0.02936	0.01297	0.00415	0.00684	0.10648	0.00987	0.00953
4	0.02189	0.02193	0.06847	0.02170	0.02604	0.02305	0.01846	0.03769	0.26923	0.03545	0.06673	0.09131	0.03536	0.01775	0.01616	0.00384	0.14291	0.06011	0.00852	0.01338
5	0.01259	0.00966	0.01154	0.01267	0.01455	0.00861	0.00889	0.01502	0.02210	0.02843	0.13146	0.36947	0.26098	0.02859	0.01262	0.00380	0.00555	0.02516	0.00972	0.00861
6	0.02744	0.64552	0.05378	0.01756	0.02634	0.04061	0.01756	0.03073	0.02085	0.02414	0.01427	0.01646	0.01317	0.00878	0.00658	0.00219	0.01097	0.00549	0.00439	0.01317
7	0.01319	0.01035	0.01192	0.01171	0.01456	0.00909	0.00871	0.01672	0.02564	0.03347	0.30362	0.11907	0.33702	0.02416	0.01217	0.00340	0.00509	0.02073	0.01030	0.00909
8	0.03833	0.04891	0.02908	0.02644	0.03173	0.59815	0.01983	0.04098	0.02908	0.02512	0.01586	0.01851	0.01322	0.01058	0.00925	0.00264	0.01851	0.00661	0.00529	0.01190
9	0.01750	0.01410	0.01604	0.01492	0.01860	0.01445	0.01137	0.02948	0.19347	0.03907	0.31272	0.06896	0.16947	0.01975	0.01159	0.00335	0.00594	0.01699	0.01068	0.01154
10	0.02593	0.51546	0.17066	0.02013	0.03031	0.03692	0.02203	0.03112	0.02103	0.02598	0.01518	0.01760	0.01313	0.00899	0.00728	0.00243	0.01189	0.00595	0.00438	0.01361
11	0.01320	0.01011	0.01209	0.01228	0.01469	0.00901	0.00895	0.01654	0.02490	0.03291	0.28516	0.20688	0.26562	0.02528	0.01233	0.00352	0.00522	0.02203	0.01026	0.00901
12	0.01476	0.01059	0.01443	0.01443	0.01555	0.01171	0.01026	0.01700	0.01588	0.02230	0.02937	0.05075	0.03018	0.29554	0.38629	0.01395	0.02067	0.01252	0.00578	0.00802
13	0.02161	0.01874	0.02293	0.01907	0.06892	0.01455	0.01372	0.02630	0.02145	0.03345	0.01833	0.02161	0.01529	0.00772	0.00781	0.00164	0.00797	0.00633	0.00600	0.64657
14	0.01305	0.00951	0.01230	0.01355	0.01492	0.00875	0.00942	0.01580	0.02269	0.03066	0.20919	0.42510	0.12031	0.02838	0.01273	0.00383	0.00557	0.02545	0.01004	0.00875
15	0.02487	0.13441	0.20318	0.03435	0.09370	0.02793	0.19683	0.06695	0.05675	0.03411	0.02043	0.02437	0.01559	0.00959	0.01013	0.00313	0.01423	0.00924	0.00546	0.01472
16	0.01543	0.01206	0.01732	0.14514	0.02745	0.01245	0.01380	0.02046	0.02641	0.03666	0.40720	0.11089	0.07623	0.01953	0.01178	0.00335	0.00687	0.01735	0.00967	0.00995
17	0.50652	0.02699	0.01950	0.01720	0.02348	0.15004	0.01374	0.07617	0.02264	0.04304	0.01552	0.01775	0.01212	0.00999	0.00732	0.00305	0.01054	0.00610	0.00645	0.01183
18	0.02499	0.31994	0.12745	0.07411	0.03634	0.03218	0.08706	0.03489	0.11167	0.02984	0.02068	0.02327	0.01655	0.00990	0.00872	0.00283	0.01215	0.00798	0.00552	0.01392
19	0.02357	0.02252	0.03835	0.23038	0.42221	0.02390	0.03059	0.02989	0.02250	0.03131	0.01898	0.02599	0.01547	0.00948	0.01019	0.00316	0.01264	0.00914	0.00492	0.01478
20	0.01416	0.00980	0.01213	0.01273	0.01333	0.00970	0.00812	0.01552	0.01799	0.02442	0.09864	0.22948	0.05176	0.34702	0.08312	0.00809	0.00972	0.01911	0.00768	0.00747
21	0.03141	0.02356	0.02958	0.08005	0.03425	0.02556	0.06264	0.26797	0.12553	0.09392	0.08894	0.03412	0.02880	0.01308	0.01066	0.00324	0.01057	0.01100	0.00963	0.01549
22	0.01278	0.00929	0.01185	0.01354	0.01458	0.00859	0.00914	0.01481	0.02058	0.02726	0.10421	0.49061	0.12484	0.06784	0.01531	0.00436	0.00602	0.02655	0.00947	0.00836
23	0.02260	0.01168	0.01459	0.01302	0.01660	0.01079	0.01006	0.02724	0.02683	0.15485	0.29472	0.05615	0.06026	0.01648	0.01023	0.00296	0.00565	0.01408	0.21992	0.01129
24	0.01250	0.00893	0.01191	0.01429	0.01488	0.00834	0.00953	0.01429	0.01965	0.02620	0.05656	0.63265	0.06787	0.03215	0.01310	0.00417	0.00595	0.02917	0.00953	0.00834
25	0.04547	0.01838	0.02438	0.01869	0.02665	0.01644	0.01544	0.08976	0.03090	0.54053	0.03920	0.03410	0.02476	0.01267	0.01032	0.00317	0.00894	0.01023	0.01250	0.01746
26	0.02567	0.02066	0.02337	0.08440	0.02939	0.05265	0.01570	0.14325	0.06943	0.03658	0.02137	0.02611	0.01731	0.01581	0.01596	0.15597	0.01008	0.00823	0.00681	0.22124
27	0.02553	0.02204	0.02320	0.02088	0.02669	0.02553	0.01624	0.05453	0.55679	0.04293	0.04177	0.03829	0.03133	0.01392	0.01044	0.00348	0.00812	0.01160	0.01044	0.01624
28	0.01241	0.00931	0.01151	0.01328	0.01462	0.00842	0.00908	0.01440	0.02062	0.02659	0.06888	0.49394	0.19864	0.03055	0.01285	0.00399	0.00576	0.02722	0.00953	0.00842
29	0.03671	0.04179	0.02970	0.02591	0.03121	0.41785	0.02005	0.14281	0.03157	0.03327	0.01742	0.02022	0.01412	0.01176	0.01218	0.00294	0.08388	0.00742	0.00623	0.01297
30	0.01688	0.01365	0.01792	0.02089	0.07993	0.01347	0.01332	0.02397	0.11075	0.03045	0.04666	0.41280	0.05148	0.02443	0.01185	0.00370	0.00715	0.02201	0.00889	0.06978
31	0.02744	0.64552	0.05378	0.01756	0.02634	0.04061	0.01756	0.03073	0.02085	0.02414	0.01427	0.01646	0.01317	0.00878	0.00658	0.00219	0.01097	0.00549	0.00439	0.01317
32	0.49983	0.07951	0.02072	0.01493	0.02186	0.02297	0.01261	0.03458	0.02040	0.16170	0.02004	0.02066	0.01445	0.01015	0.00724	0.00308	0.00840	0.00660	0.00756	0.01271
33	0.02759	0.02307	0.02437	0.02130	0.02747	0.02649	0.01674	0.12905	0.47891	0.04626	0.03914	0.03620	0.02920	0.01368	0.01042	0.00342	0.00861	0.01124	0.01042	0.01643
34	0.02403	0.01815	0.02156	0.01554	0.02453	0.01384	0.01248	0.02852	0.02218	0.09442	0.02071	0.02280	0.01633	0.00817	0.00790	0.00170	0.00773	0.00655	0.00682	0.62604
35	0.23540	0.03526	0.25066	0.02255	0.03279	0.02529	0.02410	0.13209	0.07699	0.04384	0.02061	0.02232	0.01505	0.01058	0.00888	0.00322	0.01154	0.00767	0.00668	0.01448
36	0.08752	0.26841	0.03766	0.02012	0.02814	0.03384	0.01770	0.24612	0.09153	0.04490	0.02165	0.02231	0.01681	0.01089	0.00853	0.00279	0.01054	0.00774	0.00767	0.01513
37	0.17063	0.15708	0.11790	0.02110	0.06124	0.02385	0.01891	0.03384	0.02215	0.13992	0.02097	0.02225	0.01561	0.00967	0.00815	0.00269	0.01008	0.00709	0.00672	0.13015
38	0.02946	0.02257	0.03036	0.03552	0.22123	0.02376	0.02162	0.12214	0.18568	0.11022	0.03178	0.06763	0.02523	0.01294	0.01046	0.00327	0.01002	0.01127	0.00874	0.01611
39	0.01567	0.01171	0.01582	0.01561	0.01736	0.01325	0.01155	0.02068	0.06342	0.02456	0.02989	0.04653	0.02893	0.20545	0.41698	0.01379	0.02161	0.01198	0.00610	0.00908
40	0.02739	0.53250	0.04767	0.01786	0.02553	0.09155	0.01678	0.03033	0.02112	0.02387	0.01600	0.02110	0.01529	0.06415	0.01084	0.00292	0.01161	0.00642	0.00464	0.01244
41	0.03703	0.07624	0.03660	0.02878	0.09334	0.02196	0.12585	0.08252	0.02842	0.31676	0.03047	0.02992	0.02063	0.01109	0.01034	0.00313	0.01130	0.01005	0.00937	0.01620

[dist]
# distance from previous block
# <min> <max>
2	11

[block]
# block no. 3 follows, 14 sequences, length 23
# corresponding to MSA columns:
# 117-139
name=unknown_D
#
# <colnr> <probs for GDERKNQSTAVLIFYWHMCP>
#	G	D	E	R	K	N	Q	S	T	A	V	L	I	F	Y	W	H	M	C	P
0	0.02247	0.02140	0.03637	0.33122	0.32997	0.02361	0.03004	0.02893	0.02198	0.02997	0.01879	0.02635	0.01500	0.00969	0.01021	0.00323	0.01292	0.00913	0.00483	0.01389
1	0.02256	0.02719	0.16335	0.28311	0.10728	0.02129	0.02766	0.02999	0.02186	0.07083	0.02004	0.02545	0.01488	0.00981	0.00974	0.00304	0.01261	0.00839	0.00539	0.11552
2	0.02852	0.02353	0.02489	0.02149	0.02783	0.02692	0.01697	0.16266	0.44378	0.04776	0.03796	0.03525	0.02824	0.01357	0.01040	0.00339	0.00883	0.01108	0.01040	0.01651
3	0.01494	0.01171	0.01619	0.01952	0.07499	0.01068	0.01216	0.01752	0.02024	0.02786	0.04791	0.49329	0.05594	0.02670	0.01211	0.00372	0.00681	0.02422	0.00863	0.09483
4	0.02799	0.01452	0.01952	0.01784	0.02301	0.01301	0.01489	0.03217	0.02520	0.23977	0.04480	0.11405	0.04158	0.02016	0.01182	0.00370	0.00867	0.21910	0.01027	0.09793
5	0.02767	0.52348	0.04934	0.01916	0.02681	0.03883	0.01831	0.06731	0.02222	0.02718	0.01493	0.01780	0.01352	0.01017	0.01020	0.00254	0.08627	0.00619	0.00483	0.01324
6	0.13255	0.08145	0.13696	0.06766	0.03495	0.23459	0.02248	0.11178	0.02763	0.03566	0.01752	0.02029	0.01354	0.01038	0.00896	0.00293	0.01432	0.00715	0.00590	0.01331
7	0.01475	0.01063	0.01462	0.01462	0.01581	0.01181	0.01050	0.01713	0.01594	0.02244	0.02920	0.04978	0.02976	0.27523	0.40603	0.01419	0.02130	0.01238	0.00575	0.00812
8	0.02426	0.37100	0.30047	0.02298	0.03472	0.03283	0.02699	0.03155	0.02123	0.02802	0.01619	0.01887	0.01309	0.00923	0.00805	0.00268	0.01292	0.00646	0.00436	0.01409
9	0.01466	0.01100	0.01649	0.01649	0.01833	0.01283	0.01283	0.01833	0.01649	0.02382	0.02749	0.04032	0.02566	0.07697	0.59868	0.01649	0.02749	0.01100	0.00550	0.00916
10	0.01452	0.01049	0.01372	0.01291	0.01533	0.00968	0.00968	0.01937	0.02905	0.04115	0.56992	0.07666	0.09683	0.02098	0.01210	0.00323	0.00484	0.01856	0.01130	0.00968
11	0.01828	0.01379	0.01783	0.01928	0.02231	0.01447	0.01648	0.02770	0.12685	0.03308	0.05190	0.10076	0.05369	0.02556	0.01345	0.00448	0.00919	0.41049	0.00964	0.01076
12	0.01897	0.01734	0.02476	0.02228	0.02310	0.02313	0.01816	0.02185	0.01606	0.02431	0.01973	0.03043	0.01891	0.04430	0.28590	0.00985	0.35581	0.00988	0.00494	0.01030
13	0.71184	0.01985	0.01508	0.01350	0.01985	0.02302	0.01111	0.03017	0.01746	0.04604	0.01429	0.01667	0.01111	0.00953	0.00635	0.00318	0.00794	0.00556	0.00635	0.01111
14	0.02489	0.02362	0.03914	0.05709	0.50729	0.02306	0.02911	0.03080	0.02311	0.03352	0.01917	0.02489	0.01612	0.00895	0.00984	0.00286	0.01162	0.00877	0.00520	0.10094
15	0.01603	0.01121	0.01309	0.01196	0.01539	0.00997	0.00907	0.02043	0.02532	0.03717	0.29362	0.06460	0.15284	0.01807	0.01039	0.00286	0.00523	0.01543	0.17234	0.09498
16	0.01565	0.01122	0.01369	0.01294	0.01450	0.01109	0.00851	0.01708	0.01608	0.02250	0.02945	0.05514	0.03182	0.42834	0.17595	0.01046	0.01381	0.01290	0.00603	0.09284
17	0.02540	0.02438	0.04165	0.06299	0.57533	0.02438	0.03149	0.03149	0.02337	0.03353	0.01930	0.02540	0.01626	0.00914	0.01016	0.00305	0.01219	0.00914	0.00508	0.01626
18	0.01803	0.01496	0.02337	0.02997	0.18955	0.01591	0.01746	0.02181	0.01835	0.02615	0.02579	0.04035	0.02476	0.15337	0.32182	0.01120	0.01971	0.01110	0.00549	0.01085
19	0.07952	0.02313	0.07175	0.04079	0.30371	0.02118	0.02406	0.03365	0.07143	0.09412	0.10458	0.03417	0.02984	0.01177	0.01016	0.00315	0.01026	0.01048	0.00732	0.01492
20	0.02629	0.54659	0.14268	0.01951	0.02936	0.03780	0.02096	0.03102	0.02099	0.02554	0.01496	0.01733	0.01314	0.00894	0.00711	0.00237	0.01167	0.00584	0.00438	0.01350
21	0.03275	0.04031	0.15071	0.02457	0.03291	0.27388	0.02235	0.07445	0.06955	0.09024	0.02187	0.02316	0.01634	0.01074	0.00949	0.00283	0.01446	0.00774	0.00668	0.07497
22	0.10708	0.03829	0.02766	0.02421	0.02974	0.35260	0.01880	0.12619	0.06928	0.03546	0.01895	0.02115	0.01509	0.01160	0.01113	0.00298	0.06265	0.00751	0.00658	0.01305

[dist]
# distance from previous block
# <min> <max>
0	7

[block]
# block no. 4 follows, 14 sequences, length 39
# corresponding to MSA columns:
# 147-185
name=unknown_E
#
# <colnr> <probs for GDERKNQSTAVLIFYWHMCP>
#	G	D	E	R	K	N	Q	S	T	A	V	L	I	F	Y	W	H	M	C	P
0	0.02131	0.02414	0.09763	0.02249	0.02854	0.06658	0.06955	0.03231	0.14405	0.03388	0.07897	0.12380	0.04008	0.01787	0.01145	0.00358	0.01054	0.11197	0.00819	0.05307
1	0.02378	0.02252	0.03716	0.20902	0.39250	0.02405	0.02940	0.03200	0.06734	0.03233	0.02090	0.02701	0.01682	0.00985	0.01021	0.00319	0.01225	0.00934	0.00539	0.01494
2	0.02742	0.01534	0.01911	0.01666	0.02154	0.01501	0.01299	0.03725	0.14976	0.22141	0.22371	0.10517	0.05516	0.01761	0.01122	0.00336	0.00700	0.01518	0.01141	0.01367
3	0.02802	0.11263	0.27318	0.02597	0.03715	0.02615	0.06977	0.10466	0.07935	0.10893	0.02414	0.02531	0.01727	0.01068	0.00977	0.00313	0.01277	0.00868	0.00691	0.01552
4	0.01995	0.01293	0.01600	0.01444	0.01813	0.01239	0.01109	0.02764	0.09776	0.11238	0.38701	0.06810	0.12249	0.01941	0.01165	0.00328	0.00582	0.01683	0.01121	0.01149
5	0.01448	0.01067	0.01456	0.01456	0.01610	0.01169	0.01067	0.01712	0.01678	0.02323	0.03628	0.05283	0.08261	0.21286	0.40362	0.01356	0.02088	0.01304	0.00608	0.00838
6	0.01675	0.01109	0.01320	0.01231	0.01546	0.00985	0.00917	0.02019	0.02558	0.08760	0.28717	0.08022	0.26820	0.07918	0.01564	0.00394	0.00584	0.01861	0.01028	0.00974
7	0.03901	0.02874	0.03080	0.02361	0.03182	0.03182	0.01951	0.54111	0.04825	0.06468	0.02464	0.02464	0.01745	0.01232	0.01027	0.00308	0.01129	0.00924	0.01027	0.01745
8	0.01488	0.01014	0.01216	0.01216	0.01249	0.01047	0.00742	0.01554	0.01521	0.02061	0.03145	0.06228	0.03519	0.53723	0.15146	0.01114	0.01313	0.01421	0.00609	0.00675
9	0.71184	0.01985	0.01508	0.01350	0.01985	0.02302	0.01111	0.03017	0.01746	0.04604	0.01429	0.01667	0.01111	0.00953	0.00635	0.00318	0.00794	0.00556	0.00635	0.01111
10	0.71184	0.01985	0.01508	0.01350	0.01985	0.02302	0.01111	0.03017	0.01746	0.04604	0.01429	0.01667	0.01111	0.00953	0.00635	0.00318	0.00794	0.00556	0.00635	0.01111
11	0.01250	0.00893	0.01191	0.01429	0.01488	0.00834	0.00953	0.01429	0.01965	0.02620	0.05656	0.63265	0.06787	0.03215	0.01310	0.00417	0.00595	0.02917	0.00953	0.00834
12	0.01250	0.00893	0.01191	0.01429	0.01488	0.00834	0.00953	0.01429	0.01965	0.02620	0.05656	0.63265	0.06787	0.03215	0.01310	0.00417	0.00595	0.02917	0.00953	0.00834
13	0.02041	0.01255	0.01749	0.01882	0.02191	0.01224	0.01635	0.02503	0.02438	0.10305	0.05252	0.10516	0.05465	0.02630	0.01367	0.00452	0.00936	0.44124	0.00988	0.01050
14	0.02530	0.02624	0.04120	0.09896	0.19938	0.09939	0.20081	0.03172	0.02390	0.03208	0.02110	0.02715	0.01668	0.00964	0.01033	0.00309	0.01397	0.00988	0.09572	0.01348
15	0.01273	0.00928	0.01200	0.01372	0.01484	0.00854	0.00938	0.01500	0.02125	0.02831	0.12856	0.50687	0.12152	0.03008	0.01287	0.00397	0.00573	0.02704	0.00976	0.00854
16	0.02633	0.01994	0.02778	0.03379	0.22358	0.02017	0.02003	0.06383	0.13631	0.11631	0.08977	0.04422	0.10458	0.01423	0.01070	0.00323	0.00916	0.01242	0.00876	0.01484
17	0.46706	0.01958	0.01818	0.01557	0.02222	0.02150	0.01271	0.03797	0.09094	0.17035	0.02398	0.02375	0.01709	0.01084	0.00781	0.00322	0.00815	0.00746	0.00836	0.01326
18	0.02744	0.64552	0.05378	0.01756	0.02634	0.04061	0.01756	0.03073	0.02085	0.02414	0.01427	0.01646	0.01317	0.00878	0.00658	0.00219	0.01097	0.00549	0.00439	0.01317
19	0.02396	0.01749	0.02098	0.01541	0.02381	0.01353	0.01234	0.02847	0.02299	0.10607	0.06743	0.02771	0.02338	0.00939	0.00833	0.00188	0.00752	0.00768	0.00739	0.55425
20	0.06797	0.07563	0.03762	0.04634	0.36899	0.02501	0.02572	0.08107	0.02599	0.11552	0.02215	0.02547	0.01714	0.00994	0.00968	0.00300	0.01127	0.00882	0.00667	0.01600
21	0.02995	0.02658	0.03432	0.15953	0.27533	0.11800	0.02601	0.06884	0.02620	0.10474	0.02166	0.02585	0.01652	0.01029	0.01006	0.00307	0.01302	0.00888	0.00636	0.01480
22	0.01303	0.00931	0.01251	0.01489	0.01572	0.00879	0.01045	0.01520	0.02017	0.02679	0.05627	0.56488	0.06672	0.03165	0.01324	0.00424	0.00641	0.09172	0.00952	0.00848
23	0.02660	0.03640	0.25254	0.03519	0.09325	0.02491	0.19134	0.10059	0.02672	0.08022	0.02179	0.02535	0.01567	0.00992	0.01065	0.00327	0.01455	0.00959	0.00611	0.01533
24	0.02442	0.15935	0.28020	0.02210	0.03310	0.02344	0.02488	0.03198	0.02301	0.09474	0.07099	0.02716	0.02251	0.01062	0.00908	0.00278	0.01154	0.00827	0.00620	0.11364
25	0.01299	0.00984	0.01199	0.01270	0.01471	0.00884	0.00905	0.01593	0.02358	0.03111	0.22372	0.30563	0.22875	0.02696	0.01251	0.00368	0.00539	0.02374	0.01005	0.00884
26	0.02431	0.34662	0.27638	0.02459	0.03617	0.03238	0.06971	0.03165	0.02147	0.02836	0.01654	0.01957	0.01330	0.00917	0.00837	0.00274	0.01325	0.00692	0.00443	0.01406
27	0.01398	0.01047	0.01296	0.01234	0.01500	0.00945	0.00925	0.01831	0.02776	0.03810	0.46399	0.08168	0.20466	0.02212	0.01211	0.00328	0.00492	0.01926	0.01089	0.00945
28	0.02744	0.64552	0.05378	0.01756	0.02634	0.04061	0.01756	0.03073	0.02085	0.02414	0.01427	0.01646	0.01317	0.00878	0.00658	0.00219	0.01097	0.00549	0.00439	0.01317
29	0.03251	0.19876	0.08382	0.02557	0.03401	0.17495	0.08412	0.17817	0.03115	0.03759	0.01873	0.02108	0.01468	0.01029	0.00922	0.00280	0.01406	0.00781	0.00637	0.01430
30	0.02986	0.08039	0.03079	0.23863	0.04467	0.25784	0.02219	0.03659	0.07405	0.05993	0.02044	0.02436	0.01577	0.01075	0.00958	0.00300	0.01462	0.00811	0.00587	0.01255
31	0.01372	0.01046	0.01261	0.01207	0.01484	0.00934	0.00905	0.01781	0.02715	0.03666	0.41391	0.08406	0.25565	0.02266	0.01211	0.00331	0.00496	0.01960	0.01071	0.00934
32	0.01468	0.01091	0.01608	0.01608	0.01776	0.01260	0.01231	0.01806	0.01637	0.02351	0.02787	0.04243	0.02657	0.12124	0.55566	0.01598	0.02611	0.01130	0.00555	0.00893
33	0.01357	0.00917	0.01178	0.01353	0.01454	0.00863	0.00923	0.01605	0.02082	0.02926	0.10439	0.49965	0.06529	0.02840	0.01222	0.00384	0.00569	0.02555	0.09975	0.00863
34	0.01250	0.00893	0.01191	0.01429	0.01488	0.00834	0.00953	0.01429	0.01965	0.02620	0.05656	0.63265	0.06787	0.03215	0.01310	0.00417	0.00595	0.02917	0.00953	0.00834
35	0.01411	0.01042	0.01351	0.01524	0.01718	0.00982	0.01191	0.01737	0.02246	0.02913	0.09572	0.29752	0.16253	0.02883	0.01327	0.00419	0.00709	0.21118	0.00960	0.00891
36	0.02156	0.02047	0.03472	0.41469	0.25362	0.02337	0.02959	0.02813	0.02155	0.02887	0.01863	0.02665	0.01461	0.00986	0.01022	0.00329	0.01314	0.00913	0.00475	0.01316
37	0.02760	0.02289	0.03827	0.10794	0.45547	0.02300	0.02903	0.03348	0.02391	0.10610	0.02203	0.02685	0.01724	0.00972	0.01019	0.00310	0.01187	0.00930	0.00605	0.01597
38	0.07383	0.01123	0.01317	0.01312	0.01592	0.01051	0.00966	0.01963	0.02405	0.06786	0.23304	0.23657	0.18590	0.02392	0.01181	0.00355	0.00575	0.02077	0.01005	0.00966

[dist]
# distance from previous block
# <min> <max>
0	221

# created by:
# /st0/software/busco_prod/Augustus/scripts/msa2prfl.pl ./align_prep/8465.fa
