[name]
unknown

[dist]
# distance from previous block
# <min> <max>
0	822

[block]
# block no. 0 follows, 12 sequences, length 17
# corresponding to MSA columns:
# 844-860
name=unknown_A
#
# <colnr> <probs for GDERKNQSTAVLIFYWHMCP>
#	G	D	E	R	K	N	Q	S	T	A	V	L	I	F	Y	W	H	M	C	P
0	0.02915	0.62337	0.05714	0.01866	0.02799	0.04314	0.01866	0.03265	0.02215	0.02565	0.01516	0.01749	0.01399	0.00933	0.00700	0.00233	0.01166	0.00583	0.00466	0.01399
1	0.02385	0.02385	0.03340	0.02863	0.02863	0.03340	0.02385	0.02624	0.01670	0.02624	0.01431	0.02385	0.01431	0.01908	0.03578	0.00477	0.59685	0.00954	0.00477	0.01193
2	0.01448	0.01043	0.01269	0.01329	0.01469	0.00974	0.00892	0.01679	0.02257	0.03019	0.18115	0.25407	0.14036	0.19169	0.02502	0.00577	0.00709	0.02280	0.00962	0.00864
3	0.04892	0.01856	0.02530	0.01940	0.02783	0.01603	0.01603	0.05314	0.03121	0.55634	0.04302	0.03711	0.02699	0.01350	0.01096	0.00337	0.00928	0.01096	0.01350	0.01856
4	0.01582	0.01073	0.01272	0.01272	0.01301	0.01102	0.00764	0.01639	0.01610	0.02176	0.03360	0.06715	0.03782	0.53801	0.13180	0.01159	0.01332	0.01524	0.00649	0.00707
5	0.02059	0.01938	0.03270	0.59060	0.07510	0.02422	0.03028	0.02786	0.02180	0.02786	0.01938	0.02907	0.01453	0.01090	0.01090	0.00363	0.01453	0.00969	0.00484	0.01211
6	0.03218	0.02594	0.02750	0.02321	0.03028	0.02948	0.01848	0.21840	0.36040	0.05377	0.03795	0.03556	0.02808	0.01419	0.01103	0.00355	0.00982	0.01144	0.01103	0.01771
7	0.01545	0.01040	0.01201	0.01242	0.01252	0.01030	0.00717	0.01575	0.01666	0.02221	0.03845	0.15706	0.04481	0.52405	0.04888	0.00959	0.00990	0.01827	0.00717	0.00696
8	0.36195	0.08657	0.02725	0.02453	0.10907	0.02474	0.01706	0.03730	0.02294	0.16350	0.02259	0.02375	0.01650	0.01076	0.00842	0.00324	0.00972	0.00770	0.00789	0.01452
9	0.12829	0.01657	0.02036	0.07951	0.02639	0.01902	0.01536	0.02723	0.07343	0.03906	0.23179	0.09933	0.05600	0.01892	0.01495	0.00375	0.09429	0.01516	0.00906	0.01153
10	0.02505	0.09147	0.13867	0.02467	0.08001	0.02023	0.02111	0.03098	0.02355	0.09194	0.02835	0.11950	0.02585	0.01369	0.00997	0.00289	0.01046	0.01153	0.00717	0.22288
11	0.36516	0.17159	0.03021	0.01892	0.02511	0.07862	0.01625	0.03226	0.02022	0.03760	0.01518	0.01883	0.01295	0.01148	0.01179	0.00330	0.10572	0.00657	0.00582	0.01244
12	0.01714	0.01296	0.01766	0.01836	0.01974	0.01458	0.01441	0.02052	0.02095	0.02976	0.04488	0.25114	0.04906	0.03542	0.09949	0.00635	0.10631	0.13042	0.08094	0.00991
13	0.58594	0.11885	0.02270	0.01504	0.02221	0.02749	0.01292	0.03215	0.01914	0.04514	0.01518	0.01768	0.01216	0.00999	0.00679	0.00320	0.00896	0.00589	0.00641	0.01216
14	0.12406	0.01270	0.01276	0.01226	0.01616	0.01196	0.00937	0.01957	0.02537	0.03626	0.20560	0.08477	0.34504	0.02341	0.01188	0.00357	0.00590	0.01939	0.01006	0.00990
15	0.10531	0.33882	0.12014	0.02056	0.03051	0.03416	0.02079	0.08389	0.02546	0.06504	0.01881	0.02067	0.01507	0.01013	0.00816	0.00273	0.01163	0.00691	0.00616	0.05505
16	0.19933	0.03007	0.11282	0.02231	0.03170	0.02666	0.02080	0.22725	0.03474	0.15398	0.02572	0.02574	0.01778	0.01200	0.00981	0.00335	0.01126	0.00880	0.00937	0.01650

[dist]
# distance from previous block
# <min> <max>
0	8

[block]
# block no. 1 follows, 12 sequences, length 14
# corresponding to MSA columns:
# 869-882
name=unknown_B
#
# <colnr> <probs for GDERKNQSTAVLIFYWHMCP>
#	G	D	E	R	K	N	Q	S	T	A	V	L	I	F	Y	W	H	M	C	P
0	0.02100	0.01373	0.01964	0.02248	0.09295	0.01283	0.01430	0.02518	0.02690	0.10820	0.24769	0.23459	0.07061	0.02305	0.01264	0.00371	0.00719	0.02066	0.01068	0.01196
1	0.08661	0.02506	0.10632	0.02306	0.03172	0.01981	0.08760	0.07344	0.02802	0.22976	0.03174	0.03233	0.02196	0.01197	0.01015	0.00326	0.01087	0.01017	0.14067	0.01547
2	0.07310	0.07353	0.13288	0.17578	0.04305	0.02219	0.02450	0.03291	0.02381	0.11220	0.02780	0.04007	0.02301	0.01347	0.01054	0.00345	0.01217	0.07448	0.00711	0.07396
3	0.01593	0.01255	0.01630	0.07805	0.02345	0.01267	0.01277	0.02212	0.07018	0.03449	0.20821	0.26418	0.13695	0.02535	0.01287	0.00387	0.00696	0.02244	0.01020	0.01045
4	0.01566	0.01077	0.01335	0.01449	0.01521	0.01063	0.00989	0.01723	0.01909	0.02526	0.04548	0.20488	0.05223	0.35194	0.03692	0.00792	0.00949	0.12348	0.00818	0.00789
5	0.02495	0.03630	0.24599	0.02471	0.03400	0.06833	0.02559	0.03762	0.12936	0.07656	0.03486	0.15030	0.03114	0.01659	0.01126	0.00365	0.01226	0.01389	0.00791	0.01473
6	0.02988	0.14332	0.12914	0.07774	0.10953	0.02737	0.02472	0.10604	0.02808	0.09505	0.02239	0.02501	0.01690	0.01054	0.00964	0.00292	0.01213	0.00836	0.00694	0.11431
7	0.01443	0.00972	0.01227	0.01415	0.01490	0.00925	0.00933	0.01640	0.02036	0.02827	0.05365	0.46865	0.06253	0.11674	0.01929	0.00512	0.00681	0.02650	0.08296	0.00867
8	0.59873	0.02085	0.01838	0.09574	0.02872	0.02443	0.01442	0.03146	0.01901	0.04595	0.01578	0.01932	0.01219	0.01023	0.00733	0.00341	0.00930	0.00644	0.00648	0.01185
9	0.01617	0.01129	0.01694	0.01694	0.01854	0.01290	0.01290	0.01854	0.01694	0.02419	0.02740	0.04113	0.02579	0.07404	0.48007	0.13470	0.02573	0.01129	0.00565	0.00885
10	0.02408	0.02723	0.12282	0.15668	0.04427	0.02335	0.08885	0.10759	0.06549	0.04142	0.14466	0.04065	0.03724	0.01386	0.01154	0.00351	0.01231	0.01238	0.00797	0.01411
11	0.02405	0.02793	0.14518	0.19547	0.04905	0.02228	0.09968	0.03380	0.06727	0.07971	0.02858	0.09306	0.02384	0.01350	0.01129	0.00357	0.01323	0.01234	0.00688	0.04927
12	0.02474	0.01882	0.02818	0.22536	0.04379	0.02049	0.06171	0.09672	0.02920	0.07664	0.14627	0.04276	0.03825	0.01410	0.01117	0.00340	0.01090	0.01246	0.08197	0.01306
13	0.18208	0.24501	0.13046	0.02094	0.03072	0.03212	0.02104	0.10980	0.02679	0.08176	0.01990	0.02145	0.01522	0.01061	0.00847	0.00300	0.01158	0.00728	0.00681	0.01495

[dist]
# distance from previous block
# <min> <max>
0	8

[block]
# block no. 2 follows, 12 sequences, length 19
# corresponding to MSA columns:
# 891-909
name=unknown_C
#
# <colnr> <probs for GDERKNQSTAVLIFYWHMCP>
#	G	D	E	R	K	N	Q	S	T	A	V	L	I	F	Y	W	H	M	C	P
0	0.02465	0.07625	0.08715	0.08369	0.03314	0.02125	0.01927	0.03473	0.11335	0.07178	0.02924	0.03859	0.02472	0.06433	0.01389	0.00363	0.01057	0.04266	0.00752	0.19961
1	0.01654	0.01189	0.01520	0.01638	0.01794	0.01194	0.01167	0.06007	0.02314	0.03101	0.05182	0.42049	0.05967	0.08658	0.06957	0.00612	0.00962	0.06118	0.00948	0.00969
2	0.02509	0.02985	0.17285	0.19013	0.09162	0.02310	0.02792	0.03714	0.10807	0.08971	0.07092	0.03449	0.02654	0.01254	0.01095	0.00352	0.01249	0.01068	0.00738	0.01502
3	0.01586	0.01057	0.01189	0.01189	0.01189	0.01057	0.00661	0.01586	0.01586	0.02114	0.03436	0.07135	0.03964	0.61681	0.05550	0.01057	0.01057	0.01586	0.00661	0.00661
4	0.02312	0.01983	0.02284	0.01683	0.02612	0.01595	0.01341	0.03087	0.07938	0.03666	0.02218	0.02464	0.01807	0.00883	0.00841	0.00185	0.00814	0.00712	0.00698	0.60879
5	0.15889	0.03150	0.18013	0.03268	0.15180	0.02255	0.02613	0.03931	0.02500	0.19163	0.02587	0.02708	0.01812	0.01109	0.00995	0.00337	0.01191	0.00889	0.00782	0.01628
6	0.02699	0.02591	0.04426	0.06693	0.54879	0.02591	0.03346	0.03346	0.02483	0.03562	0.02051	0.02699	0.01727	0.00972	0.01079	0.00324	0.01295	0.00972	0.00540	0.01727
7	0.02567	0.02457	0.04188	0.17451	0.45147	0.02556	0.03281	0.03231	0.02421	0.03403	0.02028	0.02741	0.01671	0.00996	0.01082	0.00332	0.01328	0.00971	0.00528	0.01621
8	0.01390	0.00996	0.01320	0.01477	0.01595	0.00926	0.01017	0.01672	0.02372	0.03236	0.19752	0.45938	0.08087	0.03078	0.01362	0.00414	0.00599	0.02779	0.01066	0.00926
9	0.02149	0.01932	0.03216	0.21795	0.08928	0.02065	0.09839	0.06442	0.02651	0.03575	0.12231	0.13136	0.04072	0.01651	0.01204	0.00367	0.01178	0.01545	0.00763	0.01262
10	0.04892	0.01856	0.02530	0.01940	0.02783	0.01603	0.01603	0.05314	0.03121	0.55634	0.04302	0.03711	0.02699	0.01350	0.01096	0.00337	0.00928	0.01096	0.01350	0.01856
11	0.02513	0.01962	0.02690	0.24755	0.04563	0.02287	0.02179	0.03992	0.20159	0.08884	0.03210	0.03600	0.02430	0.02275	0.09198	0.00563	0.01401	0.01104	0.00810	0.01426
12	0.01894	0.00947	0.01420	0.01420	0.01420	0.00947	0.00947	0.01420	0.01420	0.01894	0.01894	0.03314	0.01894	0.03788	0.04261	0.68277	0.00947	0.00947	0.00473	0.00473
13	0.01590	0.01122	0.01482	0.01556	0.01671	0.01175	0.01128	0.01827	0.01869	0.02533	0.03980	0.11940	0.04343	0.28492	0.20004	0.01100	0.01572	0.11030	0.00738	0.00845
14	0.03395	0.02095	0.03006	0.12806	0.13893	0.02149	0.02254	0.07536	0.08106	0.22503	0.03481	0.04138	0.02633	0.01397	0.01131	0.00357	0.01111	0.05417	0.00964	0.01625
15	0.02508	0.01930	0.02286	0.01646	0.02603	0.01467	0.01321	0.02987	0.02342	0.08444	0.02160	0.02397	0.01717	0.00858	0.00835	0.00178	0.00819	0.00688	0.00712	0.62102
16	0.02614	0.02047	0.02679	0.02563	0.12017	0.01674	0.01694	0.03121	0.02390	0.08981	0.02205	0.02491	0.01748	0.00893	0.00887	0.00209	0.00908	0.00752	0.00700	0.49428
17	0.09707	0.25951	0.08796	0.02505	0.08682	0.07020	0.02054	0.03493	0.06624	0.03354	0.02034	0.02302	0.01676	0.01024	0.00840	0.00275	0.01151	0.00743	0.04439	0.07332
18	0.02777	0.01975	0.02524	0.06389	0.07442	0.01857	0.01716	0.03789	0.12822	0.13184	0.03254	0.08159	0.02657	0.01309	0.01018	0.00290	0.00914	0.01117	0.00882	0.25926

[dist]
# distance from previous block
# <min> <max>
0	9

[block]
# block no. 3 follows, 12 sequences, length 6
# corresponding to MSA columns:
# 919-924
name=unknown_D
#
# <colnr> <probs for GDERKNQSTAVLIFYWHMCP>
#	G	D	E	R	K	N	Q	S	T	A	V	L	I	F	Y	W	H	M	C	P
0	0.09722	0.02646	0.12480	0.02077	0.02867	0.02092	0.01928	0.09231	0.10772	0.07828	0.06955	0.12362	0.03412	0.01595	0.01067	0.00339	0.00982	0.01320	0.00889	0.09436
1	0.01857	0.01218	0.01654	0.01744	0.01903	0.01241	0.01284	0.02107	0.02199	0.08476	0.05352	0.44266	0.06066	0.03006	0.01587	0.00441	0.06520	0.07053	0.00995	0.01031
2	0.02261	0.01938	0.02261	0.01615	0.02584	0.01453	0.01292	0.02745	0.02261	0.03553	0.01938	0.02261	0.01615	0.00807	0.00807	0.00161	0.00807	0.00646	0.00646	0.68346
3	0.02059	0.01938	0.03270	0.59060	0.07510	0.02422	0.03028	0.02786	0.02180	0.02786	0.01938	0.02907	0.01453	0.01090	0.01090	0.00363	0.01453	0.00969	0.00484	0.01211
4	0.01662	0.01346	0.01504	0.01423	0.01796	0.01307	0.01079	0.02571	0.12409	0.03815	0.26735	0.08338	0.27309	0.02306	0.01253	0.00359	0.00597	0.01967	0.01105	0.01118
5	0.02221	0.01211	0.01447	0.01333	0.01496	0.01162	0.00842	0.02302	0.01881	0.12397	0.03602	0.06477	0.03721	0.50089	0.04694	0.00919	0.01032	0.01492	0.00793	0.00890

[dist]
# distance from previous block
# <min> <max>
4	10

[block]
# block no. 4 follows, 12 sequences, length 19
# corresponding to MSA columns:
# 935-953
name=unknown_E
#
# <colnr> <probs for GDERKNQSTAVLIFYWHMCP>
#	G	D	E	R	K	N	Q	S	T	A	V	L	I	F	Y	W	H	M	C	P
0	0.01961	0.09020	0.02067	0.01497	0.01865	0.01480	0.01180	0.02409	0.02863	0.08024	0.38050	0.12995	0.08194	0.02128	0.01208	0.00340	0.00644	0.01853	0.01096	0.01126
1	0.14873	0.17542	0.26094	0.02450	0.03541	0.03057	0.02724	0.06788	0.02352	0.03693	0.01778	0.02108	0.01387	0.01103	0.01114	0.00328	0.06313	0.00741	0.00549	0.01465
2	0.02737	0.07702	0.20247	0.15137	0.11818	0.02535	0.08947	0.03571	0.02451	0.11114	0.02316	0.02731	0.01676	0.01064	0.01068	0.00339	0.01428	0.00949	0.00621	0.01548
3	0.01585	0.01018	0.01276	0.01438	0.01590	0.00978	0.01043	0.01922	0.02266	0.03298	0.08788	0.35892	0.06144	0.02712	0.01232	0.00393	0.00639	0.08177	0.18663	0.00946
4	0.03732	0.22970	0.04092	0.02293	0.03186	0.03695	0.02003	0.35125	0.04149	0.05425	0.02248	0.02326	0.01701	0.01183	0.00959	0.00296	0.01188	0.00848	0.00881	0.01701
5	0.07334	0.02801	0.10613	0.07006	0.03479	0.06033	0.02061	0.07447	0.02782	0.20094	0.02691	0.02754	0.01883	0.01109	0.00983	0.00293	0.01138	0.00865	0.00854	0.17780
6	0.03401	0.09604	0.15479	0.02456	0.06984	0.02118	0.02237	0.04012	0.02695	0.26591	0.04128	0.03950	0.08814	0.01381	0.01060	0.00330	0.01096	0.01115	0.00935	0.01616
7	0.03520	0.01521	0.02058	0.01755	0.02317	0.01339	0.01373	0.03892	0.02843	0.35077	0.11177	0.19417	0.04867	0.02009	0.01199	0.00366	0.00797	0.01739	0.01241	0.01493
8	0.02302	0.02539	0.07613	0.32975	0.13967	0.02545	0.16061	0.03103	0.02339	0.03135	0.02028	0.02847	0.01544	0.01023	0.01138	0.00357	0.01543	0.01045	0.00509	0.01384
9	0.13064	0.07815	0.16599	0.02797	0.09838	0.02451	0.02410	0.09016	0.02707	0.13623	0.02725	0.07553	0.02195	0.01309	0.01009	0.00337	0.01162	0.01048	0.00787	0.01556
10	0.02226	0.01340	0.01698	0.01568	0.01959	0.01279	0.01203	0.02806	0.06302	0.13900	0.18814	0.12870	0.15559	0.03134	0.09678	0.00572	0.01005	0.01816	0.01072	0.01199
11	0.01344	0.01083	0.01197	0.01218	0.01519	0.00936	0.00895	0.01653	0.02542	0.03197	0.18651	0.17628	0.38802	0.02757	0.01304	0.00375	0.00557	0.02358	0.01049	0.00936
12	0.03106	0.02854	0.12917	0.09457	0.03899	0.02442	0.04788	0.10117	0.10391	0.15664	0.03114	0.06002	0.02354	0.01404	0.01323	0.00364	0.06209	0.01131	0.00877	0.01586
13	0.17986	0.02343	0.03414	0.15681	0.10914	0.02504	0.09526	0.09649	0.02720	0.11637	0.02328	0.02710	0.01690	0.01097	0.01026	0.00345	0.01246	0.00952	0.00747	0.01486
14	0.02155	0.01606	0.02176	0.09197	0.02821	0.01886	0.01662	0.02928	0.08354	0.06429	0.08791	0.04169	0.03312	0.03396	0.17025	0.00746	0.10263	0.01183	0.10708	0.01194
15	0.01975	0.02058	0.08722	0.01872	0.02346	0.01751	0.01584	0.03289	0.18882	0.03682	0.14647	0.15713	0.05344	0.10988	0.01857	0.00478	0.00873	0.01731	0.00959	0.01250
16	0.28206	0.02986	0.10374	0.02098	0.02960	0.06590	0.01927	0.11034	0.06769	0.13587	0.02475	0.02510	0.01762	0.01164	0.00922	0.00335	0.01112	0.00828	0.00847	0.01512
17	0.23668	0.02182	0.06322	0.16935	0.03821	0.02177	0.01967	0.03456	0.06492	0.11525	0.02374	0.02771	0.01760	0.01431	0.01307	0.07828	0.01088	0.00877	0.00725	0.01292
18	0.02726	0.06252	0.02508	0.02311	0.08985	0.01841	0.01598	0.03559	0.10072	0.16195	0.18043	0.05665	0.12257	0.01731	0.01145	0.00339	0.00818	0.01472	0.01055	0.01429

[dist]
# distance from previous block
# <min> <max>
9	76

[block]
# block no. 5 follows, 12 sequences, length 11
# corresponding to MSA columns:
# 1034-1044
name=unknown_F
#
# <colnr> <probs for GDERKNQSTAVLIFYWHMCP>
#	G	D	E	R	K	N	Q	S	T	A	V	L	I	F	Y	W	H	M	C	P
0	0.06154	0.02164	0.10624	0.01935	0.02505	0.01671	0.01761	0.03177	0.08245	0.10987	0.08844	0.09465	0.04369	0.12394	0.01958	0.00506	0.01006	0.10060	0.00918	0.01255
1	0.03191	0.01526	0.02017	0.01753	0.02212	0.01474	0.01384	0.07414	0.02601	0.22984	0.03492	0.04429	0.02778	0.02681	0.06496	0.17905	0.01083	0.05541	0.07778	0.01261
2	0.09737	0.02311	0.11467	0.01957	0.02727	0.01680	0.01844	0.03848	0.02607	0.26545	0.03845	0.10553	0.03103	0.01609	0.01074	0.00354	0.00968	0.04444	0.07837	0.01490
3	0.02525	0.12884	0.03525	0.02709	0.07180	0.02161	0.10355	0.03010	0.02462	0.10158	0.03913	0.16621	0.03908	0.01955	0.01207	0.00380	0.01118	0.11785	0.00836	0.01308
4	0.29140	0.02067	0.02293	0.02609	0.11507	0.02286	0.01734	0.03620	0.14414	0.04240	0.03117	0.08603	0.02809	0.01519	0.00993	0.00368	0.00925	0.05573	0.00817	0.01366
5	0.34822	0.02004	0.02274	0.21004	0.03961	0.02355	0.01849	0.06494	0.02167	0.04023	0.01781	0.02376	0.01396	0.01344	0.01212	0.07276	0.01087	0.00784	0.00621	0.01170
6	0.06720	0.19042	0.06189	0.06170	0.02952	0.07077	0.01782	0.06605	0.05379	0.06798	0.07510	0.03681	0.06826	0.01345	0.00948	0.00302	0.01060	0.01031	0.07239	0.01343
7	0.02736	0.01983	0.03181	0.16703	0.04283	0.02064	0.10886	0.03712	0.10633	0.14675	0.03669	0.14189	0.03146	0.01615	0.01187	0.00374	0.01160	0.01498	0.00885	0.01420
8	0.02110	0.01784	0.02237	0.10897	0.03142	0.01542	0.01464	0.02549	0.02129	0.03176	0.02201	0.03221	0.02001	0.11527	0.01685	0.00351	0.00956	0.00863	0.00622	0.45543
9	0.02289	0.01316	0.01745	0.01611	0.01764	0.01374	0.01144	0.10157	0.02070	0.02767	0.02021	0.03192	0.01887	0.03353	0.03705	0.56362	0.00991	0.00953	0.00582	0.00716
10	0.10995	0.08302	0.06781	0.05751	0.03272	0.02116	0.09673	0.02749	0.02177	0.03342	0.02683	0.12766	0.02593	0.01990	0.05859	0.00437	0.01264	0.01243	0.00652	0.15354

[dist]
# distance from previous block
# <min> <max>
0	2

[block]
# block no. 6 follows, 12 sequences, length 26
# corresponding to MSA columns:
# 1047-1072
name=unknown_G
#
# <colnr> <probs for GDERKNQSTAVLIFYWHMCP>
#	G	D	E	R	K	N	Q	S	T	A	V	L	I	F	Y	W	H	M	C	P
0	0.09760	0.02107	0.02050	0.05183	0.02593	0.09862	0.01473	0.03217	0.08265	0.08603	0.10337	0.18979	0.04460	0.01905	0.01117	0.00350	0.00954	0.01607	0.00919	0.06259
1	0.02049	0.01725	0.02016	0.01524	0.02322	0.01333	0.01203	0.02515	0.02408	0.03609	0.10701	0.04027	0.08630	0.01230	0.00931	0.00211	0.00736	0.01022	0.00768	0.51040
2	0.03560	0.07017	0.02960	0.02167	0.02969	0.02699	0.01777	0.19554	0.18976	0.15012	0.03355	0.03176	0.02415	0.01289	0.01038	0.00318	0.01000	0.01017	0.01053	0.08648
3	0.02579	0.02058	0.06833	0.12154	0.16670	0.01834	0.02269	0.03052	0.02370	0.13026	0.03424	0.17375	0.03213	0.01871	0.01382	0.05140	0.01086	0.01508	0.00791	0.01364
4	0.08461	0.12024	0.16349	0.05537	0.03596	0.02683	0.02381	0.12984	0.03017	0.18762	0.02645	0.02672	0.01835	0.01162	0.00990	0.00323	0.01208	0.00881	0.00849	0.01640
5	0.02569	0.28670	0.12629	0.02660	0.03635	0.03212	0.13410	0.03441	0.06808	0.03271	0.07447	0.02969	0.02541	0.01126	0.00981	0.00304	0.01294	0.00978	0.00617	0.01437
6	0.01561	0.01156	0.01691	0.01691	0.01865	0.01330	0.01287	0.01908	0.01734	0.02486	0.02976	0.04593	0.02860	0.13978	0.51743	0.01677	0.02719	0.01213	0.00592	0.00940
7	0.03023	0.10086	0.27282	0.06410	0.03887	0.02335	0.02777	0.03851	0.02518	0.18357	0.02704	0.02824	0.01875	0.01137	0.01000	0.00325	0.01271	0.00893	0.05862	0.01585
8	0.02420	0.01686	0.02619	0.02884	0.12368	0.01657	0.05396	0.02998	0.05435	0.12235	0.04120	0.23695	0.04065	0.02994	0.09566	0.00586	0.01254	0.01810	0.00889	0.01322
9	0.01366	0.01005	0.01280	0.01427	0.01575	0.00920	0.00988	0.01633	0.02347	0.03126	0.16441	0.42882	0.14841	0.03081	0.01355	0.00412	0.00597	0.02755	0.01050	0.00920
10	0.03263	0.02279	0.08397	0.02420	0.03195	0.01850	0.09497	0.04090	0.08131	0.25409	0.04103	0.15509	0.03415	0.01698	0.01184	0.00369	0.01073	0.01532	0.01035	0.01552
11	0.07858	0.03306	0.15244	0.09275	0.14437	0.08261	0.05500	0.03879	0.02587	0.15599	0.02475	0.02736	0.01770	0.01103	0.01048	0.00335	0.01369	0.00925	0.00718	0.01574
12	0.02100	0.04295	0.37951	0.03338	0.11570	0.02228	0.03353	0.03069	0.02288	0.03342	0.02742	0.13521	0.02542	0.01479	0.01110	0.00361	0.01378	0.01267	0.00577	0.01491
13	0.04145	0.03054	0.03272	0.02509	0.03381	0.03381	0.02072	0.51243	0.05127	0.06872	0.02618	0.02618	0.01854	0.01309	0.01091	0.00327	0.01200	0.00982	0.01091	0.01854
14	0.02187	0.05640	0.56031	0.03108	0.04719	0.02532	0.04029	0.03453	0.02302	0.03453	0.01957	0.02302	0.01381	0.01036	0.01036	0.00345	0.01611	0.00806	0.00460	0.01611
15	0.01558	0.01168	0.01752	0.01752	0.01947	0.01363	0.01363	0.01947	0.01752	0.02531	0.02921	0.04283	0.02726	0.08178	0.57360	0.01752	0.02921	0.01168	0.00584	0.00974
16	0.11163	0.01880	0.02440	0.01891	0.02718	0.01685	0.01562	0.05109	0.02998	0.50700	0.04031	0.03523	0.02551	0.01317	0.01055	0.00337	0.00920	0.01047	0.01284	0.01790
17	0.04750	0.02084	0.02671	0.02048	0.02897	0.01941	0.01692	0.14051	0.03502	0.46358	0.03981	0.03503	0.02538	0.01342	0.01095	0.00335	0.00980	0.01075	0.01300	0.01855
18	0.01894	0.00947	0.01420	0.01420	0.01420	0.00947	0.00947	0.01420	0.01420	0.01894	0.01894	0.03314	0.01894	0.03788	0.04261	0.68277	0.00947	0.00947	0.00473	0.00473
19	0.01860	0.01457	0.01730	0.01647	0.01982	0.01510	0.01234	0.03093	0.17817	0.04193	0.32241	0.14771	0.07753	0.02181	0.01249	0.00366	0.00636	0.01919	0.01145	0.01216
20	0.01328	0.00949	0.01265	0.01518	0.01581	0.00886	0.01012	0.01518	0.02088	0.02783	0.06010	0.60969	0.07212	0.03416	0.01392	0.00443	0.00633	0.03100	0.01012	0.00886
21	0.02663	0.01347	0.01753	0.01563	0.02010	0.01191	0.01201	0.03047	0.02819	0.22209	0.20794	0.16955	0.13542	0.02219	0.01239	0.00364	0.00690	0.01922	0.01190	0.01281
22	0.03209	0.03757	0.03218	0.02836	0.03111	0.29669	0.02249	0.03468	0.02363	0.02646	0.01555	0.02181	0.01418	0.01525	0.02312	0.00381	0.31523	0.00831	0.00518	0.01228
23	0.69383	0.02109	0.01603	0.01434	0.02109	0.02446	0.01181	0.03205	0.01856	0.04892	0.01518	0.01771	0.01181	0.01012	0.00675	0.00337	0.00843	0.00590	0.00675	0.01181
24	0.01986	0.01349	0.01904	0.01750	0.02123	0.01400	0.01376	0.02393	0.01961	0.07846	0.02909	0.03928	0.02558	0.06419	0.43492	0.01379	0.02413	0.01084	0.00668	0.11063
25	0.04282	0.02903	0.10662	0.02290	0.03232	0.06265	0.02093	0.13976	0.03390	0.34349	0.03427	0.03157	0.02241	0.01278	0.01078	0.00332	0.01161	0.01001	0.01108	0.01775

[dist]
# distance from previous block
# <min> <max>
0	1

[block]
# block no. 7 follows, 12 sequences, length 13
# corresponding to MSA columns:
# 1074-1086
name=unknown_H
#
# <colnr> <probs for GDERKNQSTAVLIFYWHMCP>
#	G	D	E	R	K	N	Q	S	T	A	V	L	I	F	Y	W	H	M	C	P
0	0.01409	0.01011	0.01337	0.01463	0.01599	0.00939	0.01018	0.01720	0.02462	0.03379	0.24099	0.41183	0.08364	0.02971	0.01352	0.00405	0.00588	0.02677	0.01083	0.00939
1	0.04073	0.05197	0.03090	0.02809	0.03371	0.57303	0.02107	0.04354	0.03090	0.02669	0.01685	0.01966	0.01404	0.01124	0.00983	0.00281	0.01966	0.00702	0.00562	0.01264
2	0.02385	0.02385	0.03340	0.02863	0.02863	0.03340	0.02385	0.02624	0.01670	0.02624	0.01431	0.02385	0.01431	0.01908	0.03578	0.00477	0.59685	0.00954	0.00477	0.01193
3	0.02360	0.01740	0.01954	0.01767	0.02226	0.01849	0.01342	0.03972	0.25859	0.08639	0.17096	0.05991	0.10060	0.08276	0.01648	0.00434	0.00774	0.01544	0.01095	0.01374
4	0.04302	0.01987	0.02513	0.02015	0.02797	0.01903	0.01636	0.05444	0.16604	0.41803	0.04339	0.03808	0.02869	0.01385	0.01100	0.00346	0.00910	0.01133	0.01285	0.01820
5	0.01366	0.01038	0.01258	0.01350	0.01557	0.00931	0.00957	0.01660	0.02451	0.03210	0.19004	0.32210	0.23212	0.02925	0.01333	0.00395	0.00579	0.02576	0.01057	0.00931
6	0.04445	0.02573	0.02975	0.02281	0.03141	0.02668	0.01884	0.32816	0.04322	0.26436	0.03293	0.03056	0.02193	0.01325	0.01093	0.00331	0.01091	0.01028	0.01195	0.01855
7	0.01890	0.01256	0.01615	0.01612	0.01892	0.01215	0.01216	0.02537	0.07386	0.08073	0.25555	0.23879	0.07635	0.02530	0.01309	0.00392	0.00670	0.07091	0.01126	0.01117
8	0.02239	0.02142	0.02946	0.02556	0.02556	0.02922	0.02070	0.02434	0.01654	0.02531	0.01798	0.03255	0.01895	0.12847	0.03939	0.00583	0.48956	0.01070	0.00511	0.01095
9	0.02604	0.02209	0.03778	0.38759	0.06370	0.02487	0.11573	0.07297	0.02594	0.08358	0.02273	0.02966	0.01645	0.01103	0.01127	0.00359	0.01452	0.01041	0.00632	0.01376
10	0.01442	0.01000	0.01271	0.01473	0.01603	0.00939	0.01040	0.01704	0.02187	0.02983	0.06193	0.45411	0.11064	0.03084	0.01325	0.00421	0.00647	0.07084	0.08215	0.00914
11	0.02132	0.02183	0.07403	0.28903	0.04969	0.02065	0.02343	0.03048	0.07030	0.03371	0.06205	0.03298	0.02406	0.01161	0.01023	0.00312	0.01148	0.00991	0.05030	0.14979
12	0.12672	0.12206	0.07756	0.02798	0.12318	0.02535	0.02062	0.08394	0.02597	0.07782	0.02421	0.07245	0.02092	0.01220	0.00941	0.00299	0.01066	0.00976	0.00717	0.11903

[dist]
# distance from previous block
# <min> <max>
16	116

[block]
# block no. 8 follows, 12 sequences, length 26
# corresponding to MSA columns:
# 1203-1228
name=unknown_I
#
# <colnr> <probs for GDERKNQSTAVLIFYWHMCP>
#	G	D	E	R	K	N	Q	S	T	A	V	L	I	F	Y	W	H	M	C	P
0	0.03154	0.07322	0.02905	0.08112	0.03307	0.15382	0.01839	0.03557	0.02548	0.12417	0.02468	0.05925	0.02039	0.01258	0.01171	0.00289	0.05732	0.00937	0.00730	0.18908
1	0.25380	0.01397	0.01480	0.01535	0.01826	0.01495	0.01159	0.02190	0.01931	0.03412	0.03590	0.22292	0.03921	0.02592	0.01721	0.13790	0.00818	0.07761	0.00786	0.00924
2	0.03848	0.04601	0.11613	0.02732	0.03543	0.33945	0.02370	0.13047	0.03346	0.07815	0.02113	0.02282	0.01588	0.01162	0.01021	0.00304	0.01683	0.00803	0.00707	0.01478
3	0.14064	0.08933	0.24028	0.02266	0.03360	0.02312	0.02470	0.03599	0.02368	0.14115	0.02557	0.05962	0.01983	0.01211	0.00960	0.00324	0.01183	0.00933	0.00724	0.06648
4	0.02369	0.09064	0.35614	0.07904	0.04342	0.02589	0.03229	0.08249	0.02667	0.03781	0.07736	0.02988	0.02417	0.01192	0.01047	0.00336	0.01398	0.00949	0.00611	0.01519
5	0.46244	0.14033	0.02622	0.01737	0.02443	0.11643	0.01460	0.03402	0.02123	0.04092	0.01545	0.01798	0.01258	0.01015	0.00729	0.00309	0.01086	0.00607	0.00617	0.01236
6	0.46235	0.02129	0.02107	0.10865	0.03155	0.02424	0.01596	0.07210	0.02308	0.10281	0.01979	0.02235	0.01445	0.01085	0.00821	0.00341	0.00980	0.00738	0.00751	0.01314
7	0.01979	0.01339	0.01819	0.12757	0.02842	0.01337	0.01408	0.02379	0.02502	0.09577	0.17432	0.13165	0.15940	0.08676	0.01705	0.00442	0.00832	0.01827	0.00956	0.01085
8	0.01909	0.01491	0.01725	0.01636	0.02028	0.01502	0.01292	0.06383	0.11382	0.04051	0.22980	0.08306	0.19173	0.02295	0.01277	0.00378	0.00715	0.09201	0.01097	0.01178
9	0.02850	0.02939	0.04084	0.11815	0.41376	0.11392	0.03112	0.03447	0.02547	0.03333	0.01980	0.02603	0.01645	0.01009	0.01065	0.00321	0.01421	0.00928	0.00537	0.01596
10	0.01809	0.01317	0.01846	0.12757	0.02840	0.01327	0.01439	0.02341	0.02863	0.06756	0.37907	0.07050	0.11533	0.01997	0.01237	0.00349	0.00725	0.01752	0.01053	0.01102
11	0.04145	0.03054	0.03272	0.02509	0.03381	0.03381	0.02072	0.51243	0.05127	0.06872	0.02618	0.02618	0.01854	0.01309	0.01091	0.00327	0.01200	0.00982	0.01091	0.01854
12	0.02249	0.02535	0.10929	0.01856	0.02928	0.01627	0.01733	0.02860	0.02268	0.03537	0.01941	0.02268	0.01577	0.00844	0.00844	0.00191	0.00937	0.00672	0.00616	0.57589
13	0.03158	0.50647	0.05232	0.01992	0.02913	0.04130	0.01906	0.12726	0.02789	0.03414	0.01733	0.01920	0.01489	0.01007	0.00777	0.00252	0.01173	0.00662	0.00590	0.01489
14	0.58530	0.02081	0.01871	0.10723	0.02979	0.02442	0.01479	0.03138	0.01908	0.04553	0.01586	0.01954	0.01225	0.01025	0.00742	0.00342	0.00942	0.00651	0.00644	0.01186
15	0.13003	0.01409	0.01831	0.02338	0.10262	0.01423	0.01417	0.02097	0.02112	0.03264	0.04616	0.41612	0.05312	0.02617	0.01221	0.00406	0.00775	0.02334	0.00879	0.01071
16	0.01328	0.00949	0.01265	0.01518	0.01581	0.00886	0.01012	0.01518	0.02088	0.02783	0.06010	0.60969	0.07212	0.03416	0.01392	0.00443	0.00633	0.03100	0.01012	0.00886
17	0.01983	0.01300	0.01878	0.10123	0.02654	0.01386	0.01466	0.02173	0.02070	0.08186	0.04214	0.32589	0.04586	0.02800	0.01947	0.11357	0.05387	0.02063	0.00842	0.00993
18	0.02574	0.02941	0.06434	0.04596	0.05699	0.02757	0.50919	0.03493	0.02574	0.03493	0.02206	0.02941	0.01654	0.00919	0.01287	0.00368	0.01838	0.01287	0.00551	0.01471
19	0.03499	0.02378	0.02584	0.02057	0.02704	0.02569	0.01637	0.33609	0.04039	0.09009	0.02989	0.03614	0.02377	0.11038	0.01766	0.00436	0.01066	0.01091	0.09987	0.01549
20	0.04281	0.02836	0.03137	0.02405	0.03273	0.03058	0.01987	0.42888	0.04762	0.15743	0.02924	0.02817	0.02008	0.01316	0.01092	0.00329	0.01150	0.01003	0.01138	0.01855
21	0.02126	0.01767	0.01944	0.01845	0.02277	0.01929	0.01393	0.03985	0.30663	0.04008	0.12168	0.16541	0.10639	0.02103	0.01208	0.00380	0.00737	0.01817	0.01092	0.01378
22	0.01876	0.01388	0.01811	0.05524	0.02335	0.01406	0.01419	0.07472	0.02999	0.04104	0.28933	0.15228	0.07556	0.02368	0.01309	0.00388	0.00766	0.10935	0.01076	0.01107
23	0.04579	0.02357	0.02841	0.02178	0.03034	0.02347	0.01799	0.24529	0.03960	0.35234	0.03597	0.03254	0.02346	0.01333	0.01094	0.00333	0.01042	0.01048	0.01241	0.01855
24	0.02772	0.51157	0.15635	0.02111	0.03177	0.03963	0.02292	0.03302	0.02233	0.02740	0.01603	0.01858	0.01396	0.00953	0.00766	0.00255	0.01254	0.00627	0.00465	0.01441
25	0.02383	0.08821	0.11663	0.09127	0.07539	0.02209	0.05120	0.03249	0.06437	0.07123	0.15074	0.04038	0.03872	0.01345	0.01075	0.00319	0.01090	0.01166	0.00783	0.07567

[dist]
# distance from previous block
# <min> <max>
5	25

[block]
# block no. 9 follows, 12 sequences, length 24
# corresponding to MSA columns:
# 1254-1277
name=unknown_J
#
# <colnr> <probs for GDERKNQSTAVLIFYWHMCP>
#	G	D	E	R	K	N	Q	S	T	A	V	L	I	F	Y	W	H	M	C	P
0	0.07670	0.03346	0.21427	0.07370	0.15925	0.02298	0.07095	0.03324	0.02480	0.07313	0.08672	0.03277	0.02680	0.01184	0.01079	0.00342	0.01302	0.01046	0.00660	0.01510
1	0.02817	0.07190	0.13842	0.03011	0.09864	0.02501	0.06578	0.10171	0.08773	0.08167	0.07769	0.03309	0.02758	0.01223	0.01065	0.00320	0.01181	0.01051	0.00801	0.07611
2	0.02137	0.01884	0.05610	0.14954	0.03925	0.01795	0.10998	0.02722	0.02259	0.06771	0.03321	0.15033	0.03089	0.02577	0.09161	0.00562	0.01421	0.01495	0.09083	0.01201
3	0.07516	0.11990	0.03527	0.08123	0.13448	0.02497	0.05311	0.07990	0.02645	0.10113	0.03003	0.13506	0.02763	0.01513	0.01065	0.00341	0.01114	0.01316	0.00778	0.01443
4	0.09901	0.01212	0.01359	0.01333	0.01643	0.01158	0.00995	0.01999	0.02639	0.03851	0.29933	0.15469	0.19853	0.02381	0.01226	0.00363	0.00582	0.02043	0.01061	0.01000
5	0.02571	0.01736	0.02075	0.01568	0.02365	0.01384	0.01250	0.03051	0.02470	0.11669	0.07214	0.03237	0.02708	0.01076	0.00889	0.00216	0.00762	0.00880	0.09163	0.43714
6	0.43705	0.02144	0.02085	0.06835	0.02848	0.02406	0.01519	0.07410	0.05903	0.12607	0.02272	0.02397	0.01641	0.01127	0.00840	0.00341	0.00940	0.00777	0.00824	0.01377
7	0.12343	0.02444	0.02682	0.02100	0.02892	0.02586	0.01728	0.28689	0.03939	0.19952	0.03021	0.02928	0.02078	0.01280	0.01015	0.00326	0.01026	0.00967	0.06298	0.01705
8	0.01558	0.01168	0.01752	0.01752	0.01947	0.01363	0.01363	0.01947	0.01752	0.02531	0.02921	0.04283	0.02726	0.08178	0.57360	0.01752	0.02921	0.01168	0.00584	0.00974
9	0.01387	0.01075	0.01264	0.01288	0.01551	0.00951	0.00939	0.01729	0.02612	0.03414	0.25213	0.20517	0.28721	0.02714	0.01310	0.00375	0.00556	0.02357	0.01079	0.00951
10	0.02187	0.05640	0.56031	0.03108	0.04719	0.02532	0.04029	0.03453	0.02302	0.03453	0.01957	0.02302	0.01381	0.01036	0.01036	0.00345	0.01611	0.00806	0.00460	0.01611
11	0.01549	0.01063	0.01179	0.01179	0.01225	0.01040	0.00682	0.01583	0.01698	0.02218	0.04387	0.07555	0.10273	0.54316	0.05017	0.00971	0.00994	0.01675	0.00705	0.00693
12	0.02846	0.01403	0.01875	0.01593	0.02078	0.01252	0.01252	0.03324	0.03100	0.24317	0.34849	0.06420	0.07335	0.01887	0.01212	0.00341	0.00675	0.01631	0.01258	0.01350
13	0.02282	0.03917	0.28231	0.03746	0.09042	0.02467	0.19304	0.03269	0.02340	0.03361	0.02168	0.02797	0.01670	0.01881	0.08142	0.00526	0.01823	0.01026	0.00513	0.01495
14	0.02059	0.01938	0.03270	0.59060	0.07510	0.02422	0.03028	0.02786	0.02180	0.02786	0.01938	0.02907	0.01453	0.01090	0.01090	0.00363	0.01453	0.00969	0.00484	0.01211
15	0.01888	0.02086	0.09113	0.10017	0.12987	0.01795	0.02228	0.02391	0.02204	0.03040	0.03926	0.27965	0.04276	0.02236	0.01402	0.00405	0.04875	0.05212	0.00752	0.01206
16	0.02272	0.01680	0.02229	0.10419	0.03101	0.01526	0.01549	0.02781	0.02426	0.08684	0.12071	0.03856	0.03456	0.02089	0.08016	0.00442	0.01127	0.01053	0.00788	0.30435
17	0.01611	0.01295	0.01732	0.06056	0.05866	0.01304	0.01370	0.02173	0.07268	0.03037	0.05907	0.40687	0.11905	0.02801	0.01307	0.00412	0.00752	0.02510	0.00951	0.01057
18	0.02841	0.09619	0.02846	0.01790	0.02730	0.02066	0.01492	0.09111	0.02699	0.09066	0.02207	0.02387	0.01727	0.00940	0.00858	0.00209	0.00913	0.00725	0.00750	0.45025
19	0.02441	0.03155	0.15042	0.08093	0.04619	0.02508	0.19774	0.03847	0.13764	0.03671	0.02599	0.02974	0.01952	0.01070	0.01118	0.00337	0.01410	0.01067	0.00664	0.09894
20	0.10694	0.02278	0.02066	0.01860	0.02168	0.12594	0.01372	0.02620	0.02007	0.02821	0.02382	0.04058	0.02422	0.23150	0.07966	0.00709	0.09422	0.01070	0.00609	0.07733
21	0.03931	0.02612	0.09742	0.02726	0.06700	0.02198	0.05588	0.08689	0.02974	0.32374	0.03276	0.03184	0.02195	0.01308	0.01350	0.00353	0.07018	0.01041	0.01019	0.01723
22	0.24149	0.10671	0.02898	0.02013	0.02631	0.02594	0.05915	0.09161	0.02489	0.04045	0.03359	0.09065	0.08627	0.01569	0.01188	0.00350	0.06061	0.01201	0.00748	0.01266
23	0.01990	0.06259	0.02276	0.02313	0.09470	0.01715	0.01502	0.08141	0.02623	0.03425	0.05804	0.29413	0.15929	0.02464	0.01233	0.00378	0.00821	0.02156	0.00912	0.01174

[dist]
# distance from previous block
# <min> <max>
0	11

[block]
# block no. 10 follows, 12 sequences, length 25
# corresponding to MSA columns:
# 1289-1313
name=unknown_K
#
# <colnr> <probs for GDERKNQSTAVLIFYWHMCP>
#	G	D	E	R	K	N	Q	S	T	A	V	L	I	F	Y	W	H	M	C	P
0	0.08412	0.13024	0.18999	0.02559	0.03553	0.02576	0.09222	0.06677	0.02599	0.07885	0.06654	0.07815	0.02751	0.01342	0.01044	0.00335	0.01249	0.01141	0.00715	0.01448
1	0.02775	0.04339	0.33229	0.03061	0.04357	0.02623	0.09767	0.10546	0.06865	0.08212	0.02471	0.02688	0.01747	0.01119	0.01089	0.00347	0.01469	0.00954	0.00685	0.01655
2	0.01463	0.01421	0.05928	0.01544	0.01845	0.01075	0.01244	0.01859	0.02481	0.03367	0.21690	0.31683	0.14838	0.02741	0.01313	0.00392	0.00666	0.02429	0.01025	0.00997
3	0.12077	0.07930	0.07729	0.11959	0.08489	0.06904	0.13977	0.03722	0.10010	0.03604	0.02277	0.02701	0.01755	0.01073	0.01036	0.00340	0.01383	0.00967	0.00629	0.01437
4	0.02290	0.13649	0.48923	0.02932	0.04448	0.02784	0.03723	0.03426	0.02290	0.03328	0.01894	0.02224	0.01384	0.01021	0.00988	0.00329	0.01549	0.00774	0.00461	0.01581
5	0.03031	0.02960	0.14992	0.06564	0.03692	0.02365	0.06039	0.14218	0.03029	0.12833	0.02947	0.07562	0.02329	0.01413	0.01251	0.00351	0.05001	0.01154	0.06740	0.01530
6	0.03019	0.12245	0.03789	0.03171	0.11451	0.03134	0.02323	0.07124	0.02375	0.10598	0.02048	0.02538	0.01688	0.01467	0.02144	0.00380	0.27468	0.00918	0.00658	0.01461
7	0.01722	0.01482	0.02346	0.32527	0.04776	0.01714	0.02099	0.02201	0.02137	0.02785	0.03815	0.29680	0.04109	0.02163	0.01229	0.00400	0.01075	0.01951	0.00728	0.01061
8	0.02059	0.01938	0.03270	0.59060	0.07510	0.02422	0.03028	0.02786	0.02180	0.02786	0.01938	0.02907	0.01453	0.01090	0.01090	0.00363	0.01453	0.00969	0.00484	0.01211
9	0.02679	0.43988	0.21998	0.02268	0.03420	0.03738	0.02566	0.03326	0.02243	0.02853	0.01659	0.01928	0.01393	0.00966	0.00808	0.00269	0.01310	0.00655	0.00464	0.01468
10	0.69383	0.02109	0.01603	0.01434	0.02109	0.02446	0.01181	0.03205	0.01856	0.04892	0.01518	0.01771	0.01181	0.01012	0.00675	0.00337	0.00843	0.00590	0.00675	0.01181
11	0.01586	0.01057	0.01189	0.01189	0.01189	0.01057	0.00661	0.01586	0.01586	0.02114	0.03436	0.07135	0.03964	0.61681	0.05550	0.01057	0.01057	0.01586	0.00661	0.00661
12	0.02215	0.05180	0.48588	0.03073	0.04457	0.02646	0.03796	0.03336	0.02213	0.03336	0.01882	0.02314	0.01388	0.01159	0.01395	0.00364	0.09815	0.00827	0.00463	0.01552
13	0.03110	0.02281	0.09784	0.01970	0.02700	0.01775	0.01793	0.10553	0.03287	0.21345	0.22983	0.05059	0.05312	0.01638	0.01160	0.00339	0.00905	0.01376	0.01128	0.01502
14	0.43887	0.02121	0.01983	0.01685	0.02374	0.02328	0.01372	0.10512	0.02570	0.13713	0.02477	0.06461	0.01971	0.01285	0.00859	0.00343	0.00895	0.00914	0.00876	0.01374
15	0.04079	0.05011	0.03106	0.02783	0.03372	0.52634	0.02104	0.08414	0.03266	0.03033	0.01766	0.02023	0.01443	0.01140	0.00992	0.00285	0.01900	0.00726	0.00608	0.01315
16	0.04892	0.01856	0.02530	0.01940	0.02783	0.01603	0.01603	0.05314	0.03121	0.55634	0.04302	0.03711	0.02699	0.01350	0.01096	0.00337	0.00928	0.01096	0.01350	0.01856
17	0.03187	0.49035	0.05128	0.02056	0.02931	0.11717	0.01918	0.07652	0.02596	0.02960	0.01637	0.01856	0.01440	0.00993	0.00774	0.00248	0.01282	0.00635	0.00535	0.01420
18	0.12279	0.02559	0.03550	0.12793	0.23256	0.07120	0.06188	0.03456	0.02443	0.07944	0.02119	0.02605	0.01647	0.01024	0.01011	0.00320	0.01285	0.00902	0.00630	0.06868
19	0.01293	0.01089	0.01121	0.01146	0.01484	0.00917	0.00847	0.01560	0.02446	0.02929	0.10545	0.15515	0.49738	0.02827	0.01299	0.00376	0.00560	0.02381	0.01012	0.00917
20	0.01583	0.01068	0.01245	0.01245	0.01265	0.01088	0.00731	0.01622	0.01602	0.02156	0.03384	0.06852	0.03841	0.56358	0.10704	0.01126	0.01242	0.01544	0.00653	0.00692
21	0.02971	0.09634	0.37349	0.02687	0.04034	0.02442	0.03192	0.03932	0.02512	0.17267	0.02542	0.02628	0.01734	0.01110	0.01022	0.00333	0.01390	0.00863	0.00698	0.01658
22	0.04145	0.03054	0.03272	0.02509	0.03381	0.03381	0.02072	0.51243	0.05127	0.06872	0.02618	0.02618	0.01854	0.01309	0.01091	0.00327	0.01200	0.00982	0.01091	0.01854
23	0.02712	0.02342	0.02465	0.02219	0.02835	0.02712	0.01726	0.05794	0.52909	0.04561	0.04438	0.04068	0.03328	0.01479	0.01109	0.00370	0.00863	0.01233	0.01109	0.01726
24	0.02739	0.02368	0.02536	0.02483	0.07011	0.06776	0.01750	0.11819	0.22599	0.04083	0.03369	0.04008	0.02804	0.10795	0.09367	0.00637	0.01350	0.01168	0.00880	0.01457

[dist]
# distance from previous block
# <min> <max>
0	65

# created by:
# /st0/software/busco_prod/Augustus/scripts/msa2prfl.pl ./align_prep/8492.fa
