[name]
unknown

[dist]
# distance from previous block
# <min> <max>
0	195

[block]
# block no. 0 follows, 15 sequences, length 51
# corresponding to MSA columns:
# 211-261
name=unknown_A
#
# <colnr> <probs for GDERKNQSTAVLIFYWHMCP>
#	G	D	E	R	K	N	Q	S	T	A	V	L	I	F	Y	W	H	M	C	P
0	0.01588	0.01137	0.01423	0.01388	0.01653	0.01118	0.01083	0.02278	0.07784	0.03824	0.39150	0.07329	0.07534	0.02000	0.01145	0.00331	0.00571	0.09684	0.07984	0.00996
1	0.01843	0.01952	0.07647	0.02166	0.02606	0.01820	0.08376	0.02755	0.12735	0.03110	0.07380	0.20031	0.07417	0.01977	0.01440	0.00373	0.09114	0.05327	0.00788	0.01143
2	0.01483	0.01239	0.01747	0.07150	0.02286	0.01240	0.04677	0.02019	0.06067	0.02956	0.14334	0.21749	0.18390	0.02738	0.06834	0.00470	0.00896	0.01909	0.00851	0.00964
3	0.01527	0.01195	0.01678	0.01605	0.01746	0.01394	0.01229	0.01838	0.01799	0.02589	0.12914	0.04690	0.03774	0.13356	0.34641	0.01120	0.10152	0.01230	0.00635	0.00888
4	0.11306	0.05768	0.11618	0.07689	0.03229	0.01928	0.09228	0.02914	0.02261	0.10940	0.13006	0.03531	0.03137	0.01829	0.06967	0.00440	0.01216	0.01049	0.00712	0.01229
5	0.02789	0.12358	0.02955	0.02288	0.06639	0.02729	0.01738	0.11236	0.34504	0.07160	0.03253	0.03102	0.02451	0.01213	0.00950	0.00308	0.00905	0.00978	0.00893	0.01552
6	0.03023	0.14424	0.03183	0.01983	0.02803	0.07691	0.05172	0.11417	0.02688	0.12861	0.02152	0.02268	0.01623	0.00948	0.00848	0.00233	0.01037	0.00741	0.00717	0.24187
7	0.02703	0.12852	0.25026	0.02403	0.06610	0.02286	0.02388	0.06985	0.02362	0.14729	0.02380	0.02865	0.01847	0.08669	0.01412	0.00374	0.01176	0.00867	0.00657	0.01408
8	0.09617	0.02467	0.10518	0.02779	0.13499	0.05582	0.02063	0.03541	0.02350	0.22855	0.02843	0.08771	0.02264	0.01305	0.01115	0.00321	0.04837	0.01052	0.00795	0.01425
9	0.03054	0.01347	0.01757	0.01458	0.01966	0.01206	0.01162	0.03480	0.02701	0.32182	0.20316	0.04686	0.04594	0.01465	0.00998	0.00296	0.00662	0.01232	0.14115	0.01323
10	0.13347	0.02029	0.02952	0.02230	0.03028	0.01938	0.11803	0.09314	0.02780	0.35678	0.03057	0.02912	0.02014	0.01112	0.00982	0.00313	0.01023	0.00962	0.00984	0.01543
11	0.03323	0.16976	0.03634	0.03200	0.20352	0.02554	0.02084	0.10855	0.02730	0.21022	0.02476	0.02544	0.01803	0.01031	0.00912	0.00281	0.01040	0.00842	0.00779	0.01562
12	0.38301	0.01893	0.01938	0.01580	0.02275	0.01971	0.01303	0.07586	0.02407	0.27980	0.02544	0.02430	0.01715	0.01076	0.00809	0.00308	0.00828	0.00763	0.00907	0.01387
13	0.01211	0.00882	0.01142	0.01350	0.01436	0.00813	0.00909	0.01392	0.01945	0.02560	0.05954	0.58856	0.11755	0.03063	0.01263	0.00398	0.00571	0.02761	0.00925	0.00813
14	0.03789	0.01592	0.02125	0.01689	0.02348	0.01420	0.01372	0.04319	0.05709	0.46038	0.14197	0.04176	0.03809	0.01392	0.01036	0.00311	0.00774	0.01160	0.01196	0.01547
15	0.02821	0.19843	0.09450	0.06115	0.18747	0.02808	0.02329	0.10617	0.06140	0.08757	0.02137	0.02363	0.01650	0.00996	0.00893	0.00282	0.01118	0.00804	0.00640	0.01491
16	0.01569	0.01006	0.01351	0.01423	0.01606	0.00965	0.01024	0.01830	0.02052	0.07883	0.10151	0.38154	0.09502	0.03609	0.12290	0.00604	0.00975	0.02188	0.00898	0.00921
17	0.01666	0.01287	0.01553	0.01439	0.01753	0.01308	0.01093	0.02697	0.15742	0.04039	0.45291	0.06557	0.07887	0.01874	0.01137	0.00319	0.00546	0.01642	0.01078	0.01093
18	0.02911	0.02385	0.13229	0.02474	0.08177	0.01762	0.05473	0.06697	0.02658	0.23310	0.08993	0.04330	0.06924	0.01394	0.01057	0.00323	0.01010	0.04570	0.00893	0.01433
19	0.02520	0.07702	0.27874	0.03322	0.14461	0.07947	0.06084	0.03513	0.07308	0.06761	0.02117	0.02381	0.01584	0.00986	0.00955	0.00303	0.01332	0.00824	0.00556	0.01468
20	0.04405	0.01806	0.02381	0.01826	0.02599	0.01627	0.01508	0.09902	0.03036	0.54135	0.03779	0.03293	0.02391	0.01230	0.01002	0.00308	0.00873	0.00992	0.01210	0.01696
21	0.04138	0.02234	0.02646	0.02029	0.02813	0.02263	0.01676	0.29650	0.03752	0.33375	0.03178	0.02903	0.02089	0.01216	0.01000	0.00304	0.00970	0.00951	0.01118	0.01696
22	0.03292	0.06956	0.10996	0.13813	0.03883	0.02012	0.07325	0.03878	0.02475	0.30998	0.02846	0.02873	0.01901	0.01082	0.00984	0.00310	0.01125	0.00926	0.00838	0.01487
23	0.03395	0.02597	0.13932	0.08256	0.07525	0.01999	0.05818	0.09114	0.02735	0.30055	0.02884	0.02861	0.01922	0.01101	0.01001	0.00312	0.01120	0.00933	0.00876	0.01565
24	0.04473	0.01697	0.02313	0.01774	0.02545	0.01465	0.01465	0.04858	0.02853	0.59437	0.03933	0.03393	0.02468	0.01234	0.01003	0.00308	0.00848	0.01003	0.01234	0.01697
25	0.01251	0.01013	0.01111	0.01086	0.01391	0.00873	0.00815	0.01572	0.02444	0.03101	0.25139	0.08923	0.43047	0.02373	0.01177	0.00329	0.00494	0.02010	0.00979	0.00873
26	0.02870	0.02979	0.18076	0.04065	0.28616	0.02213	0.02797	0.07191	0.02524	0.15484	0.02331	0.02566	0.01696	0.01000	0.00981	0.00304	0.01181	0.00874	0.00669	0.01585
27	0.03336	0.02978	0.20248	0.02703	0.08475	0.02028	0.05767	0.08851	0.02713	0.28521	0.02823	0.02776	0.01885	0.01086	0.00995	0.00310	0.01146	0.00912	0.00849	0.01595
28	0.02093	0.01993	0.03341	0.40361	0.23645	0.02317	0.02828	0.02706	0.02056	0.02771	0.01777	0.02566	0.01410	0.01007	0.01133	0.00327	0.05064	0.00886	0.00459	0.01261
29	0.72007	0.01928	0.01465	0.01311	0.01928	0.02236	0.01080	0.02930	0.01697	0.04473	0.01388	0.01619	0.01080	0.00925	0.00617	0.00308	0.00771	0.00540	0.00617	0.01080
30	0.03609	0.02018	0.02418	0.01947	0.02627	0.02079	0.01582	0.18516	0.13323	0.28835	0.03408	0.03232	0.02365	0.01869	0.06990	0.00440	0.01087	0.01003	0.01058	0.01594
31	0.01450	0.00966	0.01087	0.01087	0.01087	0.00966	0.00604	0.01450	0.01450	0.01933	0.03141	0.06524	0.03624	0.64965	0.05074	0.00966	0.00966	0.01450	0.00604	0.00604
32	0.02787	0.02162	0.02329	0.02030	0.02635	0.02444	0.01598	0.09998	0.47028	0.09454	0.03889	0.03564	0.02863	0.01327	0.01012	0.00332	0.00824	0.01094	0.01033	0.01600
33	0.01266	0.00933	0.01186	0.01292	0.01444	0.00853	0.00905	0.01539	0.02230	0.02992	0.21589	0.39484	0.15186	0.02716	0.01230	0.00368	0.00536	0.02423	0.00976	0.00853
34	0.10004	0.01453	0.01843	0.01523	0.02068	0.01336	0.01220	0.03494	0.02726	0.32121	0.25059	0.04813	0.05062	0.01520	0.01032	0.00310	0.00692	0.01272	0.01119	0.01337
35	0.01215	0.00868	0.01157	0.01388	0.01446	0.00810	0.00925	0.01388	0.01909	0.02545	0.05495	0.64315	0.06593	0.03123	0.01272	0.00405	0.00578	0.02834	0.00925	0.00810
36	0.04080	0.02326	0.02703	0.02073	0.02859	0.02400	0.01712	0.33919	0.03907	0.28888	0.03048	0.02819	0.02024	0.01213	0.00999	0.00303	0.00991	0.00942	0.01098	0.01696
37	0.72007	0.01928	0.01465	0.01311	0.01928	0.02236	0.01080	0.02930	0.01697	0.04473	0.01388	0.01619	0.01080	0.00925	0.00617	0.00308	0.00771	0.00540	0.00617	0.01080
38	0.72007	0.01928	0.01465	0.01311	0.01928	0.02236	0.01080	0.02930	0.01697	0.04473	0.01388	0.01619	0.01080	0.00925	0.00617	0.00308	0.00771	0.00540	0.00617	0.01080
39	0.03790	0.02792	0.02992	0.02294	0.03091	0.03091	0.01895	0.55423	0.04687	0.06283	0.02393	0.02393	0.01695	0.01197	0.00997	0.00299	0.01097	0.00898	0.00997	0.01695
40	0.01240	0.00885	0.01186	0.01417	0.01486	0.00831	0.00969	0.01432	0.01933	0.02573	0.05481	0.60912	0.06539	0.03100	0.01279	0.00408	0.00600	0.05988	0.00925	0.00817
41	0.01796	0.01266	0.01506	0.01294	0.01752	0.01060	0.00982	0.02145	0.02333	0.08330	0.18699	0.09701	0.18938	0.05929	0.01305	0.00323	0.00625	0.01527	0.00887	0.19600
42	0.02911	0.02463	0.03521	0.10166	0.35505	0.06044	0.02608	0.11866	0.02735	0.09333	0.02138	0.02525	0.01646	0.00993	0.00986	0.00299	0.01188	0.00886	0.00648	0.01539
43	0.02482	0.01559	0.01920	0.01794	0.02196	0.01579	0.01431	0.15831	0.02862	0.12560	0.04406	0.25370	0.04480	0.02242	0.01187	0.00377	0.00840	0.14691	0.00990	0.01202
44	0.01215	0.00868	0.01157	0.01388	0.01446	0.00810	0.00925	0.01388	0.01909	0.02545	0.05495	0.64315	0.06593	0.03123	0.01272	0.00405	0.00578	0.02834	0.00925	0.00810
45	0.33099	0.02125	0.02155	0.01733	0.02446	0.02284	0.01430	0.19242	0.02911	0.19986	0.02383	0.02335	0.01643	0.01091	0.00836	0.00306	0.00890	0.00773	0.00899	0.01433
46	0.32082	0.01898	0.01927	0.01522	0.02267	0.01865	0.01244	0.06991	0.02249	0.14468	0.02059	0.02150	0.01510	0.00943	0.00755	0.00256	0.00799	0.00669	0.00751	0.23594
47	0.01215	0.00868	0.01157	0.01388	0.01446	0.00810	0.00925	0.01388	0.01909	0.02545	0.05495	0.64315	0.06593	0.03123	0.01272	0.00405	0.00578	0.02834	0.00925	0.00810
48	0.02746	0.01741	0.02666	0.08674	0.21389	0.01684	0.01968	0.03212	0.02469	0.20975	0.10064	0.08359	0.06853	0.01416	0.01049	0.00316	0.00917	0.01255	0.00855	0.01392
49	0.25203	0.06456	0.11464	0.02687	0.13575	0.02380	0.02044	0.06234	0.08713	0.09150	0.02155	0.02315	0.01614	0.01011	0.00845	0.00304	0.01005	0.00770	0.00676	0.01400
50	0.02626	0.08454	0.08130	0.13445	0.11159	0.02114	0.02107	0.07981	0.02483	0.14091	0.06063	0.07015	0.02541	0.01705	0.05371	0.00402	0.01176	0.01059	0.00730	0.01347

[dist]
# distance from previous block
# <min> <max>
1	5

[block]
# block no. 1 follows, 15 sequences, length 7
# corresponding to MSA columns:
# 267-273
name=unknown_B
#
# <colnr> <probs for GDERKNQSTAVLIFYWHMCP>
#	G	D	E	R	K	N	Q	S	T	A	V	L	I	F	Y	W	H	M	C	P
0	0.23181	0.17759	0.08057	0.06101	0.07505	0.10976	0.01920	0.08217	0.02325	0.03525	0.01606	0.01892	0.01288	0.00952	0.00782	0.00279	0.01147	0.00655	0.00556	0.01274
1	0.01283	0.00997	0.01166	0.01159	0.01420	0.00881	0.00856	0.01620	0.02467	0.03238	0.30283	0.15005	0.31283	0.02384	0.01188	0.00335	0.00499	0.02059	0.01000	0.00881
2	0.02467	0.42740	0.17970	0.02319	0.03338	0.03367	0.09656	0.03054	0.02090	0.02653	0.01568	0.01869	0.01308	0.00873	0.00786	0.00254	0.01247	0.00670	0.00436	0.01333
3	0.01601	0.00891	0.01229	0.01256	0.01263	0.00885	0.00807	0.01347	0.01407	0.01876	0.02520	0.11001	0.02769	0.18835	0.03887	0.45275	0.00858	0.01240	0.00533	0.00519
4	0.09236	0.19185	0.08082	0.02324	0.06932	0.02959	0.01961	0.23947	0.03159	0.10039	0.02113	0.02202	0.01568	0.01044	0.00866	0.00280	0.01072	0.00768	0.00756	0.01507
5	0.02581	0.02628	0.03798	0.10458	0.47090	0.09981	0.02887	0.03136	0.02319	0.03090	0.01823	0.02396	0.01519	0.00916	0.00976	0.00294	0.01276	0.00856	0.00492	0.01484
6	0.01832	0.01118	0.01448	0.01405	0.01511	0.01181	0.00962	0.02067	0.11716	0.02215	0.02364	0.03649	0.02242	0.11695	0.03523	0.47974	0.00866	0.00997	0.00566	0.00671

[dist]
# distance from previous block
# <min> <max>
0	1

[block]
# block no. 2 follows, 15 sequences, length 46
# corresponding to MSA columns:
# 275-320
name=unknown_C
#
# <colnr> <probs for GDERKNQSTAVLIFYWHMCP>
#	G	D	E	R	K	N	Q	S	T	A	V	L	I	F	Y	W	H	M	C	P
0	0.01368	0.01017	0.01273	0.01209	0.01463	0.00922	0.00907	0.01798	0.02720	0.03757	0.49332	0.07843	0.18445	0.02128	0.01176	0.00318	0.00477	0.01858	0.01066	0.00922
1	0.01397	0.00944	0.01103	0.01155	0.01168	0.00931	0.00676	0.01436	0.01553	0.02071	0.03670	0.19516	0.04292	0.51062	0.04219	0.00840	0.00879	0.01761	0.00676	0.00650
2	0.01554	0.00941	0.01234	0.01234	0.01257	0.00964	0.00787	0.01435	0.01412	0.01905	0.02542	0.04855	0.02756	0.34088	0.11830	0.27775	0.01148	0.01178	0.00530	0.00576
3	0.01702	0.01083	0.01426	0.01304	0.01590	0.00990	0.00990	0.02164	0.02825	0.09268	0.53060	0.07061	0.08747	0.01962	0.01159	0.00313	0.00506	0.01727	0.01110	0.01012
4	0.02665	0.65565	0.05224	0.01706	0.02559	0.03945	0.01706	0.02985	0.02026	0.02345	0.01386	0.01599	0.01279	0.00853	0.00640	0.00213	0.01066	0.00533	0.00426	0.01279
5	0.01999	0.05157	0.59800	0.02841	0.04315	0.02315	0.03683	0.03157	0.02105	0.03157	0.01789	0.02105	0.01263	0.00947	0.00947	0.00316	0.01473	0.00737	0.00421	0.01473
6	0.01883	0.01772	0.02990	0.62569	0.06866	0.02215	0.02769	0.02547	0.01993	0.02547	0.01772	0.02658	0.01329	0.00997	0.00997	0.00332	0.01329	0.00886	0.00443	0.01107
7	0.03012	0.03293	0.02101	0.01943	0.02349	0.38051	0.01457	0.03348	0.02545	0.02927	0.02194	0.02530	0.01769	0.01078	0.00822	0.00247	0.01289	0.00752	0.27224	0.01069
8	0.01411	0.01019	0.01333	0.01254	0.01489	0.00941	0.00941	0.01881	0.02822	0.03998	0.58221	0.07447	0.09406	0.02038	0.01176	0.00314	0.00470	0.01803	0.01097	0.00941
9	0.02497	0.01867	0.02456	0.02346	0.12408	0.01534	0.01557	0.02957	0.02220	0.11618	0.02112	0.02336	0.01642	0.00839	0.00822	0.00198	0.00834	0.00705	0.00669	0.48384
10	0.01896	0.01669	0.02339	0.02122	0.02134	0.02189	0.01681	0.01989	0.01567	0.02311	0.02272	0.15520	0.02505	0.02343	0.02958	0.12966	0.38797	0.01288	0.00539	0.00914
11	0.03326	0.27227	0.03761	0.02003	0.02805	0.03248	0.01764	0.27451	0.06756	0.09144	0.02234	0.02251	0.01683	0.01075	0.00859	0.00269	0.01044	0.00778	0.00795	0.01525
12	0.03240	0.26633	0.03715	0.01984	0.02767	0.03282	0.01748	0.32090	0.03509	0.04620	0.02063	0.02173	0.01590	0.01063	0.00842	0.00262	0.01046	0.00760	0.05125	0.01489
13	0.02870	0.09990	0.07915	0.01763	0.02664	0.01897	0.01599	0.06843	0.02446	0.17770	0.02323	0.02376	0.01702	0.00930	0.00831	0.00223	0.00899	0.00724	0.00748	0.33488
14	0.02411	0.42510	0.26053	0.02139	0.03229	0.03323	0.02460	0.03051	0.02056	0.02655	0.01540	0.01792	0.01273	0.00889	0.00757	0.00252	0.01222	0.00611	0.00424	0.01353
15	0.03790	0.02792	0.02992	0.02294	0.03091	0.03091	0.01895	0.55423	0.04687	0.06283	0.02393	0.02393	0.01695	0.01197	0.00997	0.00299	0.01097	0.00898	0.00997	0.01695
16	0.03470	0.04219	0.02709	0.02458	0.02982	0.49035	0.01855	0.04249	0.13863	0.02793	0.02054	0.02190	0.01643	0.01094	0.00922	0.00273	0.01592	0.00741	0.00616	0.01242
17	0.01498	0.01139	0.01515	0.01497	0.01563	0.01299	0.01063	0.01667	0.01583	0.02214	0.03138	0.14528	0.03449	0.28506	0.21997	0.01009	0.09454	0.01479	0.00612	0.00791
18	0.29036	0.02008	0.02658	0.03512	0.27451	0.02103	0.01983	0.02985	0.02060	0.07815	0.02186	0.08091	0.01931	0.01140	0.00874	0.00312	0.00944	0.00949	0.00636	0.01324
19	0.38495	0.01813	0.01886	0.01541	0.02234	0.01854	0.01271	0.03887	0.02271	0.31747	0.02651	0.02500	0.01768	0.01078	0.00808	0.00308	0.00809	0.00769	0.00923	0.01386
20	0.04114	0.01617	0.02198	0.01713	0.02421	0.01404	0.01404	0.04509	0.02850	0.52936	0.10298	0.03868	0.03281	0.01328	0.01023	0.00309	0.00804	0.01096	0.01218	0.01608
21	0.02163	0.06268	0.03274	0.12547	0.08335	0.02260	0.10655	0.07542	0.02283	0.03084	0.02630	0.07532	0.02498	0.02000	0.06323	0.00461	0.09357	0.08983	0.00618	0.01187
22	0.02350	0.03786	0.35582	0.13601	0.08018	0.02202	0.06204	0.03265	0.02207	0.10360	0.02083	0.02427	0.01465	0.00983	0.00979	0.00318	0.01360	0.00833	0.00540	0.01436
23	0.10110	0.02135	0.08275	0.02004	0.02796	0.01751	0.05603	0.04212	0.07091	0.35975	0.07047	0.03345	0.02663	0.01211	0.00986	0.00314	0.00936	0.01009	0.01011	0.01528
24	0.01215	0.00868	0.01157	0.01388	0.01446	0.00810	0.00925	0.01388	0.01909	0.02545	0.05495	0.64315	0.06593	0.03123	0.01272	0.00405	0.00578	0.02834	0.00925	0.00810
25	0.01276	0.00893	0.01139	0.01310	0.01353	0.00851	0.00842	0.01404	0.01789	0.02386	0.04882	0.49279	0.05821	0.19213	0.02262	0.00551	0.00679	0.02474	0.00842	0.00756
26	0.13933	0.07846	0.03032	0.10227	0.07947	0.02858	0.01962	0.31615	0.03447	0.04931	0.02028	0.02246	0.01507	0.01074	0.00907	0.00297	0.01081	0.00809	0.00776	0.01478
27	0.02462	0.22672	0.07990	0.07428	0.31271	0.02869	0.05907	0.03023	0.02172	0.02918	0.01717	0.02192	0.01446	0.00884	0.00886	0.00275	0.01204	0.00783	0.00465	0.01437
28	0.01389	0.01018	0.01302	0.01231	0.01476	0.00931	0.00923	0.01838	0.02770	0.03874	0.53646	0.07651	0.14058	0.02084	0.01176	0.00316	0.00474	0.01831	0.01081	0.00931
29	0.02441	0.07303	0.02439	0.01592	0.02459	0.01724	0.01311	0.07598	0.02359	0.07287	0.01944	0.02148	0.01548	0.00824	0.00772	0.00178	0.00807	0.00642	0.00658	0.53965
30	0.01283	0.01014	0.01155	0.01119	0.01411	0.00886	0.00840	0.01633	0.02519	0.03278	0.31685	0.08631	0.36391	0.02306	0.01177	0.00326	0.00489	0.01969	0.01003	0.00886
31	0.02104	0.01827	0.02250	0.01905	0.07571	0.01425	0.01355	0.02561	0.02086	0.03249	0.01781	0.02104	0.01486	0.00752	0.00761	0.00161	0.00779	0.00618	0.00582	0.64642
32	0.03518	0.01845	0.02657	0.16944	0.08416	0.01821	0.01932	0.07218	0.02674	0.34877	0.03035	0.03011	0.02021	0.01122	0.00987	0.00305	0.01004	0.00939	0.00934	0.04740
33	0.03270	0.03178	0.16712	0.02686	0.08538	0.05697	0.02337	0.21617	0.06893	0.15260	0.02563	0.02582	0.01798	0.01115	0.00981	0.00305	0.01166	0.00879	0.00830	0.01593
34	0.02545	0.02783	0.05116	0.09295	0.05007	0.07363	0.41360	0.07654	0.02558	0.03335	0.01987	0.02587	0.01492	0.00901	0.01122	0.00326	0.01608	0.01082	0.00541	0.01337
35	0.01320	0.00961	0.01243	0.01289	0.01463	0.00884	0.00922	0.01662	0.02436	0.03354	0.34813	0.29297	0.11673	0.02485	0.01213	0.00350	0.00514	0.02217	0.01020	0.00884
36	0.01443	0.01097	0.01529	0.01540	0.01653	0.01238	0.01137	0.01698	0.01707	0.02406	0.06258	0.17940	0.03862	0.14514	0.31050	0.01070	0.06810	0.01547	0.00655	0.00848
37	0.08881	0.01745	0.02252	0.01761	0.02507	0.01592	0.01448	0.04761	0.06783	0.51635	0.03770	0.03298	0.02417	0.01222	0.00977	0.00311	0.00839	0.00981	0.01176	0.01646
38	0.01202	0.01000	0.01051	0.01060	0.01367	0.00848	0.00787	0.01469	0.02296	0.02803	0.14203	0.13449	0.49988	0.02524	0.01185	0.00340	0.00507	0.02130	0.00942	0.00848
39	0.02871	0.22518	0.03721	0.08648	0.17332	0.02613	0.02063	0.06062	0.02390	0.14468	0.02399	0.06562	0.01984	0.01125	0.00899	0.00283	0.01046	0.00928	0.00674	0.01416
40	0.02054	0.10140	0.55297	0.02748	0.04170	0.02450	0.03520	0.03143	0.02098	0.03090	0.01756	0.02063	0.01264	0.00939	0.00922	0.00307	0.01440	0.00720	0.00421	0.01457
41	0.46519	0.02047	0.01853	0.01630	0.02203	0.02401	0.01322	0.06535	0.15155	0.04364	0.02084	0.02208	0.01604	0.01100	0.00916	0.00324	0.05051	0.00725	0.00722	0.01236
42	0.01310	0.01005	0.01492	0.01565	0.01704	0.00938	0.04583	0.01557	0.02025	0.02727	0.10272	0.54752	0.06518	0.02866	0.01257	0.00392	0.00642	0.02624	0.00913	0.00858
43	0.13368	0.01532	0.01613	0.01364	0.01913	0.01490	0.01074	0.02803	0.08678	0.03623	0.02506	0.02842	0.02010	0.01526	0.05713	0.00342	0.00827	0.00789	0.21555	0.24432
44	0.01970	0.02363	0.17190	0.02075	0.02777	0.01540	0.08286	0.02656	0.02581	0.08951	0.31551	0.05094	0.05669	0.01532	0.01100	0.00316	0.00914	0.01373	0.00862	0.01200
45	0.06753	0.02834	0.14423	0.12180	0.07073	0.06161	0.05252	0.07001	0.07167	0.17536	0.02536	0.02679	0.01780	0.01072	0.00972	0.00313	0.01189	0.00887	0.00742	0.01450

[dist]
# distance from previous block
# <min> <max>
0	6

[block]
# block no. 3 follows, 15 sequences, length 20
# corresponding to MSA columns:
# 327-343,356-358
name=unknown_D
#
# <colnr> <probs for GDERKNQSTAVLIFYWHMCP>
#	G	D	E	R	K	N	Q	S	T	A	V	L	I	F	Y	W	H	M	C	P
0	0.02125	0.02506	0.10883	0.03086	0.09481	0.01935	0.20533	0.02790	0.02179	0.03156	0.02201	0.07863	0.01927	0.01028	0.00992	0.00273	0.01194	0.01045	0.00558	0.24244
1	0.03542	0.01560	0.01930	0.01551	0.02148	0.01461	0.01258	0.09367	0.02796	0.35515	0.03547	0.03394	0.02415	0.01206	0.00902	0.00282	0.00748	0.00967	0.23967	0.01444
2	0.04473	0.01697	0.02313	0.01774	0.02545	0.01465	0.01465	0.04858	0.02853	0.59437	0.03933	0.03393	0.02468	0.01234	0.01003	0.00308	0.00848	0.01003	0.01234	0.01697
3	0.02155	0.02861	0.22151	0.02047	0.02875	0.01910	0.02108	0.03526	0.18646	0.08169	0.10106	0.04462	0.11820	0.01461	0.01033	0.00325	0.00954	0.01208	0.00819	0.01365
4	0.02856	0.02791	0.15584	0.02916	0.06128	0.02292	0.13416	0.03470	0.02242	0.19294	0.02346	0.02636	0.01690	0.01197	0.01573	0.00346	0.16173	0.00946	0.00681	0.01424
5	0.01424	0.01068	0.01602	0.01602	0.01780	0.01246	0.01246	0.01780	0.01602	0.02314	0.02670	0.03916	0.02492	0.07477	0.61015	0.01602	0.02670	0.01068	0.00534	0.00890
6	0.02663	0.19569	0.34607	0.02343	0.03520	0.02552	0.02743	0.03456	0.02235	0.14256	0.02119	0.02237	0.01509	0.00981	0.00881	0.00289	0.01246	0.00739	0.00586	0.01470
7	0.42049	0.01967	0.02238	0.08008	0.13667	0.02149	0.01682	0.03199	0.02004	0.11994	0.01887	0.02139	0.01402	0.00969	0.00781	0.00308	0.00915	0.00707	0.00666	0.01270
8	0.02106	0.14040	0.10014	0.23996	0.04879	0.02501	0.16519	0.02762	0.02100	0.02747	0.02099	0.07892	0.01830	0.01112	0.00998	0.00316	0.01323	0.01056	0.00497	0.01215
9	0.01211	0.00883	0.01141	0.01347	0.01435	0.00813	0.00907	0.01393	0.01948	0.02561	0.05999	0.58313	0.12269	0.03058	0.01262	0.00397	0.00570	0.02754	0.00925	0.00813
10	0.01655	0.01448	0.02196	0.13748	0.16756	0.01473	0.01764	0.02057	0.02144	0.02839	0.07952	0.22716	0.15366	0.01984	0.01125	0.00345	0.00846	0.01776	0.00739	0.01071
11	0.16523	0.02685	0.07832	0.06209	0.03111	0.07541	0.01866	0.20023	0.03081	0.18083	0.02406	0.02431	0.01666	0.01102	0.00913	0.00303	0.01088	0.00817	0.00848	0.01470
12	0.01220	0.00898	0.01144	0.01323	0.01433	0.00822	0.00901	0.01423	0.02016	0.02651	0.09216	0.52739	0.14620	0.02970	0.01253	0.00389	0.00561	0.02664	0.00935	0.00822
13	0.08812	0.06493	0.02487	0.01775	0.02554	0.02224	0.01452	0.15760	0.12762	0.04191	0.02281	0.02377	0.01768	0.00986	0.00834	0.00238	0.00859	0.00754	0.00757	0.30636
14	0.06414	0.02432	0.12331	0.06970	0.03169	0.01836	0.01897	0.06745	0.05654	0.20285	0.02574	0.02614	0.01808	0.01018	0.00901	0.00269	0.00975	0.00812	0.00792	0.20505
15	0.09379	0.12096	0.03123	0.02322	0.06582	0.02845	0.01818	0.23243	0.08870	0.10723	0.02364	0.02441	0.01763	0.01169	0.01118	0.00304	0.06676	0.00843	0.00818	0.01501
16	0.02287	0.01221	0.01566	0.01364	0.01780	0.01080	0.01064	0.02691	0.02727	0.20418	0.32804	0.06634	0.16569	0.01888	0.01124	0.00316	0.00590	0.01619	0.01106	0.01149
17	0.01208	0.00894	0.01130	0.01318	0.01428	0.00816	0.00894	0.01396	0.01976	0.02572	0.06342	0.54240	0.16121	0.03013	0.01255	0.00392	0.00565	0.02700	0.00925	0.00816
18	0.02055	0.02395	0.12696	0.01728	0.02722	0.01510	0.01642	0.02629	0.02074	0.03232	0.01775	0.02074	0.01437	0.00777	0.00777	0.00179	0.00874	0.00618	0.00559	0.58248
19	0.01829	0.01632	0.02555	0.34846	0.10515	0.01881	0.02198	0.02558	0.06662	0.02886	0.07675	0.14503	0.03185	0.01499	0.01064	0.00341	0.01054	0.01346	0.00643	0.01127

[dist]
# distance from previous block
# <min> <max>
2	4

[block]
# block no. 4 follows, 15 sequences, length 30
# corresponding to MSA columns:
# 363-392
name=unknown_E
#
# <colnr> <probs for GDERKNQSTAVLIFYWHMCP>
#	G	D	E	R	K	N	Q	S	T	A	V	L	I	F	Y	W	H	M	C	P
0	0.62094	0.01894	0.01590	0.01379	0.02018	0.02123	0.01136	0.03213	0.01866	0.12540	0.01762	0.01880	0.01283	0.00971	0.00674	0.00308	0.00782	0.00608	0.00707	0.01170
1	0.01437	0.01082	0.01643	0.01597	0.01734	0.01033	0.06483	0.01584	0.01786	0.02387	0.04213	0.37975	0.04895	0.18638	0.02453	0.06563	0.00816	0.02142	0.00758	0.00781
2	0.02067	0.01772	0.02067	0.01477	0.02362	0.01329	0.01181	0.02510	0.02067	0.03248	0.01772	0.02067	0.01477	0.00738	0.00738	0.00148	0.00738	0.00591	0.00591	0.71059
3	0.01537	0.01467	0.05697	0.08018	0.05747	0.01244	0.01429	0.02055	0.02583	0.03579	0.38933	0.06539	0.13642	0.01844	0.01130	0.00317	0.00678	0.01615	0.00924	0.01022
4	0.01383	0.00966	0.01080	0.01100	0.01163	0.00931	0.00658	0.01441	0.01632	0.02117	0.04550	0.11987	0.13380	0.48846	0.04073	0.00809	0.00853	0.01681	0.00687	0.00663
5	0.02665	0.65565	0.05224	0.01706	0.02559	0.03945	0.01706	0.02985	0.02026	0.02345	0.01386	0.01599	0.01279	0.00853	0.00640	0.00213	0.01066	0.00533	0.00426	0.01279
6	0.01455	0.01036	0.01481	0.01565	0.01738	0.00992	0.04154	0.01766	0.02036	0.02847	0.04905	0.41238	0.05511	0.02617	0.01198	0.00384	0.00689	0.11835	0.11672	0.00880
7	0.01250	0.00968	0.01139	0.01192	0.01415	0.00857	0.00858	0.01534	0.02301	0.02984	0.21118	0.26189	0.29449	0.02586	0.01207	0.00352	0.00519	0.02255	0.00970	0.00857
8	0.01215	0.00868	0.01157	0.01388	0.01446	0.00810	0.00925	0.01388	0.01909	0.02545	0.05495	0.64315	0.06593	0.03123	0.01272	0.00405	0.00578	0.02834	0.00925	0.00810
9	0.01215	0.00868	0.01157	0.01388	0.01446	0.00810	0.00925	0.01388	0.01909	0.02545	0.05495	0.64315	0.06593	0.03123	0.01272	0.00405	0.00578	0.02834	0.00925	0.00810
10	0.72007	0.01928	0.01465	0.01311	0.01928	0.02236	0.01080	0.02930	0.01697	0.04473	0.01388	0.01619	0.01080	0.00925	0.00617	0.00308	0.00771	0.00540	0.00617	0.01080
11	0.01398	0.00983	0.01233	0.01219	0.01358	0.00932	0.00833	0.01683	0.02276	0.03166	0.34263	0.14377	0.07237	0.21900	0.02410	0.00530	0.00640	0.01823	0.00921	0.00819
12	0.72007	0.01928	0.01465	0.01311	0.01928	0.02236	0.01080	0.02930	0.01697	0.04473	0.01388	0.01619	0.01080	0.00925	0.00617	0.00308	0.00771	0.00540	0.00617	0.01080
13	0.02067	0.01772	0.02067	0.01477	0.02362	0.01329	0.01181	0.02510	0.02067	0.03248	0.01772	0.02067	0.01477	0.00738	0.00738	0.00148	0.00738	0.00591	0.00591	0.71059
14	0.02665	0.65565	0.05224	0.01706	0.02559	0.03945	0.01706	0.02985	0.02026	0.02345	0.01386	0.01599	0.01279	0.00853	0.00640	0.00213	0.01066	0.00533	0.00426	0.01279
15	0.72007	0.01928	0.01465	0.01311	0.01928	0.02236	0.01080	0.02930	0.01697	0.04473	0.01388	0.01619	0.01080	0.00925	0.00617	0.00308	0.00771	0.00540	0.00617	0.01080
16	0.02181	0.02181	0.03053	0.02617	0.02617	0.03053	0.02181	0.02399	0.01527	0.02399	0.01309	0.02181	0.01309	0.01745	0.03272	0.00436	0.63141	0.00872	0.00436	0.01091
17	0.01318	0.01015	0.01204	0.01157	0.01432	0.00901	0.00868	0.01702	0.02603	0.03477	0.39032	0.08303	0.28919	0.02232	0.01177	0.00323	0.00484	0.01923	0.01029	0.00901
18	0.03653	0.01456	0.01880	0.01509	0.02111	0.01297	0.01224	0.04064	0.02614	0.41972	0.03719	0.03494	0.02495	0.01211	0.00907	0.00285	0.00728	0.00980	0.22944	0.01456
19	0.03790	0.02792	0.02992	0.02294	0.03091	0.03091	0.01895	0.55423	0.04687	0.06283	0.02393	0.02393	0.01695	0.01197	0.00997	0.00299	0.01097	0.00898	0.00997	0.01695
20	0.01211	0.00882	0.01141	0.01349	0.01436	0.00813	0.00908	0.01393	0.01946	0.02560	0.05974	0.58616	0.11982	0.03061	0.01263	0.00398	0.00571	0.02758	0.00925	0.00813
21	0.01450	0.00966	0.01087	0.01087	0.01087	0.00966	0.00604	0.01450	0.01450	0.01933	0.03141	0.06524	0.03624	0.64965	0.05074	0.00966	0.00966	0.01450	0.00604	0.00604
22	0.02067	0.01772	0.02067	0.01477	0.02362	0.01329	0.01181	0.02510	0.02067	0.03248	0.01772	0.02067	0.01477	0.00738	0.00738	0.00148	0.00738	0.00591	0.00591	0.71059
23	0.03385	0.04608	0.10178	0.02607	0.03205	0.49007	0.02172	0.03754	0.02634	0.02529	0.01555	0.01866	0.01283	0.01072	0.01086	0.00278	0.06422	0.00672	0.00496	0.01192
24	0.02038	0.01939	0.02933	0.37473	0.05089	0.02505	0.02460	0.02787	0.07570	0.02670	0.01865	0.02619	0.01501	0.01268	0.01712	0.00365	0.20647	0.00907	0.00500	0.01151
25	0.06856	0.02238	0.05984	0.06396	0.07750	0.01971	0.01778	0.13778	0.02691	0.10528	0.02142	0.02342	0.01601	0.00946	0.00867	0.00243	0.00951	0.00754	0.00723	0.29462
26	0.01914	0.03465	0.33440	0.02436	0.03383	0.01916	0.06173	0.06580	0.02257	0.03205	0.03012	0.21665	0.02983	0.01641	0.01068	0.00344	0.01178	0.01436	0.00629	0.01273
27	0.02226	0.01429	0.01711	0.01609	0.01991	0.01445	0.01211	0.03262	0.18478	0.13987	0.11386	0.24367	0.08610	0.02072	0.01127	0.00351	0.00674	0.01810	0.01031	0.01222
28	0.03348	0.01973	0.02894	0.13038	0.17407	0.01985	0.02115	0.06872	0.06780	0.28694	0.02980	0.03007	0.02056	0.01115	0.00998	0.00311	0.01022	0.00958	0.00886	0.01560
29	0.03163	0.08657	0.10311	0.01769	0.02519	0.01704	0.01655	0.03655	0.02620	0.31781	0.13775	0.04179	0.07102	0.01387	0.01000	0.00302	0.00865	0.01136	0.00992	0.01427

[dist]
# distance from previous block
# <min> <max>
1	3

[block]
# block no. 5 follows, 15 sequences, length 53
# corresponding to MSA columns:
# 397-449
name=unknown_F
#
# <colnr> <probs for GDERKNQSTAVLIFYWHMCP>
#	G	D	E	R	K	N	Q	S	T	A	V	L	I	F	Y	W	H	M	C	P
0	0.11364	0.11652	0.14972	0.02556	0.06274	0.02553	0.09290	0.12715	0.02619	0.08798	0.02018	0.02237	0.01495	0.00969	0.00895	0.00286	0.01163	0.00793	0.00651	0.06698
1	0.31994	0.06727	0.02361	0.17723	0.03442	0.02276	0.01651	0.06559	0.02076	0.03735	0.01624	0.02022	0.01269	0.00928	0.00767	0.00281	0.00960	0.00665	0.00580	0.12361
2	0.01732	0.00866	0.01299	0.01299	0.01299	0.00866	0.00866	0.01299	0.01299	0.01732	0.01732	0.03030	0.01732	0.03463	0.03896	0.70996	0.00866	0.00866	0.00433	0.00433
3	0.01308	0.01015	0.01190	0.01146	0.01426	0.00897	0.00860	0.01682	0.02579	0.03422	0.36994	0.08394	0.30992	0.02253	0.01177	0.00324	0.00486	0.01936	0.01022	0.00897
4	0.01215	0.00868	0.01157	0.01388	0.01446	0.00810	0.00925	0.01388	0.01909	0.02545	0.05495	0.64315	0.06593	0.03123	0.01272	0.00405	0.00578	0.02834	0.00925	0.00810
5	0.02067	0.01772	0.02067	0.01477	0.02362	0.01329	0.01181	0.02510	0.02067	0.03248	0.01772	0.02067	0.01477	0.00738	0.00738	0.00148	0.00738	0.00591	0.00591	0.71059
6	0.01290	0.01014	0.01165	0.01127	0.01415	0.00889	0.00846	0.01647	0.02537	0.03321	0.33249	0.08561	0.34800	0.02291	0.01177	0.00326	0.00488	0.01959	0.01008	0.00889
7	0.03336	0.05851	0.07058	0.05860	0.09084	0.02472	0.02036	0.20903	0.10913	0.18005	0.02819	0.02785	0.01989	0.01148	0.00977	0.00305	0.01040	0.00923	0.00901	0.01596
8	0.03238	0.35381	0.04006	0.02076	0.02780	0.27970	0.01783	0.03536	0.02422	0.06299	0.01626	0.01806	0.01363	0.00953	0.00775	0.00238	0.01362	0.00611	0.00519	0.01255
9	0.03790	0.02792	0.02992	0.02294	0.03091	0.03091	0.01895	0.55423	0.04687	0.06283	0.02393	0.02393	0.01695	0.01197	0.00997	0.00299	0.01097	0.00898	0.00997	0.01695
10	0.02067	0.01772	0.02067	0.01477	0.02362	0.01329	0.01181	0.02510	0.02067	0.03248	0.01772	0.02067	0.01477	0.00738	0.00738	0.00148	0.00738	0.00591	0.00591	0.71059
11	0.02467	0.02369	0.04046	0.06119	0.58747	0.02369	0.03059	0.03059	0.02270	0.03257	0.01875	0.02467	0.01579	0.00888	0.00987	0.00296	0.01184	0.00888	0.00493	0.01579
12	0.02067	0.01772	0.02067	0.01477	0.02362	0.01329	0.01181	0.02510	0.02067	0.03248	0.01772	0.02067	0.01477	0.00738	0.00738	0.00148	0.00738	0.00591	0.00591	0.71059
13	0.02067	0.01772	0.02067	0.01477	0.02362	0.01329	0.01181	0.02510	0.02067	0.03248	0.01772	0.02067	0.01477	0.00738	0.00738	0.00148	0.00738	0.00591	0.00591	0.71059
14	0.02215	0.01767	0.02082	0.01495	0.02374	0.01337	0.01199	0.02655	0.02116	0.06704	0.01905	0.02149	0.01538	0.00769	0.00755	0.00158	0.00745	0.00616	0.00630	0.66794
15	0.01999	0.05157	0.59800	0.02841	0.04315	0.02315	0.03683	0.03157	0.02105	0.03157	0.01789	0.02105	0.01263	0.00947	0.00947	0.00316	0.01473	0.00737	0.00421	0.01473
16	0.01883	0.01772	0.02990	0.62569	0.06866	0.02215	0.02769	0.02547	0.01993	0.02547	0.01772	0.02658	0.01329	0.00997	0.00997	0.00332	0.01329	0.00886	0.00443	0.01107
17	0.01211	0.01011	0.01055	0.01044	0.01367	0.00856	0.00783	0.01494	0.02350	0.02877	0.16879	0.09291	0.51447	0.02456	0.01178	0.00333	0.00500	0.02062	0.00950	0.00856
18	0.02480	0.02141	0.02254	0.02029	0.02592	0.02480	0.01578	0.05297	0.56946	0.04170	0.04057	0.03719	0.03043	0.01352	0.01014	0.00338	0.00789	0.01127	0.01014	0.01578
19	0.01417	0.00973	0.01192	0.01264	0.01312	0.00973	0.00820	0.01525	0.01644	0.02196	0.03817	0.18640	0.04378	0.41778	0.07739	0.00841	0.00999	0.07095	0.00698	0.00699
20	0.03428	0.02612	0.02788	0.02220	0.02954	0.02922	0.01807	0.41570	0.19130	0.05699	0.02853	0.02760	0.02068	0.01240	0.01002	0.00310	0.01012	0.00961	0.01002	0.01663
21	0.01350	0.00964	0.01312	0.01543	0.01660	0.00927	0.01161	0.01622	0.02042	0.02697	0.05420	0.45950	0.06297	0.02995	0.01309	0.00424	0.00696	0.19861	0.00923	0.00847
22	0.02197	0.01849	0.02137	0.01538	0.02418	0.01462	0.01235	0.06504	0.02265	0.03477	0.01819	0.02092	0.01493	0.00773	0.00758	0.00159	0.00765	0.00614	0.00621	0.65824
23	0.01627	0.01059	0.01393	0.01303	0.01566	0.00970	0.00979	0.02069	0.02756	0.08073	0.50189	0.11384	0.08673	0.02058	0.01170	0.00320	0.00507	0.01819	0.01095	0.00988
24	0.01271	0.01004	0.01146	0.01131	0.01409	0.00878	0.00840	0.01604	0.02462	0.03192	0.28562	0.12427	0.35781	0.02375	0.01184	0.00332	0.00496	0.02035	0.00993	0.00878
25	0.03724	0.04751	0.02825	0.02568	0.03082	0.60963	0.01926	0.03981	0.02825	0.02440	0.01541	0.01798	0.01284	0.01027	0.00899	0.00257	0.01798	0.00642	0.00514	0.01156
26	0.04168	0.01727	0.02300	0.01817	0.02542	0.01554	0.01509	0.08264	0.02936	0.50575	0.03941	0.04019	0.02703	0.01366	0.01035	0.00321	0.00872	0.05534	0.01189	0.01627
27	0.09003	0.01712	0.02257	0.01743	0.02503	0.01517	0.01439	0.04729	0.02776	0.55750	0.03762	0.03274	0.02375	0.01213	0.00977	0.00308	0.00843	0.00971	0.01192	0.01655
28	0.02536	0.02234	0.03767	0.13745	0.47195	0.02279	0.02898	0.03123	0.02275	0.07397	0.02016	0.02564	0.01611	0.00930	0.00989	0.00302	0.01179	0.00897	0.00542	0.01521
29	0.02673	0.08012	0.22115	0.08234	0.08291	0.14354	0.06440	0.03554	0.06751	0.07192	0.02076	0.02354	0.01551	0.01003	0.00950	0.00299	0.01389	0.00812	0.00563	0.01387
30	0.01806	0.01545	0.02368	0.03134	0.23815	0.01491	0.01754	0.02308	0.02567	0.03614	0.32763	0.05659	0.09889	0.01625	0.01102	0.00308	0.00751	0.01468	0.00849	0.01183
31	0.08007	0.01378	0.01726	0.01459	0.01961	0.01270	0.01157	0.03391	0.02575	0.29893	0.16224	0.08425	0.04259	0.01514	0.00984	0.00304	0.00676	0.01267	0.12237	0.01294
32	0.01355	0.00990	0.01108	0.01093	0.01245	0.00922	0.00715	0.01523	0.01967	0.02557	0.15518	0.07681	0.22277	0.33309	0.03104	0.00644	0.00727	0.01725	0.00798	0.00742
33	0.01855	0.01259	0.01567	0.01425	0.01760	0.01234	0.01089	0.02693	0.11498	0.08956	0.44712	0.06489	0.07769	0.01857	0.01135	0.00317	0.00555	0.01623	0.01096	0.01110
34	0.04473	0.01697	0.02313	0.01774	0.02545	0.01465	0.01465	0.04858	0.02853	0.59437	0.03933	0.03393	0.02468	0.01234	0.01003	0.00308	0.00848	0.01003	0.01234	0.01697
35	0.01857	0.01246	0.01529	0.01482	0.01760	0.01212	0.01091	0.09373	0.02615	0.07541	0.17872	0.33288	0.10390	0.02409	0.01184	0.00356	0.00639	0.02125	0.00999	0.01032
36	0.72007	0.01928	0.01465	0.01311	0.01928	0.02236	0.01080	0.02930	0.01697	0.04473	0.01388	0.01619	0.01080	0.00925	0.00617	0.00308	0.00771	0.00540	0.00617	0.01080
37	0.02514	0.04034	0.38510	0.02928	0.04181	0.02205	0.13783	0.03469	0.02289	0.13237	0.02219	0.02455	0.01529	0.00977	0.01004	0.00319	0.01404	0.00874	0.00583	0.01487
38	0.59791	0.02083	0.01739	0.01487	0.02136	0.02389	0.01226	0.12330	0.02232	0.04797	0.01568	0.01758	0.01190	0.00974	0.00685	0.00307	0.00830	0.00604	0.00685	0.01190
39	0.02467	0.02369	0.04046	0.06119	0.58747	0.02369	0.03059	0.03059	0.02270	0.03257	0.01875	0.02467	0.01579	0.00888	0.00987	0.00296	0.01184	0.00888	0.00493	0.01579
40	0.04039	0.01814	0.02522	0.08746	0.05879	0.01705	0.01719	0.07979	0.02855	0.46688	0.03485	0.03197	0.02244	0.01188	0.01001	0.00310	0.00935	0.00977	0.01093	0.01625
41	0.01999	0.05157	0.59800	0.02841	0.04315	0.02315	0.03683	0.03157	0.02105	0.03157	0.01789	0.02105	0.01263	0.00947	0.00947	0.00316	0.01473	0.00737	0.00421	0.01473
42	0.01388	0.01065	0.01301	0.01377	0.01653	0.00979	0.01122	0.01760	0.02381	0.03044	0.16973	0.09847	0.28919	0.02526	0.01255	0.00380	0.00660	0.21528	0.00954	0.00889
43	0.02324	0.01346	0.01707	0.01493	0.01908	0.01288	0.01161	0.03104	0.10456	0.17837	0.37061	0.05911	0.06781	0.01741	0.01110	0.00316	0.00609	0.01508	0.01120	0.01219
44	0.03001	0.02362	0.04644	0.03641	0.09169	0.02189	0.34335	0.03683	0.02496	0.20137	0.02581	0.02881	0.01806	0.00963	0.01107	0.00324	0.01386	0.01098	0.00723	0.01471
45	0.02004	0.01886	0.03022	0.47865	0.10337	0.02323	0.02645	0.02794	0.06344	0.02720	0.01921	0.02684	0.01484	0.01083	0.01200	0.00339	0.06772	0.00904	0.00492	0.01181
46	0.02038	0.01315	0.01529	0.01375	0.01798	0.01241	0.01064	0.02782	0.11238	0.13425	0.21115	0.06966	0.26242	0.01975	0.01120	0.00326	0.00602	0.01670	0.01042	0.01139
47	0.01209	0.00890	0.01133	0.01327	0.01430	0.00815	0.00898	0.01395	0.01967	0.02569	0.06232	0.55545	0.14887	0.03027	0.01257	0.00394	0.00567	0.02717	0.00925	0.00815
48	0.02074	0.04710	0.50865	0.03367	0.13038	0.02324	0.03583	0.03141	0.02131	0.03173	0.01803	0.02163	0.01314	0.00938	0.00953	0.00313	0.01427	0.00761	0.00433	0.01490
49	0.01987	0.07627	0.10183	0.01685	0.02239	0.01746	0.01548	0.10740	0.02949	0.04098	0.36268	0.05364	0.06300	0.01644	0.01067	0.00303	0.00765	0.01395	0.00926	0.01167
50	0.03034	0.07459	0.04725	0.03249	0.04171	0.02309	0.34213	0.03692	0.02481	0.20524	0.02559	0.02819	0.01789	0.00963	0.01079	0.00318	0.01374	0.01071	0.00724	0.01448
51	0.14533	0.02235	0.02281	0.01838	0.02555	0.07232	0.01482	0.11667	0.09781	0.22683	0.02796	0.02674	0.01960	0.01106	0.00895	0.00284	0.00934	0.00839	0.00917	0.11307
52	0.01719	0.11626	0.02731	0.02256	0.07251	0.01692	0.08877	0.02047	0.02022	0.02668	0.04024	0.40080	0.04580	0.02239	0.01132	0.00355	0.00866	0.02059	0.00748	0.01029

[dist]
# distance from previous block
# <min> <max>
0	1

[block]
# block no. 6 follows, 15 sequences, length 10
# corresponding to MSA columns:
# 451-460
name=unknown_G
#
# <colnr> <probs for GDERKNQSTAVLIFYWHMCP>
#	G	D	E	R	K	N	Q	S	T	A	V	L	I	F	Y	W	H	M	C	P
0	0.02392	0.36408	0.03781	0.01601	0.02469	0.02749	0.01466	0.02768	0.02045	0.02758	0.01562	0.01813	0.01369	0.00801	0.00685	0.00183	0.00916	0.00559	0.00501	0.33172
1	0.52794	0.01800	0.01573	0.01372	0.01976	0.01978	0.01115	0.02727	0.01741	0.04024	0.01602	0.01966	0.01312	0.01692	0.07968	0.00441	0.00997	0.00612	0.00603	0.11706
2	0.03617	0.02005	0.02611	0.02492	0.11068	0.01980	0.01719	0.17791	0.03088	0.29588	0.03109	0.03363	0.02265	0.08909	0.01493	0.00384	0.00981	0.01011	0.00981	0.01546
3	0.01218	0.00946	0.01108	0.01207	0.01406	0.00837	0.00852	0.01455	0.02160	0.02753	0.12690	0.34395	0.29915	0.02751	0.01221	0.00366	0.00535	0.02408	0.00942	0.00837
4	0.02067	0.01772	0.02067	0.01477	0.02362	0.01329	0.01181	0.02510	0.02067	0.03248	0.01772	0.02067	0.01477	0.00738	0.00738	0.00148	0.00738	0.00591	0.00591	0.71059
5	0.04069	0.01607	0.02184	0.01705	0.02406	0.01396	0.01396	0.04466	0.02849	0.52123	0.11095	0.03928	0.03383	0.01340	0.01025	0.00309	0.00798	0.01108	0.01216	0.01597
6	0.03317	0.02450	0.04130	0.03026	0.03913	0.02393	0.26108	0.17931	0.03126	0.19188	0.02636	0.02798	0.01820	0.01044	0.01081	0.00319	0.01297	0.01053	0.00836	0.01535
7	0.01285	0.00926	0.01269	0.01465	0.01558	0.00910	0.01042	0.01515	0.01900	0.02553	0.05043	0.49859	0.05884	0.03749	0.10374	0.00592	0.00930	0.07446	0.00865	0.00833
8	0.01411	0.01019	0.01333	0.01254	0.01489	0.00941	0.00941	0.01881	0.02822	0.03998	0.58221	0.07447	0.09406	0.02038	0.01176	0.00314	0.00470	0.01803	0.01097	0.00941
9	0.02285	0.02219	0.03770	0.20908	0.25186	0.02371	0.11928	0.03320	0.11511	0.03202	0.02243	0.02773	0.01746	0.00989	0.01028	0.00320	0.01245	0.00979	0.00570	0.01405

[dist]
# distance from previous block
# <min> <max>
0	4

[block]
# block no. 7 follows, 15 sequences, length 14
# corresponding to MSA columns:
# 465-478
name=unknown_H
#
# <colnr> <probs for GDERKNQSTAVLIFYWHMCP>
#	G	D	E	R	K	N	Q	S	T	A	V	L	I	F	Y	W	H	M	C	P
0	0.02698	0.25606	0.04215	0.08167	0.25585	0.08171	0.02363	0.06699	0.02377	0.03008	0.01695	0.02101	0.01433	0.00917	0.00854	0.00265	0.01200	0.00737	0.00502	0.01405
1	0.01932	0.01094	0.01434	0.01394	0.01674	0.00986	0.01026	0.02248	0.02417	0.14512	0.22193	0.29692	0.10768	0.02351	0.01180	0.00351	0.00593	0.02080	0.01042	0.01033
2	0.02292	0.02333	0.10043	0.21065	0.14230	0.02164	0.02416	0.03485	0.15318	0.07274	0.06986	0.03240	0.02499	0.01155	0.01008	0.00322	0.01090	0.01006	0.00694	0.01381
3	0.01732	0.00866	0.01299	0.01299	0.01299	0.00866	0.00866	0.01299	0.01299	0.01732	0.01732	0.03030	0.01732	0.03463	0.03896	0.70996	0.00866	0.00866	0.00433	0.00433
4	0.01288	0.00956	0.01177	0.01239	0.01413	0.00871	0.00871	0.01565	0.02259	0.03015	0.23775	0.29355	0.18829	0.06911	0.01483	0.00398	0.00553	0.02235	0.00960	0.00846
5	0.01286	0.00926	0.01182	0.01336	0.01439	0.00868	0.00919	0.01491	0.01990	0.02638	0.10195	0.43412	0.10985	0.10804	0.01746	0.00466	0.00636	0.05978	0.00899	0.00805
6	0.02665	0.65565	0.05224	0.01706	0.02559	0.03945	0.01706	0.02985	0.02026	0.02345	0.01386	0.01599	0.01279	0.00853	0.00640	0.00213	0.01066	0.00533	0.00426	0.01279
7	0.02890	0.07356	0.05256	0.01841	0.02479	0.01757	0.04681	0.03669	0.09576	0.24582	0.19900	0.04397	0.04416	0.01421	0.01032	0.00307	0.00826	0.01217	0.01011	0.01385
8	0.03477	0.01968	0.05744	0.01830	0.02581	0.01662	0.01560	0.06812	0.09599	0.34720	0.03576	0.07705	0.02609	0.01307	0.00986	0.00299	0.00857	0.01081	0.01038	0.10589
9	0.22874	0.02278	0.02398	0.01891	0.02632	0.02446	0.01561	0.28179	0.03398	0.19122	0.02501	0.02430	0.01718	0.01131	0.00893	0.00304	0.00944	0.00825	0.00951	0.01525
10	0.04386	0.01836	0.02400	0.01840	0.02614	0.01672	0.01520	0.11281	0.03086	0.52685	0.03737	0.03266	0.02370	0.01229	0.01002	0.00307	0.00880	0.00989	0.01204	0.01696
11	0.03160	0.02996	0.11410	0.03032	0.07146	0.02706	0.15040	0.29473	0.03515	0.08128	0.02282	0.02490	0.01632	0.01060	0.01033	0.00311	0.01279	0.00949	0.00783	0.01573
12	0.02596	0.05767	0.10908	0.08224	0.20162	0.09350	0.02443	0.08683	0.02492	0.05766	0.02315	0.09220	0.02064	0.01261	0.01103	0.00313	0.04307	0.01043	0.00612	0.01370
13	0.01284	0.00917	0.01236	0.01467	0.01555	0.00869	0.01045	0.01507	0.01977	0.02622	0.05456	0.54978	0.06443	0.03058	0.01291	0.00414	0.00638	0.11491	0.00924	0.00829

[dist]
# distance from previous block
# <min> <max>
0	621

# created by:
# /st0/software/busco_prod/Augustus/scripts/msa2prfl.pl ./align_prep/8494.fa
