[name]
unknown

[dist]
# distance from previous block
# <min> <max>
0	316

[block]
# block no. 0 follows, 11 sequences, length 30
# corresponding to MSA columns:
# 316-345
name=unknown_A
#
# <colnr> <probs for GDERKNQSTAVLIFYWHMCP>
#	G	D	E	R	K	N	Q	S	T	A	V	L	I	F	Y	W	H	M	C	P
0	0.03803	0.02284	0.02634	0.02265	0.02855	0.07506	0.01858	0.04498	0.07918	0.27775	0.04052	0.05086	0.03201	0.01767	0.01541	0.00396	0.08795	0.09078	0.01099	0.01590
1	0.09342	0.02193	0.03192	0.02442	0.03285	0.02049	0.10496	0.08783	0.02988	0.23453	0.03454	0.08908	0.02682	0.01418	0.01121	0.00340	0.01108	0.01260	0.01016	0.10471
2	0.03393	0.02412	0.03842	0.09456	0.10848	0.02419	0.12350	0.12607	0.03195	0.16699	0.03237	0.08802	0.02576	0.01421	0.01200	0.00365	0.01294	0.01326	0.00919	0.01638
3	0.02892	0.02932	0.03571	0.24521	0.10211	0.13083	0.06202	0.08095	0.02822	0.03527	0.02054	0.02670	0.01599	0.01090	0.01079	0.00323	0.01503	0.00928	0.00613	0.10286
4	0.02995	0.08449	0.03564	0.12974	0.04063	0.02181	0.10473	0.03552	0.02685	0.17716	0.08346	0.11276	0.03608	0.01592	0.01182	0.00362	0.01175	0.01453	0.00911	0.01445
5	0.02462	0.01883	0.02951	0.38660	0.05939	0.02119	0.02528	0.03086	0.02380	0.09857	0.02766	0.08947	0.02309	0.01381	0.01129	0.00359	0.01271	0.01213	0.00694	0.08069
6	0.02890	0.03196	0.02994	0.02614	0.03066	0.22118	0.06566	0.03576	0.07849	0.03379	0.12085	0.09514	0.04018	0.01742	0.01522	0.00365	0.09052	0.01376	0.00797	0.01280
7	0.03602	0.02403	0.03965	0.13758	0.11295	0.02398	0.12482	0.08918	0.03045	0.22001	0.03024	0.03246	0.02088	0.01190	0.01170	0.00357	0.01342	0.01120	0.00908	0.01687
8	0.02214	0.02091	0.03536	0.50906	0.13892	0.02524	0.03170	0.02953	0.02293	0.02983	0.02016	0.02972	0.01538	0.01109	0.01124	0.00370	0.01478	0.01001	0.00508	0.01322
9	0.01371	0.00979	0.01306	0.01567	0.01632	0.00914	0.01045	0.01567	0.02155	0.02873	0.06203	0.59710	0.07444	0.03526	0.01437	0.00457	0.00653	0.03200	0.01045	0.00914
10	0.02334	0.02001	0.02334	0.01667	0.02667	0.01500	0.01334	0.02834	0.02334	0.03668	0.02001	0.02334	0.01667	0.00834	0.00834	0.00167	0.00834	0.00667	0.00667	0.67325
11	0.02334	0.02001	0.02334	0.01667	0.02667	0.01500	0.01334	0.02834	0.02334	0.03668	0.02001	0.02334	0.01667	0.00834	0.00834	0.00167	0.00834	0.00667	0.00667	0.67325
12	0.02333	0.11354	0.49739	0.03080	0.04673	0.02798	0.03935	0.03545	0.02367	0.03473	0.01974	0.02319	0.01428	0.01059	0.01035	0.00345	0.01617	0.00809	0.00476	0.01641
13	0.01593	0.01150	0.01504	0.01416	0.01681	0.01062	0.01062	0.02124	0.03186	0.04513	0.52830	0.08407	0.10620	0.02301	0.01327	0.00354	0.00531	0.02035	0.01239	0.01062
14	0.04204	0.05364	0.03190	0.02900	0.03480	0.55926	0.02175	0.04494	0.03190	0.02755	0.01740	0.02030	0.01450	0.01160	0.01015	0.00290	0.02030	0.00725	0.00580	0.01305
15	0.02126	0.02001	0.03376	0.57739	0.07752	0.02501	0.03126	0.02876	0.02251	0.02876	0.02001	0.03001	0.01500	0.01125	0.01125	0.00375	0.01500	0.01000	0.00500	0.01250
16	0.02655	0.01508	0.01795	0.01569	0.02103	0.01373	0.01229	0.03326	0.07873	0.18976	0.16000	0.07598	0.25123	0.02175	0.01251	0.00366	0.00713	0.01825	0.01195	0.01348
17	0.01391	0.00995	0.01323	0.01554	0.01637	0.00927	0.01046	0.01616	0.02245	0.03017	0.10298	0.55205	0.07723	0.03419	0.01427	0.00448	0.00642	0.03097	0.01062	0.00927
18	0.01617	0.01170	0.01626	0.01626	0.01763	0.01307	0.01178	0.01892	0.01755	0.02477	0.03182	0.05350	0.03217	0.24834	0.40143	0.01583	0.02408	0.01342	0.00628	0.00903
19	0.01593	0.01150	0.01504	0.01416	0.01681	0.01062	0.01062	0.02124	0.03186	0.04513	0.52830	0.08407	0.10620	0.02301	0.01327	0.00354	0.00531	0.02035	0.01239	0.01062
20	0.02126	0.02001	0.03376	0.57739	0.07752	0.02501	0.03126	0.02876	0.02251	0.02876	0.02001	0.03001	0.01500	0.01125	0.01125	0.00375	0.01500	0.01000	0.00500	0.01250
21	0.04204	0.05364	0.03190	0.02900	0.03480	0.55926	0.02175	0.04494	0.03190	0.02755	0.01740	0.02030	0.01450	0.01160	0.01015	0.00290	0.02030	0.00725	0.00580	0.01305
22	0.01371	0.00979	0.01306	0.01567	0.01632	0.00914	0.01045	0.01567	0.02155	0.02873	0.06203	0.59710	0.07444	0.03526	0.01437	0.00457	0.00653	0.03200	0.01045	0.00914
23	0.02334	0.02001	0.02334	0.01667	0.02667	0.01500	0.01334	0.02834	0.02334	0.03668	0.02001	0.02334	0.01667	0.00834	0.00834	0.00167	0.00834	0.00667	0.00667	0.67325
24	0.01637	0.01091	0.01228	0.01228	0.01228	0.01091	0.00682	0.01637	0.01637	0.02182	0.03546	0.07365	0.04092	0.60445	0.05729	0.01091	0.01091	0.01637	0.00682	0.00682
25	0.04213	0.05121	0.03210	0.02865	0.03481	0.50155	0.02171	0.09467	0.03421	0.03232	0.01846	0.02104	0.01501	0.01181	0.01027	0.00295	0.01943	0.00757	0.00640	0.01372
26	0.01438	0.01159	0.01290	0.01300	0.01643	0.01011	0.01003	0.01799	0.02696	0.03381	0.19356	0.10537	0.39108	0.02766	0.01354	0.00390	0.00613	0.07090	0.01084	0.00983
27	0.03926	0.02977	0.03179	0.02518	0.03356	0.03326	0.02054	0.39250	0.16287	0.06524	0.03150	0.03059	0.02277	0.01393	0.01131	0.00348	0.01156	0.01075	0.01131	0.01882
28	0.04330	0.10590	0.03496	0.02332	0.03232	0.03092	0.01971	0.30745	0.04293	0.20037	0.03049	0.02906	0.02102	0.01311	0.01073	0.00328	0.01153	0.00992	0.01116	0.01851
29	0.02319	0.10341	0.50632	0.03103	0.04709	0.02764	0.03976	0.03549	0.02369	0.03490	0.01983	0.02330	0.01427	0.01061	0.01041	0.00347	0.01626	0.00813	0.00476	0.01646

[dist]
# distance from previous block
# <min> <max>
0	22

[block]
# block no. 1 follows, 11 sequences, length 67
# corresponding to MSA columns:
# 368-434
name=unknown_B
#
# <colnr> <probs for GDERKNQSTAVLIFYWHMCP>
#	G	D	E	R	K	N	Q	S	T	A	V	L	I	F	Y	W	H	M	C	P
0	0.02537	0.22600	0.33911	0.02992	0.04377	0.03210	0.08774	0.03509	0.02382	0.03286	0.01909	0.02277	0.01465	0.01022	0.00992	0.00323	0.01549	0.00819	0.00488	0.01579
1	0.01732	0.01237	0.01720	0.01980	0.02203	0.01225	0.01672	0.02191	0.02511	0.03277	0.06004	0.21366	0.06656	0.03186	0.01533	0.00507	0.00966	0.37983	0.01038	0.01014
2	0.01787	0.01455	0.02096	0.01994	0.02136	0.01800	0.01561	0.02121	0.01776	0.02595	0.02744	0.04276	0.02650	0.11668	0.40782	0.01474	0.14275	0.01198	0.00587	0.01023
3	0.03074	0.32403	0.21136	0.02407	0.03582	0.03503	0.02641	0.07707	0.02670	0.08311	0.02090	0.02265	0.01609	0.01073	0.00910	0.00297	0.01332	0.00764	0.00624	0.01602
4	0.01338	0.01111	0.01171	0.01219	0.01541	0.00944	0.00890	0.01606	0.02490	0.03010	0.10443	0.19845	0.44572	0.02975	0.01350	0.00394	0.00585	0.02527	0.01045	0.00944
5	0.01637	0.01091	0.01228	0.01228	0.01228	0.01091	0.00682	0.01637	0.01637	0.02182	0.03546	0.07365	0.04092	0.60445	0.05729	0.01091	0.01091	0.01637	0.00682	0.00682
6	0.68395	0.02177	0.01654	0.01480	0.02177	0.02525	0.01219	0.03309	0.01915	0.05050	0.01567	0.01828	0.01219	0.01045	0.00697	0.00348	0.00871	0.00609	0.00697	0.01219
7	0.02786	0.02674	0.04568	0.06908	0.53424	0.02674	0.03454	0.03454	0.02563	0.03677	0.02117	0.02786	0.01783	0.01003	0.01114	0.00334	0.01337	0.01003	0.00557	0.01783
8	0.01613	0.01184	0.01697	0.01697	0.01860	0.01346	0.01268	0.01938	0.01776	0.02530	0.03117	0.04987	0.03059	0.18436	0.46326	0.01671	0.02645	0.01289	0.00618	0.00943
9	0.68395	0.02177	0.01654	0.01480	0.02177	0.02525	0.01219	0.03309	0.01915	0.05050	0.01567	0.01828	0.01219	0.01045	0.00697	0.00348	0.00871	0.00609	0.00697	0.01219
10	0.09799	0.01956	0.02471	0.01886	0.02770	0.01694	0.01548	0.04727	0.02919	0.39103	0.03669	0.03338	0.02411	0.01242	0.01030	0.00309	0.00923	0.00987	0.01177	0.16040
11	0.01383	0.01095	0.01246	0.01309	0.01578	0.00957	0.00943	0.01681	0.02542	0.03221	0.16346	0.24831	0.32960	0.02963	0.01361	0.00399	0.00588	0.02565	0.01075	0.00957
12	0.02126	0.02001	0.03376	0.57739	0.07752	0.02501	0.03126	0.02876	0.02251	0.02876	0.02001	0.03001	0.01500	0.01125	0.01125	0.00375	0.01500	0.01000	0.00500	0.01250
13	0.02657	0.03036	0.06641	0.04744	0.05882	0.02846	0.49336	0.03605	0.02657	0.03605	0.02277	0.03036	0.01708	0.00949	0.01328	0.00380	0.01898	0.01328	0.00569	0.01518
14	0.01384	0.01142	0.01215	0.01197	0.01553	0.00973	0.00898	0.01720	0.02693	0.03343	0.19902	0.10334	0.44278	0.02738	0.01330	0.00375	0.00562	0.02306	0.01085	0.00973
15	0.02126	0.02001	0.03376	0.57739	0.07752	0.02501	0.03126	0.02876	0.02251	0.02876	0.02001	0.03001	0.01500	0.01125	0.01125	0.00375	0.01500	0.01000	0.00500	0.01250
16	0.01421	0.01097	0.01298	0.01348	0.01602	0.00973	0.00973	0.01755	0.02633	0.03436	0.22396	0.24308	0.26952	0.02881	0.01360	0.00395	0.00582	0.02512	0.01104	0.00973
17	0.68395	0.02177	0.01654	0.01480	0.02177	0.02525	0.01219	0.03309	0.01915	0.05050	0.01567	0.01828	0.01219	0.01045	0.00697	0.00348	0.00871	0.00609	0.00697	0.01219
18	0.03327	0.03363	0.03232	0.02741	0.03442	0.17336	0.06820	0.10047	0.28284	0.04321	0.03368	0.03328	0.02553	0.01349	0.01127	0.00352	0.01342	0.01101	0.00930	0.01639
19	0.03355	0.02768	0.03309	0.02671	0.03463	0.03071	0.07052	0.22594	0.28331	0.05510	0.03607	0.03496	0.02662	0.01397	0.01158	0.00365	0.01134	0.01178	0.01076	0.01804
20	0.02718	0.02605	0.04446	0.12139	0.48724	0.02656	0.03420	0.03395	0.02531	0.03595	0.02105	0.02808	0.01754	0.01015	0.01115	0.00338	0.01354	0.01003	0.00551	0.01728
21	0.02981	0.22910	0.28506	0.02650	0.03896	0.08856	0.02990	0.03792	0.02519	0.08174	0.02084	0.02301	0.01568	0.01077	0.00960	0.00312	0.01488	0.00777	0.00579	0.01580
22	0.03141	0.02467	0.02648	0.02304	0.02989	0.02795	0.01814	0.11075	0.42386	0.08678	0.04350	0.03996	0.03209	0.01496	0.01142	0.00374	0.00937	0.01232	0.01161	0.01807
23	0.02330	0.02209	0.03745	0.42017	0.21879	0.02554	0.03227	0.03055	0.02347	0.03124	0.02037	0.02934	0.01588	0.01087	0.01122	0.00362	0.01450	0.01001	0.00518	0.01415
24	0.68395	0.02177	0.01654	0.01480	0.02177	0.02525	0.01219	0.03309	0.01915	0.05050	0.01567	0.01828	0.01219	0.01045	0.00697	0.00348	0.00871	0.00609	0.00697	0.01219
25	0.02800	0.02418	0.02545	0.02291	0.02927	0.02800	0.01782	0.05981	0.51390	0.04708	0.04581	0.04199	0.03436	0.01527	0.01145	0.00382	0.00891	0.01273	0.01145	0.01782
26	0.05050	0.01915	0.02612	0.02003	0.02873	0.01654	0.01654	0.05485	0.03221	0.54203	0.04440	0.03831	0.02786	0.01393	0.01132	0.00348	0.00958	0.01132	0.01393	0.01915
27	0.01608	0.01206	0.01809	0.01809	0.02010	0.01407	0.01407	0.02010	0.01809	0.02613	0.03015	0.04422	0.02814	0.08441	0.55984	0.01809	0.03015	0.01206	0.00603	0.01005
28	0.01568	0.01149	0.01469	0.01389	0.01666	0.01051	0.01042	0.02075	0.03126	0.04371	0.48832	0.08641	0.14707	0.02354	0.01328	0.00357	0.00535	0.02068	0.01220	0.01051
29	0.01593	0.01150	0.01504	0.01416	0.01681	0.01062	0.01062	0.02124	0.03186	0.04513	0.52830	0.08407	0.10620	0.02301	0.01327	0.00354	0.00531	0.02035	0.01239	0.01062
30	0.01608	0.01206	0.01809	0.01809	0.02010	0.01407	0.01407	0.02010	0.01809	0.02613	0.03015	0.04422	0.02814	0.08441	0.55984	0.01809	0.03015	0.01206	0.00603	0.01005
31	0.02257	0.05822	0.54613	0.03208	0.04871	0.02614	0.04158	0.03564	0.02376	0.03564	0.02020	0.02376	0.01426	0.01069	0.01069	0.00356	0.01663	0.00832	0.00475	0.01663
32	0.03009	0.61122	0.05898	0.01926	0.02889	0.04454	0.01926	0.03370	0.02287	0.02648	0.01565	0.01805	0.01444	0.00963	0.00722	0.00241	0.01204	0.00602	0.00481	0.01444
33	0.01330	0.01140	0.01140	0.01140	0.01520	0.00950	0.00855	0.01615	0.02565	0.03041	0.11402	0.10832	0.52967	0.02850	0.01330	0.00380	0.00570	0.02375	0.01045	0.00950
34	0.01732	0.01294	0.01877	0.01829	0.01969	0.01531	0.01395	0.01984	0.01747	0.02510	0.02800	0.04405	0.02713	0.12334	0.40417	0.08673	0.08063	0.01201	0.00587	0.00940
35	0.03009	0.61122	0.05898	0.01926	0.02889	0.04454	0.01926	0.03370	0.02287	0.02648	0.01565	0.01805	0.01444	0.00963	0.00722	0.00241	0.01204	0.00602	0.00481	0.01444
36	0.05050	0.01915	0.02612	0.02003	0.02873	0.01654	0.01654	0.05485	0.03221	0.54203	0.04440	0.03831	0.02786	0.01393	0.01132	0.00348	0.00958	0.01132	0.01393	0.01915
37	0.02708	0.02595	0.04428	0.12878	0.48060	0.02654	0.03416	0.03386	0.02526	0.03583	0.02103	0.02811	0.01750	0.01017	0.01116	0.00339	0.01356	0.01003	0.00550	0.01720
38	0.03340	0.03105	0.03104	0.02643	0.03340	0.14907	0.06543	0.05354	0.30546	0.09243	0.03686	0.03548	0.02742	0.01372	0.01132	0.00357	0.01259	0.01138	0.00984	0.01660
39	0.05050	0.01915	0.02612	0.02003	0.02873	0.01654	0.01654	0.05485	0.03221	0.54203	0.04440	0.03831	0.02786	0.01393	0.01132	0.00348	0.00958	0.01132	0.01393	0.01915
40	0.01810	0.01107	0.01328	0.01353	0.01596	0.01069	0.01032	0.02302	0.02661	0.04076	0.21721	0.12407	0.06533	0.02103	0.01137	0.00345	0.00600	0.06883	0.28899	0.01038
41	0.02688	0.37522	0.26688	0.02473	0.03735	0.03668	0.02879	0.03453	0.02325	0.03039	0.01759	0.02049	0.01436	0.01008	0.00870	0.00290	0.01400	0.00700	0.00479	0.01538
42	0.02496	0.02484	0.03563	0.03362	0.08148	0.03368	0.02564	0.02785	0.01810	0.02808	0.01543	0.02496	0.01509	0.01870	0.03428	0.00476	0.52515	0.00987	0.00499	0.01288
43	0.01371	0.00979	0.01306	0.01567	0.01632	0.00914	0.01045	0.01567	0.02155	0.02873	0.06203	0.59710	0.07444	0.03526	0.01437	0.00457	0.00653	0.03200	0.01045	0.00914
44	0.04270	0.03412	0.03356	0.02626	0.03489	0.09649	0.02143	0.44365	0.05045	0.06584	0.02589	0.02623	0.01860	0.01329	0.01113	0.00332	0.01331	0.00979	0.01062	0.01843
45	0.68395	0.02177	0.01654	0.01480	0.02177	0.02525	0.01219	0.03309	0.01915	0.05050	0.01567	0.01828	0.01219	0.01045	0.00697	0.00348	0.00871	0.00609	0.00697	0.01219
46	0.01637	0.01091	0.01228	0.01228	0.01228	0.01091	0.00682	0.01637	0.01637	0.02182	0.03546	0.07365	0.04092	0.60445	0.05729	0.01091	0.01091	0.01637	0.00682	0.00682
47	0.04204	0.05364	0.03190	0.02900	0.03480	0.55926	0.02175	0.04494	0.03190	0.02755	0.01740	0.02030	0.01450	0.01160	0.01015	0.00290	0.02030	0.00725	0.00580	0.01305
48	0.01593	0.01150	0.01504	0.01416	0.01681	0.01062	0.01062	0.02124	0.03186	0.04513	0.52830	0.08407	0.10620	0.02301	0.01327	0.00354	0.00531	0.02035	0.01239	0.01062
49	0.04327	0.02254	0.03828	0.02830	0.03782	0.02014	0.16047	0.04918	0.03051	0.38930	0.03787	0.03591	0.02461	0.01259	0.01191	0.00358	0.01241	0.01191	0.01144	0.01795
50	0.04204	0.05364	0.03190	0.02900	0.03480	0.55926	0.02175	0.04494	0.03190	0.02755	0.01740	0.02030	0.01450	0.01160	0.01015	0.00290	0.02030	0.00725	0.00580	0.01305
51	0.02126	0.02001	0.03376	0.57739	0.07752	0.02501	0.03126	0.02876	0.02251	0.02876	0.02001	0.03001	0.01500	0.01125	0.01125	0.00375	0.01500	0.01000	0.00500	0.01250
52	0.01608	0.01206	0.01809	0.01809	0.02010	0.01407	0.01407	0.02010	0.01809	0.02613	0.03015	0.04422	0.02814	0.08441	0.55984	0.01809	0.03015	0.01206	0.00603	0.01005
53	0.01371	0.00979	0.01306	0.01567	0.01632	0.00914	0.01045	0.01567	0.02155	0.02873	0.06203	0.59710	0.07444	0.03526	0.01437	0.00457	0.00653	0.03200	0.01045	0.00914
54	0.01330	0.01140	0.01140	0.01140	0.01520	0.00950	0.00855	0.01615	0.02565	0.03041	0.11402	0.10832	0.52967	0.02850	0.01330	0.00380	0.00570	0.02375	0.01045	0.00950
55	0.01563	0.01120	0.01374	0.01351	0.01614	0.01023	0.00998	0.02009	0.02878	0.04021	0.35401	0.14510	0.17377	0.02459	0.01293	0.00363	0.00552	0.02148	0.06923	0.01023
56	0.01445	0.01034	0.01384	0.01604	0.01714	0.00973	0.01130	0.01715	0.02323	0.03119	0.11653	0.48611	0.07713	0.03337	0.01437	0.00452	0.00680	0.07666	0.01067	0.00945
57	0.01608	0.01206	0.01809	0.01809	0.02010	0.01407	0.01407	0.02010	0.01809	0.02613	0.03015	0.04422	0.02814	0.08441	0.55984	0.01809	0.03015	0.01206	0.00603	0.01005
58	0.01797	0.01415	0.01893	0.01791	0.01863	0.01690	0.01308	0.01991	0.01716	0.02444	0.02930	0.05304	0.03097	0.29840	0.23220	0.01223	0.13603	0.01349	0.00615	0.00910
59	0.03885	0.04884	0.03902	0.03280	0.03976	0.44969	0.11910	0.04311	0.03080	0.02930	0.01851	0.02237	0.01503	0.01116	0.01080	0.00308	0.02002	0.00849	0.00578	0.01349
60	0.03102	0.02272	0.02587	0.02018	0.02850	0.02166	0.01614	0.17390	0.07423	0.09153	0.03077	0.08638	0.02584	0.01375	0.01037	0.00282	0.00953	0.01124	0.00949	0.29405
61	0.09680	0.02343	0.02852	0.02296	0.03008	0.02487	0.05837	0.17928	0.12549	0.10671	0.13957	0.04280	0.04090	0.01529	0.01149	0.00355	0.01012	0.01283	0.01092	0.01602
62	0.02392	0.02272	0.03857	0.37249	0.26162	0.02571	0.03258	0.03109	0.02376	0.03199	0.02048	0.02914	0.01614	0.01076	0.01121	0.00359	0.01435	0.01001	0.00523	0.01465
63	0.02482	0.02033	0.03078	0.09096	0.03457	0.02445	0.06101	0.02893	0.02172	0.07951	0.02988	0.05216	0.02876	0.07968	0.02731	0.00522	0.24172	0.09875	0.00714	0.01230
64	0.03440	0.02964	0.03406	0.15776	0.13538	0.11368	0.02525	0.14422	0.08090	0.09421	0.02644	0.02939	0.01961	0.01227	0.01108	0.00343	0.01381	0.00999	0.00821	0.01629
65	0.08737	0.02929	0.09706	0.04574	0.23295	0.02582	0.12201	0.03966	0.07294	0.09805	0.02601	0.02967	0.01957	0.01099	0.01121	0.00353	0.01357	0.01057	0.00718	0.01682
66	0.03203	0.03030	0.04056	0.10006	0.33244	0.09082	0.03004	0.13066	0.03172	0.04204	0.02183	0.02699	0.01746	0.01104	0.01106	0.00333	0.01412	0.00972	0.00672	0.01707

[dist]
# distance from previous block
# <min> <max>
0	4

[block]
# block no. 2 follows, 11 sequences, length 19
# corresponding to MSA columns:
# 439-457
name=unknown_C
#
# <colnr> <probs for GDERKNQSTAVLIFYWHMCP>
#	G	D	E	R	K	N	Q	S	T	A	V	L	I	F	Y	W	H	M	C	P
0	0.01799	0.01397	0.01678	0.01717	0.01981	0.01442	0.01241	0.02856	0.15220	0.03766	0.17586	0.32286	0.07206	0.02696	0.01333	0.00411	0.00684	0.02404	0.01120	0.01177
1	0.02908	0.03712	0.22470	0.04883	0.28772	0.02511	0.03460	0.03776	0.02587	0.10653	0.02404	0.02782	0.01792	0.01081	0.01100	0.00344	0.01403	0.00959	0.00643	0.01758
2	0.02860	0.10345	0.17130	0.11898	0.22354	0.02725	0.03185	0.03638	0.02518	0.09547	0.02291	0.02720	0.01733	0.01080	0.01059	0.00336	0.01381	0.00926	0.00621	0.01653
3	0.02579	0.03084	0.10811	0.12689	0.20905	0.02718	0.23530	0.03451	0.02539	0.03521	0.02160	0.02880	0.01671	0.01004	0.01204	0.00362	0.01641	0.01126	0.00545	0.01579
4	0.02690	0.04456	0.34872	0.09405	0.05056	0.02499	0.09965	0.03762	0.02520	0.10599	0.02393	0.02743	0.01664	0.01104	0.01120	0.00361	0.01578	0.00962	0.00620	0.01632
5	0.03121	0.11147	0.28680	0.02956	0.04258	0.02623	0.09518	0.04040	0.02621	0.16464	0.02622	0.02772	0.01817	0.01123	0.01079	0.00343	0.01459	0.00950	0.00725	0.01681
6	0.02890	0.04743	0.33099	0.03333	0.04677	0.08407	0.12625	0.03908	0.02624	0.09632	0.02334	0.02646	0.01650	0.01095	0.01122	0.00353	0.01665	0.00955	0.00617	0.01626
7	0.01727	0.01366	0.01597	0.01691	0.01945	0.01396	0.01205	0.02691	0.14677	0.03361	0.06515	0.38868	0.12751	0.02926	0.01348	0.00427	0.00702	0.02597	0.01070	0.01139
8	0.02749	0.02243	0.03830	0.32618	0.18812	0.02454	0.06552	0.03449	0.02499	0.10343	0.02394	0.03064	0.01770	0.01117	0.01139	0.00361	0.01412	0.01045	0.00646	0.01503
9	0.02775	0.10376	0.03944	0.30002	0.18361	0.02714	0.02866	0.03412	0.02455	0.09285	0.02267	0.02880	0.01722	0.01103	0.01067	0.00343	0.01351	0.00962	0.00621	0.01497
10	0.01711	0.01273	0.01648	0.01845	0.02053	0.01287	0.01424	0.02391	0.08298	0.03282	0.05915	0.35266	0.06593	0.03126	0.01446	0.00471	0.00826	0.19025	0.01054	0.01066
11	0.02657	0.03036	0.06641	0.04744	0.05882	0.02846	0.49336	0.03605	0.02657	0.03605	0.02277	0.03036	0.01708	0.00949	0.01328	0.00380	0.01898	0.01328	0.00569	0.01518
12	0.02877	0.11187	0.25704	0.10941	0.10024	0.06805	0.03207	0.03737	0.02533	0.09455	0.02245	0.02589	0.01645	0.01103	0.01043	0.00336	0.01491	0.00874	0.00608	0.01595
13	0.02621	0.02993	0.11198	0.12927	0.34570	0.02656	0.03319	0.03674	0.08003	0.03666	0.02365	0.02918	0.01880	0.01088	0.01113	0.00348	0.01355	0.01009	0.00604	0.01692
14	0.02099	0.02331	0.08421	0.02526	0.02789	0.02542	0.02228	0.02524	0.01829	0.02765	0.02150	0.03235	0.02005	0.04453	0.24265	0.01003	0.30058	0.01056	0.00535	0.01188
15	0.68395	0.02177	0.01654	0.01480	0.02177	0.02525	0.01219	0.03309	0.01915	0.05050	0.01567	0.01828	0.01219	0.01045	0.00697	0.00348	0.00871	0.00609	0.00697	0.01219
16	0.01593	0.01150	0.01504	0.01416	0.01681	0.01062	0.01062	0.02124	0.03186	0.04513	0.52830	0.08407	0.10620	0.02301	0.01327	0.00354	0.00531	0.02035	0.01239	0.01062
17	0.03303	0.39987	0.04889	0.02133	0.03044	0.04026	0.01963	0.15255	0.08580	0.03993	0.02190	0.02300	0.01787	0.01124	0.00871	0.00281	0.01177	0.00781	0.00718	0.01600
18	0.68395	0.02177	0.01654	0.01480	0.02177	0.02525	0.01219	0.03309	0.01915	0.05050	0.01567	0.01828	0.01219	0.01045	0.00697	0.00348	0.00871	0.00609	0.00697	0.01219

[dist]
# distance from previous block
# <min> <max>
0	11

# created by:
# /st0/software/busco_prod/Augustus/scripts/msa2prfl.pl ./align_prep/8500.fa
