[name]
unknown

[dist]
# distance from previous block
# <min> <max>
17	994

[block]
# block no. 0 follows, 13 sequences, length 19
# corresponding to MSA columns:
# 1263-1281
name=unknown_A
#
# <colnr> <probs for GDERKNQSTAVLIFYWHMCP>
#	G	D	E	R	K	N	Q	S	T	A	V	L	I	F	Y	W	H	M	C	P
0	0.21382	0.08003	0.08801	0.14207	0.03705	0.02357	0.02007	0.05769	0.02323	0.11093	0.02081	0.02365	0.01529	0.01028	0.00873	0.00303	0.01079	0.00766	0.00681	0.09645
1	0.19315	0.06121	0.12049	0.02079	0.02964	0.02502	0.01973	0.17565	0.03101	0.14775	0.05748	0.02781	0.02206	0.01199	0.00945	0.00321	0.01057	0.00893	0.00878	0.01529
2	0.16755	0.07040	0.05718	0.02318	0.06771	0.02103	0.05824	0.03706	0.02413	0.20341	0.02511	0.02584	0.01793	0.01028	0.00905	0.00286	0.01010	0.00829	0.00807	0.15257
3	0.08879	0.11873	0.02909	0.04766	0.02874	0.02457	0.01604	0.16540	0.02902	0.04205	0.02270	0.06912	0.01978	0.01167	0.00889	0.00259	0.00965	0.00905	0.00741	0.24906
4	0.09092	0.01856	0.02031	0.01751	0.02350	0.01955	0.01385	0.04488	0.24237	0.16674	0.03722	0.03576	0.02708	0.01290	0.00951	0.00315	0.00776	0.01037	0.14994	0.04810
5	0.02142	0.01263	0.01598	0.01567	0.01848	0.01201	0.01138	0.06736	0.02425	0.11579	0.05387	0.34753	0.10945	0.02775	0.01578	0.08110	0.00734	0.02186	0.00982	0.01053
6	0.08977	0.01984	0.03190	0.34249	0.05476	0.02192	0.07979	0.03420	0.02353	0.16347	0.02436	0.02914	0.01705	0.01094	0.01043	0.00344	0.01272	0.00971	0.00701	0.01354
7	0.02472	0.16764	0.21642	0.11737	0.04331	0.02796	0.07208	0.07647	0.02465	0.03374	0.01879	0.02287	0.01446	0.00980	0.00943	0.00294	0.01340	0.00799	0.00535	0.09061
8	0.13592	0.02669	0.14888	0.09630	0.03391	0.02142	0.02145	0.09785	0.04934	0.03808	0.02901	0.10280	0.02718	0.07074	0.01436	0.00420	0.01125	0.05074	0.00720	0.01270
9	0.02002	0.01276	0.01641	0.01661	0.01908	0.01254	0.01242	0.07654	0.02513	0.07682	0.08850	0.33929	0.05692	0.02806	0.01553	0.06633	0.00768	0.08922	0.00983	0.01032
10	0.02187	0.02191	0.02567	0.06753	0.03003	0.10700	0.08894	0.03006	0.10879	0.03135	0.07705	0.14812	0.11278	0.06310	0.01478	0.00403	0.01100	0.01634	0.00809	0.01155
11	0.52338	0.02031	0.01790	0.01553	0.02227	0.02271	0.01269	0.03713	0.07884	0.12980	0.02217	0.02265	0.01612	0.01084	0.00766	0.00331	0.00833	0.00720	0.00805	0.01308
12	0.02066	0.15003	0.34933	0.02364	0.03520	0.02416	0.02821	0.02926	0.02301	0.03179	0.07147	0.03807	0.10601	0.01336	0.01002	0.00318	0.01244	0.01054	0.00585	0.01378
13	0.02914	0.01730	0.02269	0.02215	0.07249	0.01681	0.01622	0.11017	0.03132	0.18853	0.16988	0.06191	0.08108	0.01832	0.01184	0.00354	0.00865	0.09311	0.01085	0.01397
14	0.01491	0.01710	0.10171	0.01633	0.02023	0.01164	0.01436	0.01960	0.02435	0.03366	0.23433	0.29021	0.11148	0.02484	0.01250	0.00374	0.00716	0.02199	0.00962	0.01023
15	0.01519	0.01098	0.01525	0.01525	0.01654	0.01227	0.01105	0.01776	0.01648	0.02326	0.02991	0.05035	0.03026	0.25424	0.41681	0.01484	0.02256	0.01262	0.00590	0.00847
16	0.59812	0.02190	0.01810	0.01555	0.02240	0.02516	0.01282	0.10965	0.02302	0.05048	0.01641	0.01848	0.01248	0.01027	0.00718	0.00326	0.00873	0.00633	0.00718	0.01248
17	0.01678	0.01392	0.01982	0.06318	0.02460	0.01390	0.05399	0.02424	0.08607	0.03593	0.25599	0.18251	0.12347	0.02185	0.01234	0.00362	0.00743	0.01963	0.00989	0.01085
18	0.03352	0.03423	0.02531	0.02251	0.02749	0.29755	0.01682	0.08394	0.11034	0.07122	0.02643	0.03351	0.02254	0.12767	0.01821	0.00435	0.01431	0.00976	0.00749	0.01281

[dist]
# distance from previous block
# <min> <max>
5	22

[block]
# block no. 1 follows, 13 sequences, length 14
# corresponding to MSA columns:
# 1304-1317
name=unknown_B
#
# <colnr> <probs for GDERKNQSTAVLIFYWHMCP>
#	G	D	E	R	K	N	Q	S	T	A	V	L	I	F	Y	W	H	M	C	P
0	0.01743	0.01082	0.01278	0.01249	0.01514	0.00994	0.00911	0.02100	0.02456	0.07193	0.20400	0.14922	0.16838	0.07046	0.01476	0.00389	0.00592	0.01856	0.14980	0.00981
1	0.02273	0.10997	0.03053	0.06534	0.02787	0.02728	0.01884	0.06296	0.01993	0.02784	0.02007	0.03194	0.01944	0.11159	0.10764	0.00663	0.26266	0.00992	0.00548	0.01134
2	0.02730	0.01764	0.02652	0.31081	0.04829	0.01943	0.02171	0.03480	0.06126	0.18169	0.10819	0.03882	0.03167	0.01320	0.01089	0.00343	0.01090	0.01139	0.00850	0.01356
3	0.02017	0.01283	0.01624	0.01636	0.01920	0.01258	0.01209	0.02712	0.10046	0.10664	0.12958	0.34195	0.06236	0.02561	0.01261	0.00394	0.00690	0.05131	0.01068	0.01136
4	0.01571	0.01062	0.01460	0.01460	0.01553	0.01156	0.01023	0.01686	0.01593	0.02217	0.02848	0.04962	0.02931	0.26252	0.31638	0.12106	0.01906	0.01239	0.00575	0.00763
5	0.01364	0.01031	0.01259	0.01296	0.01522	0.00927	0.00936	0.01704	0.02542	0.03389	0.28101	0.24313	0.22474	0.02646	0.01278	0.00368	0.00543	0.02323	0.01058	0.00927
6	0.02502	0.02498	0.04800	0.03550	0.04385	0.02420	0.34885	0.10290	0.02732	0.03688	0.02737	0.10355	0.02456	0.05796	0.01536	0.00409	0.01493	0.01440	0.00674	0.01354
7	0.02861	0.08192	0.31211	0.02569	0.03751	0.02568	0.02864	0.09962	0.10105	0.11753	0.02624	0.02678	0.01854	0.01136	0.01007	0.00327	0.01283	0.00888	0.00738	0.01628
8	0.41987	0.02180	0.02038	0.01660	0.02407	0.02341	0.01363	0.12920	0.02577	0.09154	0.01959	0.02100	0.01454	0.01035	0.00785	0.00300	0.00887	0.00694	0.00782	0.11374
9	0.02413	0.07095	0.10040	0.01898	0.02519	0.01949	0.01751	0.09821	0.06886	0.07534	0.04200	0.12591	0.07239	0.01809	0.01081	0.00347	0.00929	0.07711	0.10888	0.01298
10	0.17638	0.32208	0.20368	0.02081	0.03130	0.03256	0.02297	0.03208	0.02096	0.03251	0.01600	0.01863	0.01304	0.00952	0.00772	0.00282	0.01192	0.00632	0.00495	0.01372
11	0.23158	0.06133	0.01928	0.01544	0.01998	0.01721	0.01203	0.02851	0.02079	0.14517	0.03245	0.18355	0.03121	0.02059	0.01439	0.10506	0.00819	0.01371	0.00834	0.01121
12	0.12854	0.02396	0.02506	0.02009	0.02717	0.02627	0.01639	0.30874	0.07966	0.09780	0.02796	0.02829	0.02022	0.01240	0.00957	0.00312	0.00969	0.00933	0.10997	0.01578
13	0.21088	0.02152	0.02973	0.08215	0.25358	0.02299	0.02251	0.03374	0.05860	0.07953	0.02242	0.02681	0.01771	0.01585	0.05560	0.00436	0.01217	0.00884	0.00659	0.01443

[dist]
# distance from previous block
# <min> <max>
2	22

[block]
# block no. 2 follows, 13 sequences, length 7
# corresponding to MSA columns:
# 1340-1346
name=unknown_C
#
# <colnr> <probs for GDERKNQSTAVLIFYWHMCP>
#	G	D	E	R	K	N	Q	S	T	A	V	L	I	F	Y	W	H	M	C	P
0	0.02673	0.02677	0.15312	0.07820	0.08242	0.01959	0.09277	0.03344	0.02405	0.15161	0.03102	0.04523	0.02608	0.07871	0.01585	0.00430	0.01268	0.07594	0.00753	0.01395
1	0.02463	0.01763	0.05326	0.02178	0.07873	0.01513	0.01576	0.06419	0.02543	0.14384	0.05117	0.14470	0.13085	0.10306	0.01756	0.00455	0.00912	0.05695	0.00928	0.01239
2	0.01622	0.01361	0.02012	0.07500	0.13500	0.01339	0.01595	0.01957	0.02175	0.02884	0.05480	0.36088	0.13361	0.02518	0.01245	0.00387	0.00804	0.02269	0.00841	0.01063
3	0.03230	0.01711	0.02473	0.11526	0.11710	0.01682	0.01827	0.03743	0.02568	0.25670	0.03266	0.03409	0.02300	0.01189	0.00973	0.00307	0.00929	0.01004	0.19018	0.01464
4	0.03026	0.01875	0.02590	0.11627	0.08936	0.01838	0.01862	0.09095	0.02748	0.19735	0.03371	0.13606	0.02875	0.01515	0.01073	0.00324	0.00982	0.01308	0.00911	0.10701
5	0.03349	0.02418	0.11463	0.02669	0.10155	0.01835	0.02137	0.04126	0.06571	0.28256	0.08171	0.04296	0.03246	0.01419	0.01099	0.00342	0.01021	0.04821	0.01006	0.01600
6	0.02910	0.02325	0.09687	0.06708	0.14382	0.01900	0.06673	0.03546	0.02523	0.18211	0.03168	0.04041	0.02480	0.01303	0.01066	0.00335	0.01117	0.06096	0.10054	0.01474

[dist]
# distance from previous block
# <min> <max>
0	2

[block]
# block no. 3 follows, 13 sequences, length 16
# corresponding to MSA columns:
# 1349-1364
name=unknown_D
#
# <colnr> <probs for GDERKNQSTAVLIFYWHMCP>
#	G	D	E	R	K	N	Q	S	T	A	V	L	I	F	Y	W	H	M	C	P
0	0.36887	0.07468	0.02595	0.18352	0.07184	0.02488	0.01869	0.03125	0.02029	0.06889	0.01776	0.02193	0.01358	0.01012	0.00819	0.00324	0.01046	0.00728	0.00614	0.01245
1	0.05848	0.01140	0.01323	0.01263	0.01562	0.01090	0.00952	0.02314	0.02574	0.07262	0.26597	0.11098	0.09851	0.01909	0.01063	0.00317	0.00554	0.01632	0.20618	0.01033
2	0.02454	0.03023	0.17875	0.02449	0.06535	0.02093	0.02247	0.03788	0.15623	0.06662	0.02640	0.02758	0.01994	0.01051	0.00952	0.00278	0.01052	0.00860	0.00723	0.24943
3	0.01602	0.01114	0.01309	0.01222	0.01540	0.01004	0.00922	0.02054	0.02656	0.03855	0.31897	0.07064	0.16525	0.01959	0.01104	0.00306	0.00524	0.01680	0.15891	0.05772
4	0.02603	0.03307	0.13441	0.06316	0.12990	0.14501	0.02408	0.06709	0.06058	0.03440	0.06520	0.07074	0.07293	0.01423	0.01070	0.00326	0.01282	0.01171	0.00693	0.01373
5	0.02263	0.01831	0.02794	0.29264	0.09397	0.02126	0.02319	0.06160	0.05514	0.06341	0.02470	0.03248	0.01967	0.02897	0.16118	0.00698	0.01685	0.01014	0.00627	0.01268
6	0.03183	0.01531	0.01906	0.01604	0.02149	0.01452	0.01274	0.03962	0.09466	0.27521	0.14827	0.04620	0.04259	0.01487	0.01032	0.00315	0.00718	0.01241	0.16016	0.01437
7	0.30999	0.02539	0.02457	0.01987	0.02738	0.02863	0.01633	0.29176	0.07114	0.05723	0.02226	0.02301	0.01631	0.01163	0.00894	0.00324	0.01000	0.00814	0.00894	0.01523
8	0.02455	0.02449	0.04474	0.17768	0.34466	0.02512	0.13949	0.03158	0.02363	0.03275	0.01998	0.02712	0.01602	0.00956	0.01093	0.00332	0.01405	0.01009	0.00514	0.01511
9	0.02353	0.02431	0.03896	0.03144	0.03378	0.03115	0.13288	0.02729	0.01811	0.02729	0.01552	0.02431	0.01435	0.01640	0.02983	0.00439	0.47953	0.00996	0.00478	0.01216
10	0.03050	0.33832	0.19277	0.02160	0.03228	0.03127	0.02337	0.03652	0.02364	0.14666	0.02181	0.02262	0.01628	0.01021	0.00853	0.00279	0.01200	0.00734	0.00638	0.01511
11	0.01443	0.01130	0.01653	0.14361	0.02793	0.01185	0.01410	0.01742	0.02044	0.02700	0.04962	0.49152	0.05770	0.02818	0.01285	0.00413	0.00788	0.02553	0.00869	0.00928
12	0.03516	0.04151	0.02556	0.02343	0.02822	0.45975	0.01757	0.03837	0.02826	0.02884	0.02032	0.02353	0.01657	0.01121	0.00906	0.00267	0.01597	0.00748	0.15480	0.01173
13	0.01524	0.01093	0.01478	0.01601	0.01802	0.01047	0.01263	0.01940	0.02539	0.03447	0.24182	0.22900	0.07750	0.02737	0.01354	0.00415	0.00709	0.20220	0.01046	0.00954
14	0.01876	0.01148	0.01546	0.01578	0.01836	0.01070	0.01215	0.02261	0.02567	0.10023	0.22561	0.25501	0.07272	0.02588	0.01303	0.00396	0.00688	0.12442	0.01082	0.01047
15	0.02927	0.02037	0.02283	0.01851	0.02536	0.02059	0.01478	0.14534	0.16029	0.10864	0.06875	0.03491	0.02890	0.01267	0.00977	0.00286	0.00837	0.01026	0.09352	0.16401

[dist]
# distance from previous block
# <min> <max>
0	3

[block]
# block no. 4 follows, 13 sequences, length 12
# corresponding to MSA columns:
# 1368-1379
name=unknown_E
#
# <colnr> <probs for GDERKNQSTAVLIFYWHMCP>
#	G	D	E	R	K	N	Q	S	T	A	V	L	I	F	Y	W	H	M	C	P
0	0.07845	0.18202	0.06736	0.22108	0.04240	0.02703	0.02206	0.02784	0.02028	0.02862	0.01829	0.02493	0.01532	0.01892	0.08209	0.00478	0.04959	0.00804	0.00501	0.05589
1	0.02592	0.21277	0.03280	0.06773	0.02911	0.13774	0.01712	0.05887	0.02436	0.02887	0.02679	0.15473	0.02732	0.01939	0.04546	0.00384	0.01280	0.01223	0.00645	0.05570
2	0.02420	0.01953	0.03231	0.45922	0.13197	0.02272	0.02806	0.03078	0.02266	0.09540	0.02178	0.02889	0.01595	0.01073	0.01056	0.00344	0.01326	0.00955	0.00581	0.01318
3	0.02535	0.02161	0.02610	0.01983	0.02843	0.01991	0.04619	0.09578	0.14119	0.04058	0.02515	0.02665	0.01966	0.00995	0.00911	0.00234	0.00904	0.00832	0.00774	0.41710
4	0.02383	0.02304	0.03051	0.02637	0.02770	0.03104	0.02171	0.03226	0.13309	0.02961	0.02034	0.02675	0.01796	0.01758	0.02939	0.00440	0.47587	0.00985	0.00599	0.01271
5	0.02442	0.02745	0.04651	0.03540	0.04309	0.10490	0.33602	0.03085	0.02465	0.03117	0.02883	0.15862	0.02764	0.01457	0.01227	0.00360	0.01542	0.01554	0.00635	0.01271
6	0.46606	0.02664	0.13888	0.01761	0.02542	0.02202	0.01737	0.02958	0.01923	0.04180	0.02108	0.09347	0.01915	0.01276	0.00818	0.00342	0.00958	0.00921	0.00649	0.01202
7	0.01811	0.01101	0.01463	0.01460	0.01699	0.01007	0.01060	0.02164	0.02582	0.10139	0.27934	0.30592	0.07784	0.02548	0.01268	0.00373	0.00598	0.02275	0.01104	0.01038
8	0.02010	0.01983	0.08939	0.14799	0.03455	0.01710	0.01940	0.02911	0.08938	0.06805	0.19151	0.11931	0.05168	0.01804	0.01165	0.00359	0.00937	0.03884	0.00888	0.01223
9	0.01945	0.01495	0.02558	0.02286	0.02679	0.01408	0.12611	0.02380	0.02313	0.07458	0.04816	0.31677	0.05210	0.02512	0.01331	0.00419	0.00986	0.13918	0.00908	0.01091
10	0.02818	0.43102	0.16738	0.02154	0.03197	0.03688	0.02299	0.09359	0.02517	0.03197	0.01697	0.01920	0.01408	0.00972	0.00798	0.00262	0.01231	0.00661	0.00526	0.01457
11	0.02539	0.01787	0.08519	0.01677	0.02218	0.01351	0.01550	0.03103	0.02499	0.15902	0.06994	0.05655	0.03697	0.01651	0.01037	0.00334	0.00826	0.11708	0.25709	0.01242

[dist]
# distance from previous block
# <min> <max>
0	12

[block]
# block no. 5 follows, 13 sequences, length 6
# corresponding to MSA columns:
# 1392-1397
name=unknown_F
#
# <colnr> <probs for GDERKNQSTAVLIFYWHMCP>
#	G	D	E	R	K	N	Q	S	T	A	V	L	I	F	Y	W	H	M	C	P
0	0.01646	0.01226	0.01484	0.01584	0.01751	0.01262	0.01127	0.02319	0.11083	0.02910	0.04913	0.30821	0.05424	0.17580	0.02311	0.00572	0.00808	0.09299	0.00913	0.00964
1	0.14239	0.01965	0.02122	0.01656	0.02434	0.01799	0.01318	0.10173	0.02525	0.04075	0.02346	0.08819	0.02130	0.01172	0.00865	0.00241	0.00828	0.00930	0.00736	0.39625
2	0.14468	0.07464	0.08685	0.08355	0.05906	0.02178	0.01922	0.03456	0.07122	0.11627	0.02652	0.07051	0.02162	0.01221	0.00932	0.00306	0.01006	0.00977	0.00747	0.11764
3	0.15159	0.02225	0.08271	0.01870	0.02624	0.01847	0.01663	0.08265	0.02583	0.24460	0.02754	0.02853	0.01940	0.01549	0.01449	0.11214	0.00978	0.00880	0.00890	0.06528
4	0.14642	0.11110	0.02499	0.01763	0.02350	0.10839	0.01418	0.03219	0.02455	0.12421	0.09124	0.11973	0.03433	0.01519	0.00960	0.00306	0.00976	0.01204	0.00826	0.06962
5	0.19398	0.08466	0.11473	0.02166	0.03015	0.02574	0.04851	0.06190	0.11317	0.03950	0.02186	0.02404	0.01699	0.01091	0.01034	0.00308	0.04726	0.00803	0.00675	0.11676

[dist]
# distance from previous block
# <min> <max>
0	37

[block]
# block no. 6 follows, 13 sequences, length 9
# corresponding to MSA columns:
# 1435-1443
name=unknown_G
#
# <colnr> <probs for GDERKNQSTAVLIFYWHMCP>
#	G	D	E	R	K	N	Q	S	T	A	V	L	I	F	Y	W	H	M	C	P
0	0.16667	0.02560	0.02571	0.07226	0.06670	0.09145	0.01786	0.13854	0.06999	0.04346	0.04736	0.02635	0.02042	0.01117	0.00923	0.00292	0.01083	0.00847	0.00756	0.13744
1	0.35941	0.02237	0.02329	0.11874	0.03324	0.02540	0.01713	0.16189	0.02782	0.09052	0.02036	0.02272	0.01479	0.01096	0.00862	0.00329	0.01017	0.00774	0.00780	0.01373
2	0.02561	0.05809	0.11561	0.12335	0.03681	0.02159	0.02166	0.11692	0.02880	0.08173	0.10617	0.04101	0.03253	0.01382	0.01057	0.00319	0.01088	0.04882	0.00800	0.09485
3	0.02403	0.01881	0.02352	0.01970	0.02443	0.01968	0.01562	0.08887	0.02421	0.07057	0.02974	0.17186	0.02965	0.01767	0.01633	0.00331	0.15488	0.01359	0.00775	0.22579
4	0.21449	0.02134	0.02457	0.01854	0.02713	0.02005	0.05418	0.08894	0.02443	0.04192	0.01866	0.02155	0.01480	0.00906	0.00818	0.00240	0.00919	0.00701	0.00679	0.36680
5	0.01854	0.01347	0.01658	0.01515	0.01832	0.01327	0.01149	0.09625	0.03176	0.04421	0.41603	0.13641	0.08376	0.02165	0.01231	0.00342	0.00613	0.01899	0.01126	0.01102
6	0.01787	0.00951	0.01426	0.01426	0.01455	0.00979	0.00979	0.01455	0.01426	0.01930	0.01988	0.03356	0.01959	0.04319	0.12400	0.58995	0.01209	0.00951	0.00475	0.00533
7	0.01315	0.00941	0.01251	0.01454	0.01539	0.00876	0.00984	0.01539	0.02148	0.02895	0.12182	0.55238	0.07373	0.03166	0.01336	0.00417	0.00599	0.02866	0.01005	0.00876
8	0.04479	0.01722	0.02313	0.01796	0.02559	0.01500	0.01476	0.04896	0.02949	0.51908	0.04102	0.03632	0.02626	0.01301	0.01032	0.00319	0.00861	0.01056	0.07753	0.01722

[dist]
# distance from previous block
# <min> <max>
0	34

[block]
# block no. 7 follows, 13 sequences, length 66
# corresponding to MSA columns:
# 1478-1543
name=unknown_H
#
# <colnr> <probs for GDERKNQSTAVLIFYWHMCP>
#	G	D	E	R	K	N	Q	S	T	A	V	L	I	F	Y	W	H	M	C	P
0	0.01370	0.01006	0.01314	0.01481	0.01621	0.00908	0.01006	0.01579	0.02039	0.02766	0.05472	0.56759	0.06505	0.03085	0.01299	0.00405	0.00629	0.02792	0.00950	0.07015
1	0.08896	0.57953	0.05182	0.01771	0.02654	0.04021	0.01749	0.03161	0.02117	0.02690	0.01470	0.01698	0.01338	0.00911	0.00676	0.00235	0.01103	0.00566	0.00470	0.01338
2	0.02163	0.04893	0.47456	0.03023	0.04482	0.02383	0.08359	0.03290	0.02254	0.03361	0.01919	0.02289	0.01385	0.00974	0.01008	0.00321	0.01514	0.00812	0.00471	0.07642
3	0.01420	0.01078	0.01307	0.01250	0.01533	0.00965	0.00937	0.01847	0.02812	0.03810	0.41719	0.08605	0.24214	0.02322	0.01248	0.00340	0.00510	0.02011	0.01107	0.00965
4	0.06814	0.01282	0.01527	0.01488	0.01808	0.01274	0.01171	0.02389	0.07323	0.03975	0.34046	0.07990	0.12535	0.02188	0.01224	0.00363	0.00638	0.09844	0.01067	0.01055
5	0.08896	0.57953	0.05182	0.01771	0.02654	0.04021	0.01749	0.03161	0.02117	0.02690	0.01470	0.01698	0.01338	0.00911	0.00676	0.00235	0.01103	0.00566	0.00470	0.01338
6	0.02192	0.01879	0.02192	0.01566	0.02506	0.01409	0.01253	0.02662	0.02192	0.03445	0.01879	0.02192	0.01566	0.00783	0.00783	0.00157	0.00783	0.00626	0.00626	0.69305
7	0.02496	0.02852	0.06239	0.04456	0.05526	0.02674	0.52406	0.03387	0.02496	0.03387	0.02139	0.02852	0.01604	0.00891	0.01248	0.00357	0.01783	0.01248	0.00535	0.01426
8	0.03950	0.05039	0.02996	0.02724	0.03269	0.58597	0.02043	0.04222	0.02996	0.02588	0.01634	0.01907	0.01362	0.01090	0.00953	0.00272	0.01907	0.00681	0.00545	0.01226
9	0.01377	0.00958	0.01200	0.01358	0.01397	0.00918	0.00860	0.01496	0.01850	0.02467	0.04934	0.42385	0.05866	0.24617	0.02793	0.00643	0.00761	0.02480	0.00860	0.00781
10	0.70310	0.02045	0.01554	0.01390	0.02045	0.02372	0.01145	0.03108	0.01799	0.04744	0.01472	0.01718	0.01145	0.00981	0.00654	0.00327	0.00818	0.00573	0.00654	0.01145
11	0.04744	0.01799	0.02454	0.01881	0.02699	0.01554	0.01554	0.05153	0.03026	0.56979	0.04171	0.03599	0.02617	0.01309	0.01063	0.00327	0.00900	0.01063	0.01309	0.01799
12	0.02523	0.01336	0.01742	0.01590	0.02038	0.01202	0.01291	0.02947	0.02773	0.20435	0.20103	0.07838	0.15378	0.02153	0.01236	0.00369	0.00736	0.11951	0.01134	0.01226
13	0.01345	0.00980	0.01267	0.01396	0.01537	0.00902	0.00970	0.01627	0.02337	0.03156	0.20597	0.41926	0.12199	0.02925	0.01311	0.00395	0.00574	0.02622	0.01034	0.00902
14	0.01997	0.01879	0.03171	0.60301	0.07282	0.02349	0.02936	0.02701	0.02114	0.02701	0.01879	0.02819	0.01409	0.01057	0.01057	0.00352	0.01409	0.00940	0.00470	0.01175
15	0.03692	0.02752	0.02963	0.02322	0.03098	0.03043	0.01900	0.44268	0.09659	0.06261	0.06732	0.03082	0.02557	0.01353	0.01074	0.00323	0.01081	0.01048	0.01068	0.01725
16	0.04744	0.01799	0.02454	0.01881	0.02699	0.01554	0.01554	0.05153	0.03026	0.56979	0.04171	0.03599	0.02617	0.01309	0.01063	0.00327	0.00900	0.01063	0.01309	0.01799
17	0.02279	0.01850	0.02677	0.02551	0.06064	0.02333	0.01944	0.02607	0.01838	0.07839	0.02220	0.03124	0.01980	0.03935	0.23026	0.00887	0.30068	0.01015	0.00586	0.01177
18	0.01701	0.01010	0.01090	0.01090	0.01183	0.01010	0.00678	0.01887	0.01794	0.02765	0.03376	0.05794	0.03416	0.39569	0.03628	0.00731	0.00824	0.01329	0.26354	0.00771
19	0.01288	0.00920	0.01227	0.01472	0.01534	0.00859	0.00981	0.01472	0.02024	0.02699	0.05828	0.62152	0.06993	0.03312	0.01350	0.00429	0.00613	0.03006	0.00981	0.00859
20	0.63807	0.02338	0.01695	0.01521	0.02165	0.07882	0.01233	0.03217	0.01917	0.04532	0.01488	0.01736	0.01166	0.00992	0.00684	0.00322	0.00925	0.00583	0.00644	0.01153
21	0.02724	0.01357	0.01781	0.01517	0.01996	0.01202	0.01193	0.03165	0.02949	0.24431	0.31425	0.06464	0.11632	0.01883	0.01176	0.00333	0.00657	0.01616	0.01202	0.01296
22	0.07840	0.21590	0.03550	0.01989	0.02815	0.02955	0.01734	0.16549	0.07112	0.19725	0.02747	0.02639	0.01967	0.01161	0.00916	0.00295	0.01030	0.00858	0.00917	0.01609
23	0.70310	0.02045	0.01554	0.01390	0.02045	0.02372	0.01145	0.03108	0.01799	0.04744	0.01472	0.01718	0.01145	0.00981	0.00654	0.00327	0.00818	0.00573	0.00654	0.01145
24	0.01456	0.01079	0.01358	0.01288	0.01555	0.00981	0.00966	0.01918	0.02898	0.04015	0.48391	0.08267	0.17414	0.02245	0.01247	0.00337	0.00505	0.01964	0.01134	0.00981
25	0.01385	0.00995	0.01314	0.01406	0.01555	0.00923	0.00989	0.01715	0.02475	0.03415	0.29005	0.36933	0.08380	0.02777	0.01302	0.00384	0.00560	0.02497	0.01066	0.00923
26	0.02986	0.01542	0.01911	0.01628	0.02152	0.01485	0.01286	0.03875	0.11663	0.24150	0.19844	0.05023	0.04986	0.01580	0.01074	0.00322	0.00707	0.01334	0.11038	0.01414
27	0.02128	0.01137	0.01154	0.01097	0.01389	0.01162	0.00837	0.06326	0.02429	0.04151	0.03379	0.03834	0.02640	0.01235	0.00764	0.00252	0.00544	0.00983	0.63512	0.01048
28	0.03909	0.02374	0.06768	0.02164	0.02946	0.02192	0.01879	0.12362	0.11493	0.32466	0.03558	0.03290	0.02400	0.01340	0.01238	0.00341	0.05427	0.01036	0.01104	0.01713
29	0.02333	0.02222	0.03778	0.31152	0.33805	0.02437	0.03103	0.02996	0.02273	0.03109	0.01939	0.02709	0.01553	0.00995	0.01051	0.00332	0.01326	0.00941	0.00499	0.01446
30	0.03950	0.05039	0.02996	0.02724	0.03269	0.58597	0.02043	0.04222	0.02996	0.02588	0.01634	0.01907	0.01362	0.01090	0.00953	0.00272	0.01907	0.00681	0.00545	0.01226
31	0.03245	0.02215	0.02347	0.01886	0.02506	0.02413	0.01530	0.33736	0.03931	0.05635	0.02882	0.03069	0.02143	0.01255	0.00937	0.00291	0.00910	0.00965	0.26614	0.01491
32	0.04674	0.01912	0.02523	0.01935	0.02755	0.01721	0.01598	0.09754	0.03214	0.52111	0.04013	0.03496	0.02538	0.01305	0.01063	0.00326	0.00925	0.01052	0.01284	0.01799
33	0.02192	0.01879	0.02192	0.01566	0.02506	0.01409	0.01253	0.02662	0.02192	0.03445	0.01879	0.02192	0.01566	0.00783	0.00783	0.00157	0.00783	0.00626	0.00626	0.69305
34	0.01324	0.00935	0.01216	0.01427	0.01479	0.00883	0.00933	0.01482	0.01955	0.02606	0.05470	0.54246	0.06542	0.11834	0.01927	0.00515	0.00672	0.02796	0.00933	0.00828
35	0.04009	0.03259	0.03148	0.02474	0.03277	0.11197	0.02014	0.45779	0.04688	0.06080	0.02409	0.02448	0.01736	0.01244	0.01043	0.00311	0.01270	0.00913	0.00984	0.01716
36	0.03510	0.01939	0.02398	0.01786	0.02662	0.01641	0.01457	0.08247	0.02817	0.27958	0.02975	0.02860	0.02062	0.01064	0.00934	0.00248	0.00870	0.00853	0.00974	0.32744
37	0.02810	0.01590	0.01977	0.01699	0.02213	0.01557	0.01334	0.03857	0.14926	0.21334	0.27100	0.05590	0.06030	0.01717	0.01148	0.00337	0.00707	0.01471	0.01190	0.01414
38	0.01496	0.01081	0.01413	0.01330	0.01580	0.00998	0.00998	0.01995	0.02993	0.04240	0.55689	0.07898	0.09976	0.02162	0.01247	0.00333	0.00499	0.01912	0.01164	0.00998
39	0.04019	0.02962	0.03173	0.02433	0.03279	0.03279	0.02010	0.52721	0.04971	0.06663	0.02538	0.02538	0.01798	0.01269	0.01058	0.00317	0.01163	0.00952	0.01058	0.01798
40	0.02617	0.02512	0.04292	0.06490	0.56246	0.02512	0.03245	0.03245	0.02407	0.03454	0.01989	0.02617	0.01675	0.00942	0.01047	0.00314	0.01256	0.00942	0.00523	0.01675
41	0.04744	0.01799	0.02454	0.01881	0.02699	0.01554	0.01554	0.05153	0.03026	0.56979	0.04171	0.03599	0.02617	0.01309	0.01063	0.00327	0.00900	0.01063	0.01309	0.01799
42	0.04019	0.02962	0.03173	0.02433	0.03279	0.03279	0.02010	0.52721	0.04971	0.06663	0.02538	0.02538	0.01798	0.01269	0.01058	0.00317	0.01163	0.00952	0.01058	0.01798
43	0.04559	0.02096	0.02637	0.02022	0.02847	0.01994	0.01670	0.17279	0.03522	0.44152	0.03755	0.03328	0.02408	0.01299	0.01062	0.00325	0.00967	0.01035	0.01245	0.01799
44	0.70310	0.02045	0.01554	0.01390	0.02045	0.02372	0.01145	0.03108	0.01799	0.04744	0.01472	0.01718	0.01145	0.00981	0.00654	0.00327	0.00818	0.00573	0.00654	0.01145
45	0.04430	0.01730	0.02353	0.01828	0.02591	0.01500	0.01500	0.04847	0.03023	0.51877	0.09155	0.04015	0.03329	0.01391	0.01081	0.00328	0.00861	0.01145	0.01295	0.01722
46	0.01419	0.01014	0.01377	0.01622	0.01741	0.00972	0.01209	0.01699	0.02153	0.02846	0.05755	0.46319	0.06707	0.03189	0.01384	0.00447	0.00727	0.17546	0.00979	0.00895
47	0.02121	0.05469	0.57364	0.03014	0.04576	0.02455	0.03906	0.03348	0.02232	0.03348	0.01897	0.02232	0.01339	0.01005	0.01005	0.00335	0.01563	0.00781	0.00446	0.01563
48	0.03023	0.01686	0.02269	0.11350	0.03122	0.01714	0.01640	0.06933	0.07832	0.22595	0.12192	0.08456	0.03910	0.01746	0.01347	0.05555	0.00909	0.01322	0.01019	0.01381
49	0.02203	0.01450	0.02272	0.02026	0.02454	0.01337	0.08585	0.02625	0.02474	0.13110	0.09116	0.23049	0.10223	0.02363	0.01288	0.00398	0.00894	0.11991	0.00990	0.01153
50	0.02442	0.10635	0.08011	0.02484	0.08132	0.02278	0.04986	0.07867	0.06620	0.03805	0.09805	0.03196	0.02885	0.01136	0.00959	0.00266	0.01008	0.00961	0.00724	0.21801
51	0.01433	0.01032	0.01357	0.01373	0.01566	0.00956	0.00993	0.01837	0.02700	0.03774	0.40600	0.24316	0.09074	0.02510	0.01278	0.00362	0.00533	0.02243	0.01109	0.00956
52	0.02120	0.02033	0.02940	0.10318	0.03216	0.02758	0.02211	0.02442	0.01701	0.02549	0.01725	0.02727	0.01627	0.02886	0.13516	0.00680	0.41982	0.00966	0.00483	0.01119
53	0.03718	0.02850	0.03567	0.06948	0.03862	0.07102	0.10476	0.29924	0.03903	0.13044	0.02598	0.02722	0.01826	0.01182	0.01082	0.00324	0.01303	0.00997	0.00925	0.01646
54	0.02223	0.01460	0.01550	0.01424	0.01802	0.01560	0.01097	0.07024	0.15102	0.04307	0.10618	0.04367	0.03743	0.01409	0.00913	0.00290	0.00628	0.01158	0.38108	0.01215
55	0.21526	0.02561	0.03153	0.14427	0.11876	0.08091	0.06658	0.07931	0.02423	0.03801	0.01801	0.02323	0.01424	0.01099	0.01168	0.00339	0.06631	0.00840	0.00599	0.01328
56	0.03363	0.03110	0.02547	0.02182	0.02746	0.23373	0.01696	0.15648	0.03485	0.09382	0.17121	0.03892	0.03985	0.01453	0.01071	0.00306	0.01234	0.01127	0.00918	0.01360
57	0.01513	0.01081	0.01485	0.01729	0.01889	0.01052	0.01372	0.01860	0.02246	0.02950	0.05704	0.35006	0.06502	0.03101	0.01409	0.00460	0.00808	0.27935	0.00977	0.00921
58	0.02168	0.01942	0.02446	0.01919	0.02507	0.01938	0.01558	0.02567	0.02087	0.03238	0.06520	0.02738	0.02260	0.01235	0.01654	0.00267	0.19323	0.00833	0.00624	0.42179
59	0.02345	0.02174	0.03608	0.40499	0.15924	0.02494	0.06570	0.07692	0.02474	0.03276	0.01983	0.02756	0.01511	0.01044	0.01069	0.00342	0.01385	0.00964	0.00542	0.01347
60	0.02114	0.01682	0.01806	0.01680	0.01995	0.01872	0.01185	0.03690	0.29388	0.03302	0.03844	0.05350	0.03519	0.30450	0.03110	0.00674	0.00926	0.01357	0.00870	0.01185
61	0.01288	0.00920	0.01227	0.01472	0.01534	0.00859	0.00981	0.01472	0.02024	0.02699	0.05828	0.62152	0.06993	0.03312	0.01350	0.00429	0.00613	0.03006	0.00981	0.00859
62	0.03191	0.01809	0.02555	0.07722	0.03146	0.01793	0.05077	0.08133	0.06730	0.24571	0.04111	0.13272	0.03511	0.01772	0.01170	0.00369	0.00993	0.07574	0.01043	0.01456
63	0.09055	0.24435	0.04336	0.19372	0.13185	0.03073	0.06812	0.03062	0.02179	0.03009	0.01733	0.02274	0.01427	0.00960	0.00896	0.00298	0.01259	0.00796	0.00496	0.01344
64	0.04099	0.01610	0.02112	0.01673	0.02358	0.01422	0.01364	0.04527	0.02838	0.44640	0.04003	0.03679	0.02639	0.01291	0.00988	0.00308	0.00805	0.01045	0.16989	0.01610
65	0.08909	0.01673	0.02423	0.22736	0.07870	0.01807	0.01951	0.02928	0.02527	0.11727	0.19508	0.04450	0.04344	0.01435	0.01079	0.00337	0.00970	0.01236	0.00843	0.01247

[dist]
# distance from previous block
# <min> <max>
0	1

[block]
# block no. 8 follows, 13 sequences, length 23
# corresponding to MSA columns:
# 1545-1567
name=unknown_I
#
# <colnr> <probs for GDERKNQSTAVLIFYWHMCP>
#	G	D	E	R	K	N	Q	S	T	A	V	L	I	F	Y	W	H	M	C	P
0	0.02436	0.18630	0.30281	0.06584	0.03921	0.09124	0.02880	0.03244	0.02355	0.03086	0.06306	0.02587	0.02080	0.01092	0.00945	0.00303	0.01398	0.00825	0.00521	0.01400
1	0.02682	0.29481	0.11912	0.11436	0.13550	0.03283	0.02547	0.07845	0.02471	0.03213	0.01786	0.02184	0.01463	0.00982	0.00883	0.00284	0.01257	0.00756	0.00525	0.01459
2	0.70310	0.02045	0.01554	0.01390	0.02045	0.02372	0.01145	0.03108	0.01799	0.04744	0.01472	0.01718	0.01145	0.00981	0.00654	0.00327	0.00818	0.00573	0.00654	0.01145
3	0.01802	0.00931	0.01352	0.01352	0.01352	0.00931	0.00886	0.01396	0.01396	0.01861	0.02009	0.03642	0.02068	0.10509	0.04277	0.61357	0.00931	0.00990	0.00480	0.00480
4	0.03045	0.20611	0.08295	0.02307	0.03044	0.09248	0.05546	0.03668	0.06056	0.13061	0.02632	0.07403	0.02210	0.01335	0.01199	0.00318	0.06874	0.01019	0.00718	0.01410
5	0.01496	0.01081	0.01413	0.01330	0.01580	0.00998	0.00998	0.01995	0.02993	0.04240	0.55689	0.07898	0.09976	0.02162	0.01247	0.00333	0.00499	0.01912	0.01164	0.00998
6	0.01385	0.01012	0.01297	0.01377	0.01533	0.00957	0.00966	0.01671	0.02283	0.03092	0.20512	0.30672	0.12870	0.08314	0.06536	0.00551	0.00795	0.02313	0.00971	0.00892
7	0.70310	0.02045	0.01554	0.01390	0.02045	0.02372	0.01145	0.03108	0.01799	0.04744	0.01472	0.01718	0.01145	0.00981	0.00654	0.00327	0.00818	0.00573	0.00654	0.01145
8	0.04164	0.01738	0.02307	0.01857	0.02569	0.01565	0.01498	0.04767	0.07288	0.46224	0.04374	0.10393	0.03175	0.01551	0.01097	0.00342	0.00861	0.01299	0.01251	0.01680
9	0.10810	0.07021	0.02628	0.01828	0.02638	0.01853	0.01537	0.04791	0.02836	0.47424	0.03687	0.03260	0.02371	0.01244	0.00992	0.00319	0.00911	0.00975	0.01174	0.01700
10	0.09163	0.02760	0.02936	0.02324	0.03101	0.13415	0.05892	0.13204	0.03234	0.28770	0.03003	0.02869	0.02026	0.01199	0.01025	0.00317	0.01215	0.00945	0.00998	0.01605
11	0.20706	0.15974	0.21208	0.02402	0.03467	0.02741	0.08141	0.03403	0.02197	0.08066	0.01915	0.02171	0.01430	0.00990	0.00877	0.00312	0.01244	0.00759	0.00586	0.01413
12	0.16494	0.02434	0.07031	0.01936	0.02799	0.02170	0.01702	0.12922	0.07225	0.16350	0.02641	0.02630	0.01883	0.01104	0.00915	0.00290	0.00958	0.00835	0.00887	0.16792
13	0.39153	0.13005	0.02671	0.13718	0.03300	0.02631	0.01666	0.03187	0.02019	0.07814	0.01758	0.02082	0.01348	0.01008	0.00773	0.00314	0.01003	0.00684	0.00629	0.01238
14	0.04610	0.02013	0.02586	0.01983	0.02806	0.01872	0.01638	0.13913	0.03384	0.47713	0.03871	0.03403	0.02466	0.01301	0.01062	0.00325	0.00948	0.01043	0.01262	0.01799
15	0.02336	0.03827	0.32463	0.02983	0.08235	0.02175	0.05898	0.03420	0.06266	0.08042	0.07004	0.07288	0.02748	0.01311	0.01077	0.00342	0.01284	0.01129	0.00676	0.01496
16	0.08676	0.21554	0.03431	0.01944	0.02760	0.13074	0.01654	0.08072	0.02617	0.07173	0.01898	0.02080	0.01525	0.00977	0.00817	0.00241	0.01145	0.00675	0.00649	0.19038
17	0.01796	0.01114	0.01387	0.01290	0.01587	0.01028	0.00978	0.02272	0.02816	0.07855	0.39544	0.07038	0.11302	0.01969	0.01143	0.00318	0.00529	0.01707	0.13281	0.01045
18	0.15758	0.07272	0.02948	0.07333	0.08161	0.02579	0.01917	0.12155	0.07150	0.16492	0.02593	0.02697	0.01879	0.01200	0.01120	0.00330	0.05149	0.00893	0.00852	0.01523
19	0.15389	0.11087	0.03272	0.09469	0.03526	0.09108	0.05612	0.11378	0.02832	0.15203	0.02330	0.02486	0.01681	0.01100	0.00937	0.00311	0.01205	0.00844	0.00783	0.01449
20	0.01470	0.01029	0.01282	0.01294	0.01415	0.00980	0.00865	0.01725	0.02272	0.03138	0.26768	0.18279	0.07154	0.24471	0.02772	0.00604	0.00713	0.01992	0.00937	0.00840
21	0.03037	0.07567	0.06660	0.13046	0.03686	0.02451	0.02046	0.16074	0.08088	0.13169	0.10253	0.03569	0.03087	0.01329	0.01051	0.00325	0.01065	0.01083	0.00912	0.01502
22	0.01984	0.01158	0.01537	0.01461	0.01755	0.01053	0.01087	0.02383	0.02736	0.12665	0.33521	0.21898	0.07933	0.02331	0.01244	0.00358	0.00597	0.02067	0.01139	0.01094

[dist]
# distance from previous block
# <min> <max>
0	13

[block]
# block no. 9 follows, 13 sequences, length 14
# corresponding to MSA columns:
# 1581-1594
name=unknown_J
#
# <colnr> <probs for GDERKNQSTAVLIFYWHMCP>
#	G	D	E	R	K	N	Q	S	T	A	V	L	I	F	Y	W	H	M	C	P
0	0.07858	0.06838	0.03155	0.10031	0.03634	0.09152	0.05770	0.10375	0.06611	0.21802	0.02845	0.02870	0.01985	0.01171	0.01011	0.00320	0.01197	0.00944	0.00895	0.01537
1	0.19725	0.02023	0.02889	0.26449	0.08412	0.02223	0.05551	0.03171	0.02193	0.09682	0.02068	0.02570	0.01527	0.01027	0.00947	0.00325	0.01166	0.00858	0.00634	0.06560
2	0.02192	0.01879	0.02192	0.01566	0.02506	0.01409	0.01253	0.02662	0.02192	0.03445	0.01879	0.02192	0.01566	0.00783	0.00783	0.00157	0.00783	0.00626	0.00626	0.69305
3	0.02904	0.02251	0.02417	0.02091	0.02727	0.02515	0.01650	0.12670	0.38611	0.08699	0.04511	0.04179	0.07022	0.01495	0.01085	0.00350	0.00870	0.01227	0.01084	0.01642
4	0.01352	0.01075	0.01213	0.01179	0.01491	0.00936	0.00884	0.01716	0.02652	0.03431	0.29379	0.09230	0.36791	0.02463	0.01249	0.00347	0.00520	0.02099	0.01057	0.00936
5	0.01308	0.00935	0.01244	0.01459	0.01538	0.00872	0.00983	0.01522	0.02116	0.02844	0.10527	0.57038	0.07274	0.03204	0.01340	0.00420	0.00603	0.02903	0.00999	0.00872
6	0.01496	0.01081	0.01413	0.01330	0.01580	0.00998	0.00998	0.01995	0.02993	0.04240	0.55689	0.07898	0.09976	0.02162	0.01247	0.00333	0.00499	0.01912	0.01164	0.00998
7	0.01523	0.01091	0.01485	0.01656	0.01842	0.01052	0.01313	0.01914	0.02425	0.03252	0.16781	0.27315	0.07242	0.02879	0.01377	0.00434	0.00752	0.23706	0.01018	0.00942
8	0.70310	0.02045	0.01554	0.01390	0.02045	0.02372	0.01145	0.03108	0.01799	0.04744	0.01472	0.01718	0.01145	0.00981	0.00654	0.00327	0.00818	0.00573	0.00654	0.01145
9	0.16123	0.04198	0.02757	0.02438	0.03046	0.40498	0.01874	0.10851	0.03055	0.03557	0.01732	0.01961	0.01384	0.01095	0.00913	0.00289	0.01602	0.00699	0.00637	0.01292
10	0.02134	0.04811	0.47251	0.02748	0.04197	0.02264	0.03420	0.03223	0.02225	0.03366	0.01894	0.02225	0.01381	0.00964	0.00964	0.00302	0.01420	0.00753	0.00479	0.13979
11	0.57784	0.01851	0.01450	0.01316	0.01896	0.02118	0.01071	0.02990	0.01876	0.04597	0.01835	0.02125	0.01432	0.01027	0.00670	0.00312	0.00758	0.00648	0.13129	0.01116
12	0.02929	0.13045	0.02786	0.05085	0.02630	0.02215	0.01534	0.09445	0.06382	0.16067	0.08957	0.04096	0.03267	0.10500	0.06054	0.00516	0.01120	0.01129	0.00889	0.01354
13	0.57659	0.01839	0.01494	0.01405	0.01951	0.02095	0.01115	0.02808	0.01841	0.04369	0.02271	0.12795	0.02217	0.01409	0.00782	0.00346	0.00780	0.01019	0.00714	0.01093

[dist]
# distance from previous block
# <min> <max>
0	5

[block]
# block no. 10 follows, 13 sequences, length 21
# corresponding to MSA columns:
# 1600-1620
name=unknown_K
#
# <colnr> <probs for GDERKNQSTAVLIFYWHMCP>
#	G	D	E	R	K	N	Q	S	T	A	V	L	I	F	Y	W	H	M	C	P
0	0.01555	0.01202	0.01450	0.01580	0.01770	0.01217	0.01108	0.02308	0.12557	0.03056	0.05867	0.46783	0.09694	0.02890	0.01287	0.00410	0.00653	0.02587	0.01000	0.01025
1	0.02124	0.01958	0.03015	0.48623	0.06372	0.02405	0.02683	0.03287	0.12601	0.03047	0.02366	0.03045	0.01775	0.01133	0.01061	0.00354	0.01294	0.00991	0.00592	0.01275
2	0.09760	0.01964	0.02035	0.01821	0.02332	0.02180	0.01374	0.04285	0.33769	0.03902	0.03603	0.04157	0.02989	0.13664	0.01871	0.00473	0.00868	0.01150	0.00906	0.06898
3	0.03213	0.03199	0.02254	0.02063	0.02512	0.31206	0.01552	0.03555	0.02760	0.08938	0.07020	0.08122	0.02949	0.01419	0.00980	0.00291	0.01288	0.01082	0.14405	0.01190
4	0.01435	0.01048	0.01349	0.01338	0.01558	0.00961	0.00979	0.01852	0.02752	0.03820	0.42089	0.18975	0.13032	0.02434	0.01268	0.00354	0.00525	0.02157	0.01113	0.00961
5	0.02199	0.02179	0.03972	0.40208	0.15008	0.02441	0.12922	0.02929	0.02239	0.02963	0.01949	0.02792	0.01492	0.01005	0.01094	0.00347	0.01459	0.01002	0.00492	0.01308
6	0.02445	0.02180	0.03433	0.43919	0.06328	0.02563	0.06968	0.12805	0.02720	0.03556	0.02034	0.02765	0.01504	0.01086	0.01073	0.00346	0.01392	0.00968	0.00593	0.01321
7	0.03717	0.01570	0.02168	0.01800	0.02409	0.01431	0.01445	0.04096	0.02650	0.40107	0.04083	0.10099	0.03100	0.02857	0.12659	0.00614	0.01256	0.01289	0.01124	0.01525
8	0.01971	0.00985	0.00985	0.00985	0.01232	0.00985	0.00739	0.02464	0.02217	0.03942	0.03449	0.03942	0.02710	0.01232	0.00739	0.00246	0.00493	0.00985	0.68712	0.00985
9	0.03116	0.09839	0.07457	0.02341	0.03090	0.12915	0.02001	0.14085	0.25628	0.04233	0.02978	0.02922	0.02258	0.01248	0.01001	0.00319	0.01183	0.00954	0.00858	0.01574
10	0.19813	0.01901	0.02498	0.15980	0.03603	0.02141	0.04502	0.05667	0.02443	0.09693	0.12839	0.03586	0.03224	0.01357	0.01209	0.00347	0.06099	0.01071	0.00783	0.01246
11	0.01379	0.01006	0.01278	0.01419	0.01566	0.00937	0.01009	0.01640	0.02231	0.02952	0.13819	0.36676	0.14106	0.07752	0.01653	0.00458	0.00657	0.07600	0.00981	0.00880
12	0.01590	0.01053	0.01373	0.01411	0.01619	0.00964	0.01012	0.01928	0.02525	0.06756	0.27282	0.31941	0.11230	0.02655	0.01281	0.00377	0.00577	0.02367	0.01080	0.00979
13	0.02301	0.02696	0.11881	0.33773	0.13359	0.02490	0.08460	0.06493	0.02418	0.03262	0.01973	0.02685	0.01485	0.01030	0.01068	0.00342	0.01434	0.00950	0.00523	0.01376
14	0.01366	0.01086	0.01286	0.01264	0.01560	0.01006	0.00958	0.01716	0.02419	0.03135	0.20804	0.08375	0.33240	0.03598	0.12776	0.00620	0.00987	0.01928	0.00946	0.00930
15	0.02930	0.13930	0.21981	0.02191	0.03310	0.02297	0.02348	0.03624	0.02411	0.16897	0.02398	0.02478	0.01719	0.01015	0.00913	0.00274	0.01144	0.00781	0.00707	0.16653
16	0.12835	0.08321	0.02320	0.09722	0.02833	0.01972	0.01617	0.06513	0.02542	0.03737	0.13815	0.10656	0.04657	0.01885	0.01107	0.00365	0.00915	0.12212	0.00843	0.01132
17	0.27947	0.02304	0.03014	0.02317	0.03131	0.02378	0.11698	0.12403	0.02816	0.18441	0.02498	0.02580	0.01736	0.01099	0.00951	0.00331	0.01094	0.00903	0.00872	0.01487
18	0.18970	0.02452	0.12962	0.01810	0.02637	0.01774	0.01740	0.03072	0.02283	0.11604	0.06723	0.07908	0.05526	0.01355	0.00941	0.00304	0.00918	0.01076	0.00783	0.15163
19	0.20090	0.05757	0.02138	0.01566	0.02261	0.02061	0.01280	0.09776	0.04959	0.04309	0.02270	0.02521	0.01785	0.01030	0.00786	0.00255	0.00810	0.00753	0.14376	0.21218
20	0.08664	0.18426	0.06426	0.08658	0.07552	0.02682	0.02021	0.06990	0.04996	0.16603	0.02468	0.02578	0.01807	0.01077	0.00909	0.00294	0.01082	0.00829	0.00765	0.05172

[dist]
# distance from previous block
# <min> <max>
4	79

[block]
# block no. 11 follows, 13 sequences, length 9
# corresponding to MSA columns:
# 1704-1712
name=unknown_L
#
# <colnr> <probs for GDERKNQSTAVLIFYWHMCP>
#	G	D	E	R	K	N	Q	S	T	A	V	L	I	F	Y	W	H	M	C	P
0	0.02640	0.46505	0.10703	0.01901	0.02884	0.03517	0.01946	0.03100	0.02165	0.02747	0.01587	0.01840	0.01391	0.00895	0.00732	0.00226	0.01119	0.00600	0.00481	0.13019
1	0.03022	0.02281	0.02416	0.01942	0.02612	0.02419	0.01575	0.34278	0.04049	0.05292	0.05482	0.05289	0.21255	0.01777	0.01127	0.00332	0.00937	0.01413	0.01030	0.01472
2	0.01486	0.00919	0.01281	0.01438	0.01477	0.00880	0.00959	0.01438	0.01791	0.02388	0.04390	0.40923	0.05136	0.03442	0.02352	0.25213	0.00723	0.02254	0.00793	0.00715
3	0.04236	0.03872	0.02801	0.02420	0.03063	0.38051	0.01867	0.04557	0.03007	0.22179	0.02548	0.02516	0.01814	0.01168	0.00993	0.00292	0.01544	0.00819	0.00820	0.01432
4	0.01747	0.01368	0.01694	0.01415	0.01913	0.01146	0.01090	0.02236	0.02705	0.03954	0.36307	0.05843	0.06947	0.01665	0.01080	0.00269	0.00601	0.01449	0.00970	0.25601
5	0.27896	0.02631	0.02590	0.02057	0.02834	0.02952	0.01698	0.34851	0.03829	0.05972	0.02154	0.02243	0.01563	0.01166	0.00912	0.00321	0.01039	0.00815	0.00912	0.01563
6	0.02233	0.01491	0.02225	0.22665	0.03825	0.01580	0.01791	0.02790	0.02682	0.12720	0.27483	0.05332	0.05630	0.01618	0.01147	0.00339	0.00895	0.01416	0.00939	0.01199
7	0.03437	0.03202	0.22221	0.02335	0.03384	0.02063	0.02422	0.04583	0.11529	0.28659	0.03375	0.03166	0.02262	0.01221	0.01044	0.00335	0.01128	0.00984	0.00958	0.01693
8	0.02794	0.01952	0.02203	0.01985	0.02532	0.02126	0.01533	0.04821	0.35822	0.13913	0.04540	0.13851	0.03759	0.01733	0.01120	0.00365	0.00810	0.01481	0.01103	0.01557

[dist]
# distance from previous block
# <min> <max>
0	1

[block]
# block no. 12 follows, 13 sequences, length 12
# corresponding to MSA columns:
# 1714-1725
name=unknown_M
#
# <colnr> <probs for GDERKNQSTAVLIFYWHMCP>
#	G	D	E	R	K	N	Q	S	T	A	V	L	I	F	Y	W	H	M	C	P
0	0.01482	0.01335	0.01899	0.01620	0.02061	0.01175	0.08433	0.01887	0.02538	0.03209	0.18364	0.08647	0.38757	0.02313	0.01249	0.00352	0.00712	0.02023	0.00952	0.00992
1	0.02120	0.01147	0.01508	0.01532	0.01805	0.01030	0.01103	0.02366	0.02304	0.15838	0.05898	0.42987	0.10639	0.02767	0.01271	0.00398	0.00675	0.02461	0.01061	0.01089
2	0.01301	0.00955	0.01222	0.01405	0.01523	0.00876	0.00959	0.01524	0.02162	0.02856	0.10890	0.50284	0.13911	0.03124	0.01327	0.00411	0.00593	0.02804	0.00998	0.00876
3	0.02193	0.02127	0.03031	0.11084	0.03285	0.02898	0.02247	0.02472	0.01684	0.02521	0.01644	0.02824	0.01624	0.07508	0.03296	0.00500	0.46485	0.00985	0.00481	0.01110
4	0.03258	0.02386	0.03392	0.09829	0.03853	0.02550	0.10345	0.22101	0.03464	0.13173	0.07987	0.03326	0.02654	0.01316	0.01271	0.00341	0.05196	0.01113	0.00908	0.01534
5	0.01382	0.00995	0.01366	0.01575	0.01682	0.00980	0.01138	0.01639	0.02037	0.02731	0.05353	0.46236	0.06220	0.03934	0.09795	0.00625	0.00993	0.09512	0.00919	0.00888
6	0.08454	0.01193	0.01365	0.01469	0.01691	0.01195	0.01043	0.02075	0.07071	0.03201	0.09438	0.40203	0.12237	0.02736	0.01233	0.00396	0.00638	0.02413	0.00970	0.00979
7	0.24222	0.02421	0.02364	0.01961	0.02676	0.05584	0.01586	0.15723	0.13361	0.15636	0.02846	0.02748	0.02026	0.01212	0.00933	0.00328	0.00980	0.00892	0.00960	0.01541
8	0.03575	0.02543	0.03527	0.02658	0.03527	0.02582	0.12620	0.23633	0.08854	0.16233	0.02934	0.02950	0.02060	0.01179	0.01082	0.00321	0.01179	0.01041	0.00970	0.06533
