[name]
unknown

[dist]
# distance from previous block
# <min> <max>
0	116

[block]
# block no. 0 follows, 12 sequences, length 45
# corresponding to MSA columns:
# 125-169
name=unknown_A
#
# <colnr> <probs for GDERKNQSTAVLIFYWHMCP>
#	G	D	E	R	K	N	Q	S	T	A	V	L	I	F	Y	W	H	M	C	P
0	0.02687	0.02623	0.04610	0.06500	0.50355	0.02606	0.07723	0.03360	0.02491	0.03556	0.02065	0.02721	0.01720	0.00967	0.01099	0.00328	0.01345	0.01001	0.00541	0.01704
1	0.01433	0.01110	0.01305	0.01256	0.01561	0.00982	0.00942	0.01844	0.02826	0.03755	0.35593	0.09161	0.29384	0.02459	0.01287	0.00354	0.00531	0.02114	0.01119	0.00982
2	0.02033	0.01016	0.01016	0.01016	0.01270	0.01016	0.00762	0.02541	0.02287	0.04065	0.03557	0.04065	0.02795	0.01270	0.00762	0.00254	0.00508	0.01016	0.67734	0.01016
3	0.69383	0.02109	0.01603	0.01434	0.02109	0.02446	0.01181	0.03205	0.01856	0.04892	0.01518	0.01771	0.01181	0.01012	0.00675	0.00337	0.00843	0.00590	0.00675	0.01181
4	0.01422	0.01110	0.01290	0.01245	0.01555	0.00977	0.00934	0.01824	0.02801	0.03695	0.33773	0.09259	0.31242	0.02482	0.01287	0.00355	0.00532	0.02128	0.01111	0.00977
5	0.02615	0.02240	0.02382	0.02149	0.02735	0.02572	0.01668	0.05484	0.48776	0.04545	0.08575	0.04406	0.03906	0.01541	0.01124	0.00368	0.00834	0.01294	0.01117	0.01668
6	0.03576	0.03641	0.02895	0.02519	0.03171	0.24642	0.01956	0.15409	0.22321	0.04324	0.02932	0.02904	0.02230	0.01299	0.01055	0.00325	0.01379	0.00965	0.00887	0.01570
7	0.03576	0.01730	0.02252	0.01747	0.02506	0.01452	0.01412	0.04032	0.02900	0.32546	0.13575	0.04224	0.03926	0.01388	0.01062	0.00295	0.00816	0.01157	0.01145	0.18261
8	0.02632	0.09957	0.38658	0.08160	0.04529	0.02552	0.03384	0.03640	0.02400	0.10831	0.02252	0.02512	0.01580	0.01077	0.01019	0.00336	0.01457	0.00843	0.00591	0.01589
9	0.02915	0.62337	0.05714	0.01866	0.02799	0.04314	0.01866	0.03265	0.02215	0.02565	0.01516	0.01749	0.01399	0.00933	0.00700	0.00233	0.01166	0.00583	0.00466	0.01399
10	0.04027	0.01602	0.02072	0.01660	0.02326	0.01425	0.01348	0.04475	0.02868	0.40028	0.04076	0.03818	0.02728	0.01326	0.00995	0.00312	0.00801	0.01072	0.21439	0.01602
11	0.02627	0.07520	0.16155	0.13734	0.04360	0.02534	0.06435	0.07611	0.09920	0.07792	0.07864	0.03413	0.02745	0.01261	0.01087	0.00343	0.01259	0.01077	0.00762	0.01501
12	0.02850	0.01968	0.02852	0.08108	0.03249	0.02188	0.05489	0.07720	0.02662	0.15351	0.08588	0.12500	0.03608	0.01835	0.01773	0.00392	0.15147	0.01455	0.00899	0.01364
13	0.04892	0.01856	0.02530	0.01940	0.02783	0.01603	0.01603	0.05314	0.03121	0.55634	0.04302	0.03711	0.02699	0.01350	0.01096	0.00337	0.00928	0.01096	0.01350	0.01856
14	0.03372	0.01483	0.01897	0.01572	0.02148	0.01316	0.01257	0.03812	0.02883	0.31094	0.13465	0.05258	0.09476	0.01634	0.01083	0.00325	0.00734	0.01358	0.14382	0.01449
15	0.03108	0.09321	0.12781	0.10838	0.04243	0.07436	0.10293	0.03787	0.02654	0.16275	0.06393	0.03189	0.02430	0.01189	0.01078	0.00332	0.01359	0.01034	0.00765	0.01494
16	0.04370	0.02361	0.02889	0.02244	0.03018	0.02443	0.01855	0.22477	0.03743	0.32086	0.03389	0.03170	0.02258	0.01387	0.01331	0.00347	0.06633	0.01039	0.01168	0.01792
17	0.69383	0.02109	0.01603	0.01434	0.02109	0.02446	0.01181	0.03205	0.01856	0.04892	0.01518	0.01771	0.01181	0.01012	0.00675	0.00337	0.00843	0.00590	0.00675	0.01181
18	0.04892	0.01856	0.02530	0.01940	0.02783	0.01603	0.01603	0.05314	0.03121	0.55634	0.04302	0.03711	0.02699	0.01350	0.01096	0.00337	0.00928	0.01096	0.01350	0.01856
19	0.03512	0.33224	0.04449	0.02260	0.03087	0.17014	0.01977	0.15801	0.03173	0.03692	0.01839	0.02024	0.01517	0.01076	0.00869	0.00269	0.01370	0.00714	0.00649	0.01483
20	0.01610	0.01172	0.01433	0.01442	0.01457	0.01258	0.00924	0.01679	0.01711	0.02323	0.03821	0.19115	0.04450	0.41874	0.04378	0.00854	0.07137	0.01870	0.00723	0.00769
21	0.01380	0.01096	0.01240	0.01230	0.01536	0.00955	0.00913	0.01732	0.02662	0.03427	0.25627	0.13717	0.35367	0.02629	0.01296	0.00365	0.00546	0.02251	0.01078	0.00955
22	0.69383	0.02109	0.01603	0.01434	0.02109	0.02446	0.01181	0.03205	0.01856	0.04892	0.01518	0.01771	0.01181	0.01012	0.00675	0.00337	0.00843	0.00590	0.00675	0.01181
23	0.01757	0.01255	0.01757	0.02008	0.02259	0.01255	0.01757	0.02259	0.02510	0.03263	0.05773	0.12299	0.06275	0.03012	0.01506	0.00502	0.01004	0.47540	0.01004	0.01004
24	0.01289	0.01105	0.01105	0.01105	0.01473	0.00920	0.00828	0.01565	0.02485	0.02946	0.11046	0.10493	0.54437	0.02761	0.01289	0.00368	0.00552	0.02301	0.01013	0.00920
25	0.01864	0.01164	0.01592	0.01758	0.01977	0.01107	0.01372	0.02203	0.02363	0.08361	0.05740	0.35556	0.06375	0.03043	0.01408	0.00456	0.00812	0.20773	0.01043	0.01032
26	0.01894	0.00947	0.01420	0.01420	0.01420	0.00947	0.00947	0.01420	0.01420	0.01894	0.01894	0.03314	0.01894	0.03788	0.04261	0.68277	0.00947	0.00947	0.00473	0.00473
27	0.02315	0.02111	0.02979	0.02128	0.03120	0.01678	0.09827	0.02874	0.02315	0.03543	0.01984	0.02378	0.01622	0.00827	0.00890	0.00197	0.00985	0.00756	0.00630	0.56845
28	0.02527	0.02451	0.04283	0.19822	0.39165	0.02561	0.06840	0.03215	0.02413	0.03360	0.02034	0.02770	0.01652	0.00998	0.01098	0.00337	0.01376	0.00995	0.00527	0.01577
29	0.04559	0.02390	0.02861	0.02194	0.03050	0.02396	0.01812	0.25793	0.04015	0.33892	0.03551	0.03224	0.02322	0.01331	0.01094	0.00333	0.01049	0.01045	0.01234	0.01855
30	0.02922	0.02516	0.04233	0.06208	0.49571	0.02490	0.03169	0.03547	0.02548	0.08868	0.02280	0.02802	0.01826	0.01010	0.01081	0.00325	0.01258	0.00984	0.00622	0.01740
31	0.02059	0.01938	0.03270	0.59060	0.07510	0.02422	0.03028	0.02786	0.02180	0.02786	0.01938	0.02907	0.01453	0.01090	0.01090	0.00363	0.01453	0.00969	0.00484	0.01211
32	0.04329	0.02758	0.03089	0.02368	0.03234	0.02942	0.01956	0.39893	0.04631	0.18922	0.03034	0.02888	0.02063	0.01319	0.01092	0.00330	0.01133	0.01010	0.01155	0.01855
33	0.01468	0.01112	0.01353	0.01293	0.01583	0.00997	0.00970	0.01912	0.02909	0.03951	0.41539	0.08838	0.23316	0.02386	0.01287	0.00350	0.00526	0.02069	0.01145	0.00997
34	0.03522	0.14627	0.03474	0.02174	0.03045	0.03081	0.01844	0.26350	0.08834	0.08792	0.02601	0.02616	0.01938	0.01178	0.00972	0.00288	0.01080	0.00885	0.00919	0.11779
35	0.02755	0.11590	0.07839	0.07663	0.03112	0.02007	0.01809	0.03237	0.02462	0.16082	0.04004	0.11888	0.08180	0.01592	0.01047	0.00317	0.00985	0.01322	0.00849	0.11259
36	0.03248	0.32822	0.13775	0.02135	0.03144	0.03212	0.02182	0.03990	0.06335	0.15762	0.02496	0.02503	0.01859	0.01094	0.00888	0.00289	0.01165	0.00798	0.00729	0.01573
37	0.02526	0.01893	0.02264	0.07935	0.02972	0.02079	0.01648	0.04342	0.28008	0.09523	0.18655	0.05094	0.05090	0.01643	0.01157	0.00358	0.00830	0.01406	0.01094	0.01482
38	0.04892	0.01856	0.02530	0.01940	0.02783	0.01603	0.01603	0.05314	0.03121	0.55634	0.04302	0.03711	0.02699	0.01350	0.01096	0.00337	0.00928	0.01096	0.01350	0.01856
39	0.02764	0.02222	0.03779	0.28083	0.22926	0.02375	0.06370	0.03429	0.02461	0.11459	0.02370	0.02965	0.01759	0.01078	0.01102	0.00346	0.01344	0.01013	0.00645	0.01509
40	0.03413	0.03172	0.16313	0.03569	0.13555	0.02349	0.10041	0.08448	0.02907	0.20973	0.02845	0.02967	0.01965	0.01134	0.01107	0.00340	0.01323	0.01022	0.00840	0.01715
41	0.01345	0.01107	0.01182	0.01163	0.01507	0.00944	0.00872	0.01673	0.02617	0.03259	0.20557	0.09977	0.44730	0.02644	0.01288	0.00363	0.00544	0.02229	0.01054	0.00944
42	0.09071	0.01726	0.02245	0.01788	0.02501	0.01551	0.01456	0.04502	0.03019	0.41528	0.14129	0.04455	0.04108	0.01501	0.01103	0.00338	0.00838	0.01234	0.01269	0.01639
43	0.04120	0.12674	0.03615	0.02648	0.08518	0.02280	0.05924	0.04595	0.02849	0.36475	0.03400	0.03195	0.02281	0.01201	0.01041	0.00320	0.01084	0.01009	0.01042	0.01730
44	0.03239	0.01932	0.07673	0.01789	0.02465	0.01457	0.01590	0.03788	0.02944	0.28448	0.20342	0.05047	0.05052	0.01597	0.01120	0.00332	0.00825	0.01345	0.07537	0.01479

[dist]
# distance from previous block
# <min> <max>
0	3

[block]
# block no. 1 follows, 12 sequences, length 29
# corresponding to MSA columns:
# 173-201
name=unknown_B
#
# <colnr> <probs for GDERKNQSTAVLIFYWHMCP>
#	G	D	E	R	K	N	Q	S	T	A	V	L	I	F	Y	W	H	M	C	P
0	0.04791	0.02017	0.02630	0.02017	0.02864	0.01842	0.01666	0.11508	0.03391	0.49058	0.04075	0.03564	0.02585	0.01344	0.01096	0.00336	0.00964	0.01081	0.01315	0.01855
1	0.02603	0.02187	0.03651	0.32503	0.25746	0.02405	0.03008	0.03267	0.02396	0.08516	0.02225	0.02907	0.01689	0.01070	0.01087	0.00345	0.01337	0.00983	0.00595	0.01481
2	0.13449	0.02989	0.17114	0.11831	0.04009	0.02231	0.02452	0.04099	0.07308	0.19740	0.02845	0.02925	0.01955	0.01180	0.01015	0.00347	0.01184	0.00930	0.00834	0.01564
3	0.12409	0.06549	0.03209	0.10321	0.07502	0.02818	0.02212	0.03267	0.02104	0.11605	0.02031	0.02561	0.01624	0.01434	0.02019	0.00389	0.25033	0.00902	0.00652	0.01358
4	0.55510	0.06254	0.01875	0.01456	0.02093	0.02388	0.01209	0.03055	0.02047	0.04657	0.08637	0.02629	0.02425	0.01171	0.00759	0.00331	0.00822	0.00776	0.00731	0.01176
5	0.04113	0.01668	0.02183	0.01732	0.02451	0.01450	0.01412	0.04524	0.02949	0.43236	0.05135	0.04662	0.09687	0.01532	0.01088	0.00333	0.00834	0.01251	0.08116	0.01643
6	0.02481	0.02556	0.10944	0.06453	0.07479	0.02123	0.08917	0.03720	0.13698	0.09113	0.11602	0.04665	0.08444	0.01494	0.01162	0.00354	0.01106	0.01340	0.00880	0.01470
7	0.03269	0.01906	0.02364	0.01739	0.02660	0.01511	0.01411	0.03729	0.02590	0.23507	0.02844	0.02817	0.02030	0.01015	0.00918	0.00229	0.00854	0.00819	0.00916	0.42871
8	0.01497	0.01113	0.01394	0.01323	0.01601	0.01009	0.00993	0.01969	0.02978	0.04114	0.46484	0.08569	0.18269	0.02325	0.01286	0.00348	0.00521	0.02031	0.01166	0.01009
9	0.39749	0.01992	0.02029	0.01666	0.02419	0.02058	0.01375	0.04174	0.02437	0.28208	0.02797	0.02663	0.01878	0.01167	0.00869	0.00337	0.00882	0.00823	0.00985	0.01491
10	0.01543	0.01115	0.01457	0.01372	0.01629	0.01029	0.01029	0.02058	0.03086	0.04372	0.54304	0.08145	0.10288	0.02229	0.01286	0.00343	0.00514	0.01972	0.01200	0.01029
11	0.01586	0.01057	0.01189	0.01189	0.01189	0.01057	0.00661	0.01586	0.01586	0.02114	0.03436	0.07135	0.03964	0.61681	0.05550	0.01057	0.01057	0.01586	0.00661	0.00661
12	0.01543	0.01115	0.01457	0.01372	0.01629	0.01029	0.01029	0.02058	0.03086	0.04372	0.54304	0.08145	0.10288	0.02229	0.01286	0.00343	0.00514	0.01972	0.01200	0.01029
13	0.02915	0.62337	0.05714	0.01866	0.02799	0.04314	0.01866	0.03265	0.02215	0.02565	0.01516	0.01749	0.01399	0.00933	0.00700	0.00233	0.01166	0.00583	0.00466	0.01399
14	0.02187	0.05640	0.56031	0.03108	0.04719	0.02532	0.04029	0.03453	0.02302	0.03453	0.01957	0.02302	0.01381	0.01036	0.01036	0.00345	0.01611	0.00806	0.00460	0.01611
15	0.03116	0.47488	0.05020	0.02036	0.02906	0.09190	0.01896	0.07634	0.06211	0.03086	0.01837	0.02011	0.01578	0.01023	0.00790	0.00256	0.01224	0.00675	0.00575	0.01449
16	0.13320	0.01898	0.02378	0.01838	0.02672	0.01701	0.01514	0.04766	0.02862	0.43446	0.03684	0.03301	0.02383	0.01248	0.01010	0.00319	0.00904	0.00982	0.01186	0.08587
17	0.03859	0.03029	0.17805	0.06498	0.03726	0.02068	0.02432	0.08255	0.02979	0.33098	0.03330	0.03166	0.02167	0.01238	0.01078	0.00341	0.01182	0.00996	0.01014	0.01739
18	0.02537	0.03439	0.20282	0.02515	0.03462	0.02652	0.02492	0.05015	0.36076	0.04193	0.03613	0.03481	0.02681	0.01332	0.01085	0.00362	0.01112	0.01091	0.00894	0.01688
19	0.01289	0.01105	0.01105	0.01105	0.01473	0.00920	0.00828	0.01565	0.02485	0.02946	0.11046	0.10493	0.54437	0.02761	0.01289	0.00368	0.00552	0.02301	0.01013	0.00920
20	0.03403	0.02883	0.10232	0.02238	0.03035	0.07808	0.02002	0.11014	0.12003	0.18757	0.11349	0.03934	0.03561	0.01437	0.01107	0.00338	0.01095	0.01159	0.01038	0.01607
21	0.03287	0.02026	0.03139	0.25349	0.11694	0.02189	0.02462	0.03847	0.02555	0.23727	0.02849	0.03158	0.01980	0.01236	0.01273	0.00356	0.05488	0.01019	0.00833	0.01534
22	0.02254	0.01559	0.02302	0.23589	0.04103	0.01660	0.01928	0.02802	0.02608	0.11533	0.15893	0.06155	0.11279	0.01801	0.01203	0.00369	0.00991	0.05855	0.00905	0.01212
23	0.02033	0.01016	0.01016	0.01016	0.01270	0.01016	0.00762	0.02541	0.02287	0.04065	0.03557	0.04065	0.02795	0.01270	0.00762	0.00254	0.00508	0.01016	0.67734	0.01016
24	0.06766	0.18578	0.28727	0.14702	0.04673	0.02942	0.03093	0.03247	0.02225	0.03186	0.01815	0.02261	0.01388	0.01021	0.00941	0.00321	0.01417	0.00772	0.00481	0.01445
25	0.03408	0.11874	0.22506	0.02619	0.03777	0.02437	0.07567	0.04172	0.02644	0.24126	0.02854	0.02851	0.01937	0.01134	0.01038	0.00329	0.01299	0.00939	0.00825	0.01664
26	0.03271	0.01473	0.01900	0.01616	0.02175	0.01292	0.01273	0.03651	0.02802	0.30872	0.09910	0.13027	0.13028	0.01944	0.01160	0.00351	0.00754	0.01646	0.06431	0.01425
27	0.59012	0.02449	0.06234	0.01807	0.02588	0.02477	0.05207	0.03247	0.01945	0.04672	0.01605	0.01902	0.01233	0.01007	0.00750	0.00340	0.00980	0.00661	0.00649	0.01237
28	0.01510	0.01100	0.01252	0.01234	0.01535	0.01020	0.00932	0.01893	0.02481	0.03393	0.17949	0.08024	0.28909	0.03116	0.08758	0.00529	0.00856	0.01852	0.12688	0.00968

[dist]
# distance from previous block
# <min> <max>
0	1

[block]
# block no. 2 follows, 12 sequences, length 16
# corresponding to MSA columns:
# 203-218
name=unknown_C
#
# <colnr> <probs for GDERKNQSTAVLIFYWHMCP>
#	G	D	E	R	K	N	Q	S	T	A	V	L	I	F	Y	W	H	M	C	P
0	0.16595	0.20572	0.03450	0.10317	0.03330	0.02990	0.01847	0.03331	0.07652	0.03445	0.01949	0.02306	0.01605	0.01104	0.01071	0.00302	0.06334	0.00755	0.00609	0.10437
1	0.01839	0.01641	0.02164	0.01934	0.02109	0.01967	0.01550	0.02187	0.02367	0.03336	0.22933	0.06256	0.16159	0.02211	0.02241	0.00404	0.25150	0.01620	0.00859	0.01074
2	0.04892	0.01856	0.02530	0.01940	0.02783	0.01603	0.01603	0.05314	0.03121	0.55634	0.04302	0.03711	0.02699	0.01350	0.01096	0.00337	0.00928	0.01096	0.01350	0.01856
3	0.02574	0.02941	0.06434	0.04596	0.05699	0.02757	0.50919	0.03493	0.02574	0.03493	0.02206	0.02941	0.01654	0.00919	0.01287	0.00368	0.01838	0.01287	0.00551	0.01471
4	0.01328	0.00949	0.01265	0.01518	0.01581	0.00886	0.01012	0.01518	0.02088	0.02783	0.06010	0.60969	0.07212	0.03416	0.01392	0.00443	0.00633	0.03100	0.01012	0.00886
5	0.02385	0.02385	0.03340	0.02863	0.02863	0.03340	0.02385	0.02624	0.01670	0.02624	0.01431	0.02385	0.01431	0.01908	0.03578	0.00477	0.59685	0.00954	0.00477	0.01193
6	0.69383	0.02109	0.01603	0.01434	0.02109	0.02446	0.01181	0.03205	0.01856	0.04892	0.01518	0.01771	0.01181	0.01012	0.00675	0.00337	0.00843	0.00590	0.00675	0.01181
7	0.02915	0.62337	0.05714	0.01866	0.02799	0.04314	0.01866	0.03265	0.02215	0.02565	0.01516	0.01749	0.01399	0.00933	0.00700	0.00233	0.01166	0.00583	0.00466	0.01399
8	0.47182	0.02105	0.01671	0.01550	0.02091	0.06689	0.01219	0.02960	0.02153	0.04403	0.09223	0.09150	0.03103	0.01451	0.00863	0.00345	0.00870	0.01063	0.00774	0.01135
9	0.04892	0.01856	0.02530	0.01940	0.02783	0.01603	0.01603	0.05314	0.03121	0.55634	0.04302	0.03711	0.02699	0.01350	0.01096	0.00337	0.00928	0.01096	0.01350	0.01856
10	0.02059	0.01938	0.03270	0.59060	0.07510	0.02422	0.03028	0.02786	0.02180	0.02786	0.01938	0.02907	0.01453	0.01090	0.01090	0.00363	0.01453	0.00969	0.00484	0.01211
11	0.04047	0.07329	0.10570	0.02436	0.03422	0.02228	0.07406	0.08840	0.03059	0.34253	0.03382	0.03183	0.02227	0.01223	0.01078	0.00333	0.01164	0.01027	0.01048	0.01744
12	0.04685	0.02187	0.02736	0.02097	0.02949	0.02095	0.01733	0.18031	0.03676	0.42133	0.03835	0.03408	0.02465	0.01338	0.01095	0.00335	0.01003	0.01065	0.01278	0.01855
13	0.01358	0.00971	0.01291	0.01498	0.01588	0.00905	0.01014	0.01592	0.02224	0.03000	0.12595	0.53766	0.07631	0.03254	0.01377	0.00429	0.00616	0.02946	0.01038	0.00905
14	0.02683	0.07219	0.14307	0.02588	0.08770	0.02114	0.02207	0.03555	0.06726	0.10709	0.06490	0.03083	0.02521	0.01124	0.00980	0.00280	0.01059	0.00924	0.00759	0.21904
15	0.22984	0.22741	0.03487	0.01953	0.02681	0.03316	0.01708	0.10107	0.09837	0.04147	0.02085	0.02261	0.01679	0.01164	0.01030	0.00316	0.05604	0.00763	0.00709	0.01427

[dist]
# distance from previous block
# <min> <max>
0	6

[block]
# block no. 3 follows, 12 sequences, length 20
# corresponding to MSA columns:
# 225-244
name=unknown_D
#
# <colnr> <probs for GDERKNQSTAVLIFYWHMCP>
#	G	D	E	R	K	N	Q	S	T	A	V	L	I	F	Y	W	H	M	C	P
0	0.03123	0.01468	0.01939	0.01619	0.02167	0.01294	0.01285	0.03571	0.03047	0.28784	0.26370	0.06239	0.10730	0.01857	0.01196	0.00343	0.00716	0.01583	0.01254	0.01415
1	0.01394	0.01109	0.01251	0.01215	0.01537	0.00965	0.00911	0.01769	0.02734	0.03537	0.28971	0.09520	0.36142	0.02541	0.01288	0.00358	0.00537	0.02165	0.01090	0.00965
2	0.01672	0.01093	0.01639	0.01639	0.01768	0.01221	0.01221	0.01768	0.01639	0.02314	0.02571	0.03954	0.02443	0.06684	0.39292	0.24389	0.02249	0.01093	0.00546	0.00803
3	0.01543	0.01115	0.01457	0.01372	0.01629	0.01029	0.01029	0.02058	0.03086	0.04372	0.54304	0.08145	0.10288	0.02229	0.01286	0.00343	0.00514	0.01972	0.01200	0.01029
4	0.01506	0.01036	0.01361	0.01541	0.01685	0.00987	0.01130	0.01831	0.02328	0.03222	0.12653	0.38928	0.07059	0.02967	0.01338	0.00422	0.00673	0.11022	0.07371	0.00941
5	0.03312	0.03556	0.03234	0.02784	0.03140	0.23714	0.02229	0.11272	0.02774	0.03339	0.01722	0.02265	0.01491	0.01514	0.02190	0.00378	0.28283	0.00864	0.00610	0.01328
6	0.04439	0.01723	0.02290	0.01794	0.02544	0.01510	0.01469	0.04874	0.02989	0.47460	0.04184	0.03767	0.02714	0.01337	0.01044	0.00324	0.00861	0.01084	0.11872	0.01723
7	0.03548	0.33760	0.04630	0.02208	0.03124	0.03414	0.05728	0.11907	0.02945	0.15472	0.02393	0.02439	0.01793	0.01091	0.00903	0.00284	0.01171	0.00824	0.00781	0.01586
8	0.02904	0.02301	0.07699	0.02754	0.11594	0.01854	0.01988	0.07725	0.02723	0.15109	0.03298	0.13630	0.02914	0.01508	0.01074	0.00313	0.00997	0.01303	0.00874	0.17439
9	0.03437	0.34850	0.09493	0.02141	0.03085	0.08074	0.02064	0.08321	0.02747	0.13170	0.02208	0.02277	0.01689	0.01074	0.00869	0.00277	0.01235	0.00750	0.00701	0.01538
10	0.69383	0.02109	0.01603	0.01434	0.02109	0.02446	0.01181	0.03205	0.01856	0.04892	0.01518	0.01771	0.01181	0.01012	0.00675	0.00337	0.00843	0.00590	0.00675	0.01181
11	0.02882	0.02806	0.08666	0.09038	0.11950	0.06667	0.10922	0.03957	0.10639	0.11086	0.07553	0.03531	0.02811	0.01243	0.01131	0.00345	0.01297	0.01141	0.00798	0.01536
12	0.01472	0.01224	0.01338	0.01250	0.01674	0.01013	0.00939	0.01797	0.02474	0.03170	0.13483	0.13503	0.37382	0.02457	0.01221	0.00340	0.00596	0.02078	0.00973	0.11616
13	0.02027	0.01643	0.02894	0.02362	0.02852	0.01523	0.15169	0.02566	0.02690	0.07501	0.23586	0.19803	0.06504	0.02096	0.01299	0.00375	0.00949	0.02001	0.00980	0.01178
14	0.02978	0.02474	0.02615	0.02273	0.02937	0.02836	0.01790	0.14239	0.44030	0.04990	0.04100	0.03799	0.03054	0.01448	0.01106	0.00362	0.00926	0.01186	0.01106	0.01750
15	0.02578	0.02551	0.08724	0.03310	0.11132	0.02030	0.15054	0.03243	0.02450	0.08677	0.02640	0.08074	0.02245	0.01178	0.01079	0.00301	0.01225	0.01150	0.00692	0.21666
16	0.01799	0.01461	0.02101	0.01915	0.02339	0.01302	0.05836	0.02188	0.02233	0.03097	0.04369	0.24812	0.04806	0.07428	0.01620	0.00433	0.00912	0.12780	0.00847	0.17723
17	0.02261	0.01938	0.02261	0.01615	0.02584	0.01453	0.01292	0.02745	0.02261	0.03553	0.01938	0.02261	0.01615	0.00807	0.00807	0.00161	0.00807	0.00646	0.00646	0.68346
18	0.34734	0.02482	0.06395	0.01820	0.02673	0.02331	0.01610	0.10955	0.02608	0.09719	0.02075	0.02227	0.01532	0.01055	0.00835	0.00303	0.00962	0.00729	0.00783	0.14172
19	0.03015	0.20831	0.22055	0.02395	0.03546	0.03012	0.02574	0.12091	0.02859	0.08840	0.02172	0.02331	0.01619	0.01065	0.00934	0.00292	0.01271	0.00787	0.00678	0.07633

[dist]
# distance from previous block
# <min> <max>
0	29

[block]
# block no. 4 follows, 12 sequences, length 30
# corresponding to MSA columns:
# 274-303
name=unknown_E
#
# <colnr> <probs for GDERKNQSTAVLIFYWHMCP>
#	G	D	E	R	K	N	Q	S	T	A	V	L	I	F	Y	W	H	M	C	P
0	0.07966	0.01887	0.02556	0.24017	0.04393	0.02048	0.02059	0.07714	0.02613	0.10809	0.02807	0.03791	0.02229	0.01301	0.01030	0.00334	0.01100	0.05067	0.07964	0.08315
1	0.09138	0.02020	0.03210	0.47927	0.11585	0.02441	0.02867	0.02884	0.02176	0.03081	0.01905	0.02768	0.01452	0.01070	0.01046	0.00357	0.01374	0.00930	0.00510	0.01259
2	0.02503	0.02202	0.03057	0.06982	0.03485	0.02383	0.10196	0.08644	0.24690	0.04302	0.11133	0.08299	0.04052	0.01584	0.01183	0.00366	0.01042	0.01439	0.00968	0.01491
3	0.01894	0.01539	0.01845	0.01477	0.02110	0.01240	0.01149	0.02375	0.02614	0.03840	0.23959	0.05289	0.09203	0.01536	0.01039	0.00251	0.00669	0.01313	0.00900	0.35758
4	0.02587	0.35460	0.17754	0.08243	0.03775	0.03568	0.02582	0.03193	0.02175	0.02816	0.01661	0.02076	0.01404	0.01080	0.01134	0.00301	0.07595	0.00719	0.00468	0.01410
5	0.01861	0.00969	0.01453	0.01453	0.01472	0.00988	0.00988	0.01472	0.01453	0.01956	0.01994	0.03409	0.01975	0.04218	0.09460	0.61763	0.01140	0.00969	0.00484	0.00522
6	0.01411	0.01033	0.01326	0.01414	0.01589	0.00947	0.00999	0.01742	0.02535	0.03444	0.26107	0.34155	0.13532	0.02865	0.01338	0.00394	0.00576	0.02557	0.01088	0.00947
7	0.01320	0.00982	0.01231	0.01431	0.01558	0.00893	0.00973	0.01528	0.02172	0.02818	0.07076	0.50285	0.17207	0.03277	0.01370	0.00427	0.00616	0.02931	0.01012	0.00893
8	0.01464	0.01111	0.01347	0.01288	0.01580	0.00995	0.00966	0.01904	0.02899	0.03928	0.40821	0.08877	0.24048	0.02395	0.01287	0.00351	0.00526	0.02075	0.01142	0.00995
9	0.02915	0.62337	0.05714	0.01866	0.02799	0.04314	0.01866	0.03265	0.02215	0.02565	0.01516	0.01749	0.01399	0.00933	0.00700	0.00233	0.01166	0.00583	0.00466	0.01399
10	0.46678	0.02438	0.02184	0.01808	0.02552	0.02772	0.01491	0.19924	0.02994	0.05581	0.01901	0.02066	0.01415	0.01115	0.00820	0.00334	0.00967	0.00727	0.00820	0.01415
11	0.01993	0.01309	0.01906	0.01723	0.02079	0.01191	0.05032	0.02406	0.02693	0.10679	0.24718	0.23227	0.11861	0.02413	0.01292	0.00377	0.00715	0.02169	0.01095	0.01123
12	0.02863	0.03329	0.04534	0.03483	0.04272	0.19460	0.27110	0.03514	0.02823	0.03387	0.11020	0.03534	0.03064	0.01209	0.01192	0.00336	0.01650	0.01223	0.00666	0.01330
13	0.44329	0.02010	0.01963	0.01630	0.02371	0.02118	0.01345	0.04024	0.02347	0.24604	0.02600	0.02525	0.01771	0.01143	0.00839	0.00337	0.00876	0.00787	0.00937	0.01443
14	0.69383	0.02109	0.01603	0.01434	0.02109	0.02446	0.01181	0.03205	0.01856	0.04892	0.01518	0.01771	0.01181	0.01012	0.00675	0.00337	0.00843	0.00590	0.00675	0.01181
15	0.04145	0.03054	0.03272	0.02509	0.03381	0.03381	0.02072	0.51243	0.05127	0.06872	0.02618	0.02618	0.01854	0.01309	0.01091	0.00327	0.01200	0.00982	0.01091	0.01854
16	0.69383	0.02109	0.01603	0.01434	0.02109	0.02446	0.01181	0.03205	0.01856	0.04892	0.01518	0.01771	0.01181	0.01012	0.00675	0.00337	0.00843	0.00590	0.00675	0.01181
17	0.02423	0.04043	0.27721	0.03590	0.04845	0.02651	0.23000	0.03814	0.09863	0.03632	0.02425	0.02825	0.01780	0.01053	0.01150	0.00358	0.01595	0.01067	0.00593	0.01570
18	0.04137	0.02072	0.02887	0.02902	0.12867	0.01962	0.01959	0.05006	0.10564	0.37801	0.03887	0.03570	0.02607	0.01296	0.01095	0.00340	0.00989	0.01093	0.01156	0.01811
19	0.01523	0.01050	0.01294	0.01351	0.01396	0.01066	0.00849	0.01627	0.01725	0.02330	0.03935	0.18814	0.04502	0.40214	0.12694	0.01027	0.01252	0.01861	0.00728	0.00760
20	0.02776	0.47704	0.13875	0.02499	0.07741	0.03868	0.02353	0.03303	0.02253	0.02800	0.01636	0.01924	0.01425	0.00953	0.00789	0.00260	0.01251	0.00654	0.00472	0.01463
21	0.01894	0.00947	0.01420	0.01420	0.01420	0.00947	0.00947	0.01420	0.01420	0.01894	0.01894	0.03314	0.01894	0.03788	0.04261	0.68277	0.00947	0.00947	0.00473	0.00473
22	0.07722	0.02622	0.08050	0.15940	0.04214	0.02540	0.02285	0.15299	0.10969	0.14958	0.02942	0.03048	0.02068	0.01245	0.01062	0.00347	0.01170	0.00998	0.00911	0.01611
23	0.08399	0.04339	0.08486	0.03390	0.07598	0.32827	0.12629	0.03933	0.02774	0.03144	0.01833	0.02241	0.01462	0.01053	0.01036	0.00312	0.01775	0.00846	0.00558	0.01366
24	0.01328	0.00949	0.01265	0.01518	0.01581	0.00886	0.01012	0.01518	0.02088	0.02783	0.06010	0.60969	0.07212	0.03416	0.01392	0.00443	0.00633	0.03100	0.01012	0.00886
25	0.02353	0.02284	0.04015	0.33805	0.25477	0.02519	0.07723	0.03068	0.02334	0.03151	0.02007	0.02830	0.01577	0.01028	0.01105	0.00349	0.01430	0.01000	0.00512	0.01434
26	0.02430	0.01655	0.02390	0.01881	0.02518	0.01426	0.06559	0.02964	0.02823	0.13100	0.26304	0.05277	0.05772	0.01564	0.01129	0.00298	0.00806	0.01400	0.01013	0.18691
27	0.02569	0.02037	0.02737	0.01969	0.02939	0.01609	0.06657	0.03093	0.02384	0.08974	0.02213	0.02485	0.01732	0.00876	0.00889	0.00202	0.00931	0.00762	0.00709	0.54231
28	0.03254	0.06817	0.03340	0.19422	0.14216	0.02233	0.02347	0.03808	0.02576	0.21379	0.02749	0.02998	0.01950	0.01120	0.01034	0.00318	0.01160	0.00955	0.00809	0.07515
29	0.33228	0.02457	0.07265	0.02100	0.02913	0.02286	0.06359	0.03559	0.02229	0.13799	0.02180	0.02387	0.01590	0.01111	0.01065	0.00333	0.05213	0.00802	0.00753	0.08373

[dist]
# distance from previous block
# <min> <max>
0	5

[block]
# block no. 5 follows, 12 sequences, length 33
# corresponding to MSA columns:
# 309-341
name=unknown_F
#
# <colnr> <probs for GDERKNQSTAVLIFYWHMCP>
#	G	D	E	R	K	N	Q	S	T	A	V	L	I	F	Y	W	H	M	C	P
0	0.09849	0.02509	0.02905	0.07557	0.03480	0.02679	0.01944	0.28797	0.03966	0.20877	0.02961	0.02898	0.02010	0.01275	0.01056	0.00335	0.01111	0.00981	0.01075	0.01736
1	0.02675	0.02364	0.03594	0.32724	0.10544	0.02702	0.06879	0.13907	0.06585	0.03958	0.02305	0.02910	0.01722	0.01141	0.01108	0.00352	0.01372	0.01019	0.00676	0.01463
2	0.02626	0.02471	0.04032	0.18505	0.27764	0.02737	0.06476	0.07620	0.02553	0.03550	0.02004	0.02717	0.01626	0.01156	0.01437	0.00358	0.09284	0.00992	0.00570	0.01521
3	0.69383	0.02109	0.01603	0.01434	0.02109	0.02446	0.01181	0.03205	0.01856	0.04892	0.01518	0.01771	0.01181	0.01012	0.00675	0.00337	0.00843	0.00590	0.00675	0.01181
4	0.01894	0.00947	0.01420	0.01420	0.01420	0.00947	0.00947	0.01420	0.01420	0.01894	0.01894	0.03314	0.01894	0.03788	0.04261	0.68277	0.00947	0.00947	0.00473	0.00473
5	0.01379	0.01021	0.01264	0.01436	0.01581	0.00941	0.01004	0.01599	0.02173	0.02805	0.06937	0.40363	0.17825	0.08251	0.01736	0.00484	0.00683	0.06651	0.00981	0.00885
6	0.01328	0.00949	0.01265	0.01518	0.01581	0.00886	0.01012	0.01518	0.02088	0.02783	0.06010	0.60969	0.07212	0.03416	0.01392	0.00443	0.00633	0.03100	0.01012	0.00886
7	0.04892	0.01856	0.02530	0.01940	0.02783	0.01603	0.01603	0.05314	0.03121	0.55634	0.04302	0.03711	0.02699	0.01350	0.01096	0.00337	0.00928	0.01096	0.01350	0.01856
8	0.69383	0.02109	0.01603	0.01434	0.02109	0.02446	0.01181	0.03205	0.01856	0.04892	0.01518	0.01771	0.01181	0.01012	0.00675	0.00337	0.00843	0.00590	0.00675	0.01181
9	0.69383	0.02109	0.01603	0.01434	0.02109	0.02446	0.01181	0.03205	0.01856	0.04892	0.01518	0.01771	0.01181	0.01012	0.00675	0.00337	0.00843	0.00590	0.00675	0.01181
10	0.01328	0.00949	0.01265	0.01518	0.01581	0.00886	0.01012	0.01518	0.02088	0.02783	0.06010	0.60969	0.07212	0.03416	0.01392	0.00443	0.00633	0.03100	0.01012	0.00886
11	0.08679	0.07455	0.02944	0.07622	0.03325	0.10470	0.01948	0.07917	0.24908	0.04003	0.02946	0.03035	0.02276	0.01335	0.01234	0.00350	0.06237	0.00985	0.00830	0.01504
12	0.02261	0.01938	0.02261	0.01615	0.02584	0.01453	0.01292	0.02745	0.02261	0.03553	0.01938	0.02261	0.01615	0.00807	0.00807	0.00161	0.00807	0.00646	0.00646	0.68346
13	0.14616	0.24452	0.24129	0.02351	0.03418	0.03206	0.02619	0.03271	0.02137	0.03333	0.01679	0.02021	0.01356	0.01071	0.01073	0.00316	0.06324	0.00702	0.00503	0.01424
14	0.03985	0.04857	0.03059	0.02748	0.03335	0.49944	0.02078	0.07597	0.06643	0.03080	0.01937	0.02154	0.01567	0.01160	0.00999	0.00290	0.01839	0.00757	0.00635	0.01335
15	0.01586	0.01106	0.01419	0.01341	0.01598	0.01028	0.01006	0.02099	0.03017	0.04346	0.49904	0.07791	0.09638	0.02146	0.01241	0.00335	0.00514	0.01889	0.06968	0.01028
16	0.04402	0.02353	0.07615	0.02121	0.03021	0.01931	0.01881	0.09159	0.07134	0.42488	0.03946	0.03512	0.02552	0.01327	0.01091	0.00340	0.01010	0.01070	0.01225	0.01822
17	0.02772	0.08811	0.28152	0.02731	0.03886	0.07281	0.06052	0.06917	0.06333	0.08132	0.03004	0.03139	0.05547	0.01231	0.01054	0.00334	0.01404	0.00988	0.00683	0.01551
18	0.04892	0.01856	0.02530	0.01940	0.02783	0.01603	0.01603	0.05314	0.03121	0.55634	0.04302	0.03711	0.02699	0.01350	0.01096	0.00337	0.00928	0.01096	0.01350	0.01856
19	0.01942	0.01219	0.01491	0.01361	0.01742	0.01075	0.01043	0.02360	0.02883	0.11328	0.32005	0.08316	0.24525	0.02286	0.01259	0.00351	0.00588	0.01959	0.01157	0.01111
20	0.28177	0.06305	0.06272	0.07421	0.03308	0.02311	0.06020	0.03598	0.02340	0.15479	0.02634	0.03357	0.02055	0.01256	0.00958	0.00350	0.01092	0.04883	0.00797	0.01387
21	0.02645	0.01841	0.02600	0.02177	0.02739	0.01864	0.08932	0.03918	0.17479	0.12508	0.08490	0.12460	0.04054	0.01686	0.01138	0.00355	0.00905	0.01521	0.11272	0.01417
22	0.03094	0.01504	0.01937	0.01705	0.02204	0.01401	0.01318	0.03731	0.07479	0.26240	0.12332	0.18191	0.05012	0.01986	0.01171	0.00360	0.00754	0.01718	0.06445	0.01418
23	0.17407	0.02426	0.03256	0.18227	0.12046	0.06192	0.05893	0.03267	0.02230	0.07011	0.01950	0.02541	0.01528	0.01188	0.01386	0.00362	0.10244	0.00898	0.00603	0.01346
24	0.02230	0.01938	0.02416	0.10423	0.03339	0.01602	0.01558	0.02752	0.02249	0.03435	0.01938	0.02360	0.01590	0.00851	0.00851	0.00192	0.00907	0.00696	0.00621	0.58053
25	0.09298	0.03235	0.02798	0.02385	0.03075	0.16001	0.01881	0.19764	0.21226	0.04875	0.02941	0.02900	0.02208	0.01299	0.01035	0.00332	0.01234	0.00969	0.00934	0.01609
26	0.32338	0.01846	0.02040	0.10371	0.03001	0.01997	0.01531	0.03406	0.02412	0.15842	0.11758	0.03533	0.03211	0.01320	0.00944	0.00342	0.00896	0.01012	0.00892	0.01309
27	0.01510	0.01089	0.01428	0.01394	0.01622	0.01007	0.01026	0.01975	0.02933	0.04129	0.46899	0.16244	0.09816	0.02411	0.01302	0.00358	0.00533	0.02145	0.01171	0.01007
28	0.02672	0.52925	0.05032	0.01812	0.02612	0.03789	0.01735	0.02997	0.02196	0.02599	0.02205	0.10829	0.02290	0.01314	0.00806	0.00265	0.01084	0.00969	0.00550	0.01321
29	0.01550	0.01106	0.01416	0.01344	0.01562	0.01033	0.00972	0.01985	0.02856	0.04026	0.46505	0.07990	0.09318	0.11344	0.01940	0.00452	0.00598	0.01913	0.01118	0.00972
30	0.04368	0.02696	0.03051	0.02339	0.03203	0.02850	0.01932	0.37532	0.04528	0.21429	0.03120	0.02944	0.02106	0.01321	0.01092	0.00330	0.01119	0.01016	0.01168	0.01855
31	0.04259	0.02870	0.03159	0.02422	0.03290	0.03109	0.02000	0.44201	0.04819	0.14348	0.02876	0.02785	0.01984	0.01315	0.01092	0.00329	0.01158	0.00999	0.01130	0.01854
32	0.59060	0.02082	0.01858	0.10269	0.02937	0.02442	0.01464	0.03141	0.01905	0.04569	0.01583	0.01945	0.01223	0.01024	0.00738	0.00341	0.00937	0.00648	0.00646	0.01185

[dist]
# distance from previous block
# <min> <max>
0	9

[block]
# block no. 6 follows, 12 sequences, length 8
# corresponding to MSA columns:
# 351-358
name=unknown_G
#
# <colnr> <probs for GDERKNQSTAVLIFYWHMCP>
#	G	D	E	R	K	N	Q	S	T	A	V	L	I	F	Y	W	H	M	C	P
0	0.03270	0.45234	0.05009	0.02051	0.02967	0.04045	0.01925	0.17106	0.03055	0.03808	0.01834	0.02000	0.01531	0.01041	0.00812	0.00260	0.01176	0.00698	0.00647	0.01531
1	0.02503	0.02184	0.06251	0.02657	0.09136	0.02019	0.01972	0.02943	0.02232	0.09737	0.02860	0.12998	0.02705	0.01630	0.01635	0.00339	0.14462	0.01262	0.00735	0.19738
2	0.18893	0.09769	0.09443	0.02053	0.02935	0.02597	0.01909	0.14395	0.03064	0.17248	0.05590	0.02871	0.02286	0.01226	0.00954	0.00324	0.01058	0.00908	0.00912	0.01566
3	0.02362	0.02163	0.03591	0.05288	0.39895	0.02152	0.02775	0.02917	0.02421	0.03399	0.03142	0.13405	0.03166	0.01615	0.01181	0.00364	0.01152	0.06835	0.00672	0.01503
4	0.01507	0.01073	0.01285	0.01286	0.01538	0.00977	0.00944	0.01909	0.02676	0.03725	0.29512	0.16887	0.19624	0.02435	0.01239	0.00354	0.00542	0.02119	0.09391	0.00977
5	0.02993	0.23528	0.07714	0.02926	0.07000	0.03297	0.10861	0.08736	0.08632	0.06873	0.02332	0.02587	0.01825	0.01131	0.01145	0.00318	0.04948	0.00922	0.00684	0.01548
6	0.03892	0.02000	0.02552	0.07802	0.03140	0.01994	0.01699	0.14692	0.03220	0.30542	0.03541	0.03947	0.02591	0.11222	0.01826	0.00456	0.01064	0.01138	0.01090	0.01593
7	0.01581	0.01077	0.01290	0.01290	0.01324	0.01112	0.00786	0.01650	0.01615	0.02189	0.03344	0.06627	0.03743	0.52140	0.14789	0.01181	0.01389	0.01511	0.00647	0.00716

[dist]
# distance from previous block
# <min> <max>
0	23

# created by:
# /st0/software/busco_prod/Augustus/scripts/msa2prfl.pl ./align_prep/8526.fa
