[name]
unknown

[dist]
# distance from previous block
# <min> <max>
2	18

[block]
# block no. 0 follows, 14 sequences, length 81
# corresponding to MSA columns:
# 18-98
name=unknown_A
#
# <colnr> <probs for GDERKNQSTAVLIFYWHMCP>
#	G	D	E	R	K	N	Q	S	T	A	V	L	I	F	Y	W	H	M	C	P
0	0.02715	0.17414	0.11866	0.02556	0.03439	0.02601	0.14000	0.03689	0.10601	0.11718	0.02798	0.07383	0.02266	0.01211	0.01000	0.00314	0.01186	0.01086	0.00719	0.01438
1	0.02147	0.19017	0.27292	0.02135	0.03018	0.02347	0.02373	0.02611	0.01888	0.02582	0.01718	0.02330	0.01454	0.01754	0.01836	0.21963	0.01216	0.00746	0.00439	0.01133
2	0.01689	0.01504	0.02342	0.01967	0.02307	0.01566	0.09353	0.02147	0.02436	0.03385	0.28277	0.06132	0.14065	0.02373	0.06094	0.00453	0.10418	0.01597	0.00856	0.01037
3	0.01870	0.01546	0.01850	0.01482	0.02142	0.01212	0.01135	0.02262	0.02145	0.03227	0.06703	0.17102	0.03363	0.01442	0.00923	0.00227	0.00701	0.01248	0.00728	0.48691
4	0.02571	0.01959	0.02222	0.01831	0.02442	0.01934	0.01431	0.23015	0.03166	0.04380	0.03270	0.21212	0.03243	0.01711	0.01038	0.00297	0.00858	0.01451	0.00884	0.21085
5	0.02896	0.01800	0.02207	0.01615	0.02490	0.01412	0.01307	0.03334	0.02379	0.20380	0.02514	0.02552	0.01837	0.00918	0.00844	0.00203	0.00795	0.00740	0.00813	0.48964
6	0.49546	0.01694	0.01466	0.01331	0.01845	0.01888	0.01067	0.02681	0.02106	0.04453	0.18670	0.03528	0.03771	0.01308	0.00814	0.00319	0.00698	0.00959	0.00789	0.01067
7	0.03017	0.01732	0.02087	0.01819	0.02369	0.01762	0.01420	0.04360	0.23225	0.24034	0.09269	0.12892	0.04066	0.01684	0.01095	0.00345	0.00772	0.01439	0.01122	0.01491
8	0.04386	0.02096	0.02598	0.01992	0.02794	0.02028	0.01646	0.20240	0.03523	0.42177	0.03557	0.03174	0.02294	0.01258	0.01030	0.00315	0.00953	0.00998	0.01195	0.01746
9	0.01247	0.00907	0.01177	0.01393	0.01479	0.00837	0.00937	0.01433	0.02000	0.02634	0.06098	0.58292	0.11476	0.03158	0.01301	0.00410	0.00588	0.02847	0.00953	0.00837
10	0.02723	0.01330	0.01779	0.01507	0.01971	0.01186	0.01186	0.03172	0.02918	0.25934	0.35651	0.05984	0.06804	0.01764	0.01138	0.00321	0.00641	0.01524	0.01186	0.01282
11	0.01988	0.09159	0.44320	0.02556	0.03782	0.02252	0.03132	0.02961	0.02212	0.03213	0.07266	0.07762	0.02542	0.01260	0.01000	0.00324	0.01311	0.01025	0.00542	0.01393
12	0.02397	0.10002	0.45555	0.02760	0.04095	0.06712	0.03339	0.07542	0.02435	0.03396	0.01841	0.02125	0.01340	0.00994	0.00949	0.00310	0.01473	0.00748	0.00490	0.01496
13	0.01247	0.00905	0.01178	0.01397	0.01480	0.00836	0.00938	0.01433	0.01996	0.02632	0.06050	0.58825	0.10973	0.03164	0.01302	0.00411	0.00589	0.02855	0.00953	0.00836
14	0.02744	0.64552	0.05378	0.01756	0.02634	0.04061	0.01756	0.03073	0.02085	0.02414	0.01427	0.01646	0.01317	0.00878	0.00658	0.00219	0.01097	0.00549	0.00439	0.01317
15	0.02685	0.02457	0.04455	0.05468	0.40846	0.02397	0.14764	0.03336	0.02407	0.07920	0.02141	0.02672	0.01686	0.00933	0.01063	0.00315	0.01309	0.00993	0.00574	0.01580
16	0.02032	0.01868	0.03038	0.29832	0.21469	0.02024	0.02506	0.02594	0.02133	0.02909	0.02462	0.12179	0.02316	0.01315	0.01045	0.00326	0.01149	0.01204	0.00563	0.07034
17	0.01244	0.00916	0.01167	0.01369	0.01473	0.00839	0.00926	0.01436	0.02023	0.02643	0.06391	0.54987	0.14591	0.03120	0.01295	0.00406	0.00584	0.02801	0.00953	0.00839
18	0.01250	0.00893	0.01191	0.01429	0.01488	0.00834	0.00953	0.01429	0.01965	0.02620	0.05656	0.63265	0.06787	0.03215	0.01310	0.00417	0.00595	0.02917	0.00953	0.00834
19	0.01374	0.01046	0.01264	0.01209	0.01485	0.00935	0.00907	0.01786	0.02721	0.03678	0.41834	0.08385	0.25113	0.02261	0.01211	0.00330	0.00496	0.01957	0.01072	0.00935
20	0.02386	0.01944	0.03672	0.02763	0.03455	0.01797	0.25237	0.03031	0.02689	0.12140	0.23636	0.04776	0.04855	0.01405	0.01183	0.00333	0.01115	0.01433	0.00872	0.01279
21	0.01250	0.00893	0.01191	0.01429	0.01488	0.00834	0.00953	0.01429	0.01965	0.02620	0.05656	0.63265	0.06787	0.03215	0.01310	0.00417	0.00595	0.02917	0.00953	0.00834
22	0.01938	0.01824	0.03078	0.61468	0.07068	0.02280	0.02850	0.02622	0.02052	0.02622	0.01824	0.02736	0.01368	0.01026	0.01026	0.00342	0.01368	0.00912	0.00456	0.01140
23	0.02744	0.64552	0.05378	0.01756	0.02634	0.04061	0.01756	0.03073	0.02085	0.02414	0.01427	0.01646	0.01317	0.00878	0.00658	0.00219	0.01097	0.00549	0.00439	0.01317
24	0.65583	0.02226	0.01625	0.01457	0.02083	0.07085	0.01184	0.03107	0.01843	0.04430	0.01442	0.01682	0.01129	0.00961	0.00659	0.00313	0.00882	0.00564	0.00626	0.01118
25	0.02547	0.02150	0.03079	0.43127	0.05862	0.02560	0.02571	0.18599	0.02912	0.03815	0.02023	0.02652	0.01485	0.01090	0.01026	0.00331	0.01294	0.00916	0.00633	0.01328
26	0.02848	0.03023	0.03866	0.05427	0.44573	0.16118	0.02871	0.03376	0.02473	0.03152	0.01848	0.02376	0.01553	0.00948	0.00994	0.00295	0.01370	0.00854	0.00513	0.01522
27	0.01248	0.01011	0.01108	0.01147	0.01424	0.00871	0.00836	0.01517	0.02329	0.02896	0.14803	0.20344	0.41554	0.02665	0.01232	0.00358	0.00531	0.02281	0.00973	0.00871
28	0.01300	0.01008	0.01192	0.01278	0.01508	0.00900	0.00943	0.01586	0.02304	0.02945	0.15131	0.26579	0.29635	0.02744	0.01262	0.00377	0.00578	0.06873	0.00977	0.00878
29	0.71184	0.01985	0.01508	0.01350	0.01985	0.02302	0.01111	0.03017	0.01746	0.04604	0.01429	0.01667	0.01111	0.00953	0.00635	0.00318	0.00794	0.00556	0.00635	0.01111
30	0.01916	0.01558	0.01709	0.01585	0.01958	0.01668	0.01182	0.03378	0.26310	0.03670	0.18055	0.06140	0.13138	0.11123	0.01737	0.00438	0.00713	0.01537	0.00988	0.01195
31	0.01250	0.00893	0.01191	0.01429	0.01488	0.00834	0.00953	0.01429	0.01965	0.02620	0.05656	0.63265	0.06787	0.03215	0.01310	0.00417	0.00595	0.02917	0.00953	0.00834
32	0.01938	0.01824	0.03078	0.61468	0.07068	0.02280	0.02850	0.02622	0.02052	0.02622	0.01824	0.02736	0.01368	0.01026	0.01026	0.00342	0.01368	0.00912	0.00456	0.01140
33	0.03901	0.02874	0.03080	0.02361	0.03182	0.03182	0.01951	0.54111	0.04825	0.06468	0.02464	0.02464	0.01745	0.01232	0.01027	0.00308	0.01129	0.00924	0.01027	0.01745
34	0.01492	0.00995	0.01119	0.01119	0.01119	0.00995	0.00622	0.01492	0.01492	0.01990	0.03233	0.06716	0.03731	0.63935	0.05223	0.00995	0.00995	0.01492	0.00622	0.00622
35	0.02744	0.64552	0.05378	0.01756	0.02634	0.04061	0.01756	0.03073	0.02085	0.02414	0.01427	0.01646	0.01317	0.00878	0.00658	0.00219	0.01097	0.00549	0.00439	0.01317
36	0.02422	0.02768	0.06055	0.04325	0.05363	0.02595	0.53806	0.03287	0.02422	0.03287	0.02076	0.02768	0.01557	0.00865	0.01211	0.00346	0.01730	0.01211	0.00519	0.01384
37	0.01490	0.01004	0.01164	0.01164	0.01179	0.01019	0.00677	0.01521	0.01506	0.02023	0.03193	0.06491	0.03633	0.59219	0.09806	0.01050	0.01142	0.01459	0.00616	0.00647
38	0.04539	0.01852	0.02447	0.01876	0.02672	0.01664	0.01549	0.09576	0.03113	0.53421	0.03901	0.03397	0.02466	0.01267	0.01031	0.00317	0.00897	0.01022	0.01247	0.01746
39	0.03833	0.04891	0.02908	0.02644	0.03173	0.59815	0.01983	0.04098	0.02908	0.02512	0.01586	0.01851	0.01322	0.01058	0.00925	0.00264	0.01851	0.00661	0.00529	0.01190
40	0.01239	0.00939	0.01144	0.01308	0.01457	0.00844	0.00899	0.01443	0.02081	0.02667	0.07127	0.46698	0.22405	0.03024	0.01280	0.00395	0.00572	0.02684	0.00953	0.00844
41	0.01471	0.01061	0.01398	0.01347	0.01588	0.00988	0.01032	0.01954	0.02854	0.04018	0.52189	0.08030	0.09331	0.02167	0.01230	0.00337	0.00527	0.06399	0.01112	0.00966
42	0.01266	0.00940	0.01182	0.01337	0.01473	0.00855	0.00920	0.01495	0.02145	0.02820	0.12430	0.46466	0.16986	0.02967	0.01279	0.00392	0.00568	0.02649	0.00973	0.00855
43	0.02135	0.09762	0.51066	0.02924	0.04360	0.02528	0.06869	0.03239	0.02177	0.03187	0.01824	0.02165	0.01318	0.00960	0.00966	0.00318	0.01498	0.00771	0.00439	0.01492
44	0.33184	0.08322	0.11187	0.01996	0.02803	0.11524	0.01855	0.11652	0.02528	0.04194	0.01688	0.01903	0.01295	0.01012	0.00799	0.00301	0.01151	0.00664	0.00635	0.01308
45	0.04391	0.01851	0.02418	0.01879	0.02657	0.01695	0.01544	0.07938	0.07471	0.50663	0.03966	0.03460	0.02543	0.01278	0.01033	0.00320	0.00883	0.01036	0.01237	0.01736
46	0.01730	0.01381	0.02049	0.12307	0.10776	0.01410	0.01596	0.02267	0.02620	0.03726	0.35516	0.05785	0.06556	0.01674	0.01114	0.00317	0.00744	0.01490	0.05846	0.01094
47	0.02058	0.05308	0.58618	0.02925	0.04442	0.02383	0.03792	0.03250	0.02167	0.03250	0.01842	0.02167	0.01300	0.00975	0.00975	0.00325	0.01517	0.00758	0.00433	0.01517
48	0.01938	0.01824	0.03078	0.61468	0.07068	0.02280	0.02850	0.02622	0.02052	0.02622	0.01824	0.02736	0.01368	0.01026	0.01026	0.00342	0.01368	0.00912	0.00456	0.01140
49	0.01272	0.01041	0.01130	0.01162	0.01468	0.00898	0.00882	0.01562	0.02359	0.02897	0.13504	0.13994	0.44975	0.02625	0.01237	0.00360	0.00558	0.06228	0.00967	0.00879
50	0.01253	0.01041	0.01095	0.01082	0.01411	0.00883	0.00811	0.01550	0.02434	0.02997	0.18193	0.09506	0.49179	0.02515	0.01212	0.00343	0.00514	0.02114	0.00983	0.00883
51	0.01452	0.01049	0.01372	0.01291	0.01533	0.00968	0.00968	0.01937	0.02905	0.04115	0.56992	0.07666	0.09683	0.02098	0.01210	0.00323	0.00484	0.01856	0.01130	0.00968
52	0.71184	0.01985	0.01508	0.01350	0.01985	0.02302	0.01111	0.03017	0.01746	0.04604	0.01429	0.01667	0.01111	0.00953	0.00635	0.00318	0.00794	0.00556	0.00635	0.01111
53	0.02789	0.06523	0.17095	0.07524	0.07465	0.02532	0.02413	0.15844	0.11174	0.08332	0.03025	0.03111	0.05196	0.01217	0.01006	0.00319	0.01146	0.00979	0.00775	0.01532
54	0.02472	0.02919	0.09622	0.03428	0.04249	0.07232	0.29864	0.06741	0.02509	0.03324	0.02438	0.06863	0.02138	0.01279	0.01352	0.00356	0.06569	0.04726	0.00599	0.01320
55	0.01474	0.01068	0.01491	0.01491	0.01619	0.01197	0.01085	0.01731	0.01602	0.02265	0.02894	0.04834	0.02914	0.24510	0.43531	0.01454	0.02224	0.01217	0.00571	0.00828
56	0.19567	0.02178	0.02339	0.01855	0.02580	0.02299	0.01526	0.23384	0.03332	0.21478	0.02772	0.02696	0.01907	0.01176	0.00913	0.00308	0.00923	0.00874	0.06357	0.01537
57	0.02536	0.46647	0.21468	0.02109	0.03180	0.03554	0.02371	0.03126	0.02110	0.02667	0.01552	0.01803	0.01312	0.00907	0.00754	0.00251	0.01224	0.00612	0.00437	0.01377
58	0.01422	0.04879	0.01382	0.01142	0.01485	0.01093	0.00883	0.01762	0.02456	0.03182	0.21426	0.08331	0.37152	0.02255	0.01140	0.00324	0.00542	0.01893	0.06321	0.00927
59	0.02345	0.07182	0.02489	0.01618	0.02519	0.01763	0.01330	0.07425	0.02376	0.03557	0.01850	0.02119	0.01524	0.00814	0.00776	0.00172	0.00823	0.00632	0.00633	0.58054
60	0.01309	0.00935	0.01258	0.01496	0.01582	0.00884	0.01055	0.01531	0.02023	0.02686	0.05624	0.55718	0.06659	0.03160	0.01326	0.00425	0.00646	0.09884	0.00951	0.00850
61	0.71184	0.01985	0.01508	0.01350	0.01985	0.02302	0.01111	0.03017	0.01746	0.04604	0.01429	0.01667	0.01111	0.00953	0.00635	0.00318	0.00794	0.00556	0.00635	0.01111
62	0.01279	0.00927	0.01215	0.01434	0.01530	0.00863	0.00993	0.01486	0.02025	0.02667	0.06008	0.55096	0.10642	0.03138	0.01311	0.00416	0.00617	0.06558	0.00952	0.00845
63	0.01878	0.01787	0.03237	0.02634	0.03055	0.01966	0.17704	0.02378	0.01877	0.02676	0.02332	0.03375	0.02072	0.04703	0.33294	0.01067	0.11244	0.01104	0.00525	0.01092
64	0.01298	0.01020	0.01172	0.01183	0.01450	0.00895	0.00869	0.01619	0.02467	0.03191	0.24997	0.17449	0.33678	0.02530	0.01227	0.00350	0.00520	0.02181	0.01011	0.00895
65	0.01340	0.01033	0.01224	0.01200	0.01470	0.00917	0.00891	0.01710	0.02604	0.03458	0.34230	0.12867	0.28578	0.02387	0.01219	0.00340	0.00507	0.02063	0.01045	0.00917
66	0.01938	0.01824	0.03078	0.61468	0.07068	0.02280	0.02850	0.02622	0.02052	0.02622	0.01824	0.02736	0.01368	0.01026	0.01026	0.00342	0.01368	0.00912	0.00456	0.01140
67	0.67045	0.01970	0.01563	0.01379	0.02024	0.02253	0.01136	0.03140	0.01820	0.07939	0.01592	0.01781	0.01200	0.00972	0.00660	0.00318	0.00799	0.00585	0.00675	0.01151
68	0.02058	0.05308	0.58618	0.02925	0.04442	0.02383	0.03792	0.03250	0.02167	0.03250	0.01842	0.02167	0.01300	0.00975	0.00975	0.00325	0.01517	0.00758	0.00433	0.01517
69	0.03833	0.04891	0.02908	0.02644	0.03173	0.59815	0.01983	0.04098	0.02908	0.02512	0.01586	0.01851	0.01322	0.01058	0.00925	0.00264	0.01851	0.00661	0.00529	0.01190
70	0.01437	0.01037	0.01358	0.01302	0.01530	0.00958	0.00967	0.01897	0.02832	0.03999	0.53012	0.11976	0.09458	0.02185	0.01218	0.00330	0.00493	0.01938	0.01116	0.00958
71	0.01452	0.01049	0.01372	0.01291	0.01533	0.00968	0.00968	0.01937	0.02905	0.04115	0.56992	0.07666	0.09683	0.02098	0.01210	0.00323	0.00484	0.01856	0.01130	0.00968
72	0.01250	0.00893	0.01191	0.01429	0.01488	0.00834	0.00953	0.01429	0.01965	0.02620	0.05656	0.63265	0.06787	0.03215	0.01310	0.00417	0.00595	0.02917	0.00953	0.00834
73	0.01429	0.01014	0.01364	0.01579	0.01701	0.00983	0.01194	0.01705	0.02075	0.02736	0.05344	0.37950	0.06161	0.08724	0.01716	0.00492	0.00768	0.21288	0.00919	0.00857
74	0.71184	0.01985	0.01508	0.01350	0.01985	0.02302	0.01111	0.03017	0.01746	0.04604	0.01429	0.01667	0.01111	0.00953	0.00635	0.00318	0.00794	0.00556	0.00635	0.01111
75	0.02434	0.36758	0.12492	0.15974	0.04132	0.03295	0.06336	0.03010	0.02115	0.02649	0.01628	0.02060	0.01345	0.00925	0.00832	0.00273	0.01269	0.00714	0.00448	0.01310
76	0.01381	0.01011	0.01245	0.01241	0.01467	0.00913	0.00904	0.01678	0.02474	0.03313	0.31372	0.15845	0.22567	0.02527	0.01459	0.06172	0.00544	0.02018	0.00995	0.00875
77	0.13370	0.54838	0.04777	0.01693	0.02533	0.03788	0.01656	0.03064	0.02033	0.02754	0.01427	0.01649	0.01285	0.00890	0.00655	0.00235	0.01050	0.00550	0.00469	0.01285
78	0.02291	0.03645	0.33869	0.02339	0.03455	0.01883	0.02669	0.03114	0.02234	0.10450	0.02675	0.11052	0.02282	0.01299	0.00996	0.00309	0.01178	0.01078	0.00646	0.12535
79	0.11191	0.03027	0.10111	0.07166	0.03382	0.10958	0.02065	0.15904	0.06860	0.15631	0.02534	0.02579	0.01785	0.01142	0.00962	0.00313	0.01194	0.00859	0.00833	0.01501
80	0.12666	0.01811	0.02512	0.12191	0.16477	0.02013	0.01962	0.02443	0.02064	0.03122	0.03906	0.09080	0.13952	0.01618	0.01350	0.00351	0.09371	0.01296	0.00645	0.01168

[dist]
# distance from previous block
# <min> <max>
0	3

[block]
# block no. 1 follows, 14 sequences, length 39
# corresponding to MSA columns:
# 102-140
name=unknown_B
#
# <colnr> <probs for GDERKNQSTAVLIFYWHMCP>
#	G	D	E	R	K	N	Q	S	T	A	V	L	I	F	Y	W	H	M	C	P
0	0.08092	0.02510	0.14256	0.01925	0.02831	0.01716	0.01853	0.03566	0.04793	0.20675	0.02886	0.07101	0.02223	0.01191	0.00936	0.00282	0.00951	0.00965	0.00826	0.20420
1	0.02018	0.01693	0.01969	0.01575	0.02269	0.01440	0.01222	0.02800	0.10128	0.03437	0.06662	0.11479	0.03093	0.01299	0.00913	0.00231	0.00725	0.01108	0.00759	0.45179
2	0.02515	0.03606	0.30114	0.02933	0.11287	0.02038	0.02795	0.03345	0.02295	0.11339	0.02174	0.02405	0.01577	0.00962	0.00942	0.00283	0.01212	0.00787	0.00605	0.16787
3	0.60380	0.01947	0.01558	0.01381	0.01999	0.02217	0.01130	0.05950	0.01989	0.04540	0.02356	0.02506	0.06548	0.01128	0.00714	0.00320	0.00788	0.00733	0.00689	0.01126
4	0.01288	0.00920	0.01234	0.01472	0.01548	0.00866	0.01018	0.01494	0.02002	0.02662	0.05635	0.58470	0.06706	0.03180	0.01320	0.00422	0.00628	0.07344	0.00952	0.00844
5	0.02369	0.02268	0.05566	0.07991	0.06591	0.02318	0.06880	0.07512	0.28368	0.03953	0.07633	0.04104	0.07108	0.01389	0.01077	0.00339	0.00988	0.01217	0.00874	0.01455
6	0.02061	0.02354	0.14889	0.09962	0.08631	0.01719	0.06612	0.02554	0.02077	0.06856	0.03002	0.18257	0.02932	0.01932	0.01528	0.10288	0.01115	0.01425	0.00647	0.01158
7	0.01437	0.01048	0.01350	0.01275	0.01524	0.00962	0.00956	0.01907	0.02869	0.04029	0.54006	0.07807	0.12722	0.02130	0.01211	0.00324	0.00486	0.01876	0.01118	0.00962
8	0.03217	0.12030	0.11087	0.02175	0.03098	0.02764	0.02026	0.25025	0.06578	0.09670	0.02388	0.02434	0.01746	0.01094	0.00931	0.00280	0.01088	0.00827	0.00824	0.10718
9	0.02801	0.03834	0.18425	0.02338	0.03194	0.22808	0.02221	0.03366	0.02458	0.06463	0.02255	0.08019	0.01959	0.01198	0.00952	0.00278	0.01362	0.00920	0.00605	0.14544
10	0.03751	0.10990	0.06937	0.01931	0.02742	0.02042	0.01737	0.04189	0.02584	0.37099	0.03110	0.02915	0.02093	0.01184	0.01121	0.00298	0.05438	0.00894	0.00969	0.07974
11	0.02345	0.04071	0.39667	0.02639	0.03850	0.02082	0.06295	0.03309	0.02390	0.10862	0.09790	0.03147	0.02646	0.01164	0.01030	0.00325	0.01300	0.00977	0.00649	0.01464
12	0.01213	0.01040	0.01040	0.01040	0.01386	0.00866	0.00780	0.01473	0.02339	0.02772	0.10396	0.09876	0.57117	0.02599	0.01213	0.00347	0.00520	0.02166	0.00953	0.00866
13	0.02067	0.01949	0.03204	0.30920	0.26025	0.02134	0.02662	0.02659	0.02206	0.02931	0.03129	0.03712	0.09688	0.01214	0.01050	0.00328	0.01185	0.01098	0.00550	0.01290
14	0.02089	0.02996	0.19489	0.31838	0.05737	0.02376	0.10494	0.03109	0.06080	0.03023	0.02039	0.02657	0.01506	0.01015	0.01040	0.00338	0.01423	0.00930	0.00502	0.01320
15	0.03440	0.01809	0.06153	0.01785	0.02479	0.01420	0.01575	0.03883	0.02701	0.37238	0.05132	0.05599	0.11928	0.01690	0.01113	0.00345	0.00872	0.08259	0.01111	0.01470
16	0.02034	0.02051	0.03891	0.16433	0.12179	0.02061	0.22017	0.02655	0.02240	0.02993	0.03252	0.14076	0.06544	0.01455	0.01160	0.00352	0.01286	0.01478	0.00613	0.01228
17	0.02221	0.11666	0.15896	0.27035	0.17785	0.02594	0.02972	0.02949	0.02149	0.02903	0.01796	0.02409	0.01407	0.00967	0.00960	0.00312	0.01327	0.00827	0.00461	0.01363
18	0.21482	0.07862	0.02447	0.01697	0.02458	0.01958	0.01430	0.04307	0.02550	0.39120	0.03125	0.02847	0.02056	0.01151	0.00894	0.00308	0.00875	0.00863	0.01027	0.01542
19	0.02206	0.18100	0.47122	0.02673	0.04051	0.02745	0.03352	0.03212	0.02149	0.03070	0.01752	0.02054	0.01304	0.00954	0.00907	0.00302	0.01426	0.00713	0.00435	0.01474
20	0.02380	0.02191	0.03653	0.16447	0.31548	0.02292	0.06638	0.06549	0.02467	0.03382	0.02457	0.03878	0.02186	0.01229	0.01091	0.00340	0.01243	0.08013	0.00598	0.01420
21	0.02463	0.04558	0.46226	0.02703	0.04044	0.02270	0.03297	0.03670	0.06343	0.11265	0.02337	0.02484	0.01618	0.01049	0.00988	0.00326	0.01370	0.00828	0.00600	0.01558
22	0.03284	0.01967	0.07666	0.02096	0.02795	0.01538	0.06663	0.03763	0.02583	0.32894	0.04070	0.15601	0.03410	0.01700	0.01127	0.00352	0.00966	0.05038	0.01034	0.01452
23	0.02954	0.20578	0.24274	0.02437	0.03451	0.18217	0.02553	0.03594	0.02416	0.07932	0.01868	0.02067	0.01425	0.00999	0.00883	0.00280	0.01436	0.00702	0.00538	0.01397
24	0.02703	0.02192	0.03647	0.18591	0.37590	0.02264	0.02837	0.03299	0.02358	0.11274	0.02218	0.02726	0.01700	0.00993	0.01021	0.00315	0.01203	0.00931	0.00608	0.01529
25	0.01483	0.01071	0.01422	0.01619	0.01797	0.01037	0.01292	0.01816	0.02182	0.02833	0.05816	0.25978	0.10939	0.07372	0.01644	0.00482	0.00807	0.28605	0.00924	0.00882
26	0.02442	0.02354	0.03919	0.10904	0.45045	0.02524	0.02993	0.03004	0.02201	0.03159	0.01837	0.02516	0.01562	0.01050	0.01352	0.00329	0.09893	0.00912	0.00495	0.01509
27	0.49369	0.02147	0.02069	0.02017	0.07569	0.02392	0.01466	0.11001	0.02362	0.08711	0.01828	0.02007	0.01363	0.01015	0.00761	0.00315	0.00892	0.00682	0.00729	0.01305
28	0.02359	0.11436	0.06711	0.02006	0.02625	0.02518	0.01706	0.04369	0.36234	0.03702	0.03812	0.11846	0.03252	0.01546	0.01020	0.00337	0.00875	0.01291	0.00897	0.01459
29	0.01353	0.01051	0.01229	0.01327	0.01577	0.00953	0.01024	0.01639	0.02230	0.02774	0.07880	0.18277	0.32338	0.06956	0.01556	0.00435	0.00675	0.14932	0.00928	0.00865
30	0.02183	0.01611	0.02554	0.30814	0.09734	0.01780	0.02155	0.02677	0.02181	0.10609	0.03226	0.19809	0.03080	0.01664	0.01106	0.00356	0.01066	0.01492	0.00716	0.01187
31	0.03469	0.02016	0.03139	0.11503	0.15553	0.01974	0.05912	0.04160	0.06254	0.30502	0.03129	0.03145	0.02140	0.01136	0.01042	0.00322	0.01079	0.01011	0.00916	0.01598
32	0.02208	0.02261	0.03054	0.53095	0.06513	0.10470	0.02727	0.02832	0.02174	0.02606	0.01790	0.02610	0.01361	0.01030	0.01012	0.00331	0.01437	0.00876	0.00466	0.01147
33	0.01552	0.01090	0.01443	0.01615	0.01762	0.01081	0.01274	0.01855	0.02069	0.02713	0.04868	0.17613	0.05441	0.19486	0.02436	0.00606	0.00909	0.30489	0.00858	0.00841
34	0.02744	0.64552	0.05378	0.01756	0.02634	0.04061	0.01756	0.03073	0.02085	0.02414	0.01427	0.01646	0.01317	0.00878	0.00658	0.00219	0.01097	0.00549	0.00439	0.01317
35	0.01515	0.01021	0.01195	0.01229	0.01263	0.01021	0.00769	0.01583	0.01616	0.02144	0.03547	0.07407	0.04040	0.55237	0.04681	0.00921	0.00988	0.08486	0.00668	0.00668
36	0.01250	0.00893	0.01191	0.01429	0.01488	0.00834	0.00953	0.01429	0.01965	0.02620	0.05656	0.63265	0.06787	0.03215	0.01310	0.00417	0.00595	0.02917	0.00953	0.00834
37	0.02235	0.32054	0.21688	0.02095	0.03019	0.02863	0.02291	0.02831	0.02113	0.02758	0.02437	0.11265	0.02404	0.01376	0.00905	0.00299	0.01151	0.04383	0.00545	0.01287
38	0.01972	0.22607	0.14990	0.01871	0.02523	0.02267	0.01860	0.02428	0.02039	0.02670	0.03201	0.19766	0.03445	0.07788	0.01413	0.00394	0.01029	0.05969	0.00641	0.01128

[dist]
# distance from previous block
# <min> <max>
0	1

# created by:
# /st0/software/busco_prod/Augustus/scripts/msa2prfl.pl ./align_prep/8539.fa
