[name]
unknown

[dist]
# distance from previous block
# <min> <max>
0	24

[block]
# block no. 0 follows, 12 sequences, length 13
# corresponding to MSA columns:
# 24-36
name=unknown_A
#
# <colnr> <probs for GDERKNQSTAVLIFYWHMCP>
#	G	D	E	R	K	N	Q	S	T	A	V	L	I	F	Y	W	H	M	C	P
0	0.02076	0.01933	0.01811	0.01753	0.02085	0.10977	0.01269	0.02335	0.02250	0.02839	0.03995	0.25156	0.04458	0.12727	0.01951	0.00474	0.01011	0.06278	0.00800	0.13819
1	0.02149	0.07212	0.01900	0.01398	0.01875	0.01401	0.01120	0.02522	0.02733	0.12554	0.20581	0.07816	0.28280	0.02192	0.01197	0.00343	0.00668	0.01833	0.01069	0.01161
2	0.03727	0.04574	0.02931	0.02581	0.03220	0.46628	0.01951	0.04046	0.02931	0.02838	0.01734	0.02023	0.01445	0.01063	0.00950	0.00258	0.01745	0.00691	0.00578	0.14087
3	0.02526	0.01930	0.02288	0.01648	0.02604	0.01468	0.01323	0.03004	0.02347	0.08792	0.02176	0.02407	0.01724	0.00862	0.00837	0.00179	0.00820	0.00691	0.00717	0.61658
4	0.03440	0.09015	0.06886	0.02187	0.02879	0.13643	0.01841	0.12162	0.06933	0.13625	0.02874	0.03490	0.02328	0.11845	0.01812	0.00443	0.01281	0.01019	0.00848	0.01450
5	0.02592	0.02134	0.02439	0.01772	0.02724	0.01792	0.01429	0.11270	0.02765	0.04136	0.02057	0.02324	0.01657	0.00896	0.00857	0.00191	0.00876	0.00705	0.00724	0.56659
6	0.01757	0.01576	0.02584	0.02472	0.07557	0.01462	0.10743	0.02250	0.02617	0.03520	0.20889	0.16439	0.17336	0.02186	0.01285	0.00369	0.00873	0.02017	0.00936	0.01131
7	0.01663	0.01271	0.01586	0.01400	0.01801	0.01102	0.01065	0.02155	0.02887	0.04116	0.41273	0.07184	0.11714	0.01995	0.01195	0.00310	0.00573	0.01741	0.01081	0.13889
8	0.02361	0.02403	0.02658	0.05311	0.02800	0.11993	0.01934	0.02711	0.02231	0.02958	0.11867	0.03768	0.03345	0.02873	0.11853	0.00632	0.25373	0.01142	0.00649	0.01137
9	0.03033	0.03198	0.13890	0.02404	0.03083	0.11808	0.02240	0.03592	0.02658	0.14995	0.12704	0.03731	0.03454	0.01525	0.01576	0.00357	0.12405	0.01112	0.00827	0.01409
10	0.07622	0.02187	0.03141	0.29011	0.14865	0.02536	0.02589	0.03748	0.16077	0.03584	0.02610	0.03096	0.01997	0.01168	0.01061	0.00356	0.01214	0.01012	0.00681	0.01448
11	0.02843	0.02854	0.04176	0.23812	0.11716	0.12118	0.15695	0.03511	0.02554	0.07033	0.02158	0.02786	0.01626	0.01055	0.01123	0.00343	0.01588	0.01018	0.00588	0.01402
12	0.03388	0.03065	0.08229	0.11145	0.03872	0.12092	0.02271	0.08265	0.12470	0.15472	0.02930	0.03025	0.02110	0.01299	0.01245	0.00347	0.05373	0.00985	0.00861	0.01557

[dist]
# distance from previous block
# <min> <max>
4	28

[block]
# block no. 1 follows, 12 sequences, length 84
# corresponding to MSA columns:
# 67-117,125-157
name=unknown_B
#
# <colnr> <probs for GDERKNQSTAVLIFYWHMCP>
#	G	D	E	R	K	N	Q	S	T	A	V	L	I	F	Y	W	H	M	C	P
0	0.08084	0.06831	0.07066	0.12555	0.03806	0.02694	0.02118	0.15330	0.13497	0.04413	0.02846	0.06812	0.02320	0.01345	0.01032	0.00335	0.01112	0.01082	0.00823	0.05900
1	0.12344	0.12183	0.03138	0.07422	0.03316	0.22669	0.01907	0.09146	0.02870	0.07010	0.02282	0.06800	0.01971	0.01293	0.00961	0.00311	0.01387	0.00940	0.00705	0.01346
2	0.03348	0.04044	0.30489	0.02652	0.03900	0.02414	0.02951	0.12805	0.03064	0.19518	0.02772	0.02777	0.01858	0.01179	0.01064	0.00340	0.01333	0.00924	0.00839	0.01728
3	0.11626	0.12031	0.12707	0.06630	0.03218	0.02444	0.02055	0.06577	0.06482	0.07732	0.03542	0.10685	0.06889	0.01551	0.01020	0.00343	0.01068	0.01244	0.00775	0.01381
4	0.27868	0.13155	0.06221	0.01708	0.02334	0.02387	0.01506	0.03000	0.06140	0.03850	0.06402	0.15033	0.03322	0.01633	0.00935	0.00344	0.00891	0.01286	0.00764	0.01222
5	0.02242	0.01967	0.03039	0.45165	0.06296	0.02368	0.02673	0.08858	0.02548	0.03310	0.02495	0.09568	0.02169	0.01387	0.01125	0.00368	0.01326	0.01216	0.00623	0.01256
6	0.02550	0.33924	0.30929	0.02488	0.03761	0.03421	0.02950	0.03359	0.02259	0.03010	0.01737	0.02026	0.01390	0.00984	0.00868	0.00289	0.01389	0.00695	0.00463	0.01506
7	0.02715	0.01946	0.02490	0.02288	0.08586	0.01647	0.01588	0.03354	0.05742	0.12443	0.02847	0.07422	0.02378	0.01174	0.00955	0.00247	0.00874	0.00997	0.00814	0.39495
8	0.01369	0.01102	0.01186	0.01168	0.01479	0.00955	0.00855	0.01669	0.02528	0.03166	0.19335	0.09699	0.40663	0.08027	0.01677	0.00426	0.00590	0.02168	0.01019	0.00919
9	0.02915	0.62337	0.05714	0.01866	0.02799	0.04314	0.01866	0.03265	0.02215	0.02565	0.01516	0.01749	0.01399	0.00933	0.00700	0.00233	0.01166	0.00583	0.00466	0.01399
10	0.09816	0.02231	0.02556	0.02011	0.02821	0.06297	0.01644	0.08341	0.03162	0.43915	0.03753	0.03341	0.02416	0.01302	0.01054	0.00332	0.01024	0.01017	0.01215	0.01755
11	0.01765	0.01645	0.01795	0.11698	0.02808	0.07672	0.01454	0.02078	0.02303	0.02804	0.05848	0.33397	0.15405	0.02606	0.01270	0.00395	0.00914	0.02281	0.00867	0.00994
12	0.02187	0.05640	0.56031	0.03108	0.04719	0.02532	0.04029	0.03453	0.02302	0.03453	0.01957	0.02302	0.01381	0.01036	0.01036	0.00345	0.01611	0.00806	0.00460	0.01611
13	0.01409	0.01109	0.01272	0.01231	0.01547	0.00972	0.00923	0.01798	0.02770	0.03622	0.31545	0.09380	0.33516	0.02509	0.01287	0.00356	0.00534	0.02145	0.01101	0.00972
14	0.01583	0.01066	0.01235	0.01235	0.01250	0.01082	0.00717	0.01615	0.01599	0.02148	0.03394	0.06905	0.03864	0.57357	0.09737	0.01113	0.01208	0.01552	0.00654	0.00686
15	0.02477	0.20807	0.30440	0.02534	0.03710	0.02956	0.02912	0.07250	0.02446	0.03374	0.02012	0.02427	0.01599	0.01946	0.08173	0.00493	0.01619	0.00804	0.00531	0.01490
16	0.02385	0.02385	0.03340	0.02863	0.02863	0.03340	0.02385	0.02624	0.01670	0.02624	0.01431	0.02385	0.01431	0.01908	0.03578	0.00477	0.59685	0.00954	0.00477	0.01193
17	0.01359	0.01084	0.01217	0.01233	0.01528	0.00943	0.00906	0.01682	0.02578	0.03280	0.21178	0.17355	0.36365	0.02724	0.01303	0.00373	0.00555	0.02336	0.01060	0.00943
18	0.02269	0.02152	0.03650	0.41869	0.23060	0.02478	0.03133	0.02970	0.02280	0.03041	0.01975	0.02839	0.01543	0.01051	0.01087	0.00350	0.01402	0.00970	0.00503	0.01381
19	0.03064	0.55005	0.05377	0.01987	0.02872	0.11114	0.01897	0.03405	0.02328	0.02579	0.01538	0.01777	0.01400	0.00957	0.00736	0.00239	0.01269	0.00598	0.00479	0.01382
20	0.01289	0.01105	0.01105	0.01105	0.01473	0.00920	0.00828	0.01565	0.02485	0.02946	0.11046	0.10493	0.54437	0.02761	0.01289	0.00368	0.00552	0.02301	0.01013	0.00920
21	0.03672	0.04114	0.03082	0.02959	0.07417	0.34716	0.02120	0.09997	0.14177	0.03640	0.02425	0.02561	0.01903	0.01211	0.01031	0.00309	0.01582	0.00872	0.00741	0.01471
22	0.02915	0.62337	0.05714	0.01866	0.02799	0.04314	0.01866	0.03265	0.02215	0.02565	0.01516	0.01749	0.01399	0.00933	0.00700	0.00233	0.01166	0.00583	0.00466	0.01399
23	0.02261	0.01938	0.02261	0.01615	0.02584	0.01453	0.01292	0.02745	0.02261	0.03553	0.01938	0.02261	0.01615	0.00807	0.00807	0.00161	0.00807	0.00646	0.00646	0.68346
24	0.02187	0.05640	0.56031	0.03108	0.04719	0.02532	0.04029	0.03453	0.02302	0.03453	0.01957	0.02302	0.01381	0.01036	0.01036	0.00345	0.01611	0.00806	0.00460	0.01611
25	0.02385	0.02385	0.03340	0.02863	0.02863	0.03340	0.02385	0.02624	0.01670	0.02624	0.01431	0.02385	0.01431	0.01908	0.03578	0.00477	0.59685	0.00954	0.00477	0.01193
26	0.02261	0.01938	0.02261	0.01615	0.02584	0.01453	0.01292	0.02745	0.02261	0.03553	0.01938	0.02261	0.01615	0.00807	0.00807	0.00161	0.00807	0.00646	0.00646	0.68346
27	0.01636	0.01266	0.01832	0.01789	0.01943	0.01508	0.01375	0.01967	0.01726	0.02492	0.02844	0.04439	0.02751	0.13778	0.46476	0.01556	0.07885	0.01197	0.00583	0.00957
28	0.03543	0.02755	0.02933	0.02387	0.03152	0.03100	0.01927	0.32140	0.25210	0.05901	0.03383	0.03227	0.02474	0.01381	0.01099	0.00345	0.01058	0.01087	0.01099	0.01800
29	0.01328	0.00949	0.01265	0.01518	0.01581	0.00886	0.01012	0.01518	0.02088	0.02783	0.06010	0.60969	0.07212	0.03416	0.01392	0.00443	0.00633	0.03100	0.01012	0.00886
30	0.02187	0.05640	0.56031	0.03108	0.04719	0.02532	0.04029	0.03453	0.02302	0.03453	0.01957	0.02302	0.01381	0.01036	0.01036	0.00345	0.01611	0.00806	0.00460	0.01611
31	0.02744	0.02763	0.05827	0.08675	0.05576	0.02625	0.42619	0.03603	0.02592	0.08194	0.02376	0.03009	0.01734	0.00972	0.01254	0.00365	0.01725	0.01244	0.00619	0.01485
32	0.01328	0.00949	0.01265	0.01518	0.01581	0.00886	0.01012	0.01518	0.02088	0.02783	0.06010	0.60969	0.07212	0.03416	0.01392	0.00443	0.00633	0.03100	0.01012	0.00886
33	0.09720	0.11588	0.03264	0.08978	0.03610	0.34456	0.02055	0.04010	0.02763	0.07352	0.01899	0.02177	0.01499	0.01104	0.00941	0.00294	0.01614	0.00741	0.00618	0.01318
34	0.01511	0.01113	0.01412	0.01337	0.01609	0.01015	0.01003	0.01994	0.03009	0.04189	0.48753	0.08446	0.15953	0.02297	0.01286	0.00346	0.00519	0.02014	0.01176	0.01015
35	0.01526	0.01102	0.01442	0.01383	0.01625	0.01018	0.01028	0.02015	0.03008	0.04248	0.50527	0.12275	0.10047	0.02322	0.01294	0.00351	0.00524	0.02060	0.01186	0.01018
36	0.08977	0.07626	0.03200	0.07508	0.03530	0.09342	0.02019	0.27424	0.07398	0.08741	0.02521	0.02613	0.01840	0.01230	0.01016	0.00322	0.01238	0.00912	0.00912	0.01629
37	0.02631	0.04322	0.38611	0.02658	0.03946	0.02158	0.03171	0.03636	0.02562	0.13732	0.09130	0.03326	0.02781	0.01250	0.01080	0.00343	0.01338	0.01012	0.00728	0.01584
38	0.09013	0.08060	0.28955	0.03050	0.09721	0.02573	0.03000	0.07494	0.02631	0.12105	0.02323	0.02510	0.01651	0.01091	0.00999	0.00332	0.01333	0.00850	0.00681	0.01629
39	0.03008	0.08127	0.03361	0.02569	0.03104	0.14018	0.08535	0.03420	0.02474	0.11282	0.02847	0.07495	0.02540	0.02331	0.07962	0.00522	0.10047	0.04314	0.00730	0.01311
40	0.01333	0.01088	0.01178	0.01194	0.01510	0.00933	0.00881	0.01636	0.02533	0.03149	0.17203	0.15951	0.42111	0.02754	0.01300	0.00373	0.00556	0.02342	0.01042	0.00933
41	0.02532	0.16094	0.19335	0.10015	0.08244	0.02687	0.02697	0.03210	0.02291	0.07814	0.02514	0.09195	0.02220	0.01376	0.01187	0.00341	0.05102	0.01093	0.00617	0.01435
42	0.01565	0.01106	0.01399	0.01326	0.01590	0.01021	0.00994	0.02063	0.02983	0.04252	0.47374	0.07979	0.12656	0.02189	0.01245	0.00338	0.00516	0.01918	0.06468	0.01021
43	0.02927	0.43009	0.09384	0.02173	0.03036	0.03931	0.02139	0.08734	0.02489	0.03145	0.01669	0.01978	0.01454	0.01110	0.01143	0.00285	0.08717	0.00695	0.00539	0.01443
44	0.03048	0.47837	0.05252	0.02505	0.08881	0.03996	0.02063	0.09431	0.02620	0.03233	0.01719	0.01970	0.01495	0.00986	0.00794	0.00256	0.01185	0.00679	0.00555	0.01495
45	0.02854	0.02992	0.18301	0.02391	0.03313	0.02044	0.05642	0.08020	0.06357	0.15526	0.16281	0.04317	0.04171	0.01460	0.01141	0.00344	0.01105	0.01250	0.00955	0.01534
46	0.02609	0.01952	0.03284	0.23150	0.09419	0.02021	0.09544	0.03199	0.02482	0.13524	0.03855	0.08840	0.08356	0.01495	0.01168	0.00362	0.01219	0.01376	0.00778	0.01365
47	0.36328	0.02701	0.02570	0.02137	0.02786	0.11764	0.07736	0.07315	0.02404	0.04180	0.01949	0.02645	0.01658	0.08043	0.01403	0.00414	0.01217	0.00847	0.00673	0.01229
48	0.02264	0.01976	0.02883	0.38573	0.05667	0.02368	0.02453	0.06997	0.09920	0.03295	0.02559	0.03600	0.02088	0.08941	0.01665	0.00450	0.01294	0.01089	0.00649	0.01269
49	0.01481	0.01112	0.01371	0.01307	0.01591	0.01002	0.00980	0.01938	0.02940	0.04025	0.43763	0.08717	0.21046	0.02359	0.01287	0.00349	0.00524	0.02052	0.01155	0.01002
50	0.02764	0.02548	0.04161	0.21079	0.13535	0.02749	0.14447	0.13068	0.07210	0.04058	0.02370	0.02921	0.01786	0.01106	0.01138	0.00351	0.01420	0.01072	0.00685	0.01531
51	0.01543	0.01115	0.01457	0.01372	0.01629	0.01029	0.01029	0.02058	0.03086	0.04372	0.54304	0.08145	0.10288	0.02229	0.01286	0.00343	0.00514	0.01972	0.01200	0.01029
52	0.02285	0.02828	0.12853	0.07004	0.04233	0.02364	0.19333	0.03529	0.12186	0.03406	0.02778	0.03578	0.02255	0.07132	0.08751	0.00600	0.01654	0.01182	0.00654	0.01394
53	0.01586	0.01057	0.01189	0.01189	0.01189	0.01057	0.00661	0.01586	0.01586	0.02114	0.03436	0.07135	0.03964	0.61681	0.05550	0.01057	0.01057	0.01586	0.00661	0.00661
54	0.02877	0.02424	0.02559	0.02252	0.02898	0.02789	0.01766	0.11037	0.47397	0.04828	0.04228	0.03901	0.03158	0.01460	0.01107	0.00365	0.00902	0.01204	0.01107	0.01741
55	0.02261	0.01938	0.02261	0.01615	0.02584	0.01453	0.01292	0.02745	0.02261	0.03553	0.01938	0.02261	0.01615	0.00807	0.00807	0.00161	0.00807	0.00646	0.00646	0.68346
56	0.02712	0.02342	0.02465	0.02219	0.02835	0.02712	0.01726	0.05794	0.52909	0.04561	0.04438	0.04068	0.03328	0.01479	0.01109	0.00370	0.00863	0.01233	0.01109	0.01726
57	0.01543	0.01115	0.01457	0.01372	0.01629	0.01029	0.01029	0.02058	0.03086	0.04372	0.54304	0.08145	0.10288	0.02229	0.01286	0.00343	0.00514	0.01972	0.01200	0.01029
58	0.02768	0.03087	0.19241	0.02150	0.03296	0.01823	0.02216	0.03486	0.02447	0.14016	0.02420	0.02566	0.01760	0.00989	0.00938	0.00255	0.01085	0.00787	0.00729	0.33941
59	0.02385	0.02385	0.03340	0.02863	0.02863	0.03340	0.02385	0.02624	0.01670	0.02624	0.01431	0.02385	0.01431	0.01908	0.03578	0.00477	0.59685	0.00954	0.00477	0.01193
60	0.02033	0.01016	0.01016	0.01016	0.01270	0.01016	0.00762	0.02541	0.02287	0.04065	0.03557	0.04065	0.02795	0.01270	0.00762	0.00254	0.00508	0.01016	0.67734	0.01016
61	0.04145	0.03054	0.03272	0.02509	0.03381	0.03381	0.02072	0.51243	0.05127	0.06872	0.02618	0.02618	0.01854	0.01309	0.01091	0.00327	0.01200	0.00982	0.01091	0.01854
62	0.01757	0.01255	0.01757	0.02008	0.02259	0.01255	0.01757	0.02259	0.02510	0.03263	0.05773	0.12299	0.06275	0.03012	0.01506	0.00502	0.01004	0.47540	0.01004	0.01004
63	0.04892	0.01856	0.02530	0.01940	0.02783	0.01603	0.01603	0.05314	0.03121	0.55634	0.04302	0.03711	0.02699	0.01350	0.01096	0.00337	0.00928	0.01096	0.01350	0.01856
64	0.02712	0.02342	0.02465	0.02219	0.02835	0.02712	0.01726	0.05794	0.52909	0.04561	0.04438	0.04068	0.03328	0.01479	0.01109	0.00370	0.00863	0.01233	0.01109	0.01726
65	0.01328	0.00949	0.01265	0.01518	0.01581	0.00886	0.01012	0.01518	0.02088	0.02783	0.06010	0.60969	0.07212	0.03416	0.01392	0.00443	0.00633	0.03100	0.01012	0.00886
66	0.01289	0.01105	0.01105	0.01105	0.01473	0.00920	0.00828	0.01565	0.02485	0.02946	0.11046	0.10493	0.54437	0.02761	0.01289	0.00368	0.00552	0.02301	0.01013	0.00920
67	0.69383	0.02109	0.01603	0.01434	0.02109	0.02446	0.01181	0.03205	0.01856	0.04892	0.01518	0.01771	0.01181	0.01012	0.00675	0.00337	0.00843	0.00590	0.00675	0.01181
68	0.01328	0.00949	0.01265	0.01518	0.01581	0.00886	0.01012	0.01518	0.02088	0.02783	0.06010	0.60969	0.07212	0.03416	0.01392	0.00443	0.00633	0.03100	0.01012	0.00886
69	0.03608	0.02290	0.02501	0.01989	0.02672	0.02444	0.01620	0.30757	0.04018	0.12288	0.03115	0.03192	0.02244	0.01303	0.00993	0.00307	0.00958	0.01007	0.21092	0.01603
70	0.01297	0.01073	0.01137	0.01188	0.01495	0.00913	0.00865	0.01555	0.02405	0.02913	0.10031	0.20664	0.44921	0.02893	0.01309	0.00383	0.00568	0.02462	0.01012	0.00913
71	0.02059	0.01938	0.03270	0.59060	0.07510	0.02422	0.03028	0.02786	0.02180	0.02786	0.01938	0.02907	0.01453	0.01090	0.01090	0.00363	0.01453	0.00969	0.00484	0.01211
72	0.01609	0.01220	0.01690	0.08774	0.02384	0.01208	0.01285	0.02151	0.02970	0.04169	0.47584	0.07473	0.09154	0.02083	0.01261	0.00346	0.00635	0.01843	0.01108	0.01052
73	0.02640	0.02531	0.04320	0.11471	0.50557	0.02575	0.03317	0.03295	0.02455	0.03491	0.02041	0.02718	0.01702	0.00982	0.01080	0.00327	0.01310	0.00971	0.00535	0.01680
74	0.01328	0.00949	0.01265	0.01518	0.01581	0.00886	0.01012	0.01518	0.02088	0.02783	0.06010	0.60969	0.07212	0.03416	0.01392	0.00443	0.00633	0.03100	0.01012	0.00886
75	0.01563	0.01230	0.01981	0.01948	0.02156	0.01161	0.07475	0.01828	0.02140	0.02854	0.05218	0.45439	0.06053	0.03087	0.01585	0.05106	0.00840	0.06478	0.00915	0.00942
76	0.02076	0.02413	0.10040	0.51880	0.07152	0.02437	0.03156	0.02871	0.02196	0.02871	0.01940	0.02829	0.01444	0.01083	0.01083	0.00361	0.01474	0.00948	0.00481	0.01263
77	0.03345	0.02179	0.02464	0.02028	0.02684	0.02315	0.01627	0.19822	0.15662	0.14781	0.11991	0.04197	0.03834	0.01507	0.01103	0.00336	0.00901	0.01230	0.06373	0.01622
78	0.01328	0.00949	0.01265	0.01518	0.01581	0.00886	0.01012	0.01518	0.02088	0.02783	0.06010	0.60969	0.07212	0.03416	0.01392	0.00443	0.00633	0.03100	0.01012	0.00886
79	0.02599	0.01927	0.02296	0.01657	0.02610	0.01473	0.01332	0.03075	0.02371	0.10236	0.02241	0.02447	0.01754	0.00877	0.00845	0.00184	0.00823	0.00704	0.00736	0.59814
80	0.10925	0.02079	0.02681	0.18545	0.08395	0.02154	0.02017	0.03352	0.10258	0.03667	0.02291	0.02707	0.01795	0.01035	0.00942	0.00289	0.01047	0.00852	0.00668	0.24301
81	0.02056	0.01832	0.03010	0.52364	0.06790	0.02260	0.02767	0.02758	0.02193	0.02933	0.02125	0.03041	0.01608	0.01111	0.01052	0.00351	0.01344	0.00974	0.08243	0.01189
82	0.01586	0.01057	0.01189	0.01189	0.01189	0.01057	0.00661	0.01586	0.01586	0.02114	0.03436	0.07135	0.03964	0.61681	0.05550	0.01057	0.01057	0.01586	0.00661	0.00661
83	0.02699	0.02591	0.04426	0.06693	0.54879	0.02591	0.03346	0.03346	0.02483	0.03562	0.02051	0.02699	0.01727	0.00972	0.01079	0.00324	0.01295	0.00972	0.00540	0.01727

[dist]
# distance from previous block
# <min> <max>
0	5

[block]
# block no. 2 follows, 12 sequences, length 40
# corresponding to MSA columns:
# 163-202
name=unknown_C
#
# <colnr> <probs for GDERKNQSTAVLIFYWHMCP>
#	G	D	E	R	K	N	Q	S	T	A	V	L	I	F	Y	W	H	M	C	P
0	0.01935	0.01282	0.01587	0.01488	0.01831	0.01209	0.01121	0.02600	0.07410	0.09326	0.32515	0.14084	0.14789	0.02290	0.01264	0.00361	0.00609	0.01998	0.01158	0.01145
1	0.02849	0.57185	0.10286	0.01979	0.02973	0.04152	0.02062	0.03282	0.02223	0.02646	0.01556	0.01799	0.01398	0.00942	0.00730	0.00243	0.01207	0.00603	0.00466	0.01419
2	0.01378	0.01108	0.01228	0.01198	0.01527	0.00958	0.00899	0.01737	0.02696	0.03445	0.26174	0.09672	0.38997	0.02575	0.01288	0.00359	0.00539	0.02186	0.01078	0.00958
3	0.01958	0.01769	0.03036	0.03497	0.17826	0.01702	0.09596	0.02445	0.02428	0.03359	0.11413	0.26910	0.05184	0.02130	0.01268	0.00381	0.01000	0.02023	0.00829	0.01246
4	0.01404	0.01038	0.01312	0.01395	0.01582	0.00946	0.00989	0.01732	0.02534	0.03417	0.25287	0.32547	0.16092	0.02856	0.01334	0.00392	0.00574	0.02538	0.01084	0.00946
5	0.03774	0.02329	0.02803	0.09089	0.03468	0.02476	0.01896	0.23853	0.07375	0.20233	0.03243	0.03495	0.02356	0.06793	0.01499	0.00404	0.01112	0.01088	0.01056	0.01658
6	0.02303	0.02000	0.02468	0.02101	0.07589	0.01562	0.01489	0.02803	0.02282	0.03554	0.01949	0.02303	0.01626	0.00823	0.00834	0.00177	0.00854	0.00677	0.00636	0.61971
7	0.69383	0.02109	0.01603	0.01434	0.02109	0.02446	0.01181	0.03205	0.01856	0.04892	0.01518	0.01771	0.01181	0.01012	0.00675	0.00337	0.00843	0.00590	0.00675	0.01181
8	0.03596	0.02708	0.02955	0.02369	0.03117	0.03026	0.01929	0.37822	0.12511	0.05966	0.02952	0.03057	0.02201	0.02174	0.07950	0.00508	0.01355	0.01045	0.01032	0.01726
9	0.02385	0.02385	0.03340	0.02863	0.02863	0.03340	0.02385	0.02624	0.01670	0.02624	0.01431	0.02385	0.01431	0.01908	0.03578	0.00477	0.59685	0.00954	0.00477	0.01193
10	0.03982	0.06522	0.02959	0.02143	0.02936	0.02564	0.01775	0.23742	0.08070	0.23351	0.07657	0.03532	0.02957	0.01389	0.01084	0.00329	0.01015	0.01099	0.01149	0.01743
11	0.04145	0.03054	0.03272	0.02509	0.03381	0.03381	0.02072	0.51243	0.05127	0.06872	0.02618	0.02618	0.01854	0.01309	0.01091	0.00327	0.01200	0.00982	0.01091	0.01854
12	0.02211	0.05243	0.49611	0.03078	0.04493	0.02631	0.03828	0.03352	0.02225	0.03352	0.01893	0.02312	0.01387	0.01142	0.01346	0.00361	0.08687	0.00824	0.00462	0.01560
13	0.04086	0.02494	0.09334	0.07042	0.07835	0.02025	0.02200	0.08896	0.03075	0.36288	0.03487	0.03291	0.02282	0.01255	0.01087	0.00338	0.01108	0.01030	0.01081	0.01764
14	0.04670	0.01959	0.02904	0.02194	0.03062	0.01713	0.06322	0.05139	0.03068	0.50644	0.04101	0.03638	0.02599	0.01308	0.01115	0.00340	0.01015	0.01115	0.01273	0.01819
15	0.01543	0.01115	0.01457	0.01372	0.01629	0.01029	0.01029	0.02058	0.03086	0.04372	0.54304	0.08145	0.10288	0.02229	0.01286	0.00343	0.00514	0.01972	0.01200	0.01029
16	0.03907	0.04849	0.03014	0.02737	0.03306	0.50652	0.02060	0.04529	0.09160	0.02899	0.02021	0.02222	0.01639	0.01167	0.00999	0.00292	0.01832	0.00767	0.00629	0.01320
17	0.02699	0.02591	0.04426	0.06693	0.54879	0.02591	0.03346	0.03346	0.02483	0.03562	0.02051	0.02699	0.01727	0.00972	0.01079	0.00324	0.01295	0.00972	0.00540	0.01727
18	0.02574	0.02941	0.06434	0.04596	0.05699	0.02757	0.50919	0.03493	0.02574	0.03493	0.02206	0.02941	0.01654	0.00919	0.01287	0.00368	0.01838	0.01287	0.00551	0.01471
19	0.01324	0.00968	0.01246	0.01468	0.01568	0.00890	0.00990	0.01524	0.02136	0.02803	0.06623	0.54819	0.12965	0.03336	0.01379	0.00434	0.00623	0.03002	0.01012	0.00890
20	0.13351	0.03812	0.03201	0.02654	0.03375	0.27890	0.06603	0.15045	0.03338	0.07690	0.02108	0.02303	0.01590	0.01147	0.01001	0.00312	0.01544	0.00834	0.00754	0.01450
21	0.02915	0.62337	0.05714	0.01866	0.02799	0.04314	0.01866	0.03265	0.02215	0.02565	0.01516	0.01749	0.01399	0.00933	0.00700	0.00233	0.01166	0.00583	0.00466	0.01399
22	0.02699	0.02591	0.04426	0.06693	0.54879	0.02591	0.03346	0.03346	0.02483	0.03562	0.02051	0.02699	0.01727	0.00972	0.01079	0.00324	0.01295	0.00972	0.00540	0.01727
23	0.02187	0.05640	0.56031	0.03108	0.04719	0.02532	0.04029	0.03453	0.02302	0.03453	0.01957	0.02302	0.01381	0.01036	0.01036	0.00345	0.01611	0.00806	0.00460	0.01611
24	0.02059	0.01938	0.03270	0.59060	0.07510	0.02422	0.03028	0.02786	0.02180	0.02786	0.01938	0.02907	0.01453	0.01090	0.01090	0.00363	0.01453	0.00969	0.00484	0.01211
25	0.01543	0.01115	0.01457	0.01372	0.01629	0.01029	0.01029	0.02058	0.03086	0.04372	0.54304	0.08145	0.10288	0.02229	0.01286	0.00343	0.00514	0.01972	0.01200	0.01029
26	0.04892	0.01856	0.02530	0.01940	0.02783	0.01603	0.01603	0.05314	0.03121	0.55634	0.04302	0.03711	0.02699	0.01350	0.01096	0.00337	0.00928	0.01096	0.01350	0.01856
27	0.04892	0.01856	0.02530	0.01940	0.02783	0.01603	0.01603	0.05314	0.03121	0.55634	0.04302	0.03711	0.02699	0.01350	0.01096	0.00337	0.00928	0.01096	0.01350	0.01856
28	0.04892	0.01856	0.02530	0.01940	0.02783	0.01603	0.01603	0.05314	0.03121	0.55634	0.04302	0.03711	0.02699	0.01350	0.01096	0.00337	0.00928	0.01096	0.01350	0.01856
29	0.01328	0.00949	0.01265	0.01518	0.01581	0.00886	0.01012	0.01518	0.02088	0.02783	0.06010	0.60969	0.07212	0.03416	0.01392	0.00443	0.00633	0.03100	0.01012	0.00886
30	0.02187	0.05640	0.56031	0.03108	0.04719	0.02532	0.04029	0.03453	0.02302	0.03453	0.01957	0.02302	0.01381	0.01036	0.01036	0.00345	0.01611	0.00806	0.00460	0.01611
31	0.04073	0.05197	0.03090	0.02809	0.03371	0.57303	0.02107	0.04354	0.03090	0.02669	0.01685	0.01966	0.01404	0.01124	0.00983	0.00281	0.01966	0.00702	0.00562	0.01264
32	0.14299	0.02047	0.02212	0.01739	0.02571	0.01907	0.01391	0.03691	0.13036	0.08388	0.02596	0.02682	0.01995	0.01032	0.00873	0.00251	0.00836	0.00799	0.00809	0.36846
33	0.04142	0.04914	0.03043	0.02736	0.03321	0.52595	0.02064	0.04435	0.03092	0.07146	0.01907	0.02114	0.01514	0.01143	0.00993	0.00286	0.01879	0.00736	0.00628	0.01314
34	0.01328	0.00949	0.01265	0.01518	0.01581	0.00886	0.01012	0.01518	0.02088	0.02783	0.06010	0.60969	0.07212	0.03416	0.01392	0.00443	0.00633	0.03100	0.01012	0.00886
35	0.01472	0.01094	0.01390	0.01591	0.01712	0.01076	0.01086	0.01963	0.07375	0.02968	0.05846	0.55049	0.06808	0.03215	0.01362	0.00435	0.00657	0.02905	0.01022	0.00973
36	0.02972	0.04067	0.29843	0.03163	0.04446	0.02472	0.13977	0.07868	0.02763	0.14017	0.02530	0.02750	0.01742	0.01094	0.01109	0.00347	0.01493	0.00986	0.00709	0.01648
37	0.02527	0.01947	0.03096	0.04210	0.27127	0.01921	0.02490	0.03090	0.02561	0.08853	0.03865	0.06878	0.03758	0.01877	0.01262	0.00401	0.01133	0.20748	0.00821	0.01434
38	0.01597	0.01200	0.01646	0.07373	0.02241	0.01174	0.01237	0.02133	0.02992	0.04207	0.48856	0.07600	0.09369	0.02111	0.01266	0.00345	0.00612	0.01868	0.01126	0.01048
39	0.03040	0.25944	0.12840	0.02377	0.03202	0.22573	0.02229	0.03504	0.02529	0.02775	0.02119	0.08081	0.02003	0.01277	0.00930	0.00291	0.01472	0.00925	0.00556	0.01333

[dist]
# distance from previous block
# <min> <max>
0	2

[block]
# block no. 3 follows, 12 sequences, length 6
# corresponding to MSA columns:
# 205-210
name=unknown_D
#
# <colnr> <probs for GDERKNQSTAVLIFYWHMCP>
#	G	D	E	R	K	N	Q	S	T	A	V	L	I	F	Y	W	H	M	C	P
0	0.02936	0.01838	0.02683	0.12741	0.12141	0.01863	0.02020	0.07415	0.02724	0.18145	0.03848	0.19715	0.03535	0.01829	0.01177	0.00369	0.01022	0.01617	0.00941	0.01442
1	0.02113	0.01174	0.01188	0.01159	0.01456	0.01217	0.00877	0.02927	0.08292	0.04124	0.03661	0.04065	0.02858	0.01295	0.00803	0.00268	0.00550	0.01042	0.59830	0.01100
2	0.01449	0.00977	0.01204	0.01386	0.01515	0.00912	0.00949	0.01704	0.02164	0.03027	0.06101	0.45624	0.11362	0.02968	0.01270	0.00402	0.00602	0.02647	0.12823	0.00912
3	0.09782	0.07207	0.02664	0.06536	0.02965	0.02242	0.01651	0.13631	0.03111	0.22925	0.03134	0.03136	0.02188	0.01239	0.00962	0.00314	0.00965	0.00957	0.12838	0.01552
4	0.40663	0.02303	0.02103	0.01777	0.02500	0.02578	0.01443	0.12094	0.11502	0.05074	0.02263	0.02367	0.01715	0.01131	0.00836	0.00327	0.00907	0.00778	0.00823	0.06818
5	0.15095	0.02503	0.02980	0.03297	0.17877	0.06744	0.02063	0.07711	0.02732	0.14246	0.02398	0.02593	0.01787	0.01066	0.00958	0.00298	0.01108	0.00852	0.00789	0.12904

[dist]
# distance from previous block
# <min> <max>
0	20

# created by:
# /st0/software/busco_prod/Augustus/scripts/msa2prfl.pl ./align_prep/8542.fa
