[name]
unknown

[dist]
# distance from previous block
# <min> <max>
0	19

[block]
# block no. 0 follows, 15 sequences, length 40
# corresponding to MSA columns:
# 19-58
name=unknown_A
#
# <colnr> <probs for GDERKNQSTAVLIFYWHMCP>
#	G	D	E	R	K	N	Q	S	T	A	V	L	I	F	Y	W	H	M	C	P
0	0.10854	0.02249	0.06459	0.01890	0.02634	0.02068	0.01649	0.15748	0.09950	0.07660	0.02758	0.03564	0.02277	0.01254	0.00935	0.00290	0.00919	0.07324	0.00816	0.18702
1	0.30321	0.01814	0.02083	0.22359	0.03649	0.02123	0.01702	0.06133	0.05259	0.03827	0.05482	0.02661	0.01949	0.01079	0.00835	0.00313	0.00943	0.00822	0.05508	0.01137
2	0.24006	0.02033	0.02484	0.02746	0.15770	0.02135	0.01792	0.08942	0.06522	0.15619	0.02621	0.03135	0.02039	0.01175	0.00910	0.00318	0.00932	0.04599	0.00807	0.01415
3	0.01771	0.01505	0.02122	0.22316	0.03595	0.01494	0.01639	0.02300	0.02310	0.03274	0.21807	0.04179	0.04240	0.01288	0.00982	0.00270	0.00845	0.01122	0.00720	0.22221
4	0.26112	0.02006	0.02640	0.07713	0.24064	0.02078	0.01967	0.02827	0.02060	0.03666	0.05271	0.02453	0.01873	0.00962	0.00839	0.00284	0.00947	0.00786	0.00584	0.10866
5	0.01215	0.00868	0.01157	0.01388	0.01446	0.00810	0.00925	0.01388	0.01909	0.02545	0.05495	0.64315	0.06593	0.03123	0.01272	0.00405	0.00578	0.02834	0.00925	0.00810
6	0.02116	0.02010	0.03412	0.39998	0.27610	0.02276	0.02885	0.02752	0.02104	0.02831	0.01813	0.02582	0.01429	0.00953	0.00993	0.00318	0.01271	0.00887	0.00463	0.01296
7	0.01450	0.00966	0.01087	0.01087	0.01087	0.00966	0.00604	0.01450	0.01450	0.01933	0.03141	0.06524	0.03624	0.64965	0.05074	0.00966	0.00966	0.01450	0.00604	0.00604
8	0.01858	0.00929	0.00929	0.00929	0.01161	0.00929	0.00697	0.02323	0.02091	0.03717	0.03252	0.03717	0.02555	0.01161	0.00697	0.00232	0.00465	0.00929	0.70499	0.00929
9	0.02067	0.01772	0.02067	0.01477	0.02362	0.01329	0.01181	0.02510	0.02067	0.03248	0.01772	0.02067	0.01477	0.00738	0.00738	0.00148	0.00738	0.00591	0.00591	0.71059
10	0.02612	0.05013	0.39578	0.02744	0.03877	0.23131	0.03060	0.03449	0.02360	0.02902	0.01701	0.01996	0.01270	0.00976	0.00930	0.00295	0.01588	0.00703	0.00454	0.01361
11	0.03478	0.02637	0.02816	0.02231	0.02973	0.02946	0.01819	0.43483	0.17135	0.05780	0.02790	0.02709	0.02016	0.01234	0.01001	0.00308	0.01024	0.00952	0.01001	0.01667
12	0.03724	0.04751	0.02825	0.02568	0.03082	0.60963	0.01926	0.03981	0.02825	0.02440	0.01541	0.01798	0.01284	0.01027	0.00899	0.00257	0.01798	0.00642	0.00514	0.01156
13	0.02665	0.65565	0.05224	0.01706	0.02559	0.03945	0.01706	0.02985	0.02026	0.02345	0.01386	0.01599	0.01279	0.00853	0.00640	0.00213	0.01066	0.00533	0.00426	0.01279
14	0.01215	0.00868	0.01157	0.01388	0.01446	0.00810	0.00925	0.01388	0.01909	0.02545	0.05495	0.64315	0.06593	0.03123	0.01272	0.00405	0.00578	0.02834	0.00925	0.00810
15	0.01215	0.00868	0.01157	0.01388	0.01446	0.00810	0.00925	0.01388	0.01909	0.02545	0.05495	0.64315	0.06593	0.03123	0.01272	0.00405	0.00578	0.02834	0.00925	0.00810
16	0.01424	0.01068	0.01602	0.01602	0.01780	0.01246	0.01246	0.01780	0.01602	0.02314	0.02670	0.03916	0.02492	0.07477	0.61015	0.01602	0.02670	0.01068	0.00534	0.00890
17	0.02067	0.01772	0.02067	0.01477	0.02362	0.01329	0.01181	0.02510	0.02067	0.03248	0.01772	0.02067	0.01477	0.00738	0.00738	0.00148	0.00738	0.00591	0.00591	0.71059
18	0.02149	0.02030	0.03431	0.28734	0.33987	0.02206	0.02804	0.02744	0.02134	0.02923	0.02067	0.06533	0.01801	0.01076	0.01009	0.00318	0.01204	0.01013	0.00501	0.01338
19	0.01999	0.05157	0.59800	0.02841	0.04315	0.02315	0.03683	0.03157	0.02105	0.03157	0.01789	0.02105	0.01263	0.00947	0.00947	0.00316	0.01473	0.00737	0.00421	0.01473
20	0.02776	0.59228	0.04974	0.01796	0.02613	0.09886	0.01729	0.03089	0.02109	0.02355	0.01402	0.01620	0.01280	0.00871	0.00667	0.00218	0.01142	0.00544	0.00436	0.01266
21	0.02091	0.01984	0.03366	0.42476	0.25332	0.02270	0.02872	0.02729	0.02092	0.02800	0.01809	0.02590	0.01418	0.00958	0.00993	0.00319	0.01277	0.00887	0.00461	0.01275
22	0.02554	0.08408	0.34485	0.02588	0.03709	0.08352	0.06696	0.03386	0.02341	0.10802	0.05608	0.02595	0.01964	0.01049	0.00960	0.00303	0.01345	0.00849	0.00591	0.01414
23	0.02264	0.02340	0.02744	0.39709	0.05261	0.13901	0.02339	0.03035	0.07880	0.02695	0.02240	0.07169	0.01889	0.01198	0.00999	0.00323	0.01311	0.01007	0.00552	0.01144
24	0.02225	0.02154	0.03759	0.28549	0.34052	0.02318	0.06785	0.02864	0.02165	0.02968	0.01844	0.02560	0.01474	0.00928	0.01005	0.00313	0.01279	0.00909	0.00474	0.01373
25	0.01980	0.01792	0.02930	0.21959	0.26145	0.01904	0.02351	0.02558	0.02347	0.03256	0.18315	0.03981	0.03791	0.01257	0.01045	0.00312	0.01020	0.01155	0.00655	0.01248
26	0.01215	0.00868	0.01157	0.01388	0.01446	0.00810	0.00925	0.01388	0.01909	0.02545	0.05495	0.64315	0.06593	0.03123	0.01272	0.00405	0.00578	0.02834	0.00925	0.00810
27	0.01579	0.02434	0.21305	0.01762	0.02436	0.01397	0.01853	0.02253	0.02497	0.03522	0.31973	0.05927	0.13660	0.01735	0.01098	0.00318	0.00819	0.01481	0.00841	0.01109
28	0.01427	0.01058	0.01548	0.01548	0.01708	0.01217	0.01179	0.01746	0.01586	0.02274	0.02719	0.04188	0.02610	0.13467	0.55185	0.01536	0.02493	0.01108	0.00541	0.00860
29	0.02011	0.01324	0.01768	0.01604	0.01775	0.01489	0.01197	0.02226	0.01804	0.10538	0.06868	0.04717	0.03187	0.25765	0.17192	0.00877	0.12817	0.01214	0.00683	0.00944
30	0.01858	0.00929	0.00929	0.00929	0.01161	0.00929	0.00697	0.02323	0.02091	0.03717	0.03252	0.03717	0.02555	0.01161	0.00697	0.00232	0.00465	0.00929	0.70499	0.00929
31	0.02083	0.01976	0.03352	0.43241	0.24630	0.02267	0.02868	0.02723	0.02088	0.02790	0.01807	0.02593	0.01415	0.00960	0.00993	0.00320	0.01279	0.00887	0.00460	0.01269
32	0.03444	0.03649	0.02730	0.02372	0.02968	0.32841	0.01836	0.16910	0.16173	0.03794	0.02349	0.02402	0.01804	0.01146	0.00951	0.00287	0.01386	0.00820	0.00752	0.01389
33	0.01858	0.00929	0.00929	0.00929	0.01161	0.00929	0.00697	0.02323	0.02091	0.03717	0.03252	0.03717	0.02555	0.01161	0.00697	0.00232	0.00465	0.00929	0.70499	0.00929
34	0.11353	0.21094	0.07440	0.02135	0.02930	0.16718	0.05177	0.08650	0.02484	0.03254	0.01642	0.01891	0.01336	0.00931	0.00803	0.00251	0.01237	0.00660	0.00554	0.09460
35	0.01507	0.01169	0.01677	0.01632	0.01765	0.01393	0.01248	0.01796	0.01572	0.02267	0.02598	0.04122	0.02537	0.15403	0.46703	0.01386	0.08719	0.01104	0.00534	0.00869
36	0.01989	0.01700	0.02781	0.06321	0.06827	0.01715	0.14746	0.02871	0.09798	0.03501	0.12220	0.08401	0.03659	0.01369	0.01022	0.00310	0.00928	0.01299	0.17372	0.01172
37	0.01845	0.02751	0.25151	0.01905	0.02698	0.01525	0.02070	0.02559	0.02457	0.07585	0.24648	0.05267	0.12279	0.01601	0.01070	0.00317	0.00911	0.01351	0.00809	0.01200
38	0.02834	0.27025	0.14533	0.02516	0.03501	0.02818	0.14735	0.03440	0.02283	0.14123	0.02118	0.02308	0.01570	0.00943	0.00895	0.00280	0.01242	0.00817	0.00606	0.01413
39	0.04473	0.01697	0.02313	0.01774	0.02545	0.01465	0.01465	0.04858	0.02853	0.59437	0.03933	0.03393	0.02468	0.01234	0.01003	0.00308	0.00848	0.01003	0.01234	0.01697

[dist]
# distance from previous block
# <min> <max>
0	2

[block]
# block no. 1 follows, 15 sequences, length 74
# corresponding to MSA columns:
# 61-134
name=unknown_B
#
# <colnr> <probs for GDERKNQSTAVLIFYWHMCP>
#	G	D	E	R	K	N	Q	S	T	A	V	L	I	F	Y	W	H	M	C	P
0	0.03118	0.19891	0.03466	0.02231	0.05879	0.03077	0.01801	0.30399	0.07519	0.04611	0.02772	0.02802	0.05805	0.01193	0.00913	0.00281	0.01027	0.00902	0.00808	0.01503
1	0.02544	0.32488	0.27132	0.02264	0.03346	0.06490	0.02539	0.07276	0.02315	0.02994	0.01639	0.01879	0.01306	0.00929	0.00808	0.00264	0.01276	0.00651	0.00475	0.01384
2	0.02157	0.06717	0.02228	0.01793	0.01986	0.06206	0.01391	0.06177	0.01822	0.02398	0.01794	0.02740	0.01687	0.03136	0.11050	0.31665	0.12859	0.00855	0.00498	0.00840
3	0.01858	0.00929	0.00929	0.00929	0.01161	0.00929	0.00697	0.02323	0.02091	0.03717	0.03252	0.03717	0.02555	0.01161	0.00697	0.00232	0.00465	0.00929	0.70499	0.00929
4	0.01411	0.01019	0.01333	0.01254	0.01489	0.00941	0.00941	0.01881	0.02822	0.03998	0.58221	0.07447	0.09406	0.02038	0.01176	0.00314	0.00470	0.01803	0.01097	0.00941
5	0.01607	0.01313	0.01859	0.01756	0.01863	0.01625	0.01360	0.01871	0.01559	0.02271	0.02428	0.03939	0.02401	0.15629	0.38178	0.01223	0.16622	0.01085	0.00523	0.00890
6	0.01737	0.01540	0.02479	0.43667	0.05209	0.01822	0.02205	0.02342	0.02249	0.02994	0.19174	0.04134	0.03819	0.01318	0.01052	0.00326	0.01064	0.01169	0.00645	0.01056
7	0.02866	0.02983	0.02903	0.11711	0.03425	0.23162	0.02122	0.03180	0.02164	0.07128	0.01677	0.02219	0.01398	0.01336	0.01902	0.00347	0.26977	0.00804	0.00530	0.01166
8	0.02806	0.02786	0.17986	0.07139	0.03348	0.02087	0.02198	0.11579	0.11033	0.16389	0.03134	0.09822	0.02487	0.01364	0.01019	0.00327	0.01056	0.01132	0.00843	0.01468
9	0.01537	0.01268	0.01381	0.01308	0.01668	0.01239	0.00994	0.02430	0.14782	0.03390	0.22111	0.07669	0.32240	0.02124	0.01140	0.00331	0.00560	0.01799	0.00993	0.01036
10	0.02308	0.01905	0.02776	0.02513	0.07165	0.02146	0.07397	0.06874	0.05473	0.07747	0.12238	0.04091	0.06266	0.06253	0.02030	0.00400	0.19266	0.01203	0.00742	0.01206
11	0.02007	0.01918	0.02664	0.02309	0.02362	0.02576	0.01901	0.02282	0.01819	0.02760	0.14172	0.03371	0.03139	0.01811	0.02798	0.00408	0.48976	0.01083	0.00586	0.01057
12	0.02696	0.18073	0.06643	0.02040	0.02766	0.02925	0.01788	0.12270	0.32018	0.03981	0.03004	0.02894	0.02292	0.01180	0.00915	0.00300	0.00947	0.00921	0.00830	0.01516
13	0.03564	0.03147	0.15641	0.02294	0.03221	0.05807	0.02186	0.27149	0.03507	0.19552	0.02619	0.02561	0.01780	0.01140	0.00982	0.00303	0.01156	0.00875	0.00902	0.01614
14	0.02965	0.07228	0.03482	0.13602	0.26776	0.02410	0.02428	0.11324	0.02684	0.14031	0.02283	0.02591	0.01698	0.01015	0.00965	0.00298	0.01122	0.00882	0.00695	0.01518
15	0.02150	0.18810	0.47465	0.02585	0.03918	0.02683	0.03236	0.03118	0.02087	0.02974	0.01698	0.01990	0.01267	0.00926	0.00878	0.00293	0.01381	0.00691	0.00422	0.01429
16	0.02145	0.02003	0.03121	0.07272	0.27532	0.02046	0.06528	0.03116	0.12523	0.03354	0.08022	0.04217	0.11146	0.01319	0.01052	0.00317	0.00999	0.01215	0.00703	0.01369
17	0.02335	0.01927	0.02037	0.01809	0.02334	0.02124	0.01411	0.12420	0.33218	0.04098	0.05225	0.07940	0.15504	0.01683	0.01062	0.00335	0.00764	0.01398	0.00987	0.01391
18	0.02487	0.01715	0.01982	0.01731	0.02225	0.01816	0.01354	0.07105	0.26254	0.12702	0.23141	0.04909	0.05128	0.01568	0.01069	0.00322	0.00704	0.01333	0.01076	0.01377
19	0.01603	0.01271	0.01472	0.01377	0.01708	0.01267	0.01046	0.02558	0.14938	0.03759	0.35746	0.07061	0.18374	0.01987	0.01140	0.00324	0.00550	0.01714	0.01042	0.01064
20	0.01202	0.00916	0.01107	0.01259	0.01412	0.00821	0.00868	0.01403	0.02032	0.02595	0.07062	0.45685	0.24212	0.02919	0.01240	0.00382	0.00553	0.02585	0.00926	0.00821
21	0.02117	0.02245	0.04482	0.03372	0.04038	0.02314	0.34841	0.02752	0.02057	0.02873	0.02056	0.02889	0.01703	0.02479	0.15022	0.00638	0.11315	0.01105	0.00501	0.01203
22	0.02665	0.65565	0.05224	0.01706	0.02559	0.03945	0.01706	0.02985	0.02026	0.02345	0.01386	0.01599	0.01279	0.00853	0.00640	0.00213	0.01066	0.00533	0.00426	0.01279
23	0.01411	0.01019	0.01333	0.01254	0.01489	0.00941	0.00941	0.01881	0.02822	0.03998	0.58221	0.07447	0.09406	0.02038	0.01176	0.00314	0.00470	0.01803	0.01097	0.00941
24	0.02018	0.01855	0.02824	0.48886	0.05900	0.02275	0.02499	0.03169	0.14414	0.02914	0.02288	0.02898	0.01716	0.01077	0.01001	0.00334	0.01207	0.00940	0.00572	0.01214
25	0.03509	0.02289	0.02564	0.02070	0.02780	0.02467	0.01676	0.25246	0.22329	0.19016	0.03360	0.03106	0.02358	0.01260	0.01005	0.00315	0.00927	0.01004	0.01063	0.01655
26	0.02665	0.65565	0.05224	0.01706	0.02559	0.03945	0.01706	0.02985	0.02026	0.02345	0.01386	0.01599	0.01279	0.00853	0.00640	0.00213	0.01066	0.00533	0.00426	0.01279
27	0.02067	0.01772	0.02067	0.01477	0.02362	0.01329	0.01181	0.02510	0.02067	0.03248	0.01772	0.02067	0.01477	0.00738	0.00738	0.00148	0.00738	0.00591	0.00591	0.71059
28	0.02480	0.02141	0.02254	0.02029	0.02592	0.02480	0.01578	0.05297	0.56946	0.04170	0.04057	0.03719	0.03043	0.01352	0.01014	0.00338	0.00789	0.01127	0.01014	0.01578
29	0.01215	0.00868	0.01157	0.01388	0.01446	0.00810	0.00925	0.01388	0.01909	0.02545	0.05495	0.64315	0.06593	0.03123	0.01272	0.00405	0.00578	0.02834	0.00925	0.00810
30	0.02067	0.01772	0.02067	0.01477	0.02362	0.01329	0.01181	0.02510	0.02067	0.03248	0.01772	0.02067	0.01477	0.00738	0.00738	0.00148	0.00738	0.00591	0.00591	0.71059
31	0.01906	0.01804	0.02995	0.57836	0.06531	0.02281	0.02722	0.02535	0.01957	0.02535	0.01735	0.02620	0.01327	0.01056	0.01176	0.00340	0.06209	0.00885	0.00442	0.01106
32	0.03029	0.02414	0.02564	0.02140	0.02802	0.02736	0.01711	0.26320	0.35028	0.05056	0.03360	0.03163	0.02478	0.01287	0.01007	0.00322	0.00918	0.01031	0.01007	0.01627
33	0.02553	0.02370	0.03280	0.30357	0.20734	0.07088	0.02622	0.12689	0.02642	0.03440	0.01899	0.02485	0.01466	0.01005	0.00986	0.00310	0.01281	0.00869	0.00567	0.01356
34	0.02562	0.53937	0.08957	0.01892	0.02693	0.03724	0.01904	0.02931	0.01975	0.02411	0.01407	0.01702	0.01281	0.00961	0.00962	0.00246	0.08169	0.00587	0.00427	0.01272
35	0.01654	0.01073	0.01410	0.01295	0.01573	0.00982	0.00982	0.02118	0.02824	0.08400	0.53910	0.07125	0.08855	0.01974	0.01162	0.00313	0.00500	0.01739	0.01108	0.01001
36	0.01946	0.02177	0.07997	0.40809	0.05776	0.02252	0.10702	0.02621	0.02040	0.02694	0.02256	0.02981	0.04626	0.01111	0.01196	0.00339	0.05855	0.00987	0.00478	0.01157
37	0.01858	0.00929	0.00929	0.00929	0.01161	0.00929	0.00697	0.02323	0.02091	0.03717	0.03252	0.03717	0.02555	0.01161	0.00697	0.00232	0.00465	0.00929	0.70499	0.00929
38	0.02718	0.02039	0.02334	0.01719	0.02572	0.01811	0.01395	0.16851	0.02830	0.08496	0.02109	0.02259	0.01613	0.00900	0.00828	0.00201	0.00843	0.00705	0.00750	0.47026
39	0.02462	0.07372	0.06477	0.13558	0.20699	0.02200	0.05329	0.06726	0.02379	0.08902	0.02623	0.11980	0.02358	0.01304	0.01015	0.00317	0.01110	0.01177	0.00654	0.01358
40	0.01858	0.00929	0.00929	0.00929	0.01161	0.00929	0.00697	0.02323	0.02091	0.03717	0.03252	0.03717	0.02555	0.01161	0.00697	0.00232	0.00465	0.00929	0.70499	0.00929
41	0.08749	0.17432	0.09657	0.02133	0.02855	0.18786	0.01928	0.03643	0.02372	0.15283	0.02033	0.02159	0.01529	0.01075	0.01042	0.00284	0.06349	0.00719	0.00645	0.01328
42	0.02803	0.02856	0.02872	0.02495	0.02739	0.18988	0.02009	0.03250	0.06361	0.06781	0.01785	0.02286	0.01525	0.01476	0.02265	0.00369	0.36545	0.00838	0.00563	0.01192
43	0.08202	0.06397	0.02925	0.16772	0.08197	0.28522	0.02089	0.03543	0.02465	0.09168	0.01875	0.02212	0.01438	0.01016	0.00907	0.00285	0.01419	0.00747	0.00581	0.01240
44	0.02075	0.12040	0.53581	0.02712	0.04115	0.02501	0.03458	0.03137	0.02096	0.03065	0.01743	0.02047	0.01265	0.00936	0.00912	0.00304	0.01427	0.00713	0.00422	0.01451
45	0.04473	0.01697	0.02313	0.01774	0.02545	0.01465	0.01465	0.04858	0.02853	0.59437	0.03933	0.03393	0.02468	0.01234	0.01003	0.00308	0.00848	0.01003	0.01234	0.01697
46	0.01411	0.01019	0.01333	0.01254	0.01489	0.00941	0.00941	0.01881	0.02822	0.03998	0.58221	0.07447	0.09406	0.02038	0.01176	0.00314	0.00470	0.01803	0.01097	0.00941
47	0.01450	0.00966	0.01087	0.01087	0.01087	0.00966	0.00604	0.01450	0.01450	0.01933	0.03141	0.06524	0.03624	0.64965	0.05074	0.00966	0.00966	0.01450	0.00604	0.00604
48	0.01441	0.00978	0.01143	0.01125	0.01178	0.00961	0.00680	0.01547	0.01760	0.02400	0.15590	0.06732	0.04931	0.50742	0.04193	0.00819	0.00854	0.01530	0.00716	0.00680
49	0.03642	0.02719	0.02909	0.02264	0.03035	0.03023	0.01859	0.49773	0.10577	0.06045	0.02581	0.02543	0.01847	0.01214	0.00999	0.00304	0.01062	0.00923	0.00999	0.01682
50	0.02408	0.02575	0.15874	0.02526	0.03312	0.01873	0.14483	0.05995	0.05166	0.12561	0.03334	0.19120	0.03055	0.01583	0.01103	0.00343	0.01124	0.01472	0.00772	0.01321
51	0.02851	0.02289	0.02473	0.01998	0.02717	0.02436	0.01601	0.22440	0.26013	0.04711	0.02951	0.02876	0.02211	0.01158	0.00946	0.00281	0.00887	0.00924	0.00913	0.17324
52	0.02587	0.02195	0.02315	0.02051	0.02633	0.02530	0.01604	0.09420	0.52647	0.04344	0.03921	0.03610	0.02932	0.01340	0.01013	0.00335	0.00814	0.01108	0.01013	0.01588
53	0.02446	0.04014	0.35803	0.02550	0.03686	0.02498	0.02859	0.13422	0.15339	0.03977	0.02429	0.02534	0.01758	0.01088	0.00972	0.00318	0.01244	0.00857	0.00667	0.01539
54	0.02302	0.09086	0.38327	0.02842	0.04072	0.02440	0.11676	0.03430	0.06696	0.06648	0.02113	0.02373	0.01526	0.00973	0.00969	0.00312	0.01380	0.00841	0.00534	0.01459
55	0.72007	0.01928	0.01465	0.01311	0.01928	0.02236	0.01080	0.02930	0.01697	0.04473	0.01388	0.01619	0.01080	0.00925	0.00617	0.00308	0.00771	0.00540	0.00617	0.01080
56	0.01606	0.01147	0.01606	0.01836	0.02065	0.01147	0.01606	0.02065	0.02295	0.02983	0.05278	0.11245	0.05737	0.02754	0.01377	0.00459	0.00918	0.52037	0.00918	0.00918
57	0.02941	0.02322	0.02488	0.02076	0.02711	0.02610	0.01658	0.26039	0.30576	0.05042	0.07815	0.03470	0.03001	0.01344	0.01020	0.00320	0.00892	0.01086	0.01014	0.01575
58	0.01215	0.00868	0.01157	0.01388	0.01446	0.00810	0.00925	0.01388	0.01909	0.02545	0.05495	0.64315	0.06593	0.03123	0.01272	0.00405	0.00578	0.02834	0.00925	0.00810
59	0.01440	0.01003	0.01275	0.01275	0.01339	0.01068	0.00838	0.01570	0.01505	0.02072	0.02970	0.05575	0.03212	0.44042	0.25434	0.01198	0.01587	0.01311	0.00579	0.00708
60	0.01436	0.00961	0.01091	0.01104	0.01108	0.00958	0.00622	0.01446	0.01476	0.01968	0.03275	0.09820	0.03794	0.61438	0.04857	0.00934	0.00944	0.01529	0.00622	0.00616
61	0.02968	0.03208	0.03839	0.03032	0.03629	0.20206	0.18228	0.12109	0.02703	0.03313	0.01778	0.02258	0.01429	0.01161	0.01537	0.00329	0.15508	0.00901	0.00575	0.01290
62	0.01807	0.00939	0.00975	0.00966	0.01199	0.00930	0.00725	0.02273	0.02174	0.03749	0.09516	0.04142	0.03336	0.01261	0.00751	0.00242	0.00465	0.01029	0.62591	0.00930
63	0.01789	0.01253	0.01383	0.01267	0.01608	0.01235	0.00973	0.08151	0.05458	0.03857	0.22742	0.06297	0.19174	0.01812	0.01027	0.00299	0.00565	0.01523	0.18557	0.01030
64	0.03604	0.02366	0.02617	0.02444	0.08749	0.09726	0.01751	0.17544	0.03164	0.25286	0.03165	0.09761	0.02481	0.01375	0.01017	0.00309	0.01045	0.01124	0.00961	0.01511
65	0.01807	0.00939	0.00975	0.00966	0.01199	0.00930	0.00725	0.02273	0.02174	0.03749	0.09516	0.04142	0.03336	0.01261	0.00751	0.00242	0.00465	0.01029	0.62591	0.00930
66	0.45934	0.01923	0.02055	0.09017	0.08846	0.02131	0.01552	0.03194	0.01970	0.12488	0.01874	0.02103	0.01375	0.00977	0.00760	0.00310	0.00893	0.00689	0.00677	0.01232
67	0.07321	0.02933	0.15540	0.02421	0.02916	0.06913	0.02278	0.03008	0.08087	0.02920	0.01862	0.02407	0.01571	0.01862	0.06704	0.00468	0.28197	0.00845	0.00525	0.01221
68	0.02403	0.02429	0.03533	0.25730	0.34008	0.08991	0.02827	0.02983	0.02235	0.02912	0.01800	0.02459	0.01457	0.00943	0.00980	0.00304	0.01305	0.00859	0.00478	0.01364
69	0.09740	0.00987	0.01318	0.01300	0.01370	0.01022	0.00890	0.01485	0.01344	0.02044	0.01692	0.02870	0.01657	0.03174	0.03522	0.62941	0.00855	0.00829	0.00454	0.00507
70	0.02061	0.01954	0.03313	0.45326	0.22713	0.02262	0.02857	0.02704	0.02078	0.02764	0.01803	0.02600	0.01405	0.00964	0.00994	0.00321	0.01285	0.00887	0.00458	0.01251
71	0.02490	0.53256	0.09301	0.01814	0.02647	0.03492	0.01857	0.02894	0.02063	0.02485	0.01863	0.02740	0.01786	0.01077	0.00749	0.00250	0.01083	0.06419	0.00482	0.01254
72	0.01866	0.07001	0.06454	0.08748	0.02797	0.01943	0.01712	0.02885	0.14587	0.02836	0.02721	0.03404	0.02298	0.04293	0.30877	0.00955	0.01861	0.00993	0.00618	0.01149
73	0.23324	0.01374	0.01485	0.01331	0.01744	0.01396	0.01043	0.02541	0.02482	0.10460	0.34675	0.05205	0.06072	0.01607	0.00985	0.00311	0.00605	0.01326	0.00966	0.01069

[dist]
# distance from previous block
# <min> <max>
0	21

# created by:
# /st0/software/busco_prod/Augustus/scripts/msa2prfl.pl ./align_prep/8574.fa
