[name]
unknown

[dist]
# distance from previous block
# <min> <max>
0	113

[block]
# block no. 0 follows, 11 sequences, length 49
# corresponding to MSA columns:
# 132-180
name=unknown_A
#
# <colnr> <probs for GDERKNQSTAVLIFYWHMCP>
#	G	D	E	R	K	N	Q	S	T	A	V	L	I	F	Y	W	H	M	C	P
0	0.03241	0.08028	0.16716	0.02276	0.03311	0.02337	0.02272	0.10507	0.02925	0.16004	0.02801	0.03184	0.02115	0.06699	0.01460	0.00379	0.01200	0.00959	0.00843	0.12744
1	0.02749	0.01946	0.02297	0.01745	0.02592	0.01623	0.01371	0.03473	0.07553	0.11664	0.02803	0.03238	0.02257	0.06577	0.01372	0.00305	0.00883	0.00895	0.00834	0.43824
2	0.62119	0.02065	0.01622	0.01488	0.02126	0.02374	0.01203	0.03145	0.01938	0.04846	0.02001	0.07248	0.01802	0.01277	0.00766	0.00358	0.00850	0.00852	0.00729	0.01190
3	0.01542	0.01201	0.01818	0.01814	0.01994	0.01129	0.05531	0.01823	0.02257	0.03043	0.10455	0.43703	0.06899	0.08943	0.01851	0.00503	0.00801	0.02743	0.00984	0.00963
4	0.01610	0.01196	0.01758	0.01758	0.01942	0.01380	0.01344	0.01977	0.01794	0.02575	0.03061	0.04677	0.02925	0.12953	0.51625	0.01747	0.02848	0.01243	0.00610	0.00977
5	0.01471	0.01090	0.01372	0.01419	0.01636	0.00992	0.01019	0.01844	0.02724	0.03693	0.29576	0.26345	0.17041	0.02816	0.01365	0.00394	0.00580	0.02493	0.01138	0.00992
6	0.01549	0.01149	0.01443	0.01369	0.01654	0.01043	0.01027	0.02038	0.03081	0.04265	0.45830	0.08817	0.17775	0.02394	0.01328	0.00358	0.00538	0.02093	0.01206	0.01043
7	0.15613	0.02479	0.02705	0.02091	0.02964	0.02530	0.01719	0.22595	0.03679	0.17734	0.02808	0.02761	0.01962	0.01219	0.01001	0.00313	0.01035	0.00912	0.01037	0.12842
8	0.03018	0.02526	0.02668	0.02335	0.03010	0.02901	0.01834	0.12427	0.44588	0.05060	0.04304	0.03978	0.03211	0.01501	0.01142	0.00375	0.00942	0.01234	0.01142	0.01801
9	0.02334	0.02001	0.02334	0.01667	0.02667	0.01500	0.01334	0.02834	0.02334	0.03668	0.02001	0.02334	0.01667	0.00834	0.00834	0.00167	0.00834	0.00667	0.00667	0.67325
10	0.01330	0.01140	0.01140	0.01140	0.01520	0.00950	0.00855	0.01615	0.02565	0.03041	0.11402	0.10832	0.52967	0.02850	0.01330	0.00380	0.00570	0.02375	0.01045	0.00950
11	0.68395	0.02177	0.01654	0.01480	0.02177	0.02525	0.01219	0.03309	0.01915	0.05050	0.01567	0.01828	0.01219	0.01045	0.00697	0.00348	0.00871	0.00609	0.00697	0.01219
12	0.04204	0.05364	0.03190	0.02900	0.03480	0.55926	0.02175	0.04494	0.03190	0.02755	0.01740	0.02030	0.01450	0.01160	0.01015	0.00290	0.02030	0.00725	0.00580	0.01305
13	0.01371	0.00979	0.01306	0.01567	0.01632	0.00914	0.01045	0.01567	0.02155	0.02873	0.06203	0.59710	0.07444	0.03526	0.01437	0.00457	0.00653	0.03200	0.01045	0.00914
14	0.07854	0.04488	0.33705	0.08125	0.05149	0.02655	0.15228	0.03494	0.02398	0.03639	0.02045	0.02551	0.01486	0.01042	0.01108	0.00363	0.01643	0.00953	0.00520	0.01554
15	0.03009	0.61122	0.05898	0.01926	0.02889	0.04454	0.01926	0.03370	0.02287	0.02648	0.01565	0.01805	0.01444	0.00963	0.00722	0.00241	0.01204	0.00602	0.00481	0.01444
16	0.01491	0.01167	0.01363	0.01371	0.01695	0.01039	0.01067	0.01894	0.02780	0.03589	0.24665	0.10284	0.31729	0.02702	0.01362	0.00392	0.00626	0.08674	0.01110	0.01001
17	0.03018	0.02526	0.02668	0.02335	0.03010	0.02901	0.01834	0.12427	0.44588	0.05060	0.04304	0.03978	0.03211	0.01501	0.01142	0.00375	0.00942	0.01234	0.01142	0.01801
18	0.01534	0.01170	0.01420	0.01471	0.01723	0.01026	0.01016	0.01770	0.02200	0.02948	0.06226	0.37093	0.14308	0.08977	0.01779	0.00467	0.00711	0.02516	0.00951	0.10695
19	0.02126	0.02001	0.03376	0.57739	0.07752	0.02501	0.03126	0.02876	0.02251	0.02876	0.02001	0.03001	0.01500	0.01125	0.01125	0.00375	0.01500	0.01000	0.00500	0.01250
20	0.05050	0.01915	0.02612	0.02003	0.02873	0.01654	0.01654	0.05485	0.03221	0.54203	0.04440	0.03831	0.02786	0.01393	0.01132	0.00348	0.00958	0.01132	0.01393	0.01915
21	0.01955	0.01286	0.01604	0.01624	0.01890	0.01222	0.01172	0.06103	0.02708	0.07768	0.13181	0.37478	0.11824	0.02911	0.01357	0.00415	0.00702	0.02582	0.01109	0.01109
22	0.02698	0.20902	0.04296	0.29124	0.10409	0.03240	0.02676	0.07998	0.02613	0.03327	0.01948	0.02569	0.01555	0.01085	0.00997	0.00325	0.01362	0.00876	0.00566	0.01435
23	0.01861	0.01459	0.01722	0.01602	0.01970	0.01475	0.01217	0.03015	0.14910	0.04411	0.36820	0.07625	0.13168	0.02168	0.01283	0.00363	0.00623	0.01883	0.01196	0.01227
24	0.01371	0.00979	0.01306	0.01567	0.01632	0.00914	0.01045	0.01567	0.02155	0.02873	0.06203	0.59710	0.07444	0.03526	0.01437	0.00457	0.00653	0.03200	0.01045	0.00914
25	0.02406	0.02413	0.03482	0.46834	0.12106	0.07950	0.03064	0.03101	0.02379	0.02947	0.01986	0.02879	0.01525	0.01116	0.01113	0.00362	0.01537	0.00973	0.00514	0.01312
26	0.02831	0.17191	0.09066	0.19894	0.04737	0.03209	0.02544	0.11459	0.11026	0.03906	0.02446	0.02794	0.01873	0.01185	0.01024	0.00335	0.01298	0.00933	0.00706	0.01541
27	0.03668	0.01578	0.02078	0.01701	0.02316	0.01403	0.01364	0.04142	0.03085	0.33219	0.17576	0.05138	0.04946	0.01630	0.01135	0.00337	0.00777	0.01367	0.10986	0.01554
28	0.03435	0.30325	0.04403	0.02256	0.03115	0.08320	0.01983	0.16942	0.11313	0.04250	0.02398	0.02472	0.01906	0.01182	0.00931	0.00296	0.01233	0.00839	0.00781	0.01620
29	0.02157	0.01301	0.01817	0.09872	0.02714	0.01291	0.01430	0.02526	0.02436	0.11438	0.08540	0.33831	0.05665	0.02550	0.01279	0.00403	0.00808	0.02273	0.06523	0.01149
30	0.01421	0.01116	0.01284	0.01300	0.01590	0.00980	0.00953	0.01769	0.02693	0.03480	0.23690	0.18320	0.31817	0.02790	0.01347	0.00385	0.00572	0.02407	0.01107	0.00980
31	0.01371	0.00979	0.01306	0.01567	0.01632	0.00914	0.01045	0.01567	0.02155	0.02873	0.06203	0.59710	0.07444	0.03526	0.01437	0.00457	0.00653	0.03200	0.01045	0.00914
32	0.04314	0.01700	0.02222	0.01765	0.02484	0.01503	0.01438	0.04772	0.03007	0.41741	0.04249	0.03922	0.02811	0.01373	0.01046	0.00327	0.00850	0.01111	0.17667	0.01700
33	0.02257	0.05822	0.54613	0.03208	0.04871	0.02614	0.04158	0.03564	0.02376	0.03564	0.02020	0.02376	0.01426	0.01069	0.01069	0.00356	0.01663	0.00832	0.00475	0.01663
34	0.03196	0.52568	0.05526	0.02024	0.02978	0.04311	0.01957	0.10202	0.02730	0.03304	0.01733	0.01938	0.01514	0.01020	0.00782	0.00255	0.01209	0.00663	0.00577	0.01514
35	0.02731	0.02356	0.02514	0.02199	0.02888	0.02608	0.01715	0.05516	0.44152	0.04555	0.04200	0.03924	0.03175	0.01425	0.01099	0.00350	0.00882	0.01183	0.01075	0.11452
36	0.02225	0.02062	0.03253	0.49558	0.07040	0.02545	0.02927	0.03334	0.09501	0.03146	0.02381	0.03178	0.01786	0.01185	0.01128	0.00376	0.01410	0.01040	0.00595	0.01329
37	0.02442	0.02372	0.03476	0.16143	0.09208	0.03098	0.02667	0.03071	0.05686	0.02997	0.01900	0.02753	0.01662	0.01640	0.02637	0.00441	0.34912	0.01012	0.00550	0.01333
38	0.02923	0.02479	0.02615	0.02316	0.02974	0.02857	0.01811	0.09633	0.47537	0.04908	0.04424	0.04074	0.03309	0.01512	0.01144	0.00378	0.00920	0.01251	0.01144	0.01793
39	0.09131	0.02077	0.03299	0.47431	0.11129	0.02518	0.02954	0.02971	0.02243	0.03173	0.01965	0.02859	0.01495	0.01106	0.01079	0.00369	0.01420	0.00959	0.00526	0.01293
40	0.02623	0.02728	0.04640	0.08814	0.22211	0.06507	0.18827	0.03346	0.02711	0.03647	0.09618	0.03660	0.03015	0.01197	0.01213	0.00352	0.01476	0.01246	0.00659	0.01509
41	0.01371	0.00979	0.01306	0.01567	0.01632	0.00914	0.01045	0.01567	0.02155	0.02873	0.06203	0.59710	0.07444	0.03526	0.01437	0.00457	0.00653	0.03200	0.01045	0.00914
42	0.01645	0.01230	0.01526	0.01686	0.01846	0.01242	0.01186	0.02291	0.09409	0.03122	0.05694	0.42540	0.06455	0.08524	0.01806	0.00511	0.00762	0.06469	0.01025	0.01031
43	0.03670	0.03387	0.03194	0.11487	0.04080	0.16039	0.02248	0.23888	0.11895	0.04961	0.02664	0.02833	0.01985	0.01297	0.01102	0.00339	0.01417	0.00983	0.00895	0.01636
44	0.02825	0.01912	0.02604	0.07405	0.03020	0.02237	0.01877	0.03458	0.07378	0.15072	0.03339	0.09423	0.02937	0.07418	0.06896	0.00594	0.18046	0.01351	0.00856	0.01354
45	0.01555	0.01099	0.01441	0.01511	0.01595	0.01147	0.01019	0.01741	0.01834	0.02511	0.04090	0.20559	0.04577	0.27878	0.21154	0.01156	0.01607	0.01918	0.00754	0.00851
46	0.39665	0.17593	0.03039	0.01835	0.02604	0.08696	0.01576	0.07324	0.02426	0.04369	0.01680	0.01917	0.01359	0.01062	0.00772	0.00314	0.01108	0.00653	0.00665	0.01343
47	0.01437	0.01144	0.01288	0.01252	0.01586	0.00996	0.00939	0.01822	0.02818	0.03639	0.28245	0.09846	0.35750	0.02627	0.01329	0.00369	0.00554	0.02237	0.01124	0.00996
48	0.03385	0.06855	0.03778	0.17799	0.04706	0.02923	0.07143	0.17175	0.03298	0.12491	0.02550	0.02912	0.01846	0.01284	0.01358	0.00361	0.06680	0.01028	0.00834	0.01594

[dist]
# distance from previous block
# <min> <max>
1	10

[block]
# block no. 1 follows, 11 sequences, length 21
# corresponding to MSA columns:
# 191-211
name=unknown_B
#
# <colnr> <probs for GDERKNQSTAVLIFYWHMCP>
#	G	D	E	R	K	N	Q	S	T	A	V	L	I	F	Y	W	H	M	C	P
0	0.02703	0.02657	0.08237	0.07429	0.12317	0.02232	0.09399	0.03681	0.07883	0.07728	0.02542	0.02894	0.01942	0.01043	0.01057	0.00298	0.01220	0.00967	0.00714	0.23058
1	0.01440	0.01030	0.01380	0.01609	0.01714	0.00970	0.01131	0.01702	0.02297	0.03077	0.10416	0.49846	0.07626	0.03369	0.01440	0.00454	0.00684	0.07810	0.01062	0.00941
2	0.02099	0.02377	0.11692	0.02138	0.02670	0.01905	0.01932	0.07802	0.06551	0.03816	0.10970	0.22786	0.05073	0.02754	0.05552	0.00509	0.05289	0.01891	0.00911	0.01283
3	0.04408	0.02944	0.03249	0.02491	0.03387	0.03181	0.02058	0.42236	0.04944	0.15020	0.02995	0.02892	0.02061	0.01358	0.01127	0.00340	0.01191	0.01033	0.01171	0.01914
4	0.01699	0.01142	0.01489	0.01489	0.01633	0.01242	0.01063	0.01988	0.01844	0.02734	0.03301	0.05363	0.03250	0.24537	0.30073	0.01312	0.01960	0.01323	0.11654	0.00905
5	0.02462	0.02462	0.03447	0.02955	0.02955	0.03447	0.02462	0.02709	0.01724	0.02709	0.01477	0.02462	0.01477	0.01970	0.03694	0.00492	0.58385	0.00985	0.00492	0.01231
6	0.03639	0.14076	0.12660	0.02756	0.03823	0.03021	0.09285	0.16817	0.03402	0.15624	0.02701	0.02781	0.01909	0.01182	0.01073	0.00331	0.01337	0.00979	0.00875	0.01727
7	0.02462	0.02462	0.03447	0.02955	0.02955	0.03447	0.02462	0.02709	0.01724	0.02709	0.01477	0.02462	0.01477	0.01970	0.03694	0.00492	0.58385	0.00985	0.00492	0.01231
8	0.04204	0.05364	0.03190	0.02900	0.03480	0.55926	0.02175	0.04494	0.03190	0.02755	0.01740	0.02030	0.01450	0.01160	0.01015	0.00290	0.02030	0.00725	0.00580	0.01305
9	0.02153	0.05026	0.45631	0.02875	0.04258	0.02358	0.03574	0.03240	0.02252	0.03332	0.02277	0.03216	0.01874	0.11060	0.01853	0.00480	0.01567	0.00967	0.00510	0.01498
10	0.02925	0.08630	0.03485	0.15569	0.12344	0.02620	0.02391	0.08415	0.02667	0.10702	0.02528	0.03117	0.01989	0.02444	0.10503	0.00596	0.05856	0.01011	0.00721	0.01486
11	0.10078	0.02921	0.12324	0.07249	0.07603	0.02403	0.13631	0.07167	0.02798	0.09601	0.06467	0.03968	0.02762	0.01343	0.01165	0.00371	0.01353	0.04503	0.00782	0.01512
12	0.02434	0.02399	0.04322	0.31927	0.22618	0.02616	0.11010	0.03191	0.02423	0.03265	0.02086	0.02935	0.01629	0.01055	0.01156	0.00362	0.01513	0.01056	0.00531	0.01472
13	0.02184	0.02695	0.14200	0.23964	0.04946	0.02196	0.02670	0.07842	0.02588	0.03495	0.03246	0.18524	0.03175	0.01802	0.01199	0.00390	0.01273	0.01573	0.00715	0.01323
14	0.08196	0.08300	0.24756	0.08628	0.04202	0.02440	0.02859	0.04055	0.02585	0.19396	0.02706	0.02814	0.01846	0.01167	0.01039	0.00346	0.01328	0.00909	0.00783	0.01646
15	0.17660	0.02330	0.03312	0.08062	0.09195	0.02502	0.10758	0.06778	0.10779	0.04232	0.03049	0.07751	0.02664	0.01467	0.01122	0.00380	0.01195	0.04523	0.00795	0.01446
16	0.01645	0.01215	0.01548	0.01506	0.01765	0.01165	0.01112	0.02314	0.06561	0.04252	0.41433	0.16730	0.09557	0.02450	0.01332	0.00373	0.00578	0.02175	0.01199	0.01090
17	0.01569	0.01223	0.01722	0.11058	0.02769	0.01250	0.01505	0.01923	0.02291	0.02977	0.06030	0.36746	0.11314	0.02976	0.01393	0.00445	0.00852	0.10011	0.00952	0.00996
18	0.07088	0.17593	0.13846	0.14980	0.04786	0.03098	0.10449	0.03619	0.07731	0.03420	0.02196	0.02646	0.01701	0.01084	0.01022	0.00338	0.01413	0.00928	0.00587	0.01476
19	0.02185	0.02041	0.03647	0.43739	0.06785	0.02384	0.09702	0.02828	0.02224	0.02882	0.02036	0.03052	0.01581	0.01405	0.01515	0.07729	0.01501	0.01046	0.00509	0.01206
20	0.01413	0.01041	0.01334	0.01551	0.01691	0.00962	0.01097	0.01659	0.02272	0.02956	0.07051	0.46316	0.14997	0.03367	0.01432	0.00451	0.00681	0.07750	0.01044	0.00934

[dist]
# distance from previous block
# <min> <max>
0	3

[block]
# block no. 2 follows, 11 sequences, length 30
# corresponding to MSA columns:
# 215-244
name=unknown_C
#
# <colnr> <probs for GDERKNQSTAVLIFYWHMCP>
#	G	D	E	R	K	N	Q	S	T	A	V	L	I	F	Y	W	H	M	C	P
0	0.03074	0.03220	0.16199	0.11917	0.11649	0.02431	0.14175	0.03917	0.02653	0.15616	0.02672	0.03032	0.01879	0.01117	0.01161	0.00360	0.01482	0.01071	0.00733	0.01643
1	0.03416	0.10606	0.04891	0.08184	0.04636	0.02871	0.21432	0.10760	0.03084	0.14884	0.02687	0.02988	0.01918	0.01122	0.01155	0.00347	0.01466	0.01111	0.00812	0.01629
2	0.59414	0.02672	0.08845	0.01715	0.02543	0.02537	0.01618	0.03343	0.01978	0.04848	0.01629	0.01903	0.01247	0.01048	0.00747	0.00349	0.00978	0.00640	0.00666	0.01279
3	0.14047	0.04060	0.30426	0.02564	0.03833	0.02315	0.02929	0.04091	0.02550	0.18816	0.02662	0.02717	0.01795	0.01161	0.01026	0.00353	0.01323	0.00884	0.00784	0.01664
4	0.04172	0.02099	0.02611	0.02027	0.02833	0.01977	0.01656	0.14811	0.03609	0.32435	0.10407	0.04068	0.03556	0.01459	0.01131	0.00331	0.00953	0.01188	0.01249	0.07428
5	0.01480	0.01110	0.01249	0.01265	0.01557	0.00983	0.00930	0.01839	0.02643	0.03508	0.20480	0.16812	0.30361	0.02657	0.01291	0.00373	0.00568	0.02279	0.07631	0.00983
6	0.15627	0.01959	0.02452	0.01915	0.02757	0.01800	0.01582	0.05122	0.03003	0.45996	0.03961	0.03497	0.02524	0.01335	0.01059	0.00348	0.00943	0.01045	0.01277	0.01799
7	0.01401	0.01003	0.01333	0.01547	0.01639	0.00934	0.01047	0.01643	0.02295	0.03096	0.12526	0.52753	0.07875	0.03360	0.01422	0.00443	0.00636	0.03042	0.01071	0.00934
8	0.01543	0.01149	0.01435	0.01363	0.01651	0.01041	0.01023	0.02027	0.03068	0.04233	0.44938	0.08869	0.18687	0.02406	0.01328	0.00359	0.00538	0.02100	0.01202	0.01041
9	0.04118	0.02998	0.03207	0.02476	0.03330	0.03311	0.02040	0.46211	0.05076	0.06880	0.02774	0.02812	0.01985	0.01348	0.01101	0.00332	0.01186	0.01016	0.05947	0.01850
10	0.03009	0.61122	0.05898	0.01926	0.02889	0.04454	0.01926	0.03370	0.02287	0.02648	0.01565	0.01805	0.01444	0.00963	0.00722	0.00241	0.01204	0.00602	0.00481	0.01444
11	0.05050	0.01915	0.02612	0.02003	0.02873	0.01654	0.01654	0.05485	0.03221	0.54203	0.04440	0.03831	0.02786	0.01393	0.01132	0.00348	0.00958	0.01132	0.01393	0.01915
12	0.68395	0.02177	0.01654	0.01480	0.02177	0.02525	0.01219	0.03309	0.01915	0.05050	0.01567	0.01828	0.01219	0.01045	0.00697	0.00348	0.00871	0.00609	0.00697	0.01219
13	0.02571	0.01741	0.02158	0.02133	0.02597	0.01829	0.01782	0.03935	0.18395	0.10703	0.05309	0.08755	0.04996	0.02367	0.01365	0.00451	0.00979	0.25418	0.01120	0.01396
14	0.02306	0.02001	0.02475	0.09271	0.03357	0.01636	0.01577	0.02840	0.02323	0.03560	0.02001	0.02424	0.01644	0.00873	0.00873	0.00195	0.00924	0.00712	0.00644	0.58365
15	0.23188	0.02015	0.02155	0.01836	0.02514	0.02121	0.01474	0.04493	0.14774	0.20301	0.10177	0.03938	0.03537	0.01444	0.01030	0.00357	0.00857	0.01131	0.01100	0.01556
16	0.01456	0.01129	0.01326	0.01311	0.01606	0.00999	0.00970	0.01847	0.02813	0.03708	0.30135	0.14572	0.28756	0.02662	0.01340	0.00376	0.00560	0.02300	0.01135	0.00999
17	0.04319	0.03885	0.03238	0.02655	0.03431	0.23321	0.02109	0.28495	0.04305	0.09649	0.02491	0.02547	0.01815	0.01282	0.01084	0.00320	0.01515	0.00914	0.00942	0.01682
18	0.03009	0.61122	0.05898	0.01926	0.02889	0.04454	0.01926	0.03370	0.02287	0.02648	0.01565	0.01805	0.01444	0.00963	0.00722	0.00241	0.01204	0.00602	0.00481	0.01444
19	0.02334	0.02001	0.02334	0.01667	0.02667	0.01500	0.01334	0.02834	0.02334	0.03668	0.02001	0.02334	0.01667	0.00834	0.00834	0.00167	0.00834	0.00667	0.00667	0.67325
20	0.68395	0.02177	0.01654	0.01480	0.02177	0.02525	0.01219	0.03309	0.01915	0.05050	0.01567	0.01828	0.01219	0.01045	0.00697	0.00348	0.00871	0.00609	0.00697	0.01219
21	0.09253	0.02182	0.03426	0.02655	0.03310	0.02236	0.12840	0.03863	0.02507	0.22250	0.03059	0.03716	0.02351	0.09361	0.02190	0.00480	0.10778	0.01175	0.00890	0.01478
22	0.02554	0.32171	0.08401	0.02409	0.07430	0.03119	0.02079	0.03048	0.02389	0.03049	0.03138	0.04247	0.06612	0.01416	0.00962	0.00301	0.01139	0.06951	0.00630	0.07954
23	0.01403	0.01030	0.01317	0.01484	0.01625	0.00944	0.01022	0.01667	0.02383	0.03170	0.14694	0.44516	0.14147	0.03230	0.01404	0.00429	0.00621	0.02894	0.01077	0.00944
24	0.02392	0.01332	0.01735	0.01530	0.01950	0.01193	0.01184	0.02878	0.03138	0.16204	0.37548	0.07539	0.12607	0.02135	0.01281	0.00355	0.00636	0.01851	0.01258	0.01255
25	0.04225	0.10113	0.03663	0.06621	0.03656	0.02261	0.08269	0.04744	0.02944	0.36421	0.03570	0.03385	0.02360	0.01254	0.01102	0.00340	0.01160	0.01076	0.01089	0.01747
26	0.04062	0.09823	0.02935	0.05958	0.03059	0.01994	0.01715	0.04478	0.02880	0.36536	0.04114	0.11084	0.03144	0.01605	0.01117	0.00350	0.00989	0.01331	0.01158	0.01668
27	0.04023	0.01648	0.02166	0.01743	0.02416	0.01459	0.01410	0.04488	0.03054	0.38008	0.10866	0.04521	0.03869	0.01501	0.01093	0.00333	0.00818	0.01239	0.13709	0.01636
28	0.03133	0.01485	0.01920	0.01653	0.02201	0.01296	0.01294	0.03520	0.02928	0.27361	0.14752	0.13744	0.15670	0.02159	0.01251	0.00371	0.00757	0.01842	0.01243	0.01419
29	0.03618	0.03399	0.20967	0.02997	0.08608	0.02253	0.02778	0.04363	0.02726	0.26879	0.03098	0.03097	0.02094	0.01294	0.01341	0.00363	0.06463	0.01001	0.00909	0.01752

[dist]
# distance from previous block
# <min> <max>
0	9

[block]
# block no. 3 follows, 11 sequences, length 10
# corresponding to MSA columns:
# 254-263
name=unknown_D
#
# <colnr> <probs for GDERKNQSTAVLIFYWHMCP>
#	G	D	E	R	K	N	Q	S	T	A	V	L	I	F	Y	W	H	M	C	P
0	0.03373	0.02445	0.10814	0.15654	0.04233	0.01932	0.02366	0.04019	0.02755	0.25971	0.04064	0.04636	0.05926	0.01523	0.01170	0.00373	0.01181	0.05011	0.00978	0.01574
1	0.49219	0.02451	0.02281	0.08078	0.08731	0.06481	0.01745	0.03368	0.02119	0.04496	0.01688	0.02075	0.01330	0.01057	0.00813	0.00345	0.01075	0.00704	0.00651	0.01293
2	0.01920	0.01500	0.01833	0.01670	0.01986	0.01554	0.01289	0.07488	0.03062	0.04186	0.29449	0.12149	0.16716	0.02374	0.01562	0.00381	0.06668	0.01979	0.01093	0.01142
3	0.02255	0.01937	0.02883	0.30041	0.08385	0.02159	0.02383	0.07540	0.02691	0.03626	0.08447	0.10763	0.03382	0.01557	0.01162	0.00358	0.01184	0.01372	0.00738	0.07137
4	0.01565	0.01129	0.01479	0.01435	0.01675	0.01043	0.01060	0.02053	0.03054	0.04304	0.46871	0.14963	0.10214	0.02458	0.01341	0.00367	0.00547	0.02184	0.01214	0.01043
5	0.01583	0.01662	0.07277	0.01508	0.01944	0.01200	0.01305	0.02073	0.02755	0.03716	0.29124	0.08451	0.23108	0.07386	0.01681	0.00427	0.00719	0.01980	0.01041	0.01059
6	0.02500	0.01898	0.02267	0.01670	0.02576	0.01466	0.01333	0.02997	0.02510	0.08382	0.07887	0.03147	0.02767	0.01048	0.00916	0.00204	0.00811	0.00862	0.00797	0.53963
7	0.01466	0.01113	0.01351	0.01361	0.01621	0.00997	0.00994	0.01853	0.02784	0.03722	0.30474	0.19568	0.23161	0.02721	0.01350	0.00383	0.00568	0.02377	0.01139	0.00997
8	0.02334	0.02001	0.02334	0.01667	0.02667	0.01500	0.01334	0.02834	0.02334	0.03668	0.02001	0.02334	0.01667	0.00834	0.00834	0.00167	0.00834	0.00667	0.00667	0.67325
9	0.68395	0.02177	0.01654	0.01480	0.02177	0.02525	0.01219	0.03309	0.01915	0.05050	0.01567	0.01828	0.01219	0.01045	0.00697	0.00348	0.00871	0.00609	0.00697	0.01219

[dist]
# distance from previous block
# <min> <max>
0	6

[block]
# block no. 4 follows, 11 sequences, length 16
# corresponding to MSA columns:
# 270-285
name=unknown_E
#
# <colnr> <probs for GDERKNQSTAVLIFYWHMCP>
#	G	D	E	R	K	N	Q	S	T	A	V	L	I	F	Y	W	H	M	C	P
0	0.03197	0.01973	0.02422	0.01774	0.02733	0.01549	0.01436	0.03677	0.02616	0.19732	0.02776	0.02810	0.02023	0.01011	0.00928	0.00224	0.00873	0.00815	0.00898	0.46533
1	0.03495	0.02397	0.02541	0.02036	0.02707	0.02613	0.01653	0.32764	0.04238	0.06052	0.03051	0.03239	0.02263	0.01337	0.01004	0.00311	0.00982	0.01026	0.24688	0.01603
2	0.05050	0.01915	0.02612	0.02003	0.02873	0.01654	0.01654	0.05485	0.03221	0.54203	0.04440	0.03831	0.02786	0.01393	0.01132	0.00348	0.00958	0.01132	0.01393	0.01915
3	0.01652	0.01230	0.01516	0.01406	0.01712	0.01099	0.01016	0.02048	0.02704	0.03791	0.31780	0.11691	0.11673	0.11550	0.01979	0.00459	0.00670	0.01923	0.01050	0.09050
4	0.02205	0.01470	0.01801	0.01753	0.02097	0.01480	0.01295	0.03207	0.14024	0.09942	0.16687	0.27757	0.06696	0.02509	0.01306	0.00402	0.00717	0.02221	0.01157	0.01274
5	0.04165	0.02113	0.02586	0.02116	0.02894	0.02105	0.01704	0.05680	0.22162	0.34741	0.04496	0.03976	0.03042	0.01446	0.01137	0.00361	0.00931	0.01187	0.01296	0.01863
6	0.10539	0.02039	0.02590	0.02004	0.02862	0.01880	0.01655	0.08879	0.03275	0.46073	0.04048	0.03564	0.02578	0.01359	0.01093	0.00347	0.00973	0.01076	0.01310	0.01854
7	0.01443	0.01052	0.01359	0.01477	0.01639	0.00968	0.01034	0.01761	0.02543	0.03447	0.22558	0.37848	0.12606	0.03048	0.01390	0.00415	0.00604	0.02729	0.01111	0.00968
8	0.02115	0.01279	0.01595	0.01441	0.01842	0.01133	0.01107	0.02562	0.03022	0.12647	0.33158	0.08286	0.20884	0.02296	0.01295	0.00360	0.00615	0.01973	0.01212	0.01178
9	0.35706	0.02042	0.02148	0.01750	0.02536	0.02076	0.01444	0.04432	0.02589	0.30415	0.03050	0.02862	0.02028	0.01225	0.00921	0.00348	0.00916	0.00879	0.01056	0.01578
10	0.09711	0.02811	0.03074	0.02374	0.03252	0.03023	0.01961	0.36519	0.04577	0.16885	0.02976	0.02869	0.02041	0.01335	0.01092	0.00341	0.01149	0.01005	0.01147	0.01857
11	0.68395	0.02177	0.01654	0.01480	0.02177	0.02525	0.01219	0.03309	0.01915	0.05050	0.01567	0.01828	0.01219	0.01045	0.00697	0.00348	0.00871	0.00609	0.00697	0.01219
12	0.01412	0.00997	0.01294	0.01515	0.01571	0.00941	0.00990	0.01578	0.02076	0.02768	0.05799	0.51733	0.06933	0.12200	0.02091	0.00554	0.00720	0.02962	0.00990	0.00879
13	0.10459	0.02166	0.02692	0.02559	0.10368	0.01980	0.01745	0.02975	0.02263	0.03751	0.01918	0.02353	0.01613	0.00988	0.01118	0.00244	0.06110	0.00740	0.00638	0.43320
14	0.02693	0.02209	0.02317	0.02101	0.02681	0.02533	0.01630	0.05469	0.43918	0.04630	0.04442	0.04199	0.03352	0.01494	0.01091	0.00364	0.00835	0.01238	0.11134	0.01670
15	0.08954	0.30298	0.08697	0.07162	0.03614	0.03430	0.05316	0.03557	0.02350	0.09306	0.02031	0.02340	0.01611	0.01126	0.01115	0.00314	0.05889	0.00800	0.00620	0.01470

[dist]
# distance from previous block
# <min> <max>
0	1

[block]
# block no. 5 follows, 11 sequences, length 25
# corresponding to MSA columns:
# 287-311
name=unknown_F
#
# <colnr> <probs for GDERKNQSTAVLIFYWHMCP>
#	G	D	E	R	K	N	Q	S	T	A	V	L	I	F	Y	W	H	M	C	P
0	0.12356	0.03202	0.12761	0.07074	0.04026	0.06150	0.10469	0.10501	0.02927	0.09664	0.02504	0.02824	0.01816	0.01156	0.01049	0.00343	0.01353	0.00973	0.07329	0.01521
1	0.01633	0.01107	0.01310	0.01310	0.01338	0.01136	0.00784	0.01689	0.01661	0.02243	0.03471	0.06950	0.03912	0.53113	0.12814	0.01192	0.01362	0.01576	0.00671	0.00728
2	0.02275	0.02001	0.02783	0.16072	0.04069	0.02252	0.05712	0.03895	0.21986	0.03716	0.04181	0.14299	0.03820	0.01887	0.01246	0.00407	0.01094	0.05988	0.00912	0.01404
3	0.01629	0.01123	0.01386	0.01386	0.01441	0.01177	0.00880	0.01739	0.01684	0.02300	0.03401	0.06561	0.03743	0.46229	0.19467	0.01287	0.01617	0.01519	0.00660	0.00770
4	0.02323	0.01210	0.01365	0.01262	0.01637	0.01123	0.00969	0.02792	0.02647	0.11484	0.12411	0.05975	0.13179	0.01751	0.01017	0.00310	0.00598	0.01449	0.35335	0.01162
5	0.68395	0.02177	0.01654	0.01480	0.02177	0.02525	0.01219	0.03309	0.01915	0.05050	0.01567	0.01828	0.01219	0.01045	0.00697	0.00348	0.00871	0.00609	0.00697	0.01219
6	0.01637	0.01091	0.01228	0.01228	0.01228	0.01091	0.00682	0.01637	0.01637	0.02182	0.03546	0.07365	0.04092	0.60445	0.05729	0.01091	0.01091	0.01637	0.00682	0.00682
7	0.02188	0.01516	0.01849	0.01758	0.02179	0.01428	0.01291	0.02984	0.10852	0.08817	0.04964	0.33593	0.05192	0.02458	0.01243	0.00379	0.00760	0.02180	0.01030	0.13338
8	0.02806	0.01986	0.02382	0.01725	0.02703	0.01527	0.01389	0.03294	0.02488	0.12444	0.02424	0.02594	0.01861	0.00931	0.00885	0.00198	0.00855	0.00748	0.00793	0.55966
9	0.02931	0.01982	0.02395	0.01741	0.02713	0.01534	0.01404	0.03417	0.02529	0.14777	0.02537	0.02663	0.01913	0.00957	0.00899	0.00207	0.00861	0.00769	0.00826	0.52945
10	0.02786	0.02674	0.04568	0.06908	0.53424	0.02674	0.03454	0.03454	0.02563	0.03677	0.02117	0.02786	0.01783	0.01003	0.01114	0.00334	0.01337	0.01003	0.00557	0.01783
11	0.03873	0.02796	0.03659	0.03287	0.10609	0.02941	0.06914	0.26774	0.09232	0.13604	0.03058	0.03089	0.02178	0.01287	0.01147	0.00348	0.01236	0.01090	0.01035	0.01842
12	0.35818	0.02853	0.02424	0.02026	0.02778	0.10213	0.01641	0.15830	0.03117	0.10508	0.02195	0.02299	0.01601	0.01178	0.00900	0.00337	0.01140	0.00787	0.00867	0.01487
13	0.04235	0.02664	0.10653	0.02655	0.03685	0.01999	0.10405	0.04883	0.03003	0.38153	0.03718	0.03486	0.02404	0.01269	0.01158	0.00355	0.01223	0.01124	0.01119	0.01810
14	0.02126	0.02001	0.03376	0.57739	0.07752	0.02501	0.03126	0.02876	0.02251	0.02876	0.02001	0.03001	0.01500	0.01125	0.01125	0.00375	0.01500	0.01000	0.00500	0.01250
15	0.02585	0.02279	0.04138	0.20603	0.05336	0.02364	0.19151	0.03552	0.06817	0.08547	0.09725	0.03959	0.03151	0.01288	0.01229	0.00372	0.01401	0.01300	0.00772	0.01430
16	0.02937	0.02725	0.04385	0.05835	0.39721	0.02786	0.06367	0.08651	0.07729	0.04140	0.02436	0.02935	0.01956	0.01088	0.01134	0.00343	0.01321	0.01054	0.00677	0.01778
17	0.02902	0.02121	0.03749	0.22743	0.05227	0.02177	0.14143	0.03594	0.02723	0.15883	0.09835	0.03976	0.03154	0.01312	0.01207	0.00367	0.01331	0.01261	0.00841	0.01455
18	0.01450	0.01012	0.01283	0.01467	0.01513	0.00966	0.00938	0.01588	0.02002	0.02669	0.05419	0.44251	0.06454	0.20336	0.02704	0.00644	0.00782	0.02738	0.00938	0.00846
19	0.03189	0.03898	0.22215	0.03764	0.13315	0.02796	0.07766	0.16078	0.03296	0.09129	0.02466	0.02736	0.01774	0.01150	0.01124	0.00349	0.01449	0.00988	0.00757	0.01761
20	0.03248	0.02908	0.08028	0.16856	0.09156	0.02830	0.11005	0.18515	0.03433	0.09150	0.02510	0.02918	0.01806	0.01177	0.01157	0.00356	0.01436	0.01062	0.00799	0.01650
21	0.01420	0.01000	0.01292	0.01505	0.01558	0.00947	0.00978	0.01580	0.02060	0.02747	0.05717	0.50121	0.06830	0.13953	0.02223	0.00573	0.00733	0.02913	0.00978	0.00872
22	0.03898	0.02011	0.02820	0.17946	0.04273	0.02057	0.02092	0.04811	0.09736	0.32580	0.03764	0.03646	0.02511	0.01336	0.01132	0.00361	0.01103	0.01114	0.01103	0.01707
23	0.19159	0.08743	0.03537	0.08138	0.07929	0.02835	0.06732	0.13372	0.03034	0.12657	0.02427	0.02648	0.01765	0.01151	0.01000	0.00339	0.01201	0.00921	0.00832	0.01582
24	0.02923	0.03392	0.16332	0.02973	0.03953	0.07466	0.13856	0.03890	0.06159	0.12057	0.11671	0.03940	0.03494	0.01352	0.01189	0.00356	0.01386	0.01236	0.00841	0.01535

[dist]
# distance from previous block
# <min> <max>
0	1

[block]
# block no. 6 follows, 11 sequences, length 25
# corresponding to MSA columns:
# 313-337
name=unknown_G
#
# <colnr> <probs for GDERKNQSTAVLIFYWHMCP>
#	G	D	E	R	K	N	Q	S	T	A	V	L	I	F	Y	W	H	M	C	P
0	0.02484	0.03521	0.19221	0.02774	0.07877	0.06571	0.02518	0.03560	0.08331	0.03769	0.07463	0.03200	0.02701	0.01182	0.01036	0.00297	0.01218	0.00965	0.00704	0.20607
1	0.22821	0.02269	0.02514	0.01987	0.02815	0.02316	0.01641	0.14861	0.03320	0.29625	0.03233	0.03008	0.02145	0.01285	0.01007	0.00346	0.00997	0.00957	0.01135	0.01718
2	0.02630	0.02248	0.02398	0.02205	0.02774	0.02576	0.01694	0.05458	0.45563	0.04491	0.04773	0.10770	0.03910	0.01764	0.01180	0.00391	0.00863	0.01501	0.01133	0.01679
3	0.01564	0.01160	0.01487	0.01695	0.01839	0.01147	0.01202	0.02098	0.07202	0.03113	0.06012	0.49005	0.06933	0.03278	0.01420	0.00456	0.00718	0.07601	0.01054	0.01015
4	0.01481	0.01146	0.01350	0.01299	0.01613	0.01014	0.00974	0.01908	0.02922	0.03888	0.35230	0.09437	0.28610	0.02534	0.01329	0.00365	0.00548	0.02180	0.01157	0.01014
5	0.01619	0.01106	0.01342	0.01434	0.01491	0.01094	0.00942	0.01743	0.01895	0.02511	0.04443	0.17793	0.05110	0.40265	0.04233	0.00878	0.01002	0.09506	0.00809	0.00785
6	0.01594	0.01137	0.01528	0.01556	0.01664	0.01231	0.01085	0.01817	0.01778	0.02472	0.03561	0.11432	0.03805	0.28279	0.30531	0.01385	0.02012	0.01586	0.00681	0.00869
7	0.02470	0.01350	0.01756	0.01540	0.01976	0.01205	0.01195	0.02950	0.03130	0.17366	0.35773	0.07466	0.13056	0.02122	0.01277	0.00355	0.00647	0.01835	0.01259	0.01274
8	0.03075	0.02282	0.02622	0.01930	0.02893	0.02015	0.01566	0.14853	0.03160	0.09219	0.02403	0.02565	0.01833	0.01016	0.00935	0.00227	0.00947	0.00797	0.00850	0.44813
9	0.02334	0.02001	0.02334	0.01667	0.02667	0.01500	0.01334	0.02834	0.02334	0.03668	0.02001	0.02334	0.01667	0.00834	0.00834	0.00167	0.00834	0.00667	0.00667	0.67325
10	0.02462	0.02462	0.03447	0.02955	0.02955	0.03447	0.02462	0.02709	0.01724	0.02709	0.01477	0.02462	0.01477	0.01970	0.03694	0.00492	0.58385	0.00985	0.00492	0.01231
11	0.22339	0.02552	0.03264	0.03897	0.22593	0.02697	0.02336	0.13474	0.03027	0.10155	0.02329	0.02601	0.01754	0.01131	0.00998	0.00341	0.01141	0.00905	0.00807	0.01662
12	0.01371	0.00979	0.01306	0.01567	0.01632	0.00914	0.01045	0.01567	0.02155	0.02873	0.06203	0.59710	0.07444	0.03526	0.01437	0.00457	0.00653	0.03200	0.01045	0.00914
13	0.08117	0.01428	0.01836	0.07602	0.02561	0.01408	0.01379	0.02726	0.02701	0.12489	0.20689	0.17731	0.10524	0.02219	0.01240	0.00379	0.00769	0.01922	0.01079	0.01202
14	0.14992	0.02590	0.08323	0.02640	0.08985	0.02175	0.02072	0.08313	0.02918	0.24789	0.02999	0.02948	0.02056	0.01189	0.01016	0.00327	0.01076	0.00935	0.00975	0.08683
15	0.02842	0.01827	0.02108	0.01847	0.02423	0.01863	0.01446	0.04341	0.21949	0.16186	0.14597	0.06122	0.13890	0.01884	0.01210	0.00368	0.00781	0.01585	0.01203	0.01527
16	0.01371	0.00979	0.01306	0.01567	0.01632	0.00914	0.01045	0.01567	0.02155	0.02873	0.06203	0.59710	0.07444	0.03526	0.01437	0.00457	0.00653	0.03200	0.01045	0.00914
17	0.06706	0.08457	0.26797	0.13124	0.09945	0.02561	0.03189	0.03183	0.02312	0.03405	0.02403	0.08526	0.02103	0.01322	0.01070	0.00358	0.01401	0.01098	0.00564	0.01474
18	0.03009	0.61122	0.05898	0.01926	0.02889	0.04454	0.01926	0.03370	0.02287	0.02648	0.01565	0.01805	0.01444	0.00963	0.00722	0.00241	0.01204	0.00602	0.00481	0.01444
19	0.03496	0.01551	0.02047	0.01773	0.02347	0.01407	0.01456	0.03975	0.02942	0.29685	0.10313	0.06104	0.04425	0.01808	0.01172	0.00365	0.00843	0.09623	0.13175	0.01492
20	0.03635	0.01702	0.02307	0.01886	0.02472	0.01611	0.01523	0.04086	0.03076	0.32595	0.20766	0.05278	0.05355	0.01756	0.01427	0.00363	0.05913	0.01429	0.01260	0.01562
21	0.03940	0.02883	0.12923	0.03103	0.07940	0.02120	0.10531	0.04642	0.02915	0.32042	0.03433	0.03342	0.02269	0.01225	0.01153	0.00354	0.01280	0.01101	0.01014	0.01790
22	0.02471	0.01669	0.02406	0.01965	0.02531	0.01536	0.06363	0.03238	0.06908	0.12872	0.30147	0.06100	0.06847	0.01791	0.01229	0.00339	0.00809	0.01605	0.01129	0.08044
23	0.08235	0.01140	0.01392	0.01550	0.01689	0.01155	0.01066	0.01804	0.02034	0.02989	0.05069	0.41645	0.05903	0.09991	0.08280	0.00674	0.01002	0.02532	0.00918	0.00931
24	0.54294	0.02391	0.02033	0.01724	0.02466	0.02737	0.01421	0.13505	0.02658	0.05499	0.01817	0.02021	0.01372	0.01112	0.00791	0.00346	0.00952	0.00698	0.00791	0.01372

[dist]
# distance from previous block
# <min> <max>
0	35

[block]
# block no. 7 follows, 11 sequences, length 30
# corresponding to MSA columns:
# 373-398,402-405
name=unknown_H
#
# <colnr> <probs for GDERKNQSTAVLIFYWHMCP>
#	G	D	E	R	K	N	Q	S	T	A	V	L	I	F	Y	W	H	M	C	P
0	0.12912	0.08179	0.14594	0.02479	0.03442	0.06844	0.02390	0.18020	0.03229	0.04714	0.02070	0.02331	0.01578	0.01199	0.01176	0.00329	0.05567	0.00827	0.00740	0.07381
1	0.02126	0.02001	0.03376	0.57739	0.07752	0.02501	0.03126	0.02876	0.02251	0.02876	0.02001	0.03001	0.01500	0.01125	0.01125	0.00375	0.01500	0.01000	0.00500	0.01250
2	0.02199	0.02143	0.03825	0.50443	0.07495	0.02548	0.09488	0.02976	0.02306	0.02976	0.02039	0.03006	0.01529	0.01101	0.01153	0.00376	0.01555	0.01045	0.00510	0.01287
3	0.01945	0.01080	0.01187	0.01160	0.01423	0.01053	0.00870	0.02472	0.02610	0.04292	0.18542	0.05470	0.05225	0.01611	0.00950	0.00290	0.00526	0.01347	0.46893	0.01053
4	0.02813	0.01402	0.01599	0.01404	0.01840	0.01366	0.01099	0.06858	0.02856	0.14587	0.09137	0.04466	0.03636	0.01439	0.00943	0.00296	0.00669	0.01171	0.41126	0.01294
5	0.01657	0.01236	0.01583	0.01471	0.01803	0.01097	0.01095	0.02134	0.02922	0.04160	0.39290	0.15233	0.08983	0.02292	0.01279	0.00345	0.00588	0.02030	0.01136	0.09667
6	0.04604	0.01784	0.02376	0.01858	0.02637	0.01563	0.01523	0.05052	0.03091	0.46642	0.04324	0.03886	0.02801	0.01381	0.01080	0.00335	0.00892	0.01119	0.11266	0.01784
7	0.02056	0.01890	0.03132	0.50407	0.06962	0.02313	0.02857	0.02778	0.02372	0.03089	0.08618	0.03705	0.02688	0.01278	0.01152	0.00372	0.01374	0.01135	0.00596	0.01226
8	0.02284	0.05385	0.47952	0.03175	0.04622	0.02722	0.03938	0.03453	0.02291	0.03453	0.01949	0.02388	0.01433	0.01187	0.01411	0.00374	0.09048	0.00852	0.00478	0.01607
9	0.01494	0.01083	0.01434	0.01648	0.01801	0.01022	0.01222	0.01801	0.02371	0.03130	0.10006	0.40545	0.10912	0.03280	0.01450	0.00459	0.00732	0.13595	0.01057	0.00958
10	0.03215	0.02624	0.02779	0.02375	0.03085	0.02994	0.01882	0.18248	0.38447	0.05378	0.04053	0.03779	0.03009	0.01478	0.01140	0.00369	0.00988	0.01200	0.01140	0.01819
11	0.02769	0.02721	0.04838	0.06627	0.47234	0.02697	0.09428	0.03474	0.02575	0.03668	0.02138	0.02818	0.01773	0.00996	0.01142	0.00340	0.01410	0.01045	0.00559	0.01748
12	0.01659	0.01306	0.01894	0.14776	0.03104	0.01363	0.01545	0.02152	0.02688	0.03686	0.28304	0.20889	0.07612	0.02352	0.01309	0.00387	0.00793	0.02103	0.01012	0.01067
13	0.02277	0.02168	0.03004	0.02621	0.02637	0.02951	0.02128	0.02502	0.01719	0.02628	0.01892	0.03303	0.01950	0.10566	0.08382	0.00686	0.45829	0.01093	0.00528	0.01137
14	0.02257	0.05822	0.54613	0.03208	0.04871	0.02614	0.04158	0.03564	0.02376	0.03564	0.02020	0.02376	0.01426	0.01069	0.01069	0.00356	0.01663	0.00832	0.00475	0.01663
15	0.02257	0.05822	0.54613	0.03208	0.04871	0.02614	0.04158	0.03564	0.02376	0.03564	0.02020	0.02376	0.01426	0.01069	0.01069	0.00356	0.01663	0.00832	0.00475	0.01663
16	0.01593	0.01092	0.01327	0.01366	0.01405	0.01112	0.00845	0.01683	0.01740	0.02350	0.03861	0.14693	0.04397	0.44163	0.12660	0.01105	0.01316	0.01804	0.00724	0.00765
17	0.02107	0.01253	0.01599	0.01512	0.01611	0.01290	0.01009	0.06803	0.01940	0.02591	0.02551	0.04616	0.02641	0.21885	0.04470	0.38557	0.01043	0.01194	0.00621	0.00707
18	0.02102	0.01860	0.03113	0.49992	0.06887	0.02291	0.02830	0.02682	0.02143	0.02749	0.01994	0.03059	0.01563	0.01509	0.01576	0.09583	0.01428	0.00997	0.00499	0.01145
19	0.48279	0.02483	0.02195	0.01828	0.02589	0.02828	0.01508	0.17854	0.02975	0.05691	0.01923	0.02103	0.01437	0.01141	0.00831	0.00345	0.00986	0.00736	0.00831	0.01437
20	0.03090	0.07502	0.02981	0.02315	0.03027	0.03066	0.01860	0.13812	0.38756	0.04974	0.03981	0.03722	0.02987	0.01447	0.01106	0.00362	0.00981	0.01168	0.01086	0.01778
21	0.01435	0.00986	0.01283	0.01522	0.01604	0.00926	0.01022	0.01660	0.02173	0.02990	0.05981	0.54824	0.07043	0.03331	0.01379	0.00440	0.00642	0.03010	0.06823	0.00926
22	0.07833	0.07834	0.21511	0.10713	0.08722	0.02691	0.06422	0.07316	0.02694	0.10398	0.02347	0.02678	0.01688	0.01117	0.01060	0.00347	0.01413	0.00926	0.00680	0.01609
23	0.25521	0.11228	0.22869	0.02280	0.03410	0.02691	0.02510	0.03715	0.02322	0.10929	0.02138	0.02314	0.01544	0.01092	0.00904	0.00337	0.01233	0.00767	0.00679	0.01516
24	0.04411	0.01755	0.02353	0.01854	0.02605	0.01536	0.01513	0.04865	0.03142	0.44358	0.09674	0.04364	0.03653	0.01485	0.01123	0.00341	0.00873	0.01224	0.07124	0.01746
25	0.02440	0.01400	0.01982	0.10137	0.02874	0.01367	0.01514	0.02847	0.02643	0.15899	0.14640	0.26858	0.06041	0.02386	0.01292	0.00397	0.00832	0.02118	0.01088	0.01243
26	0.03307	0.07923	0.22935	0.10916	0.04441	0.02556	0.02907	0.09043	0.02910	0.18149	0.02745	0.02877	0.01878	0.01193	0.01076	0.00346	0.01358	0.00945	0.00811	0.01684
27	0.02286	0.05359	0.47568	0.03173	0.04608	0.02729	0.03925	0.03447	0.02286	0.03447	0.01945	0.02388	0.01433	0.01193	0.01431	0.00375	0.09473	0.00853	0.00478	0.01604
28	0.01700	0.01098	0.01325	0.01353	0.01381	0.01098	0.00847	0.01689	0.01718	0.02281	0.03592	0.07406	0.04059	0.46379	0.05088	0.10138	0.01070	0.06390	0.00694	0.00694
29	0.08195	0.02919	0.10585	0.08452	0.03777	0.02673	0.02286	0.12114	0.20689	0.11563	0.03356	0.03317	0.02414	0.01330	0.01092	0.00363	0.01139	0.01064	0.00970	0.01703

[dist]
# distance from previous block
# <min> <max>
0	1

[block]
# block no. 8 follows, 11 sequences, length 20
# corresponding to MSA columns:
# 407-426
name=unknown_I
#
# <colnr> <probs for GDERKNQSTAVLIFYWHMCP>
#	G	D	E	R	K	N	Q	S	T	A	V	L	I	F	Y	W	H	M	C	P
0	0.02525	0.02860	0.16384	0.16061	0.04338	0.02110	0.02566	0.07483	0.02814	0.09619	0.10707	0.10674	0.03801	0.01638	0.01180	0.00370	0.01203	0.01401	0.00836	0.01429
1	0.09727	0.02021	0.03178	0.51286	0.07112	0.02503	0.02907	0.02925	0.02212	0.03125	0.01951	0.02866	0.01468	0.01116	0.01076	0.00372	0.01428	0.00955	0.00523	0.01247
2	0.20807	0.03094	0.16114	0.08989	0.08490	0.02317	0.02487	0.03594	0.02369	0.11116	0.02245	0.02538	0.01633	0.01082	0.00960	0.00331	0.01201	0.00830	0.00699	0.09104
3	0.02746	0.01770	0.02135	0.01628	0.02428	0.01425	0.01298	0.03241	0.02607	0.13629	0.08532	0.03552	0.03064	0.01170	0.00943	0.00235	0.00785	0.00961	0.08952	0.38901
4	0.02206	0.02083	0.03522	0.51520	0.13340	0.02522	0.03166	0.02947	0.02289	0.02974	0.02015	0.02974	0.01535	0.01110	0.01124	0.00370	0.01480	0.01001	0.00507	0.01315
5	0.68395	0.02177	0.01654	0.01480	0.02177	0.02525	0.01219	0.03309	0.01915	0.05050	0.01567	0.01828	0.01219	0.01045	0.00697	0.00348	0.00871	0.00609	0.00697	0.01219
6	0.02257	0.05822	0.54613	0.03208	0.04871	0.02614	0.04158	0.03564	0.02376	0.03564	0.02020	0.02376	0.01426	0.01069	0.01069	0.00356	0.01663	0.00832	0.00475	0.01663
7	0.01490	0.01152	0.01311	0.01318	0.01600	0.01035	0.00980	0.01815	0.02575	0.03295	0.19476	0.09928	0.30585	0.11471	0.02020	0.00496	0.00689	0.06784	0.01035	0.00945
8	0.02434	0.01870	0.01998	0.01835	0.02318	0.02081	0.01414	0.04523	0.31337	0.04546	0.11653	0.04836	0.04381	0.01588	0.01080	0.00346	0.00741	0.01330	0.18207	0.01482
9	0.01422	0.01019	0.01351	0.01533	0.01644	0.00948	0.01049	0.01694	0.02390	0.03247	0.16843	0.48003	0.08169	0.03247	0.01412	0.00434	0.00625	0.02934	0.01089	0.00948
10	0.01486	0.01068	0.01409	0.01489	0.01658	0.00991	0.01054	0.01856	0.02689	0.03723	0.30364	0.33126	0.09090	0.02891	0.01380	0.00404	0.00590	0.02596	0.01145	0.00991
11	0.01475	0.01146	0.01341	0.01292	0.01609	0.01012	0.00969	0.01896	0.02908	0.03854	0.34273	0.09493	0.29588	0.02547	0.01329	0.00366	0.00549	0.02188	0.01152	0.01012
12	0.02346	0.05206	0.44011	0.03547	0.05095	0.02665	0.14143	0.03573	0.02438	0.03573	0.02077	0.02522	0.01488	0.01043	0.01127	0.00362	0.01715	0.00941	0.00496	0.01631
13	0.54874	0.02311	0.01936	0.01684	0.02398	0.02661	0.01377	0.08878	0.06954	0.05252	0.01981	0.02152	0.01507	0.01125	0.00788	0.00350	0.00915	0.00718	0.00788	0.01352
14	0.14489	0.02091	0.02365	0.08307	0.03092	0.02322	0.01702	0.17394	0.03159	0.08612	0.02778	0.03190	0.02118	0.02276	0.08791	0.00540	0.01304	0.00984	0.13058	0.01427
15	0.28275	0.20049	0.03326	0.01876	0.02693	0.03146	0.01640	0.09465	0.06570	0.10210	0.02279	0.02350	0.01731	0.01136	0.00843	0.00317	0.01028	0.00770	0.00801	0.01497
16	0.22122	0.14763	0.02880	0.08151	0.02991	0.02588	0.01634	0.06362	0.02476	0.07914	0.03501	0.09774	0.07667	0.01562	0.00969	0.00343	0.00992	0.01208	0.00791	0.01314
17	0.17962	0.07423	0.07718	0.02109	0.03041	0.02583	0.01907	0.14926	0.03204	0.19446	0.02752	0.02710	0.01915	0.01198	0.00973	0.00323	0.01082	0.00883	0.00961	0.06884
18	0.03629	0.07494	0.15551	0.02561	0.03590	0.02415	0.06149	0.11275	0.03142	0.22831	0.03344	0.07520	0.02509	0.01410	0.01125	0.00352	0.01239	0.01182	0.00971	0.01709
19	0.22736	0.08499	0.02806	0.01928	0.02774	0.02538	0.01624	0.12803	0.03067	0.21549	0.02780	0.02704	0.01936	0.01194	0.00938	0.00320	0.01002	0.00865	0.00986	0.06950

[dist]
# distance from previous block
# <min> <max>
1	72

[block]
# block no. 9 follows, 11 sequences, length 30
# corresponding to MSA columns:
# 499-528
name=unknown_J
#
# <colnr> <probs for GDERKNQSTAVLIFYWHMCP>
#	G	D	E	R	K	N	Q	S	T	A	V	L	I	F	Y	W	H	M	C	P
0	0.08359	0.01879	0.05953	0.07348	0.02928	0.01595	0.01685	0.03337	0.02665	0.19993	0.10682	0.16913	0.08033	0.02003	0.01196	0.00379	0.00909	0.01712	0.01056	0.01375
1	0.02109	0.01469	0.01815	0.01546	0.02049	0.01243	0.01153	0.02511	0.02575	0.07925	0.19458	0.12652	0.05735	0.09124	0.01707	0.00396	0.00754	0.01606	0.00966	0.23207
2	0.21800	0.07953	0.09718	0.02197	0.03090	0.02967	0.02032	0.22308	0.03509	0.05443	0.06657	0.02844	0.02388	0.01279	0.00981	0.00336	0.01125	0.00931	0.00874	0.01569
3	0.03010	0.14125	0.10993	0.07796	0.10343	0.02807	0.02443	0.11054	0.02906	0.07583	0.02226	0.02526	0.01712	0.01066	0.00978	0.00290	0.01224	0.00843	0.00703	0.15374
