[name]
unknown

[dist]
# distance from previous block
# <min> <max>
14	199

[block]
# block no. 0 follows, 14 sequences, length 54
# corresponding to MSA columns:
# 260-313
name=unknown_A
#
# <colnr> <probs for GDERKNQSTAVLIFYWHMCP>
#	G	D	E	R	K	N	Q	S	T	A	V	L	I	F	Y	W	H	M	C	P
0	0.29894	0.02724	0.06148	0.07301	0.03031	0.10448	0.01744	0.08789	0.09982	0.04114	0.02037	0.02241	0.01554	0.01056	0.00841	0.00307	0.01080	0.00744	0.00687	0.05276
1	0.01425	0.00971	0.01154	0.01213	0.01244	0.00950	0.00732	0.01503	0.01706	0.02289	0.07180	0.21932	0.04915	0.43866	0.03928	0.00799	0.00856	0.01897	0.00742	0.00700
2	0.02445	0.02502	0.11705	0.07974	0.03802	0.02070	0.15333	0.03568	0.11916	0.10766	0.13259	0.03903	0.03478	0.01281	0.01105	0.00335	0.01150	0.01208	0.00810	0.01392
3	0.02095	0.18421	0.02783	0.01542	0.02251	0.01971	0.01296	0.02485	0.02195	0.03101	0.09232	0.10497	0.03177	0.01275	0.00860	0.00226	0.00794	0.01045	0.00673	0.34081
4	0.02127	0.02521	0.15538	0.05911	0.07867	0.01992	0.02222	0.02914	0.05985	0.07111	0.16932	0.04049	0.03883	0.01896	0.05380	0.00432	0.10054	0.01165	0.00737	0.01283
5	0.14034	0.06447	0.05997	0.09446	0.06281	0.02254	0.01854	0.03945	0.16363	0.14332	0.06558	0.03210	0.02592	0.01211	0.00951	0.00322	0.00953	0.00972	0.00844	0.01432
6	0.01499	0.01116	0.01404	0.01340	0.01598	0.01060	0.01000	0.02111	0.06370	0.03944	0.47113	0.11417	0.11816	0.02158	0.01206	0.00332	0.00516	0.01901	0.01101	0.00997
7	0.01723	0.01164	0.01475	0.01363	0.01568	0.01155	0.00989	0.02039	0.02403	0.07129	0.32227	0.06885	0.09929	0.18626	0.02421	0.00513	0.04856	0.01655	0.00946	0.00934
8	0.01899	0.02395	0.16919	0.01925	0.02484	0.01711	0.01841	0.05626	0.06739	0.02900	0.02664	0.03996	0.02451	0.18103	0.18256	0.05721	0.01597	0.01082	0.00602	0.01088
9	0.02782	0.47916	0.04772	0.01973	0.02701	0.03819	0.01856	0.08287	0.02286	0.02845	0.01522	0.01830	0.01366	0.01065	0.01141	0.00266	0.11095	0.00645	0.00502	0.01330
10	0.02565	0.03551	0.31028	0.02747	0.08375	0.02026	0.02755	0.03537	0.05828	0.14645	0.06100	0.07121	0.02595	0.01280	0.01032	0.00329	0.01185	0.01071	0.00730	0.01500
11	0.06727	0.15272	0.03189	0.12230	0.12605	0.02283	0.01933	0.03165	0.02349	0.14767	0.06520	0.06060	0.06179	0.01295	0.00961	0.00305	0.00996	0.01074	0.00744	0.01346
12	0.01923	0.01242	0.01982	0.08410	0.11147	0.01289	0.01465	0.01768	0.01575	0.02127	0.01811	0.02984	0.01714	0.02866	0.03209	0.51426	0.00995	0.00897	0.00457	0.00711
13	0.02570	0.42775	0.04355	0.11552	0.03247	0.08007	0.01836	0.02918	0.02085	0.02412	0.01693	0.02369	0.01577	0.07481	0.01216	0.00324	0.01193	0.00716	0.00468	0.01205
14	0.01304	0.00935	0.01239	0.01392	0.01500	0.00870	0.00957	0.01565	0.02217	0.03021	0.19417	0.48362	0.07563	0.02916	0.01283	0.00392	0.00566	0.02633	0.01000	0.00870
15	0.02331	0.01910	0.03397	0.07597	0.13996	0.01840	0.16186	0.02844	0.02297	0.10270	0.03631	0.15381	0.06660	0.05213	0.01390	0.00386	0.01142	0.01524	0.00732	0.01273
16	0.45537	0.01893	0.01845	0.01533	0.02229	0.01996	0.01264	0.03781	0.02205	0.25266	0.02438	0.02370	0.01662	0.01075	0.00788	0.00318	0.00824	0.00739	0.00880	0.01356
17	0.01473	0.01064	0.01469	0.01462	0.01597	0.01170	0.01061	0.01742	0.01715	0.02422	0.07726	0.05142	0.03541	0.23670	0.38634	0.01339	0.02033	0.01282	0.00623	0.00835
18	0.02761	0.01343	0.01764	0.01491	0.01977	0.01186	0.01177	0.03184	0.02860	0.26869	0.29749	0.06131	0.11600	0.01800	0.01135	0.00323	0.00652	0.01540	0.01171	0.01287
19	0.71184	0.01985	0.01508	0.01350	0.01985	0.02302	0.01111	0.03017	0.01746	0.04604	0.01429	0.01667	0.01111	0.00953	0.00635	0.00318	0.00794	0.00556	0.00635	0.01111
20	0.01544	0.01048	0.01572	0.01572	0.01710	0.01186	0.01186	0.01710	0.01572	0.02234	0.02510	0.03806	0.02372	0.06675	0.46051	0.18592	0.02289	0.01048	0.00524	0.00800
21	0.02874	0.22513	0.03392	0.01935	0.02582	0.02900	0.01658	0.23305	0.03075	0.04019	0.02334	0.06602	0.02061	0.02266	0.08905	0.05268	0.01280	0.00959	0.00727	0.01344
22	0.14013	0.02200	0.02490	0.02479	0.11894	0.05924	0.01661	0.07293	0.02512	0.09785	0.05440	0.02620	0.02088	0.01015	0.00874	0.00254	0.00946	0.00804	0.00728	0.24980
23	0.02543	0.07815	0.12858	0.06132	0.08410	0.02325	0.06789	0.06926	0.10076	0.06720	0.02336	0.02571	0.01775	0.00998	0.00942	0.00278	0.01121	0.00854	0.00667	0.17865
24	0.01577	0.01181	0.01633	0.11832	0.02510	0.01260	0.01306	0.01992	0.06718	0.02609	0.04150	0.34854	0.04609	0.07681	0.01913	0.09657	0.00820	0.02027	0.00781	0.00890
25	0.02987	0.09718	0.04118	0.09758	0.15993	0.14382	0.13163	0.07965	0.02673	0.06633	0.02002	0.02421	0.01555	0.00991	0.01002	0.00301	0.01429	0.00893	0.00595	0.01419
26	0.03614	0.01854	0.02622	0.12782	0.07850	0.01822	0.01871	0.08527	0.02896	0.34368	0.08129	0.03566	0.02833	0.01269	0.01045	0.00320	0.00977	0.01066	0.01029	0.01558
27	0.13582	0.01505	0.01768	0.01787	0.05717	0.01479	0.01284	0.02891	0.06121	0.14106	0.11705	0.10567	0.16918	0.01876	0.01078	0.00344	0.00728	0.04388	0.00959	0.01196
28	0.01451	0.01046	0.01379	0.01352	0.01578	0.00974	0.01023	0.01907	0.02777	0.03897	0.48202	0.12941	0.09116	0.02258	0.01236	0.00343	0.00532	0.05937	0.01099	0.00954
29	0.01409	0.01028	0.01325	0.01292	0.01517	0.00943	0.00953	0.01837	0.02741	0.03824	0.46957	0.15166	0.12612	0.02281	0.01224	0.00337	0.00501	0.02018	0.01094	0.00943
30	0.03885	0.01883	0.02338	0.01834	0.02549	0.01787	0.01500	0.15596	0.03310	0.37109	0.08582	0.04169	0.07808	0.01448	0.01061	0.00318	0.00868	0.01176	0.01175	0.01604
31	0.01492	0.00995	0.01119	0.01119	0.01119	0.00995	0.00622	0.01492	0.01492	0.01990	0.03233	0.06716	0.03731	0.63935	0.05223	0.00995	0.00995	0.01492	0.00622	0.00622
32	0.01938	0.01824	0.03078	0.61468	0.07068	0.02280	0.02850	0.02622	0.02052	0.02622	0.01824	0.02736	0.01368	0.01026	0.01026	0.00342	0.01368	0.00912	0.00456	0.01140
33	0.71184	0.01985	0.01508	0.01350	0.01985	0.02302	0.01111	0.03017	0.01746	0.04604	0.01429	0.01667	0.01111	0.00953	0.00635	0.00318	0.00794	0.00556	0.00635	0.01111
34	0.02737	0.02296	0.02425	0.02126	0.02739	0.02639	0.01669	0.12125	0.48707	0.04591	0.03942	0.03642	0.02942	0.01370	0.01042	0.00343	0.00856	0.01128	0.01042	0.01641
35	0.02479	0.43305	0.14369	0.02310	0.07746	0.03357	0.02162	0.02980	0.02143	0.02676	0.02278	0.02491	0.05902	0.01039	0.00792	0.00256	0.01136	0.00751	0.00486	0.01343
36	0.14970	0.02364	0.02508	0.01926	0.02738	0.02431	0.01580	0.28214	0.03447	0.08849	0.02224	0.02308	0.01631	0.01060	0.00889	0.00268	0.00955	0.00784	0.00864	0.19989
37	0.07719	0.02488	0.03100	0.10314	0.09140	0.02921	0.02201	0.26711	0.03244	0.04594	0.01996	0.02401	0.01549	0.01285	0.01545	0.00346	0.15354	0.00890	0.00738	0.01467
38	0.03892	0.03141	0.03057	0.02398	0.03181	0.10664	0.01955	0.47504	0.04572	0.05945	0.02348	0.02383	0.01689	0.01209	0.01013	0.00302	0.01225	0.00889	0.00961	0.01672
39	0.01469	0.00946	0.01211	0.01265	0.01374	0.00886	0.00857	0.01442	0.01832	0.02376	0.08086	0.20115	0.16630	0.09453	0.02657	0.25442	0.00719	0.01806	0.00747	0.00688
40	0.11129	0.02494	0.17391	0.02003	0.02681	0.01823	0.01989	0.02844	0.05610	0.06862	0.02512	0.03156	0.02063	0.04085	0.27783	0.00929	0.01890	0.00933	0.00612	0.01213
41	0.03647	0.04610	0.03324	0.02866	0.03462	0.52255	0.08830	0.03991	0.02844	0.02614	0.01651	0.01972	0.01353	0.01032	0.00963	0.00275	0.01835	0.00734	0.00527	0.01215
42	0.01783	0.00891	0.01337	0.01337	0.01337	0.00891	0.00891	0.01337	0.01337	0.01783	0.01783	0.03119	0.01783	0.03565	0.04011	0.70143	0.00891	0.00891	0.00446	0.00446
43	0.02372	0.01251	0.01593	0.01414	0.01837	0.01101	0.01092	0.02743	0.02682	0.20777	0.23716	0.12662	0.18488	0.02072	0.01165	0.00337	0.00627	0.01780	0.01113	0.01176
44	0.02477	0.04261	0.32445	0.02820	0.03823	0.10026	0.05261	0.06314	0.06061	0.03281	0.01933	0.02299	0.01476	0.01165	0.01396	0.00340	0.11842	0.00827	0.00529	0.01422
45	0.03735	0.10289	0.03132	0.02563	0.03124	0.54770	0.01962	0.04005	0.02834	0.02503	0.01572	0.01832	0.01321	0.01041	0.00901	0.00260	0.01782	0.00651	0.00521	0.01201
46	0.01449	0.01035	0.01419	0.01656	0.01802	0.01005	0.01298	0.01772	0.02161	0.02842	0.05547	0.37819	0.06353	0.03028	0.01363	0.00444	0.00767	0.26403	0.00949	0.00888
47	0.02105	0.18529	0.03451	0.35282	0.05035	0.02570	0.02352	0.02658	0.02114	0.02643	0.02334	0.03954	0.02130	0.01295	0.00994	0.00331	0.01223	0.09309	0.00535	0.01154
48	0.03406	0.01844	0.02265	0.01906	0.02540	0.01888	0.01525	0.04778	0.23409	0.30094	0.03935	0.03692	0.02775	0.02128	0.08455	0.00497	0.01086	0.01091	0.01091	0.01594
49	0.02190	0.01341	0.01713	0.01629	0.01869	0.01420	0.01207	0.02809	0.16490	0.06738	0.02938	0.04107	0.02583	0.02733	0.02742	0.39517	0.00873	0.05476	0.00716	0.00910
50	0.02074	0.01992	0.03192	0.40796	0.10394	0.02525	0.02715	0.02628	0.01949	0.02646	0.01706	0.02587	0.01385	0.01222	0.01653	0.00367	0.17622	0.00908	0.00459	0.01179
51	0.03073	0.02540	0.06392	0.02188	0.02915	0.02592	0.01844	0.17569	0.33637	0.10388	0.03569	0.03334	0.02594	0.01310	0.01034	0.00333	0.00947	0.01059	0.01021	0.01660
52	0.09782	0.37260	0.04589	0.02207	0.03038	0.03380	0.10561	0.03494	0.10894	0.03099	0.01989	0.02198	0.01634	0.00968	0.00814	0.00272	0.01127	0.00763	0.00572	0.01357
53	0.06775	0.01303	0.01598	0.01547	0.01794	0.01339	0.01123	0.02469	0.05704	0.11237	0.08927	0.27950	0.04922	0.12330	0.01964	0.00478	0.04690	0.01897	0.00914	0.01039

[dist]
# distance from previous block
# <min> <max>
9	11

[block]
# block no. 1 follows, 14 sequences, length 19
# corresponding to MSA columns:
# 326-344
name=unknown_B
#
# <colnr> <probs for GDERKNQSTAVLIFYWHMCP>
#	G	D	E	R	K	N	Q	S	T	A	V	L	I	F	Y	W	H	M	C	P
0	0.01903	0.01677	0.02591	0.22662	0.16149	0.01843	0.02123	0.02575	0.06755	0.02893	0.03242	0.20364	0.03285	0.05734	0.01378	0.00398	0.01040	0.01546	0.00672	0.01171
1	0.01406	0.01047	0.01308	0.01243	0.01505	0.00949	0.00932	0.01848	0.02796	0.03858	0.48053	0.08090	0.18782	0.02194	0.01211	0.00327	0.00491	0.01915	0.01096	0.00949
2	0.02245	0.02245	0.03143	0.02694	0.02694	0.03143	0.02245	0.02470	0.01572	0.02470	0.01347	0.02245	0.01347	0.01796	0.03368	0.00449	0.62057	0.00898	0.00449	0.01123
3	0.19032	0.12184	0.02864	0.01884	0.02649	0.02666	0.01597	0.18846	0.06838	0.17999	0.02576	0.02503	0.01828	0.01133	0.00882	0.00301	0.00963	0.00824	0.00905	0.01525
4	0.71184	0.01985	0.01508	0.01350	0.01985	0.02302	0.01111	0.03017	0.01746	0.04604	0.01429	0.01667	0.01111	0.00953	0.00635	0.00318	0.00794	0.00556	0.00635	0.01111
5	0.01492	0.00995	0.01119	0.01119	0.01119	0.00995	0.00622	0.01492	0.01492	0.01990	0.03233	0.06716	0.03731	0.63935	0.05223	0.00995	0.00995	0.01492	0.00622	0.00622
6	0.01683	0.01337	0.02057	0.01874	0.02029	0.01498	0.05890	0.01863	0.01684	0.02360	0.02879	0.13321	0.03040	0.14242	0.19730	0.11140	0.10521	0.01401	0.00592	0.00857
7	0.02325	0.18732	0.03073	0.11343	0.03131	0.07331	0.01736	0.03333	0.15015	0.03150	0.10179	0.07101	0.03317	0.01699	0.03962	0.00373	0.01104	0.01117	0.00726	0.01253
8	0.03358	0.02027	0.02372	0.01961	0.02565	0.02087	0.01557	0.26459	0.03532	0.19241	0.03768	0.19508	0.03348	0.01789	0.01106	0.00341	0.00914	0.01503	0.01071	0.01494
9	0.01623	0.00996	0.01494	0.01494	0.01587	0.01089	0.01089	0.01587	0.01494	0.02085	0.02270	0.03579	0.02177	0.05649	0.32183	0.35597	0.01828	0.00996	0.00498	0.00683
10	0.03001	0.08298	0.07784	0.02267	0.02941	0.20036	0.01920	0.11332	0.18034	0.03803	0.07865	0.03080	0.02711	0.01257	0.00984	0.00302	0.01228	0.00957	0.00790	0.01411
11	0.19372	0.02591	0.03074	0.12089	0.08293	0.06731	0.07057	0.20921	0.03069	0.04557	0.01970	0.02310	0.01475	0.01058	0.00943	0.00316	0.01205	0.00843	0.00714	0.01413
12	0.03223	0.02386	0.02591	0.02051	0.02727	0.02581	0.01670	0.40125	0.04257	0.05708	0.12487	0.04069	0.08495	0.01512	0.01076	0.00314	0.00960	0.01203	0.01037	0.01528
13	0.03004	0.07684	0.03084	0.21558	0.04254	0.07665	0.02136	0.22189	0.03214	0.07030	0.02405	0.06854	0.01954	0.01264	0.01007	0.00316	0.01216	0.01014	0.00755	0.01397
14	0.01530	0.01199	0.01765	0.02325	0.11091	0.01158	0.01431	0.01826	0.02088	0.02812	0.04990	0.45140	0.05778	0.02767	0.01276	0.00406	0.00754	0.09800	0.00876	0.00985
15	0.09420	0.02972	0.11957	0.02772	0.03706	0.07811	0.16739	0.06948	0.02679	0.20966	0.02585	0.02701	0.01779	0.01059	0.01028	0.00321	0.01318	0.00956	0.00786	0.01498
16	0.07010	0.01968	0.02314	0.09727	0.06874	0.06782	0.01683	0.07361	0.02546	0.15902	0.03374	0.18859	0.03126	0.01655	0.01051	0.00329	0.00981	0.01411	0.00855	0.06191
17	0.06976	0.02778	0.02632	0.07406	0.03181	0.17175	0.05438	0.09711	0.14986	0.03634	0.03827	0.03872	0.11260	0.01394	0.01025	0.00319	0.01184	0.01118	0.00778	0.01306
18	0.01923	0.01452	0.01654	0.01492	0.01832	0.01497	0.01117	0.10902	0.07344	0.03673	0.17781	0.06372	0.15828	0.14402	0.07659	0.00586	0.00949	0.01558	0.00914	0.01065

[dist]
# distance from previous block
# <min> <max>
0	2

[block]
# block no. 2 follows, 14 sequences, length 6
# corresponding to MSA columns:
# 347-352
name=unknown_C
#
# <colnr> <probs for GDERKNQSTAVLIFYWHMCP>
#	G	D	E	R	K	N	Q	S	T	A	V	L	I	F	Y	W	H	M	C	P
0	0.09776	0.01856	0.02445	0.01941	0.02580	0.01868	0.01607	0.04381	0.02592	0.43738	0.03344	0.03116	0.02206	0.01338	0.01417	0.00341	0.11835	0.00968	0.01070	0.01581
1	0.01678	0.01112	0.01464	0.01448	0.01720	0.01044	0.01131	0.02094	0.02579	0.07522	0.30568	0.13136	0.12724	0.02703	0.05218	0.00450	0.00763	0.10617	0.01033	0.00995
2	0.02720	0.07712	0.03550	0.08261	0.03623	0.02101	0.16849	0.06591	0.02595	0.15535	0.04121	0.06947	0.11957	0.01420	0.01095	0.00329	0.01134	0.01314	0.00806	0.01341
3	0.07887	0.13024	0.11261	0.07587	0.08088	0.08131	0.02201	0.09015	0.02674	0.17136	0.02343	0.02460	0.01682	0.01065	0.00923	0.00297	0.01192	0.00813	0.00737	0.01483
4	0.01346	0.00975	0.01287	0.01475	0.01607	0.00916	0.01076	0.01618	0.02166	0.02874	0.11351	0.43798	0.10474	0.02982	0.01313	0.00413	0.00645	0.11844	0.00970	0.00871
5	0.02035	0.01493	0.02287	0.17541	0.03452	0.01573	0.05472	0.05067	0.02251	0.08286	0.03820	0.25155	0.03954	0.07704	0.01551	0.00433	0.00998	0.05052	0.00794	0.01080

[dist]
# distance from previous block
# <min> <max>
0	32

[block]
# block no. 3 follows, 14 sequences, length 30
# corresponding to MSA columns:
# 385-414
name=unknown_D
#
# <colnr> <probs for GDERKNQSTAVLIFYWHMCP>
#	G	D	E	R	K	N	Q	S	T	A	V	L	I	F	Y	W	H	M	C	P
0	0.13696	0.05489	0.07224	0.10957	0.11807	0.02102	0.04823	0.03502	0.02400	0.19216	0.06753	0.03044	0.02361	0.01131	0.00966	0.00316	0.01060	0.00950	0.00780	0.01422
1	0.02563	0.07125	0.11715	0.13675	0.03951	0.02036	0.08993	0.03212	0.02422	0.14716	0.07078	0.04511	0.02982	0.01407	0.01092	0.00345	0.01179	0.08910	0.00761	0.01328
2	0.02048	0.01861	0.02696	0.11453	0.03061	0.02474	0.02024	0.02233	0.01639	0.02395	0.01821	0.07145	0.01837	0.02068	0.02951	0.11524	0.38233	0.01054	0.00488	0.00995
3	0.17163	0.01859	0.02144	0.11025	0.03072	0.01717	0.01453	0.02684	0.02033	0.03504	0.01738	0.02124	0.01407	0.00844	0.00775	0.00218	0.00864	0.00645	0.00590	0.44140
4	0.15494	0.11687	0.02972	0.02271	0.06691	0.06585	0.04413	0.02814	0.02168	0.03360	0.10132	0.02885	0.02639	0.01225	0.01261	0.00298	0.10699	0.00887	0.00624	0.10895
5	0.07838	0.01447	0.01824	0.01568	0.01973	0.01416	0.01193	0.03129	0.02343	0.25039	0.11616	0.09276	0.04047	0.16342	0.02189	0.00494	0.04719	0.01367	0.00973	0.01207
6	0.02229	0.02461	0.11334	0.10592	0.03490	0.01806	0.01923	0.06750	0.02335	0.03469	0.01877	0.02250	0.01480	0.00870	0.00854	0.00220	0.00999	0.00701	0.00591	0.43769
7	0.01437	0.01086	0.01338	0.01352	0.01581	0.01029	0.00983	0.01974	0.06391	0.03488	0.31080	0.24015	0.15498	0.02449	0.01228	0.00356	0.00546	0.02163	0.01045	0.00961
8	0.01636	0.02138	0.15089	0.01920	0.02410	0.01556	0.01840	0.02200	0.02071	0.02998	0.14795	0.08870	0.04107	0.04136	0.24728	0.00868	0.05569	0.01316	0.00677	0.01076
9	0.02243	0.01231	0.01584	0.01392	0.01795	0.01094	0.01080	0.02669	0.02823	0.18139	0.35617	0.06921	0.15386	0.01960	0.01164	0.00325	0.00592	0.01689	0.01138	0.01157
10	0.02368	0.01937	0.02101	0.01881	0.02385	0.02148	0.01458	0.10532	0.33530	0.04317	0.12642	0.08991	0.07900	0.01696	0.01098	0.00344	0.00766	0.01434	0.01042	0.01429
11	0.71184	0.01985	0.01508	0.01350	0.01985	0.02302	0.01111	0.03017	0.01746	0.04604	0.01429	0.01667	0.01111	0.00953	0.00635	0.00318	0.00794	0.00556	0.00635	0.01111
12	0.02245	0.02245	0.03143	0.02694	0.02694	0.03143	0.02245	0.02470	0.01572	0.02470	0.01347	0.02245	0.01347	0.01796	0.03368	0.00449	0.62057	0.00898	0.00449	0.01123
13	0.03901	0.02874	0.03080	0.02361	0.03182	0.03182	0.01951	0.54111	0.04825	0.06468	0.02464	0.02464	0.01745	0.01232	0.01027	0.00308	0.01129	0.00924	0.01027	0.01745
14	0.01419	0.01014	0.01385	0.01622	0.01755	0.00979	0.01246	0.01721	0.02131	0.02809	0.05563	0.41620	0.06418	0.03056	0.01355	0.00440	0.00742	0.22896	0.00949	0.00880
15	0.71184	0.01985	0.01508	0.01350	0.01985	0.02302	0.01111	0.03017	0.01746	0.04604	0.01429	0.01667	0.01111	0.00953	0.00635	0.00318	0.00794	0.00556	0.00635	0.01111
16	0.56511	0.01932	0.01701	0.01454	0.02125	0.02127	0.01199	0.03454	0.02009	0.16426	0.02006	0.02069	0.01426	0.01023	0.00723	0.00318	0.00811	0.00661	0.00775	0.01251
17	0.04604	0.01746	0.02382	0.01826	0.02620	0.01508	0.01508	0.05001	0.02937	0.58244	0.04049	0.03493	0.02540	0.01270	0.01032	0.00318	0.00873	0.01032	0.01270	0.01746
18	0.01280	0.00914	0.01225	0.01463	0.01535	0.00859	0.01004	0.01480	0.01994	0.02653	0.05640	0.59452	0.06722	0.03187	0.01318	0.00421	0.00621	0.06437	0.00952	0.00842
19	0.04492	0.01926	0.02493	0.01911	0.02709	0.01775	0.01579	0.12818	0.03238	0.50002	0.03796	0.03329	0.02414	0.01264	0.01031	0.00316	0.00914	0.01015	0.01231	0.01746
20	0.02514	0.02372	0.03434	0.02755	0.03472	0.02565	0.17178	0.04807	0.39805	0.03993	0.03551	0.03513	0.02663	0.01235	0.01094	0.00347	0.01086	0.01175	0.00888	0.01553
21	0.01238	0.00943	0.01139	0.01297	0.01454	0.00845	0.00894	0.01444	0.02092	0.02672	0.07267	0.45115	0.23897	0.03006	0.01277	0.00393	0.00570	0.02662	0.00953	0.00845
22	0.02424	0.01135	0.01326	0.01215	0.01564	0.01070	0.00933	0.02859	0.02369	0.15898	0.07779	0.08981	0.03492	0.01449	0.00874	0.00278	0.00577	0.01205	0.43450	0.01124
23	0.14358	0.01781	0.02254	0.01756	0.02527	0.01625	0.01450	0.04710	0.02763	0.50386	0.03665	0.03225	0.02331	0.01224	0.00974	0.00318	0.00862	0.00962	0.01177	0.01653
24	0.01914	0.01131	0.01534	0.01598	0.01850	0.01057	0.01238	0.02259	0.02379	0.11575	0.13649	0.30501	0.06352	0.02627	0.01281	0.00402	0.00719	0.15879	0.01028	0.01028
25	0.02437	0.38083	0.29164	0.02278	0.03442	0.03311	0.02665	0.03152	0.02122	0.02788	0.01612	0.01879	0.01309	0.00921	0.00800	0.00267	0.01285	0.00642	0.00436	0.01406
26	0.01727	0.01127	0.01430	0.01497	0.01676	0.01087	0.01046	0.05865	0.02286	0.06885	0.08594	0.46194	0.06056	0.07475	0.01560	0.00439	0.00680	0.02447	0.00968	0.00962
27	0.02100	0.02738	0.16304	0.19309	0.23120	0.02163	0.02937	0.02823	0.02195	0.03058	0.02439	0.07880	0.02210	0.01284	0.01063	0.00341	0.01259	0.04875	0.00545	0.01358
28	0.02347	0.01382	0.01720	0.01595	0.01958	0.01355	0.01195	0.06656	0.06581	0.15507	0.08664	0.24015	0.08809	0.06829	0.05984	0.00503	0.00895	0.01835	0.00995	0.01172
29	0.08122	0.02531	0.06795	0.02635	0.10657	0.09332	0.01897	0.09901	0.06799	0.11503	0.03218	0.16123	0.02936	0.01582	0.01043	0.00333	0.01058	0.01326	0.00831	0.01378

[dist]
# distance from previous block
# <min> <max>
0	12

[block]
# block no. 4 follows, 14 sequences, length 26
# corresponding to MSA columns:
# 427-452
name=unknown_E
#
# <colnr> <probs for GDERKNQSTAVLIFYWHMCP>
#	G	D	E	R	K	N	Q	S	T	A	V	L	I	F	Y	W	H	M	C	P
0	0.31785	0.11472	0.02752	0.02271	0.06890	0.23741	0.01680	0.03433	0.02266	0.03441	0.01526	0.01801	0.01257	0.00978	0.00775	0.00284	0.01257	0.00622	0.00560	0.01208
1	0.02048	0.07948	0.01956	0.01501	0.01859	0.01489	0.01129	0.02547	0.06843	0.09467	0.12977	0.21904	0.05036	0.11860	0.01751	0.00436	0.00756	0.01726	0.00897	0.05871
2	0.02578	0.07021	0.02964	0.07028	0.03185	0.02385	0.05715	0.03946	0.21889	0.08477	0.02832	0.02953	0.02164	0.01187	0.01211	0.00306	0.07366	0.00947	0.00780	0.15066
3	0.02406	0.27356	0.03791	0.02026	0.02609	0.02817	0.06367	0.02770	0.02183	0.06674	0.07464	0.03777	0.10949	0.01451	0.01388	0.00311	0.12730	0.01071	0.00644	0.01217
4	0.02078	0.01534	0.02059	0.02277	0.10553	0.01537	0.01477	0.03018	0.12910	0.08364	0.30351	0.09651	0.06382	0.01788	0.01140	0.00331	0.00701	0.01582	0.01016	0.01251
5	0.02574	0.02242	0.03180	0.29433	0.04955	0.02680	0.05123	0.16341	0.07375	0.03786	0.02140	0.02691	0.01627	0.01213	0.01373	0.00349	0.09960	0.00950	0.00658	0.01351
6	0.01606	0.01162	0.01465	0.01436	0.01668	0.01124	0.01053	0.06524	0.02756	0.03814	0.34287	0.26390	0.07958	0.02405	0.01228	0.00354	0.00581	0.02137	0.01059	0.00993
7	0.01732	0.01293	0.01672	0.01623	0.01841	0.01462	0.01207	0.02486	0.12949	0.02657	0.03025	0.04324	0.02789	0.14977	0.32808	0.08516	0.01863	0.01153	0.00654	0.00968
8	0.02639	0.02247	0.02369	0.02106	0.02701	0.02593	0.01645	0.08560	0.52432	0.04432	0.04067	0.03742	0.03044	0.01382	0.01043	0.00346	0.00832	0.01145	0.01043	0.01632
9	0.01487	0.01016	0.01228	0.01228	0.01265	0.01054	0.00757	0.01562	0.01524	0.02070	0.03134	0.06167	0.03493	0.52436	0.16396	0.01129	0.01353	0.01412	0.00607	0.00682
10	0.71184	0.01985	0.01508	0.01350	0.01985	0.02302	0.01111	0.03017	0.01746	0.04604	0.01429	0.01667	0.01111	0.00953	0.00635	0.00318	0.00794	0.00556	0.00635	0.01111
11	0.03895	0.02521	0.02794	0.02158	0.02933	0.02702	0.01778	0.40975	0.04271	0.16243	0.02832	0.02759	0.01961	0.01237	0.01006	0.00305	0.01034	0.00947	0.05962	0.01689
12	0.02128	0.01824	0.02128	0.01520	0.02432	0.01368	0.01216	0.02584	0.02128	0.03344	0.01824	0.02128	0.01520	0.00760	0.00760	0.00152	0.00760	0.00608	0.00608	0.70208
13	0.01938	0.01824	0.03078	0.61468	0.07068	0.02280	0.02850	0.02622	0.02052	0.02622	0.01824	0.02736	0.01368	0.01026	0.01026	0.00342	0.01368	0.00912	0.00456	0.01140
14	0.01431	0.01032	0.01353	0.01306	0.01528	0.00954	0.00967	0.01883	0.02805	0.03957	0.51561	0.13547	0.09377	0.02216	0.01221	0.00333	0.00496	0.01968	0.01111	0.00954
15	0.71184	0.01985	0.01508	0.01350	0.01985	0.02302	0.01111	0.03017	0.01746	0.04604	0.01429	0.01667	0.01111	0.00953	0.00635	0.00318	0.00794	0.00556	0.00635	0.01111
16	0.03574	0.19067	0.03495	0.02433	0.03045	0.46567	0.01929	0.03854	0.02713	0.02488	0.01548	0.01802	0.01321	0.01015	0.00862	0.00254	0.01672	0.00634	0.00507	0.01220
17	0.12927	0.05274	0.06636	0.01898	0.02496	0.04821	0.04830	0.03145	0.02294	0.17507	0.07577	0.09583	0.03050	0.02066	0.05436	0.06141	0.01101	0.01171	0.00816	0.01230
18	0.02805	0.01692	0.05880	0.06539	0.02623	0.01388	0.01527	0.03304	0.02760	0.25930	0.24034	0.05319	0.08562	0.01627	0.01106	0.00324	0.00789	0.01386	0.01072	0.01331
19	0.01487	0.01015	0.01221	0.01221	0.01257	0.01050	0.00749	0.01558	0.01523	0.02065	0.03140	0.06199	0.03507	0.53112	0.15739	0.01121	0.01332	0.01417	0.00608	0.00678
20	0.03828	0.02054	0.03395	0.02547	0.03331	0.01937	0.15010	0.04330	0.02680	0.39035	0.03295	0.03193	0.02179	0.01214	0.01291	0.00337	0.06679	0.01066	0.01002	0.01596
21	0.02881	0.12875	0.17565	0.02587	0.03574	0.02497	0.12186	0.09692	0.02740	0.13796	0.07341	0.02984	0.02402	0.01127	0.01009	0.00309	0.01230	0.00983	0.00742	0.01480
22	0.01876	0.01057	0.01378	0.01355	0.01507	0.01017	0.00925	0.01906	0.01806	0.09147	0.03988	0.16389	0.07832	0.20942	0.07830	0.16922	0.00985	0.01590	0.00745	0.00805
23	0.01490	0.01022	0.01344	0.01377	0.01474	0.01053	0.00957	0.01656	0.01796	0.02463	0.09658	0.12127	0.04454	0.27236	0.17761	0.06292	0.01324	0.05039	0.00707	0.00768
24	0.07842	0.08183	0.14463	0.09619	0.03548	0.13224	0.04823	0.03166	0.02407	0.07469	0.08845	0.06836	0.02781	0.01286	0.00986	0.00312	0.01248	0.01043	0.00659	0.01260
25	0.09000	0.03680	0.19362	0.10141	0.08308	0.12612	0.08098	0.10420	0.02657	0.03630	0.01876	0.02268	0.01409	0.01013	0.00977	0.00314	0.01437	0.00824	0.00569	0.01403

[dist]
# distance from previous block
# <min> <max>
0	1

[block]
# block no. 5 follows, 14 sequences, length 38
# corresponding to MSA columns:
# 454-491
name=unknown_F
#
# <colnr> <probs for GDERKNQSTAVLIFYWHMCP>
#	G	D	E	R	K	N	Q	S	T	A	V	L	I	F	Y	W	H	M	C	P
0	0.01880	0.01541	0.02207	0.01921	0.02241	0.01591	0.07979	0.06622	0.07092	0.03352	0.14504	0.19717	0.05076	0.13932	0.02088	0.00486	0.04081	0.01778	0.00857	0.01053
1	0.21009	0.01597	0.01639	0.01525	0.01964	0.01730	0.01201	0.03075	0.15349	0.04146	0.22647	0.05460	0.08287	0.01687	0.01024	0.00339	0.00682	0.04530	0.00950	0.01160
2	0.02477	0.19117	0.03303	0.02400	0.09721	0.02297	0.04567	0.03014	0.05953	0.09352	0.02972	0.13366	0.02843	0.07666	0.01385	0.00365	0.00982	0.01242	0.00712	0.06266
3	0.02060	0.13697	0.21765	0.13033	0.09266	0.02348	0.02589	0.02790	0.02280	0.03123	0.11313	0.03520	0.05616	0.01230	0.00985	0.00309	0.01167	0.01019	0.00587	0.01303
4	0.02949	0.02650	0.02877	0.02426	0.02870	0.08001	0.01965	0.18361	0.17598	0.04133	0.02474	0.02712	0.01954	0.01456	0.01833	0.00364	0.22187	0.00957	0.00788	0.01447
5	0.01911	0.01280	0.01721	0.01664	0.01804	0.01435	0.01242	0.02265	0.10851	0.02452	0.02588	0.04031	0.02433	0.03386	0.08794	0.38952	0.06282	0.05504	0.00605	0.00799
6	0.01938	0.01824	0.03078	0.61468	0.07068	0.02280	0.02850	0.02622	0.02052	0.02622	0.01824	0.02736	0.01368	0.01026	0.01026	0.00342	0.01368	0.00912	0.00456	0.01140
7	0.01493	0.01022	0.01242	0.01301	0.01369	0.01009	0.00867	0.01636	0.01817	0.02430	0.08614	0.13308	0.04944	0.41679	0.03810	0.00786	0.00901	0.10285	0.00756	0.00730
8	0.02553	0.02204	0.02320	0.02088	0.02669	0.02553	0.01624	0.05453	0.55679	0.04293	0.04177	0.03829	0.03133	0.01392	0.01044	0.00348	0.00812	0.01160	0.01044	0.01624
9	0.02245	0.02245	0.03143	0.02694	0.02694	0.03143	0.02245	0.02470	0.01572	0.02470	0.01347	0.02245	0.01347	0.01796	0.03368	0.00449	0.62057	0.00898	0.00449	0.01123
10	0.14047	0.14179	0.03028	0.02149	0.02801	0.31139	0.01727	0.03916	0.02594	0.12657	0.01970	0.02077	0.01504	0.01048	0.00854	0.00274	0.01387	0.00691	0.00660	0.01298
11	0.01992	0.01898	0.03090	0.51088	0.06295	0.02432	0.02743	0.02595	0.01967	0.02595	0.01740	0.02649	0.01364	0.01162	0.01440	0.00361	0.12086	0.00910	0.00455	0.01137
12	0.02744	0.64552	0.05378	0.01756	0.02634	0.04061	0.01756	0.03073	0.02085	0.02414	0.01427	0.01646	0.01317	0.00878	0.00658	0.00219	0.01097	0.00549	0.00439	0.01317
13	0.01605	0.01104	0.01304	0.01276	0.01603	0.00973	0.00981	0.01946	0.02506	0.07851	0.20671	0.12862	0.32258	0.02428	0.01223	0.00355	0.00585	0.06475	0.01023	0.00972
14	0.01452	0.01049	0.01372	0.01291	0.01533	0.00968	0.00968	0.01937	0.02905	0.04115	0.56992	0.07666	0.09683	0.02098	0.01210	0.00323	0.00484	0.01856	0.01130	0.00968
15	0.02128	0.01824	0.02128	0.01520	0.02432	0.01368	0.01216	0.02584	0.02128	0.03344	0.01824	0.02128	0.01520	0.00760	0.00760	0.00152	0.00760	0.00608	0.00608	0.70208
16	0.03669	0.02759	0.02949	0.02314	0.03094	0.03074	0.01894	0.45722	0.13593	0.06093	0.02759	0.02699	0.01984	0.01260	0.01030	0.00315	0.01075	0.00965	0.01030	0.01724
17	0.01427	0.01000	0.01325	0.01328	0.01508	0.00930	0.00959	0.01771	0.02567	0.03588	0.40667	0.20794	0.08423	0.02472	0.01433	0.05286	0.00540	0.02044	0.01038	0.00899
18	0.02307	0.01818	0.02146	0.01542	0.02446	0.01378	0.01237	0.02759	0.02187	0.07316	0.01985	0.02227	0.01594	0.00797	0.00780	0.00164	0.00768	0.00639	0.00656	0.65255
19	0.02101	0.01894	0.01938	0.01554	0.02185	0.07096	0.01164	0.02431	0.02080	0.02954	0.02428	0.09036	0.02411	0.11929	0.01601	0.00335	0.00893	0.00998	0.00637	0.44335
20	0.10188	0.02271	0.07581	0.12794	0.03789	0.02158	0.10774	0.03379	0.15025	0.03528	0.06443	0.03176	0.02439	0.01299	0.01202	0.04883	0.01102	0.01015	0.00687	0.06266
21	0.01564	0.01209	0.01686	0.01716	0.01803	0.01386	0.01293	0.01767	0.01782	0.02478	0.03760	0.25806	0.04198	0.08005	0.16226	0.05695	0.11790	0.06254	0.00711	0.00872
22	0.01453	0.01033	0.01389	0.01583	0.01724	0.01002	0.01215	0.01760	0.02154	0.02857	0.08982	0.32886	0.06356	0.08346	0.01693	0.00484	0.00768	0.22511	0.00933	0.00871
23	0.71184	0.01985	0.01508	0.01350	0.01985	0.02302	0.01111	0.03017	0.01746	0.04604	0.01429	0.01667	0.01111	0.00953	0.00635	0.00318	0.00794	0.00556	0.00635	0.01111
24	0.01488	0.01013	0.01213	0.01213	0.01245	0.01046	0.00739	0.01552	0.01520	0.02059	0.03148	0.06242	0.03525	0.54003	0.14874	0.01110	0.01305	0.01423	0.00609	0.00674
25	0.02214	0.02049	0.03117	0.11572	0.03467	0.02580	0.07288	0.06216	0.01962	0.02809	0.01769	0.02659	0.01574	0.02357	0.09229	0.05594	0.30951	0.00956	0.00511	0.01124
26	0.02245	0.02245	0.03143	0.02694	0.02694	0.03143	0.02245	0.02470	0.01572	0.02470	0.01347	0.02245	0.01347	0.01796	0.03368	0.00449	0.62057	0.00898	0.00449	0.01123
27	0.01471	0.01089	0.01386	0.01408	0.01612	0.01052	0.01018	0.02047	0.06996	0.03585	0.33849	0.27603	0.08077	0.02446	0.01233	0.00359	0.00552	0.02184	0.01058	0.00974
28	0.04100	0.01891	0.02419	0.01836	0.02653	0.01679	0.01510	0.10291	0.03018	0.42856	0.03485	0.03140	0.02274	0.01179	0.00985	0.00288	0.00884	0.00947	0.01129	0.13438
29	0.02108	0.01929	0.02868	0.45042	0.05851	0.02355	0.02511	0.03405	0.16887	0.03084	0.02475	0.03038	0.01856	0.01127	0.01031	0.00344	0.01214	0.00981	0.00619	0.01274
30	0.02058	0.05308	0.58618	0.02925	0.04442	0.02383	0.03792	0.03250	0.02167	0.03250	0.01842	0.02167	0.01300	0.00975	0.00975	0.00325	0.01517	0.00758	0.00433	0.01517
31	0.01438	0.01038	0.01358	0.01301	0.01530	0.00958	0.00967	0.01899	0.02836	0.04005	0.53217	0.11754	0.09470	0.02180	0.01218	0.00330	0.00492	0.01934	0.01117	0.00958
32	0.01700	0.00930	0.01330	0.01330	0.01348	0.00949	0.00883	0.01414	0.01396	0.01879	0.02135	0.03846	0.02205	0.14640	0.09812	0.51080	0.01095	0.01018	0.00487	0.00524
33	0.02045	0.02692	0.14880	0.03004	0.03837	0.02039	0.23806	0.02954	0.05855	0.03362	0.09904	0.10756	0.03562	0.01488	0.01179	0.00356	0.01282	0.05024	0.00695	0.01279
34	0.02056	0.08201	0.02303	0.11945	0.02874	0.11880	0.01537	0.02483	0.02571	0.03209	0.25380	0.09354	0.08824	0.01721	0.01080	0.00314	0.00950	0.01448	0.00814	0.01055
35	0.02959	0.36436	0.04091	0.07798	0.03081	0.03172	0.01799	0.03779	0.11473	0.12619	0.02404	0.02458	0.01851	0.01051	0.00828	0.00271	0.01036	0.00776	0.00692	0.01428
36	0.01993	0.02077	0.06843	0.01868	0.02341	0.07297	0.05193	0.06993	0.02654	0.03475	0.20203	0.08935	0.12718	0.06654	0.05748	0.00471	0.01072	0.01536	0.00842	0.01087
37	0.26516	0.02368	0.11317	0.06831	0.02948	0.02008	0.01807	0.03447	0.06871	0.14591	0.02784	0.09545	0.02285	0.01327	0.00917	0.00335	0.00956	0.01041	0.00786	0.01320

[dist]
# distance from previous block
# <min> <max>
0	13

[block]
# block no. 6 follows, 14 sequences, length 19
# corresponding to MSA columns:
# 505-523
name=unknown_G
#
# <colnr> <probs for GDERKNQSTAVLIFYWHMCP>
#	G	D	E	R	K	N	Q	S	T	A	V	L	I	F	Y	W	H	M	C	P
0	0.02225	0.02225	0.06820	0.05156	0.08014	0.10676	0.01758	0.02666	0.02461	0.07527	0.12652	0.17880	0.08024	0.01939	0.01141	0.00347	0.00999	0.05515	0.00827	0.01148
1	0.01680	0.01742	0.10391	0.01627	0.02079	0.01237	0.01466	0.02158	0.02320	0.06737	0.19001	0.16590	0.13729	0.03077	0.10853	0.00563	0.01071	0.01751	0.00873	0.01055
2	0.22850	0.01491	0.01465	0.01406	0.01813	0.01584	0.01074	0.02645	0.10666	0.03765	0.13392	0.14868	0.15469	0.01925	0.01025	0.00346	0.00657	0.01588	0.00899	0.01073
3	0.01501	0.01159	0.01416	0.01429	0.01713	0.01120	0.01119	0.02089	0.06723	0.03357	0.23400	0.11450	0.21292	0.02743	0.04986	0.00450	0.00760	0.11326	0.00991	0.00977
4	0.24347	0.01289	0.01135	0.01084	0.01451	0.01392	0.00845	0.02594	0.02021	0.04078	0.02726	0.03127	0.02138	0.01117	0.00691	0.00265	0.00580	0.00827	0.47286	0.01007
5	0.02837	0.59449	0.05166	0.01832	0.02680	0.08830	0.01775	0.03161	0.02156	0.02423	0.01440	0.01664	0.01317	0.00893	0.00681	0.00223	0.01162	0.00558	0.00447	0.01306
6	0.30625	0.10045	0.09607	0.02163	0.07295	0.02398	0.01813	0.03616	0.05648	0.14650	0.02221	0.02304	0.01619	0.01035	0.00818	0.00307	0.00975	0.00745	0.00727	0.01390
7	0.03324	0.02831	0.07590	0.02308	0.03098	0.02859	0.02001	0.37387	0.13062	0.05504	0.02726	0.02793	0.02008	0.01737	0.05572	0.00420	0.01233	0.00964	0.00942	0.01641
8	0.71184	0.01985	0.01508	0.01350	0.01985	0.02302	0.01111	0.03017	0.01746	0.04604	0.01429	0.01667	0.01111	0.00953	0.00635	0.00318	0.00794	0.00556	0.00635	0.01111
9	0.02058	0.05308	0.58618	0.02925	0.04442	0.02383	0.03792	0.03250	0.02167	0.03250	0.01842	0.02167	0.01300	0.00975	0.00975	0.00325	0.01517	0.00758	0.00433	0.01517
10	0.02591	0.54433	0.04735	0.01689	0.02428	0.03557	0.01618	0.02797	0.01966	0.02314	0.01483	0.01880	0.01391	0.01305	0.01191	0.11334	0.01065	0.00603	0.00440	0.01178
11	0.02053	0.01836	0.02561	0.07141	0.11540	0.01594	0.04232	0.02553	0.02242	0.03273	0.06282	0.03449	0.07940	0.01091	0.00921	0.00233	0.00887	0.00956	0.00645	0.38569
12	0.13915	0.02500	0.02606	0.19516	0.03964	0.11570	0.01975	0.14097	0.02824	0.09773	0.02345	0.06310	0.01873	0.01230	0.00967	0.00320	0.01201	0.00958	0.00738	0.01319
13	0.24347	0.01289	0.01135	0.01084	0.01451	0.01392	0.00845	0.02594	0.02021	0.04078	0.02726	0.03127	0.02138	0.01117	0.00691	0.00265	0.00580	0.00827	0.47286	0.01007
14	0.02516	0.02918	0.12408	0.02932	0.03472	0.02943	0.10543	0.11238	0.02336	0.03381	0.01724	0.02351	0.01438	0.01426	0.02263	0.00390	0.32908	0.00929	0.00553	0.01329
15	0.03393	0.28976	0.03905	0.02285	0.02955	0.37307	0.01891	0.03684	0.02576	0.02472	0.01522	0.01768	0.01320	0.00985	0.00818	0.00246	0.01547	0.00616	0.00493	0.01241
16	0.03638	0.02774	0.03090	0.02414	0.03105	0.03176	0.01997	0.45903	0.04308	0.05832	0.02286	0.02429	0.01682	0.01322	0.01399	0.00330	0.10814	0.00920	0.00935	0.01646
17	0.02050	0.01861	0.10955	0.01675	0.02212	0.01285	0.01547	0.02594	0.02638	0.12628	0.28451	0.10907	0.10335	0.01947	0.01162	0.00340	0.00757	0.04489	0.00999	0.01167
18	0.01871	0.00935	0.01080	0.01080	0.01241	0.00935	0.00774	0.02050	0.01888	0.03164	0.02841	0.03597	0.02356	0.01963	0.01784	0.22878	0.00612	0.00935	0.47225	0.00791

[dist]
# distance from previous block
# <min> <max>
0	4

[block]
# block no. 7 follows, 14 sequences, length 13
# corresponding to MSA columns:
# 528-540
name=unknown_H
#
# <colnr> <probs for GDERKNQSTAVLIFYWHMCP>
#	G	D	E	R	K	N	Q	S	T	A	V	L	I	F	Y	W	H	M	C	P
0	0.02087	0.01481	0.01893	0.08576	0.02620	0.01571	0.01473	0.06247	0.12382	0.08217	0.04561	0.31309	0.04684	0.02281	0.01193	0.00384	0.00815	0.06111	0.00946	0.01170
1	0.01978	0.01298	0.01611	0.08223	0.02151	0.01519	0.01249	0.02432	0.02032	0.03433	0.02797	0.03404	0.02244	0.01289	0.01251	0.00290	0.12152	0.00940	0.48698	0.01009
2	0.03274	0.02121	0.02441	0.02036	0.02683	0.02291	0.01634	0.16568	0.23851	0.18364	0.03570	0.03440	0.02584	0.02046	0.07783	0.00480	0.01126	0.01064	0.01041	0.01603
3	0.03901	0.02874	0.03080	0.02361	0.03182	0.03182	0.01951	0.54111	0.04825	0.06468	0.02464	0.02464	0.01745	0.01232	0.01027	0.00308	0.01129	0.00924	0.01027	0.01745
4	0.01339	0.01008	0.01239	0.01259	0.01483	0.00908	0.00914	0.01687	0.02520	0.03386	0.31838	0.22120	0.21532	0.02509	0.01236	0.00353	0.00521	0.02203	0.01039	0.00908
5	0.04158	0.02415	0.07639	0.02090	0.02957	0.02106	0.01850	0.20073	0.03453	0.37260	0.03359	0.03055	0.02183	0.01232	0.01025	0.00315	0.01010	0.00974	0.01120	0.01725
6	0.02744	0.64552	0.05378	0.01756	0.02634	0.04061	0.01756	0.03073	0.02085	0.02414	0.01427	0.01646	0.01317	0.00878	0.00658	0.00219	0.01097	0.00549	0.00439	0.01317
7	0.02245	0.02245	0.03143	0.02694	0.02694	0.03143	0.02245	0.02470	0.01572	0.02470	0.01347	0.02245	0.01347	0.01796	0.03368	0.00449	0.62057	0.00898	0.00449	0.01123
8	0.01250	0.00893	0.01191	0.01429	0.01488	0.00834	0.00953	0.01429	0.01965	0.02620	0.05656	0.63265	0.06787	0.03215	0.01310	0.00417	0.00595	0.02917	0.00953	0.00834
9	0.01744	0.01944	0.10554	0.01810	0.02271	0.01551	0.01593	0.02793	0.14457	0.03401	0.15620	0.21117	0.05239	0.02716	0.07890	0.00507	0.01012	0.01736	0.00885	0.01161
10	0.01466	0.01100	0.01649	0.01649	0.01833	0.01283	0.01283	0.01833	0.01649	0.02382	0.02749	0.04032	0.02566	0.07697	0.59868	0.01649	0.02749	0.01100	0.00550	0.00916
11	0.01656	0.01012	0.01362	0.01512	0.01668	0.00938	0.01074	0.01884	0.02106	0.08814	0.05459	0.52255	0.06242	0.02967	0.01288	0.00411	0.00656	0.06766	0.00987	0.00944
12	0.42977	0.09102	0.02571	0.01801	0.02532	0.02621	0.04861	0.12160	0.02446	0.07999	0.01820	0.01994	0.01366	0.01008	0.00770	0.00307	0.00954	0.00693	0.00715	0.01304

[dist]
# distance from previous block
# <min> <max>
0	1052

# created by:
# /st0/software/busco_prod/Augustus/scripts/msa2prfl.pl ./align_prep/8595.fa
