[name]
unknown

[dist]
# distance from previous block
# <min> <max>
0	1073

[block]
# block no. 0 follows, 14 sequences, length 71
# corresponding to MSA columns:
# 1114-1184
name=unknown_A
#
# <colnr> <probs for GDERKNQSTAVLIFYWHMCP>
#	G	D	E	R	K	N	Q	S	T	A	V	L	I	F	Y	W	H	M	C	P
0	0.03004	0.02270	0.02789	0.08160	0.16078	0.08828	0.02017	0.07794	0.02694	0.15533	0.05764	0.03824	0.02648	0.05583	0.01324	0.00358	0.01124	0.04258	0.00796	0.05153
1	0.17773	0.02417	0.06726	0.02145	0.02977	0.02230	0.07416	0.15517	0.02812	0.11512	0.02265	0.02466	0.01665	0.01387	0.04118	0.00363	0.01141	0.00833	0.00776	0.13461
2	0.02064	0.01886	0.06002	0.01816	0.02279	0.01751	0.01504	0.10065	0.09853	0.03891	0.17412	0.18266	0.05101	0.01923	0.01271	0.00340	0.04799	0.01626	0.00921	0.07230
3	0.08219	0.07448	0.02753	0.02355	0.09113	0.02177	0.01704	0.08665	0.11425	0.26195	0.03222	0.03078	0.02259	0.01183	0.00951	0.00306	0.00915	0.00949	0.05504	0.01579
4	0.24825	0.11546	0.11497	0.02325	0.07876	0.02659	0.01975	0.10699	0.06268	0.04131	0.01916	0.02127	0.01484	0.01001	0.00822	0.00293	0.01037	0.00720	0.00649	0.06152
5	0.06416	0.02637	0.11408	0.24674	0.15757	0.02419	0.02719	0.11203	0.02612	0.07427	0.02082	0.02561	0.01537	0.01041	0.00995	0.00323	0.01256	0.00880	0.00620	0.01431
6	0.01309	0.01055	0.01174	0.01177	0.01489	0.00919	0.00905	0.01641	0.02473	0.03112	0.20753	0.09521	0.41344	0.02505	0.01231	0.00353	0.00551	0.06598	0.00993	0.00897
7	0.08258	0.21834	0.07188	0.07143	0.03055	0.02562	0.06543	0.06325	0.02384	0.03264	0.08048	0.07513	0.09175	0.01399	0.00947	0.00302	0.01026	0.01152	0.00665	0.01217
8	0.01395	0.01023	0.01158	0.01153	0.01299	0.00977	0.00757	0.01546	0.01878	0.02423	0.09082	0.07572	0.21565	0.34572	0.08627	0.00797	0.00965	0.01702	0.00758	0.00752
9	0.02561	0.02677	0.04071	0.03911	0.16417	0.07892	0.17283	0.03507	0.11038	0.03219	0.02184	0.02691	0.01766	0.01185	0.01583	0.00352	0.14654	0.01014	0.00589	0.01406
10	0.71184	0.01985	0.01508	0.01350	0.01985	0.02302	0.01111	0.03017	0.01746	0.04604	0.01429	0.01667	0.01111	0.00953	0.00635	0.00318	0.00794	0.00556	0.00635	0.01111
11	0.01434	0.01035	0.01355	0.01304	0.01529	0.00956	0.00967	0.01890	0.02819	0.03979	0.52307	0.12739	0.09419	0.02200	0.01219	0.00331	0.00494	0.01953	0.01114	0.00956
12	0.02245	0.02245	0.03143	0.02694	0.02694	0.03143	0.02245	0.02470	0.01572	0.02470	0.01347	0.02245	0.01347	0.01796	0.03368	0.00449	0.62057	0.00898	0.00449	0.01123
13	0.02245	0.02245	0.03143	0.02694	0.02694	0.03143	0.02245	0.02470	0.01572	0.02470	0.01347	0.02245	0.01347	0.01796	0.03368	0.00449	0.62057	0.00898	0.00449	0.01123
14	0.01437	0.01048	0.01350	0.01275	0.01523	0.00962	0.00956	0.01906	0.02868	0.04027	0.53941	0.07810	0.12788	0.02131	0.01211	0.00324	0.00486	0.01876	0.01118	0.00962
15	0.16490	0.01789	0.02226	0.01741	0.02506	0.01650	0.01437	0.04647	0.02725	0.48668	0.03581	0.03167	0.02285	0.01213	0.00961	0.00318	0.00859	0.00947	0.01157	0.01633
16	0.01290	0.00954	0.01206	0.01330	0.01481	0.00870	0.00926	0.01552	0.02243	0.02986	0.18134	0.41377	0.16179	0.02855	0.01270	0.00383	0.00557	0.02546	0.00993	0.00870
17	0.01233	0.00961	0.01120	0.01247	0.01441	0.00849	0.00872	0.01449	0.02139	0.02691	0.07867	0.38365	0.30261	0.02928	0.01265	0.00384	0.00560	0.02567	0.00953	0.00849
18	0.01731	0.00988	0.01076	0.01054	0.01303	0.00952	0.00791	0.02194	0.02372	0.03820	0.18482	0.05356	0.08936	0.01554	0.00891	0.00270	0.00483	0.01298	0.45496	0.00952
19	0.02788	0.07465	0.20094	0.08471	0.13011	0.02533	0.08976	0.10689	0.02684	0.10223	0.02209	0.02517	0.01605	0.01022	0.01008	0.00315	0.01319	0.00895	0.00644	0.01533
20	0.03406	0.28648	0.03944	0.02226	0.02956	0.25504	0.01884	0.14033	0.02971	0.03291	0.01703	0.01895	0.01407	0.01021	0.00838	0.00255	0.01396	0.00670	0.00595	0.01356
21	0.01302	0.00931	0.01246	0.01462	0.01551	0.00875	0.01019	0.01529	0.02067	0.02765	0.09180	0.54622	0.06905	0.03103	0.01313	0.00415	0.00620	0.07278	0.00964	0.00853
22	0.02475	0.04549	0.43974	0.02910	0.04258	0.02396	0.08080	0.07845	0.02490	0.08337	0.02110	0.02364	0.01471	0.01013	0.01006	0.00325	0.01446	0.00839	0.00566	0.01544
23	0.02171	0.02077	0.06910	0.39534	0.09866	0.02154	0.02605	0.03002	0.05919	0.06633	0.06961	0.03235	0.02309	0.01148	0.01039	0.00335	0.01219	0.01009	0.00612	0.01265
24	0.03815	0.02749	0.02970	0.02306	0.03103	0.03029	0.01895	0.46818	0.09445	0.09186	0.02712	0.02649	0.01919	0.01249	0.01029	0.00312	0.01085	0.00952	0.01042	0.01734
25	0.01438	0.01027	0.01407	0.01644	0.01786	0.00996	0.01280	0.01754	0.02150	0.02830	0.05552	0.39157	0.06376	0.03038	0.01360	0.00443	0.00758	0.25169	0.00949	0.00885
26	0.02829	0.26611	0.27426	0.02268	0.03400	0.02829	0.02572	0.03539	0.02293	0.14087	0.02135	0.02242	0.01558	0.00999	0.00869	0.00284	0.01230	0.00736	0.00605	0.01489
27	0.01492	0.00995	0.01119	0.01119	0.01119	0.00995	0.00622	0.01492	0.01492	0.01990	0.03233	0.06716	0.03731	0.63935	0.05223	0.00995	0.00995	0.01492	0.00622	0.00622
28	0.01466	0.01100	0.01649	0.01649	0.01833	0.01283	0.01283	0.01833	0.01649	0.02382	0.02749	0.04032	0.02566	0.07697	0.59868	0.01649	0.02749	0.01100	0.00550	0.00916
29	0.12399	0.02015	0.03472	0.07847	0.03677	0.02092	0.22396	0.02844	0.02172	0.03463	0.02480	0.03590	0.02080	0.01202	0.01168	0.00338	0.05199	0.05524	0.14868	0.01177
30	0.54714	0.12480	0.02271	0.05739	0.02459	0.02596	0.01345	0.02998	0.01825	0.04094	0.01457	0.01740	0.01164	0.00945	0.00667	0.00303	0.00886	0.00580	0.00589	0.01148
31	0.01376	0.01027	0.01221	0.01199	0.01418	0.00934	0.00854	0.01693	0.02440	0.03267	0.30956	0.11919	0.22256	0.12703	0.01892	0.00449	0.00588	0.01957	0.00981	0.00871
32	0.01250	0.00893	0.01191	0.01429	0.01488	0.00834	0.00953	0.01429	0.01965	0.02620	0.05656	0.63265	0.06787	0.03215	0.01310	0.00417	0.00595	0.02917	0.00953	0.00834
33	0.71184	0.01985	0.01508	0.01350	0.01985	0.02302	0.01111	0.03017	0.01746	0.04604	0.01429	0.01667	0.01111	0.00953	0.00635	0.00318	0.00794	0.00556	0.00635	0.01111
34	0.01250	0.00893	0.01191	0.01429	0.01488	0.00834	0.00953	0.01429	0.01965	0.02620	0.05656	0.63265	0.06787	0.03215	0.01310	0.00417	0.00595	0.02917	0.00953	0.00834
35	0.02592	0.03461	0.27614	0.02716	0.07297	0.02000	0.06172	0.03402	0.02325	0.13193	0.02257	0.02463	0.01616	0.00965	0.00953	0.00282	0.01214	0.00813	0.00637	0.18028
36	0.01270	0.01028	0.01128	0.01132	0.01428	0.00886	0.00838	0.01573	0.02432	0.03060	0.20432	0.14251	0.41867	0.02543	0.01221	0.00348	0.00519	0.02165	0.00993	0.00886
37	0.03833	0.04891	0.02908	0.02644	0.03173	0.59815	0.01983	0.04098	0.02908	0.02512	0.01586	0.01851	0.01322	0.01058	0.00925	0.00264	0.01851	0.00661	0.00529	0.01190
38	0.02162	0.01855	0.02143	0.01566	0.02451	0.01463	0.01249	0.02815	0.06444	0.03420	0.02014	0.02265	0.01650	0.00811	0.00783	0.00168	0.00764	0.00652	0.00643	0.64681
39	0.02910	0.34084	0.17048	0.02069	0.03057	0.03076	0.02176	0.03661	0.06580	0.13045	0.02228	0.02284	0.01685	0.01014	0.00832	0.00273	0.01131	0.00736	0.00640	0.01468
40	0.01938	0.01824	0.03078	0.61468	0.07068	0.02280	0.02850	0.02622	0.02052	0.02622	0.01824	0.02736	0.01368	0.01026	0.01026	0.00342	0.01368	0.00912	0.00456	0.01140
41	0.02128	0.01824	0.02128	0.01520	0.02432	0.01368	0.01216	0.02584	0.02128	0.03344	0.01824	0.02128	0.01520	0.00760	0.00760	0.00152	0.00760	0.00608	0.00608	0.70208
42	0.02678	0.13785	0.07318	0.02803	0.07935	0.08007	0.02264	0.03040	0.02002	0.07093	0.01688	0.02226	0.01458	0.01388	0.02102	0.00360	0.31224	0.00818	0.00525	0.01287
43	0.03256	0.27818	0.07561	0.02163	0.02961	0.09488	0.01978	0.17050	0.02956	0.08446	0.01973	0.02125	0.01540	0.01097	0.01027	0.00279	0.05405	0.00742	0.00680	0.01455
44	0.02540	0.02438	0.04165	0.06299	0.57533	0.02438	0.03149	0.03149	0.02337	0.03353	0.01930	0.02540	0.01626	0.00914	0.01016	0.00305	0.01219	0.00914	0.00508	0.01626
45	0.01250	0.00893	0.01191	0.01429	0.01488	0.00834	0.00953	0.01429	0.01965	0.02620	0.05656	0.63265	0.06787	0.03215	0.01310	0.00417	0.00595	0.02917	0.00953	0.00834
46	0.02128	0.01824	0.02128	0.01520	0.02432	0.01368	0.01216	0.02584	0.02128	0.03344	0.01824	0.02128	0.01520	0.00760	0.00760	0.00152	0.00760	0.00608	0.00608	0.70208
47	0.01466	0.01100	0.01649	0.01649	0.01833	0.01283	0.01283	0.01833	0.01649	0.02382	0.02749	0.04032	0.02566	0.07697	0.59868	0.01649	0.02749	0.01100	0.00550	0.00916
48	0.02316	0.13126	0.03432	0.45499	0.05880	0.02534	0.02536	0.02911	0.02135	0.07438	0.01946	0.02606	0.01461	0.01021	0.00960	0.00318	0.01276	0.00857	0.00524	0.01225
49	0.71184	0.01985	0.01508	0.01350	0.01985	0.02302	0.01111	0.03017	0.01746	0.04604	0.01429	0.01667	0.01111	0.00953	0.00635	0.00318	0.00794	0.00556	0.00635	0.01111
50	0.04604	0.01746	0.02382	0.01826	0.02620	0.01508	0.01508	0.05001	0.02937	0.58244	0.04049	0.03493	0.02540	0.01270	0.01032	0.00318	0.00873	0.01032	0.01270	0.01746
51	0.01783	0.00891	0.01337	0.01337	0.01337	0.00891	0.00891	0.01337	0.01337	0.01783	0.01783	0.03119	0.01783	0.03565	0.04011	0.70143	0.00891	0.00891	0.00446	0.00446
52	0.01250	0.00893	0.01191	0.01429	0.01488	0.00834	0.00953	0.01429	0.01965	0.02620	0.05656	0.63265	0.06787	0.03215	0.01310	0.00417	0.00595	0.02917	0.00953	0.00834
53	0.01743	0.00981	0.01435	0.01508	0.01581	0.00981	0.01127	0.01581	0.01654	0.02180	0.02910	0.05731	0.03056	0.03340	0.03210	0.48626	0.00908	0.16251	0.00600	0.00600
54	0.01251	0.01052	0.01093	0.01114	0.01451	0.00894	0.00856	0.01530	0.02341	0.02798	0.09963	0.10025	0.52644	0.02620	0.01231	0.00358	0.00557	0.06398	0.00952	0.00873
55	0.71184	0.01985	0.01508	0.01350	0.01985	0.02302	0.01111	0.03017	0.01746	0.04604	0.01429	0.01667	0.01111	0.00953	0.00635	0.00318	0.00794	0.00556	0.00635	0.01111
56	0.02347	0.07750	0.02517	0.01619	0.02519	0.01784	0.01333	0.07331	0.02370	0.03543	0.01845	0.02114	0.01522	0.00814	0.00775	0.00173	0.00825	0.00631	0.00630	0.57558
57	0.02058	0.05308	0.58618	0.02925	0.04442	0.02383	0.03792	0.03250	0.02167	0.03250	0.01842	0.02167	0.01300	0.00975	0.00975	0.00325	0.01517	0.00758	0.00433	0.01517
58	0.01654	0.01181	0.01654	0.01890	0.02126	0.01181	0.01654	0.02126	0.02362	0.03071	0.05433	0.11576	0.05906	0.02835	0.01417	0.00472	0.00945	0.50626	0.00945	0.00945
59	0.01251	0.01041	0.01092	0.01080	0.01410	0.00883	0.00810	0.01547	0.02429	0.02986	0.17814	0.09524	0.49565	0.02519	0.01212	0.00343	0.00514	0.02116	0.00981	0.00883
60	0.02245	0.02245	0.03143	0.02694	0.02694	0.03143	0.02245	0.02470	0.01572	0.02470	0.01347	0.02245	0.01347	0.01796	0.03368	0.00449	0.62057	0.00898	0.00449	0.01123
61	0.01247	0.00907	0.01177	0.01393	0.01479	0.00837	0.00937	0.01433	0.02000	0.02634	0.06097	0.58303	0.11465	0.03158	0.01301	0.00410	0.00588	0.02848	0.00953	0.00837
62	0.01654	0.01181	0.01654	0.01890	0.02126	0.01181	0.01654	0.02126	0.02362	0.03071	0.05433	0.11576	0.05906	0.02835	0.01417	0.00472	0.00945	0.50626	0.00945	0.00945
63	0.02091	0.05076	0.53821	0.03053	0.04526	0.02403	0.08355	0.03253	0.02190	0.03253	0.01863	0.02222	0.01323	0.00965	0.00997	0.00327	0.01536	0.00800	0.00441	0.01505
64	0.01250	0.00893	0.01191	0.01429	0.01488	0.00834	0.00953	0.01429	0.01965	0.02620	0.05656	0.63265	0.06787	0.03215	0.01310	0.00417	0.00595	0.02917	0.00953	0.00834
65	0.02154	0.01906	0.02471	0.01765	0.02688	0.01475	0.05805	0.02645	0.02154	0.03339	0.01846	0.02184	0.01523	0.00769	0.00799	0.00169	0.00845	0.00661	0.00600	0.64202
66	0.03833	0.04891	0.02908	0.02644	0.03173	0.59815	0.01983	0.04098	0.02908	0.02512	0.01586	0.01851	0.01322	0.01058	0.00925	0.00264	0.01851	0.00661	0.00529	0.01190
67	0.02128	0.01824	0.02128	0.01520	0.02432	0.01368	0.01216	0.02584	0.02128	0.03344	0.01824	0.02128	0.01520	0.00760	0.00760	0.00152	0.00760	0.00608	0.00608	0.70208
68	0.02839	0.59346	0.05162	0.01833	0.02681	0.08926	0.01776	0.03162	0.02157	0.02423	0.01441	0.01664	0.01317	0.00894	0.00682	0.00223	0.01163	0.00559	0.00447	0.01306
69	0.02135	0.01730	0.01972	0.01488	0.02270	0.01415	0.01179	0.02817	0.07018	0.03502	0.02265	0.02535	0.01832	0.00882	0.00780	0.00183	0.00723	0.00710	0.10893	0.53671
70	0.02273	0.07538	0.02320	0.01860	0.02277	0.06658	0.04735	0.02807	0.06961	0.10253	0.04699	0.27868	0.08580	0.02166	0.01147	0.00359	0.00895	0.04569	0.00890	0.01145

[dist]
# distance from previous block
# <min> <max>
0	3

[block]
# block no. 1 follows, 14 sequences, length 38
# corresponding to MSA columns:
# 1188-1225
name=unknown_B
#
# <colnr> <probs for GDERKNQSTAVLIFYWHMCP>
#	G	D	E	R	K	N	Q	S	T	A	V	L	I	F	Y	W	H	M	C	P
0	0.02706	0.17067	0.31501	0.02462	0.03631	0.02803	0.02787	0.11222	0.05521	0.07817	0.02144	0.02293	0.01566	0.01039	0.00924	0.00301	0.01281	0.00782	0.00622	0.01533
1	0.40311	0.01881	0.01779	0.01744	0.05367	0.02109	0.01236	0.07172	0.06101	0.04070	0.02164	0.03093	0.01942	0.15226	0.01759	0.00471	0.00895	0.00866	0.00688	0.01125
2	0.01865	0.01707	0.02821	0.52410	0.06235	0.02083	0.02567	0.02519	0.02180	0.02847	0.10128	0.03478	0.02620	0.01187	0.01054	0.00339	0.01235	0.01054	0.00557	0.01114
3	0.12522	0.01848	0.02035	0.01494	0.02365	0.01509	0.01200	0.02649	0.02071	0.03534	0.01765	0.02059	0.01458	0.00789	0.00741	0.00177	0.00765	0.00600	0.00612	0.59808
4	0.02597	0.12531	0.19691	0.02568	0.03547	0.02646	0.09464	0.04115	0.20123	0.08234	0.02782	0.02841	0.02057	0.01110	0.00988	0.00319	0.01192	0.00947	0.00722	0.01524
5	0.12622	0.02206	0.02897	0.02492	0.02587	0.03017	0.02075	0.02552	0.01598	0.02791	0.01359	0.02158	0.01312	0.01669	0.02956	0.00429	0.52835	0.00847	0.00477	0.01121
6	0.60718	0.01864	0.01530	0.01431	0.02006	0.02133	0.01193	0.02883	0.01839	0.04373	0.02032	0.03159	0.01833	0.01236	0.00753	0.00341	0.00817	0.08092	0.00682	0.01086
7	0.60853	0.02018	0.01631	0.01461	0.02088	0.02340	0.01189	0.03383	0.09865	0.04557	0.01843	0.01992	0.01416	0.01019	0.00697	0.00322	0.00797	0.00647	0.00697	0.01189
8	0.01990	0.01877	0.03172	0.56696	0.11433	0.02294	0.02876	0.02668	0.02077	0.02685	0.01833	0.02719	0.01390	0.01016	0.01025	0.00339	0.01355	0.00912	0.00460	0.01182
9	0.02744	0.64552	0.05378	0.01756	0.02634	0.04061	0.01756	0.03073	0.02085	0.02414	0.01427	0.01646	0.01317	0.00878	0.00658	0.00219	0.01097	0.00549	0.00439	0.01317
10	0.01938	0.01824	0.03078	0.61468	0.07068	0.02280	0.02850	0.02622	0.02052	0.02622	0.01824	0.02736	0.01368	0.01026	0.01026	0.00342	0.01368	0.00912	0.00456	0.01140
11	0.02245	0.02245	0.03143	0.02694	0.02694	0.03143	0.02245	0.02470	0.01572	0.02470	0.01347	0.02245	0.01347	0.01796	0.03368	0.00449	0.62057	0.00898	0.00449	0.01123
12	0.01769	0.01310	0.01433	0.01372	0.01523	0.01401	0.00883	0.02526	0.15629	0.02591	0.03480	0.05962	0.03575	0.47619	0.04133	0.00826	0.00947	0.01406	0.00732	0.00883
13	0.01913	0.00956	0.00956	0.00956	0.01196	0.00956	0.00717	0.02391	0.02152	0.03826	0.03348	0.03826	0.02630	0.01196	0.00717	0.00239	0.00478	0.00956	0.69632	0.00956
14	0.01599	0.01103	0.01292	0.01211	0.01552	0.00963	0.00920	0.01965	0.02627	0.08012	0.29423	0.08410	0.32602	0.02277	0.01197	0.00334	0.00535	0.01940	0.01054	0.00983
15	0.66103	0.01966	0.01575	0.01386	0.02033	0.02242	0.01142	0.03168	0.01837	0.08698	0.01629	0.01806	0.01220	0.00977	0.00665	0.00318	0.00800	0.00592	0.00684	0.01160
16	0.01471	0.01040	0.01309	0.01242	0.01492	0.00959	0.00931	0.01936	0.02794	0.03978	0.48544	0.07528	0.13087	0.02064	0.01169	0.00318	0.00487	0.01806	0.06887	0.00959
17	0.02935	0.02472	0.09580	0.03458	0.15588	0.02192	0.09887	0.03516	0.02387	0.18717	0.02749	0.03519	0.02157	0.01309	0.01432	0.00352	0.10363	0.05160	0.00745	0.01479
18	0.03080	0.24548	0.03489	0.06121	0.02931	0.06759	0.01727	0.09625	0.10659	0.11822	0.02562	0.02626	0.01941	0.01106	0.00865	0.00277	0.01042	0.00826	0.06565	0.01427
19	0.01296	0.01018	0.01172	0.01187	0.01451	0.00894	0.00870	0.01615	0.02457	0.03179	0.24599	0.18282	0.33239	0.02543	0.01229	0.00351	0.00521	0.02194	0.01010	0.00894
20	0.07919	0.09430	0.15940	0.08416	0.15785	0.02464	0.10596	0.03393	0.02303	0.11058	0.02135	0.02486	0.01581	0.00979	0.00974	0.00313	0.01282	0.00877	0.00600	0.01469
21	0.02128	0.01824	0.02128	0.01520	0.02432	0.01368	0.01216	0.02584	0.02128	0.03344	0.01824	0.02128	0.01520	0.00760	0.00760	0.00152	0.00760	0.00608	0.00608	0.70208
22	0.01250	0.00893	0.01191	0.01429	0.01488	0.00834	0.00953	0.01429	0.01965	0.02620	0.05656	0.63265	0.06787	0.03215	0.01310	0.00417	0.00595	0.02917	0.00953	0.00834
23	0.01753	0.02357	0.16410	0.01841	0.02494	0.01591	0.01827	0.02764	0.11132	0.03530	0.19244	0.06430	0.16715	0.01864	0.01140	0.00345	0.00854	0.05635	0.00879	0.01193
24	0.03121	0.12957	0.23511	0.02515	0.03610	0.02434	0.08122	0.06692	0.02579	0.20819	0.02541	0.02591	0.01751	0.01057	0.00973	0.00308	0.01248	0.00872	0.00744	0.01557
25	0.02986	0.02026	0.03262	0.22706	0.24232	0.02099	0.02544	0.03553	0.02431	0.20135	0.02553	0.02899	0.01826	0.01061	0.01024	0.00321	0.01160	0.00950	0.00728	0.01506
26	0.01250	0.00893	0.01191	0.01429	0.01488	0.00834	0.00953	0.01429	0.01965	0.02620	0.05656	0.63265	0.06787	0.03215	0.01310	0.00417	0.00595	0.02917	0.00953	0.00834
27	0.02285	0.18012	0.37772	0.03118	0.09951	0.02774	0.06127	0.03202	0.02182	0.03078	0.01773	0.02127	0.01354	0.00940	0.00923	0.00301	0.01403	0.00755	0.00448	0.01477
28	0.03652	0.02556	0.12260	0.06751	0.07206	0.01985	0.05361	0.08555	0.02836	0.33468	0.03118	0.03018	0.02057	0.01151	0.01031	0.00321	0.01115	0.00971	0.00953	0.01634
29	0.03376	0.02652	0.11383	0.11425	0.03649	0.06923	0.02221	0.03904	0.02473	0.28004	0.02747	0.02844	0.01884	0.01248	0.01365	0.00338	0.10342	0.00919	0.00828	0.01476
30	0.60616	0.02229	0.01832	0.01859	0.06750	0.06398	0.01345	0.03105	0.01879	0.04350	0.01482	0.01754	0.01170	0.00957	0.00688	0.00313	0.00905	0.00593	0.00617	0.01160
31	0.01434	0.01124	0.01307	0.01247	0.01553	0.01037	0.00939	0.01996	0.06286	0.03603	0.35210	0.08266	0.27740	0.02245	0.01200	0.00334	0.00520	0.01929	0.01055	0.00973
32	0.02590	0.02600	0.13381	0.02285	0.07535	0.01774	0.01961	0.05897	0.02412	0.11142	0.02181	0.02379	0.01640	0.00912	0.00876	0.00230	0.00982	0.00739	0.00681	0.37805
33	0.01472	0.01075	0.01524	0.01524	0.01663	0.01215	0.01126	0.01752	0.01612	0.02289	0.02864	0.04668	0.02842	0.21026	0.46916	0.01494	0.02333	0.01193	0.00567	0.00846
34	0.02533	0.02289	0.02883	0.02425	0.03074	0.02559	0.09479	0.05127	0.47663	0.04141	0.03861	0.03669	0.02895	0.01313	0.01069	0.00348	0.00950	0.01168	0.00965	0.01588
35	0.02728	0.01969	0.03184	0.23520	0.23449	0.02069	0.02552	0.03303	0.02378	0.15475	0.02668	0.03583	0.02106	0.01194	0.01057	0.00334	0.01168	0.05130	0.00699	0.01432
36	0.03901	0.02874	0.03080	0.02361	0.03182	0.03182	0.01951	0.54111	0.04825	0.06468	0.02464	0.02464	0.01745	0.01232	0.01027	0.00308	0.01129	0.00924	0.01027	0.01745
37	0.02620	0.01752	0.02715	0.08386	0.19721	0.01737	0.02185	0.03136	0.02458	0.15634	0.03729	0.06196	0.03432	0.01732	0.01173	0.00374	0.01050	0.19774	0.00842	0.01353

[dist]
# distance from previous block
# <min> <max>
0	1

[block]
# block no. 2 follows, 14 sequences, length 20
# corresponding to MSA columns:
# 1227-1246
name=unknown_C
#
# <colnr> <probs for GDERKNQSTAVLIFYWHMCP>
#	G	D	E	R	K	N	Q	S	T	A	V	L	I	F	Y	W	H	M	C	P
0	0.64246	0.02284	0.01652	0.01483	0.02107	0.08227	0.01201	0.03128	0.01866	0.04389	0.01445	0.01686	0.01133	0.00963	0.00665	0.00312	0.00903	0.00567	0.00624	0.01119
1	0.01938	0.01824	0.03078	0.61468	0.07068	0.02280	0.02850	0.02622	0.02052	0.02622	0.01824	0.02736	0.01368	0.01026	0.01026	0.00342	0.01368	0.00912	0.00456	0.01140
2	0.02316	0.01818	0.02147	0.01543	0.02446	0.01379	0.01238	0.02768	0.02190	0.07522	0.01993	0.02232	0.01598	0.00799	0.00781	0.00165	0.00769	0.00640	0.00658	0.64998
3	0.04604	0.01746	0.02382	0.01826	0.02620	0.01508	0.01508	0.05001	0.02937	0.58244	0.04049	0.03493	0.02540	0.01270	0.01032	0.00318	0.00873	0.01032	0.01270	0.01746
4	0.01481	0.01053	0.01230	0.01228	0.01516	0.00922	0.00904	0.01785	0.02429	0.06395	0.19955	0.20236	0.32075	0.02531	0.01222	0.00354	0.00549	0.02183	0.01013	0.00936
5	0.01492	0.00995	0.01119	0.01119	0.01119	0.00995	0.00622	0.01492	0.01492	0.01990	0.03233	0.06716	0.03731	0.63935	0.05223	0.00995	0.00995	0.01492	0.00622	0.00622
6	0.01492	0.00995	0.01119	0.01119	0.01119	0.00995	0.00622	0.01492	0.01492	0.01990	0.03233	0.06716	0.03731	0.63935	0.05223	0.00995	0.00995	0.01492	0.00622	0.00622
7	0.02000	0.01887	0.03190	0.55785	0.12266	0.02296	0.02881	0.02676	0.02081	0.02697	0.01835	0.02716	0.01395	0.01014	0.01025	0.00338	0.01353	0.00912	0.00461	0.01190
8	0.02744	0.64552	0.05378	0.01756	0.02634	0.04061	0.01756	0.03073	0.02085	0.02414	0.01427	0.01646	0.01317	0.00878	0.00658	0.00219	0.01097	0.00549	0.00439	0.01317
9	0.02128	0.01824	0.02128	0.01520	0.02432	0.01368	0.01216	0.02584	0.02128	0.03344	0.01824	0.02128	0.01520	0.00760	0.00760	0.00152	0.00760	0.00608	0.00608	0.70208
10	0.03078	0.53266	0.04839	0.01768	0.02631	0.03602	0.01711	0.03419	0.02238	0.12447	0.01898	0.01978	0.01537	0.00948	0.00726	0.00237	0.01057	0.00636	0.00588	0.01394
11	0.03119	0.01831	0.02024	0.01831	0.02334	0.07420	0.01511	0.06361	0.02736	0.23409	0.04052	0.05953	0.03481	0.01745	0.01099	0.00350	0.00953	0.17158	0.11324	0.01309
12	0.03493	0.04340	0.02939	0.13214	0.03873	0.49476	0.02139	0.03833	0.02754	0.02531	0.01629	0.02010	0.01330	0.01052	0.00943	0.00278	0.01764	0.00706	0.00516	0.01181
13	0.02021	0.01459	0.01763	0.12181	0.02693	0.01622	0.01379	0.03183	0.16526	0.03777	0.11166	0.04194	0.03572	0.01350	0.00932	0.00299	0.00728	0.01135	0.28851	0.01169
14	0.01241	0.00929	0.01154	0.01334	0.01463	0.00842	0.00910	0.01440	0.02056	0.02657	0.06815	0.50207	0.19097	0.03064	0.01286	0.00400	0.00577	0.02734	0.00953	0.00842
15	0.14480	0.04711	0.48355	0.02642	0.04000	0.02369	0.03310	0.03208	0.02091	0.03493	0.01767	0.02077	0.01266	0.00971	0.00914	0.00324	0.01387	0.00722	0.00470	0.01444
16	0.01607	0.00997	0.01235	0.01195	0.01402	0.00943	0.00877	0.01904	0.02389	0.03514	0.29894	0.06073	0.10388	0.02178	0.01591	0.12850	0.00559	0.01484	0.18056	0.00863
17	0.07726	0.01251	0.01564	0.01392	0.01765	0.01174	0.01077	0.02576	0.02816	0.13882	0.42931	0.06425	0.07698	0.01855	0.01131	0.00321	0.00579	0.01601	0.01114	0.01120
18	0.02102	0.05005	0.52334	0.03092	0.04552	0.02409	0.09771	0.03254	0.02197	0.03254	0.01870	0.02239	0.01331	0.00962	0.01003	0.00328	0.01542	0.00812	0.00444	0.01501
19	0.20455	0.01475	0.01697	0.12209	0.02766	0.01594	0.01474	0.02272	0.02133	0.03322	0.05101	0.06817	0.18270	0.01932	0.01077	0.00371	0.00860	0.14397	0.00775	0.01003

[dist]
# distance from previous block
# <min> <max>
4	14

# created by:
# /st0/software/busco_prod/Augustus/scripts/msa2prfl.pl ./align_prep/8618.fa
