[name]
unknown

[dist]
# distance from previous block
# <min> <max>
0	129

[block]
# block no. 0 follows, 10 sequences, length 27
# corresponding to MSA columns:
# 133-159
name=unknown_A
#
# <colnr> <probs for GDERKNQSTAVLIFYWHMCP>
#	G	D	E	R	K	N	Q	S	T	A	V	L	I	F	Y	W	H	M	C	P
0	0.12390	0.01846	0.02441	0.02060	0.02712	0.01682	0.06414	0.02680	0.02359	0.03751	0.03663	0.18808	0.03829	0.01927	0.01147	0.00348	0.00961	0.06289	0.00831	0.23862
1	0.30118	0.02712	0.02398	0.02076	0.02763	0.07428	0.01651	0.15747	0.08322	0.05288	0.02829	0.08705	0.02444	0.01516	0.01006	0.00368	0.01089	0.01127	0.00920	0.01492
2	0.03625	0.02919	0.03712	0.03251	0.10007	0.02982	0.06216	0.28262	0.04180	0.05763	0.02513	0.02750	0.01885	0.01194	0.01114	0.00313	0.01261	0.00995	0.00930	0.16128
3	0.08203	0.02339	0.03627	0.03808	0.15373	0.02541	0.09678	0.03317	0.07474	0.03587	0.02918	0.08639	0.02764	0.09158	0.02246	0.00501	0.10319	0.01378	0.00709	0.01421
4	0.09871	0.02135	0.02451	0.09576	0.03370	0.02329	0.01758	0.04428	0.22065	0.08510	0.03568	0.04080	0.02844	0.08968	0.01718	0.00459	0.01033	0.01167	0.00944	0.08726
5	0.21275	0.02583	0.02554	0.02111	0.02868	0.02870	0.01713	0.22869	0.11134	0.05800	0.03960	0.03895	0.08549	0.01541	0.01071	0.00365	0.01026	0.01159	0.01032	0.01625
6	0.30052	0.02481	0.02690	0.02269	0.02960	0.06927	0.07558	0.03869	0.07629	0.09738	0.03074	0.10467	0.02678	0.01530	0.01043	0.00378	0.01126	0.01248	0.00873	0.01408
7	0.12221	0.02155	0.02177	0.01811	0.02421	0.02351	0.01459	0.21725	0.03640	0.05710	0.03072	0.03349	0.02321	0.01334	0.00946	0.00316	0.00900	0.01005	0.29605	0.01482
8	0.02088	0.01950	0.03183	0.49052	0.07160	0.02373	0.02920	0.02800	0.02369	0.02994	0.03349	0.04169	0.08129	0.01398	0.01191	0.00388	0.01424	0.01221	0.00591	0.01251
9	0.01834	0.01437	0.01947	0.01855	0.01945	0.01713	0.01366	0.02061	0.01785	0.02548	0.03036	0.05365	0.03162	0.26811	0.26669	0.01337	0.12167	0.01375	0.00634	0.00953
10	0.03174	0.44837	0.12322	0.02266	0.03354	0.04205	0.02342	0.09385	0.02786	0.03475	0.01838	0.02070	0.01554	0.01063	0.00851	0.00279	0.01315	0.00711	0.00585	0.01588
11	0.04282	0.02952	0.03204	0.02480	0.03347	0.03217	0.02041	0.40304	0.05012	0.10857	0.03034	0.03031	0.02145	0.01396	0.01132	0.00343	0.01188	0.01061	0.07078	0.01896
12	0.04421	0.03258	0.03490	0.02676	0.03607	0.03607	0.02211	0.47993	0.05468	0.07330	0.02792	0.02792	0.01978	0.01396	0.01163	0.00349	0.01280	0.01047	0.01163	0.01978
13	0.01417	0.01012	0.01350	0.01619	0.01687	0.00945	0.01080	0.01619	0.02227	0.02969	0.06410	0.58367	0.07692	0.03644	0.01484	0.00472	0.00675	0.03306	0.01080	0.00945
14	0.60432	0.02360	0.01905	0.01655	0.02398	0.02719	0.01364	0.08313	0.02362	0.05450	0.01748	0.01988	0.01338	0.01114	0.00768	0.00359	0.00941	0.00676	0.00768	0.01338
15	0.01527	0.01092	0.01467	0.01686	0.01817	0.01033	0.01217	0.01834	0.02452	0.03293	0.12637	0.43727	0.07981	0.03393	0.01489	0.00468	0.00725	0.10065	0.01106	0.00987
16	0.01417	0.01012	0.01350	0.01619	0.01687	0.00945	0.01080	0.01619	0.02227	0.02969	0.06410	0.58367	0.07692	0.03644	0.01484	0.00472	0.00675	0.03306	0.01080	0.00945
17	0.03107	0.02605	0.02750	0.02410	0.03106	0.02993	0.01893	0.12026	0.43576	0.05210	0.04462	0.04123	0.03330	0.01552	0.01181	0.00388	0.00971	0.01277	0.01181	0.01860
18	0.03099	0.02514	0.04011	0.13681	0.32662	0.02602	0.03063	0.04059	0.07934	0.10620	0.02787	0.03227	0.02131	0.01173	0.01159	0.00360	0.01302	0.01085	0.00755	0.01774
19	0.02936	0.02938	0.04454	0.12235	0.42615	0.07431	0.03412	0.03600	0.02671	0.03621	0.02139	0.02832	0.01779	0.01065	0.01143	0.00346	0.01465	0.01010	0.00571	0.01736
20	0.01691	0.01128	0.01268	0.01268	0.01268	0.01128	0.00705	0.01691	0.01691	0.02255	0.03665	0.07611	0.04228	0.59126	0.05920	0.01128	0.01128	0.01691	0.00705	0.00705
21	0.01601	0.01179	0.01522	0.01629	0.01867	0.01100	0.01254	0.02016	0.02759	0.03684	0.21998	0.23149	0.15439	0.03007	0.01460	0.00440	0.00719	0.13001	0.01144	0.01033
22	0.13200	0.03003	0.09347	0.02929	0.09843	0.06559	0.02210	0.04390	0.16347	0.08390	0.03175	0.03648	0.02529	0.07638	0.01604	0.00449	0.01208	0.01091	0.00858	0.01582
23	0.01417	0.01012	0.01350	0.01619	0.01687	0.00945	0.01080	0.01619	0.02227	0.02969	0.06410	0.58367	0.07692	0.03644	0.01484	0.00472	0.00675	0.03306	0.01080	0.00945
24	0.01489	0.01091	0.01370	0.01538	0.01687	0.01010	0.01073	0.01744	0.02378	0.03121	0.11014	0.37994	0.15026	0.08412	0.01867	0.00514	0.00720	0.05938	0.01063	0.00952
25	0.02778	0.09458	0.25672	0.08822	0.04519	0.06877	0.03195	0.09688	0.02949	0.03935	0.02655	0.03900	0.02245	0.01428	0.01149	0.00373	0.01540	0.06574	0.00674	0.01572
26	0.11520	0.08996	0.24095	0.03175	0.09166	0.07516	0.03014	0.04078	0.06279	0.08159	0.02399	0.02626	0.01777	0.01160	0.01036	0.00350	0.01441	0.00882	0.00679	0.01652

[dist]
# distance from previous block
# <min> <max>
0	2

[block]
# block no. 1 follows, 10 sequences, length 49
# corresponding to MSA columns:
# 162-210
name=unknown_B
#
# <colnr> <probs for GDERKNQSTAVLIFYWHMCP>
#	G	D	E	R	K	N	Q	S	T	A	V	L	I	F	Y	W	H	M	C	P
0	0.03216	0.24954	0.14438	0.03230	0.08601	0.10140	0.06902	0.08975	0.02931	0.03674	0.01994	0.02336	0.01607	0.01092	0.01001	0.00313	0.01529	0.00845	0.00604	0.01617
1	0.51587	0.03073	0.02106	0.01896	0.02586	0.15576	0.01507	0.03725	0.02309	0.04625	0.01664	0.01941	0.01319	0.01109	0.00802	0.00345	0.01199	0.00660	0.00690	0.01282
2	0.02179	0.01701	0.01924	0.01756	0.02198	0.01744	0.01344	0.08846	0.12532	0.04577	0.23225	0.12205	0.16498	0.02327	0.01318	0.00385	0.00739	0.01994	0.01185	0.01322
3	0.01443	0.01052	0.01359	0.01555	0.01682	0.00968	0.01062	0.01700	0.02409	0.03209	0.12848	0.47118	0.12489	0.03407	0.01459	0.00450	0.00650	0.03063	0.01106	0.00968
4	0.03233	0.54405	0.05815	0.02091	0.03046	0.09581	0.02016	0.03599	0.02456	0.02747	0.01635	0.01889	0.01493	0.01015	0.00776	0.00254	0.01329	0.00635	0.00508	0.01478
5	0.01417	0.01012	0.01350	0.01619	0.01687	0.00945	0.01080	0.01619	0.02227	0.02969	0.06410	0.58367	0.07692	0.03644	0.01484	0.00472	0.00675	0.03306	0.01080	0.00945
6	0.04345	0.05543	0.03296	0.02996	0.03596	0.54457	0.02247	0.04644	0.03296	0.02846	0.01798	0.02097	0.01498	0.01199	0.01049	0.00300	0.02097	0.00749	0.00599	0.01348
7	0.02639	0.03400	0.15090	0.10520	0.27368	0.02848	0.07188	0.03449	0.02472	0.03558	0.02083	0.02788	0.01687	0.01187	0.01501	0.00379	0.08611	0.01023	0.00544	0.01665
8	0.05218	0.01979	0.02699	0.02069	0.02969	0.01709	0.01709	0.05668	0.03329	0.52677	0.04588	0.03959	0.02879	0.01439	0.01170	0.00360	0.00990	0.01170	0.01439	0.01979
9	0.05218	0.01979	0.02699	0.02069	0.02969	0.01709	0.01709	0.05668	0.03329	0.52677	0.04588	0.03959	0.02879	0.01439	0.01170	0.00360	0.00990	0.01170	0.01439	0.01979
10	0.02358	0.11604	0.29330	0.02619	0.03795	0.02629	0.02988	0.03653	0.08658	0.03921	0.12998	0.03966	0.03796	0.01426	0.01125	0.00355	0.01301	0.01155	0.00751	0.01570
11	0.03678	0.02247	0.02560	0.02090	0.02787	0.02314	0.01656	0.17673	0.11156	0.18664	0.04901	0.05048	0.09257	0.08482	0.01760	0.00457	0.01031	0.01386	0.01180	0.01674
12	0.01417	0.01012	0.01350	0.01619	0.01687	0.00945	0.01080	0.01619	0.02227	0.02969	0.06410	0.58367	0.07692	0.03644	0.01484	0.00472	0.00675	0.03306	0.01080	0.00945
13	0.15490	0.09336	0.03612	0.03609	0.17133	0.03021	0.02318	0.12392	0.02943	0.04498	0.02486	0.07946	0.02259	0.01462	0.01303	0.00365	0.06363	0.01131	0.00758	0.01575
14	0.02102	0.01290	0.01701	0.01540	0.01895	0.01175	0.01175	0.02638	0.03297	0.10786	0.45306	0.08085	0.09942	0.02258	0.01346	0.00365	0.00605	0.01984	0.01301	0.01210
15	0.02763	0.03088	0.06581	0.05196	0.12104	0.02918	0.41847	0.03705	0.02732	0.03735	0.02331	0.03103	0.01775	0.00988	0.01343	0.00386	0.01885	0.01328	0.00587	0.01605
16	0.02879	0.02763	0.04721	0.07139	0.51871	0.02763	0.03569	0.03569	0.02648	0.03800	0.02188	0.02879	0.01842	0.01036	0.01151	0.00345	0.01382	0.01036	0.00576	0.01842
17	0.02196	0.02067	0.03488	0.56331	0.08010	0.02584	0.03230	0.02972	0.02326	0.02972	0.02067	0.03101	0.01550	0.01163	0.01163	0.00388	0.01550	0.01034	0.00517	0.01292
18	0.02196	0.02067	0.03488	0.56331	0.08010	0.02584	0.03230	0.02972	0.02326	0.02972	0.02067	0.03101	0.01550	0.01163	0.01163	0.00388	0.01550	0.01034	0.00517	0.01292
19	0.01415	0.01158	0.01249	0.01273	0.01607	0.00992	0.00937	0.01730	0.02677	0.03313	0.16109	0.17081	0.40493	0.02965	0.01389	0.00400	0.00595	0.02522	0.01106	0.00992
20	0.01661	0.01246	0.01869	0.01869	0.02077	0.01454	0.01454	0.02077	0.01869	0.02700	0.03115	0.04569	0.02908	0.08723	0.54517	0.01869	0.03115	0.01246	0.00623	0.01038
21	0.03109	0.59826	0.06095	0.01990	0.02985	0.04602	0.01990	0.03483	0.02363	0.02736	0.01617	0.01866	0.01493	0.00995	0.00746	0.00249	0.01244	0.00622	0.00498	0.01493
22	0.01375	0.01178	0.01178	0.01178	0.01571	0.00982	0.00884	0.01669	0.02651	0.03142	0.11782	0.11193	0.51399	0.02946	0.01375	0.00393	0.00589	0.02455	0.01080	0.00982
23	0.02893	0.02498	0.02630	0.02367	0.03024	0.02893	0.01841	0.06180	0.49770	0.04865	0.04734	0.04339	0.03550	0.01578	0.01183	0.00394	0.00920	0.01315	0.01183	0.01841
24	0.04345	0.05543	0.03296	0.02996	0.03596	0.54457	0.02247	0.04644	0.03296	0.02846	0.01798	0.02097	0.01498	0.01199	0.01049	0.00300	0.02097	0.00749	0.00599	0.01348
25	0.01646	0.01189	0.01555	0.01463	0.01738	0.01097	0.01097	0.02195	0.03292	0.04664	0.51257	0.08688	0.10974	0.02378	0.01372	0.00366	0.00549	0.02103	0.01280	0.01097
26	0.01417	0.01012	0.01350	0.01619	0.01687	0.00945	0.01080	0.01619	0.02227	0.02969	0.06410	0.58367	0.07692	0.03644	0.01484	0.00472	0.00675	0.03306	0.01080	0.00945
27	0.02333	0.06016	0.53100	0.03315	0.05034	0.02701	0.04297	0.03683	0.02455	0.03683	0.02087	0.02455	0.01473	0.01105	0.01105	0.00368	0.01719	0.00859	0.00491	0.01719
28	0.67341	0.02249	0.01709	0.01529	0.02249	0.02609	0.01260	0.03419	0.01979	0.05218	0.01619	0.01889	0.01260	0.01080	0.00720	0.00360	0.00900	0.00630	0.00720	0.01260
29	0.01459	0.01162	0.01308	0.01314	0.01633	0.01011	0.00969	0.01817	0.02788	0.03566	0.22679	0.16051	0.34409	0.02862	0.01387	0.00394	0.00587	0.02453	0.01138	0.01011
30	0.67341	0.02249	0.01709	0.01529	0.02249	0.02609	0.01260	0.03419	0.01979	0.05218	0.01619	0.01889	0.01260	0.01080	0.00720	0.00360	0.00900	0.00630	0.00720	0.01260
31	0.01412	0.01032	0.01329	0.01567	0.01673	0.00949	0.01056	0.01625	0.02277	0.02989	0.07047	0.52777	0.12871	0.03561	0.01471	0.00463	0.00665	0.03205	0.01080	0.00949
32	0.01510	0.01175	0.01320	0.01288	0.01588	0.01041	0.00934	0.01853	0.02745	0.03548	0.24286	0.09860	0.31293	0.10143	0.01972	0.00480	0.00646	0.02233	0.01099	0.00985
33	0.15105	0.03839	0.19756	0.02612	0.03711	0.02960	0.02659	0.15655	0.13381	0.05170	0.02755	0.02845	0.02013	0.01278	0.01065	0.00367	0.01280	0.00964	0.00858	0.01727
34	0.02879	0.02763	0.04721	0.07139	0.51871	0.02763	0.03569	0.03569	0.02648	0.03800	0.02188	0.02879	0.01842	0.01036	0.01151	0.00345	0.01382	0.01036	0.00576	0.01842
35	0.02439	0.02073	0.03304	0.04752	0.31158	0.02056	0.02497	0.03026	0.02618	0.03878	0.07824	0.10794	0.03693	0.01559	0.01152	0.00350	0.01054	0.01439	0.12818	0.01514
36	0.16142	0.03070	0.03159	0.02462	0.03354	0.03421	0.02033	0.39690	0.04818	0.06936	0.02574	0.02624	0.01844	0.01337	0.01081	0.00351	0.01209	0.00969	0.01081	0.01844
37	0.02879	0.02763	0.04721	0.07139	0.51871	0.02763	0.03569	0.03569	0.02648	0.03800	0.02188	0.02879	0.01842	0.01036	0.01151	0.00345	0.01382	0.01036	0.00576	0.01842
38	0.04354	0.05252	0.03321	0.02955	0.03597	0.47973	0.02243	0.10172	0.03573	0.03418	0.01925	0.02186	0.01559	0.01224	0.01063	0.00306	0.01993	0.00787	0.00671	0.01429
39	0.03341	0.03835	0.03219	0.03594	0.14048	0.29507	0.02300	0.03775	0.02980	0.03283	0.08550	0.03434	0.02990	0.02209	0.07450	0.00505	0.01853	0.01051	0.00686	0.01390
40	0.01519	0.01184	0.01378	0.01329	0.01659	0.01043	0.00997	0.01948	0.02991	0.03949	0.32708	0.09865	0.29970	0.02645	0.01373	0.00378	0.00568	0.02268	0.01186	0.01043
41	0.02632	0.02197	0.04013	0.21635	0.05413	0.02261	0.16315	0.03381	0.02792	0.09909	0.13117	0.04430	0.03824	0.01404	0.01274	0.00381	0.01389	0.01387	0.00822	0.01423
42	0.01841	0.01041	0.01381	0.01442	0.01489	0.01026	0.00946	0.01713	0.01818	0.02552	0.03526	0.16744	0.03823	0.13894	0.03669	0.31439	0.00901	0.01663	0.08383	0.00710
43	0.02512	0.02296	0.03541	0.20417	0.22877	0.02514	0.02819	0.03694	0.11413	0.03861	0.09083	0.03982	0.03274	0.01352	0.01190	0.00370	0.01237	0.01228	0.00764	0.01577
44	0.13230	0.02872	0.07455	0.15578	0.04237	0.09210	0.02318	0.03483	0.02553	0.08228	0.07056	0.03244	0.02566	0.01358	0.01329	0.00360	0.06750	0.01006	0.00733	0.06434
45	0.08650	0.02235	0.08086	0.01998	0.02685	0.01808	0.01773	0.03595	0.08957	0.11993	0.14619	0.10706	0.05144	0.01900	0.01204	0.00374	0.00922	0.04819	0.01056	0.07476
46	0.08742	0.10604	0.10259	0.02662	0.03584	0.08962	0.06479	0.07401	0.02846	0.12181	0.02405	0.02643	0.01798	0.01235	0.01302	0.00338	0.06820	0.00911	0.00769	0.08059
47	0.02999	0.07343	0.09238	0.02221	0.02995	0.02470	0.02021	0.08227	0.10277	0.10699	0.08791	0.03849	0.03330	0.01479	0.01335	0.00344	0.06231	0.01136	0.06967	0.08048
48	0.16084	0.10315	0.10418	0.02722	0.03707	0.02900	0.11105	0.11207	0.03067	0.08430	0.06882	0.03157	0.02572	0.01256	0.01075	0.00352	0.01300	0.01057	0.00820	0.01575

[dist]
# distance from previous block
# <min> <max>
8	47

[block]
# block no. 2 follows, 10 sequences, length 48
# corresponding to MSA columns:
# 260-277,287-316
name=unknown_C
#
# <colnr> <probs for GDERKNQSTAVLIFYWHMCP>
#	G	D	E	R	K	N	Q	S	T	A	V	L	I	F	Y	W	H	M	C	P
0	0.02814	0.02965	0.12005	0.15546	0.08385	0.02542	0.09102	0.07056	0.08698	0.08616	0.03159	0.08389	0.02576	0.01447	0.01215	0.00385	0.01389	0.01315	0.00800	0.01595
1	0.08917	0.02954	0.13603	0.02671	0.06746	0.02249	0.02319	0.11504	0.03105	0.15135	0.03691	0.15246	0.03263	0.01787	0.01183	0.00384	0.01151	0.01497	0.00977	0.01619
2	0.02245	0.02137	0.02586	0.02378	0.02834	0.08926	0.07291	0.02688	0.02588	0.03289	0.04641	0.24173	0.05059	0.02501	0.01364	0.00418	0.01167	0.13511	0.00899	0.09304
3	0.02536	0.06768	0.07726	0.12043	0.04631	0.02557	0.15661	0.08604	0.02977	0.04009	0.09695	0.10658	0.03757	0.01604	0.01260	0.00380	0.01377	0.01529	0.00793	0.01434
4	0.03986	0.07953	0.17828	0.02636	0.03755	0.08112	0.02632	0.12652	0.03397	0.21165	0.03019	0.02958	0.02057	0.01277	0.01106	0.00346	0.01391	0.00973	0.00956	0.01802
5	0.03425	0.13972	0.03896	0.02484	0.03262	0.02834	0.08386	0.15350	0.03312	0.12458	0.03241	0.08671	0.02817	0.08653	0.01732	0.00445	0.01247	0.01321	0.00927	0.01565
6	0.02818	0.05683	0.41280	0.03208	0.04693	0.10090	0.03806	0.08101	0.02865	0.03918	0.02114	0.02438	0.01526	0.01146	0.01103	0.00357	0.01730	0.00862	0.00571	0.01692
7	0.02692	0.15054	0.03856	0.19987	0.10579	0.03020	0.02464	0.07450	0.09379	0.03692	0.03445	0.03798	0.07142	0.01377	0.01094	0.00350	0.01247	0.01133	0.00730	0.01510
8	0.13705	0.09755	0.06288	0.01946	0.02646	0.07751	0.01702	0.06504	0.02976	0.08766	0.15100	0.04982	0.10079	0.01681	0.01097	0.00345	0.01043	0.01316	0.00940	0.01378
9	0.01926	0.01158	0.01548	0.01654	0.01855	0.01062	0.01161	0.02208	0.02515	0.09444	0.12508	0.44533	0.07551	0.03189	0.01429	0.00443	0.00696	0.02869	0.01153	0.01096
10	0.03199	0.47529	0.10311	0.02204	0.03261	0.04293	0.02241	0.09086	0.02762	0.03404	0.01810	0.02039	0.01552	0.01056	0.00833	0.00273	0.01294	0.00698	0.00580	0.01575
11	0.08295	0.19653	0.09350	0.02578	0.03467	0.09643	0.06545	0.11544	0.03044	0.04009	0.02576	0.09338	0.02365	0.01443	0.01049	0.00337	0.01377	0.01150	0.00730	0.01507
12	0.02781	0.02967	0.04671	0.04166	0.10864	0.06975	0.15856	0.03313	0.02296	0.03215	0.01881	0.02732	0.01639	0.01525	0.02524	0.00436	0.29060	0.01105	0.00548	0.01445
13	0.01425	0.01113	0.01294	0.01391	0.01638	0.00981	0.00989	0.01714	0.02560	0.03261	0.14527	0.29894	0.28756	0.03156	0.01419	0.00421	0.00619	0.02754	0.01105	0.00981
14	0.03426	0.11403	0.16397	0.10604	0.04606	0.02800	0.07500	0.08244	0.02968	0.16761	0.02774	0.02967	0.01937	0.01201	0.01114	0.00353	0.01419	0.01005	0.00820	0.01702
15	0.03171	0.02761	0.03452	0.09435	0.04007	0.08124	0.08491	0.11872	0.09016	0.08003	0.03514	0.04028	0.05810	0.05692	0.01802	0.00437	0.06751	0.01249	0.00864	0.01518
16	0.01666	0.01234	0.01602	0.01777	0.02039	0.01171	0.01448	0.02094	0.02655	0.03435	0.11793	0.19871	0.17083	0.03146	0.01512	0.00477	0.00848	0.24021	0.01095	0.01033
17	0.02566	0.02377	0.03188	0.27335	0.11968	0.07262	0.02611	0.03434	0.09215	0.03192	0.02438	0.03228	0.01956	0.01692	0.01722	0.11426	0.01396	0.01044	0.00628	0.01322
18	0.18759	0.03622	0.16231	0.08219	0.04123	0.03019	0.02643	0.20775	0.03499	0.05395	0.02247	0.02518	0.01626	0.01218	0.01041	0.00361	0.01333	0.00896	0.00810	0.01664
19	0.03593	0.02040	0.02425	0.02023	0.02669	0.02022	0.01629	0.16122	0.03549	0.20472	0.05177	0.06248	0.10114	0.09097	0.01847	0.00480	0.01042	0.06714	0.01173	0.01565
20	0.01520	0.01186	0.01406	0.01538	0.01825	0.01071	0.01197	0.01861	0.02566	0.03197	0.09072	0.22018	0.29639	0.03171	0.01462	0.00449	0.00740	0.14007	0.01077	0.00998
21	0.02420	0.03266	0.15093	0.22430	0.05925	0.02887	0.13316	0.03262	0.02338	0.03262	0.02027	0.02856	0.01577	0.01285	0.01733	0.00409	0.12876	0.01069	0.00526	0.01443
22	0.03957	0.02849	0.07053	0.07191	0.03760	0.02726	0.02230	0.25541	0.04210	0.17218	0.08204	0.03692	0.03063	0.01466	0.01182	0.00358	0.01192	0.01171	0.01131	0.01804
23	0.01574	0.01157	0.01493	0.01600	0.01822	0.01075	0.01205	0.01970	0.02736	0.03671	0.22538	0.26266	0.14801	0.03030	0.01453	0.00436	0.00693	0.10306	0.01147	0.01026
24	0.02422	0.01783	0.01943	0.01783	0.02125	0.01931	0.01274	0.09691	0.15092	0.03953	0.04122	0.11082	0.03970	0.24243	0.03029	0.00671	0.00992	0.01611	0.07032	0.01251
25	0.02955	0.12599	0.16881	0.02419	0.03347	0.07406	0.02405	0.03959	0.08616	0.10502	0.07128	0.10226	0.03469	0.01620	0.01129	0.00357	0.01252	0.01315	0.00859	0.01554
26	0.03323	0.29958	0.05011	0.02674	0.03453	0.11387	0.06437	0.09095	0.02823	0.03427	0.01843	0.02248	0.01585	0.01248	0.01417	0.00326	0.10808	0.00830	0.00606	0.01502
27	0.02973	0.02584	0.06645	0.02091	0.03101	0.02104	0.01810	0.09342	0.09561	0.08693	0.02759	0.02871	0.02095	0.01100	0.00991	0.00258	0.01002	0.00878	0.00869	0.38273
28	0.02924	0.01887	0.03244	0.02608	0.03243	0.01722	0.13679	0.03450	0.02823	0.18088	0.10368	0.21371	0.05097	0.02124	0.01347	0.00404	0.01095	0.02009	0.01080	0.01436
29	0.03170	0.03672	0.02875	0.02666	0.02985	0.28550	0.02029	0.03434	0.02656	0.02865	0.02883	0.16265	0.03053	0.02016	0.01840	0.00394	0.15267	0.01454	0.00697	0.01229
30	0.02656	0.03615	0.17772	0.10185	0.29820	0.02753	0.09216	0.03566	0.02580	0.03686	0.02171	0.02818	0.01709	0.01059	0.01168	0.00361	0.01558	0.01031	0.00550	0.01727
31	0.09916	0.02968	0.12616	0.09236	0.04164	0.02336	0.06369	0.04213	0.08537	0.14742	0.02940	0.03098	0.02093	0.01196	0.01084	0.00345	0.01247	0.01003	0.00852	0.11045
32	0.20094	0.02675	0.03001	0.24432	0.04997	0.08271	0.02410	0.08850	0.02675	0.04083	0.01959	0.02582	0.01518	0.01255	0.01282	0.00378	0.06609	0.00896	0.00659	0.01373
33	0.01406	0.01056	0.01304	0.01502	0.01656	0.00955	0.01027	0.01633	0.02340	0.03015	0.07842	0.45794	0.19341	0.03458	0.01455	0.00451	0.00652	0.03079	0.01080	0.00955
34	0.01676	0.01187	0.01571	0.01571	0.01676	0.01292	0.01082	0.01886	0.01781	0.02479	0.03388	0.06078	0.03563	0.33732	0.30404	0.01501	0.02129	0.01467	0.00664	0.00873
35	0.01540	0.01185	0.01407	0.01352	0.01672	0.01052	0.01014	0.01989	0.03042	0.04069	0.35827	0.09667	0.26776	0.02600	0.01373	0.00376	0.00564	0.02241	0.01202	0.01052
36	0.03467	0.02548	0.02806	0.02310	0.03114	0.02721	0.01845	0.15305	0.27091	0.11229	0.03892	0.03663	0.02846	0.01418	0.01132	0.00348	0.01004	0.01147	0.01141	0.10974
37	0.02895	0.27519	0.23347	0.02944	0.04192	0.08507	0.08598	0.03700	0.02535	0.03222	0.01901	0.02266	0.01520	0.01054	0.00987	0.00316	0.01592	0.00816	0.00516	0.01572
38	0.03311	0.03865	0.20690	0.03378	0.09926	0.02879	0.03033	0.14245	0.07671	0.10721	0.02779	0.02958	0.02011	0.01324	0.01356	0.00374	0.05818	0.01019	0.00841	0.01802
39	0.02841	0.46710	0.12280	0.02142	0.03152	0.03990	0.02230	0.03336	0.02363	0.02892	0.02134	0.07256	0.02072	0.01259	0.00866	0.00287	0.01257	0.00908	0.00551	0.01473
40	0.01564	0.01205	0.01441	0.01439	0.01762	0.01083	0.01117	0.02004	0.02935	0.03856	0.28264	0.10368	0.27402	0.02735	0.01406	0.00401	0.00639	0.08168	0.01166	0.01045
41	0.02242	0.02083	0.02365	0.07621	0.08063	0.08201	0.01913	0.02910	0.06119	0.03487	0.09810	0.14807	0.10989	0.02369	0.01348	0.00419	0.01099	0.11980	0.00939	0.01237
42	0.13132	0.09297	0.16294	0.02314	0.03307	0.02664	0.02320	0.11225	0.02946	0.13184	0.02737	0.03279	0.02127	0.08416	0.01629	0.00444	0.01263	0.00991	0.00840	0.01590
43	0.01713	0.01322	0.01974	0.01864	0.02133	0.01239	0.06820	0.02051	0.02318	0.03203	0.05911	0.32605	0.11355	0.08741	0.01829	0.00493	0.00854	0.02474	0.10078	0.01022
44	0.03020	0.02007	0.02504	0.01924	0.02687	0.01796	0.01532	0.03433	0.02475	0.15125	0.02767	0.03344	0.02237	0.07281	0.01838	0.00360	0.07962	0.00950	0.00847	0.35912
45	0.03733	0.09244	0.02915	0.01951	0.02773	0.02266	0.01624	0.09012	0.07639	0.21836	0.03505	0.03407	0.02497	0.01284	0.01014	0.00304	0.00959	0.01009	0.10456	0.12572
46	0.01578	0.01124	0.01328	0.01423	0.01534	0.01072	0.00939	0.01732	0.02090	0.02710	0.06048	0.22257	0.13689	0.29493	0.03555	0.00771	0.00907	0.05996	0.00903	0.00850
47	0.03921	0.02968	0.03356	0.17284	0.04717	0.07966	0.02420	0.25352	0.04089	0.12290	0.02759	0.02979	0.01946	0.01320	0.01153	0.00356	0.01391	0.01032	0.00972	0.01730

[dist]
# distance from previous block
# <min> <max>
0	1

[block]
# block no. 3 follows, 10 sequences, length 20
# corresponding to MSA columns:
# 318-337
name=unknown_D
#
# <colnr> <probs for GDERKNQSTAVLIFYWHMCP>
#	G	D	E	R	K	N	Q	S	T	A	V	L	I	F	Y	W	H	M	C	P
0	0.03739	0.04045	0.09267	0.09271	0.04249	0.18288	0.02558	0.20601	0.08249	0.04819	0.02510	0.02730	0.01873	0.01292	0.01124	0.00346	0.01572	0.00960	0.00841	0.01666
1	0.03274	0.41832	0.09219	0.02718	0.08973	0.03885	0.02326	0.03772	0.02521	0.08944	0.02079	0.02285	0.01699	0.01062	0.00874	0.00283	0.01267	0.00756	0.00620	0.01611
2	0.02444	0.02180	0.03033	0.02624	0.03250	0.02305	0.09909	0.04309	0.24578	0.04128	0.05487	0.07027	0.09683	0.02023	0.01340	0.00427	0.01102	0.11607	0.01038	0.01507
3	0.01506	0.01110	0.01410	0.01489	0.01691	0.01014	0.01058	0.01866	0.02733	0.03701	0.25888	0.30686	0.15532	0.03013	0.01421	0.00416	0.00610	0.02679	0.01163	0.01014
4	0.01567	0.01161	0.01310	0.01286	0.01497	0.01068	0.00869	0.01813	0.02445	0.03191	0.18796	0.09165	0.22788	0.24497	0.03129	0.00670	0.00787	0.02070	0.00987	0.00905
5	0.05218	0.01979	0.02699	0.02069	0.02969	0.01709	0.01709	0.05668	0.03329	0.52677	0.04588	0.03959	0.02879	0.01439	0.01170	0.00360	0.00990	0.01170	0.01439	0.01979
6	0.01730	0.01319	0.01609	0.01561	0.01865	0.01277	0.01159	0.02527	0.08650	0.04258	0.34385	0.15741	0.14420	0.02535	0.01366	0.00388	0.00617	0.02227	0.01215	0.01151
7	0.02490	0.02165	0.03211	0.27885	0.12391	0.02469	0.02647	0.08528	0.07081	0.03791	0.03192	0.13006	0.02924	0.01653	0.01220	0.00392	0.01279	0.01467	0.00765	0.01444
8	0.05218	0.01979	0.02699	0.02069	0.02969	0.01709	0.01709	0.05668	0.03329	0.52677	0.04588	0.03959	0.02879	0.01439	0.01170	0.00360	0.00990	0.01170	0.01439	0.01979
9	0.02412	0.02067	0.02412	0.01723	0.02756	0.01550	0.01378	0.02929	0.02412	0.03790	0.02067	0.02412	0.01723	0.00861	0.00861	0.00172	0.00861	0.00689	0.00689	0.66236
10	0.03066	0.02505	0.03734	0.03258	0.08105	0.02650	0.10127	0.04277	0.13748	0.11000	0.03024	0.03294	0.02306	0.01386	0.01685	0.00374	0.12245	0.01126	0.00852	0.11237
11	0.67341	0.02249	0.01709	0.01529	0.02249	0.02609	0.01260	0.03419	0.01979	0.05218	0.01619	0.01889	0.01260	0.01080	0.00720	0.00360	0.00900	0.00630	0.00720	0.01260
12	0.03443	0.02376	0.02646	0.02297	0.03011	0.02613	0.01810	0.06059	0.38790	0.16169	0.04699	0.04249	0.03392	0.01545	0.01180	0.00386	0.00937	0.01281	0.01244	0.01874
13	0.03305	0.02507	0.02717	0.02360	0.03071	0.02820	0.01859	0.09951	0.40269	0.10694	0.04539	0.04153	0.03328	0.01545	0.01180	0.00386	0.00961	0.01273	0.01212	0.01870
14	0.01411	0.01036	0.01324	0.01555	0.01670	0.00950	0.01051	0.01627	0.02289	0.02994	0.07197	0.51456	0.14095	0.03541	0.01468	0.00461	0.00662	0.03182	0.01080	0.00950
15	0.02183	0.03735	0.25869	0.02828	0.03884	0.02204	0.08229	0.03367	0.07080	0.03922	0.13242	0.10580	0.04435	0.01700	0.01245	0.00385	0.01304	0.01513	0.00803	0.01490
16	0.01586	0.01142	0.01501	0.01504	0.01724	0.01057	0.01093	0.02043	0.03011	0.04217	0.39432	0.21787	0.10109	0.02712	0.01401	0.00394	0.00582	0.02421	0.01227	0.01057
17	0.02823	0.02054	0.02454	0.01773	0.02787	0.01574	0.01427	0.03330	0.02546	0.10951	0.02437	0.02638	0.01892	0.00946	0.00906	0.00200	0.00880	0.00759	0.00799	0.56823
18	0.03302	0.33536	0.09565	0.02692	0.03759	0.03962	0.08926	0.14105	0.03164	0.04052	0.02044	0.02322	0.01646	0.01097	0.00967	0.00304	0.01398	0.00853	0.00668	0.01638
19	0.02412	0.02067	0.02412	0.01723	0.02756	0.01550	0.01378	0.02929	0.02412	0.03790	0.02067	0.02412	0.01723	0.00861	0.00861	0.00172	0.00861	0.00689	0.00689	0.66236

[dist]
# distance from previous block
# <min> <max>
0	11

[block]
# block no. 4 follows, 10 sequences, length 10
# corresponding to MSA columns:
# 349-358
name=unknown_E
#
# <colnr> <probs for GDERKNQSTAVLIFYWHMCP>
#	G	D	E	R	K	N	Q	S	T	A	V	L	I	F	Y	W	H	M	C	P
0	0.02683	0.02889	0.04471	0.23134	0.05820	0.08901	0.15970	0.03347	0.02438	0.03139	0.01998	0.02871	0.01602	0.01310	0.01808	0.00406	0.14196	0.01096	0.00545	0.01375
1	0.01667	0.01223	0.01750	0.01750	0.01916	0.01389	0.01305	0.02000	0.01834	0.02611	0.03225	0.05174	0.03170	0.18753	0.44846	0.01722	0.02720	0.01335	0.00639	0.00972
2	0.15174	0.02474	0.07790	0.40449	0.06584	0.02600	0.02938	0.03127	0.02269	0.03485	0.01980	0.02799	0.01485	0.01141	0.01069	0.00380	0.01437	0.00937	0.00555	0.01326
3	0.01864	0.01201	0.01465	0.01497	0.01799	0.01062	0.01084	0.02163	0.02615	0.08945	0.12690	0.30093	0.23161	0.03010	0.01397	0.00420	0.00668	0.02631	0.01142	0.01093
4	0.01752	0.01416	0.01784	0.01703	0.01847	0.01551	0.01248	0.02010	0.02325	0.03173	0.15820	0.15017	0.14468	0.16411	0.02982	0.00600	0.11949	0.02030	0.00920	0.00993
5	0.01455	0.01076	0.01361	0.01513	0.01677	0.00981	0.01050	0.01742	0.02512	0.03336	0.16258	0.40379	0.15852	0.03272	0.01443	0.00437	0.00635	0.02921	0.01120	0.00981
6	0.03056	0.02456	0.03817	0.15225	0.25288	0.02668	0.02923	0.03984	0.08040	0.10887	0.02746	0.03217	0.02103	0.01285	0.01431	0.00378	0.06961	0.01086	0.00755	0.01695
7	0.04195	0.03145	0.03363	0.02630	0.03521	0.03501	0.02156	0.41807	0.12022	0.06965	0.03080	0.03021	0.02211	0.01423	0.01166	0.00356	0.01227	0.01087	0.01166	0.01958
8	0.02956	0.18463	0.12169	0.02629	0.06674	0.11741	0.02292	0.03898	0.08379	0.03574	0.02585	0.02875	0.02064	0.01195	0.00956	0.00307	0.01302	0.00891	0.13556	0.01494
9	0.07694	0.11756	0.07419	0.15079	0.07592	0.13293	0.02521	0.04178	0.12464	0.03581	0.02482	0.02825	0.01942	0.01213	0.01045	0.00345	0.01437	0.00932	0.00687	0.01515

[dist]
# distance from previous block
# <min> <max>
0	3

[block]
# block no. 5 follows, 10 sequences, length 15
# corresponding to MSA columns:
# 362-376
name=unknown_F
#
# <colnr> <probs for GDERKNQSTAVLIFYWHMCP>
#	G	D	E	R	K	N	Q	S	T	A	V	L	I	F	Y	W	H	M	C	P
0	0.29314	0.15753	0.15952	0.02151	0.03209	0.02961	0.02251	0.03766	0.02345	0.09895	0.02090	0.02274	0.01557	0.01110	0.00877	0.00338	0.01195	0.00751	0.00698	0.01513
1	0.18810	0.02222	0.02335	0.01762	0.02707	0.02003	0.01425	0.07176	0.02584	0.04471	0.02022	0.02316	0.01630	0.00965	0.00854	0.00235	0.00909	0.00707	0.00740	0.44127
2	0.01575	0.01205	0.01457	0.01447	0.01764	0.01086	0.01120	0.02028	0.02973	0.03943	0.30663	0.10201	0.25429	0.02698	0.01404	0.00398	0.00632	0.07748	0.01178	0.01051
3	0.02506	0.13903	0.39801	0.03320	0.04856	0.03025	0.09642	0.03658	0.02479	0.03543	0.02050	0.02455	0.01515	0.01072	0.01085	0.00353	0.01678	0.00890	0.00505	0.01664
4	0.01646	0.01189	0.01555	0.01463	0.01738	0.01097	0.01097	0.02195	0.03292	0.04664	0.51257	0.08688	0.10974	0.02378	0.01372	0.00366	0.00549	0.02103	0.01280	0.01097
5	0.01800	0.01105	0.01445	0.01445	0.01477	0.01137	0.00925	0.01690	0.01658	0.02243	0.03016	0.05745	0.03268	0.32485	0.12913	0.23554	0.01393	0.01389	0.00624	0.00687
6	0.01831	0.01554	0.02545	0.02702	0.08557	0.01472	0.07499	0.02283	0.02613	0.03595	0.16549	0.31776	0.07003	0.02652	0.01400	0.00419	0.00900	0.02468	0.01002	0.01177
7	0.01538	0.01119	0.01399	0.01455	0.01640	0.01034	0.01014	0.01867	0.02644	0.03584	0.24821	0.25835	0.14308	0.09988	0.01980	0.00501	0.00669	0.02508	0.01114	0.00981
8	0.03491	0.02726	0.04095	0.03140	0.03944	0.02856	0.14974	0.20447	0.03697	0.10706	0.03217	0.09963	0.02698	0.01623	0.01507	0.00393	0.06461	0.01434	0.00962	0.01668
9	0.03526	0.02908	0.03056	0.02597	0.03135	0.09688	0.02079	0.14089	0.12870	0.10495	0.03230	0.07025	0.02643	0.01728	0.01826	0.00401	0.14889	0.01231	0.00962	0.01622
10	0.02714	0.09496	0.09931	0.09545	0.07960	0.02770	0.02482	0.03718	0.09709	0.07942	0.03853	0.04090	0.08517	0.01589	0.01567	0.00384	0.10236	0.01202	0.00776	0.01523
11	0.10632	0.07386	0.07608	0.02806	0.07609	0.14977	0.02210	0.03925	0.08856	0.03750	0.02817	0.03939	0.02478	0.01418	0.01070	0.00341	0.01351	0.06503	0.00744	0.09578
12	0.03855	0.09596	0.10454	0.03004	0.03948	0.21605	0.06423	0.18853	0.03780	0.04524	0.02201	0.02446	0.01678	0.01215	0.01095	0.00329	0.01684	0.00906	0.00764	0.01640
13	0.08303	0.02920	0.10322	0.03454	0.10182	0.02452	0.12184	0.09034	0.03139	0.13140	0.09779	0.03825	0.03256	0.01346	0.01196	0.00366	0.01310	0.01234	0.00904	0.01653
14	0.13384	0.09420	0.03042	0.02146	0.02940	0.07219	0.01769	0.12901	0.07437	0.10923	0.02739	0.02893	0.02084	0.01909	0.05885	0.00457	0.01333	0.00921	0.00897	0.09701

[dist]
# distance from previous block
# <min> <max>
0	231

# created by:
# /st0/software/busco_prod/Augustus/scripts/msa2prfl.pl ./align_prep/8619.fa
