[name]
unknown

[dist]
# distance from previous block
# <min> <max>
0	129

[block]
# block no. 0 follows, 13 sequences, length 30
# corresponding to MSA columns:
# 146-175
name=unknown_A
#
# <colnr> <probs for GDERKNQSTAVLIFYWHMCP>
#	G	D	E	R	K	N	Q	S	T	A	V	L	I	F	Y	W	H	M	C	P
0	0.01996	0.01237	0.01561	0.01538	0.01911	0.01124	0.01258	0.02400	0.02617	0.11742	0.15802	0.09328	0.22757	0.02453	0.01290	0.00392	0.00734	0.17718	0.01062	0.01081
1	0.09041	0.01907	0.02366	0.01892	0.02629	0.01821	0.01538	0.09589	0.07018	0.40055	0.03940	0.07654	0.02793	0.01437	0.01055	0.00336	0.00895	0.01168	0.01194	0.01673
2	0.19216	0.01735	0.02058	0.01665	0.02333	0.01654	0.01341	0.04138	0.02618	0.36352	0.07457	0.03779	0.02951	0.06469	0.01347	0.00386	0.00861	0.01056	0.01092	0.01491
3	0.01298	0.00946	0.01223	0.01423	0.01526	0.00871	0.00964	0.01510	0.02125	0.02814	0.09511	0.53418	0.12129	0.03175	0.01333	0.00416	0.00598	0.02857	0.00993	0.00871
4	0.04670	0.01917	0.02527	0.01937	0.02758	0.01729	0.01600	0.09971	0.03223	0.51883	0.04006	0.03491	0.02534	0.01305	0.01063	0.00326	0.00926	0.01052	0.01283	0.01799
5	0.13569	0.02212	0.02445	0.01996	0.02706	0.02341	0.01614	0.19547	0.11866	0.20838	0.03407	0.07369	0.02568	0.01417	0.01025	0.00337	0.00939	0.01121	0.01071	0.01612
6	0.03008	0.01407	0.01845	0.01566	0.02068	0.01244	0.01220	0.03386	0.02786	0.29008	0.19579	0.10003	0.10501	0.05730	0.01429	0.00383	0.00735	0.01596	0.01168	0.01337
7	0.70310	0.02045	0.01554	0.01390	0.02045	0.02372	0.01145	0.03108	0.01799	0.04744	0.01472	0.01718	0.01145	0.00981	0.00654	0.00327	0.00818	0.00573	0.00654	0.01145
8	0.02467	0.01415	0.01747	0.01617	0.01988	0.01384	0.01226	0.06564	0.06447	0.15020	0.12128	0.19757	0.05129	0.07209	0.01521	0.00416	0.00760	0.04675	0.07320	0.01210
9	0.02339	0.01205	0.01600	0.01560	0.01881	0.01080	0.01144	0.02619	0.02420	0.19133	0.09269	0.37394	0.08904	0.02587	0.01250	0.00387	0.00686	0.02294	0.01093	0.01154
10	0.02236	0.14929	0.48913	0.02817	0.04272	0.02737	0.03564	0.03319	0.02219	0.03208	0.01828	0.02145	0.01342	0.00988	0.00951	0.00317	0.01492	0.00746	0.00447	0.01529
11	0.03146	0.02528	0.02682	0.02256	0.02946	0.02871	0.01798	0.23123	0.35990	0.05256	0.03647	0.03422	0.02696	0.01373	0.01069	0.00343	0.00958	0.01105	0.01069	0.01720
12	0.04113	0.02199	0.02626	0.02080	0.02859	0.02225	0.01697	0.17537	0.14306	0.32944	0.03777	0.03398	0.02534	0.01325	0.01064	0.00331	0.00955	0.01062	0.01195	0.01773
13	0.01510	0.01133	0.01699	0.01699	0.01888	0.01322	0.01322	0.01888	0.01699	0.02454	0.02832	0.04154	0.02643	0.07930	0.58652	0.01699	0.02832	0.01133	0.00566	0.00944
14	0.01288	0.00920	0.01227	0.01472	0.01534	0.00859	0.00981	0.01472	0.02024	0.02699	0.05828	0.62152	0.06993	0.03312	0.01350	0.00429	0.00613	0.03006	0.00981	0.00859
15	0.03370	0.02191	0.02476	0.02096	0.02780	0.02369	0.01667	0.09509	0.35026	0.20070	0.04114	0.03723	0.02926	0.01383	0.01071	0.00346	0.00883	0.01136	0.01143	0.01721
16	0.02110	0.01383	0.02078	0.01773	0.02178	0.01315	0.06315	0.02552	0.02531	0.12111	0.23392	0.06081	0.10261	0.07516	0.12917	0.00658	0.01199	0.01554	0.00950	0.01125
17	0.02492	0.02086	0.07436	0.02305	0.02977	0.01740	0.12211	0.06838	0.02983	0.12922	0.27274	0.05235	0.05640	0.01587	0.01182	0.00336	0.00976	0.01463	0.00987	0.01330
18	0.02560	0.02454	0.04188	0.11462	0.51722	0.02497	0.03216	0.03195	0.02380	0.03385	0.01979	0.02636	0.01650	0.00953	0.01048	0.00318	0.01270	0.00942	0.00518	0.01629
19	0.01325	0.00952	0.01285	0.01482	0.01570	0.00912	0.01014	0.01551	0.02069	0.02796	0.09418	0.52585	0.06822	0.03650	0.06636	0.00539	0.00810	0.02748	0.00957	0.00877
20	0.02083	0.01624	0.01798	0.01710	0.02018	0.01771	0.01222	0.06875	0.22297	0.03463	0.04248	0.18714	0.04211	0.20285	0.02431	0.00572	0.00864	0.01715	0.00921	0.01177
21	0.30049	0.07373	0.02876	0.02171	0.02897	0.14866	0.05936	0.11204	0.02726	0.08129	0.01928	0.02119	0.01456	0.01060	0.00864	0.00309	0.01220	0.00748	0.00716	0.01351
22	0.31642	0.01844	0.01929	0.01649	0.02277	0.01911	0.01323	0.07191	0.02491	0.22509	0.03189	0.12280	0.02653	0.01495	0.00938	0.00343	0.00838	0.01166	0.00962	0.01371
23	0.02520	0.11920	0.14965	0.02120	0.03111	0.02470	0.02074	0.07802	0.13616	0.03768	0.02399	0.02534	0.01861	0.01031	0.00903	0.00263	0.01050	0.00801	0.00694	0.24096
24	0.01800	0.01227	0.01574	0.01441	0.01802	0.01074	0.01076	0.02216	0.02645	0.07611	0.31842	0.18961	0.07391	0.02136	0.01181	0.00325	0.00600	0.01889	0.01045	0.12164
25	0.03534	0.01713	0.02191	0.01781	0.02411	0.01610	0.01432	0.07911	0.07477	0.32826	0.19546	0.04839	0.04818	0.01573	0.01119	0.00331	0.00794	0.01321	0.01226	0.01548
26	0.01971	0.00985	0.00985	0.00985	0.01232	0.00985	0.00739	0.02464	0.02217	0.03942	0.03449	0.03942	0.02710	0.01232	0.00739	0.00246	0.00493	0.00985	0.68712	0.00985
27	0.02192	0.01879	0.02192	0.01566	0.02506	0.01409	0.01253	0.02662	0.02192	0.03445	0.01879	0.02192	0.01566	0.00783	0.00783	0.00157	0.00783	0.00626	0.00626	0.69305
28	0.01975	0.01547	0.01770	0.01690	0.02045	0.01624	0.01263	0.07920	0.16983	0.03915	0.16024	0.23841	0.10568	0.02287	0.01214	0.00371	0.00699	0.01997	0.01054	0.01211
29	0.19209	0.03131	0.02568	0.02170	0.02856	0.19328	0.01721	0.15274	0.07489	0.12813	0.02431	0.02447	0.01768	0.01169	0.00936	0.00311	0.01238	0.00822	0.00853	0.01466

[dist]
# distance from previous block
# <min> <max>
1	7

[block]
# block no. 1 follows, 13 sequences, length 15
# corresponding to MSA columns:
# 183-197
name=unknown_B
#
# <colnr> <probs for GDERKNQSTAVLIFYWHMCP>
#	G	D	E	R	K	N	Q	S	T	A	V	L	I	F	Y	W	H	M	C	P
0	0.01971	0.00985	0.00985	0.00985	0.01232	0.00985	0.00739	0.02464	0.02217	0.03942	0.03449	0.03942	0.02710	0.01232	0.00739	0.00246	0.00493	0.00985	0.68712	0.00985
1	0.08182	0.08701	0.23694	0.02824	0.03966	0.02423	0.13665	0.03769	0.02446	0.16664	0.02444	0.02622	0.01701	0.01044	0.01018	0.00328	0.01353	0.00920	0.00696	0.01541
2	0.03060	0.12020	0.09071	0.02286	0.03116	0.03057	0.02046	0.20472	0.24662	0.04752	0.03039	0.02960	0.02273	0.01254	0.01003	0.00323	0.01067	0.00976	0.00908	0.01655
3	0.02169	0.01238	0.01580	0.01404	0.01799	0.01101	0.01085	0.02605	0.02892	0.15656	0.35942	0.07369	0.16852	0.02069	0.01207	0.00336	0.00594	0.01783	0.01162	0.01156
4	0.01288	0.00920	0.01227	0.01472	0.01534	0.00859	0.00981	0.01472	0.02024	0.02699	0.05828	0.62152	0.06993	0.03312	0.01350	0.00429	0.00613	0.03006	0.00981	0.00859
5	0.09790	0.03137	0.02647	0.02273	0.02932	0.18846	0.01784	0.14077	0.19579	0.09894	0.02910	0.02837	0.02151	0.01247	0.00996	0.00319	0.01215	0.00927	0.00904	0.01532
6	0.04019	0.02962	0.03173	0.02433	0.03279	0.03279	0.02010	0.52721	0.04971	0.06663	0.02538	0.02538	0.01798	0.01269	0.01058	0.00317	0.01163	0.00952	0.01058	0.01798
7	0.19459	0.03096	0.16398	0.02099	0.03105	0.02358	0.02085	0.14798	0.02763	0.04504	0.01939	0.02167	0.01459	0.01004	0.00873	0.00282	0.01081	0.00730	0.00689	0.19111
8	0.01579	0.01087	0.01631	0.01631	0.01780	0.01236	0.01236	0.01780	0.01631	0.02324	0.02621	0.03955	0.02473	0.07029	0.47116	0.15990	0.02427	0.01087	0.00544	0.00841
9	0.11403	0.02227	0.02608	0.02020	0.02831	0.02237	0.01668	0.21388	0.03570	0.34074	0.03322	0.03034	0.02179	0.01261	0.01018	0.00324	0.00982	0.00973	0.01153	0.01730
10	0.02567	0.02959	0.14919	0.02519	0.03345	0.02469	0.06862	0.13260	0.19631	0.04198	0.03167	0.06798	0.02554	0.02076	0.07322	0.00495	0.01350	0.01167	0.00822	0.01521
11	0.01302	0.00950	0.01226	0.01417	0.01526	0.00874	0.00964	0.01522	0.02149	0.02848	0.10640	0.51864	0.12535	0.03145	0.01330	0.00413	0.00595	0.02828	0.00997	0.00874
12	0.01540	0.01020	0.01225	0.01242	0.01264	0.01033	0.00747	0.01554	0.01574	0.02117	0.03348	0.10183	0.03803	0.49359	0.09961	0.06003	0.01157	0.01556	0.00644	0.00671
13	0.63088	0.02073	0.01733	0.01538	0.02122	0.02464	0.01269	0.03048	0.01780	0.04510	0.01463	0.01781	0.01171	0.01074	0.00953	0.00342	0.07200	0.00610	0.00634	0.01146
14	0.01962	0.01362	0.01861	0.01726	0.02087	0.01306	0.04246	0.02638	0.08075	0.09150	0.20230	0.20275	0.11834	0.02319	0.01254	0.00376	0.00729	0.06386	0.01051	0.01133

[dist]
# distance from previous block
# <min> <max>
0	1

[block]
# block no. 2 follows, 13 sequences, length 26
# corresponding to MSA columns:
# 199-224
name=unknown_C
#
# <colnr> <probs for GDERKNQSTAVLIFYWHMCP>
#	G	D	E	R	K	N	Q	S	T	A	V	L	I	F	Y	W	H	M	C	P
0	0.02192	0.01879	0.02192	0.01566	0.02506	0.01409	0.01253	0.02662	0.02192	0.03445	0.01879	0.02192	0.01566	0.00783	0.00783	0.00157	0.00783	0.00626	0.00626	0.69305
1	0.01288	0.00920	0.01227	0.01472	0.01534	0.00859	0.00981	0.01472	0.02024	0.02699	0.05828	0.62152	0.06993	0.03312	0.01350	0.00429	0.00613	0.03006	0.00981	0.00859
2	0.03727	0.02505	0.02819	0.02135	0.02997	0.02540	0.01754	0.32696	0.03984	0.14893	0.02678	0.02648	0.01891	0.01164	0.00995	0.00282	0.01029	0.00897	0.01003	0.17365
3	0.02319	0.01182	0.01593	0.01594	0.01881	0.01066	0.01152	0.02570	0.02323	0.18891	0.05333	0.44686	0.05688	0.02715	0.01264	0.00399	0.00699	0.02426	0.01079	0.01139
4	0.01791	0.01128	0.01493	0.01451	0.01635	0.01142	0.01031	0.02052	0.02034	0.07686	0.12854	0.11726	0.04789	0.23434	0.20024	0.00980	0.01426	0.01591	0.00809	0.00926
5	0.70310	0.02045	0.01554	0.01390	0.02045	0.02372	0.01145	0.03108	0.01799	0.04744	0.01472	0.01718	0.01145	0.00981	0.00654	0.00327	0.00818	0.00573	0.00654	0.01145
6	0.02998	0.01533	0.01986	0.01819	0.02307	0.01468	0.01504	0.07863	0.02817	0.22913	0.04601	0.12318	0.04180	0.02051	0.01194	0.00383	0.00878	0.17661	0.08190	0.01337
7	0.08813	0.01192	0.01472	0.01489	0.01758	0.01140	0.01081	0.02266	0.02355	0.10803	0.16183	0.35875	0.06451	0.02543	0.01217	0.00383	0.00649	0.02247	0.01034	0.01049
8	0.04530	0.01939	0.02515	0.01951	0.02756	0.01788	0.01604	0.09562	0.06787	0.48681	0.04030	0.03525	0.02584	0.01314	0.01064	0.00328	0.00920	0.01062	0.01269	0.01790
9	0.01510	0.01133	0.01699	0.01699	0.01888	0.01322	0.01322	0.01888	0.01699	0.02454	0.02832	0.04154	0.02643	0.07930	0.58652	0.01699	0.02832	0.01133	0.00566	0.00944
10	0.51700	0.01759	0.01453	0.01359	0.01842	0.01991	0.01043	0.02677	0.01778	0.04082	0.02228	0.08723	0.02194	0.11664	0.01523	0.00455	0.00832	0.00982	0.00685	0.01031
11	0.25838	0.01722	0.01934	0.01651	0.02276	0.01711	0.01346	0.03756	0.02509	0.27762	0.07828	0.07630	0.03280	0.01517	0.00990	0.00346	0.00826	0.04653	0.01033	0.01394
12	0.01533	0.01105	0.01465	0.01440	0.01689	0.01037	0.01124	0.02030	0.02893	0.04048	0.46757	0.08616	0.09282	0.02297	0.01285	0.00360	0.00583	0.10331	0.01130	0.00993
13	0.24169	0.01872	0.02187	0.01736	0.02505	0.01796	0.01433	0.04547	0.02663	0.41503	0.03372	0.03041	0.02181	0.01212	0.00942	0.00327	0.00875	0.00918	0.01115	0.01606
14	0.10150	0.01667	0.02131	0.01725	0.02379	0.01515	0.01373	0.04276	0.02673	0.41848	0.03975	0.08711	0.02979	0.07886	0.01502	0.00409	0.00881	0.01232	0.01151	0.01539
15	0.01531	0.00999	0.01298	0.01459	0.01606	0.00912	0.01004	0.01739	0.02136	0.06586	0.06220	0.52539	0.11789	0.03103	0.01319	0.00415	0.00626	0.02786	0.01005	0.00929
16	0.04565	0.01839	0.02448	0.01904	0.02703	0.01645	0.01564	0.05192	0.07363	0.52536	0.04182	0.03628	0.02669	0.01319	0.01064	0.00330	0.00894	0.01074	0.01289	0.01789
17	0.09548	0.01292	0.01581	0.01472	0.01766	0.01249	0.01049	0.02597	0.02038	0.16630	0.03708	0.17682	0.03674	0.18068	0.02660	0.10685	0.00861	0.01561	0.00866	0.01016
18	0.07929	0.01689	0.02143	0.07869	0.02726	0.01770	0.01505	0.10266	0.05743	0.15914	0.02899	0.07301	0.02371	0.02134	0.02001	0.21641	0.00967	0.01100	0.00835	0.01196
19	0.34136	0.01990	0.02633	0.02124	0.02793	0.02109	0.11319	0.03219	0.02093	0.11544	0.02257	0.02686	0.01739	0.02365	0.12132	0.00600	0.01412	0.00885	0.00708	0.01255
20	0.07506	0.01837	0.02210	0.01842	0.02415	0.01838	0.01454	0.16155	0.03122	0.23017	0.06832	0.13001	0.03410	0.01899	0.01406	0.07328	0.00893	0.01360	0.01055	0.01419
21	0.12583	0.02131	0.03141	0.19425	0.08264	0.02332	0.08805	0.07514	0.07290	0.07865	0.02706	0.03739	0.02198	0.01282	0.01067	0.00356	0.01202	0.06003	0.00732	0.01366
22	0.02399	0.02367	0.06935	0.08634	0.07916	0.02166	0.22282	0.03279	0.06303	0.07448	0.03641	0.04892	0.07007	0.01438	0.01207	0.00369	0.01337	0.08292	0.00725	0.01363
23	0.03224	0.02676	0.09199	0.12103	0.04290	0.06820	0.14146	0.03875	0.02665	0.22004	0.06016	0.03272	0.02391	0.01170	0.01102	0.00335	0.01322	0.01077	0.00825	0.01487
24	0.09144	0.06134	0.06620	0.08161	0.06614	0.02192	0.01964	0.07845	0.06559	0.24279	0.02937	0.02910	0.02037	0.01148	0.00976	0.00310	0.01033	0.00915	0.00911	0.07312
25	0.08260	0.07892	0.19115	0.02613	0.03625	0.07379	0.07505	0.11407	0.08248	0.10232	0.02453	0.02576	0.01772	0.01112	0.00997	0.00322	0.01311	0.00891	0.00741	0.01549

[dist]
# distance from previous block
# <min> <max>
3	53

[block]
# block no. 3 follows, 13 sequences, length 26
# corresponding to MSA columns:
# 278-303
name=unknown_D
#
# <colnr> <probs for GDERKNQSTAVLIFYWHMCP>
#	G	D	E	R	K	N	Q	S	T	A	V	L	I	F	Y	W	H	M	C	P
0	0.07507	0.12413	0.08151	0.02537	0.10383	0.02271	0.01947	0.06575	0.02599	0.15056	0.06567	0.07279	0.02752	0.01291	0.00969	0.00299	0.01000	0.01056	0.00808	0.08540
1	0.16810	0.01941	0.07172	0.13940	0.03319	0.01832	0.01819	0.02491	0.01937	0.03209	0.02471	0.09015	0.02288	0.03180	0.17184	0.00714	0.01553	0.01085	0.00603	0.07435
2	0.11904	0.07244	0.13106	0.12102	0.08004	0.02487	0.09432	0.06966	0.02472	0.08649	0.02105	0.02480	0.01557	0.01014	0.00972	0.00315	0.01266	0.00868	0.00636	0.06422
3	0.02750	0.02056	0.02828	0.11308	0.14451	0.02085	0.02057	0.08083	0.09931	0.11245	0.03039	0.09090	0.02535	0.01330	0.01043	0.00314	0.01014	0.01157	0.00819	0.12867
4	0.03352	0.02034	0.02411	0.01991	0.02657	0.02087	0.01592	0.14559	0.15175	0.21020	0.03686	0.07735	0.02836	0.02058	0.06447	0.00456	0.01092	0.01189	0.01058	0.06568
5	0.01993	0.08149	0.03116	0.36946	0.10156	0.02244	0.02440	0.02544	0.02126	0.02749	0.02670	0.15058	0.02593	0.01501	0.01078	0.00352	0.01200	0.01332	0.00580	0.01174
6	0.01667	0.01336	0.01900	0.07518	0.07894	0.01374	0.01480	0.02255	0.06191	0.03322	0.18768	0.26642	0.06165	0.02726	0.05382	0.00469	0.00899	0.02021	0.00914	0.01079
7	0.19510	0.01544	0.01759	0.01571	0.02093	0.01497	0.01223	0.03278	0.02386	0.23872	0.04584	0.20234	0.08430	0.01920	0.01061	0.00359	0.00765	0.01598	0.01026	0.01290
8	0.01477	0.01074	0.01344	0.01435	0.01570	0.01048	0.00979	0.01910	0.05981	0.03086	0.17252	0.35764	0.06912	0.12764	0.01973	0.00500	0.00670	0.02369	0.00976	0.00915
9	0.02029	0.01373	0.01641	0.01623	0.01870	0.01407	0.01170	0.05886	0.09575	0.07054	0.04542	0.24848	0.04809	0.19482	0.02417	0.00578	0.00856	0.06857	0.00927	0.01057
10	0.23572	0.01640	0.01827	0.01575	0.02122	0.01627	0.01223	0.03509	0.02308	0.25860	0.03484	0.12006	0.02977	0.09869	0.01569	0.00437	0.00850	0.01263	0.00973	0.01308
11	0.56007	0.02161	0.01854	0.01577	0.02271	0.02446	0.01300	0.10475	0.02348	0.08731	0.01819	0.01971	0.01345	0.01047	0.00742	0.00326	0.00874	0.00663	0.00759	0.01287
12	0.14393	0.01873	0.02104	0.01762	0.02364	0.01938	0.01411	0.10802	0.10559	0.18513	0.18025	0.04394	0.04416	0.01507	0.01048	0.00332	0.00802	0.01224	0.01088	0.01445
13	0.07932	0.01748	0.02023	0.01787	0.02312	0.01795	0.01388	0.08897	0.13503	0.18981	0.04210	0.18687	0.03697	0.01823	0.01086	0.00353	0.00804	0.01543	0.06009	0.01421
14	0.22866	0.01794	0.02092	0.01686	0.02398	0.01726	0.01381	0.04248	0.02677	0.36783	0.08773	0.03517	0.02969	0.01305	0.00967	0.00328	0.00835	0.01013	0.01109	0.01532
15	0.01358	0.00970	0.01307	0.01552	0.01644	0.00919	0.01102	0.01592	0.02093	0.02777	0.05789	0.53744	0.06841	0.03247	0.01368	0.00439	0.00674	0.10727	0.00980	0.00878
16	0.04676	0.01907	0.02521	0.01932	0.02753	0.01714	0.01596	0.09571	0.03207	0.52305	0.04020	0.03500	0.02541	0.01305	0.01063	0.00326	0.00924	0.01053	0.01285	0.01799
17	0.17433	0.02278	0.02363	0.02002	0.02688	0.02536	0.01605	0.13408	0.27083	0.12472	0.03374	0.03176	0.02447	0.01292	0.00982	0.00340	0.00900	0.01002	0.01017	0.01603
18	0.02181	0.01682	0.01838	0.01690	0.02120	0.01846	0.01299	0.03975	0.29586	0.04276	0.18602	0.05057	0.05025	0.01599	0.01058	0.00329	0.00674	0.01356	0.14460	0.01347
19	0.04019	0.02962	0.03173	0.02433	0.03279	0.03279	0.02010	0.52721	0.04971	0.06663	0.02538	0.02538	0.01798	0.01269	0.01058	0.00317	0.01163	0.00952	0.01058	0.01798
20	0.09209	0.02253	0.02658	0.02053	0.02869	0.02260	0.01695	0.22842	0.03667	0.34337	0.03364	0.03065	0.02204	0.01270	0.01032	0.00323	0.00993	0.00986	0.01167	0.01752
21	0.01548	0.01099	0.01522	0.01490	0.01707	0.01165	0.01142	0.01983	0.02248	0.03284	0.23324	0.05581	0.05484	0.05074	0.31048	0.01035	0.01711	0.01420	0.07165	0.00969
22	0.01288	0.00920	0.01227	0.01472	0.01534	0.00859	0.00981	0.01472	0.02024	0.02699	0.05828	0.62152	0.06993	0.03312	0.01350	0.00429	0.00613	0.03006	0.00981	0.00859
23	0.01354	0.01000	0.01279	0.01458	0.01611	0.00925	0.01053	0.01617	0.02216	0.02897	0.10035	0.42185	0.15725	0.03067	0.01340	0.00418	0.00643	0.09295	0.00993	0.00890
24	0.01793	0.01381	0.01918	0.06036	0.02388	0.01599	0.01466	0.05617	0.05501	0.02864	0.02874	0.04112	0.02613	0.10106	0.43179	0.01373	0.02363	0.01137	0.00632	0.01048
25	0.01378	0.01046	0.01184	0.01196	0.01472	0.00924	0.00879	0.01715	0.02504	0.03303	0.22158	0.16613	0.31917	0.02518	0.01226	0.00353	0.00533	0.02162	0.05994	0.00924

[dist]
# distance from previous block
# <min> <max>
0	4

[block]
# block no. 4 follows, 13 sequences, length 18
# corresponding to MSA columns:
# 308-325
name=unknown_E
#
# <colnr> <probs for GDERKNQSTAVLIFYWHMCP>
#	G	D	E	R	K	N	Q	S	T	A	V	L	I	F	Y	W	H	M	C	P
0	0.01383	0.00960	0.01199	0.01351	0.01389	0.00922	0.00852	0.01497	0.01839	0.02452	0.04876	0.41091	0.05792	0.26012	0.02887	0.00657	0.00770	0.02446	0.00852	0.00776
1	0.51430	0.01942	0.01760	0.05511	0.02455	0.02164	0.01297	0.02928	0.01865	0.04258	0.01658	0.02043	0.01333	0.01495	0.05157	0.00412	0.01009	0.00648	0.00631	0.10004
2	0.52232	0.02116	0.02002	0.01759	0.02239	0.02602	0.01456	0.02958	0.01751	0.04159	0.01450	0.01876	0.01210	0.01213	0.01403	0.00363	0.16794	0.00666	0.00603	0.01148
3	0.02416	0.02542	0.17149	0.02046	0.02767	0.01676	0.01993	0.03317	0.08782	0.14403	0.10774	0.19396	0.04470	0.01885	0.01149	0.00361	0.00946	0.01630	0.00936	0.01363
4	0.02854	0.03081	0.15394	0.02291	0.03213	0.02444	0.02182	0.23484	0.06932	0.04729	0.02774	0.09317	0.02344	0.01369	0.01033	0.00310	0.01106	0.01108	0.00833	0.13203
5	0.01971	0.00985	0.00985	0.00985	0.01232	0.00985	0.00739	0.02464	0.02217	0.03942	0.03449	0.03942	0.02710	0.01232	0.00739	0.00246	0.00493	0.00985	0.68712	0.00985
6	0.02604	0.18088	0.02914	0.01708	0.02339	0.02255	0.01433	0.09991	0.02765	0.09530	0.10005	0.13306	0.07897	0.01673	0.01012	0.00299	0.00862	0.01376	0.00870	0.09073
7	0.01855	0.01224	0.01669	0.01503	0.01797	0.01143	0.01101	0.01838	0.01669	0.02409	0.02081	0.03162	0.01953	0.03900	0.15984	0.35086	0.01330	0.00891	0.00529	0.18877
8	0.01978	0.01223	0.01567	0.16756	0.02840	0.01348	0.01323	0.02527	0.02190	0.03612	0.03032	0.03643	0.02364	0.01185	0.00824	0.00275	0.00736	0.00973	0.50568	0.01036
9	0.01752	0.17605	0.02491	0.01618	0.01935	0.01858	0.01286	0.02026	0.01977	0.02582	0.03925	0.31674	0.04414	0.03819	0.15402	0.00691	0.01302	0.01892	0.00738	0.01012
10	0.06535	0.01599	0.01779	0.01628	0.02107	0.01625	0.01253	0.03502	0.18187	0.12771	0.09128	0.13683	0.17905	0.02019	0.01142	0.00359	0.00715	0.01703	0.01057	0.01302
11	0.03650	0.02778	0.02965	0.02358	0.03138	0.03106	0.01920	0.40198	0.18096	0.06068	0.03008	0.02912	0.02178	0.01313	0.01063	0.00328	0.01077	0.01017	0.01063	0.01765
12	0.04098	0.01936	0.02662	0.02119	0.02719	0.02002	0.01756	0.04459	0.02652	0.42506	0.03431	0.03257	0.02290	0.01453	0.01703	0.00363	0.16854	0.01027	0.01084	0.01628
13	0.08565	0.02188	0.02993	0.03159	0.16982	0.02135	0.02047	0.11963	0.03082	0.31274	0.03150	0.03042	0.02137	0.01183	0.01030	0.00322	0.01030	0.00980	0.01016	0.01721
14	0.01602	0.01461	0.02531	0.02193	0.02576	0.01347	0.14621	0.01989	0.02220	0.02911	0.05736	0.36919	0.14453	0.02553	0.01304	0.00397	0.00910	0.02397	0.00863	0.01016
15	0.04212	0.02653	0.02982	0.02286	0.03125	0.02820	0.01888	0.40074	0.04454	0.20041	0.02973	0.02820	0.02016	0.01280	0.01059	0.00320	0.01093	0.00982	0.01124	0.01798
16	0.02809	0.01499	0.01861	0.01632	0.02023	0.01473	0.01203	0.06922	0.05593	0.20586	0.03866	0.11765	0.03533	0.22691	0.07146	0.00684	0.01078	0.01462	0.00953	0.01222
17	0.11289	0.02515	0.03493	0.02713	0.03517	0.02670	0.15164	0.15241	0.19012	0.08888	0.02978	0.03041	0.02174	0.01188	0.01065	0.00342	0.01164	0.01069	0.00895	0.01582

[dist]
# distance from previous block
# <min> <max>
0	6

[block]
# block no. 5 follows, 13 sequences, length 11
# corresponding to MSA columns:
# 332-342
name=unknown_F
#
# <colnr> <probs for GDERKNQSTAVLIFYWHMCP>
#	G	D	E	R	K	N	Q	S	T	A	V	L	I	F	Y	W	H	M	C	P
0	0.01607	0.01267	0.01525	0.01540	0.01866	0.01169	0.01143	0.02163	0.07376	0.03068	0.05808	0.32731	0.13623	0.02568	0.01226	0.00372	0.00689	0.07246	0.00932	0.12079
1	0.13974	0.01495	0.01730	0.01478	0.01906	0.01452	0.01082	0.03215	0.02166	0.24102	0.03360	0.04767	0.02923	0.28578	0.02914	0.00637	0.00942	0.01194	0.00906	0.01179
2	0.11586	0.01886	0.02708	0.02110	0.02816	0.01787	0.09635	0.06519	0.02842	0.25521	0.12507	0.04464	0.08037	0.01458	0.01089	0.00335	0.00950	0.01268	0.01036	0.01447
3	0.02451	0.01774	0.01992	0.01778	0.02250	0.01847	0.01370	0.15875	0.11662	0.07573	0.09142	0.19636	0.13988	0.02139	0.01184	0.00361	0.00790	0.01823	0.01051	0.01315
4	0.20051	0.01482	0.01681	0.01523	0.01984	0.01467	0.01178	0.02993	0.02471	0.17900	0.16676	0.17648	0.05075	0.01897	0.01069	0.00352	0.00713	0.01595	0.01029	0.01215
5	0.13492	0.01478	0.01830	0.11030	0.02733	0.01543	0.01416	0.02666	0.02214	0.11956	0.07353	0.09940	0.08151	0.12840	0.01866	0.00484	0.00920	0.06147	0.00847	0.01095
6	0.08912	0.02130	0.02461	0.07766	0.03058	0.02308	0.01706	0.21030	0.09005	0.11520	0.14830	0.03993	0.03812	0.01448	0.01068	0.00331	0.00940	0.01176	0.01021	0.01485
7	0.44608	0.02073	0.01983	0.01641	0.02362	0.02237	0.01354	0.08996	0.02487	0.19775	0.02352	0.02339	0.01633	0.01105	0.00814	0.00326	0.00878	0.00752	0.00883	0.01401
8	0.01478	0.01688	0.10351	0.01663	0.01973	0.01154	0.01406	0.01827	0.02058	0.02824	0.08641	0.39778	0.05821	0.11973	0.01904	0.00498	0.00822	0.02335	0.00856	0.00950
9	0.02836	0.12382	0.03144	0.11618	0.03526	0.07059	0.01921	0.14937	0.14120	0.03990	0.02810	0.07829	0.02372	0.01342	0.00999	0.00313	0.01113	0.01075	0.00793	0.05820
10	0.28685	0.11949	0.02564	0.01697	0.02424	0.02368	0.01457	0.06960	0.02413	0.13663	0.02491	0.03182	0.02030	0.01222	0.00855	0.00308	0.00921	0.05536	0.00798	0.08475

[dist]
# distance from previous block
# <min> <max>
5	12

[block]
# block no. 6 follows, 13 sequences, length 24
# corresponding to MSA columns:
# 358-378,449-451
name=unknown_G
#
# <colnr> <probs for GDERKNQSTAVLIFYWHMCP>
#	G	D	E	R	K	N	Q	S	T	A	V	L	I	F	Y	W	H	M	C	P
0	0.04358	0.02494	0.02555	0.02078	0.02818	0.13010	0.01664	0.05018	0.08564	0.40487	0.03681	0.03300	0.02434	0.01279	0.01043	0.00320	0.01093	0.01002	0.01132	0.01672
1	0.04420	0.01836	0.02409	0.01869	0.02622	0.01658	0.01518	0.08931	0.03071	0.48181	0.03963	0.03779	0.02647	0.06334	0.01416	0.00383	0.00933	0.01092	0.01233	0.01705
2	0.20998	0.01729	0.01879	0.01577	0.02246	0.01601	0.01263	0.02898	0.02188	0.10432	0.02902	0.11150	0.02695	0.01425	0.00916	0.00289	0.00800	0.05060	0.00797	0.27153
3	0.03056	0.01940	0.02342	0.01722	0.02620	0.01594	0.01396	0.07222	0.02643	0.18863	0.02580	0.02618	0.01882	0.00969	0.00884	0.00217	0.00845	0.00775	0.00853	0.44979
4	0.39833	0.01931	0.01972	0.01619	0.02349	0.01992	0.01335	0.04058	0.02370	0.29024	0.02727	0.02592	0.01829	0.01134	0.00844	0.00327	0.00856	0.00801	0.00958	0.01449
5	0.08162	0.01497	0.01750	0.01532	0.01979	0.01452	0.01180	0.08087	0.02840	0.15136	0.20133	0.10589	0.12490	0.06679	0.01469	0.00395	0.00737	0.01623	0.01059	0.01211
6	0.39825	0.02121	0.02088	0.01708	0.02443	0.02275	0.01409	0.11833	0.02686	0.20710	0.02455	0.02415	0.01693	0.01127	0.00843	0.00326	0.00899	0.00782	0.00916	0.01448
7	0.07751	0.01439	0.01745	0.01596	0.02017	0.01378	0.01214	0.06839	0.02687	0.17513	0.12695	0.24911	0.09516	0.02219	0.01174	0.00365	0.00725	0.01917	0.01075	0.01226
8	0.02245	0.01324	0.01722	0.01563	0.01897	0.01322	0.01178	0.02818	0.06664	0.13954	0.20108	0.05686	0.05221	0.13559	0.15197	0.00768	0.01236	0.01441	0.00958	0.01139
9	0.02732	0.01339	0.01730	0.01517	0.01962	0.01187	0.01158	0.03074	0.02658	0.24720	0.16836	0.14076	0.12962	0.07256	0.01542	0.00407	0.00726	0.01742	0.01124	0.01252
10	0.02945	0.01583	0.01961	0.01667	0.02171	0.01511	0.01295	0.08669	0.05733	0.22729	0.17176	0.10224	0.08671	0.06937	0.01507	0.00398	0.00787	0.01553	0.01127	0.01355
11	0.08336	0.02084	0.02183	0.01949	0.02543	0.02332	0.01525	0.04926	0.40108	0.08591	0.04747	0.04403	0.08685	0.01520	0.01058	0.00353	0.00808	0.01244	0.01049	0.01555
12	0.02567	0.01417	0.01801	0.01632	0.02062	0.01323	0.01275	0.06983	0.02853	0.18687	0.17147	0.18234	0.11218	0.02210	0.01220	0.00366	0.00736	0.05901	0.01121	0.01247
13	0.02514	0.01232	0.01662	0.01617	0.01947	0.01105	0.01185	0.02778	0.02380	0.21959	0.05240	0.41375	0.05440	0.02601	0.01248	0.00393	0.00715	0.02317	0.01098	0.01193
14	0.09650	0.01605	0.01831	0.01670	0.02084	0.01660	0.01276	0.10823	0.07115	0.08688	0.18654	0.20878	0.05681	0.02080	0.01151	0.00358	0.00735	0.01787	0.01045	0.01228
15	0.01349	0.00977	0.01289	0.01516	0.01627	0.00916	0.01080	0.01586	0.02115	0.02782	0.06146	0.50662	0.10390	0.03206	0.01359	0.00433	0.00663	0.10044	0.00980	0.00879
16	0.08024	0.01997	0.02335	0.01938	0.02510	0.02144	0.01552	0.21453	0.03163	0.14603	0.02924	0.03504	0.02317	0.08295	0.17566	0.00767	0.01545	0.01046	0.00904	0.01414
17	0.07196	0.01380	0.01591	0.01528	0.01846	0.01390	0.01124	0.06017	0.06880	0.07051	0.16162	0.23869	0.09958	0.07277	0.01534	0.00423	0.00708	0.01970	0.01003	0.01093
18	0.41374	0.01700	0.01592	0.01435	0.01964	0.01837	0.01141	0.02935	0.02235	0.10108	0.15085	0.08107	0.03874	0.01481	0.00895	0.00336	0.00734	0.01136	0.00873	0.01158
19	0.01518	0.01048	0.01312	0.01419	0.01523	0.01028	0.00949	0.01771	0.05654	0.02581	0.05026	0.34290	0.09398	0.13064	0.02469	0.12343	0.00744	0.02207	0.00842	0.00816
20	0.23045	0.02123	0.02199	0.01796	0.02542	0.02203	0.01450	0.09301	0.14596	0.13287	0.02772	0.02729	0.02026	0.01132	0.00889	0.00299	0.00866	0.00850	0.00899	0.14997
21	0.06350	0.12705	0.11432	0.07304	0.07295	0.08527	0.02143	0.03061	0.04964	0.03018	0.02283	0.06995	0.02112	0.06517	0.01476	0.00371	0.05020	0.00994	0.00583	0.06850
22	0.17309	0.06602	0.02193	0.01598	0.02218	0.01983	0.01300	0.10269	0.02807	0.04427	0.20500	0.04079	0.04406	0.01389	0.00949	0.00285	0.00778	0.01105	0.00872	0.14930
23	0.18027	0.03256	0.12879	0.02173	0.03084	0.10091	0.02029	0.13973	0.02887	0.08864	0.02096	0.02250	0.01542	0.01059	0.00903	0.00293	0.01184	0.00758	0.00737	0.11915

[dist]
# distance from previous block
# <min> <max>
2	7

[block]
# block no. 7 follows, 13 sequences, length 54
# corresponding to MSA columns:
# 459-512
name=unknown_H
#
# <colnr> <probs for GDERKNQSTAVLIFYWHMCP>
#	G	D	E	R	K	N	Q	S	T	A	V	L	I	F	Y	W	H	M	C	P
0	0.17066	0.07899	0.20324	0.02359	0.03341	0.06533	0.06276	0.03533	0.02401	0.12180	0.06455	0.02782	0.02220	0.01131	0.00951	0.00321	0.01225	0.00887	0.00701	0.01416
1	0.22605	0.07345	0.02449	0.01919	0.02547	0.15477	0.01538	0.11358	0.07433	0.04069	0.03342	0.03380	0.09825	0.01346	0.00919	0.00313	0.01108	0.00967	0.00767	0.01294
2	0.01827	0.01414	0.01930	0.01759	0.02000	0.01463	0.05464	0.05743	0.06236	0.02891	0.03740	0.18033	0.03993	0.27044	0.10950	0.00824	0.01247	0.01716	0.00763	0.00966
3	0.02535	0.11361	0.15718	0.06823	0.11426	0.02370	0.02323	0.07456	0.02390	0.07500	0.02424	0.03483	0.02124	0.15389	0.01995	0.00476	0.01230	0.01001	0.00630	0.01350
4	0.01307	0.00935	0.01244	0.01459	0.01538	0.00871	0.00983	0.01520	0.02112	0.02839	0.10342	0.57240	0.07263	0.03208	0.01340	0.00421	0.00603	0.02907	0.00998	0.00871
5	0.03129	0.21468	0.07779	0.02097	0.03046	0.02633	0.05335	0.07795	0.02628	0.15277	0.02336	0.02429	0.01740	0.01003	0.00885	0.00257	0.01078	0.00787	0.00741	0.17556
6	0.01510	0.01133	0.01699	0.01699	0.01888	0.01322	0.01322	0.01888	0.01699	0.02454	0.02832	0.04154	0.02643	0.07930	0.58652	0.01699	0.02832	0.01133	0.00566	0.00944
7	0.03240	0.02341	0.03199	0.07192	0.11906	0.07213	0.06659	0.07118	0.02698	0.19164	0.02910	0.03610	0.02263	0.01804	0.05432	0.00445	0.06141	0.04367	0.00821	0.01478
8	0.03112	0.02187	0.06430	0.02666	0.11355	0.01875	0.01911	0.07419	0.07180	0.20626	0.03438	0.11315	0.02825	0.01439	0.01055	0.00316	0.00960	0.01235	0.00934	0.11721
9	0.02395	0.01873	0.02213	0.01591	0.02521	0.01421	0.01277	0.02860	0.02259	0.07703	0.02062	0.02304	0.01650	0.00825	0.00805	0.00170	0.00792	0.00661	0.00681	0.63937
10	0.02035	0.07089	0.16215	0.11523	0.03943	0.02144	0.09798	0.02941	0.06079	0.03435	0.15268	0.08124	0.04001	0.01461	0.01113	0.00341	0.01166	0.01319	0.00718	0.01289
11	0.01406	0.01054	0.01303	0.01289	0.01536	0.00951	0.00948	0.01802	0.02707	0.03675	0.37362	0.16567	0.20603	0.02458	0.01263	0.00353	0.00525	0.02153	0.01093	0.00951
12	0.02768	0.03292	0.19672	0.07704	0.03799	0.02561	0.02521	0.11262	0.22608	0.08173	0.03077	0.03086	0.02228	0.01234	0.01048	0.00342	0.01165	0.00999	0.00840	0.01621
13	0.07928	0.02610	0.07046	0.02889	0.08122	0.02514	0.09554	0.11357	0.19225	0.12926	0.03129	0.03128	0.02263	0.01203	0.01059	0.00339	0.01122	0.01051	0.00906	0.01629
14	0.02349	0.03103	0.20318	0.02822	0.07257	0.02045	0.09681	0.03332	0.06595	0.07369	0.10695	0.03461	0.03028	0.01184	0.01055	0.00309	0.01176	0.01065	0.00717	0.12442
15	0.04019	0.02962	0.03173	0.02433	0.03279	0.03279	0.02010	0.52721	0.04971	0.06663	0.02538	0.02538	0.01798	0.01269	0.01058	0.00317	0.01163	0.00952	0.01058	0.01798
16	0.07766	0.02455	0.02723	0.02534	0.07684	0.02709	0.01849	0.19057	0.27566	0.04957	0.03199	0.03126	0.02398	0.01263	0.01018	0.00326	0.00967	0.01016	0.00959	0.06429
17	0.02967	0.06946	0.08436	0.02727	0.07223	0.02293	0.10355	0.10787	0.02799	0.11852	0.02345	0.02563	0.01737	0.00993	0.00975	0.00272	0.01153	0.00876	0.00742	0.21959
18	0.01957	0.06307	0.07307	0.29589	0.08509	0.02178	0.02455	0.02571	0.02018	0.02714	0.02156	0.03094	0.01802	0.03171	0.18936	0.00758	0.01834	0.00961	0.00501	0.01182
19	0.04403	0.02347	0.02792	0.02141	0.02972	0.02366	0.01769	0.27552	0.03942	0.33286	0.03402	0.03099	0.02232	0.01290	0.01061	0.00323	0.01024	0.01011	0.01190	0.01799
20	0.01649	0.01349	0.01956	0.19727	0.03426	0.01437	0.01682	0.02177	0.02550	0.03397	0.24759	0.07268	0.13271	0.02010	0.01221	0.00366	0.00861	0.08969	0.00893	0.01034
21	0.03337	0.16502	0.12537	0.02618	0.03620	0.02960	0.10291	0.18065	0.03192	0.13223	0.02415	0.02535	0.01737	0.01093	0.00997	0.00308	0.01273	0.00906	0.00787	0.01604
22	0.01288	0.00920	0.01227	0.01472	0.01534	0.00859	0.00981	0.01472	0.02024	0.02699	0.05828	0.62152	0.06993	0.03312	0.01350	0.00429	0.00613	0.03006	0.00981	0.00859
23	0.04678	0.01905	0.02519	0.01931	0.02752	0.01710	0.01595	0.09459	0.03202	0.52424	0.04023	0.03503	0.02543	0.01305	0.01063	0.00326	0.00924	0.01053	0.01286	0.01799
24	0.02881	0.03160	0.16873	0.08137	0.20314	0.02436	0.10012	0.08016	0.02682	0.11666	0.02357	0.02712	0.01717	0.01043	0.01069	0.00330	0.01354	0.00966	0.00669	0.01607
25	0.02026	0.01912	0.03059	0.42319	0.05804	0.02460	0.02657	0.02596	0.01967	0.02645	0.01851	0.02821	0.01511	0.01829	0.06572	0.00493	0.14898	0.00953	0.00477	0.01151
26	0.01288	0.00920	0.01227	0.01472	0.01534	0.00859	0.00981	0.01472	0.02024	0.02699	0.05828	0.62152	0.06993	0.03312	0.01350	0.00429	0.00613	0.03006	0.00981	0.00859
27	0.03262	0.02465	0.03340	0.17480	0.20177	0.06573	0.02509	0.11607	0.02932	0.15497	0.02505	0.02816	0.01815	0.01114	0.01048	0.00324	0.01248	0.00950	0.00771	0.01568
28	0.03625	0.17076	0.16182	0.02173	0.03189	0.02507	0.02203	0.07833	0.02781	0.27895	0.02885	0.02755	0.01962	0.01140	0.00960	0.00305	0.01130	0.00873	0.00887	0.01641
29	0.03186	0.02016	0.02350	0.01926	0.02543	0.02091	0.01544	0.19393	0.11314	0.16666	0.19711	0.04651	0.04739	0.01580	0.01121	0.00330	0.00849	0.01312	0.01149	0.01531
30	0.70310	0.02045	0.01554	0.01390	0.02045	0.02372	0.01145	0.03108	0.01799	0.04744	0.01472	0.01718	0.01145	0.00981	0.00654	0.00327	0.00818	0.00573	0.00654	0.01145
31	0.04744	0.01799	0.02454	0.01881	0.02699	0.01554	0.01554	0.05153	0.03026	0.56979	0.04171	0.03599	0.02617	0.01309	0.01063	0.00327	0.00900	0.01063	0.01309	0.01799
32	0.02322	0.02253	0.03955	0.30906	0.29301	0.02452	0.07526	0.03009	0.02281	0.03104	0.01952	0.02730	0.01547	0.00990	0.01070	0.00335	0.01374	0.00968	0.00500	0.01424
33	0.01704	0.01217	0.01704	0.01947	0.02191	0.01217	0.01704	0.02191	0.02434	0.03164	0.05598	0.11926	0.06085	0.02921	0.01460	0.00487	0.00974	0.49130	0.00974	0.00974
34	0.01513	0.01123	0.01650	0.01650	0.01822	0.01295	0.01260	0.01857	0.01685	0.02418	0.02877	0.04402	0.02751	0.12869	0.53860	0.01639	0.02670	0.01169	0.00573	0.00917
35	0.70310	0.02045	0.01554	0.01390	0.02045	0.02372	0.01145	0.03108	0.01799	0.04744	0.01472	0.01718	0.01145	0.00981	0.00654	0.00327	0.00818	0.00573	0.00654	0.01145
36	0.04744	0.01799	0.02454	0.01881	0.02699	0.01554	0.01554	0.05153	0.03026	0.56979	0.04171	0.03599	0.02617	0.01309	0.01063	0.00327	0.00900	0.01063	0.01309	0.01799
37	0.01538	0.01025	0.01153	0.01153	0.01153	0.01025	0.00641	0.01538	0.01538	0.02050	0.03331	0.06919	0.03844	0.62842	0.05382	0.01025	0.01025	0.01538	0.00641	0.00641
38	0.01837	0.00918	0.01377	0.01377	0.01377	0.00918	0.00918	0.01377	0.01377	0.01837	0.01837	0.03214	0.01837	0.03673	0.04132	0.69238	0.00918	0.00918	0.00459	0.00459
39	0.01971	0.00985	0.00985	0.00985	0.01232	0.00985	0.00739	0.02464	0.02217	0.03942	0.03449	0.03942	0.02710	0.01232	0.00739	0.00246	0.00493	0.00985	0.68712	0.00985
40	0.04019	0.02962	0.03173	0.02433	0.03279	0.03279	0.02010	0.52721	0.04971	0.06663	0.02538	0.02538	0.01798	0.01269	0.01058	0.00317	0.01163	0.00952	0.01058	0.01798
41	0.02313	0.02313	0.03238	0.02776	0.02776	0.03238	0.02313	0.02545	0.01619	0.02545	0.01388	0.02313	0.01388	0.01851	0.03470	0.00463	0.60907	0.00925	0.00463	0.01157
42	0.01971	0.00985	0.00985	0.00985	0.01232	0.00985	0.00739	0.02464	0.02217	0.03942	0.03449	0.03942	0.02710	0.01232	0.00739	0.00246	0.00493	0.00985	0.68712	0.00985
43	0.01452	0.01355	0.05501	0.01504	0.01736	0.01124	0.01170	0.01727	0.01913	0.02567	0.05023	0.24267	0.12185	0.17868	0.14895	0.00830	0.01258	0.01969	0.00771	0.00885
44	0.02385	0.27156	0.37989	0.02563	0.03880	0.03102	0.03122	0.03280	0.02201	0.03027	0.01738	0.02032	0.01346	0.00967	0.00883	0.00294	0.01401	0.00701	0.00449	0.01486
45	0.02496	0.02852	0.06239	0.04456	0.05526	0.02674	0.52406	0.03387	0.02496	0.03387	0.02139	0.02852	0.01604	0.00891	0.01248	0.00357	0.01783	0.01248	0.00535	0.01426
46	0.02572	0.02778	0.09065	0.06177	0.51599	0.02507	0.03304	0.03254	0.02392	0.03445	0.01981	0.02582	0.01645	0.00948	0.01043	0.00316	0.01284	0.00928	0.00516	0.01665
47	0.02193	0.04129	0.33819	0.03427	0.04686	0.02409	0.21735	0.03212	0.02314	0.03311	0.02303	0.07271	0.01892	0.01148	0.01123	0.00350	0.01568	0.01134	0.00522	0.01455
48	0.02681	0.03051	0.19446	0.02253	0.03124	0.02201	0.02239	0.07506	0.18786	0.11437	0.07989	0.03844	0.03109	0.05942	0.01389	0.00391	0.01079	0.01121	0.00886	0.01527
49	0.01538	0.01025	0.01153	0.01153	0.01153	0.01025	0.00641	0.01538	0.01538	0.02050	0.03331	0.06919	0.03844	0.62842	0.05382	0.01025	0.01025	0.01538	0.00641	0.00641
50	0.70310	0.02045	0.01554	0.01390	0.02045	0.02372	0.01145	0.03108	0.01799	0.04744	0.01472	0.01718	0.01145	0.00981	0.00654	0.00327	0.00818	0.00573	0.00654	0.01145
51	0.13407	0.02068	0.02965	0.07963	0.20011	0.02042	0.02143	0.04051	0.02577	0.27974	0.02899	0.02949	0.02006	0.01124	0.00998	0.00325	0.01042	0.00943	0.00896	0.01614
52	0.18189	0.08393	0.18956	0.02657	0.07207	0.02397	0.06864	0.03701	0.02352	0.16274	0.02331	0.02477	0.01647	0.01048	0.00936	0.00322	0.01199	0.00836	0.00711	0.01503
53	0.04561	0.01840	0.02448	0.01905	0.02703	0.01647	0.01564	0.05193	0.07456	0.52441	0.04183	0.03629	0.02670	0.01319	0.01064	0.00330	0.00894	0.01075	0.01289	0.01789

[dist]
# distance from previous block
# <min> <max>
6	32

[block]
# block no. 8 follows, 13 sequences, length 10
# corresponding to MSA columns:
# 545-554
name=unknown_I
#
# <colnr> <probs for GDERKNQSTAVLIFYWHMCP>
#	G	D	E	R	K	N	Q	S	T	A	V	L	I	F	Y	W	H	M	C	P
0	0.51936	0.18772	0.02639	0.01504	0.02227	0.02865	0.01326	0.03124	0.01894	0.04129	0.01472	0.01712	0.01203	0.00961	0.00661	0.00300	0.00903	0.00571	0.00599	0.01203
1	0.02153	0.02675	0.15569	0.02166	0.02883	0.02070	0.02084	0.03878	0.24375	0.03964	0.14587	0.05348	0.04529	0.01667	0.01142	0.00363	0.00961	0.07241	0.00927	0.01418
2	0.02377	0.02979	0.14842	0.08778	0.27257	0.02294	0.07360	0.03127	0.02316	0.03367	0.01954	0.02494	0.01559	0.00929	0.01007	0.00295	0.01288	0.00877	0.00524	0.14375
3	0.01563	0.01205	0.01499	0.01466	0.01808	0.01054	0.01118	0.01934	0.02409	0.03300	0.17707	0.22340	0.14172	0.02411	0.01222	0.00353	0.00660	0.09237	0.00958	0.13584
4	0.04504	0.09516	0.02840	0.01872	0.02701	0.01883	0.01586	0.04904	0.02916	0.50161	0.03833	0.03361	0.02460	0.01258	0.01015	0.00315	0.00929	0.01001	0.01201	0.01744
5	0.03394	0.10338	0.03180	0.02746	0.13315	0.02155	0.01874	0.04048	0.06582	0.24320	0.02929	0.02895	0.02099	0.01087	0.00953	0.00280	0.00974	0.00896	0.00884	0.15051
6	0.03016	0.01911	0.08540	0.01797	0.02438	0.01407	0.01595	0.03523	0.02802	0.27816	0.20007	0.11748	0.05259	0.01775	0.01147	0.00342	0.00821	0.01523	0.01122	0.01411
7	0.01971	0.00985	0.00985	0.00985	0.01232	0.00985	0.00739	0.02464	0.02217	0.03942	0.03449	0.03942	0.02710	0.01232	0.00739	0.00246	0.00493	0.00985	0.68712	0.00985
8	0.03117	0.07833	0.19917	0.02451	0.03463	0.02262	0.06840	0.09226	0.02880	0.19513	0.09046	0.03358	0.02822	0.01244	0.01053	0.00324	0.01183	0.01043	0.00862	0.01563
9	0.03894	0.14720	0.12879	0.02069	0.03037	0.02238	0.02025	0.04435	0.02710	0.36560	0.03228	0.02976	0.02138	0.01174	0.00976	0.00308	0.01064	0.00914	0.00984	0.01669

[dist]
# distance from previous block
# <min> <max>
0	2

[block]
# block no. 9 follows, 13 sequences, length 11
# corresponding to MSA columns:
# 557-567
name=unknown_J
#
# <colnr> <probs for GDERKNQSTAVLIFYWHMCP>
#	G	D	E	R	K	N	Q	S	T	A	V	L	I	F	Y	W	H	M	C	P
0	0.19334	0.01784	0.02146	0.01715	0.02439	0.01685	0.01406	0.04375	0.02744	0.39873	0.08662	0.03597	0.03012	0.01319	0.00988	0.00328	0.00841	0.01036	0.01145	0.01571
1	0.22316	0.11805	0.03036	0.02595	0.09728	0.21876	0.01834	0.03473	0.02379	0.03386	0.01636	0.01945	0.01361	0.00983	0.00825	0.00275	0.01290	0.00663	0.00568	0.08026
2	0.01389	0.01023	0.01300	0.01343	0.01542	0.00934	0.00965	0.01745	0.02573	0.03507	0.31942	0.27138	0.15418	0.02636	0.01283	0.00370	0.00544	0.02339	0.01075	0.00934
3	0.02354	0.02952	0.13746	0.16420	0.08787	0.02540	0.18000	0.03701	0.13630	0.03456	0.02497	0.02954	0.01871	0.01071	0.01109	0.00349	0.01416	0.01061	0.00621	0.01466
4	0.49046	0.01965	0.01846	0.01550	0.02257	0.02107	0.01278	0.03771	0.02197	0.21684	0.02348	0.02328	0.01623	0.01088	0.00787	0.00327	0.00844	0.00732	0.00867	0.01357
5	0.01538	0.01025	0.01153	0.01153	0.01153	0.01025	0.00641	0.01538	0.01538	0.02050	0.03331	0.06919	0.03844	0.62842	0.05382	0.01025	0.01025	0.01538	0.00641	0.00641
6	0.02192	0.01879	0.02192	0.01566	0.02506	0.01409	0.01253	0.02662	0.02192	0.03445	0.01879	0.02192	0.01566	0.00783	0.00783	0.00157	0.00783	0.00626	0.00626	0.69305
7	0.02886	0.02214	0.02398	0.02119	0.02743	0.02499	0.01659	0.05562	0.48114	0.10796	0.04287	0.03903	0.03154	0.01419	0.01074	0.00355	0.00844	0.01179	0.01104	0.01689
8	0.01837	0.00918	0.01377	0.01377	0.01377	0.00918	0.00918	0.01377	0.01377	0.01837	0.01837	0.03214	0.01837	0.03673	0.04132	0.69238	0.00918	0.00918	0.00459	0.00459
9	0.01432	0.01078	0.01323	0.01262	0.01540	0.00970	0.00947	0.01870	0.02840	0.03876	0.43875	0.08496	0.22017	0.02297	0.01248	0.00339	0.00508	0.01996	0.01116	0.00970
10	0.01299	0.01064	0.01154	0.01212	0.01516	0.00919	0.00915	0.01576	0.02358	0.02864	0.09529	0.17693	0.44130	0.02791	0.01284	0.00380	0.00589	0.06852	0.00981	0.00896

[dist]
# distance from previous block
# <min> <max>
1	2

[block]
# block no. 10 follows, 13 sequences, length 21
# corresponding to MSA columns:
# 570-590
name=unknown_K
#
# <colnr> <probs for GDERKNQSTAVLIFYWHMCP>
#	G	D	E	R	K	N	Q	S	T	A	V	L	I	F	Y	W	H	M	C	P
0	0.60530	0.02486	0.01767	0.01587	0.02225	0.10659	0.01277	0.03272	0.01976	0.04426	0.01496	0.01745	0.01177	0.00997	0.00698	0.00319	0.00978	0.00589	0.00638	0.01157
1	0.02466	0.02920	0.11594	0.10546	0.33215	0.02527	0.14668	0.03241	0.02378	0.03355	0.02001	0.02640	0.01590	0.00949	0.01089	0.00330	0.01432	0.00991	0.00511	0.01556
2	0.02356	0.02210	0.03308	0.08022	0.18664	0.02324	0.08744	0.03814	0.20921	0.03645	0.04111	0.04251	0.10179	0.01376	0.01114	0.00345	0.01081	0.01262	0.00785	0.01488
