[name]
unknown

[dist]
# distance from previous block
# <min> <max>
12	70

[block]
# block no. 0 follows, 15 sequences, length 38
# corresponding to MSA columns:
# 73-110
name=unknown_A
#
# <colnr> <probs for GDERKNQSTAVLIFYWHMCP>
#	G	D	E	R	K	N	Q	S	T	A	V	L	I	F	Y	W	H	M	C	P
0	0.02544	0.12179	0.12837	0.03846	0.26544	0.09551	0.02563	0.05934	0.02459	0.03246	0.07117	0.02669	0.02197	0.01035	0.00938	0.00284	0.01216	0.00870	0.00559	0.01413
1	0.08298	0.07564	0.34100	0.02761	0.09202	0.02237	0.02827	0.03472	0.02239	0.14918	0.02186	0.02339	0.01532	0.00993	0.00917	0.00305	0.01232	0.00779	0.00614	0.01487
2	0.01618	0.01044	0.01319	0.01334	0.01587	0.00941	0.00990	0.01930	0.02363	0.08812	0.20832	0.26731	0.18591	0.02474	0.01204	0.00358	0.00581	0.05338	0.01004	0.00950
3	0.02463	0.02034	0.03209	0.31469	0.15482	0.02266	0.05684	0.06149	0.08922	0.08929	0.02336	0.02812	0.01731	0.01045	0.01009	0.00322	0.01196	0.00946	0.00636	0.01361
4	0.02149	0.11680	0.37865	0.06811	0.04461	0.02550	0.14585	0.03105	0.02142	0.03028	0.01789	0.02206	0.01323	0.00916	0.00963	0.00309	0.01460	0.00817	0.00441	0.01399
5	0.11189	0.01848	0.02810	0.03007	0.16306	0.01796	0.07280	0.03324	0.02415	0.19633	0.06381	0.04576	0.03001	0.01401	0.01050	0.00336	0.00997	0.10442	0.00838	0.01369
6	0.02789	0.03086	0.04236	0.03275	0.04033	0.18547	0.28661	0.08608	0.02715	0.03276	0.02311	0.03428	0.01969	0.01155	0.01105	0.00325	0.01563	0.07033	0.00606	0.01278
7	0.03669	0.01560	0.02078	0.01694	0.02315	0.01398	0.01357	0.04185	0.06026	0.43971	0.09272	0.11135	0.03657	0.01545	0.01052	0.00322	0.00776	0.01307	0.01170	0.01511
8	0.02024	0.01129	0.01502	0.01398	0.01706	0.01023	0.01050	0.02406	0.02613	0.15585	0.34101	0.19989	0.07250	0.02121	0.01161	0.00334	0.00577	0.01874	0.01086	0.01072
9	0.03174	0.01667	0.02138	0.07461	0.02743	0.01643	0.01490	0.04105	0.14436	0.31136	0.08869	0.04425	0.09364	0.01448	0.01038	0.00321	0.00811	0.01208	0.01065	0.01457
10	0.01883	0.01772	0.02990	0.62569	0.06866	0.02215	0.02769	0.02547	0.01993	0.02547	0.01772	0.02658	0.01329	0.00997	0.00997	0.00332	0.01329	0.00886	0.00443	0.01107
11	0.04196	0.02140	0.02588	0.01984	0.02766	0.02124	0.01639	0.25342	0.03596	0.37905	0.03309	0.02988	0.02155	0.01219	0.01000	0.00305	0.00949	0.00960	0.01138	0.01696
12	0.24140	0.10363	0.14778	0.02179	0.03059	0.02448	0.08483	0.03536	0.09543	0.09354	0.02172	0.02317	0.01604	0.01000	0.00851	0.00306	0.01075	0.00786	0.00656	0.01349
13	0.01651	0.01459	0.02356	0.41395	0.04990	0.01729	0.02131	0.02146	0.01964	0.02546	0.03060	0.23997	0.03151	0.01733	0.01092	0.00357	0.01069	0.01560	0.00610	0.01004
14	0.01293	0.00901	0.01141	0.01300	0.01415	0.00837	0.00892	0.01531	0.02049	0.02817	0.11079	0.48272	0.10710	0.02777	0.01200	0.00374	0.00550	0.02488	0.07535	0.00837
15	0.02405	0.01757	0.02853	0.50300	0.05994	0.02064	0.02506	0.03013	0.02167	0.14028	0.02208	0.02806	0.01559	0.01045	0.00998	0.00327	0.01232	0.00909	0.00603	0.01226
16	0.12622	0.02548	0.03402	0.02617	0.03391	0.08910	0.17611	0.10134	0.08286	0.16644	0.02571	0.02674	0.01825	0.01058	0.00991	0.00313	0.01219	0.00951	0.00799	0.01434
17	0.07097	0.02843	0.01987	0.01867	0.02170	0.29620	0.01342	0.02795	0.02169	0.02407	0.02352	0.04077	0.02401	0.24750	0.05102	0.00589	0.01423	0.03508	0.00574	0.00926
18	0.19393	0.01646	0.01882	0.01619	0.02036	0.01840	0.01308	0.05836	0.02133	0.15704	0.02461	0.02793	0.01879	0.01761	0.05265	0.04567	0.11031	0.00846	0.14829	0.01168
19	0.43547	0.01963	0.02048	0.16408	0.03293	0.02269	0.01600	0.08319	0.02149	0.07738	0.01749	0.02067	0.01293	0.00990	0.00773	0.00313	0.00946	0.00691	0.00653	0.01189
20	0.01455	0.01005	0.01326	0.01321	0.01408	0.01073	0.00904	0.01601	0.01583	0.02198	0.06108	0.05287	0.03381	0.33783	0.27681	0.05656	0.01629	0.01277	0.00594	0.00730
21	0.01204	0.00951	0.01085	0.01178	0.01394	0.00833	0.00835	0.01433	0.02145	0.02689	0.10323	0.32251	0.34651	0.02752	0.01217	0.00364	0.00534	0.02394	0.00933	0.00833
22	0.02347	0.02058	0.02847	0.15104	0.03781	0.02022	0.07761	0.10403	0.08058	0.03617	0.02121	0.02480	0.01640	0.00933	0.00908	0.00250	0.01028	0.00819	0.00650	0.31173
23	0.02284	0.10327	0.35385	0.02370	0.03577	0.02357	0.02741	0.08907	0.02380	0.03447	0.01812	0.02078	0.01359	0.00921	0.00876	0.00267	0.01231	0.00703	0.00523	0.16453
24	0.18100	0.01842	0.02247	0.09388	0.07391	0.02007	0.01658	0.03458	0.12252	0.13288	0.02848	0.08969	0.02354	0.01326	0.01062	0.00324	0.04509	0.01056	0.00787	0.05132
25	0.36077	0.02141	0.02121	0.01715	0.02421	0.02326	0.01415	0.19412	0.02869	0.17292	0.02263	0.02252	0.01578	0.01077	0.00819	0.00306	0.00888	0.00752	0.00871	0.01406
26	0.01447	0.00978	0.01143	0.01143	0.01163	0.00997	0.00674	0.01486	0.01466	0.01974	0.03090	0.06240	0.03501	0.58712	0.11159	0.01036	0.01152	0.01408	0.00596	0.00635
27	0.02238	0.02116	0.07654	0.27141	0.21624	0.02030	0.02587	0.02834	0.02159	0.08206	0.02458	0.10050	0.02143	0.01238	0.01023	0.00326	0.01160	0.01120	0.00590	0.01303
28	0.02513	0.02121	0.03768	0.03191	0.08118	0.02067	0.23394	0.09294	0.02657	0.08837	0.03207	0.05260	0.02893	0.01496	0.01183	0.00363	0.01263	0.16308	0.00756	0.01312
29	0.01883	0.01772	0.02990	0.62569	0.06866	0.02215	0.02769	0.02547	0.01993	0.02547	0.01772	0.02658	0.01329	0.00997	0.00997	0.00332	0.01329	0.00886	0.00443	0.01107
30	0.01981	0.01828	0.03041	0.30998	0.24468	0.02018	0.02533	0.02548	0.02136	0.02895	0.05904	0.10325	0.02575	0.01281	0.01038	0.00327	0.01131	0.01181	0.00561	0.01230
31	0.02917	0.06393	0.18767	0.02694	0.06888	0.09381	0.05280	0.03746	0.07512	0.15807	0.02404	0.02552	0.01747	0.01136	0.01223	0.00317	0.08247	0.00862	0.00684	0.01442
32	0.01510	0.01148	0.01580	0.01536	0.01637	0.01338	0.01129	0.01734	0.01544	0.02197	0.02687	0.04601	0.02746	0.25895	0.36629	0.01273	0.08279	0.01174	0.00547	0.00816
33	0.01419	0.00964	0.01144	0.01172	0.01196	0.00974	0.00704	0.01474	0.01519	0.02043	0.03380	0.13237	0.03875	0.52069	0.09917	0.00959	0.01081	0.01580	0.00636	0.00656
34	0.02823	0.01344	0.01620	0.01390	0.01853	0.01285	0.01098	0.03499	0.08058	0.24166	0.10333	0.04057	0.03414	0.01315	0.00900	0.00281	0.00639	0.01083	0.29564	0.01277
35	0.31561	0.09760	0.02403	0.01691	0.02343	0.07011	0.01416	0.03633	0.02203	0.22210	0.02242	0.02254	0.01595	0.01075	0.00926	0.00300	0.04558	0.00721	0.00780	0.01316
36	0.02480	0.10597	0.19312	0.03783	0.25747	0.02335	0.02718	0.03163	0.02264	0.08476	0.04611	0.02560	0.01899	0.00979	0.00931	0.00285	0.01161	0.00841	0.00569	0.05290
37	0.02375	0.26809	0.20941	0.05545	0.11083	0.02951	0.02519	0.03350	0.09757	0.02980	0.01966	0.02217	0.01565	0.00963	0.00849	0.00279	0.01178	0.00743	0.00517	0.01413

[dist]
# distance from previous block
# <min> <max>
12	16

[block]
# block no. 1 follows, 15 sequences, length 18
# corresponding to MSA columns:
# 128-145
name=unknown_B
#
# <colnr> <probs for GDERKNQSTAVLIFYWHMCP>
#	G	D	E	R	K	N	Q	S	T	A	V	L	I	F	Y	W	H	M	C	P
0	0.02570	0.10253	0.26483	0.02659	0.03678	0.07938	0.10758	0.03328	0.02322	0.10305	0.02410	0.03257	0.01941	0.01159	0.00999	0.00317	0.01353	0.06297	0.00602	0.01372
1	0.02841	0.08361	0.09344	0.02424	0.03201	0.02042	0.12985	0.03628	0.07270	0.19970	0.03337	0.04533	0.02729	0.01398	0.01074	0.00339	0.01119	0.11176	0.00834	0.01393
2	0.01565	0.01118	0.01559	0.01788	0.02000	0.01112	0.01534	0.01994	0.02254	0.02937	0.05301	0.16864	0.05828	0.02793	0.01366	0.00453	0.00882	0.46827	0.00919	0.00906
3	0.02653	0.01646	0.01868	0.01805	0.02201	0.07513	0.01461	0.03011	0.02450	0.20570	0.04503	0.18307	0.04409	0.02167	0.01188	0.00380	0.00922	0.20804	0.00976	0.01166
4	0.09846	0.02299	0.02439	0.02024	0.02696	0.02560	0.01627	0.22340	0.27838	0.10781	0.03212	0.03024	0.02327	0.01245	0.00969	0.00319	0.00900	0.00978	0.00993	0.01583
5	0.03026	0.44862	0.04407	0.01999	0.02737	0.23356	0.01781	0.03324	0.02298	0.02378	0.01439	0.01667	0.01281	0.00912	0.00728	0.00228	0.01315	0.00570	0.00456	0.01237
6	0.02067	0.01772	0.02067	0.01477	0.02362	0.01329	0.01181	0.02510	0.02067	0.03248	0.01772	0.02067	0.01477	0.00738	0.00738	0.00148	0.00738	0.00591	0.00591	0.71059
7	0.03044	0.23982	0.03547	0.02020	0.02772	0.03212	0.01743	0.23684	0.18259	0.04357	0.02511	0.02490	0.01927	0.01123	0.00880	0.00281	0.01001	0.00837	0.00808	0.01521
8	0.01996	0.01430	0.02014	0.02171	0.07991	0.01521	0.01545	0.02359	0.02209	0.08413	0.14576	0.06717	0.04741	0.11665	0.02106	0.00472	0.10045	0.16164	0.00820	0.01046
9	0.01857	0.01168	0.01611	0.01713	0.01989	0.01128	0.01446	0.02291	0.02406	0.09143	0.12967	0.13474	0.05988	0.02511	0.01300	0.00418	0.00821	0.35793	0.00979	0.00997
10	0.02329	0.02017	0.03076	0.02439	0.03057	0.02086	0.17273	0.09318	0.17756	0.03974	0.09631	0.04066	0.03250	0.01303	0.01050	0.00320	0.01008	0.03599	0.11127	0.01319
11	0.26468	0.24744	0.07154	0.02014	0.06625	0.02822	0.01712	0.06144	0.02176	0.09523	0.01780	0.01941	0.01383	0.00947	0.00737	0.00274	0.00981	0.00646	0.00614	0.01315
12	0.01644	0.01115	0.01506	0.01702	0.01932	0.01115	0.01472	0.02103	0.02265	0.03092	0.04979	0.10133	0.05267	0.02519	0.01277	0.00426	0.00851	0.44490	0.11193	0.00920
13	0.01867	0.01112	0.01524	0.01641	0.01879	0.01054	0.01303	0.02197	0.02217	0.11138	0.05169	0.32110	0.05610	0.02683	0.01278	0.00414	0.00767	0.24081	0.00968	0.00988
14	0.02907	0.02270	0.03322	0.04257	0.33352	0.02335	0.02405	0.09371	0.13462	0.12058	0.02667	0.02845	0.02013	0.01064	0.00996	0.00307	0.01047	0.00953	0.00760	0.01609
15	0.02624	0.02540	0.04516	0.04901	0.32302	0.02527	0.20613	0.10838	0.02655	0.03682	0.02000	0.02532	0.01574	0.00917	0.01053	0.00310	0.01340	0.00988	0.00572	0.01516
16	0.03097	0.03551	0.03782	0.03030	0.03645	0.28906	0.17721	0.09018	0.02693	0.03068	0.01739	0.02182	0.01399	0.01096	0.01342	0.00311	0.10747	0.00862	0.00551	0.01260
17	0.01492	0.00956	0.01285	0.01460	0.01586	0.00890	0.01031	0.01709	0.02015	0.06771	0.05359	0.54718	0.06207	0.02949	0.01263	0.00403	0.00631	0.07443	0.00947	0.00885

[dist]
# distance from previous block
# <min> <max>
0	4

[block]
# block no. 2 follows, 15 sequences, length 38
# corresponding to MSA columns:
# 150-187
name=unknown_C
#
# <colnr> <probs for GDERKNQSTAVLIFYWHMCP>
#	G	D	E	R	K	N	Q	S	T	A	V	L	I	F	Y	W	H	M	C	P
0	0.21828	0.02251	0.01850	0.01694	0.02141	0.12812	0.01298	0.06610	0.10410	0.03496	0.03114	0.04149	0.06490	0.12338	0.01620	0.00429	0.01011	0.04634	0.00725	0.01099
1	0.35871	0.01731	0.01529	0.01497	0.01884	0.06062	0.01181	0.02455	0.01855	0.03431	0.02615	0.08731	0.02649	0.05720	0.01467	0.07995	0.00884	0.10837	0.00671	0.00934
2	0.01453	0.01061	0.01293	0.01377	0.01638	0.00968	0.01073	0.01781	0.02146	0.02890	0.06104	0.23505	0.18965	0.02468	0.01176	0.00365	0.00657	0.16486	0.08390	0.06204
3	0.01919	0.01109	0.01472	0.01375	0.01670	0.01008	0.01032	0.02313	0.02639	0.13640	0.37597	0.18462	0.07581	0.02118	0.01165	0.00331	0.00560	0.01872	0.01086	0.01049
4	0.02276	0.01707	0.02038	0.01492	0.02316	0.01314	0.01194	0.02715	0.02209	0.09356	0.06297	0.02619	0.02186	0.00890	0.00800	0.00178	0.00730	0.00727	0.00698	0.58257
5	0.02558	0.02970	0.04907	0.03639	0.04472	0.14073	0.40357	0.03218	0.02379	0.02947	0.02007	0.02803	0.01628	0.05754	0.01417	0.00368	0.01650	0.01091	0.00514	0.01251
6	0.01410	0.01021	0.01347	0.01537	0.01701	0.00982	0.01205	0.01714	0.02098	0.02725	0.05729	0.29638	0.11564	0.07080	0.01569	0.00461	0.00756	0.25714	0.00900	0.00850
7	0.21191	0.01494	0.01720	0.01514	0.02021	0.01461	0.01186	0.03237	0.02304	0.26216	0.07707	0.18882	0.03679	0.01698	0.00983	0.00334	0.00730	0.01411	0.00982	0.01250
8	0.01845	0.01440	0.01762	0.01841	0.02159	0.01545	0.01508	0.03048	0.20357	0.03319	0.04902	0.15673	0.04956	0.02338	0.01243	0.00412	0.00831	0.28746	0.00951	0.01123
9	0.54465	0.01832	0.01637	0.01434	0.02055	0.02017	0.01188	0.03242	0.01957	0.14886	0.02130	0.02591	0.01651	0.01105	0.00741	0.00318	0.00796	0.04012	0.00755	0.01187
10	0.11494	0.01611	0.01998	0.01764	0.02336	0.01573	0.01473	0.03856	0.08376	0.30351	0.04037	0.05519	0.03323	0.01656	0.01068	0.00356	0.00853	0.15932	0.01044	0.01382
11	0.01484	0.00928	0.01243	0.01267	0.01348	0.00894	0.00855	0.01514	0.01895	0.02596	0.19309	0.17358	0.05295	0.13579	0.02769	0.23870	0.00709	0.01641	0.00757	0.00688
12	0.01411	0.01019	0.01333	0.01254	0.01489	0.00941	0.00941	0.01881	0.02822	0.03998	0.58221	0.07447	0.09406	0.02038	0.01176	0.00314	0.00470	0.01803	0.01097	0.00941
13	0.03731	0.04540	0.02843	0.02539	0.03083	0.54731	0.01923	0.09521	0.03026	0.02854	0.01633	0.01862	0.01328	0.01046	0.00909	0.00261	0.01722	0.00670	0.00566	0.01214
14	0.01443	0.00991	0.01213	0.01213	0.01257	0.01035	0.00761	0.01531	0.01487	0.02026	0.03026	0.05885	0.03347	0.50893	0.18767	0.01122	0.01384	0.01356	0.00587	0.00674
15	0.01450	0.00966	0.01087	0.01087	0.01087	0.00966	0.00604	0.01450	0.01450	0.01933	0.03141	0.06524	0.03624	0.64965	0.05074	0.00966	0.00966	0.01450	0.00604	0.00604
16	0.01450	0.00966	0.01087	0.01087	0.01087	0.00966	0.00604	0.01450	0.01450	0.01933	0.03141	0.06524	0.03624	0.64965	0.05074	0.00966	0.00966	0.01450	0.00604	0.00604
17	0.03170	0.02654	0.03392	0.02637	0.03400	0.06613	0.13789	0.23510	0.17478	0.08585	0.02793	0.02836	0.02032	0.01148	0.01036	0.00315	0.01178	0.01010	0.00875	0.01549
18	0.72007	0.01928	0.01465	0.01311	0.01928	0.02236	0.01080	0.02930	0.01697	0.04473	0.01388	0.01619	0.01080	0.00925	0.00617	0.00308	0.00771	0.00540	0.00617	0.01080
19	0.01450	0.00966	0.01087	0.01087	0.01087	0.00966	0.00604	0.01450	0.01450	0.01933	0.03141	0.06524	0.03624	0.64965	0.05074	0.00966	0.00966	0.01450	0.00604	0.00604
20	0.01324	0.01016	0.01211	0.01163	0.01436	0.00903	0.00872	0.01712	0.02616	0.03508	0.40164	0.08252	0.27768	0.02221	0.01177	0.00322	0.00483	0.01916	0.01033	0.00903
21	0.01298	0.00969	0.01212	0.01289	0.01480	0.00883	0.00939	0.01607	0.02319	0.03089	0.23993	0.29527	0.19138	0.02604	0.01226	0.00363	0.00549	0.05665	0.00982	0.00868
22	0.72007	0.01928	0.01465	0.01311	0.01928	0.02236	0.01080	0.02930	0.01697	0.04473	0.01388	0.01619	0.01080	0.00925	0.00617	0.00308	0.00771	0.00540	0.00617	0.01080
23	0.02263	0.02161	0.03678	0.25798	0.40660	0.02315	0.02958	0.02881	0.02174	0.03009	0.01839	0.02534	0.01492	0.00926	0.00990	0.00309	0.01235	0.00887	0.00476	0.01415
24	0.01517	0.01171	0.01403	0.01318	0.01615	0.01134	0.00996	0.02270	0.10125	0.03795	0.42487	0.07309	0.17007	0.02029	0.01154	0.00321	0.00520	0.01763	0.01056	0.01011
25	0.02067	0.01772	0.02067	0.01477	0.02362	0.01329	0.01181	0.02510	0.02067	0.03248	0.01772	0.02067	0.01477	0.00738	0.00738	0.00148	0.00738	0.00591	0.00591	0.71059
26	0.01433	0.00959	0.01092	0.01109	0.01113	0.00955	0.00627	0.01445	0.01483	0.01977	0.03311	0.10707	0.03839	0.60489	0.04799	0.00926	0.00938	0.01550	0.00627	0.00619
27	0.02830	0.01818	0.02194	0.01610	0.02459	0.01480	0.01304	0.06570	0.02449	0.18653	0.02397	0.02447	0.01759	0.00902	0.00827	0.00201	0.00791	0.00722	0.00791	0.47797
28	0.01215	0.00868	0.01157	0.01388	0.01446	0.00810	0.00925	0.01388	0.01909	0.02545	0.05495	0.64315	0.06593	0.03123	0.01272	0.00405	0.00578	0.02834	0.00925	0.00810
29	0.03355	0.02577	0.02747	0.02206	0.02926	0.02889	0.01790	0.38810	0.22007	0.05583	0.02945	0.02833	0.02142	0.01248	0.01003	0.00312	0.00995	0.00974	0.01003	0.01656
30	0.02320	0.02002	0.03066	0.02199	0.03108	0.01645	0.15064	0.02861	0.02199	0.07418	0.01996	0.02326	0.01560	0.00801	0.00871	0.00208	0.00989	0.00772	0.00616	0.47981
31	0.02386	0.02117	0.03273	0.36487	0.20058	0.02416	0.02687	0.12316	0.02558	0.03417	0.01913	0.02559	0.01463	0.01004	0.00994	0.00317	0.01248	0.00889	0.00557	0.01341
32	0.01450	0.00966	0.01087	0.01087	0.01087	0.00966	0.00604	0.01450	0.01450	0.01933	0.03141	0.06524	0.03624	0.64965	0.05074	0.00966	0.00966	0.01450	0.00604	0.00604
33	0.02054	0.01947	0.03300	0.46009	0.22085	0.02260	0.02854	0.02697	0.02074	0.02755	0.01802	0.02602	0.01402	0.00965	0.00994	0.00322	0.01286	0.00887	0.00458	0.01246
34	0.20745	0.01679	0.01771	0.01453	0.02086	0.01583	0.01151	0.06037	0.02243	0.07777	0.06484	0.09611	0.06244	0.01312	0.00857	0.00263	0.00729	0.01047	0.00762	0.26168
35	0.01606	0.01147	0.01606	0.01836	0.02065	0.01147	0.01606	0.02065	0.02295	0.02983	0.05278	0.11245	0.05737	0.02754	0.01377	0.00459	0.00918	0.52037	0.00918	0.00918
36	0.01215	0.00868	0.01157	0.01388	0.01446	0.00810	0.00925	0.01388	0.01909	0.02545	0.05495	0.64315	0.06593	0.03123	0.01272	0.00405	0.00578	0.02834	0.00925	0.00810
37	0.02353	0.02689	0.05882	0.04202	0.05210	0.02521	0.55126	0.03193	0.02353	0.03193	0.02017	0.02689	0.01513	0.00840	0.01176	0.00336	0.01681	0.01176	0.00504	0.01345

[dist]
# distance from previous block
# <min> <max>
0	5

[block]
# block no. 3 follows, 15 sequences, length 46
# corresponding to MSA columns:
# 193-238
name=unknown_D
#
# <colnr> <probs for GDERKNQSTAVLIFYWHMCP>
#	G	D	E	R	K	N	Q	S	T	A	V	L	I	F	Y	W	H	M	C	P
0	0.01883	0.01772	0.02990	0.62569	0.06866	0.02215	0.02769	0.02547	0.01993	0.02547	0.01772	0.02658	0.01329	0.00997	0.00997	0.00332	0.01329	0.00886	0.00443	0.01107
1	0.72007	0.01928	0.01465	0.01311	0.01928	0.02236	0.01080	0.02930	0.01697	0.04473	0.01388	0.01619	0.01080	0.00925	0.00617	0.00308	0.00771	0.00540	0.00617	0.01080
2	0.01237	0.01012	0.01092	0.01072	0.01383	0.00867	0.00804	0.01545	0.02411	0.03023	0.22279	0.09050	0.45955	0.02402	0.01178	0.00331	0.00496	0.02028	0.00969	0.00867
3	0.02923	0.45534	0.11769	0.01866	0.02784	0.03260	0.01917	0.03364	0.02194	0.13332	0.01924	0.02007	0.01504	0.00938	0.00749	0.00245	0.01078	0.00649	0.00580	0.01384
4	0.01215	0.00868	0.01157	0.01388	0.01446	0.00810	0.00925	0.01388	0.01909	0.02545	0.05495	0.64315	0.06593	0.03123	0.01272	0.00405	0.00578	0.02834	0.00925	0.00810
5	0.02882	0.02131	0.03074	0.09346	0.03571	0.05571	0.12544	0.03404	0.02385	0.18761	0.02409	0.02616	0.01730	0.00946	0.00942	0.00260	0.01100	0.00863	0.00730	0.24734
6	0.11881	0.02533	0.02715	0.02104	0.02876	0.02757	0.01737	0.41996	0.04073	0.13719	0.02497	0.02447	0.01734	0.01170	0.00953	0.00302	0.01023	0.00871	0.00987	0.01623
7	0.01215	0.00868	0.01157	0.01388	0.01446	0.00810	0.00925	0.01388	0.01909	0.02545	0.05495	0.64315	0.06593	0.03123	0.01272	0.00405	0.00578	0.02834	0.00925	0.00810
8	0.02665	0.65565	0.05224	0.01706	0.02559	0.03945	0.01706	0.02985	0.02026	0.02345	0.01386	0.01599	0.01279	0.00853	0.00640	0.00213	0.01066	0.00533	0.00426	0.01279
9	0.01590	0.01224	0.01532	0.01315	0.01727	0.01046	0.01006	0.02052	0.02616	0.03794	0.42859	0.05983	0.07248	0.01684	0.01057	0.00268	0.00543	0.01473	0.00959	0.20022
10	0.03286	0.02542	0.02708	0.02192	0.02900	0.02856	0.01773	0.36148	0.24782	0.05470	0.03033	0.02903	0.02214	0.01257	0.01004	0.00314	0.00979	0.00986	0.01004	0.01650
11	0.01424	0.01068	0.01602	0.01602	0.01780	0.01246	0.01246	0.01780	0.01602	0.02314	0.02670	0.03916	0.02492	0.07477	0.61015	0.01602	0.02670	0.01068	0.00534	0.00890
12	0.01404	0.00986	0.01140	0.01120	0.01224	0.00944	0.00710	0.01558	0.01909	0.02562	0.18178	0.07160	0.12226	0.40697	0.03567	0.00717	0.00779	0.01625	0.00772	0.00721
13	0.02986	0.02393	0.02539	0.02131	0.02785	0.02716	0.01700	0.24679	0.36740	0.04987	0.03414	0.03207	0.02522	0.01292	0.01008	0.00323	0.00908	0.01038	0.01008	0.01623
14	0.03790	0.02792	0.02992	0.02294	0.03091	0.03091	0.01895	0.55423	0.04687	0.06283	0.02393	0.02393	0.01695	0.01197	0.00997	0.00299	0.01097	0.00898	0.00997	0.01695
15	0.01215	0.00868	0.01157	0.01388	0.01446	0.00810	0.00925	0.01388	0.01909	0.02545	0.05495	0.64315	0.06593	0.03123	0.01272	0.00405	0.00578	0.02834	0.00925	0.00810
16	0.03790	0.02792	0.02992	0.02294	0.03091	0.03091	0.01895	0.55423	0.04687	0.06283	0.02393	0.02393	0.01695	0.01197	0.00997	0.00299	0.01097	0.00898	0.00997	0.01695
17	0.01548	0.00970	0.01384	0.01384	0.01458	0.01044	0.00973	0.01529	0.01455	0.02014	0.02400	0.04086	0.02420	0.17209	0.27949	0.28309	0.01638	0.01065	0.00509	0.00657
18	0.01424	0.01068	0.01602	0.01602	0.01780	0.01246	0.01246	0.01780	0.01602	0.02314	0.02670	0.03916	0.02492	0.07477	0.61015	0.01602	0.02670	0.01068	0.00534	0.00890
19	0.01301	0.00990	0.01045	0.01045	0.01230	0.00898	0.00688	0.01439	0.01901	0.02350	0.06959	0.08209	0.33653	0.30698	0.02936	0.00621	0.00713	0.01809	0.00781	0.00734
20	0.01244	0.00888	0.01190	0.01421	0.01492	0.00835	0.00976	0.01439	0.01937	0.02578	0.05478	0.60357	0.06530	0.03096	0.01280	0.00409	0.00604	0.06504	0.00925	0.00818
21	0.02654	0.02488	0.01968	0.01900	0.02237	0.24163	0.01390	0.02890	0.02399	0.10691	0.03741	0.31376	0.03947	0.02041	0.01089	0.00334	0.01089	0.01723	0.00811	0.01071
22	0.01302	0.00911	0.01165	0.01334	0.01387	0.00872	0.00880	0.01446	0.01808	0.02407	0.04847	0.45523	0.05741	0.19766	0.02303	0.00559	0.00704	0.05445	0.00838	0.00761
23	0.01450	0.00966	0.01087	0.01087	0.01087	0.00966	0.00604	0.01450	0.01450	0.01933	0.03141	0.06524	0.03624	0.64965	0.05074	0.00966	0.00966	0.01450	0.00604	0.00604
24	0.72007	0.01928	0.01465	0.01311	0.01928	0.02236	0.01080	0.02930	0.01697	0.04473	0.01388	0.01619	0.01080	0.00925	0.00617	0.00308	0.00771	0.00540	0.00617	0.01080
25	0.01215	0.00868	0.01157	0.01388	0.01446	0.00810	0.00925	0.01388	0.01909	0.02545	0.05495	0.64315	0.06593	0.03123	0.01272	0.00405	0.00578	0.02834	0.00925	0.00810
26	0.29965	0.01834	0.02379	0.38038	0.04888	0.02223	0.02092	0.02701	0.01874	0.03318	0.01618	0.02242	0.01229	0.00968	0.00845	0.00323	0.01106	0.00747	0.00513	0.01096
27	0.72007	0.01928	0.01465	0.01311	0.01928	0.02236	0.01080	0.02930	0.01697	0.04473	0.01388	0.01619	0.01080	0.00925	0.00617	0.00308	0.00771	0.00540	0.00617	0.01080
28	0.01902	0.01131	0.01473	0.01323	0.01654	0.01021	0.01015	0.02343	0.02789	0.13091	0.45892	0.06924	0.11649	0.01939	0.01147	0.00314	0.00535	0.01691	0.01108	0.01059
29	0.01445	0.00972	0.01125	0.01155	0.01173	0.00968	0.00689	0.01486	0.01533	0.02040	0.03429	0.10509	0.03950	0.57011	0.04593	0.00898	0.00939	0.04803	0.00645	0.00637
30	0.07322	0.02339	0.02869	0.18048	0.03993	0.06265	0.05922	0.20982	0.06517	0.04156	0.02554	0.03603	0.02118	0.01297	0.01028	0.00331	0.01182	0.07388	0.00751	0.01334
31	0.01215	0.00868	0.01157	0.01388	0.01446	0.00810	0.00925	0.01388	0.01909	0.02545	0.05495	0.64315	0.06593	0.03123	0.01272	0.00405	0.00578	0.02834	0.00925	0.00810
32	0.01611	0.01144	0.01399	0.01381	0.01628	0.01141	0.01054	0.02306	0.08851	0.03618	0.30555	0.10663	0.06719	0.05948	0.01372	0.00373	0.00607	0.08600	0.10050	0.00981
33	0.01359	0.00928	0.01114	0.01204	0.01226	0.00906	0.00728	0.01426	0.01627	0.02170	0.04051	0.28869	0.04772	0.41054	0.03604	0.00749	0.00816	0.01985	0.00728	0.00684
34	0.29369	0.01821	0.02303	0.30135	0.04335	0.02115	0.01928	0.03028	0.02002	0.11478	0.01934	0.02362	0.01396	0.01003	0.00851	0.00320	0.01044	0.00769	0.00624	0.01181
35	0.02452	0.09159	0.45298	0.02615	0.03897	0.06205	0.03162	0.03398	0.02234	0.09645	0.01994	0.02198	0.01407	0.00979	0.00928	0.00303	0.01392	0.00747	0.00523	0.01464
36	0.03076	0.26571	0.07223	0.02726	0.10103	0.29258	0.02095	0.03452	0.02421	0.02553	0.01542	0.01830	0.01319	0.00941	0.00819	0.00249	0.01434	0.00640	0.00474	0.01274
37	0.02869	0.02393	0.13104	0.02007	0.02756	0.01876	0.01876	0.04192	0.19943	0.21824	0.09426	0.04148	0.03354	0.01393	0.01036	0.00329	0.00912	0.04095	0.00976	0.01490
38	0.01326	0.01449	0.08002	0.01393	0.01752	0.01020	0.01188	0.01694	0.02221	0.02915	0.15587	0.26898	0.25965	0.02462	0.01183	0.00353	0.00638	0.02141	0.00895	0.00921
39	0.02945	0.37925	0.10808	0.02130	0.02941	0.23032	0.02012	0.03342	0.02305	0.02472	0.01486	0.01726	0.01279	0.00923	0.00763	0.00240	0.01361	0.00594	0.00455	0.01260
40	0.02457	0.41184	0.20189	0.02062	0.03055	0.03316	0.02246	0.03304	0.08483	0.02787	0.01812	0.01989	0.01481	0.00938	0.00770	0.00257	0.01148	0.00660	0.00494	0.01369
41	0.03467	0.09464	0.02710	0.01916	0.02625	0.02304	0.01582	0.10512	0.22415	0.26865	0.03505	0.03187	0.02448	0.01228	0.00964	0.00307	0.00881	0.00980	0.01034	0.01605
42	0.02828	0.02849	0.16286	0.02913	0.03943	0.02044	0.22677	0.03566	0.02403	0.18740	0.02468	0.02683	0.01718	0.00961	0.01027	0.00302	0.01295	0.00963	0.00698	0.09639
43	0.02367	0.01657	0.02872	0.02432	0.02971	0.01561	0.15922	0.02896	0.02401	0.14502	0.04141	0.10565	0.03988	0.01953	0.01241	0.00392	0.01088	0.24997	0.00871	0.01185
44	0.01931	0.01207	0.01689	0.01814	0.02104	0.01191	0.01567	0.02375	0.02317	0.09556	0.04958	0.09867	0.05151	0.02871	0.05063	0.00513	0.01019	0.42870	0.00931	0.01007
45	0.10592	0.01973	0.03355	0.20412	0.07477	0.02062	0.16002	0.03061	0.02231	0.11224	0.02558	0.03741	0.02091	0.01201	0.01048	0.00341	0.01226	0.07498	0.00657	0.01253

[dist]
# distance from previous block
# <min> <max>
6	17

[block]
# block no. 4 follows, 15 sequences, length 23
# corresponding to MSA columns:
# 258-280
name=unknown_E
#
# <colnr> <probs for GDERKNQSTAVLIFYWHMCP>
#	G	D	E	R	K	N	Q	S	T	A	V	L	I	F	Y	W	H	M	C	P
0	0.06848	0.01134	0.01397	0.01408	0.01630	0.01107	0.01048	0.02080	0.02133	0.08332	0.15118	0.17881	0.05479	0.17499	0.02123	0.00517	0.00758	0.11707	0.00888	0.00912
1	0.02928	0.50495	0.04629	0.01919	0.02688	0.18074	0.01760	0.03232	0.02224	0.02369	0.01424	0.01648	0.01281	0.00896	0.00704	0.00224	0.01247	0.00560	0.00448	0.01249
2	0.03098	0.01686	0.02118	0.01788	0.02427	0.01579	0.01469	0.03990	0.13339	0.27728	0.03872	0.04829	0.03080	0.01483	0.01037	0.00318	0.00832	0.11301	0.01020	0.13005
3	0.07543	0.24200	0.16940	0.02354	0.03300	0.06999	0.09019	0.03461	0.06192	0.08234	0.02002	0.02193	0.01531	0.00962	0.00858	0.00280	0.01231	0.00758	0.00573	0.01370
4	0.02770	0.02261	0.03749	0.10522	0.39127	0.02277	0.05969	0.06399	0.02476	0.11401	0.02199	0.02627	0.01685	0.00963	0.01002	0.00304	0.01176	0.00923	0.00625	0.01543
5	0.04129	0.01631	0.02229	0.01781	0.02487	0.01427	0.01482	0.04523	0.02786	0.52662	0.04094	0.04335	0.02860	0.01416	0.01047	0.00327	0.00857	0.07127	0.01196	0.01603
6	0.01430	0.00969	0.01140	0.01157	0.01178	0.00981	0.00687	0.01476	0.01497	0.02013	0.03268	0.10485	0.03735	0.55126	0.09995	0.00985	0.01097	0.01515	0.00621	0.00646
7	0.07931	0.06461	0.16636	0.03444	0.21726	0.02168	0.02511	0.03607	0.02350	0.20059	0.02407	0.02547	0.01717	0.01006	0.00936	0.00301	0.01116	0.00841	0.00702	0.01536
8	0.03604	0.02212	0.03108	0.02383	0.03109	0.02275	0.09960	0.17487	0.07058	0.27504	0.02996	0.02933	0.02051	0.01221	0.01246	0.00325	0.06986	0.00999	0.00968	0.01575
9	0.02041	0.03611	0.37119	0.02250	0.03303	0.01821	0.02649	0.02902	0.02334	0.08654	0.13977	0.04000	0.08425	0.01341	0.01020	0.00317	0.01123	0.01104	0.00681	0.01329
10	0.02170	0.02100	0.03714	0.21160	0.31875	0.02197	0.09517	0.02774	0.02169	0.02983	0.02210	0.08456	0.01980	0.01126	0.01041	0.00322	0.01231	0.01111	0.00522	0.01344
11	0.02930	0.03284	0.25442	0.02728	0.03811	0.02086	0.13900	0.03865	0.05814	0.21989	0.02694	0.02760	0.01829	0.01045	0.01019	0.00319	0.01267	0.00944	0.00747	0.01526
12	0.10424	0.02243	0.02593	0.07777	0.03140	0.09334	0.04383	0.07867	0.02763	0.34870	0.02973	0.02844	0.01973	0.01133	0.00960	0.00305	0.01067	0.00903	0.00954	0.01495
13	0.01215	0.00868	0.01157	0.01388	0.01446	0.00810	0.00925	0.01388	0.01909	0.02545	0.05495	0.64315	0.06593	0.03123	0.01272	0.00405	0.00578	0.02834	0.00925	0.00810
14	0.09435	0.26085	0.13082	0.02136	0.03015	0.09688	0.05276	0.03522	0.04446	0.11696	0.02013	0.02139	0.01528	0.00974	0.00824	0.00272	0.01185	0.00717	0.00608	0.01359
15	0.02609	0.01405	0.01970	0.01792	0.02235	0.01320	0.03654	0.03154	0.05867	0.22877	0.09549	0.16889	0.04739	0.02052	0.01177	0.00370	0.00815	0.15257	0.01035	0.01233
16	0.01656	0.01178	0.01428	0.01401	0.01679	0.01145	0.01034	0.02349	0.10400	0.06636	0.25264	0.23242	0.14186	0.02270	0.01170	0.00346	0.00575	0.01995	0.01020	0.01026
17	0.07480	0.20845	0.21895	0.03062	0.13972	0.02730	0.06343	0.03196	0.02155	0.06976	0.01830	0.02130	0.01417	0.00920	0.00865	0.00284	0.01225	0.00745	0.00513	0.01418
18	0.02067	0.02004	0.02800	0.02431	0.02447	0.02760	0.01999	0.02284	0.01529	0.02363	0.01546	0.02604	0.01558	0.06095	0.08745	0.00577	0.53768	0.00925	0.00455	0.01043
19	0.02108	0.04120	0.40271	0.08928	0.14323	0.02327	0.03334	0.03236	0.06047	0.03191	0.01965	0.02338	0.01454	0.00970	0.00964	0.00315	0.01358	0.00806	0.00479	0.01466
20	0.02044	0.01337	0.01743	0.01588	0.01735	0.01485	0.01161	0.10277	0.01920	0.02617	0.02070	0.03379	0.02001	0.11218	0.08971	0.37149	0.07015	0.00966	0.00557	0.00767
21	0.02050	0.02531	0.17557	0.23078	0.04330	0.01939	0.02459	0.02965	0.07383	0.06960	0.05971	0.08158	0.02812	0.01413	0.01052	0.00343	0.01140	0.05954	0.00664	0.01241
22	0.01286	0.00942	0.01197	0.01374	0.01500	0.00879	0.00980	0.01505	0.01996	0.02594	0.06052	0.42920	0.14786	0.07391	0.01545	0.00442	0.00647	0.10247	0.00901	0.00817

[dist]
# distance from previous block
# <min> <max>
0	1

[block]
# block no. 5 follows, 15 sequences, length 15
# corresponding to MSA columns:
# 282-296
name=unknown_F
#
# <colnr> <probs for GDERKNQSTAVLIFYWHMCP>
#	G	D	E	R	K	N	Q	S	T	A	V	L	I	F	Y	W	H	M	C	P
0	0.02197	0.07277	0.34050	0.02417	0.03352	0.02228	0.02726	0.02895	0.01963	0.07336	0.01924	0.02406	0.01498	0.01776	0.05649	0.07532	0.10192	0.00801	0.00498	0.01281
1	0.10583	0.02231	0.02490	0.08106	0.03017	0.07787	0.05880	0.15722	0.08046	0.04159	0.13375	0.03956	0.07714	0.01381	0.01008	0.00312	0.01002	0.01143	0.00826	0.01262
2	0.04273	0.02017	0.02512	0.01926	0.02705	0.01941	0.01591	0.19650	0.03390	0.43888	0.03483	0.03101	0.02242	0.01223	0.01001	0.00306	0.00921	0.00972	0.01165	0.01696
3	0.02121	0.16152	0.49866	0.02635	0.03995	0.02612	0.03323	0.03126	0.02090	0.03009	0.01716	0.02013	0.01266	0.00930	0.00891	0.00297	0.01399	0.00700	0.00422	0.01438
4	0.11621	0.03138	0.26277	0.06516	0.06703	0.01962	0.02473	0.03299	0.02206	0.16091	0.02587	0.08385	0.02051	0.01219	0.00954	0.00322	0.01126	0.00993	0.00687	0.01390
5	0.02061	0.01867	0.02990	0.56928	0.06513	0.02297	0.02687	0.07495	0.02245	0.02897	0.01830	0.02633	0.01363	0.01015	0.00997	0.00329	0.01307	0.00887	0.00495	0.01162
6	0.04407	0.01802	0.02379	0.01824	0.02597	0.01622	0.01507	0.09727	0.03030	0.54319	0.03785	0.03297	0.02393	0.01230	0.01002	0.00308	0.00872	0.00992	0.01211	0.01696
7	0.02469	0.01960	0.09281	0.01757	0.02338	0.01597	0.01552	0.03545	0.15638	0.16670	0.16379	0.10134	0.04463	0.01589	0.01043	0.00322	0.00774	0.01355	0.05809	0.01325
8	0.02598	0.15062	0.05371	0.10483	0.14913	0.02289	0.02017	0.03268	0.06723	0.13264	0.06397	0.03529	0.07526	0.01218	0.00949	0.00295	0.00991	0.01017	0.00723	0.01367
9	0.01330	0.00988	0.01245	0.01288	0.01497	0.00904	0.00955	0.01679	0.02434	0.03281	0.30737	0.22904	0.18069	0.02474	0.01218	0.00354	0.00542	0.06214	0.01004	0.00885
10	0.01244	0.00889	0.01191	0.01422	0.01493	0.00835	0.00977	0.01439	0.01938	0.02578	0.05478	0.60312	0.06529	0.03095	0.01280	0.00409	0.00604	0.06545	0.00925	0.00818
11	0.02204	0.02007	0.03224	0.44007	0.17966	0.02337	0.02745	0.07986	0.02326	0.03080	0.01857	0.02589	0.01421	0.00993	0.00995	0.00321	0.01274	0.00888	0.00510	0.01271
12	0.02879	0.02639	0.16125	0.17631	0.04242	0.02035	0.06039	0.03808	0.08234	0.22069	0.02766	0.02893	0.01894	0.01092	0.01001	0.00321	0.01167	0.00936	0.00770	0.01458
13	0.07592	0.01695	0.02953	0.08020	0.03281	0.01659	0.18593	0.02466	0.02135	0.07209	0.03847	0.25854	0.06736	0.01835	0.01137	0.00357	0.01035	0.01752	0.00743	0.01100
14	0.01742	0.01779	0.05085	0.06474	0.02250	0.09473	0.01341	0.02085	0.02178	0.02801	0.08301	0.30587	0.10774	0.02186	0.01103	0.00341	0.00837	0.01897	0.07817	0.00947

[dist]
# distance from previous block
# <min> <max>
0	16

# created by:
# /st0/software/busco_prod/Augustus/scripts/msa2prfl.pl ./align_prep/8623.fa
