[name]
unknown

[dist]
# distance from previous block
# <min> <max>
4	44

[block]
# block no. 0 follows, 12 sequences, length 14
# corresponding to MSA columns:
# 59-72
name=unknown_A
#
# <colnr> <probs for GDERKNQSTAVLIFYWHMCP>
#	G	D	E	R	K	N	Q	S	T	A	V	L	I	F	Y	W	H	M	C	P
0	0.03839	0.02543	0.02720	0.02152	0.02966	0.06846	0.01736	0.17195	0.11129	0.21409	0.03248	0.03079	0.02275	0.01247	0.01038	0.00305	0.01056	0.00977	0.01057	0.13183
1	0.08230	0.02243	0.03021	0.17304	0.12280	0.02448	0.02287	0.09530	0.12484	0.14681	0.02965	0.03142	0.02137	0.01218	0.01062	0.00347	0.01132	0.01019	0.00874	0.01595
2	0.03696	0.01683	0.02070	0.01710	0.02342	0.01604	0.01372	0.04566	0.10774	0.32199	0.04102	0.03873	0.02827	0.01347	0.00999	0.00318	0.00793	0.01094	0.21046	0.01585
3	0.02555	0.05544	0.07531	0.02837	0.09565	0.02080	0.07514	0.06530	0.05605	0.08200	0.03318	0.16327	0.03124	0.01599	0.01109	0.00330	0.01073	0.01441	0.00804	0.12914
4	0.02829	0.03165	0.11706	0.12560	0.04419	0.06723	0.08534	0.13630	0.07167	0.04117	0.02307	0.02669	0.01732	0.01093	0.01051	0.00313	0.01352	0.00932	0.00703	0.12998
5	0.01932	0.01857	0.02121	0.10879	0.02921	0.07990	0.01663	0.02237	0.02202	0.02767	0.04812	0.27852	0.11408	0.02437	0.01658	0.00407	0.11024	0.02009	0.00786	0.01038
6	0.01939	0.01104	0.01482	0.01591	0.01787	0.01009	0.01113	0.02169	0.02265	0.11843	0.05717	0.51155	0.06438	0.03062	0.01341	0.00425	0.00683	0.02756	0.01070	0.01052
7	0.18331	0.12753	0.07564	0.02479	0.03325	0.15538	0.07536	0.09727	0.02815	0.07563	0.02003	0.02230	0.01528	0.01078	0.00929	0.00311	0.01377	0.00796	0.00685	0.01433
8	0.02582	0.12083	0.07986	0.09629	0.03827	0.06786	0.10216	0.03770	0.13447	0.03524	0.02723	0.03061	0.02109	0.01151	0.00997	0.00319	0.01234	0.00994	0.12161	0.01401
9	0.01529	0.01135	0.01424	0.01483	0.01692	0.01010	0.01005	0.01739	0.02038	0.02810	0.04907	0.42447	0.05742	0.12124	0.01945	0.00491	0.00729	0.02441	0.00894	0.12414
10	0.02619	0.02999	0.10658	0.05924	0.40726	0.02613	0.11579	0.03384	0.02478	0.03538	0.02067	0.02695	0.01675	0.00970	0.01110	0.00334	0.01424	0.01007	0.00533	0.01670
11	0.01424	0.01023	0.01351	0.01453	0.01603	0.00949	0.01020	0.01759	0.02533	0.03491	0.27529	0.37431	0.08582	0.02887	0.01345	0.00398	0.00580	0.02597	0.01096	0.00949
12	0.03125	0.09586	0.10452	0.03973	0.22215	0.02666	0.02703	0.03699	0.02452	0.15517	0.02409	0.02729	0.01828	0.01211	0.01427	0.00343	0.10409	0.00933	0.00702	0.01621
13	0.01885	0.01105	0.01450	0.01548	0.01761	0.01001	0.01089	0.02119	0.02285	0.11102	0.06186	0.47514	0.10673	0.03033	0.01336	0.00420	0.00672	0.02714	0.01065	0.01041

[dist]
# distance from previous block
# <min> <max>
6	14

[block]
# block no. 1 follows, 12 sequences, length 41
# corresponding to MSA columns:
# 88,90-129
name=unknown_B
#
# <colnr> <probs for GDERKNQSTAVLIFYWHMCP>
#	G	D	E	R	K	N	Q	S	T	A	V	L	I	F	Y	W	H	M	C	P
0	0.03218	0.03027	0.02660	0.02321	0.02923	0.15194	0.01789	0.14449	0.27058	0.04384	0.03343	0.03564	0.02642	0.06768	0.01475	0.00402	0.01202	0.01091	0.00940	0.01551
1	0.03547	0.02407	0.07687	0.07664	0.08207	0.02133	0.02133	0.09684	0.08937	0.25204	0.07937	0.03727	0.03028	0.01351	0.01106	0.00342	0.01059	0.01127	0.01044	0.01674
2	0.02913	0.02951	0.13550	0.03429	0.08825	0.02313	0.17973	0.03986	0.08547	0.14260	0.07306	0.03537	0.02760	0.01210	0.01163	0.00352	0.01335	0.01184	0.00816	0.01590
3	0.02626	0.21112	0.14776	0.03847	0.12474	0.03156	0.20312	0.03394	0.02404	0.03220	0.01931	0.02432	0.01541	0.00952	0.01034	0.00317	0.01511	0.00940	0.00508	0.01515
4	0.02240	0.05271	0.49254	0.03311	0.04853	0.02563	0.10436	0.03458	0.02339	0.03458	0.01991	0.02389	0.01419	0.01020	0.01070	0.00348	0.01642	0.00871	0.00473	0.01592
5	0.01328	0.00949	0.01265	0.01518	0.01581	0.00886	0.01012	0.01518	0.02088	0.02783	0.06010	0.60969	0.07212	0.03416	0.01392	0.00443	0.00633	0.03100	0.01012	0.00886
6	0.01928	0.01502	0.01996	0.12183	0.03013	0.01617	0.01614	0.07763	0.06130	0.03517	0.07952	0.32130	0.05409	0.02505	0.01286	0.00409	0.00886	0.06083	0.00944	0.01133
7	0.01373	0.00973	0.01270	0.01471	0.01541	0.00915	0.00974	0.01564	0.02101	0.02819	0.09099	0.51195	0.07060	0.09910	0.01854	0.00505	0.00672	0.02850	0.00986	0.00870
8	0.19185	0.02028	0.02455	0.07143	0.03120	0.02029	0.01681	0.08726	0.02927	0.34880	0.03301	0.03099	0.02164	0.01245	0.01000	0.00339	0.00982	0.00960	0.01094	0.01643
9	0.02059	0.01938	0.03270	0.59060	0.07510	0.02422	0.03028	0.02786	0.02180	0.02786	0.01938	0.02907	0.01453	0.01090	0.01090	0.00363	0.01453	0.00969	0.00484	0.01211
10	0.10345	0.25140	0.24901	0.02671	0.03861	0.03190	0.09330	0.03362	0.02256	0.03309	0.01782	0.02130	0.01402	0.00980	0.00908	0.00307	0.01393	0.00767	0.00500	0.01466
11	0.02410	0.01272	0.01656	0.01486	0.01871	0.01156	0.01140	0.02870	0.02912	0.16912	0.31669	0.11502	0.07272	0.02013	0.01190	0.00341	0.00627	0.01752	0.08731	0.01219
12	0.02030	0.01164	0.01607	0.01649	0.01884	0.01126	0.01200	0.02307	0.02199	0.12343	0.04989	0.37532	0.05360	0.04133	0.14190	0.00724	0.01212	0.02292	0.00975	0.01082
13	0.02187	0.05640	0.56031	0.03108	0.04719	0.02532	0.04029	0.03453	0.02302	0.03453	0.01957	0.02302	0.01381	0.01036	0.01036	0.00345	0.01611	0.00806	0.00460	0.01611
14	0.02136	0.02103	0.03691	0.08067	0.03820	0.02377	0.16693	0.02654	0.02130	0.02973	0.02872	0.11696	0.02856	0.02404	0.06958	0.00545	0.18490	0.05705	0.00632	0.01199
15	0.20361	0.02028	0.02376	0.01871	0.02676	0.01971	0.01545	0.09082	0.03003	0.38869	0.03474	0.03142	0.02255	0.01264	0.00994	0.00336	0.00933	0.00964	0.01163	0.01693
16	0.02320	0.01370	0.01761	0.01559	0.01966	0.01289	0.01204	0.03036	0.07372	0.14735	0.39929	0.06900	0.08159	0.01987	0.01233	0.00344	0.00628	0.01732	0.01223	0.01256
17	0.01657	0.01207	0.01529	0.01614	0.01823	0.01191	0.01205	0.05232	0.02469	0.03287	0.11264	0.29821	0.10884	0.07419	0.05368	0.00557	0.00900	0.10603	0.00984	0.00984
18	0.01392	0.01021	0.01278	0.01412	0.01534	0.00976	0.00957	0.01587	0.02034	0.02667	0.06127	0.35972	0.14732	0.14021	0.08418	0.00684	0.00950	0.02472	0.00902	0.00863
19	0.11695	0.02544	0.02738	0.02145	0.02932	0.02741	0.01764	0.33071	0.04130	0.14904	0.02871	0.02845	0.02011	0.01278	0.01013	0.00323	0.01046	0.00959	0.07292	0.01698
20	0.02597	0.01446	0.01810	0.01597	0.02054	0.01366	0.01238	0.03349	0.08767	0.18284	0.26049	0.09505	0.09905	0.01954	0.01191	0.00347	0.00678	0.01682	0.04857	0.01321
21	0.03040	0.02200	0.03208	0.15053	0.17349	0.02360	0.02412	0.11707	0.02905	0.13311	0.02962	0.09696	0.02493	0.01464	0.01271	0.00358	0.04610	0.01243	0.00824	0.01537
22	0.02434	0.02375	0.04010	0.15347	0.10544	0.02524	0.17456	0.03868	0.17289	0.03618	0.03056	0.07300	0.02503	0.01301	0.01177	0.00368	0.01324	0.01295	0.00733	0.01480
23	0.11926	0.13489	0.04575	0.08870	0.14544	0.03006	0.15433	0.08892	0.02654	0.03858	0.01978	0.02474	0.01563	0.01006	0.01013	0.00325	0.01360	0.00935	0.00607	0.01491
24	0.02915	0.62337	0.05714	0.01866	0.02799	0.04314	0.01866	0.03265	0.02215	0.02565	0.01516	0.01749	0.01399	0.00933	0.00700	0.00233	0.01166	0.00583	0.00466	0.01399
25	0.02167	0.09672	0.40630	0.02794	0.04023	0.02565	0.03345	0.03137	0.02213	0.03225	0.02345	0.09111	0.02068	0.01383	0.01275	0.00359	0.06624	0.01068	0.00527	0.01471
26	0.03548	0.07389	0.07474	0.01941	0.02698	0.01790	0.01757	0.04066	0.02901	0.31632	0.13334	0.05036	0.04215	0.01603	0.01129	0.00345	0.00942	0.05512	0.01129	0.01558
27	0.04049	0.02154	0.02602	0.02062	0.02819	0.02150	0.01679	0.17622	0.09289	0.30471	0.09691	0.03968	0.03424	0.01456	0.01119	0.00339	0.00947	0.01182	0.01234	0.01744
28	0.01905	0.01176	0.01457	0.01456	0.01608	0.01146	0.01023	0.02100	0.02061	0.07172	0.08564	0.08102	0.04942	0.37910	0.03871	0.00806	0.00986	0.11997	0.00846	0.00874
29	0.02232	0.05325	0.50241	0.03281	0.04833	0.02559	0.09503	0.03458	0.02334	0.03458	0.01986	0.02377	0.01413	0.01022	0.01065	0.00348	0.01638	0.00862	0.00471	0.01595
30	0.02059	0.01938	0.03270	0.59060	0.07510	0.02422	0.03028	0.02786	0.02180	0.02786	0.01938	0.02907	0.01453	0.01090	0.01090	0.00363	0.01453	0.00969	0.00484	0.01211
31	0.03625	0.03422	0.02894	0.02470	0.02991	0.23742	0.01953	0.14731	0.03213	0.08498	0.02298	0.02585	0.01785	0.01346	0.01465	0.00329	0.12036	0.00883	0.08321	0.01412
32	0.02259	0.01201	0.01522	0.01414	0.01617	0.01182	0.00970	0.02379	0.01931	0.12059	0.03354	0.05405	0.03220	0.31283	0.11219	0.08797	0.01226	0.01315	0.06720	0.00931
33	0.03857	0.02454	0.02628	0.02176	0.02888	0.06993	0.01734	0.14686	0.16246	0.24087	0.03880	0.07432	0.02889	0.01500	0.01110	0.00346	0.01037	0.01214	0.01143	0.01703
34	0.02574	0.02941	0.06434	0.04596	0.05699	0.02757	0.50919	0.03493	0.02574	0.03493	0.02206	0.02941	0.01654	0.00919	0.01287	0.00368	0.01838	0.01287	0.00551	0.01471
35	0.02001	0.01133	0.01517	0.01578	0.01806	0.01032	0.01121	0.02270	0.02388	0.12581	0.11151	0.44586	0.06738	0.02906	0.01326	0.00412	0.00673	0.02608	0.01095	0.01078
36	0.02680	0.02225	0.03708	0.28627	0.28455	0.02403	0.03006	0.03335	0.02427	0.09308	0.02265	0.02906	0.01723	0.01067	0.01086	0.00342	0.01320	0.00985	0.00611	0.01521
37	0.03237	0.02015	0.02381	0.01926	0.02655	0.01962	0.01539	0.08755	0.16709	0.19606	0.10535	0.04019	0.03609	0.01391	0.01067	0.00310	0.00855	0.01151	0.01097	0.15180
38	0.02168	0.01281	0.01830	0.01723	0.02014	0.01372	0.01327	0.02519	0.01983	0.12148	0.03230	0.04501	0.02861	0.12975	0.41272	0.01416	0.02348	0.01202	0.00732	0.01099
39	0.01558	0.01168	0.01752	0.01752	0.01947	0.01363	0.01363	0.01947	0.01752	0.02531	0.02921	0.04283	0.02726	0.08178	0.57360	0.01752	0.02921	0.01168	0.00584	0.00974
40	0.08027	0.08572	0.12499	0.02181	0.03060	0.08573	0.02057	0.08067	0.06378	0.17682	0.03774	0.03660	0.08095	0.01375	0.01029	0.00328	0.01162	0.01056	0.00890	0.01536

[dist]
# distance from previous block
# <min> <max>
4	9

[block]
# block no. 2 follows, 12 sequences, length 38
# corresponding to MSA columns:
# 141-143,145-179
name=unknown_C
#
# <colnr> <probs for GDERKNQSTAVLIFYWHMCP>
#	G	D	E	R	K	N	Q	S	T	A	V	L	I	F	Y	W	H	M	C	P
0	0.01994	0.01985	0.08285	0.07281	0.02913	0.01639	0.01820	0.08350	0.02581	0.03513	0.04346	0.29277	0.04704	0.02374	0.01251	0.00394	0.00964	0.08589	0.00876	0.06864
1	0.01376	0.01026	0.01289	0.01458	0.01623	0.00939	0.01041	0.01640	0.02296	0.02988	0.10883	0.40746	0.18205	0.03136	0.01371	0.00423	0.00640	0.06978	0.01026	0.00916
2	0.02347	0.02659	0.11338	0.02411	0.07850	0.01896	0.01989	0.03303	0.08680	0.03665	0.02267	0.02537	0.01803	0.00945	0.00909	0.00233	0.00992	0.00777	0.00664	0.42736
3	0.02628	0.01972	0.02713	0.16838	0.07564	0.01805	0.01930	0.03178	0.02383	0.11049	0.02295	0.02673	0.01741	0.00972	0.00942	0.00251	0.01026	0.00819	0.00701	0.36519
4	0.04145	0.03054	0.03272	0.02509	0.03381	0.03381	0.02072	0.51243	0.05127	0.06872	0.02618	0.02618	0.01854	0.01309	0.01091	0.00327	0.01200	0.00982	0.01091	0.01854
5	0.02906	0.15174	0.08973	0.02933	0.09495	0.02521	0.09946	0.03515	0.02467	0.11513	0.02279	0.02546	0.01738	0.00977	0.00961	0.00274	0.01200	0.00860	0.00674	0.19049
6	0.03076	0.03474	0.04110	0.19308	0.05215	0.22304	0.16318	0.06958	0.02827	0.03233	0.01972	0.02558	0.01521	0.01069	0.01108	0.00332	0.01730	0.00965	0.00574	0.01350
7	0.02297	0.04872	0.41916	0.03531	0.04998	0.02596	0.17374	0.03464	0.02379	0.03464	0.02028	0.02484	0.01459	0.01003	0.01107	0.00352	0.01676	0.00943	0.00486	0.01571
8	0.03776	0.02465	0.02513	0.02021	0.02753	0.11145	0.01612	0.09672	0.03217	0.25548	0.10692	0.03724	0.03339	0.01355	0.01061	0.00301	0.01057	0.01078	0.01058	0.11613
9	0.02020	0.01404	0.01632	0.01599	0.01906	0.01399	0.01153	0.05926	0.09467	0.07357	0.06040	0.28240	0.14397	0.10068	0.01814	0.00480	0.00766	0.02195	0.01013	0.01124
10	0.01461	0.01054	0.01255	0.01394	0.01609	0.00967	0.01031	0.01763	0.02306	0.03059	0.07369	0.30243	0.22331	0.02886	0.01300	0.00404	0.00646	0.09154	0.08837	0.00930
11	0.02194	0.01884	0.02563	0.02173	0.02694	0.01972	0.08655	0.03705	0.23846	0.03818	0.12828	0.05434	0.11704	0.01980	0.01561	0.08330	0.00914	0.01487	0.00953	0.01308
12	0.52259	0.02041	0.01849	0.01568	0.02288	0.02222	0.01293	0.03765	0.02192	0.18365	0.02257	0.02286	0.01584	0.01102	0.00787	0.00337	0.00866	0.00725	0.00854	0.01360
13	0.01328	0.00949	0.01265	0.01518	0.01581	0.00886	0.01012	0.01518	0.02088	0.02783	0.06010	0.60969	0.07212	0.03416	0.01392	0.00443	0.00633	0.03100	0.01012	0.00886
14	0.03985	0.09546	0.03290	0.02737	0.03327	0.53270	0.02088	0.04271	0.03023	0.02661	0.01672	0.01950	0.01404	0.01109	0.00962	0.00277	0.01905	0.00693	0.00555	0.01274
15	0.01328	0.00949	0.01265	0.01518	0.01581	0.00886	0.01012	0.01518	0.02088	0.02783	0.06010	0.60969	0.07212	0.03416	0.01392	0.00443	0.00633	0.03100	0.01012	0.00886
16	0.01458	0.01079	0.01377	0.01584	0.01699	0.01056	0.01079	0.01917	0.06833	0.02949	0.05863	0.55656	0.06849	0.03235	0.01365	0.00436	0.00654	0.02925	0.01021	0.00964
17	0.02059	0.01938	0.03270	0.59060	0.07510	0.02422	0.03028	0.02786	0.02180	0.02786	0.01938	0.02907	0.01453	0.01090	0.01090	0.00363	0.01453	0.00969	0.00484	0.01211
18	0.01328	0.00949	0.01265	0.01518	0.01581	0.00886	0.01012	0.01518	0.02088	0.02783	0.06010	0.60969	0.07212	0.03416	0.01392	0.00443	0.00633	0.03100	0.01012	0.00886
19	0.01328	0.00949	0.01265	0.01518	0.01581	0.00886	0.01012	0.01518	0.02088	0.02783	0.06010	0.60969	0.07212	0.03416	0.01392	0.00443	0.00633	0.03100	0.01012	0.00886
20	0.01897	0.01376	0.01722	0.01590	0.01924	0.01352	0.01246	0.08289	0.03276	0.04558	0.42089	0.07934	0.08753	0.02205	0.01287	0.00360	0.00658	0.07192	0.01163	0.01130
21	0.02574	0.02941	0.06434	0.04596	0.05699	0.02757	0.50919	0.03493	0.02574	0.03493	0.02206	0.02941	0.01654	0.00919	0.01287	0.00368	0.01838	0.01287	0.00551	0.01471
22	0.04176	0.04775	0.03019	0.02699	0.03297	0.50274	0.02043	0.04475	0.03094	0.09353	0.02016	0.02187	0.01568	0.01152	0.00997	0.00288	0.01835	0.00752	0.00661	0.01339
23	0.02417	0.01928	0.03177	0.51851	0.06913	0.02319	0.02848	0.03105	0.02299	0.09456	0.02236	0.03008	0.01611	0.01123	0.01091	0.00360	0.01387	0.00985	0.00594	0.01293
24	0.01321	0.01106	0.01149	0.01138	0.01492	0.00934	0.00854	0.01627	0.02561	0.03126	0.16505	0.10197	0.48865	0.02694	0.01288	0.00365	0.00548	0.02260	0.01036	0.00934
25	0.12456	0.01885	0.02422	0.01881	0.02704	0.01701	0.01553	0.05066	0.02972	0.49683	0.03975	0.03484	0.02521	0.01310	0.01047	0.00337	0.00918	0.01037	0.01270	0.01776
26	0.02417	0.05337	0.49843	0.03037	0.04562	0.02632	0.03799	0.09058	0.02633	0.03854	0.02034	0.02339	0.01437	0.01068	0.01042	0.00343	0.01563	0.00826	0.00534	0.01640
27	0.01586	0.01057	0.01189	0.01189	0.01189	0.01057	0.00661	0.01586	0.01586	0.02114	0.03436	0.07135	0.03964	0.61681	0.05550	0.01057	0.01057	0.01586	0.00661	0.00661
28	0.02385	0.02385	0.03340	0.02863	0.02863	0.03340	0.02385	0.02624	0.01670	0.02624	0.01431	0.02385	0.01431	0.01908	0.03578	0.00477	0.59685	0.00954	0.00477	0.01193
29	0.03428	0.02182	0.02487	0.02127	0.02818	0.02348	0.01685	0.05636	0.36562	0.21330	0.04393	0.03951	0.03122	0.01437	0.01105	0.00359	0.00884	0.01188	0.01188	0.01768
30	0.02187	0.05640	0.56031	0.03108	0.04719	0.02532	0.04029	0.03453	0.02302	0.03453	0.01957	0.02302	0.01381	0.01036	0.01036	0.00345	0.01611	0.00806	0.00460	0.01611
31	0.01328	0.00949	0.01265	0.01518	0.01581	0.00886	0.01012	0.01518	0.02088	0.02783	0.06010	0.60969	0.07212	0.03416	0.01392	0.00443	0.00633	0.03100	0.01012	0.00886
32	0.02187	0.05640	0.56031	0.03108	0.04719	0.02532	0.04029	0.03453	0.02302	0.03453	0.01957	0.02302	0.01381	0.01036	0.01036	0.00345	0.01611	0.00806	0.00460	0.01611
33	0.01473	0.01103	0.01381	0.01524	0.01686	0.01063	0.01060	0.01960	0.06570	0.03169	0.13006	0.44758	0.11076	0.03034	0.01345	0.00417	0.00629	0.02721	0.01047	0.00980
34	0.01733	0.01423	0.01570	0.01540	0.01901	0.01433	0.01146	0.02816	0.16701	0.03567	0.14191	0.18568	0.24326	0.02458	0.01259	0.00380	0.00651	0.02116	0.01066	0.01156
35	0.03063	0.07679	0.02943	0.02017	0.02920	0.06765	0.01655	0.18419	0.03239	0.04459	0.02099	0.02308	0.01656	0.01004	0.00903	0.00230	0.01056	0.00752	0.00766	0.36066
36	0.03165	0.15026	0.03446	0.02099	0.02961	0.06003	0.05087	0.09097	0.02870	0.12745	0.06025	0.02889	0.02385	0.01115	0.00947	0.00262	0.01077	0.00892	0.00809	0.21101
37	0.02520	0.13244	0.29555	0.03023	0.04261	0.02677	0.13461	0.03453	0.02465	0.06991	0.06157	0.02904	0.02224	0.01109	0.01062	0.00332	0.01459	0.00986	0.00600	0.01520

[dist]
# distance from previous block
# <min> <max>
0	9

[block]
# block no. 3 follows, 12 sequences, length 20
# corresponding to MSA columns:
# 189-208
name=unknown_D
#
# <colnr> <probs for GDERKNQSTAVLIFYWHMCP>
#	G	D	E	R	K	N	Q	S	T	A	V	L	I	F	Y	W	H	M	C	P
0	0.02337	0.01583	0.01857	0.01536	0.02100	0.01429	0.01206	0.07954	0.02954	0.09067	0.20319	0.05579	0.11490	0.01672	0.01076	0.00291	0.00703	0.01404	0.08246	0.17197
1	0.01430	0.01085	0.01329	0.01406	0.01647	0.00984	0.01053	0.01778	0.02547	0.03335	0.20886	0.23668	0.23358	0.02824	0.01344	0.00399	0.00622	0.08291	0.01063	0.00952
2	0.02368	0.11062	0.37473	0.03367	0.04770	0.02785	0.16192	0.03443	0.02364	0.03367	0.01975	0.02411	0.01455	0.00994	0.01066	0.00339	0.01623	0.00909	0.00485	0.01551
3	0.01356	0.00970	0.01290	0.01499	0.01588	0.00904	0.01014	0.01588	0.02217	0.02989	0.12271	0.54121	0.07610	0.03262	0.01378	0.00430	0.00617	0.02953	0.01037	0.00904
4	0.02256	0.10984	0.51289	0.02991	0.04538	0.02700	0.03825	0.03435	0.02294	0.03369	0.01915	0.02250	0.01383	0.01026	0.01004	0.00335	0.01569	0.00785	0.00461	0.01591
5	0.03001	0.02729	0.05321	0.08574	0.05221	0.02647	0.35240	0.08837	0.02888	0.10559	0.02500	0.03003	0.01795	0.01031	0.01224	0.00359	0.01619	0.01203	0.00708	0.01540
6	0.02126	0.01423	0.02013	0.14893	0.03010	0.01571	0.01506	0.07156	0.02025	0.02675	0.02231	0.03759	0.02120	0.12209	0.03389	0.34327	0.01110	0.01059	0.00573	0.00824
7	0.01328	0.00949	0.01265	0.01518	0.01581	0.00886	0.01012	0.01518	0.02088	0.02783	0.06010	0.60969	0.07212	0.03416	0.01392	0.00443	0.00633	0.03100	0.01012	0.00886
8	0.01757	0.01255	0.01757	0.02008	0.02259	0.01255	0.01757	0.02259	0.02510	0.03263	0.05773	0.12299	0.06275	0.03012	0.01506	0.00502	0.01004	0.47540	0.01004	0.01004
9	0.02267	0.11908	0.50469	0.02970	0.04507	0.02729	0.03789	0.03432	0.02292	0.03355	0.01908	0.02241	0.01383	0.01025	0.00999	0.00333	0.01562	0.00781	0.00461	0.01588
10	0.69383	0.02109	0.01603	0.01434	0.02109	0.02446	0.01181	0.03205	0.01856	0.04892	0.01518	0.01771	0.01181	0.01012	0.00675	0.00337	0.00843	0.00590	0.00675	0.01181
11	0.04801	0.02002	0.02621	0.02009	0.02856	0.01819	0.01660	0.10907	0.03365	0.49696	0.04097	0.03578	0.02596	0.01345	0.01096	0.00336	0.00961	0.01083	0.01318	0.01855
12	0.01558	0.01168	0.01752	0.01752	0.01947	0.01363	0.01363	0.01947	0.01752	0.02531	0.02921	0.04283	0.02726	0.08178	0.57360	0.01752	0.02921	0.01168	0.00584	0.00974
13	0.03932	0.12155	0.03409	0.02694	0.03301	0.50850	0.02077	0.04221	0.02983	0.02656	0.01665	0.01940	0.01404	0.01100	0.00949	0.00275	0.01869	0.00688	0.00550	0.01281
14	0.02616	0.02506	0.04276	0.13482	0.48738	0.02569	0.03305	0.03274	0.02444	0.03462	0.02036	0.02726	0.01692	0.00987	0.01081	0.00329	0.01316	0.00971	0.00533	0.01660
15	0.01416	0.01110	0.01280	0.01238	0.01551	0.00974	0.00928	0.01810	0.02785	0.03657	0.32611	0.09323	0.32428	0.02496	0.01287	0.00356	0.00533	0.02137	0.01106	0.00974
16	0.01953	0.01125	0.01482	0.01534	0.01738	0.01035	0.01071	0.02196	0.02310	0.11392	0.10795	0.40089	0.06474	0.09258	0.01782	0.00481	0.00713	0.02489	0.01049	0.01033
17	0.03264	0.12628	0.16786	0.03243	0.10096	0.02574	0.10905	0.03990	0.02609	0.19396	0.02663	0.02806	0.01879	0.01088	0.01050	0.00326	0.01331	0.00963	0.00760	0.01643
18	0.04023	0.02692	0.09024	0.06886	0.03767	0.06561	0.08029	0.04610	0.02888	0.35001	0.03386	0.03254	0.02222	0.01223	0.01103	0.00339	0.01242	0.01045	0.01021	0.01682
19	0.03226	0.02619	0.03804	0.16565	0.04772	0.02847	0.12356	0.22506	0.08265	0.07979	0.02644	0.02959	0.01907	0.01194	0.01133	0.00349	0.01345	0.01073	0.00850	0.01607

[dist]
# distance from previous block
# <min> <max>
2	4

[block]
# block no. 4 follows, 12 sequences, length 46
# corresponding to MSA columns:
# 213-258
name=unknown_E
#
# <colnr> <probs for GDERKNQSTAVLIFYWHMCP>
#	G	D	E	R	K	N	Q	S	T	A	V	L	I	F	Y	W	H	M	C	P
0	0.02487	0.01507	0.01806	0.01642	0.02078	0.01435	0.01251	0.09989	0.02946	0.14213	0.10587	0.23637	0.17191	0.02414	0.01252	0.00377	0.00749	0.02079	0.01109	0.01251
1	0.02991	0.01954	0.02351	0.01756	0.02660	0.01610	0.01414	0.03702	0.07216	0.17262	0.02789	0.02809	0.02058	0.01012	0.00911	0.00227	0.00844	0.00819	0.00873	0.44742
2	0.03544	0.25629	0.04113	0.02259	0.03110	0.07414	0.01965	0.25682	0.08199	0.04738	0.02300	0.02374	0.01784	0.01169	0.00937	0.00292	0.01210	0.00834	0.00819	0.01629
3	0.02264	0.12496	0.21316	0.02163	0.03278	0.02225	0.02306	0.02975	0.02255	0.03305	0.02197	0.06773	0.01937	0.01109	0.00915	0.00258	0.01127	0.00883	0.00583	0.29636
4	0.02695	0.07780	0.07384	0.02101	0.02740	0.02415	0.01840	0.20877	0.03318	0.04514	0.09267	0.08685	0.03492	0.03131	0.14054	0.00660	0.01494	0.01282	0.00869	0.01401
5	0.01871	0.01494	0.01997	0.01873	0.02006	0.01806	0.01416	0.02327	0.06450	0.02596	0.02799	0.04478	0.02747	0.18754	0.24590	0.05799	0.14181	0.01214	0.00621	0.00981
6	0.22572	0.02693	0.10732	0.03074	0.14310	0.02324	0.02280	0.03805	0.02390	0.17990	0.02449	0.02623	0.01760	0.01160	0.01133	0.00345	0.05161	0.00869	0.00782	0.01549
7	0.02118	0.01996	0.02328	0.02113	0.02411	0.06805	0.01698	0.02452	0.02114	0.02879	0.03594	0.09729	0.07711	0.02962	0.10339	0.00593	0.19142	0.07036	0.00689	0.11291
8	0.01531	0.01034	0.01205	0.01259	0.01272	0.01021	0.00735	0.01571	0.01692	0.02256	0.03981	0.18551	0.04653	0.49326	0.04668	0.00927	0.00967	0.01907	0.00735	0.00708
9	0.02044	0.01211	0.01657	0.01781	0.02039	0.01144	0.01404	0.02395	0.02416	0.11006	0.05654	0.32519	0.06146	0.02938	0.01393	0.00451	0.00828	0.20832	0.01060	0.01081
10	0.03365	0.11416	0.08200	0.03162	0.08231	0.11169	0.11057	0.11150	0.07573	0.10343	0.02524	0.02708	0.01878	0.01128	0.01053	0.00321	0.01403	0.00962	0.00764	0.01591
11	0.02429	0.07466	0.04038	0.17076	0.08695	0.02493	0.15082	0.07194	0.02648	0.03486	0.02960	0.05026	0.02715	0.01503	0.01206	0.00380	0.01386	0.12191	0.00683	0.01343
12	0.01412	0.01010	0.01357	0.01580	0.01689	0.00954	0.01127	0.01678	0.02239	0.02995	0.10196	0.48958	0.07338	0.03251	0.01400	0.00443	0.00679	0.09752	0.01027	0.00916
13	0.03460	0.02431	0.02569	0.02211	0.02846	0.07244	0.01783	0.17821	0.12557	0.15554	0.03957	0.09051	0.03339	0.01751	0.01171	0.00368	0.01077	0.08152	0.01082	0.01575
14	0.03730	0.12854	0.03553	0.02869	0.10877	0.06755	0.02065	0.14520	0.09502	0.18004	0.02951	0.02906	0.02133	0.01212	0.01018	0.00315	0.01150	0.00954	0.00933	0.01699
15	0.02712	0.02342	0.02465	0.02219	0.02835	0.02712	0.01726	0.05794	0.52909	0.04561	0.04438	0.04068	0.03328	0.01479	0.01109	0.00370	0.00863	0.01233	0.01109	0.01726
16	0.02052	0.01227	0.01620	0.01458	0.01804	0.01116	0.01116	0.02552	0.03092	0.12159	0.46708	0.07471	0.09135	0.02095	0.01257	0.00342	0.00577	0.01839	0.01223	0.01154
17	0.02115	0.01995	0.03372	0.54452	0.11678	0.02437	0.03056	0.02835	0.02207	0.02854	0.01948	0.02889	0.01478	0.01080	0.01089	0.00360	0.01440	0.00969	0.00489	0.01257
18	0.02798	0.53217	0.13807	0.02065	0.03107	0.04028	0.02214	0.03295	0.02229	0.02708	0.01587	0.01838	0.01396	0.00949	0.00754	0.00251	0.01238	0.00619	0.00465	0.01433
19	0.02187	0.05640	0.56031	0.03108	0.04719	0.02532	0.04029	0.03453	0.02302	0.03453	0.01957	0.02302	0.01381	0.01036	0.01036	0.00345	0.01611	0.00806	0.00460	0.01611
20	0.01796	0.01200	0.01363	0.01270	0.01672	0.01030	0.00971	0.02145	0.02703	0.09840	0.20163	0.09108	0.37826	0.02463	0.01264	0.00359	0.00590	0.02075	0.01098	0.01062
21	0.04383	0.01743	0.02367	0.01854	0.02608	0.01515	0.01515	0.04819	0.03116	0.47848	0.11897	0.04385	0.03852	0.01483	0.01125	0.00338	0.00865	0.01229	0.01327	0.01730
22	0.04241	0.07676	0.03233	0.02350	0.03172	0.11161	0.01934	0.27898	0.04045	0.19150	0.02848	0.02748	0.01980	0.01262	0.01045	0.00316	0.01240	0.00939	0.01032	0.01730
23	0.02033	0.01016	0.01016	0.01016	0.01270	0.01016	0.00762	0.02541	0.02287	0.04065	0.03557	0.04065	0.02795	0.01270	0.00762	0.00254	0.00508	0.01016	0.67734	0.01016
24	0.02995	0.01877	0.02127	0.01794	0.02363	0.01914	0.01454	0.19268	0.03497	0.12515	0.09269	0.05591	0.11289	0.01762	0.01116	0.00339	0.00857	0.05392	0.13171	0.01412
25	0.02217	0.05431	0.52195	0.03223	0.04795	0.02550	0.07656	0.03456	0.02323	0.03456	0.01976	0.02351	0.01402	0.01027	0.01055	0.00347	0.01629	0.00843	0.00467	0.01601
26	0.02660	0.02400	0.03793	0.26938	0.28301	0.02642	0.03029	0.10284	0.02757	0.03748	0.02091	0.02770	0.01637	0.01069	0.01085	0.00340	0.01344	0.00972	0.00600	0.01541
27	0.10537	0.02172	0.02628	0.02034	0.02869	0.02115	0.01680	0.16390	0.03498	0.39087	0.03637	0.03268	0.02355	0.01309	0.01057	0.00335	0.00987	0.01023	0.01225	0.01794
28	0.02064	0.01273	0.01871	0.01781	0.02074	0.01399	0.01399	0.02458	0.01960	0.10598	0.03130	0.04197	0.02722	0.07140	0.48813	0.01537	0.02618	0.01157	0.00700	0.01108
29	0.08542	0.03388	0.13996	0.02389	0.03326	0.10331	0.02242	0.11648	0.07656	0.21183	0.02980	0.02885	0.02050	0.01231	0.01037	0.00332	0.01253	0.00936	0.00937	0.01657
30	0.02873	0.02962	0.11253	0.19450	0.09203	0.02792	0.02703	0.18087	0.11535	0.04485	0.02571	0.02902	0.01899	0.01202	0.01084	0.00347	0.01289	0.00992	0.00773	0.01597
31	0.01322	0.00973	0.01241	0.01455	0.01565	0.00891	0.00984	0.01525	0.02148	0.02808	0.06775	0.53302	0.14385	0.03317	0.01376	0.00431	0.00620	0.02978	0.01012	0.00891
32	0.09210	0.02763	0.02937	0.11181	0.06843	0.07944	0.02115	0.18946	0.18054	0.04803	0.02828	0.02955	0.02115	0.01261	0.01048	0.00342	0.01185	0.00991	0.00884	0.01595
33	0.06916	0.01436	0.01772	0.06024	0.02353	0.01448	0.01319	0.06840	0.02709	0.08335	0.16066	0.25577	0.10245	0.02363	0.01230	0.00380	0.00757	0.02060	0.01026	0.01143
34	0.03789	0.06875	0.03442	0.03525	0.19995	0.02267	0.02215	0.07923	0.02942	0.27216	0.03061	0.03047	0.02143	0.01155	0.01041	0.00313	0.01081	0.00978	0.00949	0.06045
35	0.03144	0.38948	0.13365	0.02221	0.03202	0.11830	0.02237	0.03642	0.02442	0.07398	0.01860	0.02046	0.01511	0.01016	0.00833	0.00268	0.01340	0.00683	0.00558	0.01454
36	0.04351	0.01718	0.02338	0.01876	0.02601	0.01494	0.01513	0.04737	0.02964	0.47606	0.04561	0.12409	0.03385	0.01663	0.01141	0.00353	0.00883	0.01401	0.01298	0.01708
37	0.03324	0.02079	0.03327	0.02893	0.07271	0.02049	0.11338	0.04034	0.06549	0.24160	0.03745	0.09362	0.03038	0.01608	0.01407	0.00379	0.06243	0.04660	0.00980	0.01551
38	0.02794	0.02281	0.03797	0.22781	0.32611	0.02402	0.03006	0.03436	0.02473	0.10438	0.02323	0.02904	0.01773	0.01061	0.01085	0.00338	0.01296	0.00988	0.00633	0.01580
39	0.01433	0.01023	0.01385	0.01637	0.01746	0.00975	0.01193	0.01698	0.02190	0.02900	0.05952	0.49148	0.06984	0.03318	0.01419	0.00457	0.00723	0.13893	0.01010	0.00914
40	0.01415	0.01004	0.01330	0.01559	0.01643	0.00955	0.01088	0.01632	0.02102	0.02791	0.05735	0.48864	0.06772	0.08799	0.01797	0.00509	0.00726	0.09421	0.00978	0.00882
41	0.17756	0.06930	0.01978	0.06908	0.02447	0.01765	0.01392	0.02304	0.02171	0.03355	0.04889	0.21808	0.11762	0.02249	0.01131	0.00388	0.00846	0.08035	0.00832	0.01054
42	0.01472	0.01042	0.01285	0.01396	0.01497	0.00994	0.00939	0.01660	0.02073	0.02748	0.09891	0.28544	0.10420	0.23730	0.02847	0.00649	0.00797	0.06280	0.00905	0.00833
43	0.17946	0.24937	0.13369	0.02425	0.07095	0.03170	0.02215	0.07151	0.02462	0.07489	0.01924	0.02137	0.01501	0.01031	0.00843	0.00299	0.01170	0.00723	0.00630	0.01482
44	0.03935	0.03136	0.03191	0.02552	0.03247	0.10566	0.02082	0.33314	0.04143	0.10061	0.02463	0.02593	0.01805	0.01378	0.01454	0.00345	0.10164	0.00950	0.00949	0.01673
45	0.14818	0.20929	0.20088	0.02373	0.03467	0.02918	0.05774	0.03634	0.02338	0.11253	0.02117	0.02300	0.01567	0.01040	0.00899	0.00311	0.01257	0.00779	0.00640	0.01499

[dist]
# distance from previous block
# <min> <max>
0	2

[block]
# block no. 5 follows, 12 sequences, length 8
# corresponding to MSA columns:
# 261-268
name=unknown_F
#
# <colnr> <probs for GDERKNQSTAVLIFYWHMCP>
#	G	D	E	R	K	N	Q	S	T	A	V	L	I	F	Y	W	H	M	C	P
0	0.09447	0.04397	0.36556	0.02957	0.04298	0.02418	0.09285	0.03701	0.02409	0.11127	0.02282	0.02532	0.01585	0.01064	0.01040	0.00346	0.01463	0.00886	0.00622	0.01585
1	0.02230	0.01264	0.01675	0.01632	0.01936	0.01184	0.01262	0.02600	0.02581	0.13535	0.18097	0.14803	0.06395	0.11966	0.02003	0.00509	0.00820	0.13330	0.01070	0.01107
2	0.02705	0.09830	0.21741	0.06256	0.11201	0.10666	0.02851	0.03454	0.02550	0.06546	0.05858	0.03481	0.02476	0.01273	0.01057	0.00333	0.01405	0.04218	0.00634	0.01465
3	0.08949	0.03101	0.19294	0.02914	0.10918	0.02061	0.02531	0.03990	0.02661	0.23053	0.07219	0.03331	0.02656	0.01241	0.01055	0.00338	0.01153	0.01018	0.00883	0.01633
4	0.01512	0.01094	0.01519	0.01577	0.01699	0.01188	0.01130	0.01771	0.01792	0.02498	0.03735	0.17786	0.04015	0.18741	0.33364	0.01303	0.01995	0.01698	0.00698	0.00885
5	0.14549	0.01893	0.02391	0.01864	0.02682	0.01729	0.01539	0.04998	0.02931	0.48036	0.03885	0.03421	0.02472	0.01299	0.01033	0.00337	0.00915	0.01021	0.01248	0.01755
6	0.03048	0.03007	0.11338	0.07761	0.07137	0.09322	0.11305	0.03702	0.02677	0.15365	0.03563	0.04188	0.06645	0.01387	0.01152	0.00352	0.01375	0.04420	0.00790	0.01468
7	0.11349	0.03966	0.26589	0.02852	0.04051	0.02677	0.08847	0.14755	0.03003	0.08432	0.02267	0.02496	0.01601	0.01106	0.01039	0.00342	0.01394	0.00902	0.00714	0.01615

[dist]
# distance from previous block
# <min> <max>
0	2

[block]
# block no. 6 follows, 12 sequences, length 6
# corresponding to MSA columns:
# 272-277
name=unknown_G
#
# <colnr> <probs for GDERKNQSTAVLIFYWHMCP>
#	G	D	E	R	K	N	Q	S	T	A	V	L	I	F	Y	W	H	M	C	P
0	0.02212	0.02148	0.03303	0.32745	0.05334	0.02852	0.02727	0.02710	0.01941	0.02710	0.01701	0.02663	0.01443	0.01473	0.02255	0.00417	0.28721	0.00962	0.00481	0.01203
1	0.36531	0.09603	0.07203	0.01952	0.02732	0.13366	0.01732	0.03683	0.02311	0.09450	0.01884	0.02059	0.01427	0.01063	0.00814	0.00316	0.01176	0.00684	0.00682	0.01330
2	0.01894	0.00947	0.01420	0.01420	0.01420	0.00947	0.00947	0.01420	0.01420	0.01894	0.01894	0.03314	0.01894	0.03788	0.04261	0.68277	0.00947	0.00947	0.00473	0.00473
3	0.02792	0.08697	0.09144	0.07098	0.03311	0.02400	0.02056	0.04322	0.21043	0.12142	0.07695	0.04460	0.03429	0.01501	0.01101	0.00356	0.01029	0.04938	0.00948	0.01539
4	0.01541	0.01221	0.01635	0.09936	0.02520	0.01208	0.01350	0.01970	0.02566	0.03381	0.21949	0.17365	0.19361	0.02484	0.01300	0.00387	0.00737	0.07096	0.00993	0.01001
5	0.02961	0.19201	0.04000	0.08303	0.03651	0.03158	0.07141	0.16340	0.10733	0.04306	0.07248	0.03169	0.02666	0.01250	0.01023	0.00317	0.01170	0.01031	0.00809	0.01524

[dist]
# distance from previous block
# <min> <max>
1	5

[block]
# block no. 7 follows, 12 sequences, length 10
# corresponding to MSA columns:
# 283-292
name=unknown_H
#
# <colnr> <probs for GDERKNQSTAVLIFYWHMCP>
#	G	D	E	R	K	N	Q	S	T	A	V	L	I	F	Y	W	H	M	C	P
0	0.44941	0.07699	0.12058	0.01790	0.02604	0.02473	0.01753	0.03099	0.01991	0.04232	0.02019	0.07398	0.01800	0.01234	0.00811	0.00340	0.00994	0.00864	0.00649	0.01252
1	0.07346	0.01925	0.02574	0.21007	0.04162	0.02240	0.02054	0.08470	0.10357	0.06989	0.02784	0.03391	0.02187	0.03062	0.15959	0.00725	0.01644	0.01045	0.00744	0.01338
2	0.01444	0.01097	0.01243	0.01215	0.01459	0.00989	0.00856	0.01736	0.02476	0.03230	0.23824	0.08911	0.27673	0.16465	0.02292	0.00522	0.00658	0.02022	0.00993	0.00896
3	0.01859	0.01933	0.07952	0.01885	0.02321	0.01679	0.01666	0.02735	0.09075	0.03871	0.27676	0.06978	0.10469	0.02091	0.01507	0.00380	0.07140	0.06602	0.00991	0.01190
4	0.01586	0.01057	0.01189	0.01189	0.01189	0.01057	0.00661	0.01586	0.01586	0.02114	0.03436	0.07135	0.03964	0.61681	0.05550	0.01057	0.01057	0.01586	0.00661	0.00661
5	0.03304	0.02963	0.04029	0.12115	0.14682	0.10919	0.12268	0.12593	0.03113	0.09790	0.02370	0.02767	0.01756	0.01107	0.01112	0.00334	0.01471	0.01010	0.00731	0.01567
6	0.17438	0.07613	0.14339	0.02597	0.07906	0.02543	0.02270	0.03519	0.05883	0.08082	0.02151	0.02429	0.01657	0.01141	0.01191	0.00325	0.07460	0.00807	0.00663	0.09985
7	0.10035	0.04042	0.32791	0.02512	0.03788	0.02205	0.02900	0.03739	0.02422	0.14627	0.02402	0.02537	0.01664	0.01074	0.00984	0.00322	0.01293	0.00826	0.00692	0.09146
8	0.03212	0.09248	0.09403	0.02889	0.08217	0.02221	0.11134	0.03826	0.02716	0.21547	0.07309	0.03955	0.06738	0.01328	0.01108	0.00334	0.01173	0.01189	0.00892	0.01560
9	0.03803	0.10553	0.14835	0.02271	0.03282	0.02426	0.02232	0.09656	0.06657	0.28354	0.03256	0.03057	0.02197	0.01232	0.01033	0.00327	0.01134	0.00964	0.00995	0.01734

[dist]
# distance from previous block
# <min> <max>
3	7

[block]
# block no. 8 follows, 12 sequences, length 23
# corresponding to MSA columns:
# 310-332
name=unknown_I
#
# <colnr> <probs for GDERKNQSTAVLIFYWHMCP>
#	G	D	E	R	K	N	Q	S	T	A	V	L	I	F	Y	W	H	M	C	P
0	0.02974	0.02313	0.03526	0.09095	0.29846	0.02312	0.02599	0.03904	0.09387	0.12430	0.02734	0.03029	0.02075	0.01098	0.01060	0.00319	0.01139	0.00995	0.00760	0.08404
1	0.03539	0.26889	0.08207	0.02095	0.03009	0.10313	0.01947	0.03987	0.02612	0.18378	0.02432	0.02446	0.01800	0.01079	0.00892	0.00273	0.01209	0.00774	0.00755	0.07363
2	0.01835	0.01397	0.01667	0.01532	0.01898	0.01352	0.01180	0.02124	0.02336	0.07217	0.07426	0.16541	0.29750	0.02445	0.01553	0.00372	0.08648	0.01989	0.00930	0.07807
3	0.02384	0.02082	0.02829	0.02068	0.02975	0.01744	0.08065	0.06718	0.02619	0.03897	0.07295	0.02974	0.02512	0.01006	0.00944	0.00221	0.00950	0.00894	0.00725	0.47098
4	0.03951	0.02804	0.03074	0.02340	0.03224	0.02973	0.01928	0.40870	0.04572	0.10447	0.02665	0.02660	0.01892	0.01244	0.01053	0.00306	0.01124	0.00946	0.01052	0.10879
5	0.08418	0.01868	0.02243	0.02027	0.02451	0.07244	0.06294	0.02824	0.02530	0.10778	0.11069	0.25196	0.05221	0.02229	0.01225	0.00384	0.00962	0.04900	0.00961	0.01175
6	0.02857	0.14767	0.26769	0.06266	0.04034	0.02909	0.02887	0.10458	0.07291	0.08135	0.02385	0.02560	0.01739	0.01125	0.00997	0.00325	0.01338	0.00863	0.00683	0.01611
7	0.01362	0.01023	0.01273	0.01458	0.01623	0.00934	0.01040	0.01608	0.02239	0.02877	0.07342	0.42290	0.19840	0.03197	0.01376	0.00429	0.00650	0.07520	0.01011	0.00907
8	0.01289	0.01105	0.01105	0.01105	0.01473	0.00920	0.00828	0.01565	0.02485	0.02946	0.11046	0.10493	0.54437	0.02761	0.01289	0.00368	0.00552	0.02301	0.01013	0.00920
9	0.04015	0.11899	0.03460	0.02497	0.03244	0.26164	0.02017	0.20764	0.03689	0.08891	0.02225	0.02322	0.01678	0.01183	0.00993	0.00296	0.01495	0.00820	0.00805	0.01543
10	0.03133	0.03712	0.04144	0.09216	0.04408	0.26268	0.16743	0.03642	0.02602	0.02918	0.01823	0.02425	0.01488	0.01192	0.01523	0.00348	0.11626	0.00946	0.00536	0.01308
11	0.03297	0.01813	0.02098	0.01797	0.02395	0.01864	0.01423	0.04748	0.21724	0.22424	0.04152	0.03941	0.02963	0.01377	0.01011	0.00327	0.00790	0.01126	0.19148	0.01580
12	0.01410	0.01007	0.01359	0.01611	0.01710	0.00956	0.01154	0.01659	0.02168	0.02875	0.05965	0.51702	0.07033	0.03339	0.01413	0.00454	0.00703	0.11562	0.01011	0.00908
13	0.02060	0.01915	0.01818	0.01847	0.02124	0.10725	0.01364	0.02749	0.09386	0.03356	0.14394	0.28679	0.06215	0.02500	0.01274	0.00392	0.00900	0.06217	0.00985	0.01102
14	0.01558	0.01168	0.01752	0.01752	0.01947	0.01363	0.01363	0.01947	0.01752	0.02531	0.02921	0.04283	0.02726	0.08178	0.57360	0.01752	0.02921	0.01168	0.00584	0.00974
15	0.04814	0.01981	0.02608	0.01999	0.02846	0.01788	0.01652	0.10104	0.03330	0.50548	0.04126	0.03597	0.02611	0.01345	0.01096	0.00336	0.00956	0.01085	0.01323	0.01855
16	0.02437	0.02324	0.03953	0.28109	0.35507	0.02522	0.03216	0.03117	0.02359	0.03245	0.02005	0.02784	0.01615	0.01020	0.01084	0.00340	0.01360	0.00970	0.00517	0.01516
17	0.02187	0.05640	0.56031	0.03108	0.04719	0.02532	0.04029	0.03453	0.02302	0.03453	0.01957	0.02302	0.01381	0.01036	0.01036	0.00345	0.01611	0.00806	0.00460	0.01611
18	0.01359	0.00998	0.01276	0.01437	0.01575	0.00915	0.00990	0.01616	0.02310	0.03074	0.14852	0.45194	0.14141	0.03127	0.01360	0.00416	0.00602	0.02801	0.01044	0.00915
19	0.02187	0.05640	0.56031	0.03108	0.04719	0.02532	0.04029	0.03453	0.02302	0.03453	0.01957	0.02302	0.01381	0.01036	0.01036	0.00345	0.01611	0.00806	0.00460	0.01611
20	0.02059	0.01938	0.03270	0.59060	0.07510	0.02422	0.03028	0.02786	0.02180	0.02786	0.01938	0.02907	0.01453	0.01090	0.01090	0.00363	0.01453	0.00969	0.00484	0.01211
21	0.01289	0.01105	0.01105	0.01105	0.01473	0.00920	0.00828	0.01565	0.02485	0.02946	0.11046	0.10493	0.54437	0.02761	0.01289	0.00368	0.00552	0.02301	0.01013	0.00920
22	0.01543	0.01115	0.01457	0.01372	0.01629	0.01029	0.01029	0.02058	0.03086	0.04372	0.54304	0.08145	0.10288	0.02229	0.01286	0.00343	0.00514	0.01972	0.01200	0.01029

[dist]
# distance from previous block
# <min> <max>
0	0

# created by:
# /st0/software/busco_prod/Augustus/scripts/msa2prfl.pl ./align_prep/8629.fa
