[name]
unknown

[dist]
# distance from previous block
# <min> <max>
3	351

[block]
# block no. 0 follows, 11 sequences, length 12
# corresponding to MSA columns:
# 422-433
name=unknown_A
#
# <colnr> <probs for GDERKNQSTAVLIFYWHMCP>
#	G	D	E	R	K	N	Q	S	T	A	V	L	I	F	Y	W	H	M	C	P
0	0.02352	0.02116	0.06862	0.02034	0.02579	0.01945	0.01703	0.03937	0.22163	0.07691	0.12487	0.15151	0.05094	0.02534	0.05622	0.00501	0.01033	0.01705	0.01055	0.01436
1	0.01523	0.01123	0.01438	0.01600	0.01745	0.01090	0.01107	0.02014	0.06281	0.03291	0.13772	0.46779	0.07647	0.03163	0.01395	0.00434	0.00652	0.02853	0.01085	0.01008
2	0.01471	0.01165	0.01370	0.01431	0.01739	0.01064	0.01117	0.01825	0.02523	0.03173	0.12680	0.13914	0.32828	0.03415	0.06393	0.00540	0.00885	0.10470	0.01019	0.00978
3	0.05050	0.01915	0.02612	0.02003	0.02873	0.01654	0.01654	0.05485	0.03221	0.54203	0.04440	0.03831	0.02786	0.01393	0.01132	0.00348	0.00958	0.01132	0.01393	0.01915
4	0.02110	0.01572	0.02104	0.01956	0.02288	0.01798	0.01545	0.10967	0.02463	0.03455	0.02956	0.04099	0.02645	0.07109	0.45674	0.01532	0.02681	0.01170	0.00701	0.01176
5	0.02189	0.02087	0.03389	0.47443	0.06850	0.02679	0.03001	0.02844	0.02152	0.02844	0.01902	0.02900	0.01496	0.01284	0.01608	0.00397	0.12191	0.00997	0.00499	0.01247
6	0.20682	0.02243	0.03198	0.12126	0.24737	0.02393	0.02460	0.03310	0.02296	0.07430	0.02104	0.02684	0.01674	0.01302	0.01276	0.05910	0.01177	0.00902	0.00641	0.01452
7	0.03045	0.42586	0.04905	0.01962	0.02924	0.03775	0.01842	0.09199	0.02681	0.03409	0.01792	0.02020	0.01546	0.00988	0.00795	0.00239	0.01139	0.00667	0.00599	0.13886
8	0.02798	0.02294	0.03816	0.27653	0.27746	0.02471	0.03086	0.03471	0.02516	0.09811	0.02366	0.03010	0.01793	0.01104	0.01121	0.00353	0.01357	0.01018	0.00640	0.01576
9	0.01465	0.01123	0.01558	0.08727	0.02407	0.01120	0.01296	0.01739	0.02200	0.02887	0.06082	0.48526	0.10335	0.03164	0.01388	0.00440	0.00755	0.02852	0.00975	0.00960
10	0.07988	0.02178	0.06794	0.12349	0.03643	0.01801	0.01899	0.03096	0.02374	0.09980	0.02899	0.11083	0.02574	0.01395	0.01024	0.00303	0.01022	0.01172	0.00771	0.25654
11	0.02454	0.02187	0.03789	0.41955	0.14311	0.02504	0.07007	0.03189	0.02394	0.06258	0.02194	0.03022	0.01641	0.01108	0.01141	0.00368	0.01475	0.01037	0.00570	0.01396

[dist]
# distance from previous block
# <min> <max>
0	5

[block]
# block no. 1 follows, 11 sequences, length 17
# corresponding to MSA columns:
# 440-456
name=unknown_B
#
# <colnr> <probs for GDERKNQSTAVLIFYWHMCP>
#	G	D	E	R	K	N	Q	S	T	A	V	L	I	F	Y	W	H	M	C	P
0	0.08635	0.02827	0.11022	0.23321	0.13298	0.02680	0.06093	0.03389	0.06136	0.03490	0.02156	0.02812	0.01673	0.01186	0.01323	0.00375	0.06571	0.00981	0.00579	0.01452
1	0.08973	0.02005	0.02310	0.01698	0.02651	0.01620	0.01369	0.03265	0.02423	0.11150	0.02314	0.02504	0.01788	0.00935	0.00864	0.00210	0.00855	0.00729	0.00775	0.51561
2	0.01829	0.01531	0.01742	0.01426	0.02066	0.01218	0.01107	0.02254	0.02568	0.03579	0.14334	0.06574	0.22463	0.01844	0.01105	0.00279	0.00682	0.01545	0.00908	0.30945
3	0.02244	0.01990	0.02777	0.30153	0.05165	0.02364	0.02348	0.03747	0.19159	0.03506	0.03525	0.11985	0.03065	0.01627	0.01179	0.00390	0.01162	0.01426	0.00805	0.01382
4	0.03009	0.61122	0.05898	0.01926	0.02889	0.04454	0.01926	0.03370	0.02287	0.02648	0.01565	0.01805	0.01444	0.00963	0.00722	0.00241	0.01204	0.00602	0.00481	0.01444
5	0.01955	0.00978	0.01466	0.01466	0.01466	0.00978	0.00978	0.01466	0.01466	0.01955	0.01955	0.03421	0.01955	0.03910	0.04399	0.67253	0.00978	0.00978	0.00489	0.00489
6	0.18227	0.09123	0.10166	0.07297	0.03382	0.02647	0.02040	0.07598	0.09622	0.04279	0.02410	0.02664	0.01853	0.01139	0.00917	0.00318	0.01085	0.00847	0.05502	0.08883
7	0.03009	0.61122	0.05898	0.01926	0.02889	0.04454	0.01926	0.03370	0.02287	0.02648	0.01565	0.01805	0.01444	0.00963	0.00722	0.00241	0.01204	0.00602	0.00481	0.01444
8	0.01404	0.01004	0.01335	0.01545	0.01640	0.00936	0.01047	0.01648	0.02305	0.03112	0.12987	0.52247	0.07906	0.03348	0.01421	0.00442	0.00635	0.03030	0.01073	0.00936
9	0.01547	0.01026	0.01290	0.01413	0.01444	0.00996	0.00885	0.01585	0.01862	0.02482	0.04622	0.31548	0.05435	0.27520	0.03566	0.08003	0.00873	0.02300	0.00832	0.00770
10	0.02671	0.24619	0.05639	0.15428	0.05172	0.03373	0.21294	0.03355	0.02428	0.03084	0.01948	0.02566	0.01563	0.00993	0.01056	0.00326	0.01549	0.00983	0.00521	0.01431
11	0.02334	0.02001	0.02334	0.01667	0.02667	0.01500	0.01334	0.02834	0.02334	0.03668	0.02001	0.02334	0.01667	0.00834	0.00834	0.00167	0.00834	0.00667	0.00667	0.67325
12	0.03077	0.02364	0.08753	0.19496	0.04713	0.02060	0.07632	0.03777	0.02686	0.19325	0.06335	0.03665	0.02651	0.01278	0.01127	0.00354	0.01240	0.01133	0.06832	0.01503
13	0.01465	0.01033	0.01343	0.01508	0.01572	0.01015	0.00993	0.01635	0.01984	0.02668	0.05168	0.40165	0.06070	0.18563	0.08671	0.00771	0.01030	0.02577	0.00903	0.00865
14	0.17004	0.02458	0.03919	0.09226	0.22143	0.02504	0.10974	0.03705	0.02513	0.11521	0.02370	0.02805	0.01775	0.01072	0.01068	0.00351	0.01297	0.00997	0.00710	0.01587
15	0.38490	0.02755	0.02845	0.08725	0.09080	0.10337	0.06177	0.03477	0.02277	0.04194	0.01766	0.02203	0.01391	0.01057	0.00894	0.00344	0.01253	0.00778	0.00631	0.01325
16	0.02211	0.02035	0.03391	0.35523	0.18603	0.02320	0.02938	0.02878	0.02353	0.03125	0.02694	0.08116	0.02457	0.01448	0.01183	0.00383	0.01353	0.05040	0.00603	0.01344

[dist]
# distance from previous block
# <min> <max>
0	2

[block]
# block no. 2 follows, 11 sequences, length 26
# corresponding to MSA columns:
# 459-484
name=unknown_C
#
# <colnr> <probs for GDERKNQSTAVLIFYWHMCP>
#	G	D	E	R	K	N	Q	S	T	A	V	L	I	F	Y	W	H	M	C	P
0	0.01484	0.01131	0.01364	0.01338	0.01623	0.01011	0.00991	0.01901	0.02880	0.03865	0.34554	0.14119	0.24443	0.02601	0.01339	0.00373	0.00556	0.02260	0.01156	0.01011
1	0.37681	0.02050	0.02119	0.01733	0.02514	0.02103	0.01430	0.04364	0.02549	0.28883	0.02960	0.02799	0.01979	0.01214	0.00908	0.00348	0.00913	0.00863	0.01034	0.01557
2	0.01734	0.01156	0.01470	0.01604	0.01789	0.01129	0.01246	0.02018	0.02254	0.03051	0.05521	0.14420	0.10263	0.12970	0.02405	0.06406	0.00894	0.20159	0.08606	0.00907
3	0.07793	0.07638	0.02442	0.01739	0.02436	0.01885	0.01406	0.03522	0.07257	0.14969	0.08346	0.10081	0.07442	0.01627	0.01055	0.00313	0.00840	0.01342	0.00978	0.16890
4	0.03261	0.32287	0.14396	0.02427	0.03460	0.11062	0.02427	0.11961	0.02974	0.03645	0.01882	0.02109	0.01527	0.01081	0.00902	0.00287	0.01413	0.00738	0.00611	0.01552
5	0.16104	0.02659	0.02870	0.02238	0.03094	0.02846	0.01848	0.29970	0.04150	0.18762	0.02941	0.02832	0.02011	0.01306	0.01050	0.00342	0.01100	0.00970	0.01116	0.01788
6	0.08879	0.02139	0.02379	0.01747	0.02707	0.01809	0.01408	0.07837	0.02607	0.04163	0.02033	0.02324	0.01650	0.00909	0.00851	0.00202	0.00880	0.00698	0.00718	0.54058
7	0.02126	0.02001	0.03376	0.57739	0.07752	0.02501	0.03126	0.02876	0.02251	0.02876	0.02001	0.03001	0.01500	0.01125	0.01125	0.00375	0.01500	0.01000	0.00500	0.01250
8	0.02130	0.08035	0.24278	0.02757	0.03739	0.02247	0.10625	0.02933	0.02389	0.03352	0.07801	0.11518	0.03502	0.07787	0.01656	0.00443	0.01355	0.01432	0.00668	0.01354
9	0.01549	0.01104	0.01457	0.01579	0.01740	0.01048	0.01158	0.01898	0.02533	0.03450	0.21489	0.29481	0.08036	0.08021	0.01797	0.00489	0.00720	0.10409	0.01076	0.00965
10	0.01429	0.01024	0.01358	0.01528	0.01645	0.00953	0.01049	0.01713	0.02424	0.03302	0.18386	0.46306	0.08274	0.03206	0.01408	0.00430	0.00621	0.02896	0.01096	0.00953
11	0.21020	0.02391	0.02545	0.02068	0.02858	0.02559	0.01687	0.16297	0.12145	0.20326	0.03270	0.03085	0.02271	0.01316	0.01019	0.00352	0.00995	0.00990	0.01098	0.01709
12	0.04327	0.01760	0.02354	0.01858	0.02617	0.01524	0.01515	0.04758	0.03155	0.44034	0.10230	0.04987	0.08431	0.01629	0.01172	0.00352	0.00875	0.01347	0.01343	0.01732
13	0.05050	0.01915	0.02612	0.02003	0.02873	0.01654	0.01654	0.05485	0.03221	0.54203	0.04440	0.03831	0.02786	0.01393	0.01132	0.00348	0.00958	0.01132	0.01393	0.01915
14	0.01416	0.01014	0.01346	0.01537	0.01642	0.00944	0.01048	0.01680	0.02364	0.03205	0.15641	0.49326	0.08087	0.03278	0.01415	0.00436	0.00628	0.02964	0.01084	0.00944
15	0.09028	0.02366	0.03822	0.25878	0.30822	0.02593	0.03107	0.03218	0.02379	0.03505	0.02018	0.02773	0.01619	0.01054	0.01077	0.00351	0.01354	0.00963	0.00549	0.01523
16	0.03846	0.02345	0.02729	0.02262	0.03008	0.02463	0.01851	0.18431	0.16516	0.21101	0.04137	0.04628	0.03130	0.01617	0.01183	0.00374	0.01033	0.06362	0.01206	0.01777
17	0.16780	0.02498	0.13004	0.02000	0.02631	0.01892	0.01859	0.07146	0.02460	0.03924	0.03928	0.28893	0.04221	0.02232	0.01162	0.00399	0.00976	0.01899	0.00853	0.01242
18	0.53982	0.09041	0.02253	0.01588	0.02334	0.02657	0.01348	0.03548	0.02098	0.10020	0.01874	0.02040	0.01413	0.01072	0.00746	0.00336	0.00919	0.00664	0.00746	0.01320
19	0.08193	0.01687	0.02122	0.07769	0.02909	0.01698	0.01648	0.07186	0.02672	0.09150	0.04286	0.20449	0.04362	0.02215	0.01231	0.00395	0.00953	0.11147	0.00956	0.08971
20	0.15422	0.08864	0.08785	0.08836	0.03836	0.03200	0.02281	0.26202	0.03709	0.05409	0.02227	0.02454	0.01640	0.01200	0.01001	0.00336	0.01244	0.00878	0.00841	0.01636
21	0.03514	0.02521	0.02423	0.02013	0.02671	0.13657	0.01561	0.03896	0.02790	0.20671	0.06677	0.03824	0.02953	0.07015	0.05754	0.00480	0.01315	0.01066	0.00935	0.14265
22	0.16621	0.04031	0.02754	0.02456	0.03097	0.33525	0.01887	0.04543	0.08581	0.08926	0.02327	0.02437	0.01780	0.01205	0.00981	0.00318	0.01556	0.00810	0.00756	0.01409
23	0.10659	0.01986	0.02305	0.01902	0.02612	0.01976	0.01533	0.08104	0.12001	0.26605	0.08343	0.04746	0.09105	0.01613	0.01125	0.00358	0.00882	0.01303	0.01200	0.01642
24	0.19640	0.06989	0.02548	0.02010	0.02671	0.08786	0.01597	0.07045	0.16387	0.04273	0.03052	0.08811	0.02645	0.01454	0.00983	0.00336	0.01035	0.01119	0.00856	0.07762
25	0.21486	0.16382	0.02991	0.01758	0.02540	0.02492	0.01504	0.03677	0.02424	0.17104	0.02823	0.07967	0.02339	0.01330	0.00905	0.00311	0.00950	0.01001	0.00858	0.09159

[dist]
# distance from previous block
# <min> <max>
1	78

[block]
# block no. 3 follows, 11 sequences, length 18
# corresponding to MSA columns:
# 565-582
name=unknown_D
#
# <colnr> <probs for GDERKNQSTAVLIFYWHMCP>
#	G	D	E	R	K	N	Q	S	T	A	V	L	I	F	Y	W	H	M	C	P
0	0.09766	0.25314	0.27388	0.02468	0.03715	0.03205	0.02847	0.03608	0.02357	0.07118	0.01984	0.02217	0.01511	0.01052	0.00908	0.00313	0.01360	0.00746	0.00569	0.01555
1	0.23326	0.11207	0.12718	0.09335	0.04096	0.02937	0.10008	0.03307	0.02194	0.03756	0.01807	0.02314	0.01422	0.01110	0.01173	0.00355	0.06143	0.00844	0.00566	0.01382
2	0.03335	0.17328	0.03584	0.09687	0.03541	0.08524	0.01983	0.13041	0.03271	0.11117	0.10502	0.03519	0.03209	0.01361	0.01046	0.00317	0.01197	0.01058	0.00876	0.01504
3	0.01819	0.01502	0.02210	0.01991	0.02350	0.01474	0.07021	0.02664	0.09534	0.03901	0.24887	0.23727	0.07507	0.02424	0.01337	0.00394	0.00787	0.02219	0.01082	0.01170
4	0.02970	0.02232	0.03526	0.36027	0.06167	0.02519	0.06723	0.09755	0.02867	0.12389	0.02542	0.03107	0.01797	0.01187	0.01144	0.00366	0.01405	0.01053	0.00746	0.01479
5	0.09090	0.09839	0.06996	0.02331	0.03100	0.09712	0.06034	0.03913	0.02693	0.19351	0.03400	0.12677	0.02913	0.01585	0.01094	0.00349	0.01213	0.01319	0.00907	0.01485
6	0.02528	0.02082	0.03573	0.46266	0.06993	0.02428	0.07048	0.03257	0.02405	0.09175	0.02321	0.03105	0.01675	0.01142	0.01144	0.00372	0.01470	0.01045	0.00615	0.01355
7	0.01493	0.01073	0.01415	0.01484	0.01659	0.00995	0.01054	0.01872	0.02720	0.03772	0.31762	0.31589	0.09185	0.02855	0.01377	0.00401	0.00586	0.02562	0.01151	0.00995
8	0.07388	0.07679	0.08929	0.20841	0.04806	0.02572	0.06691	0.03180	0.02256	0.07531	0.02265	0.02970	0.01778	0.02201	0.08963	0.00568	0.06435	0.00986	0.00607	0.01354
9	0.03418	0.10444	0.03729	0.23052	0.04979	0.02643	0.05735	0.08775	0.02908	0.19177	0.02787	0.03060	0.01948	0.01196	0.01086	0.00344	0.01292	0.01010	0.00844	0.01572
10	0.01418	0.00999	0.01292	0.01508	0.01561	0.00945	0.00981	0.01579	0.02064	0.02752	0.05737	0.50521	0.06856	0.13519	0.02190	0.00568	0.00730	0.02925	0.00981	0.00873
11	0.02162	0.02089	0.03726	0.44318	0.06914	0.02427	0.10259	0.02924	0.02398	0.03138	0.06584	0.03489	0.02348	0.01202	0.01175	0.00374	0.01477	0.01145	0.00577	0.01276
12	0.03161	0.02707	0.10412	0.17752	0.09235	0.02368	0.06797	0.04249	0.09478	0.17699	0.03081	0.03299	0.02164	0.01222	0.01139	0.00363	0.01306	0.01082	0.00848	0.01638
13	0.03042	0.03276	0.10162	0.04025	0.10588	0.06142	0.22378	0.07435	0.09700	0.07689	0.02708	0.03068	0.02007	0.01124	0.01200	0.00361	0.01555	0.01152	0.00740	0.01647
14	0.02459	0.01828	0.02977	0.02359	0.02977	0.01709	0.13068	0.03243	0.06537	0.11994	0.24136	0.06345	0.11800	0.01834	0.01284	0.00365	0.00966	0.01703	0.01068	0.01349
15	0.02046	0.01837	0.02999	0.26092	0.17490	0.02021	0.02523	0.02592	0.02299	0.03081	0.03419	0.21681	0.03537	0.01887	0.01225	0.00392	0.01178	0.01728	0.00695	0.01276
16	0.01999	0.01198	0.01590	0.01551	0.01831	0.01093	0.01139	0.02399	0.02829	0.10891	0.29699	0.25768	0.08410	0.02604	0.01338	0.00389	0.00634	0.02318	0.01192	0.01130
17	0.02088	0.01532	0.01664	0.01532	0.01771	0.01607	0.01031	0.08077	0.09141	0.03224	0.04423	0.06724	0.08929	0.38902	0.04061	0.00825	0.01026	0.01589	0.00839	0.01014

[dist]
# distance from previous block
# <min> <max>
2	3

[block]
# block no. 4 follows, 11 sequences, length 30
# corresponding to MSA columns:
# 586-615
name=unknown_E
#
# <colnr> <probs for GDERKNQSTAVLIFYWHMCP>
#	G	D	E	R	K	N	Q	S	T	A	V	L	I	F	Y	W	H	M	C	P
0	0.09012	0.02294	0.07825	0.11436	0.08652	0.02091	0.05515	0.07544	0.02652	0.03866	0.07255	0.19488	0.03973	0.01892	0.01195	0.00385	0.01117	0.01682	0.00808	0.01318
1	0.03160	0.23593	0.10005	0.02896	0.03891	0.08792	0.13854	0.04038	0.07382	0.08482	0.02395	0.02632	0.01841	0.01090	0.01021	0.00317	0.01451	0.00937	0.00671	0.01551
2	0.02474	0.01964	0.02783	0.02447	0.02619	0.02531	0.02002	0.02797	0.01931	0.08778	0.02359	0.03301	0.02094	0.04135	0.21435	0.00930	0.32472	0.01079	0.00637	0.01234
3	0.01579	0.01211	0.01463	0.01503	0.01755	0.01157	0.01086	0.02201	0.07444	0.03643	0.22852	0.27192	0.17136	0.02780	0.01350	0.00400	0.00619	0.02452	0.01121	0.01057
4	0.02386	0.02447	0.04689	0.33274	0.11635	0.02644	0.20059	0.03200	0.02430	0.03223	0.02113	0.02992	0.01604	0.01048	0.01198	0.00373	0.01629	0.01120	0.00531	0.01401
5	0.12557	0.01946	0.02498	0.01941	0.02791	0.01757	0.01603	0.05227	0.03067	0.48378	0.04100	0.03594	0.02600	0.01352	0.01080	0.00348	0.00947	0.01070	0.01311	0.01833
6	0.01367	0.00995	0.01290	0.01525	0.01621	0.00918	0.01026	0.01572	0.02195	0.02890	0.06717	0.54886	0.11937	0.03460	0.01426	0.00449	0.00645	0.03118	0.01045	0.00918
7	0.15348	0.02888	0.08869	0.02789	0.03778	0.02579	0.12873	0.14034	0.03220	0.18434	0.02807	0.02898	0.01931	0.01187	0.01092	0.00354	0.01291	0.01027	0.00928	0.01674
8	0.10730	0.02934	0.02495	0.02110	0.02777	0.17818	0.01664	0.08816	0.03135	0.20934	0.03049	0.03046	0.02163	0.01271	0.00994	0.00316	0.01219	0.00933	0.12081	0.01518
9	0.61834	0.02226	0.01946	0.02023	0.07302	0.02540	0.01442	0.03323	0.01980	0.04913	0.01622	0.01924	0.01275	0.01041	0.00738	0.00347	0.00917	0.00649	0.00683	0.01275
10	0.02931	0.55354	0.10979	0.02060	0.03096	0.04262	0.02159	0.03390	0.02296	0.02744	0.01612	0.01865	0.01442	0.00974	0.00758	0.00253	0.01252	0.00626	0.00481	0.01467
11	0.02262	0.01267	0.01587	0.01430	0.01813	0.01153	0.01100	0.02751	0.02992	0.13080	0.31941	0.07126	0.12076	0.02028	0.01202	0.00340	0.00609	0.01743	0.12298	0.01199
12	0.02923	0.13796	0.02764	0.01762	0.02196	0.02057	0.01402	0.07256	0.02307	0.11423	0.02367	0.03086	0.01986	0.02625	0.02766	0.35540	0.01047	0.00929	0.00702	0.01067
13	0.02702	0.01405	0.01805	0.01559	0.02050	0.01239	0.01220	0.03152	0.03076	0.20908	0.28425	0.07348	0.16327	0.02104	0.01262	0.00357	0.00682	0.01799	0.01253	0.01327
14	0.02865	0.01438	0.01879	0.01604	0.02112	0.01272	0.01261	0.03330	0.03126	0.23066	0.29683	0.06970	0.12686	0.02024	0.01254	0.00355	0.00696	0.01735	0.01274	0.01370
15	0.01981	0.01234	0.01573	0.01440	0.01762	0.01124	0.01075	0.02424	0.02977	0.10028	0.38184	0.08002	0.13232	0.07937	0.01735	0.00428	0.00640	0.01923	0.01184	0.01115
16	0.68395	0.02177	0.01654	0.01480	0.02177	0.02525	0.01219	0.03309	0.01915	0.05050	0.01567	0.01828	0.01219	0.01045	0.00697	0.00348	0.00871	0.00609	0.00697	0.01219
17	0.09091	0.02285	0.02068	0.01835	0.02280	0.12224	0.01379	0.05506	0.02337	0.03278	0.02171	0.02913	0.01885	0.02486	0.05918	0.20939	0.01267	0.00865	0.07090	0.12183
18	0.10861	0.03052	0.03201	0.02476	0.03356	0.03391	0.02045	0.44911	0.04945	0.06884	0.02586	0.02613	0.01843	0.01320	0.01082	0.00339	0.01201	0.00972	0.01082	0.01843
19	0.09340	0.32563	0.13869	0.02744	0.03839	0.03581	0.13110	0.03451	0.02350	0.03263	0.01805	0.02187	0.01479	0.00986	0.00917	0.00303	0.01407	0.00808	0.00522	0.01476
20	0.03165	0.51078	0.09054	0.02026	0.03029	0.04034	0.02058	0.03601	0.02389	0.08006	0.01893	0.02054	0.01581	0.01015	0.00789	0.00260	0.01211	0.00673	0.00575	0.01508
21	0.01474	0.01059	0.01398	0.01497	0.01655	0.00983	0.01053	0.01825	0.02633	0.03634	0.27819	0.35927	0.08916	0.02958	0.01386	0.00409	0.00596	0.02660	0.01135	0.00983
22	0.01486	0.01071	0.01343	0.01417	0.01570	0.00997	0.00971	0.01770	0.02452	0.03321	0.21843	0.28941	0.12400	0.12661	0.02114	0.00522	0.00678	0.02466	0.01048	0.00928
23	0.16431	0.02528	0.03314	0.02916	0.09230	0.02529	0.08103	0.14943	0.03138	0.09730	0.02376	0.02616	0.01767	0.01094	0.01006	0.00311	0.01153	0.00913	0.00832	0.15071
24	0.02123	0.01461	0.01768	0.01743	0.02095	0.01464	0.01313	0.03094	0.13399	0.08744	0.14031	0.24708	0.11013	0.02565	0.01322	0.00409	0.00737	0.05633	0.01134	0.01244
25	0.04325	0.01872	0.02419	0.01906	0.02657	0.01713	0.01555	0.09184	0.03336	0.39511	0.09242	0.04233	0.03527	0.01476	0.01118	0.00339	0.00898	0.01206	0.07741	0.01742
26	0.02625	0.03464	0.20841	0.22201	0.05838	0.02509	0.12855	0.03563	0.02491	0.09336	0.02353	0.02901	0.01671	0.01102	0.01150	0.00367	0.01572	0.01028	0.00612	0.01521
27	0.02256	0.02133	0.03611	0.47731	0.16744	0.02535	0.03190	0.02990	0.02312	0.03034	0.02023	0.02958	0.01556	0.01101	0.01123	0.00367	0.01468	0.01001	0.00511	0.01355
28	0.03883	0.02894	0.03138	0.02508	0.03318	0.03203	0.02070	0.40475	0.09835	0.06480	0.03217	0.03838	0.02520	0.01542	0.01170	0.00360	0.01182	0.05433	0.01119	0.01814
29	0.18710	0.02958	0.02733	0.02284	0.03032	0.08548	0.01833	0.22366	0.16807	0.05520	0.02849	0.02836	0.02118	0.01308	0.01020	0.00347	0.01141	0.00960	0.00975	0.01654

[dist]
# distance from previous block
# <min> <max>
0	1

[block]
# block no. 5 follows, 11 sequences, length 26
# corresponding to MSA columns:
# 617-642
name=unknown_F
#
# <colnr> <probs for GDERKNQSTAVLIFYWHMCP>
#	G	D	E	R	K	N	Q	S	T	A	V	L	I	F	Y	W	H	M	C	P
0	0.08169	0.07527	0.02543	0.02097	0.02562	0.15309	0.01602	0.11036	0.02952	0.03745	0.03729	0.25998	0.03994	0.02148	0.01159	0.00368	0.01158	0.01781	0.00870	0.01255
1	0.01463	0.01129	0.01335	0.01317	0.01610	0.01001	0.00975	0.01860	0.02829	0.03746	0.31187	0.14458	0.27736	0.02648	0.01339	0.00375	0.00559	0.02290	0.01140	0.01001
2	0.18497	0.08415	0.10234	0.02724	0.10736	0.02471	0.02114	0.07716	0.02786	0.04451	0.15039	0.03838	0.03852	0.01388	0.01024	0.00337	0.01040	0.01111	0.00804	0.01423
3	0.01670	0.01280	0.01615	0.01553	0.01905	0.01100	0.01122	0.02029	0.02465	0.03495	0.17144	0.32089	0.06809	0.02534	0.01257	0.00358	0.00667	0.02264	0.01000	0.17644
4	0.02425	0.01440	0.01844	0.01630	0.02042	0.01356	0.01256	0.06564	0.03286	0.13662	0.36400	0.10988	0.08243	0.02151	0.01284	0.00359	0.00676	0.01876	0.01243	0.01276
5	0.03003	0.01452	0.01910	0.01624	0.02093	0.01307	0.01242	0.03411	0.02955	0.24307	0.25406	0.06386	0.06409	0.11123	0.01944	0.00468	0.00793	0.01606	0.01213	0.01348
6	0.02334	0.02001	0.02334	0.01667	0.02667	0.01500	0.01334	0.02834	0.02334	0.03668	0.02001	0.02334	0.01667	0.00834	0.00834	0.00167	0.00834	0.00667	0.00667	0.67325
7	0.03001	0.01989	0.02463	0.07203	0.03116	0.01987	0.01734	0.15295	0.03230	0.12589	0.03914	0.17406	0.03675	0.01919	0.01189	0.00359	0.00996	0.05041	0.01012	0.11881
8	0.04279	0.03153	0.03378	0.02590	0.03490	0.03490	0.02139	0.49671	0.05292	0.07093	0.02702	0.02702	0.01914	0.01351	0.01126	0.00338	0.01239	0.01013	0.01126	0.01914
9	0.68395	0.02177	0.01654	0.01480	0.02177	0.02525	0.01219	0.03309	0.01915	0.05050	0.01567	0.01828	0.01219	0.01045	0.00697	0.00348	0.00871	0.00609	0.00697	0.01219
10	0.02948	0.02491	0.02628	0.02320	0.02983	0.02869	0.01817	0.10360	0.46770	0.04947	0.04393	0.04049	0.03283	0.01509	0.01143	0.00377	0.00926	0.01247	0.01143	0.01795
11	0.03144	0.02299	0.03067	0.02518	0.03208	0.02408	0.08488	0.12690	0.19505	0.12474	0.04183	0.13784	0.03538	0.01754	0.01219	0.00382	0.01065	0.01561	0.01080	0.01632
12	0.01371	0.00979	0.01306	0.01567	0.01632	0.00914	0.01045	0.01567	0.02155	0.02873	0.06203	0.59710	0.07444	0.03526	0.01437	0.00457	0.00653	0.03200	0.01045	0.00914
13	0.01916	0.01274	0.01799	0.01721	0.01757	0.01465	0.01237	0.01791	0.01599	0.02233	0.02353	0.04150	0.02413	0.14447	0.13817	0.33175	0.10439	0.01137	0.00544	0.00733
14	0.04447	0.01998	0.02501	0.01956	0.02736	0.01884	0.01603	0.12860	0.03452	0.37953	0.04011	0.03689	0.02647	0.01373	0.01076	0.00333	0.00939	0.01098	0.11667	0.01778
15	0.03009	0.61122	0.05898	0.01926	0.02889	0.04454	0.01926	0.03370	0.02287	0.02648	0.01565	0.01805	0.01444	0.00963	0.00722	0.00241	0.01204	0.00602	0.00481	0.01444
16	0.01987	0.01165	0.01457	0.01444	0.01720	0.01098	0.01093	0.02446	0.02725	0.08005	0.23054	0.16553	0.06941	0.02245	0.01201	0.00361	0.00627	0.05539	0.19241	0.01098
17	0.01905	0.00995	0.01429	0.01429	0.01429	0.00995	0.00931	0.01493	0.01493	0.01991	0.02207	0.04045	0.02293	0.12846	0.04609	0.56795	0.00995	0.01082	0.00519	0.00519
18	0.02906	0.01486	0.01832	0.01589	0.02077	0.01415	0.01245	0.03672	0.07816	0.19719	0.20478	0.05496	0.05503	0.01690	0.01110	0.00331	0.00697	0.01428	0.18118	0.01393
19	0.01651	0.01284	0.01764	0.10292	0.02625	0.01278	0.01368	0.02193	0.02977	0.04110	0.40715	0.07792	0.13349	0.02169	0.01296	0.00360	0.00688	0.01905	0.01103	0.01081
20	0.02334	0.02001	0.02334	0.01667	0.02667	0.01500	0.01334	0.02834	0.02334	0.03668	0.02001	0.02334	0.01667	0.00834	0.00834	0.00167	0.00834	0.00667	0.00667	0.67325
21	0.03492	0.02131	0.02686	0.06680	0.03192	0.02288	0.01857	0.11191	0.11831	0.21164	0.11357	0.04245	0.03773	0.01590	0.01420	0.00370	0.06720	0.01256	0.01122	0.01634
22	0.24538	0.02042	0.02218	0.01916	0.02512	0.02220	0.01534	0.07460	0.07161	0.17534	0.03417	0.11846	0.02897	0.01674	0.01252	0.00380	0.05663	0.01281	0.00993	0.01462
23	0.04656	0.02618	0.02769	0.02223	0.03031	0.10500	0.01792	0.09491	0.07450	0.37525	0.03863	0.03472	0.02548	0.01364	0.01114	0.00341	0.01148	0.01068	0.01219	0.01808
24	0.02687	0.02701	0.11926	0.07179	0.04246	0.02101	0.17832	0.03452	0.02735	0.12620	0.11868	0.08552	0.03876	0.01506	0.01246	0.00372	0.01322	0.01465	0.00852	0.01462
25	0.36544	0.06830	0.02431	0.06190	0.02833	0.02608	0.01607	0.03582	0.06765	0.08547	0.05565	0.02803	0.02251	0.01280	0.01102	0.00357	0.05706	0.00872	0.00784	0.01341

[dist]
# distance from previous block
# <min> <max>
13	35

[block]
# block no. 6 follows, 11 sequences, length 9
# corresponding to MSA columns:
# 678-686
name=unknown_G
#
# <colnr> <probs for GDERKNQSTAVLIFYWHMCP>
#	G	D	E	R	K	N	Q	S	T	A	V	L	I	F	Y	W	H	M	C	P
0	0.45918	0.02274	0.02032	0.01671	0.02459	0.02446	0.01369	0.09580	0.02466	0.05045	0.01813	0.02053	0.01407	0.01043	0.00784	0.00309	0.00914	0.00677	0.00749	0.14991
1	0.01973	0.01429	0.01735	0.01779	0.02017	0.01447	0.01271	0.11519	0.02804	0.03746	0.05479	0.47916	0.06300	0.03076	0.01372	0.00432	0.00774	0.02747	0.01062	0.01121
2	0.02325	0.02141	0.03549	0.22219	0.27941	0.02285	0.02853	0.02992	0.02591	0.03591	0.12571	0.04018	0.03520	0.01311	0.01162	0.00352	0.01223	0.01216	0.00680	0.01461
3	0.46768	0.02431	0.02150	0.01822	0.02561	0.02780	0.01492	0.14531	0.07595	0.05499	0.02133	0.02269	0.01602	0.01165	0.00842	0.00349	0.00960	0.00770	0.00842	0.01439
4	0.55289	0.02123	0.01852	0.01588	0.02321	0.02345	0.01309	0.03759	0.02186	0.15219	0.02162	0.02243	0.01543	0.01117	0.00787	0.00348	0.00889	0.00718	0.00841	0.01363
5	0.03678	0.01604	0.02129	0.01766	0.02396	0.01400	0.01404	0.04088	0.03032	0.34886	0.13573	0.11354	0.09873	0.01929	0.01219	0.00364	0.00812	0.01638	0.01293	0.01562
6	0.03927	0.03020	0.03057	0.02366	0.03251	0.08522	0.01921	0.30333	0.04222	0.10535	0.02619	0.02662	0.01897	0.01223	0.01051	0.00297	0.01208	0.00919	0.00994	0.15977
7	0.02757	0.02033	0.02395	0.01780	0.02723	0.01660	0.01426	0.03535	0.07700	0.10722	0.02612	0.02739	0.02010	0.00985	0.00908	0.00215	0.00857	0.00795	0.00818	0.51332
8	0.01912	0.01173	0.01527	0.01568	0.01828	0.01086	0.01136	0.02205	0.02415	0.10055	0.10171	0.33758	0.14319	0.03547	0.07199	0.00565	0.00924	0.02470	0.01061	0.01079

[dist]
# distance from previous block
# <min> <max>
0	173

# created by:
# /st0/software/busco_prod/Augustus/scripts/msa2prfl.pl ./align_prep/8632.fa
