[name]
unknown

[dist]
# distance from previous block
# <min> <max>
3	447

[block]
# block no. 0 follows, 11 sequences, length 21
# corresponding to MSA columns:
# 481-501
name=unknown_A
#
# <colnr> <probs for GDERKNQSTAVLIFYWHMCP>
#	G	D	E	R	K	N	Q	S	T	A	V	L	I	F	Y	W	H	M	C	P
0	0.13484	0.07289	0.02964	0.24701	0.04694	0.02347	0.02103	0.02979	0.02225	0.03485	0.01888	0.02475	0.01503	0.01001	0.00920	0.00290	0.01147	0.00788	0.00587	0.23129
1	0.03133	0.41964	0.05014	0.09555	0.03656	0.14612	0.02136	0.03532	0.02465	0.02700	0.01658	0.02010	0.01453	0.01024	0.00835	0.00269	0.01410	0.00680	0.00504	0.01390
2	0.02997	0.01980	0.02402	0.01749	0.02718	0.01538	0.01412	0.03481	0.02551	0.16002	0.02596	0.02699	0.01940	0.00970	0.00906	0.00211	0.00864	0.00780	0.00844	0.51361
3	0.03237	0.02198	0.02494	0.02153	0.02760	0.02352	0.01683	0.18270	0.17078	0.12604	0.04395	0.17935	0.03895	0.01965	0.01212	0.00382	0.00947	0.01666	0.01152	0.01620
4	0.03260	0.16831	0.03864	0.02427	0.03227	0.03136	0.06353	0.15917	0.15089	0.08225	0.03274	0.07915	0.02695	0.01453	0.01079	0.00340	0.01136	0.01205	0.00933	0.01643
5	0.01442	0.01063	0.01349	0.01449	0.01632	0.00971	0.01022	0.01767	0.02575	0.03466	0.23126	0.34438	0.15560	0.02998	0.01382	0.00410	0.00598	0.02670	0.01112	0.00971
6	0.03049	0.08835	0.03033	0.02297	0.03009	0.03083	0.01852	0.12398	0.39050	0.04853	0.03969	0.03713	0.02989	0.01439	0.01097	0.00360	0.00978	0.01161	0.01071	0.01766
7	0.02832	0.02420	0.07680	0.24613	0.12712	0.02199	0.02668	0.03514	0.02509	0.12970	0.02485	0.02953	0.01812	0.01101	0.01068	0.00325	0.01268	0.00952	0.00706	0.13212
8	0.03319	0.17211	0.25462	0.02559	0.03789	0.02896	0.02829	0.08935	0.02873	0.15939	0.02573	0.02632	0.01810	0.01153	0.01011	0.00326	0.01343	0.00871	0.00768	0.01701
9	0.02539	0.17765	0.22135	0.03008	0.04146	0.03001	0.12501	0.03677	0.07869	0.03460	0.02622	0.03558	0.02192	0.01263	0.01094	0.00352	0.01456	0.05205	0.00624	0.01534
10	0.01593	0.01150	0.01504	0.01416	0.01681	0.01062	0.01062	0.02124	0.03186	0.04513	0.52830	0.08407	0.10620	0.02301	0.01327	0.00354	0.00531	0.02035	0.01239	0.01062
11	0.04182	0.11811	0.03823	0.02531	0.03430	0.07254	0.07002	0.17811	0.03620	0.22761	0.03032	0.02953	0.02097	0.01247	0.01078	0.00327	0.01268	0.01003	0.01018	0.01749
12	0.04824	0.08482	0.02976	0.01994	0.02875	0.01965	0.01684	0.05251	0.03118	0.48485	0.04121	0.03606	0.02637	0.01345	0.01086	0.00336	0.00985	0.01073	0.01292	0.01863
13	0.01498	0.01136	0.01388	0.01403	0.01678	0.01026	0.01056	0.01906	0.02802	0.03733	0.29589	0.16364	0.23289	0.02706	0.01362	0.00390	0.00602	0.05933	0.01135	0.01005
14	0.48400	0.03279	0.17665	0.02003	0.02991	0.02552	0.02108	0.03386	0.02055	0.04601	0.01704	0.01994	0.01281	0.01052	0.00809	0.00351	0.01110	0.00677	0.00630	0.01353
15	0.04526	0.07439	0.03422	0.02355	0.03266	0.02235	0.06853	0.09996	0.03307	0.38958	0.03759	0.03440	0.02454	0.01302	0.01116	0.00341	0.01112	0.01093	0.01194	0.01831
16	0.02546	0.02495	0.04443	0.23748	0.31704	0.02639	0.09453	0.03279	0.02470	0.03398	0.02099	0.02891	0.01678	0.01037	0.01146	0.00354	0.01467	0.01045	0.00540	0.01568
17	0.02077	0.01248	0.01650	0.01561	0.01774	0.01279	0.01111	0.02329	0.02049	0.09475	0.07854	0.05907	0.04030	0.28327	0.23166	0.01190	0.01729	0.01447	0.00797	0.00999
18	0.68395	0.02177	0.01654	0.01480	0.02177	0.02525	0.01219	0.03309	0.01915	0.05050	0.01567	0.01828	0.01219	0.01045	0.00697	0.00348	0.00871	0.00609	0.00697	0.01219
19	0.02603	0.01386	0.01703	0.01555	0.02040	0.01231	0.01251	0.03012	0.02798	0.18487	0.11365	0.08204	0.22497	0.02265	0.01254	0.00378	0.00749	0.08553	0.07400	0.01269
20	0.03936	0.03702	0.03199	0.02882	0.07319	0.23008	0.02110	0.18840	0.03706	0.08617	0.02339	0.02497	0.01766	0.01185	0.01044	0.00297	0.01471	0.00866	0.00833	0.10382

[dist]
# distance from previous block
# <min> <max>
0	1

[block]
# block no. 1 follows, 11 sequences, length 70
# corresponding to MSA columns:
# 503-531,569-609
name=unknown_B
#
# <colnr> <probs for GDERKNQSTAVLIFYWHMCP>
#	G	D	E	R	K	N	Q	S	T	A	V	L	I	F	Y	W	H	M	C	P
0	0.01568	0.01123	0.01450	0.01639	0.01787	0.01080	0.01224	0.01846	0.02246	0.02931	0.06104	0.29577	0.10630	0.13783	0.02256	0.00588	0.00857	0.17420	0.00975	0.00917
1	0.20804	0.02354	0.03185	0.02450	0.03290	0.02377	0.11412	0.11662	0.03050	0.17948	0.03593	0.03603	0.06714	0.01339	0.01075	0.00356	0.01140	0.01131	0.00961	0.01558
2	0.03293	0.02347	0.03885	0.04175	0.21096	0.02266	0.10506	0.04158	0.07261	0.18244	0.08023	0.03809	0.03076	0.01280	0.01180	0.00352	0.01206	0.01222	0.00918	0.01704
3	0.03005	0.18771	0.04287	0.02931	0.08274	0.03027	0.09753	0.07923	0.11705	0.08162	0.03644	0.03721	0.07328	0.01332	0.01071	0.00331	0.01191	0.01147	0.00817	0.01582
4	0.02339	0.08576	0.12843	0.01801	0.02433	0.06567	0.01750	0.02956	0.02409	0.03649	0.03192	0.08847	0.02757	0.01430	0.00923	0.00301	0.00976	0.01141	0.33883	0.01226
5	0.02466	0.01798	0.02154	0.01731	0.02445	0.01521	0.01345	0.06777	0.02713	0.08277	0.08146	0.14965	0.03862	0.01628	0.01058	0.00276	0.00812	0.01396	0.00904	0.35726
6	0.02553	0.20613	0.27083	0.07635	0.04232	0.03159	0.03018	0.03865	0.10834	0.03440	0.02333	0.02587	0.01786	0.01123	0.00989	0.00330	0.01384	0.00858	0.00595	0.01584
7	0.16877	0.03759	0.26231	0.02447	0.03644	0.02274	0.02711	0.04155	0.02564	0.20840	0.02737	0.02750	0.01839	0.01173	0.01013	0.00352	0.01263	0.00886	0.00829	0.01656
8	0.01482	0.01080	0.01403	0.01521	0.01700	0.01001	0.01100	0.01829	0.02583	0.03492	0.22602	0.33637	0.12579	0.03010	0.01400	0.00420	0.00637	0.06436	0.01111	0.00979
9	0.02573	0.02259	0.03247	0.04320	0.26925	0.02374	0.02415	0.03978	0.18067	0.03965	0.03491	0.09595	0.03030	0.01474	0.01130	0.00356	0.01046	0.01333	0.06802	0.01621
10	0.08942	0.03521	0.19614	0.13906	0.10054	0.02668	0.02991	0.12388	0.02967	0.09007	0.02343	0.02693	0.01682	0.01155	0.01068	0.00353	0.01376	0.00926	0.00720	0.01627
11	0.01377	0.01059	0.01261	0.01386	0.01594	0.00943	0.00973	0.01641	0.02416	0.03100	0.12817	0.35630	0.25481	0.03143	0.01384	0.00417	0.00609	0.02764	0.01064	0.00943
12	0.01608	0.01206	0.01809	0.01809	0.02010	0.01407	0.01407	0.02010	0.01809	0.02613	0.03015	0.04422	0.02814	0.08441	0.55984	0.01809	0.03015	0.01206	0.00603	0.01005
13	0.35177	0.32123	0.03810	0.01707	0.02538	0.03505	0.01578	0.03340	0.02104	0.03830	0.01566	0.01817	0.01333	0.01003	0.00710	0.00294	0.01040	0.00606	0.00587	0.01333
14	0.03513	0.02113	0.03241	0.02525	0.03300	0.02023	0.11442	0.04611	0.12565	0.25395	0.12407	0.04532	0.04048	0.01485	0.01209	0.00362	0.01065	0.01357	0.01147	0.01659
15	0.01619	0.01161	0.01580	0.01580	0.01701	0.01282	0.01121	0.01863	0.01741	0.02443	0.03224	0.05583	0.03318	0.28958	0.36157	0.01526	0.02256	0.01376	0.00634	0.00878
16	0.01388	0.01012	0.01308	0.01509	0.01626	0.00932	0.01027	0.01624	0.02294	0.03044	0.11116	0.49876	0.12414	0.03342	0.01415	0.00440	0.00633	0.03006	0.01063	0.00932
17	0.02360	0.04261	0.33473	0.02981	0.04190	0.02384	0.06620	0.07448	0.02714	0.03839	0.03075	0.05006	0.02740	0.01591	0.01213	0.00396	0.01486	0.12022	0.00680	0.01521
18	0.04576	0.02882	0.03057	0.02389	0.03246	0.07927	0.01951	0.27791	0.04268	0.25252	0.03293	0.03081	0.02212	0.01349	0.01117	0.00337	0.01206	0.01032	0.01178	0.01855
19	0.02063	0.01430	0.01712	0.01647	0.02007	0.01412	0.01228	0.02994	0.12518	0.08572	0.20243	0.21033	0.13763	0.02464	0.01302	0.00390	0.00681	0.02154	0.01155	0.01232
20	0.01444	0.01145	0.01297	0.01259	0.01590	0.00998	0.00944	0.01835	0.02833	0.03676	0.29285	0.09785	0.34687	0.02613	0.01329	0.00369	0.00553	0.02229	0.01129	0.00998
21	0.02334	0.02001	0.02334	0.01667	0.02667	0.01500	0.01334	0.02834	0.02334	0.03668	0.02001	0.02334	0.01667	0.00834	0.00834	0.00167	0.00834	0.00667	0.00667	0.67325
22	0.02941	0.02040	0.03046	0.02439	0.03180	0.01891	0.09891	0.08427	0.03032	0.13976	0.08493	0.05830	0.03930	0.01701	0.01228	0.00359	0.01105	0.11720	0.00986	0.13785
23	0.68395	0.02177	0.01654	0.01480	0.02177	0.02525	0.01219	0.03309	0.01915	0.05050	0.01567	0.01828	0.01219	0.01045	0.00697	0.00348	0.00871	0.00609	0.00697	0.01219
24	0.02763	0.50725	0.05146	0.01907	0.02731	0.03873	0.01840	0.03124	0.02302	0.02730	0.02348	0.07782	0.02401	0.01371	0.00856	0.00284	0.01141	0.04735	0.00578	0.01363
25	0.03398	0.16582	0.07026	0.02005	0.02793	0.02405	0.01803	0.04166	0.08094	0.22522	0.08461	0.09214	0.03650	0.01577	0.01078	0.00337	0.00991	0.01287	0.01026	0.01585
26	0.02310	0.02119	0.03129	0.02294	0.03235	0.01724	0.11238	0.02875	0.02384	0.03580	0.02452	0.07868	0.02218	0.01110	0.00993	0.00238	0.01037	0.01042	0.00682	0.47473
27	0.01462	0.01050	0.01387	0.01505	0.01653	0.00975	0.01052	0.01795	0.02577	0.03545	0.25302	0.38696	0.08745	0.03024	0.01392	0.00415	0.00603	0.02723	0.01124	0.00975
28	0.02746	0.02669	0.04685	0.16184	0.19420	0.02780	0.17741	0.07944	0.07106	0.03896	0.02416	0.03028	0.01858	0.01091	0.01189	0.00362	0.01502	0.01131	0.00654	0.01598
29	0.68395	0.02177	0.01654	0.01480	0.02177	0.02525	0.01219	0.03309	0.01915	0.05050	0.01567	0.01828	0.01219	0.01045	0.00697	0.00348	0.00871	0.00609	0.00697	0.01219
30	0.02607	0.25802	0.03623	0.07038	0.02816	0.02761	0.01669	0.06643	0.02213	0.02779	0.01866	0.02659	0.01700	0.02220	0.02302	0.27710	0.01142	0.00830	0.00543	0.01076
31	0.02257	0.05822	0.54613	0.03208	0.04871	0.02614	0.04158	0.03564	0.02376	0.03564	0.02020	0.02376	0.01426	0.01069	0.01069	0.00356	0.01663	0.00832	0.00475	0.01663
32	0.03647	0.02007	0.02581	0.01960	0.02795	0.01774	0.01603	0.04090	0.02696	0.27758	0.03115	0.03064	0.02183	0.01218	0.01270	0.00287	0.06799	0.00922	0.00997	0.29235
33	0.03167	0.15498	0.20361	0.02362	0.03436	0.02618	0.02498	0.04165	0.07688	0.17286	0.07342	0.03373	0.02818	0.01291	0.01045	0.00333	0.01197	0.01017	0.00861	0.01645
34	0.03250	0.01845	0.02802	0.19708	0.09087	0.01881	0.02175	0.03762	0.02661	0.23977	0.03778	0.13667	0.03139	0.01661	0.01184	0.00375	0.01108	0.01456	0.00971	0.01513
35	0.01401	0.01077	0.01283	0.01372	0.01600	0.00959	0.00976	0.01701	0.02526	0.03277	0.17844	0.30351	0.25559	0.03014	0.01373	0.00406	0.00596	0.02643	0.01085	0.00959
36	0.03363	0.02324	0.03436	0.17976	0.09513	0.02471	0.06524	0.09028	0.11149	0.17657	0.03203	0.03378	0.02262	0.01261	0.01147	0.00361	0.01243	0.01112	0.00926	0.01664
37	0.04215	0.03037	0.03814	0.02941	0.03813	0.14963	0.14371	0.04751	0.03065	0.28522	0.03222	0.03190	0.02181	0.01220	0.01156	0.00343	0.01463	0.01086	0.00981	0.01664
38	0.01608	0.01079	0.01236	0.01265	0.01272	0.01072	0.00722	0.01629	0.01693	0.02258	0.03837	0.13095	0.04459	0.54215	0.05259	0.01022	0.01043	0.01808	0.00722	0.00707
39	0.02515	0.02398	0.04080	0.27729	0.34716	0.02603	0.03320	0.03217	0.02435	0.03349	0.02069	0.02874	0.01667	0.01053	0.01119	0.00351	0.01404	0.01002	0.00534	0.01565
40	0.08802	0.20669	0.09361	0.06890	0.04146	0.03045	0.14480	0.03793	0.02527	0.12612	0.02349	0.02639	0.01741	0.01066	0.01014	0.00326	0.01375	0.00939	0.00690	0.01536
41	0.03475	0.02110	0.02788	0.06351	0.03337	0.02153	0.05136	0.04962	0.20709	0.23651	0.04835	0.04530	0.07742	0.01533	0.01170	0.00368	0.01003	0.01309	0.01143	0.01695
42	0.01367	0.00995	0.01290	0.01525	0.01621	0.00918	0.01026	0.01572	0.02195	0.02890	0.06715	0.54899	0.11925	0.03460	0.01426	0.00450	0.00645	0.03119	0.01045	0.00918
43	0.62787	0.02154	0.01739	0.01526	0.02238	0.02448	0.01257	0.03501	0.02031	0.09402	0.01822	0.02006	0.01358	0.01076	0.00735	0.00348	0.00878	0.00656	0.00758	0.01281
44	0.01364	0.01007	0.01277	0.01493	0.01613	0.00920	0.01012	0.01576	0.02226	0.02902	0.07104	0.51239	0.15334	0.03409	0.01418	0.00444	0.00639	0.03057	0.01045	0.00920
45	0.03463	0.19468	0.15951	0.02409	0.03477	0.03125	0.02429	0.13242	0.07698	0.14036	0.02744	0.02739	0.01983	0.01202	0.01004	0.00322	0.01242	0.00904	0.00848	0.01713
46	0.03009	0.61122	0.05898	0.01926	0.02889	0.04454	0.01926	0.03370	0.02287	0.02648	0.01565	0.01805	0.01444	0.00963	0.00722	0.00241	0.01204	0.00602	0.00481	0.01444
47	0.03018	0.03522	0.23755	0.02511	0.03533	0.02237	0.02672	0.07894	0.02947	0.16386	0.11904	0.03869	0.03484	0.01466	0.01331	0.00362	0.05449	0.01153	0.00900	0.01606
48	0.03370	0.39979	0.09546	0.02165	0.03171	0.03832	0.02138	0.11630	0.02912	0.08792	0.02098	0.02221	0.01662	0.01084	0.00866	0.00279	0.01226	0.00748	0.00686	0.01594
49	0.05050	0.01915	0.02612	0.02003	0.02873	0.01654	0.01654	0.05485	0.03221	0.54203	0.04440	0.03831	0.02786	0.01393	0.01132	0.00348	0.00958	0.01132	0.01393	0.01915
50	0.11550	0.01942	0.02514	0.01949	0.02802	0.01744	0.01610	0.05262	0.03087	0.49159	0.04146	0.03625	0.02625	0.01357	0.01087	0.00348	0.00949	0.01078	0.01322	0.01844
51	0.02989	0.02754	0.03626	0.02696	0.03657	0.09792	0.14168	0.03569	0.02641	0.09050	0.02303	0.02639	0.01769	0.00973	0.01023	0.00261	0.01302	0.00901	0.00708	0.33180
52	0.03693	0.01615	0.02177	0.01772	0.02406	0.01422	0.01422	0.04166	0.03208	0.34704	0.23429	0.05627	0.05860	0.01749	0.01209	0.00351	0.00790	0.01486	0.01333	0.01581
53	0.02462	0.02462	0.03447	0.02955	0.02955	0.03447	0.02462	0.02709	0.01724	0.02709	0.01477	0.02462	0.01477	0.01970	0.03694	0.00492	0.58385	0.00985	0.00492	0.01231
54	0.01368	0.01099	0.01221	0.01281	0.01566	0.00952	0.00926	0.01655	0.02521	0.03147	0.14280	0.23492	0.36599	0.02973	0.01358	0.00398	0.00588	0.02558	0.01065	0.00952
55	0.02561	0.28187	0.34911	0.02689	0.04070	0.03358	0.03256	0.03486	0.02340	0.03194	0.01836	0.02145	0.01433	0.01026	0.00929	0.00310	0.01477	0.00739	0.00478	0.01575
56	0.02192	0.01283	0.01696	0.01518	0.01888	0.01165	0.01165	0.02707	0.03192	0.13125	0.44443	0.07614	0.09262	0.02144	0.01294	0.00353	0.00605	0.01879	0.01266	0.01210
57	0.61462	0.02148	0.01759	0.01537	0.02253	0.02430	0.01267	0.03547	0.02058	0.10430	0.01882	0.02048	0.01390	0.01083	0.00744	0.00348	0.00880	0.00667	0.00773	0.01295
58	0.02126	0.02001	0.03376	0.57739	0.07752	0.02501	0.03126	0.02876	0.02251	0.02876	0.02001	0.03001	0.01500	0.01125	0.01125	0.00375	0.01500	0.01000	0.00500	0.01250
59	0.02126	0.02001	0.03376	0.57739	0.07752	0.02501	0.03126	0.02876	0.02251	0.02876	0.02001	0.03001	0.01500	0.01125	0.01125	0.00375	0.01500	0.01000	0.00500	0.01250
60	0.01381	0.01052	0.01235	0.01370	0.01550	0.00945	0.00937	0.01592	0.02262	0.02870	0.07938	0.35865	0.24576	0.08813	0.01814	0.00489	0.00664	0.02731	0.01010	0.00905
61	0.01590	0.01122	0.01481	0.01606	0.01716	0.01144	0.01152	0.01828	0.02006	0.02698	0.04670	0.22742	0.05259	0.22576	0.13750	0.00942	0.01341	0.10656	0.00839	0.00882
62	0.02126	0.02001	0.03376	0.57739	0.07752	0.02501	0.03126	0.02876	0.02251	0.02876	0.02001	0.03001	0.01500	0.01125	0.01125	0.00375	0.01500	0.01000	0.00500	0.01250
63	0.21570	0.02926	0.08724	0.04338	0.23965	0.02725	0.07778	0.07989	0.02639	0.04386	0.02026	0.02492	0.01592	0.01050	0.01015	0.00346	0.01288	0.00911	0.00646	0.01594
64	0.15836	0.02037	0.03020	0.46100	0.06598	0.02506	0.02731	0.02965	0.02181	0.03326	0.01911	0.02758	0.01442	0.01109	0.01037	0.00370	0.01370	0.00919	0.00541	0.01244
65	0.01516	0.01137	0.01307	0.01381	0.01591	0.01053	0.00997	0.01748	0.02244	0.02821	0.07477	0.15129	0.24890	0.20552	0.02725	0.00630	0.00823	0.10166	0.00933	0.00880
66	0.02257	0.05822	0.54613	0.03208	0.04871	0.02614	0.04158	0.03564	0.02376	0.03564	0.02020	0.02376	0.01426	0.01069	0.01069	0.00356	0.01663	0.00832	0.00475	0.01663
67	0.03078	0.01636	0.02063	0.01884	0.02376	0.01588	0.01431	0.03983	0.12750	0.22938	0.05192	0.26795	0.04828	0.02295	0.01259	0.00400	0.00819	0.02008	0.01199	0.01478
68	0.54821	0.02280	0.02257	0.02603	0.12779	0.02556	0.01681	0.03339	0.02049	0.04766	0.01681	0.02026	0.01336	0.01036	0.00783	0.00345	0.00967	0.00691	0.00668	0.01336
69	0.03716	0.28843	0.04495	0.02295	0.03224	0.03917	0.02045	0.29151	0.03960	0.05123	0.02198	0.02305	0.01706	0.01179	0.00947	0.00295	0.01223	0.00831	0.00840	0.01706

[dist]
# distance from previous block
# <min> <max>
4	11

[block]
# block no. 2 follows, 11 sequences, length 16
# corresponding to MSA columns:
# 621-636
name=unknown_C
#
# <colnr> <probs for GDERKNQSTAVLIFYWHMCP>
#	G	D	E	R	K	N	Q	S	T	A	V	L	I	F	Y	W	H	M	C	P
0	0.03611	0.03507	0.22721	0.02515	0.03655	0.02208	0.02643	0.04821	0.10560	0.26734	0.03526	0.03327	0.02363	0.01289	0.01110	0.00357	0.01220	0.01038	0.00999	0.01797
1	0.01604	0.01077	0.01237	0.01270	0.01278	0.01069	0.00727	0.01628	0.01701	0.02268	0.03877	0.13875	0.04509	0.53366	0.05195	0.01012	0.01037	0.01831	0.00727	0.00711
2	0.02657	0.03036	0.06641	0.04744	0.05882	0.02846	0.49336	0.03605	0.02657	0.03605	0.02277	0.03036	0.01708	0.00949	0.01328	0.00380	0.01898	0.01328	0.00569	0.01518
3	0.02639	0.02524	0.04303	0.18224	0.43257	0.02636	0.03381	0.03325	0.02493	0.03499	0.02091	0.02834	0.01720	0.01030	0.01117	0.00343	0.01373	0.01002	0.00544	0.01664
4	0.01371	0.00979	0.01306	0.01567	0.01632	0.00914	0.01045	0.01567	0.02155	0.02873	0.06203	0.59710	0.07444	0.03526	0.01437	0.00457	0.00653	0.03200	0.01045	0.00914
5	0.01466	0.01146	0.01328	0.01282	0.01603	0.01008	0.00962	0.01877	0.02885	0.03799	0.32741	0.09583	0.31154	0.02567	0.01329	0.00367	0.00550	0.02200	0.01145	0.01008
6	0.01617	0.01171	0.01630	0.01630	0.01769	0.01310	0.01184	0.01895	0.01756	0.02480	0.03178	0.05327	0.03207	0.24428	0.40535	0.01588	0.02423	0.01338	0.00627	0.00906
7	0.01491	0.01147	0.01364	0.01309	0.01619	0.01019	0.00982	0.01927	0.02946	0.03944	0.36801	0.09345	0.27005	0.02514	0.01329	0.00364	0.00546	0.02167	0.01164	0.01019
8	0.04279	0.03153	0.03378	0.02590	0.03490	0.03490	0.02139	0.49671	0.05292	0.07093	0.02702	0.02702	0.01914	0.01351	0.01126	0.00338	0.01239	0.01013	0.01126	0.01914
9	0.02878	0.10244	0.04223	0.03032	0.03805	0.11324	0.16188	0.04277	0.17586	0.03584	0.02890	0.03229	0.02284	0.01964	0.06995	0.00502	0.01642	0.01112	0.00741	0.01501
10	0.01740	0.01491	0.02495	0.10854	0.03291	0.01498	0.08730	0.02193	0.02378	0.03178	0.09337	0.33700	0.05871	0.02613	0.01371	0.00428	0.00992	0.05854	0.00905	0.01082
11	0.02026	0.01639	0.01860	0.01719	0.02143	0.01720	0.01314	0.03551	0.21757	0.04400	0.28852	0.07090	0.13268	0.02072	0.01257	0.00368	0.00675	0.01784	0.01178	0.01326
12	0.01633	0.01106	0.01302	0.01302	0.01328	0.01132	0.00775	0.01685	0.01659	0.02238	0.03478	0.06988	0.03928	0.53779	0.12170	0.01183	0.01338	0.01582	0.00672	0.00723
13	0.61617	0.02149	0.01757	0.01536	0.02251	0.02432	0.01266	0.03541	0.02055	0.10309	0.01875	0.02043	0.01387	0.01082	0.00743	0.00348	0.00880	0.00665	0.00771	0.01293
14	0.02892	0.26446	0.29550	0.02569	0.03866	0.03197	0.02995	0.03729	0.02447	0.09512	0.02147	0.02339	0.01602	0.01069	0.00945	0.00311	0.01400	0.00781	0.00592	0.01611
15	0.02443	0.03346	0.16511	0.18832	0.13578	0.02674	0.19448	0.03378	0.02469	0.03413	0.02119	0.02835	0.01599	0.01032	0.01181	0.00366	0.01650	0.01076	0.00527	0.01522

[dist]
# distance from previous block
# <min> <max>
0	2

[block]
# block no. 3 follows, 11 sequences, length 16
# corresponding to MSA columns:
# 639-654
name=unknown_D
#
# <colnr> <probs for GDERKNQSTAVLIFYWHMCP>
#	G	D	E	R	K	N	Q	S	T	A	V	L	I	F	Y	W	H	M	C	P
0	0.03906	0.02241	0.03204	0.15838	0.11758	0.02289	0.02345	0.11373	0.03214	0.27328	0.03252	0.03305	0.02200	0.01265	0.01127	0.00351	0.01185	0.01063	0.01017	0.01740
1	0.01632	0.01109	0.01317	0.01317	0.01348	0.01140	0.00794	0.01694	0.01663	0.02249	0.03464	0.06912	0.03895	0.52437	0.13467	0.01202	0.01387	0.01570	0.00670	0.00732
2	0.01414	0.01010	0.01354	0.01615	0.01699	0.00951	0.01118	0.01640	0.02197	0.02920	0.06180	0.55222	0.07352	0.03486	0.01448	0.00463	0.00690	0.07271	0.01044	0.00926
3	0.01591	0.01201	0.01497	0.01679	0.01832	0.01204	0.01158	0.02247	0.09736	0.03156	0.05954	0.51163	0.06827	0.03218	0.01392	0.00445	0.00690	0.02903	0.01060	0.01048
4	0.02334	0.02001	0.02334	0.01667	0.02667	0.01500	0.01334	0.02834	0.02334	0.03668	0.02001	0.02334	0.01667	0.00834	0.00834	0.00167	0.00834	0.00667	0.00667	0.67325
5	0.01955	0.00978	0.01466	0.01466	0.01466	0.00978	0.00978	0.01466	0.01466	0.01955	0.01955	0.03421	0.01955	0.03910	0.04399	0.67253	0.00978	0.00978	0.00489	0.00489
6	0.08343	0.02640	0.03184	0.24528	0.11783	0.10508	0.02531	0.03907	0.06832	0.11204	0.02543	0.02962	0.01875	0.01183	0.01075	0.00351	0.01371	0.00972	0.00729	0.01478
7	0.02126	0.02001	0.03376	0.57739	0.07752	0.02501	0.03126	0.02876	0.02251	0.02876	0.02001	0.03001	0.01500	0.01125	0.01125	0.00375	0.01500	0.01000	0.00500	0.01250
8	0.02263	0.01489	0.01880	0.01675	0.02058	0.01493	0.01307	0.02936	0.06949	0.11796	0.30523	0.07190	0.14411	0.02151	0.01495	0.00372	0.05814	0.01791	0.01159	0.01251
9	0.01637	0.01091	0.01228	0.01228	0.01228	0.01091	0.00682	0.01637	0.01637	0.02182	0.03546	0.07365	0.04092	0.60445	0.05729	0.01091	0.01091	0.01637	0.00682	0.00682
10	0.24007	0.03047	0.02768	0.23538	0.04705	0.18237	0.02234	0.03491	0.02419	0.03538	0.01785	0.02339	0.01395	0.01110	0.00955	0.00341	0.01454	0.00794	0.00587	0.01256
11	0.01457	0.01045	0.01382	0.01509	0.01651	0.00971	0.01051	0.01781	0.02551	0.03504	0.24138	0.39977	0.08666	0.03055	0.01395	0.00417	0.00606	0.02752	0.01119	0.00971
12	0.03636	0.03199	0.02992	0.02513	0.03249	0.11724	0.01993	0.23712	0.24587	0.05372	0.03346	0.03231	0.02487	0.01395	0.01116	0.00349	0.01219	0.01077	0.01045	0.01759
13	0.02876	0.51360	0.14498	0.02152	0.03239	0.04129	0.02320	0.03405	0.02303	0.02810	0.01645	0.01906	0.01441	0.00982	0.00783	0.00261	0.01285	0.00642	0.00480	0.01483
14	0.04956	0.02067	0.02706	0.02074	0.02949	0.01879	0.01714	0.10885	0.03474	0.48446	0.04228	0.03693	0.02680	0.01388	0.01131	0.00347	0.00992	0.01117	0.01360	0.01915
15	0.02855	0.03050	0.06243	0.04481	0.05590	0.02925	0.43568	0.09235	0.02979	0.04032	0.02329	0.02995	0.01733	0.00998	0.01304	0.00374	0.01817	0.01290	0.00637	0.01566

[dist]
# distance from previous block
# <min> <max>
0	7

[block]
# block no. 4 follows, 11 sequences, length 39
# corresponding to MSA columns:
# 662-677,679-701
name=unknown_E
#
# <colnr> <probs for GDERKNQSTAVLIFYWHMCP>
#	G	D	E	R	K	N	Q	S	T	A	V	L	I	F	Y	W	H	M	C	P
0	0.01530	0.01119	0.01437	0.01419	0.01659	0.01025	0.01041	0.01978	0.02945	0.04087	0.40746	0.17935	0.13740	0.02571	0.01348	0.00375	0.00557	0.02277	0.01187	0.01025
1	0.02403	0.11368	0.02601	0.01838	0.02278	0.02152	0.01461	0.03280	0.11796	0.07805	0.03314	0.04415	0.02936	0.14428	0.21935	0.01003	0.01761	0.01189	0.00778	0.01259
2	0.01492	0.01072	0.01414	0.01485	0.01659	0.00995	0.01054	0.01870	0.02715	0.03765	0.31541	0.31832	0.09170	0.02860	0.01377	0.00401	0.00587	0.02567	0.01150	0.00995
3	0.05050	0.01915	0.02612	0.02003	0.02873	0.01654	0.01654	0.05485	0.03221	0.54203	0.04440	0.03831	0.02786	0.01393	0.01132	0.00348	0.00958	0.01132	0.01393	0.01915
4	0.02409	0.02407	0.03000	0.23675	0.13147	0.10915	0.02501	0.02943	0.02478	0.03046	0.03177	0.14253	0.03170	0.01765	0.01209	0.00385	0.01354	0.06220	0.00681	0.01266
5	0.02318	0.02197	0.03724	0.42909	0.21077	0.02551	0.03222	0.03045	0.02342	0.03110	0.02035	0.02938	0.01583	0.01090	0.01122	0.00363	0.01453	0.01001	0.00517	0.01406
6	0.02792	0.45151	0.19967	0.02296	0.03461	0.03922	0.02571	0.03426	0.02313	0.02913	0.01696	0.01970	0.01439	0.00994	0.00822	0.00274	0.01336	0.00668	0.00480	0.01508
7	0.09784	0.04650	0.03094	0.02715	0.03369	0.40926	0.02085	0.13327	0.03495	0.03812	0.01915	0.02145	0.01522	0.01188	0.01009	0.00304	0.01773	0.00772	0.00698	0.01418
8	0.05050	0.01915	0.02612	0.02003	0.02873	0.01654	0.01654	0.05485	0.03221	0.54203	0.04440	0.03831	0.02786	0.01393	0.01132	0.00348	0.00958	0.01132	0.01393	0.01915
9	0.03341	0.02764	0.03797	0.14637	0.21909	0.03014	0.02791	0.24446	0.03749	0.05084	0.02362	0.02789	0.01789	0.01185	0.01122	0.00344	0.01323	0.01007	0.00806	0.01741
10	0.09402	0.02968	0.03862	0.03282	0.08230	0.12715	0.14221	0.04440	0.02900	0.22411	0.02904	0.03012	0.02025	0.01168	0.01122	0.00344	0.01437	0.01048	0.00888	0.01623
11	0.01357	0.01036	0.01248	0.01418	0.01593	0.00927	0.00979	0.01584	0.02298	0.02932	0.08017	0.42659	0.23325	0.03290	0.01399	0.00430	0.00624	0.02912	0.01045	0.00927
12	0.01569	0.01063	0.01248	0.01314	0.01331	0.01046	0.00774	0.01619	0.01768	0.02358	0.04222	0.20673	0.04944	0.45974	0.04638	0.00930	0.00980	0.02034	0.00774	0.00741
13	0.02514	0.02459	0.04268	0.23918	0.28100	0.02702	0.08000	0.03202	0.02388	0.03304	0.02035	0.02857	0.01650	0.01128	0.01375	0.00367	0.06645	0.01034	0.00533	0.01521
14	0.03486	0.02866	0.03762	0.02962	0.03791	0.08411	0.14114	0.09087	0.20033	0.14036	0.03480	0.03456	0.02510	0.01296	0.01174	0.00361	0.01319	0.01177	0.00982	0.01700
15	0.02644	0.01952	0.02798	0.07240	0.03165	0.02167	0.06028	0.10455	0.02604	0.08737	0.02885	0.04157	0.02537	0.14130	0.16444	0.00882	0.07918	0.01215	0.00761	0.01282
16	0.01416	0.01023	0.01305	0.01481	0.01591	0.00950	0.00997	0.01638	0.02257	0.03004	0.11490	0.44959	0.11629	0.08487	0.01804	0.00496	0.00672	0.02857	0.01033	0.00912
17	0.03205	0.13658	0.17334	0.02897	0.08067	0.08612	0.02615	0.11286	0.03110	0.09244	0.07058	0.03049	0.02549	0.01251	0.01048	0.00323	0.01345	0.00971	0.00769	0.01609
18	0.09831	0.08497	0.08811	0.02649	0.07214	0.07125	0.02185	0.12363	0.03232	0.22831	0.02932	0.02870	0.02026	0.01228	0.01035	0.00331	0.01220	0.00937	0.00963	0.01719
19	0.03236	0.02924	0.03756	0.18772	0.09375	0.08006	0.06659	0.20098	0.03461	0.04516	0.02221	0.02739	0.01687	0.01255	0.01348	0.00360	0.06269	0.01007	0.00745	0.01566
20	0.52076	0.02987	0.02045	0.01841	0.02508	0.16101	0.01462	0.03610	0.02239	0.04466	0.01611	0.01880	0.01278	0.01074	0.00777	0.00333	0.01165	0.00639	0.00667	0.01241
21	0.39472	0.02057	0.02092	0.01719	0.02495	0.02127	0.01418	0.04302	0.02512	0.27493	0.02879	0.02743	0.01934	0.01204	0.00895	0.00348	0.00910	0.00848	0.01015	0.01537
22	0.01792	0.07155	0.06835	0.01855	0.02420	0.01634	0.05468	0.02320	0.02713	0.03552	0.20407	0.08087	0.23235	0.02229	0.01271	0.00370	0.00864	0.05690	0.00960	0.01144
23	0.02959	0.01781	0.01965	0.01863	0.02265	0.07135	0.01379	0.03249	0.02638	0.20733	0.05106	0.34001	0.05172	0.02527	0.01285	0.00401	0.00908	0.02211	0.01116	0.01305
24	0.02785	0.02955	0.03264	0.07475	0.03738	0.16068	0.10156	0.03837	0.12379	0.03573	0.08135	0.08630	0.03403	0.01496	0.01160	0.00342	0.01351	0.01318	0.00801	0.07135
25	0.03080	0.01648	0.02105	0.01781	0.02352	0.01498	0.01389	0.07397	0.03089	0.21875	0.16910	0.15814	0.05543	0.01988	0.01211	0.00352	0.00799	0.01716	0.01186	0.08268
26	0.03015	0.43975	0.10585	0.02191	0.03161	0.08768	0.02176	0.03764	0.07462	0.02970	0.01942	0.02136	0.01649	0.01051	0.00830	0.00272	0.01296	0.00707	0.00558	0.01490
27	0.03629	0.02184	0.03569	0.18112	0.13140	0.02180	0.07294	0.04242	0.02789	0.26524	0.03163	0.03347	0.02157	0.01208	0.01147	0.00356	0.01266	0.01095	0.00925	0.01673
28	0.11087	0.02770	0.08095	0.02324	0.03076	0.07267	0.02059	0.04463	0.02723	0.29639	0.03098	0.03051	0.02117	0.01402	0.01523	0.00369	0.11336	0.00980	0.00986	0.01635
29	0.09808	0.01658	0.02063	0.01700	0.02273	0.01537	0.01307	0.03981	0.02681	0.31640	0.08161	0.04967	0.03664	0.16885	0.02310	0.00543	0.00947	0.01294	0.01128	0.01453
30	0.01365	0.01006	0.01279	0.01497	0.01614	0.00920	0.01014	0.01575	0.02223	0.02901	0.07060	0.51653	0.14948	0.03415	0.01419	0.00444	0.00639	0.03064	0.01045	0.00920
31	0.03706	0.01852	0.02552	0.11846	0.03543	0.01822	0.01828	0.04498	0.08030	0.31453	0.12295	0.04504	0.03964	0.01515	0.01166	0.00357	0.00974	0.01278	0.01182	0.01637
32	0.09052	0.08874	0.21835	0.02497	0.03654	0.02662	0.02639	0.12509	0.03100	0.18447	0.02744	0.02747	0.01881	0.01200	0.01035	0.00340	0.01280	0.00910	0.00871	0.01723
33	0.08448	0.01429	0.01821	0.01721	0.02140	0.01326	0.01286	0.03171	0.02531	0.22122	0.05154	0.34025	0.05184	0.02523	0.01260	0.00407	0.00785	0.02211	0.01144	0.01312
34	0.02846	0.02230	0.03681	0.30197	0.23439	0.02424	0.03002	0.03515	0.02523	0.11626	0.02445	0.03060	0.01814	0.01125	0.01122	0.00356	0.01352	0.01023	0.00668	0.01552
35	0.03532	0.18244	0.18601	0.02557	0.03700	0.02743	0.06456	0.04240	0.02694	0.22349	0.02834	0.02832	0.01965	0.01154	0.01026	0.00326	0.01301	0.00928	0.00829	0.01690
36	0.02323	0.01501	0.02252	0.07290	0.07098	0.01578	0.01715	0.02780	0.02330	0.11771	0.08536	0.09495	0.03830	0.04841	0.26223	0.01027	0.01907	0.01424	0.00831	0.01248
37	0.02916	0.02834	0.05706	0.05067	0.18358	0.02688	0.32542	0.03741	0.02684	0.08379	0.02437	0.03044	0.01829	0.01005	0.01252	0.00364	0.01659	0.01222	0.00643	0.01626
38	0.09174	0.08181	0.08570	0.02466	0.03299	0.07448	0.07083	0.04334	0.11153	0.16294	0.03367	0.08186	0.02676	0.01436	0.01089	0.00353	0.01209	0.01201	0.00912	0.01570

[dist]
# distance from previous block
# <min> <max>
0	1

[block]
# block no. 5 follows, 11 sequences, length 36
# corresponding to MSA columns:
# 703-738
name=unknown_F
#
# <colnr> <probs for GDERKNQSTAVLIFYWHMCP>
#	G	D	E	R	K	N	Q	S	T	A	V	L	I	F	Y	W	H	M	C	P
0	0.09465	0.07734	0.14512	0.02780	0.07680	0.02715	0.02461	0.15920	0.03327	0.18437	0.02793	0.02802	0.01938	0.01215	0.01045	0.00338	0.01228	0.00938	0.00922	0.01751
1	0.02014	0.01211	0.01541	0.01507	0.01822	0.01084	0.01110	0.02367	0.02719	0.11537	0.21182	0.25690	0.16517	0.02683	0.01334	0.00393	0.00648	0.02356	0.01159	0.01125
2	0.02983	0.03323	0.03390	0.22446	0.14990	0.22484	0.02675	0.03501	0.02660	0.02993	0.02250	0.06958	0.01997	0.01298	0.01106	0.00341	0.01601	0.01067	0.00584	0.01354
3	0.01425	0.01018	0.01367	0.01628	0.01717	0.00960	0.01138	0.01659	0.02207	0.02933	0.06174	0.54041	0.07328	0.03476	0.01451	0.00464	0.00699	0.08342	0.01044	0.00929
4	0.03445	0.11731	0.07713	0.02746	0.08499	0.02557	0.02226	0.12428	0.03193	0.17166	0.03517	0.04873	0.02941	0.01598	0.01145	0.00363	0.01166	0.10107	0.00959	0.01626
5	0.02943	0.56257	0.10183	0.02039	0.03063	0.04292	0.02122	0.03387	0.02295	0.02729	0.01605	0.01856	0.01443	0.00972	0.00753	0.00251	0.01244	0.00622	0.00481	0.01464
6	0.02853	0.27102	0.29890	0.02575	0.03878	0.03232	0.03012	0.03695	0.02432	0.08663	0.02102	0.02309	0.01580	0.01062	0.00940	0.00310	0.01407	0.00774	0.00577	0.01605
7	0.03000	0.15937	0.16643	0.02253	0.03254	0.02718	0.02302	0.09270	0.06958	0.11753	0.04111	0.04037	0.10192	0.01457	0.01059	0.00334	0.01160	0.01137	0.00847	0.01580
8	0.04482	0.01878	0.02436	0.01932	0.02711	0.01716	0.01575	0.05232	0.08467	0.43327	0.04373	0.03911	0.02869	0.01399	0.01096	0.00343	0.00904	0.01139	0.08405	0.01807
9	0.19045	0.02490	0.07613	0.02032	0.02874	0.02200	0.01816	0.11997	0.03184	0.23493	0.09060	0.03573	0.03077	0.01381	0.01046	0.00348	0.01005	0.01068	0.01073	0.01624
10	0.09347	0.04837	0.41054	0.02843	0.04284	0.02453	0.03466	0.03843	0.02464	0.11734	0.02358	0.02552	0.01620	0.01118	0.01042	0.00354	0.01472	0.00857	0.00643	0.01659
11	0.01788	0.01186	0.01481	0.01425	0.01737	0.01062	0.01061	0.02201	0.02880	0.08107	0.31661	0.16714	0.19366	0.02547	0.01329	0.00376	0.00596	0.02223	0.01176	0.01085
12	0.02136	0.01271	0.01678	0.01508	0.01869	0.01155	0.01155	0.02652	0.03192	0.12317	0.45230	0.07689	0.09390	0.02158	0.01297	0.00353	0.00598	0.01894	0.01263	0.01196
13	0.09852	0.02541	0.04488	0.18922	0.23236	0.02658	0.15335	0.03328	0.02435	0.03602	0.02068	0.02802	0.01627	0.01025	0.01128	0.00358	0.01477	0.01045	0.00561	0.01512
14	0.02659	0.18148	0.27768	0.03080	0.09278	0.03007	0.03077	0.06975	0.02595	0.03639	0.01971	0.02304	0.01533	0.01032	0.00969	0.00304	0.01393	0.00791	0.00557	0.08920
15	0.03087	0.01814	0.06084	0.01964	0.02534	0.01463	0.01673	0.03531	0.02634	0.24855	0.04717	0.19572	0.04327	0.02973	0.07869	0.00573	0.01188	0.06621	0.01095	0.01424
16	0.04630	0.01969	0.02531	0.01968	0.02775	0.01809	0.01617	0.10496	0.03376	0.42980	0.04146	0.03735	0.02692	0.01379	0.01093	0.00337	0.00944	0.01108	0.08598	0.01819
17	0.02347	0.02292	0.03959	0.37445	0.06585	0.02623	0.13017	0.03523	0.10057	0.03323	0.02466	0.03197	0.01850	0.01150	0.01173	0.00377	0.01491	0.01115	0.00617	0.01392
18	0.03989	0.08406	0.03350	0.13410	0.09918	0.02243	0.02186	0.04506	0.02853	0.32585	0.03376	0.03325	0.02271	0.01248	0.01084	0.00340	0.01135	0.01034	0.01021	0.01720
19	0.02379	0.02246	0.03094	0.11386	0.03608	0.02958	0.02329	0.03261	0.10949	0.03092	0.02297	0.03078	0.01985	0.02452	0.08455	0.00595	0.32835	0.01064	0.00626	0.01311
20	0.01966	0.01225	0.01588	0.01479	0.01807	0.01109	0.01114	0.02431	0.03035	0.10218	0.38855	0.13214	0.12886	0.02360	0.01315	0.00366	0.00598	0.02072	0.01222	0.01141
21	0.02540	0.03547	0.25925	0.02643	0.03716	0.02028	0.07391	0.03444	0.02777	0.11802	0.17446	0.04454	0.04386	0.01472	0.01181	0.00357	0.01241	0.01285	0.00855	0.01511
22	0.25735	0.09288	0.10324	0.02033	0.02903	0.02686	0.01924	0.12257	0.02934	0.09043	0.08275	0.03036	0.02673	0.01279	0.00949	0.00336	0.01061	0.00935	0.00846	0.01482
23	0.01741	0.01472	0.02056	0.08885	0.08001	0.01545	0.01594	0.02089	0.02306	0.03055	0.09751	0.20928	0.16205	0.08294	0.01950	0.00474	0.05656	0.02065	0.00861	0.01072
24	0.01469	0.01067	0.01348	0.01434	0.01596	0.00986	0.00993	0.01770	0.02501	0.03383	0.22451	0.31495	0.13238	0.08754	0.01819	0.00477	0.00646	0.02553	0.01075	0.00945
25	0.02879	0.20151	0.22620	0.02622	0.03715	0.11526	0.02753	0.04150	0.12476	0.03420	0.02374	0.02538	0.01845	0.01148	0.00982	0.00320	0.01438	0.00842	0.00630	0.01571
26	0.08507	0.02280	0.03155	0.24294	0.10412	0.02539	0.02473	0.10625	0.07207	0.13339	0.02756	0.03095	0.01976	0.01223	0.01092	0.00359	0.01239	0.01019	0.00835	0.01573
27	0.10048	0.02016	0.02521	0.02004	0.02823	0.01908	0.01637	0.05379	0.10676	0.42277	0.04220	0.03720	0.02756	0.01385	0.01097	0.00354	0.00940	0.01110	0.01295	0.01836
28	0.02253	0.01701	0.01896	0.01707	0.02153	0.01711	0.01309	0.15891	0.03379	0.04435	0.14242	0.18852	0.21102	0.02470	0.01293	0.00380	0.00780	0.02101	0.01100	0.01245
29	0.02741	0.04576	0.33423	0.03610	0.12160	0.02793	0.03498	0.11865	0.06910	0.04297	0.02364	0.02647	0.01732	0.01146	0.01093	0.00352	0.01474	0.00927	0.00657	0.01736
30	0.02076	0.01270	0.01532	0.01507	0.01802	0.01216	0.01108	0.05612	0.02730	0.08097	0.14254	0.26201	0.09799	0.02454	0.01225	0.00374	0.00664	0.02145	0.14807	0.01127
31	0.03445	0.02296	0.02274	0.01949	0.02575	0.10149	0.01530	0.04261	0.10537	0.22792	0.10354	0.05525	0.13930	0.01772	0.01177	0.00352	0.00992	0.01440	0.01139	0.01512
32	0.02858	0.02685	0.04516	0.12326	0.37257	0.02762	0.08215	0.08523	0.02838	0.03951	0.02185	0.02829	0.01755	0.01050	0.01140	0.00344	0.01406	0.01039	0.00615	0.01705
33	0.03070	0.02829	0.11813	0.13134	0.04721	0.02331	0.13520	0.07579	0.02945	0.15562	0.08171	0.03661	0.02853	0.01282	0.01188	0.00362	0.01368	0.01194	0.00851	0.01567
34	0.02263	0.02086	0.03206	0.46431	0.06768	0.02562	0.02852	0.03509	0.12273	0.03249	0.02527	0.03245	0.01895	0.01207	0.01129	0.00376	0.01376	0.01056	0.00632	0.01359
35	0.32045	0.02406	0.02325	0.01965	0.02703	0.02699	0.01592	0.13314	0.15855	0.10300	0.02879	0.02831	0.02102	0.01268	0.00944	0.00355	0.00957	0.00917	0.00970	0.01575

[dist]
# distance from previous block
# <min> <max>
0	7

[block]
# block no. 6 follows, 11 sequences, length 23
# corresponding to MSA columns:
# 746-768
name=unknown_G
#
# <colnr> <probs for GDERKNQSTAVLIFYWHMCP>
#	G	D	E	R	K	N	Q	S	T	A	V	L	I	F	Y	W	H	M	C	P
0	0.02752	0.02295	0.03270	0.21523	0.14867	0.02537	0.02535	0.15680	0.03325	0.04506	0.11789	0.03893	0.03390	0.01383	0.01161	0.00352	0.01212	0.01199	0.00823	0.01507
1	0.03841	0.02933	0.02942	0.02428	0.03117	0.17654	0.05887	0.04502	0.06785	0.22602	0.11618	0.04032	0.03668	0.01449	0.01149	0.00337	0.01277	0.01192	0.01038	0.01548
2	0.02600	0.02288	0.03501	0.42026	0.11736	0.02705	0.02974	0.11749	0.02856	0.03754	0.02145	0.02922	0.01608	0.01155	0.01124	0.00364	0.01434	0.01003	0.00624	0.01431
3	0.03009	0.61122	0.05898	0.01926	0.02889	0.04454	0.01926	0.03370	0.02287	0.02648	0.01565	0.01805	0.01444	0.00963	0.00722	0.00241	0.01204	0.00602	0.00481	0.01444
4	0.01533	0.01128	0.01499	0.01525	0.01715	0.01138	0.01110	0.01876	0.02312	0.03182	0.18191	0.17107	0.11075	0.10751	0.19642	0.00929	0.01428	0.01981	0.00916	0.00963
5	0.08610	0.08978	0.03084	0.02219	0.03009	0.02947	0.01829	0.17231	0.21292	0.13828	0.03486	0.03285	0.02522	0.01357	0.01057	0.00346	0.01030	0.01053	0.01076	0.01761
6	0.02796	0.08398	0.21187	0.02513	0.03525	0.02647	0.02580	0.08256	0.16939	0.08236	0.03412	0.08833	0.02779	0.01495	0.01110	0.00362	0.01202	0.01222	0.00861	0.01646
7	0.03058	0.01480	0.01940	0.01711	0.02238	0.01311	0.01363	0.03471	0.02933	0.25651	0.15290	0.12471	0.13389	0.02204	0.01278	0.00383	0.00789	0.06407	0.01233	0.01398
8	0.02638	0.02546	0.07764	0.01999	0.02540	0.11663	0.01750	0.03196	0.02870	0.09050	0.16970	0.06059	0.05127	0.01822	0.01167	0.00353	0.01063	0.08420	0.11744	0.01257
9	0.03463	0.07821	0.09161	0.04454	0.26569	0.02655	0.02817	0.08800	0.02968	0.16327	0.02691	0.02908	0.01978	0.01138	0.01082	0.00332	0.01256	0.00984	0.00807	0.01788
10	0.03148	0.03536	0.17957	0.02962	0.08896	0.10806	0.02559	0.03797	0.02694	0.15655	0.03362	0.13517	0.02934	0.01618	0.01150	0.00360	0.01325	0.01352	0.00832	0.01538
11	0.01482	0.01101	0.01389	0.01470	0.01688	0.01008	0.01079	0.01845	0.02651	0.03549	0.24276	0.27264	0.17538	0.02909	0.01386	0.00409	0.00624	0.06232	0.01115	0.00986
12	0.02566	0.14479	0.18647	0.12296	0.08520	0.02998	0.02869	0.04044	0.15396	0.03588	0.02620	0.02894	0.02007	0.01175	0.01037	0.00343	0.01316	0.00948	0.00666	0.01593
13	0.08958	0.03490	0.21536	0.02643	0.03737	0.02343	0.06173	0.08965	0.02840	0.17246	0.02813	0.03010	0.01985	0.01946	0.06834	0.00506	0.01522	0.00988	0.00827	0.01638
14	0.02709	0.01403	0.01831	0.01580	0.02058	0.01246	0.01235	0.03181	0.03129	0.20806	0.32241	0.07159	0.12691	0.02061	0.01263	0.00355	0.00677	0.01774	0.01269	0.01332
15	0.01400	0.01034	0.01310	0.01471	0.01622	0.00944	0.01016	0.01666	0.02392	0.03168	0.14668	0.43129	0.15627	0.03213	0.01401	0.00427	0.00619	0.02871	0.01076	0.00944
16	0.09257	0.26701	0.13692	0.02153	0.03196	0.03048	0.02200	0.04073	0.02568	0.19393	0.02564	0.02558	0.01847	0.01127	0.00916	0.00306	0.01183	0.00814	0.00788	0.01615
17	0.01615	0.01177	0.01665	0.01665	0.01816	0.01329	0.01227	0.01917	0.01766	0.02506	0.03146	0.05151	0.03130	0.21322	0.43536	0.01631	0.02538	0.01313	0.00623	0.00925
18	0.04097	0.10613	0.03500	0.02742	0.03422	0.40824	0.02143	0.12886	0.03494	0.03561	0.01903	0.02134	0.01537	0.01176	0.01006	0.00294	0.01797	0.00767	0.00673	0.01434
19	0.09669	0.01949	0.02949	0.32334	0.10582	0.02219	0.02494	0.03095	0.02480	0.07967	0.10239	0.03779	0.03058	0.01313	0.01110	0.00362	0.01212	0.01133	0.00723	0.01332
20	0.13736	0.02430	0.03538	0.10444	0.27422	0.02524	0.02644	0.07525	0.02762	0.12727	0.02461	0.02828	0.01844	0.01118	0.01053	0.00344	0.01207	0.00962	0.00763	0.01667
21	0.01418	0.01013	0.01360	0.01621	0.01707	0.00955	0.01126	0.01648	0.02201	0.02926	0.06178	0.54733	0.07342	0.03482	0.01449	0.00464	0.00694	0.07715	0.01044	0.00927
22	0.10277	0.02856	0.16536	0.02157	0.03101	0.01887	0.02172	0.04034	0.02844	0.24863	0.13461	0.04165	0.03864	0.01455	0.01109	0.00352	0.01054	0.01181	0.01036	0.01596

[dist]
# distance from previous block
# <min> <max>
0	3

[block]
# block no. 7 follows, 11 sequences, length 20
# corresponding to MSA columns:
# 772-791
name=unknown_H
#
# <colnr> <probs for GDERKNQSTAVLIFYWHMCP>
#	G	D	E	R	K	N	Q	S	T	A	V	L	I	F	Y	W	H	M	C	P
0	0.13295	0.07910	0.02866	0.02064	0.02834	0.08262	0.01701	0.12127	0.03298	0.23969	0.07832	0.03410	0.02898	0.01359	0.01037	0.00331	0.01093	0.01031	0.01060	0.01624
1	0.10782	0.17527	0.14088	0.02282	0.03300	0.03004	0.02266	0.10528	0.07597	0.14268	0.02684	0.02687	0.01942	0.01189	0.00970	0.00325	0.01186	0.00878	0.00841	0.01656
2	0.10432	0.08301	0.09013	0.02352	0.03377	0.02397	0.07680	0.07992	0.02735	0.11076	0.02354	0.02561	0.01753	0.01037	0.00964	0.00283	0.01151	0.00851	0.00765	0.22925
3	0.25223	0.21592	0.11409	0.02069	0.03014	0.03270	0.02037	0.08077	0.06975	0.04223	0.02022	0.02207	0.01593	0.01096	0.00845	0.00317	0.01136	0.00741	0.00677	0.01478
4	0.02774	0.01802	0.02677	0.02246	0.02799	0.01729	0.08121	0.08766	0.03119	0.14648	0.15669	0.16080	0.05628	0.02125	0.01307	0.00392	0.00975	0.06660	0.01105	0.01377
5	0.01637	0.01205	0.01408	0.01389	0.01700	0.01081	0.01034	0.01989	0.02475	0.03377	0.14844	0.14275	0.19863	0.09569	0.01806	0.00455	0.00707	0.06816	0.07319	0.07050
6	0.03192	0.02186	0.02558	0.01918	0.02816	0.01953	0.01554	0.14060	0.03236	0.13192	0.06538	0.03149	0.02613	0.01163	0.00991	0.00252	0.00925	0.00933	0.00942	0.35828
7	0.68395	0.02177	0.01654	0.01480	0.02177	0.02525	0.01219	0.03309	0.01915	0.05050	0.01567	0.01828	0.01219	0.01045	0.00697	0.00348	0.00871	0.00609	0.00697	0.01219
8	0.01471	0.01057	0.01396	0.01499	0.01655	0.00981	0.01053	0.01818	0.02620	0.03613	0.27230	0.36575	0.08876	0.02974	0.01387	0.00411	0.00598	0.02675	0.01132	0.00981
9	0.52170	0.02237	0.02349	0.01920	0.02691	0.02440	0.06697	0.03645	0.02181	0.11734	0.02047	0.02243	0.01492	0.01082	0.00828	0.00352	0.00998	0.00763	0.00779	0.01350
10	0.02415	0.01964	0.02306	0.01779	0.02615	0.01650	0.01437	0.07858	0.02780	0.04111	0.08178	0.04046	0.03161	0.01273	0.00990	0.00240	0.00863	0.05165	0.00817	0.46353
11	0.02355	0.01552	0.01901	0.01701	0.02137	0.01548	0.01312	0.03488	0.14393	0.11480	0.34877	0.06792	0.07859	0.01995	0.01258	0.00360	0.00674	0.01732	0.01239	0.01348
