[name]
unknown

[dist]
# distance from previous block
# <min> <max>
1	61

[block]
# block no. 0 follows, 14 sequences, length 6
# corresponding to MSA columns:
# 61-66
name=unknown_A
#
# <colnr> <probs for GDERKNQSTAVLIFYWHMCP>
#	G	D	E	R	K	N	Q	S	T	A	V	L	I	F	Y	W	H	M	C	P
0	0.13040	0.13064	0.10310	0.07840	0.12130	0.06623	0.06151	0.05950	0.02312	0.03355	0.02159	0.08581	0.01957	0.01198	0.00934	0.00310	0.01196	0.00995	0.00582	0.01315
1	0.07725	0.08795	0.03171	0.02626	0.09629	0.02511	0.06137	0.15474	0.10717	0.11001	0.03522	0.03517	0.08138	0.01287	0.00999	0.00313	0.01018	0.01069	0.00855	0.01495
2	0.01642	0.01230	0.01452	0.01296	0.01598	0.01080	0.00878	0.01853	0.01898	0.02707	0.09166	0.12853	0.04150	0.30592	0.02957	0.00597	0.00817	0.01460	0.00718	0.21056
3	0.10037	0.09403	0.22092	0.02792	0.10763	0.02392	0.02513	0.03795	0.08295	0.14565	0.02477	0.02568	0.01783	0.01061	0.00933	0.00312	0.01149	0.00838	0.00703	0.01528
4	0.02639	0.09868	0.18863	0.02669	0.08852	0.02202	0.05760	0.03418	0.06022	0.13585	0.02644	0.03327	0.02131	0.11644	0.01691	0.00425	0.01191	0.00987	0.00683	0.01398
5	0.01855	0.01600	0.02388	0.03213	0.22179	0.01580	0.01800	0.02459	0.06401	0.03283	0.13245	0.22489	0.09357	0.01989	0.01156	0.00349	0.00816	0.01804	0.00826	0.01211

[dist]
# distance from previous block
# <min> <max>
0	1

[block]
# block no. 1 follows, 14 sequences, length 47
# corresponding to MSA columns:
# 68-114
name=unknown_B
#
# <colnr> <probs for GDERKNQSTAVLIFYWHMCP>
#	G	D	E	R	K	N	Q	S	T	A	V	L	I	F	Y	W	H	M	C	P
0	0.03114	0.02987	0.10513	0.03950	0.21358	0.06723	0.10272	0.12269	0.02891	0.12329	0.02336	0.02612	0.01716	0.01035	0.01038	0.00313	0.01310	0.00941	0.00709	0.01583
1	0.02385	0.07752	0.08312	0.08863	0.18069	0.02568	0.15771	0.06055	0.02351	0.03235	0.02211	0.07715	0.01963	0.01211	0.01275	0.00336	0.06867	0.01120	0.00560	0.01381
2	0.01531	0.01051	0.01408	0.06470	0.01828	0.01097	0.01001	0.01626	0.01701	0.02295	0.06790	0.14078	0.03964	0.30035	0.10075	0.10996	0.01118	0.01547	0.00657	0.00729
3	0.02729	0.25756	0.16789	0.02652	0.03619	0.06841	0.12611	0.03352	0.02267	0.07596	0.01880	0.02196	0.01469	0.01000	0.01059	0.00294	0.05170	0.00798	0.00532	0.01391
4	0.03181	0.06129	0.13261	0.02443	0.07513	0.02154	0.02098	0.07898	0.11865	0.22528	0.07611	0.03386	0.02797	0.01249	0.01015	0.00317	0.01012	0.01026	0.00933	0.01583
5	0.02026	0.00965	0.01427	0.01379	0.01447	0.00944	0.00944	0.01653	0.01475	0.06648	0.01978	0.03152	0.01848	0.03367	0.03754	0.64125	0.00890	0.00903	0.00517	0.00558
6	0.01668	0.01337	0.01663	0.06752	0.02297	0.01413	0.01317	0.02601	0.15065	0.03197	0.09717	0.30664	0.09826	0.02412	0.01213	0.00384	0.00725	0.05731	0.00946	0.01073
7	0.03557	0.05867	0.03001	0.10754	0.13772	0.02040	0.02030	0.04242	0.07137	0.32102	0.03188	0.03120	0.02180	0.01155	0.01006	0.00315	0.01015	0.00974	0.00943	0.01604
8	0.06858	0.02070	0.02507	0.02376	0.07163	0.05761	0.04614	0.04093	0.17645	0.18868	0.03758	0.13492	0.03142	0.01553	0.01063	0.00340	0.00947	0.01340	0.00959	0.01451
9	0.02433	0.02720	0.05733	0.04132	0.05131	0.02591	0.49309	0.03474	0.07012	0.03374	0.02257	0.02860	0.01693	0.00910	0.01197	0.00346	0.01651	0.01207	0.00564	0.01405
10	0.02850	0.18523	0.03185	0.01768	0.02644	0.02431	0.01523	0.12633	0.02698	0.08697	0.02043	0.02189	0.01602	0.00926	0.00808	0.00214	0.00929	0.00691	0.00703	0.32944
11	0.02228	0.05368	0.05137	0.01541	0.02044	0.01354	0.01292	0.02657	0.02570	0.14937	0.23317	0.14101	0.10475	0.01895	0.01107	0.00319	0.00703	0.01631	0.00995	0.06327
12	0.03413	0.01627	0.02127	0.01685	0.02311	0.01440	0.01333	0.06812	0.02520	0.30976	0.02982	0.03080	0.02115	0.01725	0.01699	0.17122	0.00873	0.00911	0.00931	0.14320
13	0.01452	0.01051	0.01345	0.01295	0.01522	0.00976	0.00966	0.01880	0.02716	0.03786	0.46391	0.07951	0.11993	0.07502	0.01568	0.00391	0.00557	0.04663	0.01064	0.00931
14	0.02217	0.10045	0.39927	0.03187	0.04519	0.02592	0.16768	0.03244	0.02226	0.03183	0.01865	0.02277	0.01369	0.00937	0.01008	0.00321	0.01535	0.00858	0.00456	0.01464
15	0.12123	0.01247	0.01411	0.01295	0.01664	0.01194	0.00998	0.02266	0.02620	0.08524	0.34764	0.06857	0.17355	0.01957	0.01109	0.00326	0.00571	0.01653	0.01032	0.01035
16	0.20233	0.01411	0.01561	0.01429	0.01865	0.01396	0.01103	0.02739	0.02369	0.15566	0.16532	0.16747	0.09397	0.01891	0.01042	0.00342	0.00675	0.01582	0.00980	0.01138
17	0.01816	0.01225	0.01492	0.01403	0.01692	0.01168	0.01036	0.06700	0.02699	0.07277	0.27368	0.18280	0.13855	0.07423	0.01537	0.00399	0.00639	0.01940	0.01028	0.01021
18	0.02921	0.01885	0.02163	0.01854	0.02441	0.01983	0.01465	0.07508	0.27914	0.18295	0.11921	0.04605	0.07419	0.01531	0.01075	0.00334	0.00781	0.01278	0.01108	0.01520
19	0.31303	0.02223	0.02145	0.01823	0.02489	0.02515	0.01472	0.14416	0.19722	0.08175	0.02682	0.02635	0.01976	0.01170	0.00871	0.00325	0.00873	0.00854	0.00885	0.01445
20	0.02384	0.01314	0.01668	0.01587	0.01936	0.01231	0.01178	0.07192	0.02516	0.17821	0.05330	0.37336	0.09377	0.02464	0.01202	0.00375	0.00712	0.02170	0.01044	0.01163
21	0.15590	0.02272	0.03560	0.02982	0.07921	0.02320	0.19667	0.06772	0.09935	0.08445	0.02538	0.03094	0.01996	0.06773	0.01402	0.00392	0.01203	0.01048	0.00720	0.01371
22	0.34031	0.02476	0.02376	0.01908	0.02646	0.02788	0.01575	0.31230	0.03446	0.05633	0.02000	0.02107	0.01461	0.01107	0.00851	0.00312	0.00979	0.00759	0.00851	0.01461
23	0.16167	0.02190	0.02475	0.01932	0.02707	0.02244	0.01595	0.22106	0.03397	0.30322	0.03020	0.02803	0.02004	0.01200	0.00960	0.00314	0.00950	0.00909	0.01071	0.01633
24	0.13265	0.01191	0.01344	0.01348	0.01638	0.01162	0.00993	0.02056	0.02294	0.06736	0.19472	0.26832	0.13279	0.02329	0.01139	0.00359	0.00605	0.02014	0.00967	0.00977
25	0.02433	0.02721	0.05743	0.04138	0.05138	0.02592	0.49445	0.03468	0.06873	0.03371	0.02252	0.02857	0.01689	0.00909	0.01197	0.00346	0.01653	0.01207	0.00563	0.01404
26	0.71184	0.01985	0.01508	0.01350	0.01985	0.02302	0.01111	0.03017	0.01746	0.04604	0.01429	0.01667	0.01111	0.00953	0.00635	0.00318	0.00794	0.00556	0.00635	0.01111
27	0.35376	0.02027	0.02022	0.01684	0.02348	0.02181	0.01370	0.14227	0.02700	0.17464	0.02617	0.07386	0.02054	0.01275	0.00868	0.00324	0.00867	0.00942	0.00894	0.01373
28	0.07430	0.01135	0.01352	0.01309	0.01558	0.01086	0.00945	0.02028	0.02390	0.06867	0.28439	0.16730	0.10659	0.11453	0.01770	0.00441	0.00633	0.01851	0.00977	0.00946
29	0.01268	0.00911	0.01175	0.01379	0.01451	0.00849	0.00914	0.01437	0.01949	0.02577	0.05751	0.55192	0.09688	0.08251	0.01631	0.00461	0.00624	0.02751	0.00925	0.00818
30	0.71184	0.01985	0.01508	0.01350	0.01985	0.02302	0.01111	0.03017	0.01746	0.04604	0.01429	0.01667	0.01111	0.00953	0.00635	0.00318	0.00794	0.00556	0.00635	0.01111
31	0.07670	0.01199	0.01573	0.01523	0.01768	0.01291	0.01147	0.02148	0.01863	0.07748	0.06687	0.09326	0.03430	0.13738	0.32953	0.01131	0.01833	0.01304	0.00705	0.00964
32	0.10069	0.01319	0.01523	0.01579	0.01879	0.01365	0.01238	0.02445	0.09673	0.03452	0.13061	0.21048	0.09980	0.02366	0.01196	0.00390	0.00718	0.14718	0.00952	0.01030
33	0.01446	0.01014	0.01323	0.01498	0.01599	0.00989	0.01094	0.01673	0.01970	0.02601	0.04946	0.31521	0.05695	0.19070	0.02375	0.00587	0.00815	0.18106	0.00863	0.00814
34	0.71184	0.01985	0.01508	0.01350	0.01985	0.02302	0.01111	0.03017	0.01746	0.04604	0.01429	0.01667	0.01111	0.00953	0.00635	0.00318	0.00794	0.00556	0.00635	0.01111
35	0.03143	0.02383	0.02598	0.02147	0.02794	0.02634	0.01736	0.33480	0.15788	0.05383	0.06523	0.07541	0.03114	0.01546	0.01084	0.00335	0.00974	0.04207	0.01027	0.01564
36	0.01445	0.01096	0.01363	0.01431	0.01707	0.01014	0.01163	0.01847	0.02502	0.03251	0.21197	0.09919	0.24769	0.02552	0.01290	0.00388	0.00671	0.20473	0.00998	0.00924
37	0.13963	0.03401	0.02788	0.02302	0.03000	0.21572	0.01835	0.30097	0.03737	0.04894	0.02022	0.02144	0.01512	0.01133	0.00935	0.00295	0.01315	0.00783	0.00805	0.01469
38	0.03124	0.02601	0.04065	0.04392	0.26569	0.07119	0.14299	0.06522	0.02669	0.14788	0.02403	0.02727	0.01780	0.01006	0.01057	0.00314	0.01313	0.00986	0.00699	0.01565
39	0.02311	0.01838	0.01989	0.01895	0.02306	0.05553	0.01567	0.15664	0.02987	0.03813	0.05005	0.08032	0.11885	0.05716	0.01468	0.00427	0.00994	0.24489	0.00921	0.01140
40	0.02398	0.29113	0.03348	0.01783	0.02336	0.11226	0.01502	0.02909	0.07087	0.02679	0.03439	0.18041	0.07031	0.01670	0.00939	0.00297	0.01014	0.01340	0.00676	0.01170
41	0.02416	0.02614	0.16789	0.01950	0.02899	0.01612	0.01953	0.03058	0.02337	0.12016	0.06163	0.03508	0.02533	0.01158	0.00944	0.00261	0.00972	0.04954	0.00730	0.31132
42	0.03043	0.07250	0.11371	0.02848	0.10660	0.10650	0.02236	0.08837	0.18158	0.10387	0.02793	0.02810	0.02073	0.01152	0.00984	0.00311	0.01177	0.00917	0.00791	0.01552
43	0.08820	0.02465	0.04536	0.03307	0.04234	0.02359	0.32380	0.08003	0.02694	0.16919	0.02531	0.02825	0.01773	0.01001	0.01104	0.00334	0.01394	0.01089	0.00753	0.01479
44	0.04001	0.02620	0.02492	0.02036	0.02752	0.16929	0.01616	0.04581	0.07344	0.33977	0.03209	0.02965	0.02177	0.01178	0.00980	0.00291	0.01115	0.00907	0.00995	0.07836
45	0.28135	0.02098	0.02117	0.01727	0.02442	0.06751	0.01408	0.04221	0.02513	0.34491	0.02911	0.02706	0.01930	0.01140	0.00882	0.00313	0.00928	0.00832	0.00982	0.01474
46	0.03616	0.02408	0.03033	0.02389	0.03148	0.06527	0.09111	0.12033	0.16375	0.25067	0.03382	0.03199	0.02340	0.01221	0.01052	0.00324	0.01091	0.01046	0.01015	0.01622

[dist]
# distance from previous block
# <min> <max>
6	16

[block]
# block no. 2 follows, 14 sequences, length 32
# corresponding to MSA columns:
# 131-162
name=unknown_C
#
# <colnr> <probs for GDERKNQSTAVLIFYWHMCP>
#	G	D	E	R	K	N	Q	S	T	A	V	L	I	F	Y	W	H	M	C	P
0	0.25060	0.01769	0.01886	0.01730	0.02246	0.01888	0.01423	0.11558	0.02606	0.11165	0.03470	0.12044	0.03308	0.01793	0.01033	0.00367	0.00875	0.13653	0.00900	0.01225
1	0.02325	0.01538	0.01884	0.01788	0.02152	0.01570	0.01419	0.14445	0.02867	0.08708	0.07612	0.21211	0.04916	0.06692	0.01520	0.00433	0.00869	0.15910	0.00984	0.01157
2	0.02245	0.01996	0.02664	0.02509	0.07273	0.06697	0.09501	0.08714	0.02574	0.03361	0.09471	0.05905	0.03905	0.16384	0.02137	0.00507	0.01146	0.11134	0.00762	0.01115
3	0.02942	0.02151	0.02796	0.03020	0.15127	0.02247	0.02015	0.23159	0.03334	0.08966	0.03369	0.11525	0.03109	0.01678	0.01126	0.00349	0.01032	0.09680	0.00906	0.01470
4	0.56021	0.01930	0.01707	0.01458	0.02129	0.02121	0.01202	0.03469	0.02018	0.16820	0.02025	0.02083	0.01437	0.01025	0.00725	0.00318	0.00812	0.00664	0.00780	0.01256
5	0.40291	0.01959	0.01809	0.01495	0.02214	0.02028	0.01208	0.03172	0.08435	0.04155	0.01892	0.02081	0.01491	0.00943	0.00726	0.00267	0.00785	0.00646	0.00676	0.23727
6	0.02128	0.01824	0.02128	0.01520	0.02432	0.01368	0.01216	0.02584	0.02128	0.03344	0.01824	0.02128	0.01520	0.00760	0.00760	0.00152	0.00760	0.00608	0.00608	0.70208
7	0.01877	0.01383	0.02085	0.05773	0.11851	0.01476	0.01510	0.01959	0.01865	0.02598	0.11398	0.04131	0.03281	0.09881	0.02914	0.26998	0.06421	0.01135	0.00596	0.00868
8	0.17545	0.01570	0.02054	0.01742	0.02199	0.01606	0.07487	0.02648	0.07098	0.04141	0.33136	0.05375	0.06181	0.01627	0.01065	0.00327	0.00734	0.01422	0.00935	0.01108
9	0.02228	0.02107	0.03706	0.02903	0.03545	0.02085	0.24709	0.08895	0.08422	0.03554	0.03522	0.22596	0.03460	0.01733	0.01203	0.00365	0.01188	0.01729	0.00778	0.01273
10	0.04604	0.01746	0.02382	0.01826	0.02620	0.01508	0.01508	0.05001	0.02937	0.58244	0.04049	0.03493	0.02540	0.01270	0.01032	0.00318	0.00873	0.01032	0.01270	0.01746
11	0.01732	0.01534	0.02478	0.41859	0.05251	0.01820	0.02232	0.02278	0.02108	0.02756	0.07692	0.17493	0.03397	0.01640	0.01110	0.00358	0.01106	0.01471	0.00634	0.01052
12	0.03833	0.04891	0.02908	0.02644	0.03173	0.59815	0.01983	0.04098	0.02908	0.02512	0.01586	0.01851	0.01322	0.01058	0.00925	0.00264	0.01851	0.00661	0.00529	0.01190
13	0.01338	0.00930	0.01165	0.01316	0.01354	0.00892	0.00832	0.01452	0.01793	0.02391	0.04775	0.42702	0.05676	0.25295	0.02733	0.00627	0.00741	0.02399	0.00832	0.00757
14	0.04604	0.01746	0.02382	0.01826	0.02620	0.01508	0.01508	0.05001	0.02937	0.58244	0.04049	0.03493	0.02540	0.01270	0.01032	0.00318	0.00873	0.01032	0.01270	0.01746
15	0.02414	0.01265	0.01663	0.01440	0.01860	0.01129	0.01123	0.02856	0.02878	0.20805	0.37516	0.06518	0.10590	0.01874	0.01155	0.00323	0.00607	0.01621	0.01162	0.01203
16	0.01447	0.01011	0.01303	0.01463	0.01555	0.00988	0.01050	0.01654	0.01927	0.02546	0.04800	0.29670	0.05532	0.22923	0.02619	0.00622	0.00828	0.16424	0.00842	0.00797
17	0.02631	0.02196	0.02352	0.02103	0.02682	0.02511	0.01664	0.10684	0.45542	0.04438	0.04086	0.04311	0.03204	0.01493	0.01073	0.00354	0.00859	0.05201	0.01034	0.01582
18	0.49452	0.01907	0.01793	0.01505	0.02192	0.02043	0.01241	0.03664	0.02135	0.22113	0.02284	0.02263	0.01578	0.01056	0.00765	0.00318	0.00820	0.00711	0.00842	0.01319
19	0.01543	0.01144	0.01450	0.01357	0.01626	0.01099	0.01022	0.02226	0.07244	0.04130	0.52649	0.07350	0.09144	0.02040	0.01197	0.00325	0.00511	0.01799	0.01123	0.01022
20	0.07819	0.03509	0.04553	0.03484	0.04302	0.24036	0.30638	0.03572	0.02557	0.03090	0.01847	0.02346	0.01437	0.00943	0.01063	0.00313	0.01709	0.00958	0.00531	0.01292
21	0.22185	0.01967	0.02427	0.01893	0.02662	0.01928	0.04552	0.08572	0.02750	0.36227	0.03096	0.02874	0.02032	0.01158	0.00936	0.00318	0.00925	0.00906	0.01035	0.01555
22	0.56021	0.01930	0.01707	0.01458	0.02129	0.02121	0.01202	0.03469	0.02018	0.16820	0.02025	0.02083	0.01437	0.01025	0.00725	0.00318	0.00812	0.00664	0.00780	0.01256
23	0.02044	0.01132	0.01475	0.01448	0.01741	0.01014	0.01061	0.02335	0.02393	0.15562	0.14653	0.33640	0.12441	0.02506	0.01218	0.00370	0.00630	0.02215	0.01055	0.01068
24	0.03115	0.02411	0.02869	0.02338	0.03046	0.02653	0.06176	0.19576	0.31615	0.09465	0.03481	0.03307	0.02538	0.01289	0.01052	0.00333	0.00989	0.01084	0.01013	0.01650
25	0.02111	0.01221	0.01505	0.01486	0.01778	0.01189	0.01090	0.02732	0.08767	0.12657	0.08438	0.31633	0.05105	0.02234	0.01121	0.00354	0.00641	0.01968	0.12854	0.01117
26	0.03424	0.01453	0.01972	0.01679	0.02196	0.01299	0.01322	0.03691	0.02502	0.36862	0.04089	0.11701	0.03379	0.07210	0.01725	0.06680	0.00858	0.05532	0.01074	0.01354
27	0.01371	0.01082	0.01260	0.01320	0.01621	0.00971	0.01059	0.01721	0.02416	0.03025	0.14690	0.10101	0.36269	0.02606	0.01272	0.00380	0.00640	0.16319	0.00972	0.00902
28	0.02467	0.02364	0.04033	0.13013	0.51392	0.02419	0.03113	0.03085	0.02302	0.03264	0.01917	0.02564	0.01594	0.00928	0.01017	0.00309	0.01237	0.00914	0.00502	0.01566
29	0.02247	0.02139	0.03636	0.33165	0.32958	0.02361	0.03004	0.02893	0.02198	0.02997	0.01879	0.02635	0.01500	0.00969	0.01021	0.00323	0.01292	0.00913	0.00483	0.01389
30	0.02216	0.01184	0.01613	0.01518	0.01810	0.01134	0.01156	0.02427	0.02170	0.15295	0.10534	0.10334	0.07878	0.07378	0.11952	0.12565	0.01116	0.05845	0.00869	0.01004
31	0.02108	0.02100	0.03063	0.56178	0.06718	0.07454	0.02772	0.02755	0.02129	0.02612	0.01803	0.02656	0.01364	0.01029	0.01017	0.00335	0.01411	0.00889	0.00463	0.01144

[dist]
# distance from previous block
# <min> <max>
1	2

[block]
# block no. 3 follows, 14 sequences, length 10
# corresponding to MSA columns:
# 165-174
name=unknown_D
#
# <colnr> <probs for GDERKNQSTAVLIFYWHMCP>
#	G	D	E	R	K	N	Q	S	T	A	V	L	I	F	Y	W	H	M	C	P
0	0.01900	0.01613	0.02490	0.08499	0.22305	0.01626	0.01861	0.02350	0.02337	0.03275	0.21169	0.05167	0.04805	0.14036	0.01932	0.00453	0.00934	0.01355	0.00741	0.01153
1	0.02541	0.14407	0.38805	0.02622	0.03895	0.02816	0.03091	0.13474	0.02689	0.03763	0.01900	0.02142	0.01392	0.01011	0.00934	0.00304	0.01371	0.00758	0.00554	0.01530
2	0.02605	0.52610	0.16110	0.01992	0.02998	0.03722	0.02166	0.03109	0.02102	0.02583	0.01510	0.01751	0.01314	0.00898	0.00722	0.00241	0.01182	0.00591	0.00438	0.01357
3	0.01339	0.01045	0.01214	0.01172	0.01463	0.00920	0.00879	0.01716	0.02636	0.03477	0.34864	0.08715	0.32209	0.02336	0.01212	0.00334	0.00501	0.02003	0.01046	0.00920
4	0.02060	0.02776	0.15319	0.03234	0.04110	0.02156	0.27850	0.02840	0.02137	0.03006	0.02232	0.03029	0.01810	0.02952	0.18891	0.00736	0.01995	0.01086	0.00511	0.01269
5	0.14018	0.03029	0.02510	0.02178	0.02804	0.17951	0.01708	0.14991	0.22309	0.04326	0.02688	0.02670	0.02036	0.01199	0.00944	0.00312	0.01154	0.00881	0.00838	0.01453
6	0.17273	0.02725	0.02987	0.02371	0.03116	0.11693	0.09522	0.14369	0.06908	0.15406	0.02506	0.02562	0.01786	0.01112	0.00962	0.00314	0.01193	0.00890	0.00841	0.01464
7	0.01564	0.01117	0.01550	0.01787	0.01984	0.01104	0.01497	0.01971	0.02274	0.02970	0.05483	0.23096	0.06102	0.02920	0.01393	0.00460	0.00867	0.39993	0.00947	0.00920
8	0.14309	0.01284	0.01461	0.01421	0.01781	0.01254	0.01103	0.02350	0.02359	0.10203	0.16884	0.18078	0.13941	0.02179	0.01129	0.00361	0.00667	0.07220	0.00973	0.01043
9	0.21278	0.01971	0.02263	0.01784	0.02542	0.01952	0.01473	0.11648	0.02912	0.37194	0.03158	0.02883	0.02065	0.01185	0.00931	0.00316	0.00890	0.00896	0.01075	0.01586

[dist]
# distance from previous block
# <min> <max>
0	11

[block]
# block no. 4 follows, 14 sequences, length 14
# corresponding to MSA columns:
# 186-199
name=unknown_E
#
# <colnr> <probs for GDERKNQSTAVLIFYWHMCP>
#	G	D	E	R	K	N	Q	S	T	A	V	L	I	F	Y	W	H	M	C	P
0	0.09515	0.01809	0.02150	0.01950	0.02482	0.01876	0.01652	0.16403	0.03057	0.14394	0.04008	0.06718	0.03722	0.01940	0.01167	0.00385	0.00965	0.23487	0.00997	0.01321
1	0.01465	0.00984	0.01127	0.01154	0.01161	0.00977	0.00659	0.01485	0.01545	0.02060	0.03504	0.13040	0.04073	0.57144	0.04786	0.00930	0.00950	0.01652	0.00659	0.00645
2	0.45065	0.01590	0.01365	0.01314	0.01741	0.01777	0.01002	0.02501	0.01797	0.03892	0.02603	0.14764	0.02627	0.07516	0.01221	0.00397	0.00749	0.01154	0.05930	0.00996
3	0.04221	0.02362	0.02763	0.02118	0.02927	0.02422	0.01750	0.31801	0.03967	0.29989	0.03184	0.02931	0.02106	0.01249	0.01029	0.00312	0.01013	0.00973	0.01137	0.01746
4	0.71184	0.01985	0.01508	0.01350	0.01985	0.02302	0.01111	0.03017	0.01746	0.04604	0.01429	0.01667	0.01111	0.00953	0.00635	0.00318	0.00794	0.00556	0.00635	0.01111
5	0.03321	0.01658	0.02111	0.01708	0.02300	0.01562	0.01374	0.11349	0.03213	0.30143	0.23566	0.04893	0.05085	0.01573	0.01098	0.00318	0.00767	0.01323	0.01181	0.01456
6	0.03983	0.01707	0.02196	0.01728	0.02416	0.01563	0.01412	0.09211	0.03012	0.42629	0.07011	0.03691	0.02909	0.01307	0.01000	0.00306	0.00821	0.01061	0.10445	0.01593
7	0.01375	0.00976	0.01291	0.01399	0.01474	0.00997	0.00946	0.01553	0.01748	0.02379	0.04207	0.31700	0.04813	0.21578	0.17799	0.00904	0.01274	0.02037	0.00753	0.00795
8	0.03901	0.02874	0.03080	0.02361	0.03182	0.03182	0.01951	0.54111	0.04825	0.06468	0.02464	0.02464	0.01745	0.01232	0.01027	0.00308	0.01129	0.00924	0.01027	0.01745
9	0.01284	0.00919	0.01221	0.01406	0.01496	0.00856	0.00955	0.01514	0.02122	0.02869	0.14216	0.53995	0.07270	0.03029	0.01293	0.00401	0.00577	0.02740	0.00982	0.00856
10	0.01926	0.01468	0.01738	0.01560	0.01930	0.01512	0.01201	0.08110	0.13486	0.04397	0.40876	0.06365	0.07561	0.01868	0.01158	0.00326	0.00616	0.01621	0.01102	0.01179
11	0.13900	0.02607	0.02691	0.02153	0.02899	0.02924	0.01758	0.36747	0.14357	0.05756	0.02643	0.02611	0.01921	0.01221	0.00970	0.00317	0.01016	0.00914	0.00970	0.01625
12	0.40712	0.02613	0.02082	0.01783	0.02441	0.13584	0.01431	0.08900	0.02480	0.12571	0.01968	0.02065	0.01437	0.01051	0.00794	0.00306	0.01049	0.00688	0.00752	0.01290
13	0.14563	0.01776	0.01962	0.01739	0.02253	0.01848	0.01390	0.16167	0.02902	0.12521	0.04221	0.17308	0.08008	0.01913	0.01080	0.00356	0.00844	0.06909	0.00965	0.01275

[dist]
# distance from previous block
# <min> <max>
0	18

[block]
# block no. 5 follows, 14 sequences, length 31
# corresponding to MSA columns:
# 218-248
name=unknown_F
#
# <colnr> <probs for GDERKNQSTAVLIFYWHMCP>
#	G	D	E	R	K	N	Q	S	T	A	V	L	I	F	Y	W	H	M	C	P
0	0.08819	0.01770	0.02370	0.01863	0.02597	0.01533	0.06425	0.02978	0.02276	0.13231	0.02916	0.08767	0.02579	0.01307	0.00957	0.00272	0.00882	0.05994	0.00785	0.31677
1	0.16928	0.09938	0.03190	0.02470	0.03106	0.37188	0.07021	0.03701	0.02548	0.02995	0.01589	0.01887	0.01303	0.01000	0.00871	0.00279	0.01555	0.00685	0.00540	0.01206
2	0.01876	0.01581	0.02033	0.01909	0.07177	0.01356	0.01335	0.02313	0.02164	0.03192	0.08911	0.03909	0.08232	0.02400	0.11901	0.00484	0.01119	0.01022	0.00680	0.36405
3	0.02000	0.01130	0.01452	0.01466	0.01743	0.01022	0.01082	0.02254	0.02242	0.14355	0.05984	0.33351	0.14460	0.06303	0.01478	0.00423	0.00696	0.06533	0.00999	0.01029
4	0.02292	0.02253	0.03984	0.03129	0.03855	0.02272	0.26913	0.03673	0.18171	0.03537	0.03435	0.05016	0.02978	0.01454	0.01207	0.00374	0.01286	0.12044	0.00768	0.01359
5	0.09749	0.20978	0.09028	0.01996	0.02880	0.02813	0.01878	0.15453	0.02935	0.19241	0.02442	0.02406	0.01737	0.01086	0.00878	0.00287	0.01057	0.00793	0.00825	0.01538
6	0.04604	0.01746	0.02382	0.01826	0.02620	0.01508	0.01508	0.05001	0.02937	0.58244	0.04049	0.03493	0.02540	0.01270	0.01032	0.00318	0.00873	0.01032	0.01270	0.01746
7	0.01709	0.01078	0.01343	0.01282	0.01487	0.01005	0.00894	0.01990	0.02339	0.08017	0.27477	0.12585	0.10027	0.21422	0.02454	0.00542	0.00691	0.01794	0.00955	0.00910
8	0.02665	0.02263	0.02898	0.20148	0.09623	0.02599	0.02213	0.15065	0.23257	0.04181	0.02878	0.03076	0.02154	0.01200	0.01032	0.00333	0.01087	0.01010	0.00812	0.01508
9	0.03139	0.02172	0.02411	0.02058	0.02710	0.02387	0.01632	0.10267	0.38966	0.16356	0.03976	0.03617	0.02862	0.01349	0.01040	0.00337	0.00858	0.01108	0.01092	0.01663
10	0.71184	0.01985	0.01508	0.01350	0.01985	0.02302	0.01111	0.03017	0.01746	0.04604	0.01429	0.01667	0.01111	0.00953	0.00635	0.00318	0.00794	0.00556	0.00635	0.01111
11	0.02894	0.01454	0.01873	0.01579	0.02096	0.01340	0.01249	0.03549	0.07732	0.27320	0.26589	0.05652	0.08853	0.01707	0.01119	0.00324	0.00684	0.01456	0.01172	0.01357
12	0.02273	0.01176	0.01578	0.01514	0.01828	0.01060	0.01118	0.02582	0.02455	0.19173	0.16457	0.33625	0.06184	0.02403	0.01207	0.00367	0.00652	0.02134	0.01084	0.01129
13	0.01492	0.00995	0.01119	0.01119	0.01119	0.00995	0.00622	0.01492	0.01492	0.01990	0.03233	0.06716	0.03731	0.63935	0.05223	0.00995	0.00995	0.01492	0.00622	0.00622
14	0.08905	0.01876	0.02395	0.01849	0.02635	0.01729	0.01527	0.09830	0.03050	0.49494	0.03717	0.03269	0.02366	0.01245	0.01005	0.00317	0.00894	0.00990	0.01204	0.01705
15	0.01567	0.00984	0.01314	0.01451	0.01593	0.00907	0.01003	0.01795	0.02143	0.07697	0.10536	0.52527	0.06694	0.02933	0.01275	0.00399	0.00609	0.02646	0.00998	0.00928
16	0.01396	0.00954	0.01148	0.01242	0.01266	0.00931	0.00753	0.01467	0.01680	0.02240	0.04195	0.29162	0.04944	0.39833	0.03670	0.00765	0.00836	0.02058	0.00753	0.00706
17	0.03394	0.04230	0.03888	0.03167	0.03855	0.41998	0.18120	0.03845	0.02757	0.02753	0.01739	0.02136	0.01395	0.00998	0.01014	0.00290	0.01813	0.00832	0.00526	0.01250
18	0.71184	0.01985	0.01508	0.01350	0.01985	0.02302	0.01111	0.03017	0.01746	0.04604	0.01429	0.01667	0.01111	0.00953	0.00635	0.00318	0.00794	0.00556	0.00635	0.01111
19	0.08479	0.01515	0.01971	0.01675	0.02243	0.01369	0.01317	0.03815	0.02567	0.38109	0.04327	0.20794	0.03675	0.01814	0.01084	0.00346	0.00786	0.01547	0.01131	0.01434
20	0.01428	0.01005	0.01101	0.01101	0.01181	0.00965	0.00658	0.01488	0.01689	0.02171	0.04893	0.07448	0.16103	0.49720	0.04294	0.00845	0.00885	0.01648	0.00699	0.00678
21	0.01543	0.01124	0.01611	0.01704	0.01895	0.01220	0.01380	0.01923	0.01920	0.02626	0.03851	0.07231	0.03980	0.10061	0.32495	0.01132	0.01899	0.20788	0.00712	0.00905
22	0.02495	0.02565	0.04890	0.05542	0.37524	0.02498	0.22578	0.03202	0.02369	0.03328	0.01986	0.02627	0.01599	0.00895	0.01091	0.00321	0.01415	0.01028	0.00512	0.01533
23	0.01640	0.01063	0.01317	0.01314	0.01566	0.00955	0.00950	0.01938	0.02396	0.08493	0.21219	0.25069	0.19589	0.05918	0.01447	0.00395	0.00594	0.02163	0.01016	0.00958
24	0.71184	0.01985	0.01508	0.01350	0.01985	0.02302	0.01111	0.03017	0.01746	0.04604	0.01429	0.01667	0.01111	0.00953	0.00635	0.00318	0.00794	0.00556	0.00635	0.01111
25	0.02476	0.03238	0.17214	0.04058	0.09798	0.02473	0.35226	0.03363	0.02387	0.06383	0.02122	0.02656	0.01562	0.00917	0.01131	0.00336	0.01588	0.01074	0.00542	0.01456
26	0.02822	0.01639	0.02263	0.06392	0.07680	0.01619	0.01721	0.08215	0.02652	0.19352	0.04176	0.05890	0.07299	0.01967	0.01439	0.07193	0.00960	0.14515	0.00925	0.01281
27	0.01514	0.00970	0.01158	0.01179	0.01184	0.00965	0.00691	0.01464	0.01511	0.02015	0.03232	0.11192	0.03711	0.49542	0.04695	0.11264	0.00944	0.01529	0.00625	0.00614
28	0.03296	0.02562	0.03373	0.03807	0.23938	0.02718	0.02347	0.26353	0.08714	0.08699	0.02538	0.02699	0.01891	0.01128	0.01025	0.00311	0.01115	0.00951	0.00847	0.01688
29	0.44861	0.02019	0.01833	0.01492	0.02225	0.02111	0.01219	0.07583	0.02140	0.04408	0.01639	0.01875	0.01289	0.00922	0.00707	0.00268	0.00815	0.00605	0.00663	0.21324
30	0.13506	0.06304	0.16242	0.03324	0.19351	0.02343	0.02458	0.03289	0.07375	0.03571	0.02005	0.02326	0.01580	0.00957	0.00890	0.00288	0.01106	0.00778	0.00575	0.11735

[dist]
# distance from previous block
# <min> <max>
1	28

[block]
# block no. 6 follows, 14 sequences, length 64
# corresponding to MSA columns:
# 277-340
name=unknown_G
#
# <colnr> <probs for GDERKNQSTAVLIFYWHMCP>
#	G	D	E	R	K	N	Q	S	T	A	V	L	I	F	Y	W	H	M	C	P
0	0.02777	0.02631	0.12955	0.02665	0.03598	0.01987	0.16824	0.03664	0.06858	0.16898	0.07865	0.03316	0.02648	0.01130	0.01059	0.00310	0.01174	0.01074	0.00800	0.09766
1	0.02591	0.58055	0.04950	0.01723	0.02517	0.03731	0.01674	0.02905	0.02073	0.02435	0.01858	0.07935	0.01875	0.01116	0.00725	0.00240	0.01046	0.00790	0.00491	0.01268
2	0.02151	0.07725	0.02339	0.01792	0.02300	0.02135	0.01435	0.03627	0.25485	0.03632	0.12474	0.04487	0.08192	0.01913	0.04851	0.00399	0.04608	0.01222	0.00881	0.08351
3	0.01975	0.16343	0.26229	0.02149	0.03016	0.02283	0.02360	0.02637	0.01966	0.02735	0.02309	0.06678	0.02130	0.07736	0.14473	0.00660	0.01603	0.00985	0.00509	0.01224
4	0.01466	0.01100	0.01649	0.01649	0.01833	0.01283	0.01283	0.01833	0.01649	0.02382	0.02749	0.04032	0.02566	0.07697	0.59868	0.01649	0.02749	0.01100	0.00550	0.00916
5	0.02987	0.19487	0.03005	0.01733	0.02363	0.02245	0.01489	0.07437	0.02633	0.20125	0.11662	0.03657	0.03305	0.02340	0.10557	0.00507	0.01200	0.01032	0.00873	0.01361
6	0.02108	0.02037	0.03205	0.34587	0.10240	0.02613	0.02656	0.02616	0.01902	0.02635	0.01658	0.02537	0.01385	0.01299	0.01888	0.00378	0.23711	0.00907	0.00458	0.01180
7	0.26616	0.01733	0.01821	0.01572	0.02141	0.01822	0.01257	0.03635	0.11123	0.17550	0.16133	0.03936	0.03891	0.01383	0.00940	0.00324	0.00740	0.01089	0.00978	0.01315
8	0.02491	0.02428	0.02988	0.03892	0.27836	0.10368	0.02200	0.03382	0.11244	0.03434	0.07515	0.03745	0.07005	0.01264	0.01019	0.00307	0.01077	0.01098	0.05303	0.01403
9	0.08268	0.01721	0.01999	0.01759	0.02119	0.05224	0.01398	0.03021	0.02110	0.16489	0.02782	0.03390	0.02237	0.06152	0.15133	0.00667	0.11384	0.00976	0.11993	0.01177
10	0.01613	0.01152	0.01606	0.01843	0.02061	0.01146	0.01582	0.02055	0.02322	0.03025	0.05456	0.16851	0.05996	0.02874	0.01406	0.00467	0.00909	0.45757	0.00946	0.00934
11	0.01250	0.00893	0.01191	0.01429	0.01488	0.00834	0.00953	0.01429	0.01965	0.02620	0.05656	0.63265	0.06787	0.03215	0.01310	0.00417	0.00595	0.02917	0.00953	0.00834
12	0.03003	0.08338	0.03321	0.03549	0.22123	0.07078	0.02187	0.04230	0.18886	0.12431	0.02892	0.02952	0.02185	0.01128	0.00986	0.00309	0.01077	0.00954	0.00792	0.01581
13	0.03198	0.02301	0.02623	0.02374	0.06223	0.02523	0.01777	0.16585	0.31940	0.13468	0.03616	0.03375	0.02619	0.01305	0.01036	0.00331	0.00922	0.01069	0.01043	0.01672
14	0.01250	0.00893	0.01191	0.01429	0.01488	0.00834	0.00953	0.01429	0.01965	0.02620	0.05656	0.63265	0.06787	0.03215	0.01310	0.00417	0.00595	0.02917	0.00953	0.00834
15	0.65748	0.02219	0.01621	0.01454	0.02080	0.06943	0.01182	0.03104	0.01840	0.04435	0.01442	0.01682	0.01128	0.00961	0.00658	0.00313	0.00879	0.00564	0.00626	0.01118
16	0.01313	0.00931	0.01227	0.01441	0.01511	0.00883	0.00985	0.01501	0.01954	0.02598	0.05388	0.52594	0.06392	0.09376	0.01719	0.00481	0.00669	0.07294	0.00918	0.00822
17	0.02536	0.03522	0.23800	0.02773	0.03842	0.02505	0.11255	0.12041	0.14294	0.04020	0.02490	0.02676	0.01833	0.01072	0.01021	0.00317	0.01275	0.00937	0.00692	0.07099
18	0.02522	0.02488	0.04449	0.06002	0.49695	0.02462	0.10761	0.03170	0.02350	0.03343	0.01952	0.02574	0.01615	0.00907	0.01045	0.00311	0.01296	0.00959	0.00510	0.01589
19	0.01466	0.01100	0.01649	0.01649	0.01833	0.01283	0.01283	0.01833	0.01649	0.02382	0.02749	0.04032	0.02566	0.07697	0.59868	0.01649	0.02749	0.01100	0.00550	0.00916
20	0.02501	0.04066	0.37444	0.02893	0.04141	0.02199	0.11710	0.03470	0.02376	0.12265	0.05261	0.02785	0.02005	0.01066	0.01037	0.00327	0.01391	0.00939	0.00622	0.01502
21	0.02410	0.12866	0.10733	0.14802	0.33301	0.02670	0.02946	0.03057	0.02225	0.03058	0.01818	0.02383	0.01491	0.00935	0.00954	0.00300	0.01261	0.00835	0.00479	0.01477
22	0.03833	0.04891	0.02908	0.02644	0.03173	0.59815	0.01983	0.04098	0.02908	0.02512	0.01586	0.01851	0.01322	0.01058	0.00925	0.00264	0.01851	0.00661	0.00529	0.01190
23	0.01393	0.00964	0.01185	0.01265	0.01324	0.00929	0.00802	0.01535	0.01887	0.02553	0.12247	0.28718	0.05807	0.31172	0.03108	0.00670	0.00764	0.02098	0.00826	0.00756
24	0.02277	0.02170	0.03690	0.30413	0.35476	0.02369	0.03019	0.02919	0.02212	0.03033	0.01884	0.02626	0.01513	0.00963	0.01020	0.00321	0.01284	0.00913	0.00485	0.01413
25	0.02492	0.02364	0.03888	0.10369	0.47818	0.02437	0.02969	0.03342	0.07758	0.03389	0.02151	0.02687	0.01758	0.00972	0.01020	0.00312	0.01190	0.00939	0.00558	0.01586
26	0.71184	0.01985	0.01508	0.01350	0.01985	0.02302	0.01111	0.03017	0.01746	0.04604	0.01429	0.01667	0.01111	0.00953	0.00635	0.00318	0.00794	0.00556	0.00635	0.01111
27	0.01496	0.01175	0.01832	0.01869	0.02084	0.01122	0.06567	0.01837	0.02136	0.02829	0.05221	0.40889	0.05977	0.02856	0.01333	0.00427	0.00821	0.17697	0.00906	0.00925
28	0.01250	0.00893	0.01191	0.01429	0.01488	0.00834	0.00953	0.01429	0.01965	0.02620	0.05656	0.63265	0.06787	0.03215	0.01310	0.00417	0.00595	0.02917	0.00953	0.00834
29	0.02682	0.03009	0.07696	0.02275	0.02875	0.16761	0.01925	0.04359	0.28591	0.03545	0.03507	0.04436	0.02955	0.01504	0.01069	0.00345	0.01163	0.09069	0.00840	0.01394
30	0.02744	0.64552	0.05378	0.01756	0.02634	0.04061	0.01756	0.03073	0.02085	0.02414	0.01427	0.01646	0.01317	0.00878	0.00658	0.00219	0.01097	0.00549	0.00439	0.01317
31	0.03096	0.25733	0.03715	0.07687	0.03216	0.15461	0.01865	0.08756	0.06928	0.06965	0.02036	0.02214	0.01612	0.01028	0.00853	0.00263	0.01229	0.00733	0.00638	0.05972
32	0.02396	0.01899	0.01987	0.01811	0.02308	0.02162	0.01402	0.04704	0.42578	0.04179	0.03974	0.03828	0.03010	0.01344	0.00964	0.00321	0.00730	0.01110	0.17832	0.01461
33	0.01230	0.00971	0.01111	0.01223	0.01434	0.00851	0.00861	0.01452	0.02163	0.02700	0.08166	0.34993	0.33439	0.02889	0.01258	0.00380	0.00555	0.02519	0.00953	0.00851
34	0.18945	0.01467	0.01666	0.01703	0.02085	0.01546	0.01407	0.02752	0.06626	0.07909	0.04269	0.15220	0.04357	0.02183	0.01149	0.00404	0.00841	0.23477	0.00904	0.01091
35	0.01250	0.00893	0.01191	0.01429	0.01488	0.00834	0.00953	0.01429	0.01965	0.02620	0.05656	0.63265	0.06787	0.03215	0.01310	0.00417	0.00595	0.02917	0.00953	0.00834
36	0.01586	0.00892	0.01283	0.01371	0.01393	0.00870	0.00914	0.01371	0.01568	0.02091	0.03210	0.25277	0.03626	0.03436	0.03016	0.44456	0.00782	0.01638	0.00632	0.00589
37	0.03581	0.19064	0.03551	0.02364	0.03043	0.33622	0.01920	0.14913	0.03131	0.03363	0.01741	0.01936	0.01414	0.01052	0.00882	0.00263	0.01506	0.00692	0.00617	0.01344
38	0.02882	0.45598	0.08304	0.01986	0.02853	0.08260	0.01919	0.08171	0.06144	0.02993	0.01757	0.01927	0.01483	0.00968	0.00763	0.00247	0.01169	0.00650	0.00544	0.01382
39	0.03805	0.02847	0.02898	0.02269	0.03038	0.07539	0.01853	0.43187	0.04380	0.10121	0.02955	0.02903	0.04807	0.01296	0.01029	0.00307	0.01134	0.00979	0.01002	0.01652
40	0.04538	0.01853	0.02448	0.01877	0.02673	0.01667	0.01550	0.09656	0.03116	0.53336	0.03898	0.03395	0.02465	0.01267	0.01031	0.00317	0.00897	0.01022	0.01247	0.01746
41	0.01250	0.00893	0.01191	0.01429	0.01488	0.00834	0.00953	0.01429	0.01965	0.02620	0.05656	0.63265	0.06787	0.03215	0.01310	0.00417	0.00595	0.02917	0.00953	0.00834
42	0.02992	0.02128	0.03867	0.13898	0.08868	0.02076	0.20425	0.03630	0.02491	0.20381	0.02719	0.03040	0.01907	0.01047	0.01072	0.00326	0.01270	0.01059	0.05358	0.01444
43	0.02058	0.05308	0.58618	0.02925	0.04442	0.02383	0.03792	0.03250	0.02167	0.03250	0.01842	0.02167	0.01300	0.00975	0.00975	0.00325	0.01517	0.00758	0.00433	0.01517
44	0.01882	0.01123	0.01448	0.01319	0.01627	0.01032	0.01006	0.02355	0.02826	0.10604	0.44752	0.06743	0.08052	0.01900	0.01135	0.00313	0.00530	0.01658	0.08632	0.01061
45	0.02088	0.01977	0.03349	0.47728	0.19637	0.02319	0.02925	0.02753	0.02123	0.02804	0.01850	0.02687	0.01432	0.00998	0.01023	0.00333	0.01331	0.00913	0.00469	0.01261
46	0.01236	0.01040	0.01071	0.01063	0.01400	0.00876	0.00798	0.01517	0.02393	0.02900	0.14813	0.09667	0.52621	0.02551	0.01213	0.00344	0.00516	0.02136	0.00970	0.00876
47	0.02128	0.01824	0.02128	0.01520	0.02432	0.01368	0.01216	0.02584	0.02128	0.03344	0.01824	0.02128	0.01520	0.00760	0.00760	0.00152	0.00760	0.00608	0.00608	0.70208
48	0.02500	0.01812	0.02166	0.01566	0.02460	0.01389	0.01260	0.02947	0.02250	0.11593	0.02158	0.02333	0.01673	0.00837	0.00801	0.00177	0.00777	0.00672	0.00707	0.59922
49	0.71184	0.01985	0.01508	0.01350	0.01985	0.02302	0.01111	0.03017	0.01746	0.04604	0.01429	0.01667	0.01111	0.00953	0.00635	0.00318	0.00794	0.00556	0.00635	0.01111
50	0.02128	0.01824	0.02128	0.01520	0.02432	0.01368	0.01216	0.02584	0.02128	0.03344	0.01824	0.02128	0.01520	0.00760	0.00760	0.00152	0.00760	0.00608	0.00608	0.70208
51	0.01938	0.01824	0.03078	0.61468	0.07068	0.02280	0.02850	0.02622	0.02052	0.02622	0.01824	0.02736	0.01368	0.01026	0.01026	0.00342	0.01368	0.00912	0.00456	0.01140
52	0.01250	0.00893	0.01191	0.01429	0.01488	0.00834	0.00953	0.01429	0.01965	0.02620	0.05656	0.63265	0.06787	0.03215	0.01310	0.00417	0.00595	0.02917	0.00953	0.00834
53	0.01675	0.01411	0.02196	0.07802	0.17947	0.01412	0.01737	0.02019	0.02078	0.02829	0.04275	0.40910	0.04864	0.02377	0.01202	0.00379	0.00838	0.02179	0.00784	0.01085
54	0.01213	0.01040	0.01040	0.01040	0.01386	0.00866	0.00780	0.01473	0.02339	0.02772	0.10396	0.09876	0.57117	0.02599	0.01213	0.00347	0.00520	0.02166	0.00953	0.00866
55	0.01291	0.00922	0.01238	0.01476	0.01554	0.00869	0.01024	0.01500	0.02005	0.02666	0.05633	0.57990	0.06697	0.03176	0.01321	0.00422	0.00631	0.07787	0.00952	0.00845
56	0.03100	0.08832	0.03173	0.02460	0.02814	0.19159	0.02013	0.03372	0.02207	0.10856	0.01829	0.02263	0.01516	0.01419	0.02063	0.00355	0.29903	0.00817	0.00594	0.01254
57	0.01968	0.01853	0.02762	0.02404	0.02532	0.02426	0.04885	0.02282	0.01650	0.02485	0.01906	0.02934	0.01808	0.03916	0.24057	0.00885	0.36705	0.00990	0.00490	0.01062
58	0.01318	0.00987	0.01224	0.01286	0.01482	0.00892	0.00918	0.01632	0.02409	0.03224	0.26279	0.29674	0.19627	0.02647	0.01249	0.00365	0.00535	0.02339	0.01020	0.00892
59	0.03071	0.43227	0.10136	0.01937	0.02862	0.03404	0.01940	0.07639	0.02459	0.11867	0.01979	0.02066	0.01549	0.00981	0.00782	0.00253	0.01107	0.00679	0.00622	0.01442
60	0.08583	0.02133	0.03475	0.08699	0.03857	0.02138	0.17948	0.03967	0.10975	0.19238	0.03094	0.03564	0.02288	0.01203	0.01079	0.00343	0.01179	0.03937	0.00846	0.01454
61	0.01981	0.01410	0.01934	0.06693	0.02452	0.01582	0.01487	0.06512	0.05356	0.06381	0.03069	0.04547	0.02784	0.09197	0.34574	0.01131	0.02004	0.05135	0.00693	0.01079
62	0.02036	0.01924	0.03255	0.52465	0.15304	0.02306	0.02899	0.02708	0.02098	0.02741	0.01841	0.02704	0.01410	0.01008	0.01024	0.00336	0.01344	0.00912	0.00464	0.01219
63	0.02835	0.02708	0.02690	0.07223	0.02996	0.18641	0.01923	0.03172	0.02376	0.09656	0.10790	0.03205	0.02838	0.01506	0.01841	0.00351	0.22366	0.01003	0.00684	0.01195

[dist]
# distance from previous block
# <min> <max>
1	9

[block]
# block no. 7 follows, 14 sequences, length 7
# corresponding to MSA columns:
# 350-356
name=unknown_H
#
# <colnr> <probs for GDERKNQSTAVLIFYWHMCP>
#	G	D	E	R	K	N	Q	S	T	A	V	L	I	F	Y	W	H	M	C	P
0	0.01771	0.01265	0.01533	0.01570	0.01760	0.01283	0.01128	0.09968	0.02375	0.03163	0.04632	0.36123	0.05263	0.15038	0.02062	0.00522	0.00802	0.07894	0.00897	0.00950
1	0.03114	0.15026	0.03805	0.09946	0.16727	0.03075	0.02306	0.25602	0.03354	0.04458	0.02053	0.02349	0.01587	0.01060	0.00950	0.00293	0.01172	0.00845	0.00717	0.01561
2	0.01861	0.01552	0.02111	0.02389	0.13013	0.01372	0.01435	0.02197	0.02022	0.02925	0.03151	0.20173	0.03380	0.11609	0.01682	0.00392	0.00843	0.01462	0.00687	0.25743
3	0.18327	0.14401	0.02798	0.01711	0.02488	0.02189	0.01474	0.04194	0.02514	0.35684	0.02968	0.02736	0.01992	0.01124	0.00873	0.00298	0.00901	0.00834	0.00969	0.01526
4	0.05265	0.01504	0.01563	0.01556	0.01822	0.07288	0.01194	0.02181	0.02624	0.03587	0.32529	0.15212	0.07327	0.02208	0.01199	0.00354	0.00737	0.09889	0.00985	0.00976
5	0.02425	0.12062	0.03179	0.14237	0.09921	0.02300	0.01934	0.08196	0.02416	0.03382	0.01841	0.02257	0.01493	0.00900	0.00855	0.00235	0.01029	0.00729	0.00583	0.30027
6	0.01935	0.11510	0.02239	0.01558	0.02012	0.01770	0.01235	0.05484	0.08124	0.03462	0.17451	0.18993	0.08472	0.01923	0.01065	0.00312	0.00717	0.01649	0.00889	0.09201

[dist]
# distance from previous block
# <min> <max>
0	20

# created by:
# /st0/software/busco_prod/Augustus/scripts/msa2prfl.pl ./align_prep/8641.fa
