[name]
unknown

[dist]
# distance from previous block
# <min> <max>
0	62

[block]
# block no. 0 follows, 13 sequences, length 83
# corresponding to MSA columns:
# 62-144
name=unknown_A
#
# <colnr> <probs for GDERKNQSTAVLIFYWHMCP>
#	G	D	E	R	K	N	Q	S	T	A	V	L	I	F	Y	W	H	M	C	P
0	0.02408	0.01373	0.02044	0.01920	0.02304	0.01269	0.05102	0.02781	0.02430	0.17434	0.05054	0.29517	0.05195	0.02499	0.01293	0.00411	0.00866	0.13883	0.01034	0.01182
1	0.04174	0.06952	0.07356	0.02212	0.03119	0.01935	0.06648	0.04688	0.02845	0.43416	0.03589	0.03273	0.02322	0.01213	0.01047	0.00323	0.01054	0.01020	0.01101	0.01711
2	0.02978	0.47774	0.04804	0.01987	0.02803	0.12380	0.01830	0.03598	0.08007	0.02715	0.01806	0.01975	0.01563	0.00991	0.00764	0.00248	0.01218	0.00652	0.00535	0.01371
3	0.03467	0.02673	0.03398	0.02637	0.03451	0.02879	0.09879	0.28812	0.17435	0.09440	0.03066	0.03041	0.02207	0.01256	0.01093	0.00335	0.01155	0.01072	0.00999	0.01706
4	0.28881	0.11678	0.17144	0.02009	0.02953	0.02587	0.02070	0.03646	0.07151	0.09754	0.02153	0.02272	0.01589	0.01056	0.00836	0.00318	0.01071	0.00741	0.00683	0.01409
5	0.02790	0.03384	0.24465	0.02528	0.03699	0.01995	0.07984	0.03591	0.02435	0.15834	0.02447	0.02607	0.01725	0.01004	0.00987	0.00288	0.01227	0.00857	0.00704	0.19448
6	0.02107	0.01819	0.02273	0.10053	0.03135	0.01511	0.01479	0.02593	0.02171	0.03291	0.02129	0.06074	0.01887	0.00983	0.00858	0.00202	0.00863	0.00822	0.00626	0.55126
7	0.02630	0.02271	0.02391	0.02152	0.02749	0.02630	0.01674	0.05618	0.54336	0.04423	0.04303	0.03945	0.03228	0.01434	0.01076	0.00359	0.00837	0.01195	0.01076	0.01674
8	0.01250	0.01071	0.01071	0.01071	0.01428	0.00893	0.00803	0.01517	0.02410	0.02856	0.10711	0.10175	0.55817	0.02678	0.01250	0.00357	0.00536	0.02231	0.00982	0.00893
9	0.01538	0.01025	0.01153	0.01153	0.01153	0.01025	0.00641	0.01538	0.01538	0.02050	0.03331	0.06919	0.03844	0.62842	0.05382	0.01025	0.01025	0.01538	0.00641	0.00641
10	0.02827	0.63478	0.05540	0.01809	0.02714	0.04184	0.01809	0.03166	0.02148	0.02488	0.01470	0.01696	0.01357	0.00905	0.00678	0.00226	0.01131	0.00565	0.00452	0.01357
11	0.02617	0.02512	0.04292	0.06490	0.56246	0.02512	0.03245	0.03245	0.02407	0.03454	0.01989	0.02617	0.01675	0.00942	0.01047	0.00314	0.01256	0.00942	0.00523	0.01675
12	0.01250	0.01071	0.01071	0.01071	0.01428	0.00893	0.00803	0.01517	0.02410	0.02856	0.10711	0.10175	0.55817	0.02678	0.01250	0.00357	0.00536	0.02231	0.00982	0.00893
13	0.01404	0.01077	0.01285	0.01233	0.01523	0.00958	0.00925	0.01816	0.02774	0.03721	0.38825	0.08752	0.27164	0.02355	0.01248	0.00342	0.00513	0.02032	0.01096	0.00958
14	0.04280	0.06482	0.02994	0.02131	0.02968	0.02528	0.01782	0.27012	0.03866	0.30053	0.03235	0.02981	0.02154	0.01263	0.01035	0.00316	0.01037	0.00978	0.01135	0.01769
15	0.02617	0.02512	0.04292	0.06490	0.56246	0.02512	0.03245	0.03245	0.02407	0.03454	0.01989	0.02617	0.01675	0.00942	0.01047	0.00314	0.01256	0.00942	0.00523	0.01675
16	0.02266	0.04477	0.38481	0.03384	0.04736	0.02532	0.18165	0.03512	0.05812	0.03432	0.02131	0.02531	0.01545	0.01000	0.01082	0.00343	0.01579	0.00948	0.00515	0.01529
17	0.01250	0.01071	0.01071	0.01071	0.01428	0.00893	0.00803	0.01517	0.02410	0.02856	0.10711	0.10175	0.55817	0.02678	0.01250	0.00357	0.00536	0.02231	0.00982	0.00893
18	0.02192	0.01879	0.02192	0.01566	0.02506	0.01409	0.01253	0.02662	0.02192	0.03445	0.01879	0.02192	0.01566	0.00783	0.00783	0.00157	0.00783	0.00626	0.00626	0.69305
19	0.04689	0.01887	0.02508	0.01923	0.02743	0.01684	0.01588	0.08743	0.03173	0.53181	0.04048	0.03519	0.02555	0.01306	0.01063	0.00326	0.00920	0.01055	0.01290	0.01799
20	0.03011	0.07807	0.03547	0.03088	0.09155	0.19105	0.08989	0.04455	0.22508	0.03490	0.02755	0.02882	0.02146	0.01164	0.01031	0.00318	0.01349	0.00977	0.00738	0.01485
21	0.01344	0.01075	0.01201	0.01170	0.01486	0.00933	0.00877	0.01699	0.02632	0.03383	0.27826	0.09309	0.38373	0.02481	0.01249	0.00348	0.00522	0.02110	0.01051	0.00933
22	0.01256	0.01045	0.01098	0.01141	0.01446	0.00887	0.00834	0.01510	0.02343	0.02829	0.09864	0.19189	0.47351	0.02788	0.01267	0.00370	0.00549	0.02366	0.00982	0.00887
23	0.01510	0.01133	0.01699	0.01699	0.01888	0.01322	0.01322	0.01888	0.01699	0.02454	0.02832	0.04154	0.02643	0.07930	0.58652	0.01699	0.02832	0.01133	0.00566	0.00944
24	0.02121	0.05469	0.57364	0.03014	0.04576	0.02455	0.03906	0.03348	0.02232	0.03348	0.01897	0.02232	0.01339	0.01005	0.01005	0.00335	0.01563	0.00781	0.00446	0.01563
25	0.02827	0.63478	0.05540	0.01809	0.02714	0.04184	0.01809	0.03166	0.02148	0.02488	0.01470	0.01696	0.01357	0.00905	0.00678	0.00226	0.01131	0.00565	0.00452	0.01357
26	0.03172	0.26558	0.16543	0.02365	0.03322	0.17118	0.02348	0.06964	0.02638	0.07203	0.01891	0.02077	0.01481	0.01030	0.00878	0.00277	0.01409	0.00709	0.00581	0.01436
27	0.02112	0.07083	0.14077	0.02608	0.03344	0.02082	0.14032	0.07234	0.02464	0.03349	0.03535	0.26011	0.03678	0.01905	0.01180	0.00368	0.01172	0.01771	0.00736	0.01259
28	0.04317	0.01674	0.02228	0.01743	0.02473	0.01467	0.01429	0.04739	0.02902	0.48823	0.04060	0.03652	0.02632	0.01297	0.01013	0.00315	0.00837	0.01051	0.11673	0.01674
29	0.01360	0.00972	0.01310	0.01555	0.01647	0.00921	0.01107	0.01597	0.02095	0.02780	0.05788	0.53442	0.06836	0.03245	0.01369	0.00439	0.00676	0.11004	0.00980	0.00879
30	0.04744	0.01799	0.02454	0.01881	0.02699	0.01554	0.01554	0.05153	0.03026	0.56979	0.04171	0.03599	0.02617	0.01309	0.01063	0.00327	0.00900	0.01063	0.01309	0.01799
31	0.01538	0.01025	0.01153	0.01153	0.01153	0.01025	0.00641	0.01538	0.01538	0.02050	0.03331	0.06919	0.03844	0.62842	0.05382	0.01025	0.01025	0.01538	0.00641	0.00641
32	0.02056	0.01940	0.03279	0.55126	0.11991	0.02365	0.02966	0.02754	0.02142	0.02774	0.01890	0.02799	0.01435	0.01046	0.01056	0.00349	0.01395	0.00940	0.00475	0.01223
33	0.02827	0.63478	0.05540	0.01809	0.02714	0.04184	0.01809	0.03166	0.02148	0.02488	0.01470	0.01696	0.01357	0.00905	0.00678	0.00226	0.01131	0.00565	0.00452	0.01357
34	0.01339	0.01075	0.01195	0.01165	0.01483	0.00931	0.00874	0.01690	0.02621	0.03356	0.26969	0.09352	0.39247	0.02491	0.01249	0.00348	0.00522	0.02116	0.01048	0.00931
35	0.08454	0.03562	0.03091	0.02535	0.03256	0.25491	0.05331	0.18912	0.03484	0.12384	0.02322	0.02410	0.01689	0.01157	0.01002	0.00304	0.01445	0.00853	0.00824	0.01495
36	0.02192	0.01879	0.02192	0.01566	0.02506	0.01409	0.01253	0.02662	0.02192	0.03445	0.01879	0.02192	0.01566	0.00783	0.00783	0.00157	0.00783	0.00626	0.00626	0.69305
37	0.02399	0.02682	0.05775	0.04156	0.05146	0.02513	0.47462	0.03253	0.02543	0.03469	0.07289	0.03337	0.02409	0.01013	0.01248	0.00354	0.01659	0.01312	0.00595	0.01385
38	0.13823	0.01833	0.02329	0.01813	0.02608	0.01667	0.01497	0.04870	0.02856	0.49746	0.03798	0.03338	0.02413	0.01263	0.01007	0.00327	0.00888	0.00995	0.01218	0.01709
39	0.02360	0.02129	0.03021	0.03509	0.23709	0.01845	0.02039	0.02892	0.02277	0.03449	0.01922	0.02360	0.01609	0.00846	0.00887	0.00219	0.00970	0.00751	0.00586	0.42622
40	0.01917	0.01549	0.01761	0.01626	0.02025	0.01630	0.01243	0.03372	0.23186	0.04160	0.30478	0.06588	0.12345	0.01931	0.01180	0.00346	0.00636	0.01664	0.01109	0.01253
41	0.02313	0.02313	0.03238	0.02776	0.02776	0.03238	0.02313	0.02545	0.01619	0.02545	0.01388	0.02313	0.01388	0.01851	0.03470	0.00463	0.60907	0.00925	0.00463	0.01157
42	0.01538	0.01025	0.01153	0.01153	0.01153	0.01025	0.00641	0.01538	0.01538	0.02050	0.03331	0.06919	0.03844	0.62842	0.05382	0.01025	0.01025	0.01538	0.00641	0.00641
43	0.01288	0.00920	0.01227	0.01472	0.01534	0.00859	0.00981	0.01472	0.02024	0.02699	0.05828	0.62152	0.06993	0.03312	0.01350	0.00429	0.00613	0.03006	0.00981	0.00859
44	0.01496	0.01081	0.01413	0.01330	0.01580	0.00998	0.00998	0.01995	0.02993	0.04240	0.55689	0.07898	0.09976	0.02162	0.01247	0.00333	0.00499	0.01912	0.01164	0.00998
45	0.01250	0.01071	0.01071	0.01071	0.01428	0.00893	0.00803	0.01517	0.02410	0.02856	0.10711	0.10175	0.55817	0.02678	0.01250	0.00357	0.00536	0.02231	0.00982	0.00893
46	0.02192	0.01879	0.02192	0.01566	0.02506	0.01409	0.01253	0.02662	0.02192	0.03445	0.01879	0.02192	0.01566	0.00783	0.00783	0.00157	0.00783	0.00626	0.00626	0.69305
47	0.02617	0.02512	0.04292	0.06490	0.56246	0.02512	0.03245	0.03245	0.02407	0.03454	0.01989	0.02617	0.01675	0.00942	0.01047	0.00314	0.01256	0.00942	0.00523	0.01675
48	0.01857	0.01733	0.02124	0.02479	0.12599	0.05201	0.01558	0.02251	0.02518	0.03272	0.18681	0.06835	0.25050	0.02024	0.01398	0.00347	0.06420	0.01673	0.00859	0.01120
49	0.02001	0.01852	0.03086	0.48653	0.11365	0.02216	0.02753	0.02676	0.02239	0.02943	0.07796	0.03357	0.02375	0.01167	0.01077	0.00346	0.01295	0.01047	0.00551	0.01203
50	0.03993	0.15338	0.03389	0.02190	0.02977	0.14344	0.01830	0.17434	0.03368	0.21026	0.02655	0.02575	0.01880	0.01170	0.00961	0.00293	0.01226	0.00853	0.00909	0.01590
51	0.70310	0.02045	0.01554	0.01390	0.02045	0.02372	0.01145	0.03108	0.01799	0.04744	0.01472	0.01718	0.01145	0.00981	0.00654	0.00327	0.00818	0.00573	0.00654	0.01145
52	0.01288	0.00920	0.01227	0.01472	0.01534	0.00859	0.00981	0.01472	0.02024	0.02699	0.05828	0.62152	0.06993	0.03312	0.01350	0.00429	0.00613	0.03006	0.00981	0.00859
53	0.02916	0.02413	0.02552	0.02210	0.02858	0.02763	0.01743	0.15318	0.44171	0.04884	0.03940	0.03655	0.02933	0.01400	0.01072	0.00350	0.00904	0.01145	0.01072	0.01699
54	0.02253	0.02379	0.04747	0.31616	0.06380	0.02516	0.28347	0.03053	0.02310	0.03053	0.02013	0.02836	0.01510	0.00972	0.01155	0.00354	0.01601	0.01098	0.00503	0.01304
55	0.01288	0.00920	0.01227	0.01472	0.01534	0.00859	0.00981	0.01472	0.02024	0.02699	0.05828	0.62152	0.06993	0.03312	0.01350	0.00429	0.00613	0.03006	0.00981	0.00859
56	0.04073	0.02876	0.03120	0.02392	0.03236	0.03152	0.01976	0.49219	0.04828	0.10368	0.02659	0.02617	0.01858	0.01272	0.01058	0.00318	0.01144	0.00960	0.01076	0.01798
57	0.02721	0.02710	0.04190	0.06195	0.52098	0.06904	0.03151	0.03321	0.02454	0.03386	0.01961	0.02561	0.01650	0.00954	0.01039	0.00311	0.01307	0.00922	0.00525	0.01640
58	0.04435	0.01801	0.02364	0.01834	0.02601	0.01617	0.01508	0.08105	0.03081	0.48615	0.03994	0.03559	0.02571	0.01299	0.01032	0.00319	0.00879	0.01048	0.07613	0.01723
59	0.02826	0.03326	0.11361	0.09395	0.11070	0.13231	0.02466	0.07567	0.20284	0.03739	0.02720	0.02891	0.02071	0.01182	0.01034	0.00329	0.01295	0.00954	0.00734	0.01525
60	0.02192	0.10665	0.48742	0.02802	0.04260	0.02546	0.03529	0.03285	0.02222	0.03274	0.01856	0.02179	0.01356	0.00980	0.00959	0.00312	0.01469	0.00750	0.00459	0.06162
61	0.11949	0.20612	0.30378	0.02405	0.03594	0.02993	0.02772	0.07896	0.02406	0.03618	0.01782	0.02043	0.01360	0.00999	0.00872	0.00302	0.01304	0.00709	0.00534	0.01471
62	0.02333	0.02372	0.03568	0.02960	0.03078	0.03177	0.07811	0.02637	0.01715	0.02637	0.01470	0.02372	0.01412	0.01745	0.03226	0.00451	0.54417	0.00961	0.00471	0.01186
63	0.02570	0.02789	0.09269	0.06164	0.51400	0.02507	0.03307	0.03255	0.02391	0.03444	0.01980	0.02581	0.01643	0.00948	0.01043	0.00316	0.01285	0.00927	0.00516	0.01664
64	0.03537	0.02135	0.06657	0.02382	0.07791	0.01743	0.01872	0.04244	0.06699	0.31264	0.03625	0.04036	0.02667	0.01343	0.01058	0.00321	0.00969	0.05603	0.01025	0.11028
65	0.01308	0.00935	0.01244	0.01459	0.01538	0.00872	0.00983	0.01521	0.02115	0.02844	0.10504	0.57064	0.07273	0.03205	0.01340	0.00420	0.00603	0.02903	0.00999	0.00872
66	0.01288	0.00920	0.01227	0.01472	0.01534	0.00859	0.00981	0.01472	0.02024	0.02699	0.05828	0.62152	0.06993	0.03312	0.01350	0.00429	0.00613	0.03006	0.00981	0.00859
67	0.70310	0.02045	0.01554	0.01390	0.02045	0.02372	0.01145	0.03108	0.01799	0.04744	0.01472	0.01718	0.01145	0.00981	0.00654	0.00327	0.00818	0.00573	0.00654	0.01145
68	0.02313	0.02313	0.03238	0.02776	0.02776	0.03238	0.02313	0.02545	0.01619	0.02545	0.01388	0.02313	0.01388	0.01851	0.03470	0.00463	0.60907	0.00925	0.00463	0.01157
69	0.01354	0.00926	0.01204	0.01425	0.01505	0.00871	0.00958	0.01568	0.02043	0.02819	0.05599	0.56554	0.06581	0.03112	0.01291	0.00412	0.00602	0.02811	0.07495	0.00871
70	0.01444	0.01023	0.01366	0.01584	0.01695	0.00988	0.01167	0.01701	0.02097	0.02772	0.05483	0.40572	0.06367	0.09725	0.01826	0.00513	0.00770	0.17095	0.00942	0.00870
71	0.01571	0.01074	0.01537	0.01529	0.01663	0.01177	0.01122	0.01757	0.01740	0.02454	0.07684	0.04733	0.03359	0.14491	0.35943	0.13492	0.02014	0.01226	0.00614	0.00819
72	0.01835	0.01436	0.01705	0.01575	0.01929	0.01485	0.01199	0.03076	0.18313	0.04295	0.40356	0.06718	0.07963	0.01945	0.01196	0.00340	0.00600	0.01698	0.01138	0.01199
73	0.04744	0.01799	0.02454	0.01881	0.02699	0.01554	0.01554	0.05153	0.03026	0.56979	0.04171	0.03599	0.02617	0.01309	0.01063	0.00327	0.00900	0.01063	0.01309	0.01799
74	0.10662	0.02565	0.04421	0.03244	0.04178	0.02514	0.27694	0.12157	0.02952	0.15127	0.02552	0.02828	0.01796	0.01052	0.01112	0.00341	0.01389	0.01085	0.00797	0.01536
75	0.02080	0.01983	0.03538	0.08118	0.15933	0.02020	0.14591	0.02641	0.02325	0.03200	0.07231	0.15749	0.03734	0.01754	0.01378	0.00379	0.05253	0.06134	0.00701	0.01257
76	0.01496	0.01081	0.01413	0.01330	0.01580	0.00998	0.00998	0.01995	0.02993	0.04240	0.55689	0.07898	0.09976	0.02162	0.01247	0.00333	0.00499	0.01912	0.01164	0.00998
77	0.11940	0.01826	0.02355	0.01827	0.02627	0.01644	0.01509	0.04928	0.02892	0.51246	0.03875	0.03392	0.02456	0.01273	0.01018	0.00327	0.00891	0.01009	0.01237	0.01728
78	0.02253	0.01995	0.03114	0.04346	0.31003	0.02029	0.02454	0.03061	0.08078	0.03413	0.03554	0.10799	0.03506	0.01740	0.01187	0.00375	0.01075	0.13858	0.00746	0.01413
79	0.02705	0.07426	0.05338	0.04709	0.20763	0.02670	0.29988	0.03440	0.02476	0.06811	0.02172	0.02737	0.01672	0.00935	0.01129	0.00331	0.01512	0.01088	0.00575	0.01522
80	0.02121	0.05469	0.57364	0.03014	0.04576	0.02455	0.03906	0.03348	0.02232	0.03348	0.01897	0.02232	0.01339	0.01005	0.01005	0.00335	0.01563	0.00781	0.00446	0.01563
81	0.24023	0.03060	0.02637	0.03019	0.15327	0.21408	0.01908	0.03450	0.02398	0.03613	0.01868	0.02241	0.01517	0.01036	0.00859	0.00296	0.01258	0.00743	0.08055	0.01282
82	0.01387	0.01025	0.01333	0.01483	0.01640	0.00919	0.01011	0.01603	0.02043	0.02781	0.05394	0.55571	0.06397	0.03035	0.01287	0.00399	0.00632	0.02745	0.00943	0.08371

[dist]
# distance from previous block
# <min> <max>
0	1

[block]
# block no. 1 follows, 13 sequences, length 35
# corresponding to MSA columns:
# 146-180
name=unknown_B
#
# <colnr> <probs for GDERKNQSTAVLIFYWHMCP>
#	G	D	E	R	K	N	Q	S	T	A	V	L	I	F	Y	W	H	M	C	P
0	0.08322	0.11490	0.21893	0.03252	0.11263	0.02576	0.10348	0.03583	0.02377	0.11897	0.02217	0.02485	0.01617	0.01012	0.00985	0.00319	0.01329	0.00874	0.00626	0.01534
1	0.70310	0.02045	0.01554	0.01390	0.02045	0.02372	0.01145	0.03108	0.01799	0.04744	0.01472	0.01718	0.01145	0.00981	0.00654	0.00327	0.00818	0.00573	0.00654	0.01145
2	0.01529	0.01059	0.01323	0.01323	0.01382	0.01118	0.00853	0.01647	0.01588	0.02176	0.03176	0.06057	0.03469	0.45717	0.21995	0.01235	0.01589	0.01411	0.00618	0.00735
3	0.01997	0.01879	0.03171	0.60301	0.07282	0.02349	0.02936	0.02701	0.02114	0.02701	0.01879	0.02819	0.01409	0.01057	0.01057	0.00352	0.01409	0.00940	0.00470	0.01175
4	0.01538	0.01072	0.01376	0.01300	0.01549	0.00997	0.00975	0.02037	0.02924	0.04214	0.51075	0.07549	0.09335	0.02079	0.01202	0.00325	0.00498	0.01830	0.07130	0.00997
5	0.01853	0.01210	0.01530	0.01405	0.01721	0.01150	0.01068	0.02514	0.06421	0.08259	0.44734	0.07034	0.08465	0.01984	0.01187	0.00328	0.00552	0.01736	0.05745	0.01104
6	0.01322	0.01074	0.01172	0.01148	0.01473	0.00924	0.00861	0.01658	0.02582	0.03265	0.23990	0.09503	0.42283	0.02525	0.01249	0.00350	0.00525	0.02137	0.01036	0.00924
7	0.03950	0.05039	0.02996	0.02724	0.03269	0.58597	0.02043	0.04222	0.02996	0.02588	0.01634	0.01907	0.01362	0.01090	0.00953	0.00272	0.01907	0.00681	0.00545	0.01226
8	0.02827	0.63478	0.05540	0.01809	0.02714	0.04184	0.01809	0.03166	0.02148	0.02488	0.01470	0.01696	0.01357	0.00905	0.00678	0.00226	0.01131	0.00565	0.00452	0.01357
9	0.70310	0.02045	0.01554	0.01390	0.02045	0.02372	0.01145	0.03108	0.01799	0.04744	0.01472	0.01718	0.01145	0.00981	0.00654	0.00327	0.00818	0.00573	0.00654	0.01145
10	0.01923	0.01582	0.02023	0.01865	0.06485	0.01320	0.01304	0.02418	0.02560	0.03793	0.25390	0.04719	0.05248	0.01398	0.01007	0.00246	0.00697	0.01214	0.00853	0.33954
11	0.03253	0.13597	0.16343	0.02779	0.03652	0.33488	0.05986	0.03803	0.02657	0.02807	0.01707	0.02018	0.01373	0.01028	0.00946	0.00286	0.01703	0.00727	0.00507	0.01338
12	0.70310	0.02045	0.01554	0.01390	0.02045	0.02372	0.01145	0.03108	0.01799	0.04744	0.01472	0.01718	0.01145	0.00981	0.00654	0.00327	0.00818	0.00573	0.00654	0.01145
13	0.01971	0.00985	0.00985	0.00985	0.01232	0.00985	0.00739	0.02464	0.02217	0.03942	0.03449	0.03942	0.02710	0.01232	0.00739	0.00246	0.00493	0.00985	0.68712	0.00985
14	0.02496	0.02852	0.06239	0.04456	0.05526	0.02674	0.52406	0.03387	0.02496	0.03387	0.02139	0.02852	0.01604	0.00891	0.01248	0.00357	0.01783	0.01248	0.00535	0.01426
15	0.04019	0.02962	0.03173	0.02433	0.03279	0.03279	0.02010	0.52721	0.04971	0.06663	0.02538	0.02538	0.01798	0.01269	0.01058	0.00317	0.01163	0.00952	0.01058	0.01798
16	0.01496	0.01081	0.01413	0.01330	0.01580	0.00998	0.00998	0.01995	0.02993	0.04240	0.55689	0.07898	0.09976	0.02162	0.01247	0.00333	0.00499	0.01912	0.01164	0.00998
17	0.01510	0.01133	0.01699	0.01699	0.01888	0.01322	0.01322	0.01888	0.01699	0.02454	0.02832	0.04154	0.02643	0.07930	0.58652	0.01699	0.02832	0.01133	0.00566	0.00944
18	0.02313	0.02313	0.03238	0.02776	0.02776	0.03238	0.02313	0.02545	0.01619	0.02545	0.01388	0.02313	0.01388	0.01851	0.03470	0.00463	0.60907	0.00925	0.00463	0.01157
19	0.01288	0.00920	0.01227	0.01472	0.01534	0.00859	0.00981	0.01472	0.02024	0.02699	0.05828	0.62152	0.06993	0.03312	0.01350	0.00429	0.00613	0.03006	0.00981	0.00859
20	0.02313	0.02313	0.03238	0.02776	0.02776	0.03238	0.02313	0.02545	0.01619	0.02545	0.01388	0.02313	0.01388	0.01851	0.03470	0.00463	0.60907	0.00925	0.00463	0.01157
21	0.01304	0.00946	0.01232	0.01429	0.01530	0.00874	0.00969	0.01522	0.02139	0.02847	0.10599	0.53442	0.10937	0.03163	0.01333	0.00415	0.00597	0.02851	0.00998	0.00874
22	0.02313	0.02313	0.03238	0.02776	0.02776	0.03238	0.02313	0.02545	0.01619	0.02545	0.01388	0.02313	0.01388	0.01851	0.03470	0.00463	0.60907	0.00925	0.00463	0.01157
23	0.01426	0.01078	0.01316	0.01256	0.01536	0.00968	0.00942	0.01859	0.02826	0.03845	0.42843	0.08548	0.23069	0.02309	0.01248	0.00340	0.00509	0.02003	0.01112	0.00968
24	0.01439	0.01099	0.01350	0.01452	0.01715	0.01009	0.01152	0.01800	0.02446	0.03131	0.14713	0.17757	0.26086	0.02774	0.01333	0.00406	0.00685	0.17716	0.01005	0.00929
25	0.70310	0.02045	0.01554	0.01390	0.02045	0.02372	0.01145	0.03108	0.01799	0.04744	0.01472	0.01718	0.01145	0.00981	0.00654	0.00327	0.00818	0.00573	0.00654	0.01145
26	0.70310	0.02045	0.01554	0.01390	0.02045	0.02372	0.01145	0.03108	0.01799	0.04744	0.01472	0.01718	0.01145	0.00981	0.00654	0.00327	0.00818	0.00573	0.00654	0.01145
27	0.02182	0.02240	0.04308	0.39612	0.06631	0.02469	0.21264	0.02955	0.02255	0.02955	0.01976	0.02831	0.01482	0.00996	0.01128	0.00354	0.01548	0.01054	0.00494	0.01268
28	0.02496	0.02852	0.06239	0.04456	0.05526	0.02674	0.52406	0.03387	0.02496	0.03387	0.02139	0.02852	0.01604	0.00891	0.01248	0.00357	0.01783	0.01248	0.00535	0.01426
29	0.01378	0.00986	0.01323	0.01527	0.01640	0.00931	0.01094	0.01648	0.02210	0.02966	0.12117	0.47593	0.07233	0.03107	0.01353	0.00426	0.00654	0.09917	0.01003	0.00894
30	0.03343	0.02541	0.02559	0.02131	0.02792	0.06859	0.01700	0.22809	0.21025	0.09353	0.03316	0.03231	0.02431	0.01310	0.01016	0.00320	0.01003	0.01027	0.09627	0.01609
31	0.01793	0.00939	0.01382	0.01371	0.01403	0.00928	0.00928	0.01456	0.01582	0.02141	0.08667	0.03808	0.02869	0.03481	0.03766	0.60498	0.00865	0.01044	0.00549	0.00527
32	0.02424	0.02017	0.02317	0.01676	0.02604	0.01647	0.01349	0.09012	0.02545	0.03854	0.01963	0.02236	0.01595	0.00845	0.00818	0.00177	0.00831	0.00668	0.00681	0.60743
33	0.02424	0.02017	0.02317	0.01676	0.02604	0.01647	0.01349	0.09012	0.02545	0.03854	0.01963	0.02236	0.01595	0.00845	0.00818	0.00177	0.00831	0.00668	0.00681	0.60743
34	0.61751	0.09837	0.02060	0.01444	0.02130	0.02602	0.01229	0.03115	0.01844	0.04458	0.01472	0.01715	0.01172	0.00972	0.00657	0.00314	0.00858	0.00572	0.00629	0.01172

[dist]
# distance from previous block
# <min> <max>
0	9

# created by:
# /st0/software/busco_prod/Augustus/scripts/msa2prfl.pl ./align_prep/8644.fa
