[name]
unknown

[dist]
# distance from previous block
# <min> <max>
0	165

[block]
# block no. 0 follows, 10 sequences, length 14
# corresponding to MSA columns:
# 247-260
name=unknown_A
#
# <colnr> <probs for GDERKNQSTAVLIFYWHMCP>
#	G	D	E	R	K	N	Q	S	T	A	V	L	I	F	Y	W	H	M	C	P
0	0.03940	0.13188	0.03474	0.02621	0.07276	0.06905	0.02003	0.04725	0.08460	0.24340	0.03757	0.04265	0.02867	0.01492	0.01123	0.00354	0.01165	0.05279	0.01050	0.01717
1	0.02563	0.15088	0.16902	0.05811	0.03523	0.02450	0.02385	0.03236	0.02541	0.08252	0.07141	0.12783	0.03531	0.01646	0.01106	0.00343	0.01176	0.01367	0.00775	0.07379
2	0.03775	0.11369	0.07470	0.02244	0.03039	0.02505	0.02021	0.04525	0.07003	0.25956	0.08186	0.03841	0.03246	0.01517	0.01429	0.00364	0.07601	0.01145	0.01065	0.01699
3	0.03053	0.02034	0.02742	0.02257	0.02722	0.02160	0.05653	0.10155	0.07032	0.12210	0.03260	0.04539	0.02830	0.17412	0.03147	0.08579	0.06697	0.01289	0.00893	0.01335
4	0.01887	0.01515	0.02047	0.01923	0.01999	0.01839	0.01427	0.02102	0.01779	0.02551	0.02943	0.05261	0.03086	0.26709	0.23301	0.01250	0.15423	0.01364	0.00627	0.00965
5	0.03435	0.17367	0.04049	0.08046	0.14774	0.07452	0.02341	0.03913	0.02728	0.14951	0.02953	0.07896	0.02477	0.01386	0.01073	0.00335	0.01267	0.01142	0.00805	0.01610
6	0.02349	0.01634	0.01945	0.01669	0.02208	0.01489	0.01291	0.07843	0.03180	0.08612	0.21588	0.11841	0.14323	0.02140	0.01252	0.00345	0.00747	0.01831	0.01123	0.12589
7	0.14107	0.02674	0.04196	0.06162	0.43228	0.02737	0.03167	0.03543	0.02532	0.04047	0.02089	0.02706	0.01741	0.01044	0.01076	0.00348	0.01298	0.00965	0.00601	0.01741
8	0.03063	0.02196	0.03113	0.26400	0.05236	0.02556	0.02495	0.04329	0.14015	0.14371	0.03221	0.03540	0.02327	0.01404	0.01412	0.00394	0.06342	0.01130	0.00881	0.01575
9	0.01521	0.01189	0.01321	0.01341	0.01637	0.01063	0.00994	0.01824	0.02565	0.03212	0.14504	0.10490	0.33037	0.12693	0.02193	0.00534	0.00734	0.07150	0.01038	0.00958
10	0.02553	0.07063	0.15114	0.07188	0.03843	0.07606	0.06525	0.03444	0.05710	0.03533	0.02874	0.08073	0.02488	0.01491	0.01332	0.00364	0.06238	0.01202	0.11953	0.01405
11	0.01930	0.01434	0.01607	0.01592	0.01760	0.01517	0.01041	0.02750	0.13255	0.03002	0.04398	0.15671	0.04670	0.35733	0.04017	0.00839	0.00999	0.01883	0.00884	0.01018
12	0.01881	0.01556	0.02213	0.19962	0.03925	0.01746	0.01857	0.02632	0.07986	0.03136	0.04508	0.28774	0.04825	0.07551	0.01739	0.00493	0.01038	0.02160	0.00870	0.01148
13	0.40296	0.01952	0.01890	0.01770	0.02229	0.02300	0.01407	0.02873	0.01985	0.04238	0.02618	0.12120	0.02605	0.02538	0.07530	0.00574	0.07933	0.01215	0.00745	0.01180

[dist]
# distance from previous block
# <min> <max>
0	3

[block]
# block no. 1 follows, 10 sequences, length 32
# corresponding to MSA columns:
# 264-275,294-301,309-320
name=unknown_B
#
# <colnr> <probs for GDERKNQSTAVLIFYWHMCP>
#	G	D	E	R	K	N	Q	S	T	A	V	L	I	F	Y	W	H	M	C	P
0	0.03038	0.02675	0.08082	0.33609	0.06203	0.02698	0.02934	0.12634	0.03108	0.10045	0.02528	0.03082	0.01794	0.01239	0.01158	0.00374	0.01442	0.01037	0.00761	0.01558
1	0.09136	0.06749	0.03117	0.11422	0.09568	0.02538	0.02109	0.12552	0.03255	0.09587	0.09969	0.04403	0.07748	0.01535	0.01136	0.00356	0.01104	0.01258	0.00928	0.01531
2	0.02112	0.01706	0.02148	0.08548	0.02964	0.01845	0.01662	0.03512	0.17101	0.04396	0.26617	0.07143	0.07145	0.02073	0.01313	0.00394	0.00837	0.06003	0.01136	0.01342
3	0.03446	0.02080	0.02625	0.01974	0.02862	0.01798	0.01609	0.03914	0.02686	0.21500	0.02934	0.02988	0.02125	0.01182	0.01252	0.00272	0.06195	0.00895	0.00945	0.36716
4	0.08142	0.01267	0.01320	0.01323	0.01684	0.01162	0.00985	0.01931	0.02636	0.03593	0.16846	0.16177	0.33412	0.02752	0.01322	0.00395	0.00625	0.02323	0.01078	0.01025
5	0.01866	0.01418	0.01923	0.09016	0.02632	0.01557	0.01482	0.02273	0.02469	0.03498	0.18327	0.11508	0.06043	0.13523	0.02470	0.00547	0.06593	0.04800	0.07008	0.01046
6	0.01972	0.01377	0.01609	0.01673	0.01949	0.01424	0.01248	0.02943	0.11947	0.03888	0.08900	0.24989	0.05801	0.02495	0.01255	0.00403	0.00721	0.06475	0.17745	0.01185
7	0.02633	0.02939	0.06322	0.04552	0.05637	0.02754	0.42909	0.03570	0.02801	0.03821	0.07331	0.03702	0.02702	0.01123	0.01372	0.00389	0.01817	0.01447	0.00659	0.01521
8	0.04034	0.19418	0.04077	0.02663	0.03436	0.30576	0.02171	0.13456	0.03506	0.03760	0.01959	0.02182	0.01598	0.01186	0.00993	0.00297	0.01700	0.00778	0.00691	0.01519
9	0.02173	0.04378	0.34317	0.02798	0.03956	0.02367	0.03269	0.03198	0.02607	0.03851	0.15032	0.04113	0.03991	0.01538	0.01458	0.00382	0.07158	0.01205	0.00702	0.01508
10	0.04345	0.05543	0.03296	0.02996	0.03596	0.54457	0.02247	0.04644	0.03296	0.02846	0.01798	0.02097	0.01498	0.01199	0.01049	0.00300	0.02097	0.00749	0.00599	0.01348
11	0.67341	0.02249	0.01709	0.01529	0.02249	0.02609	0.01260	0.03419	0.01979	0.05218	0.01619	0.01889	0.01260	0.01080	0.00720	0.00360	0.00900	0.00630	0.00720	0.01260
12	0.02412	0.02067	0.02412	0.01723	0.02756	0.01550	0.01378	0.02929	0.02412	0.03790	0.02067	0.02412	0.01723	0.00861	0.00861	0.00172	0.00861	0.00689	0.00689	0.66236
13	0.02168	0.01084	0.01084	0.01084	0.01355	0.01084	0.00813	0.02710	0.02439	0.04336	0.03794	0.04336	0.02981	0.01355	0.00813	0.00271	0.00542	0.01084	0.65583	0.01084
14	0.02412	0.02067	0.02412	0.01723	0.02756	0.01550	0.01378	0.02929	0.02412	0.03790	0.02067	0.02412	0.01723	0.00861	0.00861	0.00172	0.00861	0.00689	0.00689	0.66236
15	0.01417	0.01012	0.01350	0.01619	0.01687	0.00945	0.01080	0.01619	0.02227	0.02969	0.06410	0.58367	0.07692	0.03644	0.01484	0.00472	0.00675	0.03306	0.01080	0.00945
16	0.01405	0.01061	0.01299	0.01490	0.01653	0.00956	0.01022	0.01634	0.02351	0.03019	0.07980	0.44582	0.20464	0.03440	0.01452	0.00449	0.00650	0.03057	0.01080	0.00956
17	0.12854	0.02012	0.02577	0.02003	0.02880	0.01820	0.01654	0.05392	0.03163	0.46843	0.04223	0.03704	0.02680	0.01395	0.01114	0.00360	0.00979	0.01103	0.01351	0.01891
18	0.01456	0.01120	0.01332	0.01409	0.01654	0.00996	0.01007	0.01778	0.02650	0.03446	0.19332	0.27924	0.25584	0.03065	0.01414	0.00415	0.00611	0.02683	0.01128	0.00996
19	0.03917	0.01691	0.02282	0.01849	0.02520	0.01487	0.01487	0.04403	0.03315	0.35191	0.21585	0.05681	0.05827	0.01781	0.01243	0.00362	0.00829	0.01510	0.01382	0.01658
20	0.04345	0.05543	0.03296	0.02996	0.03596	0.54457	0.02247	0.04644	0.03296	0.02846	0.01798	0.02097	0.01498	0.01199	0.01049	0.00300	0.02097	0.00749	0.00599	0.01348
21	0.02557	0.01370	0.01786	0.01574	0.01998	0.01244	0.01218	0.03082	0.03220	0.16217	0.35510	0.07135	0.08265	0.02055	0.01270	0.00355	0.00654	0.01782	0.07398	0.01309
22	0.01417	0.01012	0.01350	0.01619	0.01687	0.00945	0.01080	0.01619	0.02227	0.02969	0.06410	0.58367	0.07692	0.03644	0.01484	0.00472	0.00675	0.03306	0.01080	0.00945
23	0.02162	0.02143	0.08749	0.02026	0.02482	0.01727	0.01704	0.11111	0.02853	0.03866	0.04860	0.35190	0.05405	0.07885	0.01772	0.00493	0.00977	0.02381	0.00983	0.01232
24	0.01454	0.01028	0.01339	0.01572	0.01630	0.00969	0.01029	0.01629	0.02154	0.02873	0.06040	0.51520	0.07225	0.11129	0.02083	0.00561	0.00736	0.03088	0.01029	0.00912
25	0.02590	0.02354	0.03771	0.39337	0.17605	0.02734	0.03199	0.07898	0.02734	0.03625	0.02172	0.03017	0.01663	0.01159	0.01160	0.00374	0.01483	0.01036	0.00599	0.01491
26	0.04363	0.04992	0.03343	0.02919	0.03598	0.42188	0.02238	0.15103	0.03820	0.03928	0.02038	0.02265	0.01614	0.01246	0.01076	0.00312	0.01900	0.00821	0.00735	0.01500
27	0.03133	0.03483	0.16809	0.08567	0.05326	0.02583	0.23188	0.04069	0.02764	0.14274	0.02748	0.03148	0.01917	0.01127	0.01245	0.00379	0.01654	0.01174	0.00743	0.01669
28	0.01429	0.01097	0.01309	0.01432	0.01649	0.00978	0.01007	0.01709	0.02519	0.03243	0.13969	0.34288	0.24747	0.03222	0.01429	0.00429	0.00627	0.02834	0.01104	0.00978
29	0.11362	0.03395	0.14295	0.03492	0.04635	0.02698	0.22406	0.03895	0.08330	0.04065	0.02465	0.02907	0.01854	0.01079	0.01155	0.00361	0.01528	0.01093	0.00670	0.08315
30	0.01843	0.07429	0.02278	0.09057	0.02846	0.01651	0.01552	0.02214	0.02356	0.03097	0.05348	0.30363	0.09622	0.02631	0.01299	0.00404	0.00901	0.06199	0.00901	0.08009
31	0.03269	0.02410	0.03290	0.07559	0.03815	0.02352	0.07486	0.15862	0.03404	0.11204	0.03097	0.08700	0.02560	0.01421	0.01143	0.00326	0.01176	0.01243	0.00935	0.18749

[dist]
# distance from previous block
# <min> <max>
27	58

[block]
# block no. 2 follows, 10 sequences, length 67
# corresponding to MSA columns:
# 394-460
name=unknown_C
#
# <colnr> <probs for GDERKNQSTAVLIFYWHMCP>
#	G	D	E	R	K	N	Q	S	T	A	V	L	I	F	Y	W	H	M	C	P
0	0.14346	0.03654	0.08443	0.03513	0.13811	0.15282	0.02496	0.08529	0.07633	0.07879	0.02475	0.02694	0.01881	0.01208	0.01055	0.00345	0.01425	0.00918	0.00778	0.01635
1	0.03420	0.02164	0.03268	0.13814	0.04227	0.02281	0.06857	0.08207	0.03033	0.20302	0.07236	0.07871	0.03273	0.01626	0.01485	0.00391	0.06599	0.01370	0.01000	0.01576
2	0.09754	0.09251	0.14155	0.08745	0.04158	0.07570	0.02614	0.16373	0.03402	0.09728	0.02428	0.02637	0.01755	0.01224	0.01057	0.00346	0.01407	0.00909	0.00815	0.01671
3	0.02883	0.18389	0.26887	0.02748	0.03939	0.03179	0.03067	0.03976	0.06880	0.08293	0.02409	0.02641	0.01816	0.01245	0.01292	0.00354	0.06804	0.00889	0.00653	0.01656
4	0.02814	0.04164	0.31005	0.08911	0.04558	0.02293	0.03265	0.03820	0.02718	0.13576	0.08573	0.03590	0.02921	0.01334	0.01157	0.00369	0.01410	0.01093	0.00781	0.01647
5	0.02108	0.08766	0.03182	0.02396	0.02828	0.02095	0.09044	0.02579	0.02441	0.03284	0.09885	0.11832	0.04898	0.08349	0.06968	0.00629	0.05818	0.10896	0.00828	0.01172
6	0.02738	0.02555	0.09650	0.19314	0.05129	0.02241	0.10964	0.03501	0.02635	0.12127	0.07292	0.03872	0.02853	0.02150	0.07326	0.00549	0.01634	0.01224	0.00774	0.01470
7	0.03491	0.02897	0.14793	0.02585	0.03579	0.01957	0.07059	0.04205	0.02915	0.25062	0.04638	0.05367	0.07459	0.01680	0.01251	0.00391	0.01236	0.06724	0.01046	0.01665
8	0.04147	0.09467	0.03488	0.02650	0.03415	0.24342	0.02115	0.17062	0.09480	0.08731	0.02664	0.02708	0.02004	0.01302	0.01079	0.00326	0.01543	0.00927	0.00894	0.01656
9	0.02405	0.01898	0.02346	0.02158	0.02534	0.07398	0.06156	0.02774	0.02674	0.09601	0.10684	0.33149	0.06148	0.02650	0.01369	0.00417	0.00997	0.02392	0.01044	0.01207
10	0.02668	0.03819	0.21864	0.15213	0.05901	0.02689	0.19629	0.03693	0.02598	0.07192	0.02366	0.02954	0.01700	0.01097	0.01219	0.00381	0.01716	0.01106	0.00603	0.01592
11	0.02523	0.02512	0.04625	0.04389	0.14422	0.02604	0.19509	0.03213	0.02551	0.03530	0.03134	0.05478	0.02973	0.01721	0.01781	0.00437	0.10551	0.11898	0.00693	0.01455
12	0.04139	0.04505	0.03452	0.02969	0.03664	0.36900	0.06121	0.04881	0.08909	0.09546	0.02561	0.02700	0.01948	0.01256	0.01109	0.00327	0.01800	0.00927	0.00777	0.01508
13	0.01963	0.01221	0.01560	0.01620	0.01903	0.01105	0.01199	0.02286	0.02612	0.09593	0.11951	0.31950	0.16416	0.03042	0.01422	0.00436	0.00723	0.06739	0.01146	0.01113
14	0.16337	0.09887	0.08913	0.02266	0.03245	0.02871	0.02092	0.16407	0.03442	0.19379	0.02875	0.02813	0.01990	0.01266	0.01023	0.00344	0.01167	0.00930	0.01002	0.01752
15	0.02917	0.41642	0.15846	0.02319	0.03432	0.03996	0.02471	0.03835	0.07813	0.03185	0.02075	0.02276	0.01724	0.01086	0.00874	0.00291	0.01309	0.00753	0.00575	0.01581
16	0.04575	0.02205	0.02752	0.02162	0.02996	0.02126	0.01767	0.13491	0.07817	0.35985	0.08006	0.04150	0.03416	0.01519	0.01186	0.00361	0.01003	0.01234	0.01352	0.01896
17	0.01884	0.01539	0.02015	0.02392	0.08387	0.01515	0.01597	0.02645	0.08365	0.03614	0.11364	0.19387	0.17422	0.02678	0.01390	0.00429	0.00838	0.10278	0.01046	0.01217
18	0.09110	0.13822	0.08783	0.02530	0.03546	0.02998	0.06143	0.14969	0.03418	0.19238	0.02906	0.02891	0.02030	0.01242	0.01063	0.00340	0.01258	0.00980	0.00967	0.01767
19	0.02863	0.01704	0.02120	0.01936	0.02415	0.01688	0.01510	0.07801	0.08850	0.15573	0.14741	0.18980	0.06101	0.02357	0.01332	0.00409	0.00849	0.06107	0.01225	0.01438
20	0.01606	0.01202	0.01513	0.01715	0.01858	0.01194	0.01177	0.02203	0.08310	0.03212	0.06196	0.51454	0.07162	0.03379	0.01446	0.00462	0.00706	0.03052	0.01093	0.01059
21	0.08748	0.02763	0.08765	0.02149	0.03124	0.02247	0.01942	0.08820	0.02707	0.04268	0.02068	0.02430	0.01663	0.01094	0.01202	0.00269	0.06456	0.00782	0.00711	0.37793
22	0.03140	0.10152	0.04838	0.11115	0.22008	0.03191	0.10444	0.13236	0.03206	0.04323	0.02260	0.02801	0.01779	0.01116	0.01141	0.00347	0.01460	0.01042	0.00689	0.01714
23	0.02269	0.01409	0.01783	0.01806	0.02085	0.01367	0.01298	0.07782	0.02762	0.09860	0.05737	0.44640	0.06381	0.03088	0.01405	0.00443	0.00789	0.02758	0.01136	0.01203
24	0.03876	0.02286	0.02476	0.02085	0.02771	0.06833	0.01652	0.05070	0.15360	0.26166	0.09647	0.04456	0.03860	0.01554	0.01156	0.00357	0.00989	0.01268	0.06426	0.01711
25	0.02731	0.02575	0.02866	0.09753	0.09429	0.08402	0.02134	0.04517	0.23793	0.04224	0.12602	0.04574	0.04265	0.01568	0.01197	0.00371	0.01121	0.01330	0.00976	0.01573
26	0.67341	0.02249	0.01709	0.01529	0.02249	0.02609	0.01260	0.03419	0.01979	0.05218	0.01619	0.01889	0.01260	0.01080	0.00720	0.00360	0.00900	0.00630	0.00720	0.01260
27	0.01479	0.01106	0.01384	0.01544	0.01735	0.01010	0.01111	0.01778	0.02503	0.03267	0.13148	0.36493	0.18601	0.03278	0.01456	0.00446	0.00677	0.06896	0.01103	0.00985
28	0.03109	0.59826	0.06095	0.01990	0.02985	0.04602	0.01990	0.03483	0.02363	0.02736	0.01617	0.01866	0.01493	0.00995	0.00746	0.00249	0.01244	0.00622	0.00498	0.01493
29	0.01646	0.01189	0.01555	0.01463	0.01738	0.01097	0.01097	0.02195	0.03292	0.04664	0.51257	0.08688	0.10974	0.02378	0.01372	0.00366	0.00549	0.02103	0.01280	0.01097
30	0.04345	0.05543	0.03296	0.02996	0.03596	0.54457	0.02247	0.04644	0.03296	0.02846	0.01798	0.02097	0.01498	0.01199	0.01049	0.00300	0.02097	0.00749	0.00599	0.01348
31	0.01752	0.01341	0.01667	0.01480	0.01898	0.01165	0.01125	0.02271	0.03076	0.04362	0.38821	0.07843	0.13343	0.02170	0.01283	0.00335	0.00607	0.01892	0.01158	0.12411
32	0.02210	0.02097	0.03656	0.45022	0.07126	0.02482	0.08069	0.02932	0.02311	0.02987	0.02257	0.03549	0.01838	0.06845	0.01655	0.00461	0.01556	0.01137	0.00543	0.01266
33	0.01663	0.01128	0.01335	0.01360	0.01387	0.01143	0.00814	0.01723	0.01759	0.02366	0.03867	0.12061	0.04422	0.48975	0.10287	0.01139	0.01281	0.01799	0.00732	0.00760
34	0.02748	0.16923	0.03731	0.08013	0.03431	0.08238	0.02140	0.03606	0.10303	0.03193	0.03346	0.03682	0.07570	0.01631	0.01782	0.00378	0.16082	0.01109	0.00695	0.01399
35	0.03549	0.36356	0.04936	0.02237	0.03105	0.03958	0.02054	0.11900	0.02994	0.09670	0.02186	0.02362	0.01755	0.01232	0.01195	0.00308	0.07038	0.00808	0.00736	0.01618
36	0.02496	0.01584	0.01766	0.01569	0.02045	0.01559	0.01222	0.08114	0.06897	0.09518	0.14956	0.06737	0.17049	0.01996	0.01173	0.00349	0.00717	0.01659	0.17279	0.01317
37	0.08149	0.03752	0.25668	0.07323	0.08769	0.02280	0.02997	0.03331	0.02389	0.07206	0.02844	0.08945	0.02517	0.07006	0.01591	0.00451	0.01380	0.01230	0.00674	0.01497
38	0.31714	0.08302	0.02817	0.08842	0.03378	0.02748	0.01797	0.09262	0.02769	0.14805	0.02437	0.02582	0.01746	0.01195	0.00927	0.00351	0.01084	0.00844	0.00874	0.01525
39	0.01691	0.01128	0.01268	0.01268	0.01268	0.01128	0.00705	0.01691	0.01691	0.02255	0.03665	0.07611	0.04228	0.59126	0.05920	0.01128	0.01128	0.01691	0.00705	0.00705
40	0.02333	0.06016	0.53100	0.03315	0.05034	0.02701	0.04297	0.03683	0.02455	0.03683	0.02087	0.02455	0.01473	0.01105	0.01105	0.00368	0.01719	0.00859	0.00491	0.01719
41	0.02082	0.01335	0.01700	0.01574	0.01823	0.01324	0.01097	0.02303	0.01970	0.07260	0.03426	0.05821	0.03449	0.32429	0.20084	0.01194	0.01706	0.01407	0.00747	0.07270
42	0.02893	0.02498	0.02630	0.02367	0.03024	0.02893	0.01841	0.06180	0.49770	0.04865	0.04734	0.04339	0.03550	0.01578	0.01183	0.00394	0.00920	0.01315	0.01183	0.01841
43	0.03100	0.07920	0.03969	0.24076	0.11173	0.02571	0.06978	0.03755	0.02635	0.14064	0.02617	0.03092	0.01905	0.01151	0.01120	0.00347	0.01365	0.01030	0.00744	0.06390
44	0.02434	0.05014	0.37307	0.02898	0.04180	0.08319	0.03400	0.03454	0.02560	0.03546	0.07045	0.03527	0.02678	0.06857	0.01591	0.00434	0.01590	0.01050	0.00602	0.01517
45	0.02121	0.01447	0.01837	0.01877	0.02197	0.01451	0.01456	0.02995	0.10355	0.07726	0.14682	0.24232	0.07024	0.02777	0.01419	0.00446	0.00814	0.12748	0.01162	0.01235
46	0.09652	0.02300	0.02590	0.02109	0.02876	0.02398	0.01708	0.14754	0.13588	0.22481	0.03864	0.03640	0.02690	0.01418	0.01091	0.00355	0.00981	0.01116	0.08606	0.01783
47	0.01574	0.01195	0.01411	0.01410	0.01695	0.01086	0.01059	0.01953	0.02764	0.03622	0.24381	0.10060	0.25254	0.09961	0.01983	0.00494	0.00702	0.07292	0.01104	0.00999
48	0.01691	0.01128	0.01268	0.01268	0.01268	0.01128	0.00705	0.01691	0.01691	0.02255	0.03665	0.07611	0.04228	0.59126	0.05920	0.01128	0.01128	0.01691	0.00705	0.00705
49	0.03109	0.59826	0.06095	0.01990	0.02985	0.04602	0.01990	0.03483	0.02363	0.02736	0.01617	0.01866	0.01493	0.00995	0.00746	0.00249	0.01244	0.00622	0.00498	0.01493
50	0.02339	0.01247	0.01677	0.01729	0.01998	0.01130	0.01232	0.02601	0.02494	0.15023	0.05968	0.45173	0.06525	0.03109	0.01408	0.00445	0.00751	0.02788	0.01167	0.01196
51	0.01605	0.01030	0.01283	0.01486	0.01604	0.00979	0.01013	0.01892	0.02280	0.03310	0.05757	0.44876	0.06516	0.03072	0.01317	0.00422	0.00642	0.02751	0.17185	0.00979
52	0.19256	0.40676	0.04754	0.01964	0.02855	0.08489	0.01830	0.03569	0.02349	0.03366	0.01633	0.01892	0.01435	0.01034	0.00766	0.00281	0.01233	0.00635	0.00562	0.01422
53	0.01670	0.01325	0.01529	0.01555	0.01878	0.01268	0.01165	0.02397	0.08721	0.03659	0.17298	0.20108	0.24354	0.02826	0.01390	0.00415	0.00678	0.05516	0.01133	0.01114
54	0.03042	0.02608	0.03597	0.20904	0.05113	0.02976	0.06135	0.17073	0.08222	0.04602	0.02536	0.03033	0.01917	0.01326	0.01421	0.00373	0.06840	0.01067	0.00801	0.06412
55	0.01446	0.01035	0.01376	0.01599	0.01693	0.00964	0.01082	0.01693	0.02363	0.03186	0.12149	0.52010	0.08112	0.03482	0.01470	0.00459	0.00659	0.03152	0.01105	0.00964
56	0.01761	0.01177	0.01518	0.01535	0.01781	0.01152	0.01179	0.02259	0.02779	0.04063	0.26229	0.12556	0.07587	0.03124	0.07387	0.00551	0.00920	0.07279	0.14094	0.01070
57	0.02545	0.02545	0.03562	0.03053	0.03053	0.03562	0.02545	0.02799	0.01781	0.02799	0.01527	0.02545	0.01527	0.02036	0.03817	0.00509	0.56997	0.01018	0.00509	0.01272
58	0.60858	0.02221	0.01813	0.01586	0.02324	0.02515	0.01307	0.03654	0.02120	0.10171	0.01929	0.02105	0.01429	0.01117	0.00767	0.00360	0.00909	0.00686	0.00795	0.01335
59	0.02020	0.01010	0.01515	0.01515	0.01515	0.01010	0.01010	0.01515	0.01515	0.02020	0.02020	0.03535	0.02020	0.04040	0.04545	0.66162	0.01010	0.01010	0.00505	0.00505
60	0.01546	0.01111	0.01465	0.01532	0.01715	0.01031	0.01090	0.01943	0.02826	0.03922	0.31622	0.30439	0.09537	0.02932	0.01421	0.00412	0.00604	0.02630	0.01192	0.01031
61	0.02019	0.01271	0.01674	0.01526	0.01866	0.01161	0.01161	0.02557	0.03296	0.09675	0.46387	0.08194	0.10129	0.02280	0.01351	0.00365	0.00595	0.02006	0.01297	0.01189
62	0.19147	0.45450	0.05000	0.01875	0.02801	0.04104	0.01808	0.03467	0.02267	0.03356	0.01618	0.01872	0.01434	0.01016	0.00740	0.00277	0.01158	0.00624	0.00553	0.01434
63	0.02713	0.03043	0.15101	0.02160	0.03349	0.01856	0.02145	0.03431	0.02528	0.09362	0.02361	0.02600	0.01793	0.00988	0.00957	0.00243	0.01090	0.00787	0.00726	0.42767
64	0.11145	0.08206	0.09281	0.03586	0.09590	0.02657	0.17734	0.03658	0.02700	0.09052	0.08332	0.03524	0.02893	0.01231	0.01158	0.00360	0.01395	0.01187	0.00759	0.01553
65	0.02694	0.33689	0.17014	0.02349	0.03307	0.03621	0.02477	0.03256	0.02249	0.02924	0.01959	0.02742	0.01805	0.07789	0.01749	0.00406	0.07168	0.00845	0.00521	0.01436
66	0.03081	0.09260	0.07707	0.08111	0.08455	0.03066	0.02582	0.03829	0.06523	0.11699	0.02504	0.02944	0.01961	0.01519	0.02052	0.00405	0.20992	0.01015	0.00732	0.01562

[dist]
# distance from previous block
# <min> <max>
0	2

[block]
# block no. 3 follows, 10 sequences, length 36
# corresponding to MSA columns:
# 463-498
name=unknown_D
#
# <colnr> <probs for GDERKNQSTAVLIFYWHMCP>
#	G	D	E	R	K	N	Q	S	T	A	V	L	I	F	Y	W	H	M	C	P
0	0.02747	0.04440	0.34220	0.02753	0.04114	0.02252	0.03237	0.03780	0.02685	0.11938	0.07744	0.03365	0.02745	0.01272	0.01120	0.00347	0.01388	0.01027	0.00752	0.08073
1	0.03269	0.02525	0.02723	0.02369	0.03077	0.02851	0.01865	0.10326	0.40866	0.09703	0.04525	0.04148	0.03328	0.01546	0.01180	0.00387	0.00963	0.01274	0.01206	0.01868
2	0.09825	0.01814	0.02197	0.01829	0.02490	0.01748	0.01466	0.04500	0.08668	0.27640	0.13868	0.04820	0.04485	0.01607	0.01134	0.00356	0.00837	0.01319	0.07774	0.01622
3	0.03572	0.08033	0.03737	0.14713	0.04452	0.02624	0.07072	0.04412	0.07478	0.21666	0.03206	0.03371	0.02260	0.01354	0.01401	0.00376	0.06584	0.01106	0.00932	0.01650
4	0.03725	0.01612	0.02139	0.01787	0.02398	0.01431	0.01416	0.04180	0.03110	0.31977	0.14744	0.10755	0.05140	0.01865	0.01209	0.00364	0.00814	0.01587	0.08161	0.01585
5	0.01669	0.01191	0.01461	0.01434	0.01731	0.01097	0.01103	0.02165	0.03011	0.04203	0.33733	0.09181	0.17862	0.02469	0.01337	0.00378	0.00609	0.06295	0.08000	0.01070
6	0.47254	0.02419	0.02186	0.01825	0.02608	0.02702	0.01505	0.12644	0.02842	0.11330	0.02211	0.02319	0.01598	0.01186	0.00863	0.00358	0.00987	0.00778	0.00895	0.01490
7	0.03311	0.02899	0.03682	0.13445	0.04490	0.08458	0.07247	0.11704	0.07787	0.08732	0.02590	0.03030	0.01967	0.01448	0.01756	0.00397	0.13613	0.01080	0.00801	0.01565
8	0.02511	0.07651	0.03208	0.23482	0.09446	0.02266	0.02403	0.03099	0.02598	0.08562	0.08338	0.09972	0.03840	0.01745	0.01220	0.00388	0.01203	0.05892	0.00812	0.01363
9	0.23260	0.02878	0.02868	0.02299	0.03139	0.03235	0.01887	0.30407	0.08794	0.06449	0.02630	0.02673	0.01917	0.01319	0.01032	0.00357	0.01130	0.00948	0.01032	0.01748
10	0.01661	0.01246	0.01869	0.01869	0.02077	0.01454	0.01454	0.02077	0.01869	0.02700	0.03115	0.04569	0.02908	0.08723	0.54517	0.01869	0.03115	0.01246	0.00623	0.01038
11	0.04345	0.05543	0.03296	0.02996	0.03596	0.54457	0.02247	0.04644	0.03296	0.02846	0.01798	0.02097	0.01498	0.01199	0.01049	0.00300	0.02097	0.00749	0.00599	0.01348
12	0.09560	0.04244	0.28512	0.08618	0.05020	0.02621	0.11895	0.03802	0.02540	0.08971	0.02352	0.02750	0.01663	0.01120	0.01128	0.00373	0.01585	0.00984	0.00637	0.01626
13	0.01444	0.01033	0.01374	0.01601	0.01693	0.00963	0.01082	0.01688	0.02354	0.03172	0.11785	0.52413	0.08086	0.03492	0.01471	0.00460	0.00660	0.03162	0.01104	0.00963
14	0.01703	0.01331	0.01568	0.01524	0.01876	0.01262	0.01176	0.02441	0.07683	0.04065	0.29138	0.09510	0.23255	0.02566	0.01376	0.00394	0.00650	0.06167	0.01184	0.01131
15	0.02119	0.04664	0.38844	0.02820	0.04118	0.02242	0.03412	0.03211	0.02573	0.03773	0.10884	0.09474	0.03747	0.01591	0.01191	0.00379	0.01409	0.01331	0.00688	0.01531
16	0.02129	0.01996	0.03396	0.39192	0.06499	0.02309	0.07221	0.02847	0.02442	0.03124	0.03565	0.05121	0.07214	0.01570	0.01258	0.00406	0.01437	0.06365	0.00647	0.01262
17	0.01458	0.01068	0.01371	0.01535	0.01683	0.00980	0.01060	0.01742	0.02493	0.03333	0.16142	0.42647	0.13595	0.03303	0.01448	0.00441	0.00639	0.02960	0.01120	0.00980
18	0.01454	0.01164	0.01300	0.01304	0.01629	0.01010	0.00963	0.01809	0.02783	0.03544	0.22114	0.15498	0.35606	0.02863	0.01385	0.00394	0.00587	0.02448	0.01135	0.01010
19	0.02980	0.09801	0.17714	0.02562	0.03547	0.07997	0.02543	0.09074	0.16631	0.04301	0.03037	0.03143	0.02297	0.01298	0.01060	0.00344	0.01302	0.01000	0.07716	0.01654
20	0.02792	0.01607	0.02005	0.01909	0.02336	0.01586	0.01422	0.03744	0.13022	0.17114	0.05537	0.31420	0.05449	0.02579	0.01331	0.00424	0.00816	0.02277	0.01202	0.01428
21	0.02297	0.01647	0.02375	0.18336	0.04016	0.01793	0.02043	0.03068	0.07037	0.08530	0.04692	0.20783	0.04714	0.02369	0.01352	0.00441	0.01083	0.11193	0.00956	0.01273
22	0.14433	0.20054	0.09424	0.02066	0.02951	0.03047	0.01966	0.04192	0.12165	0.08816	0.02818	0.02894	0.02153	0.01222	0.00923	0.00326	0.01081	0.00893	0.07019	0.01559
23	0.10349	0.08089	0.03011	0.07493	0.03394	0.02689	0.01895	0.12135	0.12818	0.15075	0.03610	0.08508	0.02874	0.01560	0.01110	0.00367	0.01068	0.01256	0.01041	0.01658
24	0.03483	0.02871	0.12373	0.02317	0.03218	0.02229	0.02180	0.12077	0.08449	0.19481	0.14075	0.04541	0.04300	0.01588	0.01202	0.00365	0.01078	0.01309	0.01144	0.01720
25	0.03291	0.02796	0.08423	0.02943	0.03826	0.02526	0.11957	0.13348	0.08033	0.12763	0.03502	0.04413	0.02767	0.02268	0.06940	0.00547	0.01558	0.05482	0.00957	0.01660
26	0.09854	0.03315	0.17652	0.02720	0.03748	0.02365	0.07881	0.04297	0.10623	0.14392	0.03486	0.08754	0.02764	0.01495	0.01162	0.00383	0.01266	0.01287	0.00905	0.01650
27	0.03074	0.08983	0.09374	0.08304	0.04399	0.02751	0.12062	0.08368	0.07425	0.09242	0.02681	0.02972	0.01988	0.01141	0.01109	0.00329	0.01360	0.01029	0.00784	0.12622
28	0.16512	0.08926	0.08903	0.13968	0.08216	0.08387	0.12297	0.03568	0.02484	0.03700	0.01971	0.02544	0.01537	0.01078	0.01054	0.00355	0.01532	0.00933	0.00584	0.01451
29	0.02861	0.02307	0.03606	0.02891	0.03584	0.02336	0.14928	0.08551	0.12596	0.08785	0.04016	0.10425	0.03593	0.07873	0.01810	0.00485	0.01278	0.05609	0.00961	0.01505
30	0.02776	0.02737	0.12821	0.08247	0.03935	0.02072	0.07713	0.03747	0.07682	0.13671	0.04573	0.13428	0.07848	0.01822	0.01255	0.00394	0.01210	0.01619	0.00931	0.01521
31	0.03571	0.09086	0.13818	0.02827	0.03900	0.02941	0.07889	0.13685	0.11303	0.14443	0.03172	0.03171	0.02251	0.01287	0.01140	0.00358	0.01327	0.01076	0.00952	0.01805
32	0.09233	0.03411	0.18344	0.02852	0.04013	0.02266	0.12418	0.03307	0.02541	0.03982	0.07024	0.03159	0.02537	0.01135	0.01083	0.00318	0.01332	0.01026	0.00670	0.19346
33	0.03770	0.02856	0.08238	0.08422	0.04207	0.02625	0.07745	0.13479	0.11461	0.19660	0.03483	0.03459	0.02407	0.01338	0.01188	0.00371	0.01281	0.01150	0.01051	0.01809
34	0.10272	0.03151	0.08310	0.02819	0.07962	0.07714	0.02242	0.13777	0.03399	0.18128	0.02864	0.02888	0.02015	0.01235	0.01070	0.00331	0.01256	0.00951	0.00962	0.08655
35	0.10071	0.09242	0.09588	0.08821	0.09083	0.03196	0.11459	0.16381	0.03329	0.04749	0.02251	0.02669	0.01699	0.01150	0.01106	0.00354	0.01452	0.00999	0.00740	0.01660

[dist]
# distance from previous block
# <min> <max>
43	311

[block]
# block no. 4 follows, 10 sequences, length 56
# corresponding to MSA columns:
# 933-988
name=unknown_E
#
# <colnr> <probs for GDERKNQSTAVLIFYWHMCP>
#	G	D	E	R	K	N	Q	S	T	A	V	L	I	F	Y	W	H	M	C	P
0	0.09076	0.10370	0.08632	0.03031	0.08250	0.02517	0.10857	0.03518	0.02653	0.08695	0.08329	0.03401	0.02895	0.01207	0.01075	0.00321	0.01234	0.01077	0.00764	0.12098
1	0.24894	0.01514	0.01496	0.01467	0.01788	0.01611	0.01050	0.02387	0.02207	0.03909	0.12654	0.15718	0.05154	0.16762	0.02333	0.00580	0.00847	0.01710	0.00894	0.01024
2	0.11549	0.08910	0.11282	0.07604	0.03796	0.09546	0.02336	0.04502	0.07212	0.17908	0.02917	0.02956	0.02063	0.01251	0.01046	0.00348	0.01319	0.00943	0.00877	0.01636
3	0.03364	0.03328	0.13004	0.18830	0.11472	0.08781	0.02966	0.04096	0.02774	0.16123	0.02709	0.03046	0.01914	0.01211	0.01138	0.00360	0.01482	0.01001	0.00770	0.01634
4	0.03408	0.02189	0.07472	0.12238	0.03785	0.01799	0.02065	0.04000	0.02958	0.25912	0.10570	0.05201	0.10000	0.01672	0.01214	0.00371	0.01059	0.01401	0.01104	0.01582
5	0.01973	0.01476	0.01822	0.01728	0.02122	0.01396	0.01359	0.06515	0.03101	0.04248	0.23862	0.14734	0.11797	0.02511	0.01363	0.00394	0.00769	0.10250	0.01128	0.07452
6	0.08815	0.01945	0.02857	0.26782	0.05041	0.02300	0.02436	0.03170	0.02367	0.09327	0.02929	0.04519	0.02502	0.02261	0.06465	0.00553	0.06876	0.06804	0.00734	0.01318
7	0.02488	0.10670	0.39622	0.03493	0.05037	0.02931	0.12443	0.03672	0.02502	0.03600	0.02093	0.02530	0.01531	0.01070	0.01122	0.00361	0.01720	0.00935	0.00510	0.01668
8	0.04441	0.02002	0.02902	0.16026	0.04266	0.01934	0.02101	0.04974	0.03071	0.39891	0.03940	0.03738	0.02537	0.01368	0.01168	0.00367	0.01134	0.01135	0.01202	0.01803
9	0.02128	0.12922	0.02777	0.02011	0.02369	0.02275	0.01623	0.02841	0.08592	0.03177	0.04346	0.23780	0.04644	0.03277	0.08058	0.00599	0.06609	0.05878	0.00868	0.01227
10	0.02022	0.01215	0.01615	0.01615	0.01880	0.01110	0.01172	0.02400	0.02814	0.10342	0.24669	0.30565	0.08400	0.02825	0.01396	0.00413	0.00665	0.02523	0.01211	0.01147
11	0.01786	0.01235	0.01404	0.01363	0.01744	0.01065	0.01020	0.02126	0.02767	0.08037	0.16882	0.15903	0.34860	0.02797	0.01368	0.00395	0.00631	0.02381	0.01147	0.01090
12	0.02549	0.10853	0.21375	0.13846	0.05723	0.02998	0.19249	0.03538	0.02522	0.03446	0.02120	0.02749	0.01594	0.01058	0.01167	0.00366	0.01714	0.01046	0.00531	0.01556
13	0.03094	0.26843	0.11939	0.02962	0.04059	0.03473	0.14018	0.04045	0.07162	0.08159	0.02459	0.02715	0.01894	0.01106	0.01039	0.00327	0.01436	0.00967	0.00678	0.01623
14	0.01691	0.01128	0.01268	0.01268	0.01268	0.01128	0.00705	0.01691	0.01691	0.02255	0.03665	0.07611	0.04228	0.59126	0.05920	0.01128	0.01128	0.01691	0.00705	0.00705
15	0.01417	0.01012	0.01350	0.01619	0.01687	0.00945	0.01080	0.01619	0.02227	0.02969	0.06410	0.58367	0.07692	0.03644	0.01484	0.00472	0.00675	0.03306	0.01080	0.00945
16	0.03217	0.14863	0.28920	0.02867	0.04139	0.13035	0.03173	0.04080	0.02711	0.09378	0.02256	0.02467	0.01654	0.01145	0.01039	0.00333	0.01620	0.00834	0.00630	0.01639
17	0.14655	0.08309	0.03093	0.02227	0.03061	0.07780	0.01839	0.14418	0.08067	0.20509	0.03162	0.03017	0.02213	0.01318	0.01044	0.00344	0.01164	0.00975	0.01063	0.01740
18	0.03392	0.02879	0.02873	0.02447	0.03092	0.07854	0.01945	0.18043	0.23576	0.05204	0.03526	0.03519	0.02667	0.01501	0.01335	0.00369	0.05507	0.01135	0.07418	0.01716
19	0.09213	0.02144	0.02443	0.01916	0.02713	0.02078	0.01559	0.14215	0.03379	0.20404	0.03326	0.03311	0.02348	0.01281	0.01008	0.00307	0.00942	0.00994	0.13287	0.13131
20	0.04216	0.03156	0.03375	0.02634	0.03529	0.03511	0.02161	0.42379	0.11416	0.06999	0.03053	0.03000	0.02189	0.01421	0.01166	0.00355	0.01232	0.01083	0.01166	0.01959
21	0.02745	0.03137	0.06863	0.04902	0.06078	0.02941	0.47647	0.03725	0.02745	0.03725	0.02353	0.03137	0.01765	0.00980	0.01373	0.00392	0.01961	0.01373	0.00588	0.01569
22	0.01518	0.01022	0.01314	0.01548	0.01642	0.00963	0.01044	0.01766	0.02255	0.03153	0.06059	0.51113	0.07060	0.03336	0.01394	0.00445	0.00657	0.03008	0.09740	0.00963
23	0.02893	0.02498	0.02630	0.02367	0.03024	0.02893	0.01841	0.06180	0.49770	0.04865	0.04734	0.04339	0.03550	0.01578	0.01183	0.00394	0.00920	0.01315	0.01183	0.01841
24	0.02250	0.02674	0.14057	0.02788	0.08847	0.01965	0.02275	0.07045	0.02577	0.03631	0.07527	0.09441	0.03597	0.07721	0.11663	0.06924	0.01565	0.01404	0.00742	0.01307
25	0.10723	0.02778	0.09505	0.02505	0.03038	0.02794	0.02232	0.03821	0.11419	0.08268	0.02731	0.03415	0.02265	0.07042	0.02506	0.00494	0.21154	0.01085	0.00771	0.01455
26	0.67341	0.02249	0.01709	0.01529	0.02249	0.02609	0.01260	0.03419	0.01979	0.05218	0.01619	0.01889	0.01260	0.01080	0.00720	0.00360	0.00900	0.00630	0.00720	0.01260
27	0.01417	0.01012	0.01350	0.01619	0.01687	0.00945	0.01080	0.01619	0.02227	0.02969	0.06410	0.58367	0.07692	0.03644	0.01484	0.00472	0.00675	0.03306	0.01080	0.00945
28	0.03334	0.01798	0.02622	0.07662	0.09569	0.01704	0.01884	0.03853	0.03040	0.24272	0.16776	0.09608	0.05206	0.01799	0.01248	0.00372	0.00950	0.01571	0.01163	0.01571
29	0.04374	0.02784	0.03872	0.02898	0.03866	0.02809	0.10921	0.24445	0.04183	0.22578	0.03338	0.03270	0.02253	0.01330	0.01207	0.00361	0.01311	0.01154	0.01148	0.01898
30	0.01999	0.01234	0.01628	0.01712	0.01980	0.01139	0.01294	0.02352	0.02633	0.09424	0.12680	0.31696	0.11584	0.03052	0.01444	0.00449	0.00765	0.10667	0.01149	0.01120
31	0.02343	0.01886	0.02903	0.17945	0.04166	0.02152	0.05616	0.02788	0.02289	0.07616	0.03936	0.11282	0.07718	0.09596	0.02360	0.00518	0.11326	0.01578	0.00758	0.01223
32	0.12207	0.09127	0.16566	0.02707	0.03838	0.02853	0.06973	0.12430	0.03172	0.15255	0.02687	0.02782	0.01879	0.01207	0.01069	0.00352	0.01343	0.00959	0.00867	0.01726
33	0.19676	0.13804	0.03654	0.18401	0.10344	0.09966	0.02389	0.03484	0.02413	0.03595	0.01843	0.02386	0.01493	0.01098	0.00951	0.00337	0.01375	0.00811	0.00584	0.01397
34	0.01541	0.01141	0.01461	0.01633	0.01836	0.01061	0.01225	0.01881	0.02544	0.03328	0.12917	0.32682	0.16415	0.03253	0.01477	0.00458	0.00733	0.12310	0.01102	0.01000
35	0.02665	0.02772	0.04400	0.30203	0.16836	0.07811	0.11892	0.03415	0.02574	0.03289	0.02123	0.02960	0.01651	0.01103	0.01190	0.00371	0.01648	0.01072	0.00552	0.01473
36	0.02704	0.09638	0.24021	0.02583	0.03841	0.09422	0.02770	0.03526	0.02544	0.03519	0.01997	0.02336	0.01567	0.01021	0.00977	0.00278	0.01421	0.00762	0.00576	0.24495
37	0.09878	0.03896	0.03219	0.19810	0.04870	0.28030	0.02459	0.08076	0.03062	0.03543	0.01960	0.02462	0.01536	0.01194	0.01063	0.00338	0.01728	0.00856	0.00638	0.01381
38	0.02518	0.04725	0.32357	0.04027	0.05502	0.02809	0.23745	0.03702	0.02585	0.03702	0.02206	0.02761	0.01604	0.01049	0.01225	0.00379	0.01827	0.01090	0.00535	0.01651
39	0.01487	0.01075	0.01471	0.01653	0.01768	0.01059	0.01155	0.01766	0.02262	0.03083	0.10187	0.42948	0.07080	0.04512	0.11845	0.00735	0.01140	0.02785	0.01010	0.00978
40	0.12768	0.01840	0.02313	0.01862	0.02599	0.01695	0.01513	0.04596	0.03140	0.35665	0.14532	0.04729	0.04455	0.01599	0.01154	0.00361	0.00880	0.01304	0.01308	0.01687
41	0.01646	0.01189	0.01555	0.01463	0.01738	0.01097	0.01097	0.02195	0.03292	0.04664	0.51257	0.08688	0.10974	0.02378	0.01372	0.00366	0.00549	0.02103	0.01280	0.01097
42	0.01671	0.01094	0.01309	0.01361	0.01374	0.01081	0.00807	0.01660	0.01778	0.02370	0.04034	0.17042	0.04682	0.42943	0.04925	0.07416	0.01028	0.01937	0.00758	0.00732
43	0.01691	0.01128	0.01268	0.01268	0.01268	0.01128	0.00705	0.01691	0.01691	0.02255	0.03665	0.07611	0.04228	0.59126	0.05920	0.01128	0.01128	0.01691	0.00705	0.00705
44	0.02196	0.02067	0.03488	0.56331	0.08010	0.02584	0.03230	0.02972	0.02326	0.02972	0.02067	0.03101	0.01550	0.01163	0.01163	0.00388	0.01550	0.01034	0.00517	0.01292
45	0.04345	0.05543	0.03296	0.02996	0.03596	0.54457	0.02247	0.04644	0.03296	0.02846	0.01798	0.02097	0.01498	0.01199	0.01049	0.00300	0.02097	0.00749	0.00599	0.01348
46	0.04345	0.05543	0.03296	0.02996	0.03596	0.54457	0.02247	0.04644	0.03296	0.02846	0.01798	0.02097	0.01498	0.01199	0.01049	0.00300	0.02097	0.00749	0.00599	0.01348
47	0.02545	0.02545	0.03562	0.03053	0.03053	0.03562	0.02545	0.02799	0.01781	0.02799	0.01527	0.02545	0.01527	0.02036	0.03817	0.00509	0.56997	0.01018	0.00509	0.01272
48	0.01691	0.01128	0.01268	0.01268	0.01268	0.01128	0.00705	0.01691	0.01691	0.02255	0.03665	0.07611	0.04228	0.59126	0.05920	0.01128	0.01128	0.01691	0.00705	0.00705
49	0.04392	0.04113	0.03418	0.02796	0.03603	0.22646	0.02224	0.31762	0.04655	0.05651	0.02420	0.02532	0.01798	0.01322	0.01120	0.00331	0.01586	0.00936	0.00952	0.01742
50	0.02123	0.01690	0.01966	0.01809	0.02230	0.01785	0.01382	0.03721	0.21086	0.04741	0.33446	0.07023	0.08132	0.02071	0.01300	0.00377	0.00691	0.01801	0.01243	0.01382
51	0.01915	0.01219	0.01499	0.01501	0.01817	0.01080	0.01097	0.02244	0.02706	0.09464	0.16586	0.26731	0.21968	0.02901	0.01388	0.00412	0.00661	0.02534	0.01163	0.01113
52	0.02008	0.01545	0.01812	0.01710	0.01856	0.01740	0.01172	0.02711	0.11118	0.02857	0.03616	0.06214	0.03718	0.37982	0.08894	0.00986	0.06763	0.01514	0.00772	0.01011
53	0.02879	0.02763	0.04721	0.07139	0.51871	0.02763	0.03569	0.03569	0.02648	0.03800	0.02188	0.02879	0.01842	0.01036	0.01151	0.00345	0.01382	0.01036	0.00576	0.01842
54	0.07470	0.01736	0.02387	0.09379	0.03034	0.02128	0.01854	0.02416	0.02133	0.03226	0.07813	0.15917	0.04053	0.03506	0.12144	0.00718	0.16550	0.01643	0.00751	0.01140
55	0.15575	0.22386	0.12590	0.02299	0.03317	0.09662	0.02254	0.07807	0.02718	0.03918	0.01871	0.02136	0.01510	0.01082	0.00890	0.00300	0.01337	0.00727	0.00631	0.06989

[dist]
# distance from previous block
# <min> <max>
0	2

[block]
# block no. 5 follows, 10 sequences, length 10
# corresponding to MSA columns:
# 991-1000
name=unknown_F
#
# <colnr> <probs for GDERKNQSTAVLIFYWHMCP>
#	G	D	E	R	K	N	Q	S	T	A	V	L	I	F	Y	W	H	M	C	P
0	0.28552	0.16913	0.03908	0.02405	0.03178	0.03363	0.08045	0.07092	0.02443	0.04245	0.01804	0.02217	0.01482	0.01199	0.01265	0.00355	0.08641	0.00816	0.00655	0.01422
1	0.02650	0.03069	0.13080	0.03625	0.04647	0.02405	0.25265	0.03525	0.02683	0.08198	0.07341	0.03830	0.02864	0.02239	0.08586	0.00585	0.01852	0.01320	0.00722	0.01514
2	0.01448	0.01036	0.01377	0.01599	0.01694	0.00965	0.01082	0.01696	0.02369	0.03195	0.12389	0.51745	0.08130	0.03475	0.01469	0.00458	0.00658	0.03146	0.01106	0.00965
3	0.01637	0.01180	0.01623	0.01660	0.01788	0.01289	0.01184	0.01902	0.01866	0.02607	0.03726	0.12822	0.03947	0.22704	0.33103	0.01462	0.02202	0.01658	0.00709	0.00928
4	0.02898	0.02001	0.02071	0.01881	0.02374	0.06645	0.01430	0.09123	0.03111	0.14021	0.06433	0.22101	0.16248	0.02463	0.01305	0.00395	0.00940	0.02089	0.01120	0.01351
5	0.01417	0.01012	0.01350	0.01619	0.01687	0.00945	0.01080	0.01619	0.02227	0.02969	0.06410	0.58367	0.07692	0.03644	0.01484	0.00472	0.00675	0.03306	0.01080	0.00945
6	0.02186	0.01313	0.01701	0.01533	0.01917	0.01184	0.01175	0.02696	0.03240	0.12107	0.40331	0.08167	0.13339	0.02281	0.01340	0.00367	0.00622	0.01988	0.01287	0.01226
7	0.03260	0.02416	0.02641	0.02320	0.03016	0.02706	0.01820	0.06099	0.42437	0.12414	0.04711	0.04279	0.03444	0.01556	0.01181	0.00389	0.00931	0.01292	0.01224	0.01863
8	0.03109	0.59826	0.06095	0.01990	0.02985	0.04602	0.01990	0.03483	0.02363	0.02736	0.01617	0.01866	0.01493	0.00995	0.00746	0.00249	0.01244	0.00622	0.00498	0.01493
9	0.02490	0.03776	0.22078	0.03523	0.04662	0.02535	0.19434	0.07106	0.02777	0.03876	0.03063	0.13307	0.02799	0.01564	0.01280	0.00395	0.01573	0.01527	0.00696	0.01539

[dist]
# distance from previous block
# <min> <max>
0	11

[block]
# block no. 6 follows, 10 sequences, length 16
# corresponding to MSA columns:
# 1012-1027
name=unknown_G
#
# <colnr> <probs for GDERKNQSTAVLIFYWHMCP>
#	G	D	E	R	K	N	Q	S	T	A	V	L	I	F	Y	W	H	M	C	P
0	0.67341	0.02249	0.01709	0.01529	0.02249	0.02609	0.01260	0.03419	0.01979	0.05218	0.01619	0.01889	0.01260	0.01080	0.00720	0.00360	0.00900	0.00630	0.00720	0.01260
1	0.01672	0.01203	0.01651	0.01651	0.01783	0.01335	0.01182	0.01937	0.01805	0.02538	0.03315	0.05674	0.03388	0.27039	0.36857	0.01600	0.02393	0.01408	0.00653	0.00917
2	0.02341	0.01894	0.03393	0.02735	0.03344	0.01736	0.17209	0.02858	0.02614	0.09438	0.05686	0.24596	0.12396	0.02332	0.01388	0.00417	0.01144	0.02230	0.00955	0.01295
3	0.08580	0.16399	0.03623	0.02784	0.08737	0.07026	0.02033	0.03034	0.02176	0.03067	0.02139	0.03146	0.02023	0.07873	0.11494	0.00694	0.12316	0.00969	0.00579	0.01308
4	0.02333	0.06016	0.53100	0.03315	0.05034	0.02701	0.04297	0.03683	0.02455	0.03683	0.02087	0.02455	0.01473	0.01105	0.01105	0.00368	0.01719	0.00859	0.00491	0.01719
5	0.02829	0.02362	0.02759	0.08114	0.03544	0.02312	0.01828	0.11107	0.13748	0.04528	0.02797	0.02993	0.02164	0.01147	0.01018	0.00276	0.01021	0.00930	0.00861	0.33661
6	0.03443	0.37247	0.05394	0.02555	0.03510	0.10447	0.07149	0.11139	0.03044	0.03633	0.01919	0.02192	0.01605	0.01086	0.00924	0.00288	0.01436	0.00793	0.00632	0.01565
7	0.01600	0.01187	0.01491	0.01415	0.01710	0.01078	0.01061	0.02106	0.03184	0.04408	0.44619	0.09109	0.17772	0.02473	0.01372	0.00370	0.00555	0.02162	0.01247	0.01078
8	0.01646	0.01189	0.01555	0.01463	0.01738	0.01097	0.01097	0.02195	0.03292	0.04664	0.51257	0.08688	0.10974	0.02378	0.01372	0.00366	0.00549	0.02103	0.01280	0.01097
9	0.02020	0.01010	0.01515	0.01515	0.01515	0.01010	0.01010	0.01515	0.01515	0.02020	0.02020	0.03535	0.02020	0.04040	0.04545	0.66162	0.01010	0.01010	0.00505	0.00505
10	0.02333	0.06016	0.53100	0.03315	0.05034	0.02701	0.04297	0.03683	0.02455	0.03683	0.02087	0.02455	0.01473	0.01105	0.01105	0.00368	0.01719	0.00859	0.00491	0.01719
11	0.07709	0.02111	0.03137	0.02945	0.08329	0.02304	0.07564	0.03018	0.02554	0.08110	0.12054	0.05216	0.11663	0.01873	0.01906	0.00407	0.15419	0.01470	0.00853	0.01358
12	0.01451	0.01059	0.01366	0.01547	0.01683	0.00974	0.01062	0.01721	0.02450	0.03272	0.14514	0.45078	0.12817	0.03358	0.01454	0.00446	0.00645	0.03015	0.01113	0.00974
13	0.13412	0.14038	0.03058	0.01995	0.02669	0.09032	0.01665	0.07156	0.02748	0.11953	0.02705	0.03032	0.02119	0.02476	0.09932	0.00574	0.01498	0.00917	0.07584	0.01438
14	0.13701	0.18450	0.03816	0.08941	0.03700	0.08053	0.02076	0.14591	0.03247	0.09848	0.02307	0.02503	0.01736	0.01195	0.00970	0.00325	0.01287	0.00851	0.00811	0.01590
15	0.02457	0.11251	0.02487	0.01603	0.02194	0.01797	0.01319	0.02898	0.02910	0.11404	0.21793	0.06816	0.16796	0.01993	0.01189	0.00334	0.00773	0.01661	0.01072	0.07256

[dist]
# distance from previous block
# <min> <max>
1	31

[block]
# block no. 7 follows, 10 sequences, length 24
# corresponding to MSA columns:
# 1059-1082
name=unknown_H
#
# <colnr> <probs for GDERKNQSTAVLIFYWHMCP>
#	G	D	E	R	K	N	Q	S	T	A	V	L	I	F	Y	W	H	M	C	P
0	0.02913	0.46193	0.18004	0.02326	0.03504	0.04120	0.02575	0.03533	0.02387	0.02976	0.01736	0.02015	0.01488	0.01023	0.00837	0.00279	0.01364	0.00682	0.00496	0.01550
