[name]
unknown

[dist]
# distance from previous block
# <min> <max>
0	116

[block]
# block no. 0 follows, 14 sequences, length 42
# corresponding to MSA columns:
# 121-162
name=unknown_A
#
# <colnr> <probs for GDERKNQSTAVLIFYWHMCP>
#	G	D	E	R	K	N	Q	S	T	A	V	L	I	F	Y	W	H	M	C	P
0	0.01312	0.00939	0.01254	0.01441	0.01543	0.00881	0.01007	0.01560	0.02142	0.02888	0.13707	0.50690	0.07177	0.03011	0.01302	0.00406	0.00604	0.06293	0.00980	0.00863
1	0.02666	0.02261	0.02384	0.02111	0.02712	0.02605	0.01652	0.09545	0.51403	0.04476	0.04033	0.03714	0.03016	0.01379	0.01043	0.00345	0.00839	0.01140	0.01043	0.01634
2	0.02716	0.33165	0.20179	0.02128	0.03184	0.03111	0.02301	0.07157	0.02383	0.06972	0.01843	0.02029	0.01447	0.00952	0.00813	0.00258	0.01179	0.00677	0.00555	0.06952
3	0.04087	0.02340	0.07174	0.02368	0.06971	0.02029	0.01914	0.15917	0.03261	0.37966	0.03353	0.03081	0.02192	0.01211	0.01025	0.00315	0.01009	0.00977	0.01091	0.01719
4	0.04604	0.01746	0.02382	0.01826	0.02620	0.01508	0.01508	0.05001	0.02937	0.58244	0.04049	0.03493	0.02540	0.01270	0.01032	0.00318	0.00873	0.01032	0.01270	0.01746
5	0.04286	0.01878	0.02425	0.01875	0.02636	0.01736	0.01542	0.12517	0.03232	0.46539	0.07290	0.03606	0.02886	0.01319	0.01043	0.00316	0.00888	0.01069	0.01223	0.01695
6	0.10985	0.10643	0.14485	0.07636	0.13174	0.02606	0.02405	0.07165	0.10438	0.07499	0.02304	0.02518	0.01737	0.01055	0.00924	0.00310	0.01133	0.00839	0.00666	0.01480
7	0.01938	0.01824	0.03078	0.61468	0.07068	0.02280	0.02850	0.02622	0.02052	0.02622	0.01824	0.02736	0.01368	0.01026	0.01026	0.00342	0.01368	0.00912	0.00456	0.01140
8	0.01258	0.01041	0.01102	0.01087	0.01414	0.00886	0.00815	0.01560	0.02446	0.03026	0.19190	0.09459	0.48164	0.02504	0.01212	0.00342	0.00513	0.02107	0.00986	0.00886
9	0.02263	0.02167	0.03615	0.28548	0.31230	0.02446	0.02934	0.02864	0.02142	0.02963	0.01827	0.02590	0.01491	0.01050	0.01261	0.00335	0.07508	0.00912	0.00481	0.01375
10	0.02634	0.08995	0.34788	0.02749	0.03922	0.11051	0.06388	0.03645	0.05714	0.07547	0.02112	0.02331	0.01536	0.01023	0.00969	0.00310	0.01454	0.00806	0.00559	0.01469
11	0.01250	0.00893	0.01191	0.01429	0.01488	0.00834	0.00953	0.01429	0.01965	0.02620	0.05656	0.63265	0.06787	0.03215	0.01310	0.00417	0.00595	0.02917	0.00953	0.00834
12	0.01250	0.00893	0.01191	0.01429	0.01488	0.00834	0.00953	0.01429	0.01965	0.02620	0.05656	0.63265	0.06787	0.03215	0.01310	0.00417	0.00595	0.02917	0.00953	0.00834
13	0.09892	0.08369	0.19365	0.02501	0.03436	0.06021	0.06202	0.13065	0.06460	0.07747	0.02172	0.02371	0.01605	0.01114	0.01106	0.00320	0.05269	0.00837	0.00680	0.01471
14	0.03031	0.02702	0.03718	0.04531	0.31866	0.08366	0.05985	0.11078	0.06928	0.08186	0.02326	0.02649	0.01797	0.01038	0.01025	0.00308	0.01246	0.00938	0.00689	0.01592
15	0.02000	0.01887	0.03189	0.55820	0.12234	0.02296	0.02881	0.02676	0.02081	0.02697	0.01835	0.02716	0.01394	0.01015	0.01025	0.00338	0.01353	0.00912	0.00461	0.01190
16	0.15070	0.11499	0.07399	0.02504	0.03120	0.10173	0.09373	0.03210	0.02106	0.06914	0.01731	0.02163	0.01407	0.01194	0.01544	0.00337	0.17632	0.00802	0.00557	0.01265
17	0.02751	0.02367	0.03983	0.05841	0.51912	0.02343	0.02981	0.03339	0.02398	0.08972	0.02147	0.02637	0.01719	0.00951	0.01018	0.00306	0.01184	0.00926	0.00586	0.01638
18	0.02398	0.04627	0.42749	0.02833	0.04145	0.07102	0.06835	0.03388	0.02293	0.06663	0.01974	0.02263	0.01413	0.00978	0.00976	0.00309	0.01466	0.00789	0.00512	0.06288
19	0.01473	0.01070	0.01501	0.01501	0.01633	0.01202	0.01098	0.01737	0.01605	0.02273	0.02884	0.04782	0.02891	0.23421	0.44589	0.01466	0.02258	0.01209	0.00570	0.00834
20	0.01245	0.00914	0.01169	0.01374	0.01474	0.00838	0.00928	0.01435	0.02018	0.02641	0.06324	0.55739	0.13882	0.03128	0.01296	0.00407	0.00585	0.02811	0.00953	0.00838
21	0.02500	0.02398	0.04094	0.09910	0.54231	0.02428	0.03130	0.03115	0.02318	0.03305	0.01923	0.02553	0.01609	0.00922	0.01017	0.00307	0.01229	0.00914	0.00505	0.01594
22	0.01235	0.00952	0.01130	0.01273	0.01448	0.00847	0.00884	0.01446	0.02114	0.02681	0.07550	0.41928	0.26902	0.02969	0.01271	0.00389	0.00565	0.02617	0.00953	0.00847
23	0.71184	0.01985	0.01508	0.01350	0.01985	0.02302	0.01111	0.03017	0.01746	0.04604	0.01429	0.01667	0.01111	0.00953	0.00635	0.00318	0.00794	0.00556	0.00635	0.01111
24	0.01428	0.01048	0.01338	0.01265	0.01518	0.00958	0.00949	0.01889	0.02847	0.03978	0.52222	0.07892	0.14539	0.02149	0.01211	0.00325	0.00488	0.01888	0.01112	0.00958
25	0.02394	0.02289	0.03902	0.19678	0.45295	0.02400	0.03077	0.03022	0.02268	0.03175	0.01905	0.02587	0.01563	0.00941	0.01018	0.00314	0.01255	0.00914	0.00495	0.01508
26	0.02541	0.02268	0.02764	0.02615	0.07490	0.02546	0.05776	0.05092	0.47087	0.04136	0.03826	0.03639	0.02884	0.01311	0.01055	0.00344	0.00917	0.01143	0.00959	0.01606
27	0.01938	0.01824	0.03078	0.61468	0.07068	0.02280	0.02850	0.02622	0.02052	0.02622	0.01824	0.02736	0.01368	0.01026	0.01026	0.00342	0.01368	0.00912	0.00456	0.01140
28	0.71184	0.01985	0.01508	0.01350	0.01985	0.02302	0.01111	0.03017	0.01746	0.04604	0.01429	0.01667	0.01111	0.00953	0.00635	0.00318	0.00794	0.00556	0.00635	0.01111
29	0.01913	0.00956	0.00956	0.00956	0.01196	0.00956	0.00717	0.02391	0.02152	0.03826	0.03348	0.03826	0.02630	0.01196	0.00717	0.00239	0.00478	0.00956	0.69632	0.00956
30	0.03851	0.04356	0.02954	0.02569	0.03175	0.44800	0.01974	0.17358	0.03416	0.03560	0.01819	0.02013	0.01434	0.01104	0.00952	0.00276	0.01659	0.00731	0.00661	0.01337
31	0.71184	0.01985	0.01508	0.01350	0.01985	0.02302	0.01111	0.03017	0.01746	0.04604	0.01429	0.01667	0.01111	0.00953	0.00635	0.00318	0.00794	0.00556	0.00635	0.01111
32	0.01570	0.01122	0.01558	0.01795	0.01994	0.01109	0.01509	0.01982	0.02280	0.02978	0.05480	0.22262	0.06088	0.02913	0.01395	0.00461	0.00873	0.40763	0.00947	0.00922
33	0.03546	0.02312	0.02594	0.02112	0.02830	0.02494	0.01705	0.21849	0.24657	0.19110	0.03562	0.03278	0.02507	0.01306	0.01035	0.00326	0.00936	0.01047	0.01097	0.01697
34	0.01466	0.01100	0.01649	0.01649	0.01833	0.01283	0.01283	0.01833	0.01649	0.02382	0.02749	0.04032	0.02566	0.07697	0.59868	0.01649	0.02749	0.01100	0.00550	0.00916
35	0.02553	0.02204	0.02320	0.02088	0.02669	0.02553	0.01624	0.05453	0.55679	0.04293	0.04177	0.03829	0.03133	0.01392	0.01044	0.00348	0.00812	0.01160	0.01044	0.01624
36	0.01412	0.01008	0.01376	0.01613	0.01743	0.00972	0.01233	0.01708	0.02124	0.02800	0.05567	0.42607	0.06435	0.03063	0.01353	0.00439	0.00735	0.21985	0.00950	0.00878
37	0.03833	0.04891	0.02908	0.02644	0.03173	0.59815	0.01983	0.04098	0.02908	0.02512	0.01586	0.01851	0.01322	0.01058	0.00925	0.00264	0.01851	0.00661	0.00529	0.01190
38	0.01466	0.01100	0.01649	0.01649	0.01833	0.01283	0.01283	0.01833	0.01649	0.02382	0.02749	0.04032	0.02566	0.07697	0.59868	0.01649	0.02749	0.01100	0.00550	0.00916
39	0.04604	0.01746	0.02382	0.01826	0.02620	0.01508	0.01508	0.05001	0.02937	0.58244	0.04049	0.03493	0.02540	0.01270	0.01032	0.00318	0.00873	0.01032	0.01270	0.01746
40	0.02744	0.64552	0.05378	0.01756	0.02634	0.04061	0.01756	0.03073	0.02085	0.02414	0.01427	0.01646	0.01317	0.00878	0.00658	0.00219	0.01097	0.00549	0.00439	0.01317
41	0.03115	0.08029	0.25875	0.02443	0.03516	0.05839	0.02587	0.13851	0.06248	0.14846	0.02509	0.02540	0.01754	0.01109	0.00976	0.00311	0.01257	0.00851	0.00762	0.01582

[dist]
# distance from previous block
# <min> <max>
0	2

[block]
# block no. 1 follows, 14 sequences, length 9
# corresponding to MSA columns:
# 165-173
name=unknown_B
#
# <colnr> <probs for GDERKNQSTAVLIFYWHMCP>
#	G	D	E	R	K	N	Q	S	T	A	V	L	I	F	Y	W	H	M	C	P
0	0.02386	0.02282	0.03888	0.20364	0.44668	0.02398	0.03073	0.03015	0.02264	0.03166	0.01903	0.02590	0.01560	0.00943	0.01019	0.00314	0.01257	0.00914	0.00495	0.01502
1	0.43248	0.02309	0.02221	0.02381	0.11568	0.07810	0.01599	0.03436	0.02134	0.12077	0.01914	0.02101	0.01429	0.01003	0.00786	0.00310	0.00980	0.00697	0.00697	0.01299
2	0.02407	0.02302	0.03925	0.18519	0.46355	0.02403	0.03083	0.03033	0.02274	0.03191	0.01907	0.02583	0.01568	0.00939	0.01018	0.00313	0.01252	0.00914	0.00496	0.01518
3	0.01492	0.00995	0.01119	0.01119	0.01119	0.00995	0.00622	0.01492	0.01492	0.01990	0.03233	0.06716	0.03731	0.63935	0.05223	0.00995	0.00995	0.01492	0.00622	0.00622
4	0.02744	0.64552	0.05378	0.01756	0.02634	0.04061	0.01756	0.03073	0.02085	0.02414	0.01427	0.01646	0.01317	0.00878	0.00658	0.00219	0.01097	0.00549	0.00439	0.01317
5	0.02058	0.05308	0.58618	0.02925	0.04442	0.02383	0.03792	0.03250	0.02167	0.03250	0.01842	0.02167	0.01300	0.00975	0.00975	0.00325	0.01517	0.00758	0.00433	0.01517
6	0.01341	0.00963	0.01272	0.01367	0.01508	0.00894	0.00960	0.01656	0.02385	0.03288	0.28590	0.38426	0.08081	0.02716	0.01265	0.00375	0.00546	0.02443	0.01032	0.00894
7	0.01452	0.01049	0.01372	0.01291	0.01533	0.00968	0.00968	0.01937	0.02905	0.04115	0.56992	0.07666	0.09683	0.02098	0.01210	0.00323	0.00484	0.01856	0.01130	0.00968
8	0.02294	0.15497	0.36370	0.02525	0.03717	0.02729	0.02938	0.03706	0.14009	0.03328	0.02283	0.02439	0.01709	0.01050	0.00932	0.00311	0.01284	0.00809	0.00570	0.01504

[dist]
# distance from previous block
# <min> <max>
0	2

[block]
# block no. 2 follows, 14 sequences, length 50
# corresponding to MSA columns:
# 176-225
name=unknown_C
#
# <colnr> <probs for GDERKNQSTAVLIFYWHMCP>
#	G	D	E	R	K	N	Q	S	T	A	V	L	I	F	Y	W	H	M	C	P
0	0.02692	0.15808	0.24933	0.02643	0.03775	0.02733	0.09929	0.10676	0.02623	0.07335	0.02034	0.02281	0.01504	0.00983	0.00943	0.00293	0.01314	0.00814	0.00602	0.06085
1	0.02630	0.11685	0.07500	0.08103	0.28348	0.02852	0.02692	0.09460	0.02480	0.03433	0.01832	0.02348	0.01519	0.01081	0.01285	0.00316	0.09551	0.00850	0.00547	0.01487
2	0.71184	0.01985	0.01508	0.01350	0.01985	0.02302	0.01111	0.03017	0.01746	0.04604	0.01429	0.01667	0.01111	0.00953	0.00635	0.00318	0.00794	0.00556	0.00635	0.01111
3	0.01668	0.01100	0.01419	0.01309	0.01602	0.01000	0.00992	0.02126	0.02858	0.08052	0.49002	0.07544	0.13246	0.02079	0.01197	0.00324	0.00516	0.01821	0.01125	0.01018
4	0.02372	0.02267	0.03862	0.21678	0.43466	0.02394	0.03066	0.03002	0.02257	0.03149	0.01901	0.02595	0.01554	0.00945	0.01019	0.00315	0.01261	0.00914	0.00493	0.01490
5	0.01297	0.01030	0.01164	0.01158	0.01444	0.00898	0.00858	0.01625	0.02497	0.03210	0.25630	0.13746	0.36844	0.02484	0.01220	0.00345	0.00514	0.02127	0.01012	0.00898
6	0.01235	0.00954	0.01128	0.01267	0.01446	0.00847	0.00881	0.01447	0.02120	0.02683	0.07625	0.41089	0.27693	0.02959	0.01270	0.00388	0.00564	0.02605	0.00953	0.00847
7	0.01262	0.01042	0.01108	0.01091	0.01416	0.00887	0.00818	0.01568	0.02455	0.03047	0.19938	0.09423	0.47403	0.02496	0.01212	0.00342	0.00512	0.02102	0.00989	0.00887
8	0.02334	0.29159	0.37184	0.02454	0.03714	0.03059	0.02972	0.03179	0.02134	0.02914	0.01675	0.01957	0.01307	0.00936	0.00848	0.00283	0.01348	0.00674	0.00436	0.01436
9	0.02128	0.01824	0.02128	0.01520	0.02432	0.01368	0.01216	0.02584	0.02128	0.03344	0.01824	0.02128	0.01520	0.00760	0.00760	0.00152	0.00760	0.00608	0.00608	0.70208
10	0.16089	0.02709	0.02629	0.02155	0.02856	0.15405	0.04969	0.08043	0.07799	0.23154	0.02772	0.02691	0.01933	0.01146	0.00948	0.00309	0.01153	0.00876	0.00896	0.01468
11	0.04604	0.01746	0.02382	0.01826	0.02620	0.01508	0.01508	0.05001	0.02937	0.58244	0.04049	0.03493	0.02540	0.01270	0.01032	0.00318	0.00873	0.01032	0.01270	0.01746
12	0.01286	0.00915	0.01203	0.01395	0.01468	0.00857	0.00932	0.01481	0.02022	0.02718	0.10336	0.54204	0.06854	0.07207	0.01565	0.00447	0.00612	0.02721	0.00947	0.00832
13	0.01627	0.01162	0.01623	0.01859	0.02084	0.01158	0.01607	0.02080	0.02336	0.03041	0.05448	0.15020	0.05965	0.02860	0.01410	0.00469	0.00922	0.47447	0.00945	0.00938
14	0.02617	0.02386	0.03129	0.02619	0.02804	0.03152	0.02179	0.14054	0.02301	0.03366	0.01598	0.02294	0.01436	0.01670	0.02843	0.00417	0.48389	0.00904	0.00579	0.01262
15	0.01380	0.01032	0.01280	0.01248	0.01496	0.00933	0.00925	0.01785	0.02689	0.03673	0.41697	0.13407	0.20050	0.02316	0.01220	0.00337	0.00503	0.02026	0.01073	0.00933
16	0.01254	0.00945	0.01161	0.01310	0.01463	0.00852	0.00905	0.01476	0.02135	0.02765	0.10514	0.44387	0.21188	0.02965	0.01276	0.00390	0.00566	0.02632	0.00965	0.00852
17	0.71184	0.01985	0.01508	0.01350	0.01985	0.02302	0.01111	0.03017	0.01746	0.04604	0.01429	0.01667	0.01111	0.00953	0.00635	0.00318	0.00794	0.00556	0.00635	0.01111
18	0.02553	0.02204	0.02320	0.02088	0.02669	0.02553	0.01624	0.05453	0.55679	0.04293	0.04177	0.03829	0.03133	0.01392	0.01044	0.00348	0.00812	0.01160	0.01044	0.01624
19	0.02485	0.02341	0.03753	0.10797	0.43567	0.02443	0.02865	0.03486	0.11260	0.03441	0.02297	0.02775	0.01854	0.01005	0.01022	0.00316	0.01165	0.00955	0.00593	0.01580
20	0.01654	0.01181	0.01654	0.01890	0.02126	0.01181	0.01654	0.02126	0.02362	0.03071	0.05433	0.11576	0.05906	0.02835	0.01417	0.00472	0.00945	0.50626	0.00945	0.00945
21	0.02846	0.58924	0.05145	0.01840	0.02685	0.09320	0.01777	0.03170	0.02163	0.02424	0.01442	0.01665	0.01317	0.00895	0.00684	0.00224	0.01169	0.00559	0.00447	0.01305
22	0.01500	0.01034	0.01364	0.01364	0.01444	0.01114	0.00927	0.01630	0.01551	0.02147	0.02929	0.05315	0.03098	0.35555	0.28943	0.05734	0.01752	0.01283	0.00579	0.00739
23	0.01437	0.01048	0.01350	0.01275	0.01524	0.00962	0.00956	0.01906	0.02868	0.04028	0.53951	0.07810	0.12778	0.02131	0.01211	0.00324	0.00486	0.01876	0.01118	0.00962
24	0.02549	0.04157	0.35037	0.02944	0.07350	0.02629	0.03084	0.14751	0.06404	0.03997	0.02114	0.02377	0.01550	0.01113	0.01155	0.00330	0.05448	0.00843	0.00614	0.01556
25	0.02838	0.59398	0.05164	0.01833	0.02680	0.08877	0.01776	0.03161	0.02156	0.02423	0.01440	0.01664	0.01317	0.00893	0.00682	0.00223	0.01163	0.00558	0.00447	0.01306
26	0.02267	0.06279	0.03588	0.40347	0.14416	0.06943	0.06198	0.02896	0.02192	0.02761	0.01814	0.02567	0.01415	0.00990	0.01005	0.00322	0.01389	0.00889	0.00473	0.01249
27	0.01247	0.00905	0.01178	0.01397	0.01480	0.00836	0.00939	0.01432	0.01995	0.02632	0.06042	0.58919	0.10884	0.03165	0.01302	0.00411	0.00589	0.02856	0.00953	0.00836
28	0.02074	0.01963	0.03324	0.48973	0.18498	0.02316	0.02918	0.02741	0.02116	0.02787	0.01848	0.02692	0.01426	0.01001	0.01024	0.00334	0.01334	0.00913	0.00468	0.01250
29	0.03733	0.02655	0.03544	0.02655	0.03514	0.02772	0.12107	0.35451	0.04019	0.14939	0.02666	0.02705	0.01848	0.01166	0.01064	0.00317	0.01203	0.01000	0.00969	0.01674
30	0.02058	0.05308	0.58618	0.02925	0.04442	0.02383	0.03792	0.03250	0.02167	0.03250	0.01842	0.02167	0.01300	0.00975	0.00975	0.00325	0.01517	0.00758	0.00433	0.01517
31	0.01492	0.00995	0.01119	0.01119	0.01119	0.00995	0.00622	0.01492	0.01492	0.01990	0.03233	0.06716	0.03731	0.63935	0.05223	0.00995	0.00995	0.01492	0.00622	0.00622
32	0.01595	0.01232	0.01477	0.01383	0.01694	0.01207	0.01047	0.02433	0.11251	0.03957	0.42071	0.07361	0.15244	0.02055	0.01184	0.00330	0.00541	0.01788	0.01091	0.01059
33	0.01492	0.00995	0.01119	0.01119	0.01119	0.00995	0.00622	0.01492	0.01492	0.01990	0.03233	0.06716	0.03731	0.63935	0.05223	0.00995	0.00995	0.01492	0.00622	0.00622
34	0.01929	0.03281	0.27007	0.02164	0.02994	0.06707	0.02338	0.02699	0.02474	0.03450	0.23243	0.04420	0.04650	0.01964	0.05855	0.00427	0.01246	0.01203	0.00721	0.01227
35	0.03833	0.04891	0.02908	0.02644	0.03173	0.59815	0.01983	0.04098	0.02908	0.02512	0.01586	0.01851	0.01322	0.01058	0.00925	0.00264	0.01851	0.00661	0.00529	0.01190
36	0.02128	0.01824	0.02128	0.01520	0.02432	0.01368	0.01216	0.02584	0.02128	0.03344	0.01824	0.02128	0.01520	0.00760	0.00760	0.00152	0.00760	0.00608	0.00608	0.70208
37	0.03700	0.04691	0.03205	0.02802	0.03379	0.54417	0.06872	0.04021	0.02862	0.02585	0.01632	0.01937	0.01344	0.01039	0.00952	0.00272	0.01839	0.00713	0.00528	0.01208
38	0.04497	0.01919	0.02488	0.01908	0.02706	0.01764	0.01576	0.12495	0.03225	0.50343	0.03807	0.03336	0.02419	0.01264	0.01031	0.00316	0.00912	0.01016	0.01233	0.01746
39	0.02540	0.02438	0.04165	0.06299	0.57533	0.02438	0.03149	0.03149	0.02337	0.03353	0.01930	0.02540	0.01626	0.00914	0.01016	0.00305	0.01219	0.00914	0.00508	0.01626
40	0.56249	0.01931	0.01704	0.01456	0.02127	0.02124	0.01200	0.03462	0.02014	0.16637	0.02017	0.02077	0.01432	0.01024	0.00724	0.00318	0.00812	0.00663	0.00778	0.01254
41	0.02414	0.03075	0.18480	0.02437	0.03304	0.02420	0.05921	0.08179	0.28221	0.04081	0.07796	0.03508	0.02960	0.01285	0.01049	0.00336	0.01073	0.01092	0.00840	0.01530
42	0.01913	0.00956	0.00956	0.00956	0.01196	0.00956	0.00717	0.02391	0.02152	0.03826	0.03348	0.03826	0.02630	0.01196	0.00717	0.00239	0.00478	0.00956	0.69632	0.00956
43	0.71184	0.01985	0.01508	0.01350	0.01985	0.02302	0.01111	0.03017	0.01746	0.04604	0.01429	0.01667	0.01111	0.00953	0.00635	0.00318	0.00794	0.00556	0.00635	0.01111
44	0.01913	0.00956	0.00956	0.00956	0.01196	0.00956	0.00717	0.02391	0.02152	0.03826	0.03348	0.03826	0.02630	0.01196	0.00717	0.00239	0.00478	0.00956	0.69632	0.00956
45	0.71184	0.01985	0.01508	0.01350	0.01985	0.02302	0.01111	0.03017	0.01746	0.04604	0.01429	0.01667	0.01111	0.00953	0.00635	0.00318	0.00794	0.00556	0.00635	0.01111
46	0.02058	0.05308	0.58618	0.02925	0.04442	0.02383	0.03792	0.03250	0.02167	0.03250	0.01842	0.02167	0.01300	0.00975	0.00975	0.00325	0.01517	0.00758	0.00433	0.01517
47	0.03901	0.02874	0.03080	0.02361	0.03182	0.03182	0.01951	0.54111	0.04825	0.06468	0.02464	0.02464	0.01745	0.01232	0.01027	0.00308	0.01129	0.00924	0.01027	0.01745
48	0.01492	0.00995	0.01119	0.01119	0.01119	0.00995	0.00622	0.01492	0.01492	0.01990	0.03233	0.06716	0.03731	0.63935	0.05223	0.00995	0.00995	0.01492	0.00622	0.00622
49	0.02820	0.02597	0.02454	0.02180	0.02772	0.09842	0.01695	0.09089	0.45028	0.04238	0.03715	0.03472	0.02795	0.01337	0.01028	0.00334	0.00968	0.01079	0.00978	0.01579

[dist]
# distance from previous block
# <min> <max>
0	46

# created by:
# /st0/software/busco_prod/Augustus/scripts/msa2prfl.pl ./align_prep/8714.fa
