[name]
unknown

[dist]
# distance from previous block
# <min> <max>
0	56

[block]
# block no. 0 follows, 13 sequences, length 143
# corresponding to MSA columns:
# 56-198
name=unknown_A
#
# <colnr> <probs for GDERKNQSTAVLIFYWHMCP>
#	G	D	E	R	K	N	Q	S	T	A	V	L	I	F	Y	W	H	M	C	P
0	0.01482	0.01027	0.01294	0.01433	0.01505	0.01005	0.00984	0.01649	0.01899	0.02515	0.04703	0.27919	0.05446	0.28923	0.03113	0.00698	0.00866	0.11919	0.00833	0.00788
1	0.04019	0.02962	0.03173	0.02433	0.03279	0.03279	0.02010	0.52721	0.04971	0.06663	0.02538	0.02538	0.01798	0.01269	0.01058	0.00317	0.01163	0.00952	0.01058	0.01798
2	0.02178	0.02064	0.03499	0.44564	0.21602	0.02397	0.03027	0.02860	0.02200	0.02922	0.01911	0.02760	0.01487	0.01023	0.01054	0.00341	0.01365	0.00940	0.00485	0.01321
3	0.02496	0.02852	0.06239	0.04456	0.05526	0.02674	0.52406	0.03387	0.02496	0.03387	0.02139	0.02852	0.01604	0.00891	0.01248	0.00357	0.01783	0.01248	0.00535	0.01426
4	0.58289	0.02000	0.01719	0.01480	0.02165	0.02222	0.01220	0.03483	0.02024	0.14321	0.01967	0.02062	0.01415	0.01041	0.00729	0.00327	0.00833	0.00663	0.00774	0.01265
5	0.02617	0.02512	0.04292	0.06490	0.56246	0.02512	0.03245	0.03245	0.02407	0.03454	0.01989	0.02617	0.01675	0.00942	0.01047	0.00314	0.01256	0.00942	0.00523	0.01675
6	0.01424	0.01078	0.01313	0.01254	0.01535	0.00967	0.00941	0.01856	0.02822	0.03835	0.42535	0.08564	0.23382	0.02312	0.01248	0.00340	0.00510	0.02006	0.01111	0.00967
7	0.01997	0.01879	0.03171	0.60301	0.07282	0.02349	0.02936	0.02701	0.02114	0.02701	0.01879	0.02819	0.01409	0.01057	0.01057	0.00352	0.01409	0.00940	0.00470	0.01175
8	0.01288	0.00920	0.01227	0.01472	0.01534	0.00859	0.00981	0.01472	0.02024	0.02699	0.05828	0.62152	0.06993	0.03312	0.01350	0.00429	0.00613	0.03006	0.00981	0.00859
9	0.04372	0.02395	0.02823	0.02164	0.02996	0.02438	0.01788	0.29543	0.04023	0.31179	0.03334	0.03055	0.02197	0.01288	0.01060	0.00322	0.01035	0.01006	0.01180	0.01799
10	0.02617	0.02512	0.04292	0.06490	0.56246	0.02512	0.03245	0.03245	0.02407	0.03454	0.01989	0.02617	0.01675	0.00942	0.01047	0.00314	0.01256	0.00942	0.00523	0.01675
11	0.01696	0.01011	0.01516	0.01516	0.01598	0.01092	0.01092	0.01598	0.01516	0.02103	0.02266	0.03620	0.02185	0.05510	0.27662	0.40090	0.01744	0.01011	0.00505	0.00668
12	0.01510	0.01133	0.01699	0.01699	0.01888	0.01322	0.01322	0.01888	0.01699	0.02454	0.02832	0.04154	0.02643	0.07930	0.58652	0.01699	0.02832	0.01133	0.00566	0.00944
13	0.02647	0.02726	0.08623	0.02778	0.10286	0.06369	0.02084	0.10672	0.21655	0.04311	0.12711	0.03962	0.03716	0.01405	0.01084	0.00333	0.01033	0.01177	0.00906	0.01523
14	0.02358	0.02014	0.02217	0.01890	0.02555	0.02053	0.01467	0.04233	0.31817	0.03933	0.03619	0.08685	0.03008	0.01385	0.01001	0.00296	0.00798	0.01168	0.00914	0.24587
15	0.01741	0.01397	0.01752	0.01708	0.02015	0.01559	0.01313	0.02749	0.15113	0.03026	0.04542	0.08833	0.10768	0.05223	0.32002	0.01082	0.01849	0.01432	0.00783	0.01115
16	0.03674	0.03465	0.03111	0.02855	0.08057	0.20189	0.02086	0.26608	0.11055	0.04797	0.02457	0.02548	0.01853	0.01207	0.01027	0.00309	0.01355	0.00902	0.00853	0.01593
17	0.02360	0.02541	0.05252	0.03851	0.04796	0.02360	0.40833	0.03158	0.02459	0.03362	0.02585	0.04024	0.02209	0.01157	0.01234	0.00356	0.01581	0.07691	0.00603	0.07587
18	0.02618	0.02486	0.04084	0.06016	0.50410	0.02525	0.03073	0.03504	0.08073	0.03560	0.02241	0.02762	0.01844	0.00996	0.01050	0.00319	0.01210	0.00970	0.00584	0.01675
19	0.02495	0.18900	0.39209	0.02666	0.03995	0.02954	0.03204	0.08692	0.02511	0.03507	0.01866	0.02139	0.01394	0.01010	0.00933	0.00307	0.01417	0.00749	0.00515	0.01540
20	0.01997	0.01879	0.03171	0.60301	0.07282	0.02349	0.02936	0.02701	0.02114	0.02701	0.01879	0.02819	0.01409	0.01057	0.01057	0.00352	0.01409	0.00940	0.00470	0.01175
21	0.08343	0.01828	0.02423	0.02251	0.07442	0.01719	0.01630	0.04483	0.07482	0.37854	0.03984	0.09803	0.02966	0.01483	0.01067	0.00340	0.00890	0.01244	0.01136	0.01630
22	0.02419	0.02310	0.03934	0.23662	0.40621	0.02460	0.03146	0.03071	0.02314	0.03214	0.01954	0.02681	0.01590	0.00979	0.01050	0.00326	0.01305	0.00941	0.00506	0.01515
23	0.01342	0.01046	0.01224	0.01285	0.01539	0.00928	0.00950	0.01652	0.02437	0.03125	0.18455	0.22711	0.30772	0.02745	0.01288	0.00379	0.00578	0.05614	0.01019	0.00912
24	0.02049	0.02261	0.12345	0.02127	0.02774	0.01672	0.07250	0.02979	0.09345	0.07421	0.18490	0.13757	0.09346	0.01868	0.01183	0.00355	0.00927	0.01667	0.00920	0.01264
25	0.02385	0.02276	0.03873	0.26595	0.37952	0.02451	0.03130	0.03042	0.02298	0.03173	0.01948	0.02692	0.01576	0.00985	0.01051	0.00328	0.01313	0.00941	0.00503	0.01488
26	0.02441	0.31781	0.33858	0.02467	0.03731	0.03239	0.02955	0.03266	0.02194	0.02958	0.01704	0.01989	0.01347	0.00959	0.00857	0.00286	0.01367	0.00683	0.00449	0.01469
27	0.01403	0.01077	0.01283	0.01232	0.01522	0.00958	0.00924	0.01814	0.02771	0.03714	0.38605	0.08763	0.27388	0.02358	0.01248	0.00342	0.00513	0.02033	0.01095	0.00958
28	0.02886	0.02212	0.02427	0.02146	0.02756	0.02478	0.01713	0.11599	0.37872	0.08792	0.04195	0.04597	0.03297	0.01564	0.01114	0.00364	0.00901	0.06381	0.01081	0.01624
29	0.03174	0.02833	0.02582	0.02054	0.02848	0.15551	0.01622	0.11548	0.06532	0.08734	0.02305	0.02430	0.01766	0.01029	0.00914	0.00240	0.01129	0.00772	0.00770	0.31168
30	0.01922	0.01419	0.02304	0.07364	0.02818	0.01379	0.08468	0.02355	0.02373	0.08036	0.11311	0.29158	0.05598	0.02381	0.01284	0.00398	0.00909	0.08512	0.00925	0.01087
31	0.01361	0.01075	0.01226	0.01188	0.01497	0.00940	0.00891	0.01734	0.02674	0.03483	0.31091	0.09143	0.35046	0.02444	0.01248	0.00346	0.00519	0.02087	0.01064	0.00940
32	0.01285	0.00934	0.01213	0.01435	0.01524	0.00862	0.00965	0.01476	0.02060	0.02713	0.06275	0.57387	0.11469	0.03254	0.01340	0.00423	0.00606	0.02935	0.00982	0.00862
33	0.09395	0.02090	0.02486	0.01899	0.02734	0.01969	0.01560	0.14893	0.03185	0.30983	0.03135	0.02932	0.02107	0.01168	0.00973	0.00291	0.00927	0.00911	0.01064	0.15300
34	0.01997	0.01879	0.03171	0.60301	0.07282	0.02349	0.02936	0.02701	0.02114	0.02701	0.01879	0.02819	0.01409	0.01057	0.01057	0.00352	0.01409	0.00940	0.00470	0.01175
35	0.03072	0.07500	0.02583	0.01690	0.02587	0.01710	0.01401	0.03510	0.02457	0.20591	0.02580	0.02600	0.01885	0.00963	0.00864	0.00218	0.00852	0.00761	0.00830	0.41344
36	0.03152	0.02133	0.02286	0.01922	0.02551	0.06965	0.01499	0.10511	0.08532	0.18295	0.03692	0.15795	0.03224	0.01641	0.01068	0.00317	0.00940	0.01374	0.00990	0.13115
37	0.02549	0.02443	0.04169	0.12361	0.50904	0.02494	0.03211	0.03186	0.02375	0.03372	0.01977	0.02639	0.01646	0.00955	0.01048	0.00318	0.01273	0.00942	0.00518	0.01620
38	0.01638	0.01024	0.01377	0.01548	0.01693	0.00951	0.01092	0.01867	0.02149	0.07712	0.05657	0.52768	0.06519	0.03097	0.01332	0.00425	0.00668	0.06516	0.01011	0.00954
39	0.01971	0.00985	0.00985	0.00985	0.01232	0.00985	0.00739	0.02464	0.02217	0.03942	0.03449	0.03942	0.02710	0.01232	0.00739	0.00246	0.00493	0.00985	0.68712	0.00985
40	0.03950	0.05039	0.02996	0.02724	0.03269	0.58597	0.02043	0.04222	0.02996	0.02588	0.01634	0.01907	0.01362	0.01090	0.00953	0.00272	0.01907	0.00681	0.00545	0.01226
41	0.01517	0.01054	0.01286	0.01244	0.01371	0.01011	0.00823	0.01772	0.02282	0.03170	0.30114	0.07420	0.06981	0.31802	0.03267	0.00671	0.00756	0.01729	0.00908	0.00823
42	0.01400	0.01033	0.01309	0.01332	0.01544	0.00942	0.00964	0.01773	0.02627	0.03590	0.34616	0.23871	0.15951	0.02570	0.01277	0.00364	0.00537	0.02275	0.01084	0.00942
43	0.02543	0.40133	0.26396	0.02294	0.03463	0.03488	0.02653	0.03239	0.02182	0.02834	0.01642	0.01912	0.01350	0.00945	0.00810	0.00270	0.01305	0.00652	0.00450	0.01440
44	0.01781	0.01193	0.01757	0.01692	0.01763	0.01392	0.01263	0.01731	0.01531	0.02166	0.02146	0.03440	0.02076	0.05010	0.24410	0.34435	0.09980	0.00999	0.00500	0.00737
45	0.08670	0.02351	0.03940	0.18277	0.35859	0.02475	0.06972	0.03118	0.02291	0.03393	0.01928	0.02600	0.01559	0.00968	0.01029	0.00328	0.01294	0.00932	0.00524	0.01491
46	0.03129	0.31256	0.09067	0.02274	0.03080	0.22689	0.02068	0.03816	0.08143	0.02812	0.01875	0.02063	0.01561	0.01036	0.00847	0.00267	0.01407	0.00694	0.00552	0.01365
47	0.01666	0.01504	0.02444	0.02086	0.02457	0.01496	0.11390	0.02093	0.02312	0.03114	0.14608	0.17938	0.16130	0.02866	0.07710	0.00523	0.05873	0.01914	0.00839	0.01038
48	0.02617	0.02512	0.04292	0.06490	0.56246	0.02512	0.03245	0.03245	0.02407	0.03454	0.01989	0.02617	0.01675	0.00942	0.01047	0.00314	0.01256	0.00942	0.00523	0.01675
49	0.01314	0.00976	0.01226	0.01369	0.01520	0.00888	0.00948	0.01566	0.02258	0.02979	0.14840	0.42998	0.17254	0.03000	0.01313	0.00399	0.00579	0.02674	0.01011	0.00888
50	0.01462	0.01079	0.01366	0.01294	0.01559	0.00983	0.00971	0.01929	0.02912	0.04048	0.49464	0.08213	0.16321	0.02233	0.01247	0.00336	0.00504	0.01956	0.01139	0.00983
51	0.01510	0.01133	0.01699	0.01699	0.01888	0.01322	0.01322	0.01888	0.01699	0.02454	0.02832	0.04154	0.02643	0.07930	0.58652	0.01699	0.02832	0.01133	0.00566	0.00944
52	0.02460	0.02352	0.04008	0.20093	0.43868	0.02471	0.03167	0.03108	0.02333	0.03264	0.01961	0.02668	0.01608	0.00971	0.01049	0.00324	0.01295	0.00941	0.00510	0.01548
53	0.02054	0.01937	0.03274	0.55367	0.11771	0.02364	0.02965	0.02751	0.02141	0.02770	0.01889	0.02800	0.01434	0.01047	0.01056	0.00349	0.01395	0.00940	0.00475	0.01220
54	0.01510	0.01133	0.01699	0.01699	0.01888	0.01322	0.01322	0.01888	0.01699	0.02454	0.02832	0.04154	0.02643	0.07930	0.58652	0.01699	0.02832	0.01133	0.00566	0.00944
55	0.04744	0.01799	0.02454	0.01881	0.02699	0.01554	0.01554	0.05153	0.03026	0.56979	0.04171	0.03599	0.02617	0.01309	0.01063	0.00327	0.00900	0.01063	0.01309	0.01799
56	0.04019	0.02962	0.03173	0.02433	0.03279	0.03279	0.02010	0.52721	0.04971	0.06663	0.02538	0.02538	0.01798	0.01269	0.01058	0.00317	0.01163	0.00952	0.01058	0.01798
57	0.01288	0.00920	0.01227	0.01472	0.01534	0.00859	0.00981	0.01472	0.02024	0.02699	0.05828	0.62152	0.06993	0.03312	0.01350	0.00429	0.00613	0.03006	0.00981	0.00859
58	0.01510	0.01133	0.01699	0.01699	0.01888	0.01322	0.01322	0.01888	0.01699	0.02454	0.02832	0.04154	0.02643	0.07930	0.58652	0.01699	0.02832	0.01133	0.00566	0.00944
59	0.01538	0.01025	0.01153	0.01153	0.01153	0.01025	0.00641	0.01538	0.01538	0.02050	0.03331	0.06919	0.03844	0.62842	0.05382	0.01025	0.01025	0.01538	0.00641	0.00641
60	0.01626	0.01137	0.01277	0.01227	0.01530	0.01079	0.00925	0.02231	0.06210	0.03787	0.26202	0.07265	0.20613	0.02022	0.01107	0.00319	0.00531	0.01718	0.18182	0.01012
61	0.02027	0.01110	0.01382	0.01423	0.01657	0.01058	0.01058	0.02355	0.02220	0.10176	0.04621	0.24193	0.04710	0.08888	0.01593	0.00437	0.00715	0.08943	0.20420	0.01012
62	0.37344	0.01921	0.02006	0.01637	0.02374	0.01961	0.01351	0.04136	0.02416	0.31007	0.02829	0.02663	0.01885	0.01146	0.00860	0.00327	0.00859	0.00819	0.00983	0.01474
63	0.01424	0.01078	0.01313	0.01254	0.01535	0.00967	0.00941	0.01856	0.02822	0.03835	0.42541	0.08564	0.23376	0.02312	0.01248	0.00340	0.00510	0.02005	0.01111	0.00967
64	0.02762	0.58160	0.10291	0.01920	0.02884	0.04025	0.02001	0.03183	0.02156	0.02566	0.01509	0.01745	0.01355	0.00914	0.00708	0.00236	0.01170	0.00585	0.00452	0.01376
65	0.02856	0.10671	0.03351	0.12867	0.03745	0.06664	0.08433	0.03382	0.02600	0.14876	0.11903	0.03622	0.03221	0.01248	0.01037	0.00306	0.01142	0.01085	0.00799	0.06193
66	0.14640	0.20916	0.17454	0.02126	0.03121	0.02894	0.02207	0.07172	0.06054	0.10930	0.02221	0.02313	0.01648	0.01061	0.00865	0.00301	0.01139	0.00761	0.00688	0.01487
67	0.03031	0.40089	0.15767	0.02073	0.03099	0.03342	0.02199	0.03568	0.02327	0.12658	0.02054	0.02157	0.01584	0.00999	0.00817	0.00267	0.01178	0.00702	0.00608	0.01481
68	0.03950	0.05039	0.02996	0.02724	0.03269	0.58597	0.02043	0.04222	0.02996	0.02588	0.01634	0.01907	0.01362	0.01090	0.00953	0.00272	0.01907	0.00681	0.00545	0.01226
69	0.02407	0.05069	0.51373	0.02890	0.04371	0.02357	0.03650	0.03545	0.02319	0.09199	0.02146	0.02381	0.01479	0.01038	0.01011	0.00334	0.01490	0.00812	0.00541	0.01588
70	0.01288	0.00920	0.01227	0.01472	0.01534	0.00859	0.00981	0.01472	0.02024	0.02699	0.05828	0.62152	0.06993	0.03312	0.01350	0.00429	0.00613	0.03006	0.00981	0.00859
71	0.01898	0.01173	0.01357	0.01304	0.01683	0.01007	0.00979	0.02174	0.02442	0.12746	0.08481	0.19944	0.35754	0.02561	0.01237	0.00367	0.00619	0.02181	0.01042	0.01052
72	0.02406	0.02031	0.02206	0.02023	0.02547	0.02302	0.01582	0.04870	0.43497	0.04308	0.11545	0.05063	0.04370	0.01641	0.01127	0.00364	0.00799	0.04709	0.01081	0.01530
73	0.01288	0.00920	0.01227	0.01472	0.01534	0.00859	0.00981	0.01472	0.02024	0.02699	0.05828	0.62152	0.06993	0.03312	0.01350	0.00429	0.00613	0.03006	0.00981	0.00859
74	0.02121	0.05469	0.57364	0.03014	0.04576	0.02455	0.03906	0.03348	0.02232	0.03348	0.01897	0.02232	0.01339	0.01005	0.01005	0.00335	0.01563	0.00781	0.00446	0.01563
75	0.01553	0.01254	0.01645	0.01954	0.07632	0.01164	0.01340	0.01943	0.02470	0.03189	0.14660	0.13679	0.26646	0.02526	0.01289	0.00387	0.00726	0.13974	0.00956	0.01011
76	0.01270	0.01072	0.01099	0.01092	0.01440	0.00901	0.00819	0.01556	0.02457	0.02969	0.14362	0.09991	0.52096	0.02636	0.01249	0.00355	0.00533	0.02206	0.00997	0.00901
77	0.02392	0.02546	0.04533	0.03501	0.03963	0.02995	0.23932	0.02908	0.01997	0.02908	0.01712	0.02546	0.01481	0.01437	0.02511	0.00417	0.35390	0.01064	0.00494	0.01273
78	0.02299	0.03298	0.18816	0.03196	0.03854	0.02903	0.13330	0.02944	0.01974	0.02944	0.01687	0.02405	0.01420	0.01414	0.02320	0.00405	0.32038	0.00954	0.00473	0.01326
79	0.01527	0.01069	0.01374	0.01374	0.01450	0.01145	0.00916	0.01679	0.01603	0.02213	0.03130	0.05803	0.03359	0.40677	0.26884	0.01297	0.01754	0.01374	0.00611	0.00763
80	0.01496	0.01081	0.01413	0.01330	0.01580	0.00998	0.00998	0.01995	0.02993	0.04240	0.55689	0.07898	0.09976	0.02162	0.01247	0.00333	0.00499	0.01912	0.01164	0.00998
81	0.02121	0.05469	0.57364	0.03014	0.04576	0.02455	0.03906	0.03348	0.02232	0.03348	0.01897	0.02232	0.01339	0.01005	0.01005	0.00335	0.01563	0.00781	0.00446	0.01563
82	0.01374	0.01076	0.01244	0.01202	0.01504	0.00946	0.00901	0.01758	0.02704	0.03553	0.33371	0.09028	0.32722	0.02418	0.01248	0.00345	0.00517	0.02071	0.01074	0.00946
83	0.01288	0.00920	0.01227	0.01472	0.01534	0.00859	0.00981	0.01472	0.02024	0.02699	0.05828	0.62152	0.06993	0.03312	0.01350	0.00429	0.00613	0.03006	0.00981	0.00859
84	0.02827	0.63478	0.05540	0.01809	0.02714	0.04184	0.01809	0.03166	0.02148	0.02488	0.01470	0.01696	0.01357	0.00905	0.00678	0.00226	0.01131	0.00565	0.00452	0.01357
85	0.02627	0.02208	0.03690	0.25242	0.32883	0.02349	0.02950	0.03259	0.02370	0.09024	0.02188	0.02796	0.01683	0.01023	0.01052	0.00329	0.01272	0.00954	0.00590	0.01509
86	0.01510	0.01133	0.01699	0.01699	0.01888	0.01322	0.01322	0.01888	0.01699	0.02454	0.02832	0.04154	0.02643	0.07930	0.58652	0.01699	0.02832	0.01133	0.00566	0.00944
87	0.01538	0.01025	0.01153	0.01153	0.01153	0.01025	0.00641	0.01538	0.01538	0.02050	0.03331	0.06919	0.03844	0.62842	0.05382	0.01025	0.01025	0.01538	0.00641	0.00641
88	0.61104	0.02154	0.02190	0.01807	0.02517	0.02413	0.08104	0.03146	0.01894	0.04560	0.01563	0.01872	0.01207	0.00969	0.00735	0.00331	0.00949	0.00664	0.00638	0.01183
89	0.03950	0.05039	0.02996	0.02724	0.03269	0.58597	0.02043	0.04222	0.02996	0.02588	0.01634	0.01907	0.01362	0.01090	0.00953	0.00272	0.01907	0.00681	0.00545	0.01226
90	0.01496	0.01081	0.01413	0.01330	0.01580	0.00998	0.00998	0.01995	0.02993	0.04240	0.55689	0.07898	0.09976	0.02162	0.01247	0.00333	0.00499	0.01912	0.01164	0.00998
91	0.01971	0.00985	0.00985	0.00985	0.01232	0.00985	0.00739	0.02464	0.02217	0.03942	0.03449	0.03942	0.02710	0.01232	0.00739	0.00246	0.00493	0.00985	0.68712	0.00985
92	0.02121	0.05469	0.57364	0.03014	0.04576	0.02455	0.03906	0.03348	0.02232	0.03348	0.01897	0.02232	0.01339	0.01005	0.01005	0.00335	0.01563	0.00781	0.00446	0.01563
93	0.01288	0.00920	0.01227	0.01472	0.01534	0.00859	0.00981	0.01472	0.02024	0.02699	0.05828	0.62152	0.06993	0.03312	0.01350	0.00429	0.00613	0.03006	0.00981	0.00859
94	0.02827	0.63478	0.05540	0.01809	0.02714	0.04184	0.01809	0.03166	0.02148	0.02488	0.01470	0.01696	0.01357	0.00905	0.00678	0.00226	0.01131	0.00565	0.00452	0.01357
95	0.01288	0.00920	0.01227	0.01472	0.01534	0.00859	0.00981	0.01472	0.02024	0.02699	0.05828	0.62152	0.06993	0.03312	0.01350	0.00429	0.00613	0.03006	0.00981	0.00859
96	0.01295	0.01073	0.01134	0.01119	0.01456	0.00912	0.00839	0.01605	0.02517	0.03110	0.18958	0.09758	0.47412	0.02583	0.01249	0.00353	0.00529	0.02173	0.01015	0.00912
97	0.01535	0.01037	0.01213	0.01213	0.01233	0.01057	0.00715	0.01576	0.01555	0.02094	0.03277	0.06617	0.03713	0.56851	0.11193	0.01099	0.01222	0.01493	0.00633	0.00674
98	0.03791	0.04801	0.03350	0.02913	0.03515	0.52496	0.07538	0.04131	0.02942	0.02675	0.01689	0.02010	0.01388	0.01068	0.00985	0.00282	0.01893	0.00743	0.00544	0.01248
99	0.01538	0.01025	0.01153	0.01153	0.01153	0.01025	0.00641	0.01538	0.01538	0.02050	0.03331	0.06919	0.03844	0.62842	0.05382	0.01025	0.01025	0.01538	0.00641	0.00641
100	0.02348	0.02309	0.03146	0.02708	0.02773	0.03172	0.02243	0.02880	0.07371	0.02749	0.01706	0.02491	0.01589	0.01805	0.03209	0.00451	0.54353	0.00955	0.00530	0.01213
101	0.02617	0.02512	0.04292	0.06490	0.56246	0.02512	0.03245	0.03245	0.02407	0.03454	0.01989	0.02617	0.01675	0.00942	0.01047	0.00314	0.01256	0.00942	0.00523	0.01675
102	0.04744	0.01799	0.02454	0.01881	0.02699	0.01554	0.01554	0.05153	0.03026	0.56979	0.04171	0.03599	0.02617	0.01309	0.01063	0.00327	0.00900	0.01063	0.01309	0.01799
103	0.01658	0.01349	0.01981	0.01897	0.02051	0.01673	0.01503	0.02008	0.01685	0.02471	0.02567	0.03816	0.02413	0.06815	0.48534	0.01473	0.13480	0.01095	0.00547	0.00983
104	0.01518	0.01102	0.01546	0.01546	0.01681	0.01238	0.01130	0.01789	0.01654	0.02341	0.02973	0.04932	0.02981	0.23387	0.43657	0.01509	0.02323	0.01247	0.00587	0.00859
105	0.01381	0.01076	0.01261	0.01267	0.01554	0.00956	0.00961	0.01747	0.02602	0.03386	0.26706	0.13091	0.31307	0.02549	0.01273	0.00363	0.00563	0.05973	0.01049	0.00936
106	0.01288	0.00920	0.01227	0.01472	0.01534	0.00859	0.00981	0.01472	0.02024	0.02699	0.05828	0.62152	0.06993	0.03312	0.01350	0.00429	0.00613	0.03006	0.00981	0.00859
107	0.02827	0.63478	0.05540	0.01809	0.02714	0.04184	0.01809	0.03166	0.02148	0.02488	0.01470	0.01696	0.01357	0.00905	0.00678	0.00226	0.01131	0.00565	0.00452	0.01357
108	0.02121	0.05469	0.57364	0.03014	0.04576	0.02455	0.03906	0.03348	0.02232	0.03348	0.01897	0.02232	0.01339	0.01005	0.01005	0.00335	0.01563	0.00781	0.00446	0.01563
109	0.01412	0.01014	0.01346	0.01449	0.01607	0.00948	0.01047	0.01756	0.02476	0.03402	0.27328	0.34660	0.08207	0.02784	0.01314	0.00392	0.00593	0.06278	0.01060	0.00928
110	0.01375	0.00970	0.01188	0.01325	0.01387	0.00922	0.00844	0.01499	0.01879	0.02477	0.05314	0.37994	0.09757	0.24819	0.02802	0.00639	0.00756	0.02412	0.00858	0.00782
111	0.01378	0.01033	0.01278	0.01307	0.01530	0.00933	0.00946	0.01732	0.02579	0.03470	0.30737	0.23660	0.20328	0.02610	0.01276	0.00366	0.00540	0.02297	0.01068	0.00933
112	0.09986	0.01819	0.02382	0.01842	0.02647	0.01619	0.01521	0.04989	0.02928	0.52802	0.03955	0.03448	0.02500	0.01282	0.01031	0.00327	0.00893	0.01024	0.01256	0.01747
113	0.70310	0.02045	0.01554	0.01390	0.02045	0.02372	0.01145	0.03108	0.01799	0.04744	0.01472	0.01718	0.01145	0.00981	0.00654	0.00327	0.00818	0.00573	0.00654	0.01145
114	0.02186	0.04678	0.43290	0.03087	0.04323	0.02617	0.07551	0.03204	0.02141	0.03204	0.01824	0.02297	0.01370	0.01150	0.01476	0.00360	0.12461	0.00846	0.00457	0.01477
115	0.01334	0.00953	0.01279	0.01524	0.01605	0.00898	0.01060	0.01551	0.02069	0.02750	0.05802	0.56672	0.06894	0.03270	0.01362	0.00436	0.00653	0.08038	0.00981	0.00871
116	0.02496	0.02852	0.06239	0.04456	0.05526	0.02674	0.52406	0.03387	0.02496	0.03387	0.02139	0.02852	0.01604	0.00891	0.01248	0.00357	0.01783	0.01248	0.00535	0.01426
117	0.02121	0.05469	0.57364	0.03014	0.04576	0.02455	0.03906	0.03348	0.02232	0.03348	0.01897	0.02232	0.01339	0.01005	0.01005	0.00335	0.01563	0.00781	0.00446	0.01563
118	0.02590	0.02175	0.02389	0.01926	0.02701	0.02167	0.01526	0.09465	0.26152	0.04240	0.03051	0.03025	0.02345	0.01132	0.00946	0.00266	0.00849	0.00920	0.00877	0.31258
119	0.04019	0.02962	0.03173	0.02433	0.03279	0.03279	0.02010	0.52721	0.04971	0.06663	0.02538	0.02538	0.01798	0.01269	0.01058	0.00317	0.01163	0.00952	0.01058	0.01798
120	0.02617	0.02512	0.04292	0.06490	0.56246	0.02512	0.03245	0.03245	0.02407	0.03454	0.01989	0.02617	0.01675	0.00942	0.01047	0.00314	0.01256	0.00942	0.00523	0.01675
121	0.02457	0.02349	0.04002	0.20383	0.43605	0.02470	0.03165	0.03105	0.02332	0.03260	0.01961	0.02669	0.01606	0.00972	0.01049	0.00324	0.01296	0.00941	0.00510	0.01546
122	0.02797	0.01319	0.01778	0.01627	0.02039	0.01176	0.01229	0.03121	0.02589	0.26151	0.12116	0.29472	0.05539	0.02293	0.01213	0.00372	0.00720	0.02021	0.01147	0.01281
123	0.01368	0.01076	0.01236	0.01196	0.01501	0.00943	0.00897	0.01747	0.02690	0.03522	0.32347	0.09080	0.33766	0.02429	0.01248	0.00345	0.00518	0.02078	0.01069	0.00943
124	0.03580	0.02012	0.02518	0.02075	0.02657	0.02115	0.01674	0.13916	0.07244	0.27046	0.03721	0.11967	0.02986	0.01683	0.01433	0.00361	0.09052	0.01322	0.01075	0.01561
125	0.02321	0.02164	0.03615	0.40676	0.16975	0.02480	0.06346	0.06861	0.02430	0.03221	0.01973	0.02757	0.01509	0.01039	0.01068	0.00342	0.01384	0.00962	0.00532	0.01345
126	0.02130	0.01451	0.02079	0.06744	0.06127	0.01539	0.01564	0.02468	0.02283	0.11204	0.10933	0.29128	0.05143	0.02313	0.01536	0.00391	0.08936	0.01976	0.00912	0.01142
127	0.01393	0.01077	0.01270	0.01222	0.01516	0.00954	0.00916	0.01795	0.02748	0.03660	0.36828	0.08853	0.29199	0.02378	0.01248	0.00343	0.00514	0.02046	0.01088	0.00954
128	0.09261	0.03758	0.26376	0.02535	0.03613	0.02598	0.02708	0.16875	0.03002	0.11729	0.02312	0.02462	0.01625	0.01173	0.01160	0.00337	0.05274	0.00857	0.00751	0.01593
129	0.03400	0.15785	0.22972	0.02276	0.03382	0.02420	0.02458	0.04092	0.02559	0.26375	0.02793	0.02713	0.01896	0.01116	0.00963	0.00309	0.01187	0.00859	0.00821	0.01623
130	0.02479	0.02803	0.05964	0.04302	0.05274	0.02726	0.47814	0.03310	0.02415	0.03310	0.02070	0.02803	0.01584	0.00979	0.01451	0.00366	0.07203	0.01218	0.00528	0.01401
131	0.02827	0.63478	0.05540	0.01809	0.02714	0.04184	0.01809	0.03166	0.02148	0.02488	0.01470	0.01696	0.01357	0.00905	0.00678	0.00226	0.01131	0.00565	0.00452	0.01357
132	0.03506	0.02113	0.03704	0.07443	0.03944	0.01953	0.18949	0.04093	0.02727	0.30448	0.03758	0.03749	0.05963	0.01243	0.01139	0.00341	0.01216	0.01199	0.00953	0.01557
133	0.01346	0.00962	0.01294	0.01539	0.01625	0.00909	0.01083	0.01573	0.02082	0.02764	0.05795	0.55124	0.06866	0.03258	0.01365	0.00437	0.00664	0.09460	0.00980	0.00875
134	0.01496	0.01081	0.01413	0.01330	0.01580	0.00998	0.00998	0.01995	0.02993	0.04240	0.55689	0.07898	0.09976	0.02162	0.01247	0.00333	0.00499	0.01912	0.01164	0.00998
135	0.02121	0.05469	0.57364	0.03014	0.04576	0.02455	0.03906	0.03348	0.02232	0.03348	0.01897	0.02232	0.01339	0.01005	0.01005	0.00335	0.01563	0.00781	0.00446	0.01563
136	0.03095	0.06984	0.08513	0.13573	0.04647	0.06478	0.17816	0.06997	0.02698	0.15100	0.02462	0.02791	0.01748	0.01063	0.01080	0.00330	0.01425	0.01006	0.00715	0.01479
137	0.03155	0.01453	0.01916	0.01588	0.02144	0.01275	0.01265	0.03582	0.02947	0.31458	0.24046	0.05915	0.11159	0.01775	0.01152	0.00332	0.00711	0.01506	0.01219	0.01402
138	0.02617	0.02512	0.04292	0.06490	0.56246	0.02512	0.03245	0.03245	0.02407	0.03454	0.01989	0.02617	0.01675	0.00942	0.01047	0.00314	0.01256	0.00942	0.00523	0.01675
139	0.02896	0.02378	0.02225	0.02017	0.02508	0.13480	0.01592	0.10677	0.07241	0.10782	0.09870	0.10756	0.07743	0.01900	0.01164	0.00355	0.01059	0.09086	0.00972	0.01300
140	0.62912	0.02133	0.02065	0.01725	0.02425	0.02405	0.06738	0.03138	0.01875	0.04596	0.01545	0.01841	0.01195	0.00972	0.00719	0.00330	0.00923	0.00646	0.00641	0.01176
141	0.15104	0.08880	0.02748	0.02047	0.02673	0.05976	0.05570	0.06862	0.13171	0.07532	0.03721	0.08052	0.06986	0.01545	0.01019	0.00342	0.01006	0.04581	0.00846	0.01341
142	0.06817	0.02325	0.11891	0.01801	0.02582	0.01652	0.01698	0.06210	0.02676	0.08208	0.18092	0.04457	0.07515	0.01430	0.01019	0.00288	0.00864	0.01181	0.00857	0.18440

[dist]
# distance from previous block
# <min> <max>
0	15

# created by:
# /st0/software/busco_prod/Augustus/scripts/msa2prfl.pl ./align_prep/8718.fa
