[name]
unknown

[dist]
# distance from previous block
# <min> <max>
0	16

[block]
# block no. 0 follows, 12 sequences, length 27
# corresponding to MSA columns:
# 16-42
name=unknown_A
#
# <colnr> <probs for GDERKNQSTAVLIFYWHMCP>
#	G	D	E	R	K	N	Q	S	T	A	V	L	I	F	Y	W	H	M	C	P
0	0.19093	0.07887	0.02563	0.01886	0.02600	0.02273	0.01603	0.11186	0.02853	0.15329	0.03150	0.04401	0.02660	0.01491	0.01008	0.00340	0.00978	0.09841	0.00926	0.07932
1	0.22442	0.10741	0.02872	0.12907	0.03529	0.02608	0.01803	0.06802	0.07222	0.08968	0.02265	0.02505	0.01709	0.01090	0.00884	0.00311	0.01038	0.00805	0.00739	0.08760
2	0.03459	0.02332	0.03386	0.02550	0.03385	0.02263	0.11989	0.17499	0.03499	0.18282	0.10307	0.03730	0.03218	0.01322	0.01134	0.00325	0.01127	0.01186	0.01019	0.07989
3	0.09715	0.03435	0.03736	0.07704	0.04105	0.22399	0.14958	0.04115	0.07507	0.08425	0.02344	0.02654	0.01762	0.01112	0.01066	0.00330	0.01576	0.00958	0.00692	0.01408
4	0.02915	0.62337	0.05714	0.01866	0.02799	0.04314	0.01866	0.03265	0.02215	0.02565	0.01516	0.01749	0.01399	0.00933	0.00700	0.00233	0.01166	0.00583	0.00466	0.01399
5	0.02261	0.01938	0.02261	0.01615	0.02584	0.01453	0.01292	0.02745	0.02261	0.03553	0.01938	0.02261	0.01615	0.00807	0.00807	0.00161	0.00807	0.00646	0.00646	0.68346
6	0.01572	0.01112	0.01465	0.01465	0.01561	0.01207	0.01005	0.01763	0.01667	0.02319	0.03183	0.05737	0.03357	0.35448	0.30952	0.01398	0.01971	0.01381	0.00623	0.00814
7	0.01561	0.01155	0.01687	0.01687	0.01859	0.01327	0.01281	0.01905	0.01733	0.02482	0.02981	0.04617	0.02870	0.14426	0.51309	0.01671	0.02703	0.01217	0.00593	0.00937
8	0.01358	0.01027	0.01255	0.01367	0.01559	0.00924	0.00961	0.01637	0.02399	0.03140	0.16882	0.35765	0.21790	0.02992	0.01341	0.00401	0.00586	0.02644	0.01049	0.00924
9	0.01491	0.01113	0.01386	0.01317	0.01597	0.01007	0.00988	0.01957	0.02964	0.04082	0.45514	0.08622	0.19258	0.02337	0.01287	0.00348	0.00522	0.02039	0.01162	0.01007
10	0.02369	0.02356	0.04306	0.31023	0.22011	0.02547	0.13310	0.03112	0.02359	0.03180	0.02030	0.02849	0.01582	0.01016	0.01129	0.00352	0.01486	0.01037	0.00516	0.01429
11	0.02788	0.29528	0.17267	0.09150	0.04126	0.03242	0.07884	0.03470	0.02356	0.07858	0.02007	0.02331	0.01551	0.01013	0.00927	0.00300	0.01358	0.00807	0.00559	0.01479
12	0.02341	0.17662	0.45362	0.02844	0.04312	0.02910	0.03570	0.03413	0.02284	0.03265	0.01863	0.02185	0.01385	0.01014	0.00965	0.00322	0.01517	0.00758	0.00462	0.01566
13	0.01480	0.01210	0.01321	0.01305	0.01645	0.01110	0.00972	0.02064	0.07398	0.03370	0.18586	0.14301	0.36122	0.02595	0.01281	0.00371	0.00582	0.02210	0.01059	0.01016
14	0.08991	0.09023	0.04336	0.03076	0.03948	0.14472	0.18582	0.11877	0.03073	0.08989	0.02245	0.02541	0.01672	0.01079	0.01063	0.00324	0.01521	0.00966	0.00725	0.01498
15	0.09443	0.20867	0.11725	0.13195	0.03991	0.02969	0.02330	0.08005	0.02606	0.12003	0.02221	0.02460	0.01640	0.01090	0.00925	0.00311	0.01223	0.00813	0.00691	0.01491
16	0.03025	0.02572	0.03236	0.08099	0.03719	0.02946	0.06609	0.18330	0.24272	0.04780	0.03160	0.03261	0.02373	0.01381	0.01359	0.00367	0.06834	0.01111	0.00930	0.01638
17	0.01502	0.01084	0.01457	0.01512	0.01705	0.01039	0.01125	0.01907	0.02612	0.03625	0.30589	0.23791	0.08289	0.03210	0.06571	0.00519	0.00821	0.06596	0.01068	0.00979
18	0.03292	0.19294	0.09190	0.07397	0.03920	0.18034	0.06974	0.12795	0.03053	0.03614	0.01917	0.02239	0.01516	0.01079	0.00973	0.00299	0.01520	0.00813	0.00622	0.01462
19	0.08513	0.09240	0.19279	0.03424	0.15407	0.02735	0.02785	0.09329	0.06537	0.09054	0.02391	0.02603	0.01776	0.01105	0.01001	0.00328	0.01260	0.00885	0.00706	0.01642
20	0.01810	0.01126	0.01435	0.01419	0.01683	0.01029	0.01040	0.02194	0.02669	0.08616	0.26976	0.23698	0.12182	0.02483	0.01261	0.00368	0.00593	0.02190	0.06175	0.01053
21	0.02706	0.02818	0.08959	0.13522	0.13673	0.02546	0.26926	0.03527	0.02527	0.08459	0.02322	0.02922	0.01714	0.01007	0.01183	0.00355	0.01581	0.01128	0.00609	0.01518
22	0.07630	0.02831	0.08957	0.08503	0.04366	0.02609	0.16841	0.12108	0.08859	0.12119	0.02758	0.02991	0.01965	0.01151	0.01119	0.00352	0.01351	0.01075	0.00823	0.01593
23	0.02356	0.02173	0.03628	0.27507	0.19135	0.02374	0.07332	0.06538	0.02578	0.03481	0.05856	0.07139	0.02566	0.01293	0.01140	0.00354	0.01309	0.01214	0.00636	0.01391
24	0.02032	0.01272	0.01636	0.01602	0.01786	0.01351	0.01192	0.02310	0.02060	0.07975	0.03959	0.14733	0.04038	0.18082	0.09077	0.00721	0.06682	0.06628	0.11866	0.00997
25	0.09053	0.06588	0.06557	0.07754	0.03443	0.02622	0.02062	0.12954	0.08859	0.19163	0.02927	0.02957	0.02072	0.01306	0.01262	0.00348	0.06560	0.00969	0.00931	0.01612
26	0.02448	0.02638	0.08959	0.32515	0.14999	0.02595	0.08682	0.07748	0.02578	0.03468	0.02057	0.02787	0.01557	0.01065	0.01106	0.00352	0.01461	0.00992	0.00559	0.01434

[dist]
# distance from previous block
# <min> <max>
3	10

[block]
# block no. 1 follows, 12 sequences, length 65
# corresponding to MSA columns:
# 53-117
name=unknown_B
#
# <colnr> <probs for GDERKNQSTAVLIFYWHMCP>
#	G	D	E	R	K	N	Q	S	T	A	V	L	I	F	Y	W	H	M	C	P
0	0.02717	0.02198	0.03471	0.34843	0.18003	0.02473	0.02860	0.08021	0.02645	0.08904	0.02280	0.02912	0.01690	0.01111	0.01088	0.00348	0.01335	0.00984	0.00649	0.01467
1	0.02898	0.02407	0.03925	0.10244	0.30937	0.02440	0.06912	0.08398	0.02852	0.09093	0.06766	0.03294	0.02530	0.01158	0.01119	0.00335	0.01245	0.01097	0.00730	0.01622
2	0.03175	0.02678	0.07679	0.17013	0.10487	0.07527	0.02421	0.04031	0.07635	0.17159	0.02804	0.03015	0.02005	0.01160	0.01055	0.00327	0.01249	0.00964	0.00801	0.06815
3	0.01506	0.01144	0.01454	0.01555	0.01746	0.01146	0.01114	0.02027	0.06649	0.03075	0.10773	0.34894	0.12123	0.03862	0.10911	0.00641	0.01022	0.02396	0.00966	0.00993
4	0.09636	0.02207	0.06706	0.02113	0.02818	0.01966	0.05248	0.08589	0.08052	0.19229	0.03755	0.12808	0.03108	0.01605	0.01085	0.00353	0.00975	0.01366	0.06889	0.01494
5	0.02753	0.02877	0.13057	0.08221	0.04051	0.02356	0.11728	0.11414	0.07266	0.09300	0.07920	0.04058	0.07261	0.01388	0.01155	0.00351	0.01251	0.01243	0.00842	0.01508
6	0.02880	0.03924	0.25130	0.02786	0.03855	0.07239	0.06920	0.10518	0.06013	0.09085	0.02861	0.08755	0.02337	0.01380	0.01109	0.00350	0.01386	0.01159	0.00754	0.01559
7	0.01796	0.01306	0.01841	0.01711	0.02081	0.01178	0.05428	0.02171	0.02522	0.07624	0.13119	0.21862	0.23196	0.02608	0.01321	0.00395	0.00759	0.07000	0.01023	0.01061
8	0.02536	0.09786	0.28089	0.09126	0.08872	0.02807	0.06972	0.07766	0.06928	0.03706	0.02211	0.02575	0.01651	0.01079	0.01043	0.00337	0.01442	0.00905	0.00589	0.01579
9	0.03043	0.08461	0.22713	0.08480	0.04413	0.02816	0.07915	0.15931	0.03122	0.09282	0.02345	0.02604	0.01669	0.01122	0.01061	0.00335	0.01411	0.00928	0.00723	0.01627
10	0.10646	0.30917	0.26635	0.02342	0.03533	0.03330	0.02703	0.03338	0.02209	0.03225	0.01704	0.01987	0.01365	0.00986	0.00840	0.00294	0.01317	0.00679	0.00489	0.01463
11	0.02130	0.01115	0.01213	0.01173	0.01494	0.01048	0.00884	0.02558	0.02394	0.09133	0.05255	0.10196	0.12868	0.01746	0.00951	0.00301	0.00571	0.01448	0.42449	0.01075
12	0.06861	0.14971	0.23738	0.03081	0.07917	0.06227	0.06415	0.07136	0.02506	0.03540	0.01864	0.02257	0.01462	0.01104	0.01196	0.00330	0.06524	0.00820	0.00545	0.01506
13	0.10963	0.02955	0.03098	0.02396	0.03248	0.03284	0.01979	0.46223	0.04785	0.06665	0.02503	0.02529	0.01784	0.01278	0.01047	0.00328	0.01163	0.00941	0.01047	0.01784
14	0.02086	0.01190	0.01528	0.01506	0.01816	0.01063	0.01103	0.02394	0.02540	0.13883	0.14807	0.31314	0.15167	0.02675	0.01295	0.00391	0.00659	0.02356	0.01113	0.01114
15	0.02537	0.02766	0.15597	0.08502	0.08708	0.02029	0.06581	0.06085	0.02518	0.10583	0.03256	0.14373	0.02998	0.06683	0.01530	0.00424	0.01229	0.01438	0.00764	0.01399
16	0.01781	0.01021	0.01532	0.01532	0.01598	0.01087	0.01087	0.01598	0.01532	0.02108	0.02239	0.03640	0.02174	0.05264	0.22114	0.45910	0.01611	0.01021	0.00511	0.00642
17	0.02259	0.03077	0.15394	0.03595	0.04608	0.02323	0.29511	0.03129	0.02501	0.03402	0.03467	0.04889	0.06901	0.01421	0.01269	0.00384	0.01553	0.08296	0.00642	0.01381
18	0.01378	0.00987	0.01310	0.01484	0.01592	0.00919	0.01016	0.01643	0.02319	0.03151	0.17180	0.48750	0.07923	0.03141	0.01367	0.00420	0.00605	0.02839	0.01056	0.00919
19	0.03306	0.31248	0.09141	0.02464	0.03381	0.14826	0.06376	0.07451	0.02732	0.06963	0.01940	0.02158	0.01552	0.01040	0.00899	0.00280	0.01415	0.00757	0.00607	0.01465
20	0.02145	0.05213	0.50751	0.03001	0.04480	0.02408	0.03808	0.03337	0.02322	0.03435	0.02328	0.03275	0.01857	0.01228	0.01082	0.00361	0.01552	0.05352	0.00513	0.01552
21	0.01353	0.01010	0.01266	0.01458	0.01609	0.00923	0.01028	0.01588	0.02216	0.02860	0.07194	0.45037	0.18420	0.03227	0.01376	0.00430	0.00643	0.06444	0.01012	0.00903
22	0.02729	0.47852	0.18569	0.02183	0.03289	0.03859	0.02418	0.03313	0.02238	0.02792	0.01628	0.01890	0.01395	0.00959	0.00786	0.00262	0.01280	0.00640	0.00465	0.01453
23	0.02248	0.02447	0.08482	0.38745	0.13905	0.02494	0.03016	0.03300	0.08375	0.03184	0.02259	0.02957	0.01715	0.01114	0.01086	0.00356	0.01373	0.00985	0.00566	0.01391
24	0.04714	0.02142	0.02708	0.02076	0.02926	0.02028	0.01715	0.16288	0.03600	0.43984	0.03899	0.03450	0.02497	0.01340	0.01095	0.00335	0.00993	0.01069	0.01288	0.01855
25	0.02009	0.01653	0.01836	0.01719	0.02142	0.01757	0.01307	0.03614	0.25355	0.04086	0.20555	0.10868	0.14544	0.02077	0.01215	0.00367	0.00687	0.01784	0.01112	0.01313
26	0.03365	0.34703	0.08939	0.02032	0.02967	0.03256	0.01970	0.04101	0.07767	0.17221	0.02614	0.02571	0.01951	0.01112	0.00880	0.00286	0.01109	0.00810	0.00772	0.01576
27	0.02973	0.01728	0.02282	0.08816	0.03069	0.01763	0.01723	0.03999	0.12944	0.20787	0.13263	0.05949	0.04648	0.01786	0.01202	0.00376	0.00917	0.09205	0.01111	0.01458
28	0.04892	0.01856	0.02530	0.01940	0.02783	0.01603	0.01603	0.05314	0.03121	0.55634	0.04302	0.03711	0.02699	0.01350	0.01096	0.00337	0.00928	0.01096	0.01350	0.01856
29	0.02819	0.04805	0.39002	0.02914	0.04287	0.02806	0.03397	0.18879	0.03214	0.04557	0.02170	0.02404	0.01534	0.01124	0.01054	0.00339	0.01479	0.00863	0.00664	0.01690
30	0.02566	0.02719	0.10318	0.23211	0.14780	0.02489	0.11769	0.03560	0.06819	0.07450	0.02414	0.02966	0.01793	0.01085	0.01120	0.00353	0.01421	0.01041	0.00627	0.01498
31	0.03333	0.25811	0.09619	0.02652	0.03500	0.27823	0.06466	0.03793	0.02648	0.02781	0.01696	0.02006	0.01422	0.01028	0.00912	0.00278	0.01629	0.00720	0.00516	0.01366
32	0.02196	0.01741	0.02035	0.01653	0.02295	0.01503	0.01270	0.07221	0.02433	0.03535	0.02992	0.10064	0.02996	0.11711	0.01763	0.00388	0.00887	0.04827	0.00760	0.37731
33	0.03927	0.07581	0.03548	0.02531	0.03357	0.06934	0.11255	0.04434	0.02880	0.31713	0.03549	0.03977	0.02577	0.01353	0.01124	0.00343	0.01223	0.05057	0.01019	0.01616
34	0.02059	0.01938	0.03270	0.59060	0.07510	0.02422	0.03028	0.02786	0.02180	0.02786	0.01938	0.02907	0.01453	0.01090	0.01090	0.00363	0.01453	0.00969	0.00484	0.01211
35	0.01580	0.01080	0.01304	0.01304	0.01344	0.01120	0.00804	0.01659	0.01620	0.02199	0.03330	0.06553	0.03711	0.50749	0.16136	0.01199	0.01438	0.01500	0.00645	0.00725
36	0.15211	0.03096	0.03224	0.17884	0.18135	0.18463	0.02506	0.03472	0.02467	0.03350	0.01818	0.02367	0.01463	0.01053	0.00980	0.00324	0.01448	0.00822	0.00557	0.01361
37	0.01384	0.00992	0.01315	0.01480	0.01594	0.00923	0.01016	0.01658	0.02346	0.03195	0.18514	0.47291	0.08008	0.03109	0.01364	0.00417	0.00602	0.02808	0.01061	0.00923
38	0.03224	0.18813	0.03603	0.02216	0.03000	0.03360	0.01874	0.19621	0.23927	0.04759	0.03066	0.02977	0.02335	0.01277	0.00993	0.00319	0.01053	0.00977	0.00929	0.01678
39	0.02985	0.02169	0.03808	0.13749	0.04546	0.02076	0.17561	0.03639	0.02602	0.17459	0.03036	0.03971	0.02343	0.01259	0.01161	0.00347	0.01312	0.05596	0.00810	0.09570
40	0.03364	0.03808	0.24691	0.08244	0.04152	0.07018	0.02825	0.08107	0.02858	0.20228	0.02734	0.02809	0.01850	0.01172	0.01061	0.00338	0.01374	0.00921	0.00808	0.01640
41	0.02187	0.05640	0.56031	0.03108	0.04719	0.02532	0.04029	0.03453	0.02302	0.03453	0.01957	0.02302	0.01381	0.01036	0.01036	0.00345	0.01611	0.00806	0.00460	0.01611
42	0.01314	0.01006	0.01207	0.01368	0.01542	0.00898	0.00945	0.01535	0.02232	0.02842	0.07842	0.42604	0.24394	0.03178	0.01354	0.00416	0.00603	0.02809	0.01012	0.00898
43	0.03588	0.09305	0.13540	0.02486	0.03483	0.03101	0.02358	0.29444	0.08169	0.09791	0.02680	0.02687	0.01916	0.01237	0.01043	0.00326	0.01224	0.00939	0.00931	0.01751
44	0.08428	0.12395	0.14565	0.07605	0.04030	0.03136	0.06712	0.21950	0.03366	0.04708	0.02132	0.02408	0.01582	0.01119	0.01004	0.00324	0.01328	0.00880	0.00734	0.01592
45	0.02059	0.01938	0.03270	0.59060	0.07510	0.02422	0.03028	0.02786	0.02180	0.02786	0.01938	0.02907	0.01453	0.01090	0.01090	0.00363	0.01453	0.00969	0.00484	0.01211
46	0.02271	0.02069	0.03491	0.34250	0.23866	0.02329	0.02925	0.02844	0.02209	0.02971	0.01974	0.02875	0.01598	0.01330	0.01418	0.07447	0.01344	0.00968	0.00503	0.01319
47	0.02650	0.02191	0.03494	0.36015	0.18574	0.02476	0.02899	0.07373	0.02595	0.07986	0.02233	0.02900	0.01666	0.01102	0.01088	0.00348	0.01346	0.00982	0.00627	0.01453
48	0.01894	0.00947	0.01420	0.01420	0.01420	0.00947	0.00947	0.01420	0.01420	0.01894	0.01894	0.03314	0.01894	0.03788	0.04261	0.68277	0.00947	0.00947	0.00473	0.00473
49	0.02881	0.01934	0.02206	0.01900	0.02467	0.02013	0.01492	0.13503	0.16240	0.13105	0.12609	0.10648	0.10546	0.01881	0.01180	0.00359	0.00829	0.01583	0.01138	0.01488
50	0.03422	0.08100	0.07340	0.02041	0.02808	0.02141	0.01820	0.10897	0.06182	0.23412	0.04362	0.08976	0.07062	0.01681	0.01121	0.00351	0.00999	0.04663	0.01055	0.01569
51	0.03435	0.02792	0.03574	0.14324	0.04456	0.09235	0.10342	0.15397	0.08156	0.13073	0.02762	0.02980	0.01972	0.01200	0.01113	0.00342	0.01372	0.01040	0.00859	0.01575
52	0.03045	0.02622	0.08246	0.02652	0.07560	0.02485	0.02086	0.05250	0.34339	0.13472	0.03946	0.03700	0.02873	0.01366	0.01097	0.00357	0.00990	0.01141	0.01035	0.01737
53	0.08718	0.02066	0.03306	0.44502	0.15082	0.02454	0.02903	0.02922	0.02200	0.03123	0.01916	0.02761	0.01474	0.01062	0.01048	0.00354	0.01367	0.00933	0.00512	0.01296
54	0.02516	0.03109	0.18630	0.32989	0.05938	0.02468	0.03117	0.07372	0.02550	0.07812	0.02202	0.02773	0.01572	0.01115	0.01075	0.00353	0.01433	0.00933	0.00603	0.01438
55	0.02730	0.02537	0.04757	0.14409	0.05267	0.02570	0.28369	0.03932	0.11157	0.08744	0.02745	0.03204	0.02006	0.01091	0.01200	0.00364	0.01507	0.01197	0.00714	0.01503
56	0.01916	0.01250	0.01551	0.01501	0.01817	0.01193	0.01142	0.02552	0.06693	0.08248	0.27092	0.15596	0.12041	0.02307	0.01247	0.00367	0.00634	0.05297	0.06438	0.01119
57	0.03180	0.12884	0.11187	0.13508	0.04436	0.07762	0.07207	0.14841	0.03099	0.08422	0.02240	0.02557	0.01652	0.01118	0.01030	0.00322	0.01406	0.00905	0.00709	0.01535
58	0.22660	0.03051	0.13450	0.02281	0.03134	0.06980	0.06254	0.06880	0.02667	0.08643	0.10794	0.03287	0.02978	0.01272	0.00996	0.00337	0.01162	0.01006	0.00786	0.01382
59	0.02107	0.01236	0.01602	0.01588	0.01925	0.01123	0.01236	0.02476	0.02619	0.13029	0.15465	0.21838	0.15468	0.02614	0.01321	0.00403	0.00723	0.10998	0.01108	0.01122
60	0.02489	0.02523	0.07537	0.08527	0.19129	0.06419	0.02517	0.06511	0.02673	0.03614	0.03230	0.05460	0.03039	0.01629	0.01164	0.00371	0.01233	0.14160	0.06397	0.01380
61	0.08980	0.26001	0.08152	0.11527	0.03772	0.03260	0.02179	0.11922	0.02792	0.08938	0.02094	0.02337	0.01598	0.01082	0.00898	0.00300	0.01203	0.00787	0.00686	0.01492
62	0.13246	0.02413	0.02565	0.07396	0.07491	0.07620	0.01845	0.07879	0.13875	0.13056	0.03827	0.03791	0.07630	0.01394	0.01042	0.00343	0.01061	0.01106	0.00917	0.01502
63	0.02463	0.01367	0.01735	0.01651	0.02031	0.01281	0.01230	0.03042	0.07571	0.17675	0.10121	0.29959	0.10446	0.02485	0.01263	0.00390	0.00719	0.02185	0.01131	0.01253
64	0.02985	0.02964	0.12072	0.25228	0.10132	0.07028	0.02818	0.07091	0.02695	0.12941	0.02413	0.02832	0.01721	0.01136	0.01072	0.00342	0.01393	0.00944	0.00695	0.01498

[dist]
# distance from previous block
# <min> <max>
6	18

[block]
# block no. 2 follows, 12 sequences, length 6
# corresponding to MSA columns:
# 136-141
name=unknown_C
#
# <colnr> <probs for GDERKNQSTAVLIFYWHMCP>
#	G	D	E	R	K	N	Q	S	T	A	V	L	I	F	Y	W	H	M	C	P
0	0.18516	0.02445	0.02434	0.13763	0.03614	0.09892	0.01745	0.03094	0.02266	0.03586	0.01802	0.02237	0.01447	0.00961	0.00860	0.00263	0.01117	0.00708	0.00607	0.28643
1	0.12833	0.12356	0.03179	0.10223	0.03463	0.02641	0.04658	0.07628	0.11235	0.07069	0.02844	0.08294	0.02412	0.01349	0.00988	0.00329	0.01060	0.01104	0.00787	0.05548
2	0.09365	0.06456	0.02402	0.01879	0.02446	0.06797	0.01498	0.07099	0.14902	0.10177	0.19779	0.04683	0.04906	0.01581	0.01081	0.00334	0.00893	0.01286	0.01030	0.01407
3	0.03121	0.19273	0.03713	0.02570	0.10262	0.02686	0.01890	0.09333	0.02757	0.11196	0.02259	0.02432	0.01756	0.01007	0.00893	0.00251	0.01045	0.00781	0.00736	0.22039
4	0.04230	0.09166	0.03142	0.02151	0.02996	0.02617	0.01805	0.21011	0.07818	0.28537	0.03415	0.03140	0.02311	0.01299	0.01051	0.00325	0.01044	0.01010	0.01140	0.01793
5	0.22654	0.02265	0.02238	0.01854	0.02541	0.07410	0.01495	0.08556	0.02944	0.23935	0.10250	0.03516	0.03145	0.01353	0.00992	0.00332	0.00973	0.01028	0.01033	0.01486

[dist]
# distance from previous block
# <min> <max>
3	5

[block]
# block no. 3 follows, 12 sequences, length 9
# corresponding to MSA columns:
# 147-155
name=unknown_D
#
# <colnr> <probs for GDERKNQSTAVLIFYWHMCP>
#	G	D	E	R	K	N	Q	S	T	A	V	L	I	F	Y	W	H	M	C	P
0	0.02722	0.02112	0.02643	0.19994	0.04116	0.08644	0.04316	0.03226	0.02648	0.13990	0.10135	0.08234	0.09395	0.01625	0.01154	0.00351	0.01153	0.01394	0.00860	0.01287
1	0.07183	0.01995	0.02907	0.26283	0.04784	0.02284	0.05173	0.03480	0.10193	0.09242	0.05844	0.03834	0.05800	0.01382	0.01252	0.00366	0.04730	0.01155	0.00767	0.01347
2	0.03825	0.12465	0.09618	0.02200	0.03065	0.09184	0.02005	0.08532	0.02981	0.26053	0.03212	0.06933	0.02410	0.01358	0.01032	0.00321	0.01182	0.01060	0.00955	0.01611
3	0.13174	0.02978	0.17597	0.02309	0.03239	0.02118	0.05376	0.03879	0.08839	0.15028	0.11095	0.03716	0.03316	0.01337	0.01058	0.00347	0.01093	0.01105	0.00887	0.01508
4	0.03245	0.13625	0.11730	0.02499	0.03262	0.33301	0.02218	0.03694	0.02753	0.02813	0.02866	0.03046	0.07991	0.01284	0.00986	0.00295	0.01610	0.00899	0.00587	0.01298
5	0.03353	0.38323	0.09385	0.02093	0.03063	0.03583	0.02054	0.11285	0.02830	0.11570	0.02165	0.02243	0.01672	0.01067	0.00854	0.00275	0.01175	0.00747	0.00703	0.01562
6	0.26876	0.12442	0.03080	0.13305	0.09511	0.02741	0.01981	0.06135	0.02255	0.03846	0.01859	0.02377	0.01518	0.01677	0.05966	0.00450	0.01280	0.00784	0.00605	0.01313
7	0.01645	0.01247	0.01764	0.10687	0.02539	0.01380	0.01346	0.01979	0.01973	0.02720	0.10906	0.05602	0.04104	0.23757	0.22567	0.01082	0.01698	0.01399	0.00689	0.00917
8	0.12155	0.01420	0.01540	0.01599	0.01927	0.01473	0.01210	0.02566	0.10321	0.03486	0.06000	0.26913	0.14620	0.02557	0.01230	0.00408	0.00733	0.07781	0.00974	0.01087

[dist]
# distance from previous block
# <min> <max>
0	1

[block]
# block no. 4 follows, 12 sequences, length 99
# corresponding to MSA columns:
# 157-255
name=unknown_E
#
# <colnr> <probs for GDERKNQSTAVLIFYWHMCP>
#	G	D	E	R	K	N	Q	S	T	A	V	L	I	F	Y	W	H	M	C	P
0	0.03584	0.03193	0.07173	0.06407	0.03800	0.10804	0.06856	0.19570	0.06964	0.12132	0.02635	0.02794	0.01904	0.01274	0.01281	0.00344	0.05813	0.00989	0.00870	0.01613
1	0.21723	0.09344	0.03040	0.05889	0.03202	0.03040	0.01836	0.26162	0.03563	0.09071	0.02268	0.02386	0.01653	0.01174	0.00933	0.00323	0.01096	0.00837	0.00885	0.01576
2	0.02193	0.04466	0.38258	0.03180	0.04474	0.02390	0.13696	0.03220	0.02268	0.03289	0.02201	0.03064	0.01774	0.08847	0.01673	0.00442	0.01589	0.01010	0.00506	0.01458
3	0.19676	0.09800	0.02725	0.08320	0.03081	0.02507	0.01709	0.07114	0.09518	0.11749	0.02675	0.02933	0.02040	0.02178	0.09023	0.00534	0.01294	0.00910	0.00806	0.01409
4	0.02954	0.33359	0.12752	0.02695	0.03756	0.03385	0.13699	0.03577	0.02415	0.08917	0.02057	0.02331	0.01604	0.00992	0.00931	0.00293	0.01361	0.00839	0.00586	0.01498
5	0.02731	0.02742	0.03552	0.22233	0.12030	0.10419	0.06084	0.06837	0.08260	0.03394	0.02202	0.02791	0.01737	0.01231	0.01411	0.00359	0.08971	0.00983	0.00620	0.01410
6	0.02574	0.02941	0.06434	0.04596	0.05699	0.02757	0.50919	0.03493	0.02574	0.03493	0.02206	0.02941	0.01654	0.00919	0.01287	0.00368	0.01838	0.01287	0.00551	0.01471
7	0.02558	0.10042	0.13316	0.04078	0.05233	0.02902	0.38784	0.03461	0.02495	0.03382	0.02093	0.02717	0.01587	0.00937	0.01185	0.00349	0.01730	0.01140	0.00529	0.01482
8	0.02266	0.01479	0.02231	0.02061	0.02447	0.01409	0.06921	0.02831	0.06035	0.12502	0.05128	0.33252	0.05366	0.02568	0.01323	0.00419	0.00890	0.08642	0.01026	0.01202
9	0.01747	0.01093	0.01473	0.01622	0.01801	0.01019	0.01181	0.02028	0.02319	0.07992	0.09181	0.44533	0.06857	0.03076	0.01373	0.00435	0.00708	0.09501	0.01056	0.01006
10	0.01507	0.01095	0.01405	0.01549	0.01729	0.01038	0.01170	0.01822	0.02341	0.03078	0.12596	0.26531	0.13595	0.09645	0.01868	0.00506	0.00764	0.15849	0.00994	0.00919
11	0.02616	0.02098	0.03403	0.30722	0.12734	0.02313	0.06291	0.07136	0.02598	0.09273	0.02686	0.08468	0.02230	0.01329	0.01133	0.00360	0.01301	0.01212	0.00696	0.01401
12	0.02540	0.11006	0.04224	0.31627	0.09235	0.08969	0.11161	0.03192	0.02377	0.02917	0.01905	0.02630	0.01494	0.01034	0.01057	0.00334	0.01528	0.00940	0.00506	0.01324
13	0.02574	0.02941	0.06434	0.04596	0.05699	0.02757	0.50919	0.03493	0.02574	0.03493	0.02206	0.02941	0.01654	0.00919	0.01287	0.00368	0.01838	0.01287	0.00551	0.01471
14	0.02915	0.62337	0.05714	0.01866	0.02799	0.04314	0.01866	0.03265	0.02215	0.02565	0.01516	0.01749	0.01399	0.00933	0.00700	0.00233	0.01166	0.00583	0.00466	0.01399
15	0.02597	0.08640	0.24943	0.10847	0.04619	0.07730	0.09892	0.03460	0.02503	0.06780	0.05844	0.02917	0.02162	0.01134	0.01070	0.00335	0.01495	0.00973	0.00600	0.01460
16	0.02770	0.42747	0.09915	0.02657	0.03687	0.03777	0.14477	0.03338	0.02313	0.02871	0.01726	0.02096	0.01463	0.00938	0.00875	0.00276	0.01372	0.00779	0.00488	0.01434
17	0.01328	0.00949	0.01265	0.01518	0.01581	0.00886	0.01012	0.01518	0.02088	0.02783	0.06010	0.60969	0.07212	0.03416	0.01392	0.00443	0.00633	0.03100	0.01012	0.00886
18	0.02626	0.39814	0.25702	0.02359	0.03561	0.03606	0.02725	0.03340	0.02250	0.02918	0.01691	0.01969	0.01392	0.00974	0.00833	0.00278	0.01343	0.00671	0.00464	0.01484
19	0.02921	0.42155	0.04932	0.02125	0.02936	0.03583	0.05728	0.03328	0.02361	0.07842	0.06242	0.02614	0.02289	0.01154	0.01053	0.00282	0.05602	0.00832	0.00619	0.01402
20	0.01306	0.01035	0.01177	0.01290	0.01521	0.00905	0.00911	0.01544	0.02307	0.02873	0.08790	0.33103	0.33283	0.03055	0.01335	0.00402	0.00588	0.02659	0.01012	0.00905
21	0.20457	0.03544	0.17828	0.02401	0.03432	0.02898	0.02398	0.25246	0.03478	0.05389	0.02146	0.02309	0.01546	0.01155	0.00968	0.00335	0.01225	0.00831	0.00804	0.01611
22	0.08794	0.08075	0.04048	0.03326	0.10710	0.02657	0.13010	0.03750	0.02442	0.17340	0.02476	0.02797	0.01838	0.01238	0.01534	0.00359	0.12326	0.01003	0.00752	0.01526
23	0.12624	0.02450	0.02961	0.02435	0.02884	0.02976	0.02020	0.16121	0.02831	0.11697	0.02174	0.02552	0.01692	0.01542	0.02147	0.00397	0.27308	0.00931	0.00795	0.01464
24	0.01446	0.01111	0.01323	0.01270	0.01569	0.00988	0.00952	0.01870	0.02857	0.03829	0.37816	0.09040	0.27115	0.02432	0.01287	0.00353	0.00529	0.02097	0.01129	0.00988
25	0.02269	0.10617	0.07167	0.08482	0.03254	0.02277	0.05092	0.09337	0.06012	0.03700	0.09014	0.09407	0.15456	0.01779	0.01132	0.00345	0.01023	0.01506	0.00834	0.01299
26	0.02467	0.02493	0.03246	0.40547	0.10183	0.10174	0.02777	0.03391	0.08073	0.03032	0.02194	0.02890	0.01681	0.01129	0.01076	0.00349	0.01446	0.00962	0.00570	0.01318
27	0.01330	0.01083	0.01178	0.01203	0.01511	0.00931	0.00884	0.01627	0.02511	0.03122	0.16380	0.17576	0.41303	0.02783	0.01303	0.00376	0.00559	0.02372	0.01039	0.00931
28	0.60022	0.02141	0.01724	0.01544	0.02211	0.02483	0.01257	0.03569	0.09024	0.04846	0.01928	0.02094	0.01482	0.01078	0.00736	0.00342	0.00846	0.00681	0.00736	0.01257
29	0.08233	0.03521	0.17309	0.11214	0.04750	0.08638	0.15665	0.03711	0.02526	0.10721	0.02284	0.02678	0.01636	0.01064	0.01085	0.00345	0.01532	0.00970	0.00642	0.01477
30	0.01649	0.01341	0.02150	0.01973	0.02286	0.01261	0.08293	0.02111	0.02597	0.03558	0.23837	0.25664	0.07454	0.02548	0.01352	0.00402	0.00813	0.08649	0.01017	0.01041
31	0.60328	0.02073	0.01733	0.01505	0.02203	0.02328	0.01240	0.03501	0.02033	0.12017	0.01909	0.02044	0.01394	0.01060	0.00734	0.00337	0.00855	0.00661	0.00770	0.01276
32	0.02074	0.01888	0.03114	0.26370	0.21543	0.02066	0.02593	0.02631	0.02255	0.03041	0.03066	0.18398	0.03087	0.01674	0.01167	0.00372	0.01181	0.01541	0.00644	0.01294
33	0.02706	0.03421	0.22913	0.02440	0.03435	0.02327	0.02525	0.04474	0.21781	0.11289	0.08210	0.03729	0.03155	0.01362	0.01096	0.00353	0.01126	0.01120	0.00903	0.01634
34	0.01408	0.01143	0.01271	0.01335	0.01673	0.01006	0.01065	0.01742	0.02492	0.03026	0.09702	0.10954	0.42160	0.02825	0.01344	0.00402	0.00667	0.13832	0.01010	0.00942
35	0.54699	0.10587	0.02319	0.01609	0.02266	0.02780	0.01373	0.03167	0.01891	0.04384	0.01511	0.01817	0.01232	0.01073	0.00910	0.00334	0.05589	0.00618	0.00630	0.01212
36	0.07937	0.04549	0.31058	0.03084	0.04294	0.10447	0.10799	0.03792	0.07236	0.03567	0.02158	0.02481	0.01597	0.01070	0.01047	0.00341	0.01566	0.00891	0.00568	0.01515
37	0.02215	0.05183	0.48633	0.03073	0.04458	0.02646	0.03798	0.03337	0.02213	0.03337	0.01883	0.02314	0.01388	0.01158	0.01393	0.00364	0.09765	0.00827	0.00463	0.01553
38	0.01328	0.00949	0.01265	0.01518	0.01581	0.00886	0.01012	0.01518	0.02088	0.02783	0.06010	0.60969	0.07212	0.03416	0.01392	0.00443	0.00633	0.03100	0.01012	0.00886
39	0.02956	0.07265	0.17020	0.02558	0.03416	0.02346	0.06987	0.03623	0.02554	0.17630	0.09855	0.03541	0.03027	0.01410	0.01494	0.00358	0.10541	0.01102	0.00819	0.01501
40	0.03085	0.02985	0.14217	0.02606	0.03521	0.02382	0.07778	0.13883	0.10161	0.13199	0.07172	0.04205	0.03092	0.01450	0.01155	0.00359	0.01197	0.05001	0.00945	0.01608
41	0.02604	0.11228	0.06038	0.04047	0.05022	0.03031	0.39416	0.03378	0.02437	0.03280	0.02035	0.02721	0.01597	0.01015	0.01422	0.00359	0.07245	0.01156	0.00532	0.01434
42	0.36809	0.15460	0.06630	0.01868	0.02705	0.03048	0.01713	0.13280	0.02648	0.04707	0.01778	0.01981	0.01382	0.01059	0.00792	0.00313	0.01041	0.00686	0.00702	0.01399
43	0.02161	0.02086	0.03670	0.30314	0.15509	0.02265	0.10391	0.02849	0.02411	0.03214	0.07656	0.03930	0.06295	0.01271	0.01153	0.00355	0.01328	0.01214	0.00613	0.01315
44	0.01556	0.01111	0.01526	0.01778	0.01941	0.01082	0.01408	0.01911	0.02312	0.03038	0.05884	0.35135	0.06714	0.03202	0.01452	0.00474	0.00830	0.26689	0.01008	0.00948
45	0.01326	0.00959	0.01254	0.01491	0.01574	0.00888	0.01000	0.01521	0.02114	0.02794	0.06347	0.57589	0.10374	0.03372	0.01385	0.00438	0.00627	0.03046	0.01012	0.00888
46	0.02796	0.35948	0.17260	0.02286	0.03312	0.07573	0.02388	0.03746	0.09419	0.03068	0.02046	0.02225	0.01666	0.01049	0.00860	0.00283	0.01291	0.00737	0.00562	0.01487
47	0.02422	0.19375	0.36542	0.03007	0.04379	0.03007	0.10074	0.03412	0.02319	0.03238	0.01882	0.02254	0.01424	0.00994	0.00987	0.00321	0.01532	0.00818	0.00475	0.01539
48	0.01350	0.00958	0.01259	0.01491	0.01549	0.00900	0.00983	0.01524	0.02046	0.02727	0.05794	0.56469	0.06940	0.08286	0.01739	0.00494	0.00668	0.02973	0.00983	0.00867
49	0.02678	0.43863	0.22108	0.02270	0.03424	0.03734	0.02570	0.03326	0.02244	0.02855	0.01660	0.01929	0.01393	0.00966	0.00809	0.00270	0.01311	0.00656	0.00464	0.01468
50	0.11770	0.04133	0.30317	0.03236	0.04498	0.02598	0.16914	0.03598	0.05950	0.03746	0.02145	0.02538	0.01571	0.01031	0.01062	0.00352	0.01515	0.00944	0.00563	0.01519
51	0.02589	0.36940	0.28253	0.02422	0.03659	0.03516	0.02835	0.03349	0.02254	0.02963	0.01713	0.01997	0.01391	0.00979	0.00850	0.00283	0.01366	0.00683	0.00464	0.01494
52	0.01642	0.01252	0.01534	0.01503	0.01799	0.01214	0.01147	0.02385	0.08502	0.03955	0.33935	0.12824	0.15060	0.02393	0.01296	0.00373	0.00616	0.06362	0.01129	0.01078
53	0.02606	0.38262	0.27080	0.02393	0.03614	0.03558	0.02784	0.03345	0.02252	0.02942	0.01703	0.01984	0.01392	0.00977	0.00842	0.00281	0.01355	0.00678	0.00464	0.01489
54	0.45118	0.02194	0.01917	0.01720	0.02373	0.02543	0.01379	0.04147	0.20437	0.04772	0.02581	0.02607	0.01962	0.01182	0.00833	0.00349	0.00851	0.00824	0.00833	0.01379
55	0.02429	0.02045	0.02221	0.02014	0.02543	0.02304	0.01557	0.04888	0.40833	0.04515	0.16525	0.05056	0.05015	0.01661	0.01152	0.00363	0.00778	0.01412	0.01131	0.01557
56	0.12409	0.03062	0.03523	0.09232	0.03923	0.13964	0.09965	0.10983	0.02739	0.03788	0.01866	0.02399	0.01497	0.01276	0.01598	0.00363	0.14510	0.00911	0.00633	0.01358
57	0.03820	0.02529	0.02892	0.02325	0.03056	0.02776	0.01895	0.24642	0.16544	0.17763	0.03395	0.03234	0.02401	0.01410	0.01296	0.00353	0.05719	0.01071	0.01109	0.01769
58	0.02107	0.01968	0.03211	0.54860	0.07164	0.02444	0.02932	0.03008	0.05929	0.02917	0.02123	0.02993	0.01592	0.01119	0.01092	0.00364	0.01410	0.00988	0.00531	0.01249
59	0.01374	0.00995	0.01309	0.01542	0.01650	0.00930	0.01082	0.01606	0.02166	0.02850	0.06367	0.51615	0.10705	0.03320	0.01397	0.00444	0.00669	0.08068	0.01011	0.00902
60	0.03570	0.02150	0.03525	0.15354	0.15000	0.02114	0.07850	0.04160	0.02726	0.27641	0.03093	0.03242	0.02113	0.01167	0.01113	0.00343	0.01219	0.01065	0.00906	0.01648
61	0.04574	0.01785	0.02428	0.01886	0.02674	0.01548	0.01548	0.05004	0.03118	0.50759	0.09057	0.04133	0.03421	0.01433	0.01115	0.00338	0.00888	0.01180	0.01335	0.01777
62	0.04586	0.01924	0.02521	0.01979	0.02791	0.01758	0.01620	0.05381	0.10111	0.48463	0.04321	0.03761	0.02787	0.01368	0.01098	0.00342	0.00919	0.01116	0.01316	0.01837
63	0.02914	0.03561	0.12021	0.03908	0.04983	0.08989	0.32477	0.10290	0.02955	0.03869	0.02173	0.02703	0.01619	0.01012	0.01192	0.00349	0.01734	0.01116	0.00617	0.01519
64	0.02405	0.02329	0.04103	0.21715	0.31728	0.02448	0.08483	0.03077	0.02377	0.03272	0.02293	0.06590	0.01995	0.01160	0.01126	0.00348	0.01361	0.01145	0.00555	0.01490
65	0.02592	0.02440	0.04124	0.06162	0.48924	0.02440	0.03166	0.03223	0.02486	0.03528	0.02472	0.03785	0.02242	0.01202	0.01128	0.00344	0.01262	0.06242	0.00592	0.01645
66	0.01627	0.01198	0.01576	0.01709	0.01982	0.01146	0.01433	0.02091	0.02630	0.03447	0.17228	0.11077	0.15750	0.02798	0.01420	0.00444	0.00817	0.29586	0.01048	0.00994
67	0.02660	0.03302	0.08471	0.10734	0.04871	0.14415	0.24816	0.03368	0.02605	0.03156	0.03039	0.03530	0.07526	0.01203	0.01176	0.00346	0.01654	0.01196	0.00590	0.01340
68	0.02705	0.11222	0.18836	0.02878	0.03739	0.07170	0.09354	0.03374	0.02286	0.07400	0.02073	0.02579	0.01646	0.01766	0.05850	0.00463	0.13751	0.00918	0.00569	0.01421
69	0.01477	0.01089	0.01380	0.01355	0.01600	0.00993	0.00998	0.01911	0.02859	0.03944	0.41292	0.16064	0.16045	0.02474	0.01302	0.00361	0.00537	0.02180	0.01147	0.00993
70	0.01346	0.01005	0.01211	0.01363	0.01506	0.00915	0.00920	0.01539	0.02144	0.02754	0.07149	0.40538	0.20260	0.09824	0.01833	0.00491	0.00658	0.02702	0.00972	0.00870
71	0.02546	0.13108	0.04481	0.20547	0.28368	0.02864	0.06617	0.03184	0.02356	0.03158	0.01935	0.02607	0.01585	0.00994	0.01030	0.00322	0.01359	0.00925	0.00512	0.01502
72	0.02645	0.02536	0.04329	0.11070	0.50919	0.02577	0.03320	0.03299	0.02457	0.03497	0.02042	0.02716	0.01704	0.00981	0.01080	0.00327	0.01309	0.00971	0.00535	0.01684
73	0.04033	0.02141	0.02605	0.02094	0.02842	0.02136	0.01722	0.17949	0.07801	0.30050	0.07151	0.04400	0.03283	0.01538	0.01141	0.00351	0.00979	0.04841	0.01219	0.01723
74	0.69383	0.02109	0.01603	0.01434	0.02109	0.02446	0.01181	0.03205	0.01856	0.04892	0.01518	0.01771	0.01181	0.01012	0.00675	0.00337	0.00843	0.00590	0.00675	0.01181
75	0.08938	0.01960	0.02163	0.01911	0.02420	0.02113	0.01514	0.17564	0.10409	0.04913	0.16480	0.12447	0.05167	0.01945	0.01175	0.00367	0.00857	0.05222	0.01064	0.01371
76	0.02646	0.02673	0.03503	0.26142	0.21506	0.10402	0.02815	0.03614	0.09531	0.03268	0.02289	0.02868	0.01798	0.01111	0.01074	0.00340	0.01393	0.00969	0.00601	0.01457
77	0.43346	0.02246	0.02066	0.01755	0.02468	0.02520	0.01432	0.10561	0.09793	0.10865	0.02407	0.02440	0.01756	0.01159	0.00843	0.00341	0.00906	0.00795	0.00872	0.01430
78	0.02574	0.02941	0.06434	0.04596	0.05699	0.02757	0.50919	0.03493	0.02574	0.03493	0.02206	0.02941	0.01654	0.00919	0.01287	0.00368	0.01838	0.01287	0.00551	0.01471
79	0.01442	0.00991	0.01348	0.01577	0.01660	0.00943	0.01109	0.01612	0.02083	0.02765	0.05585	0.48733	0.06576	0.03395	0.01680	0.06902	0.00714	0.09062	0.00960	0.00863
80	0.02587	0.01257	0.01478	0.01315	0.01736	0.01154	0.01024	0.03041	0.02642	0.17097	0.12089	0.05464	0.11098	0.01638	0.00997	0.00304	0.00622	0.01354	0.31886	0.01219
81	0.01527	0.01213	0.01390	0.01395	0.01693	0.01145	0.01025	0.02166	0.08265	0.03477	0.20836	0.20417	0.26192	0.02619	0.01291	0.00378	0.00595	0.02270	0.01074	0.01033
82	0.01317	0.01106	0.01145	0.01135	0.01490	0.00933	0.00851	0.01621	0.02553	0.03107	0.15941	0.10228	0.49440	0.02701	0.01288	0.00365	0.00548	0.02264	0.01034	0.00933
83	0.19047	0.01410	0.01474	0.01359	0.01734	0.01421	0.01015	0.02431	0.02425	0.07585	0.22175	0.06353	0.12500	0.12462	0.01872	0.00471	0.00729	0.01535	0.00955	0.01046
84	0.08354	0.01270	0.01445	0.01338	0.01621	0.01224	0.00945	0.02293	0.02336	0.09192	0.18858	0.06990	0.12356	0.24019	0.02780	0.00609	0.00798	0.01645	0.00942	0.00986
85	0.01328	0.00949	0.01265	0.01518	0.01581	0.00886	0.01012	0.01518	0.02088	0.02783	0.06010	0.60969	0.07212	0.03416	0.01392	0.00443	0.00633	0.03100	0.01012	0.00886
86	0.01928	0.01610	0.01689	0.01583	0.02037	0.01644	0.01208	0.06138	0.18554	0.03699	0.07987	0.12169	0.30913	0.02316	0.01228	0.00372	0.00699	0.01944	0.01048	0.01233
87	0.06839	0.01265	0.01553	0.01454	0.01807	0.01178	0.01098	0.02470	0.02764	0.11504	0.30003	0.16351	0.12989	0.02276	0.01233	0.00362	0.00623	0.01975	0.01131	0.01124
88	0.01369	0.01081	0.01233	0.01251	0.01536	0.00946	0.00917	0.01699	0.02593	0.03331	0.22708	0.18238	0.33796	0.02717	0.01305	0.00373	0.00555	0.02339	0.01067	0.00946
89	0.01379	0.00988	0.01310	0.01484	0.01593	0.00919	0.01016	0.01645	0.02323	0.03158	0.17383	0.48529	0.07936	0.03136	0.01367	0.00419	0.00605	0.02834	0.01056	0.00919
90	0.01940	0.01208	0.01464	0.01345	0.01686	0.01079	0.01000	0.02301	0.02711	0.10836	0.27297	0.08120	0.22094	0.09953	0.01811	0.00442	0.00654	0.01901	0.01093	0.01064
91	0.01338	0.01041	0.01217	0.01312	0.01538	0.00920	0.00931	0.01609	0.02397	0.03062	0.14529	0.31299	0.28982	0.02966	0.01331	0.00396	0.00581	0.02593	0.01037	0.00920
92	0.01328	0.00949	0.01265	0.01518	0.01581	0.00886	0.01012	0.01518	0.02088	0.02783	0.06010	0.60969	0.07212	0.03416	0.01392	0.00443	0.00633	0.03100	0.01012	0.00886
93	0.02450	0.01288	0.01584	0.01430	0.01759	0.01173	0.01016	0.02675	0.02341	0.17703	0.09443	0.11122	0.13039	0.24825	0.02866	0.00626	0.00855	0.01722	0.00990	0.01093
94	0.02095	0.01312	0.01735	0.01654	0.01970	0.01311	0.01277	0.02688	0.06047	0.10562	0.20866	0.10395	0.06075	0.07979	0.13137	0.00713	0.01194	0.06839	0.01012	0.01138
95	0.01432	0.01041	0.01245	0.01315	0.01456	0.00967	0.00878	0.01643	0.02204	0.02910	0.14916	0.26018	0.16412	0.19623	0.02533	0.00584	0.00716	0.02306	0.00946	0.00854
96	0.03560	0.01565	0.02082	0.01696	0.02319	0.01369	0.01362	0.03999	0.03059	0.35447	0.20427	0.05635	0.09197	0.01736	0.01171	0.00342	0.00769	0.01466	0.01276	0.01523
97	0.01533	0.01055	0.01210	0.01227	0.01284	0.01027	0.00736	0.01613	0.01823	0.02419	0.08193	0.12612	0.08974	0.46684	0.04473	0.00887	0.00933	0.01819	0.00765	0.00732
98	0.10421	0.01976	0.02489	0.02188	0.02774	0.02082	0.04831	0.11019	0.09961	0.11950	0.03960	0.05989	0.03512	0.02294	0.05226	0.00494	0.01176	0.15258	0.00987	0.01412

[dist]
# distance from previous block
# <min> <max>
0	2

# created by:
# /st0/software/busco_prod/Augustus/scripts/msa2prfl.pl ./align_prep/8720.fa
