[name]
unknown

[dist]
# distance from previous block
# <min> <max>
0	43

[block]
# block no. 0 follows, 13 sequences, length 39
# corresponding to MSA columns:
# 52-90
name=unknown_A
#
# <colnr> <probs for GDERKNQSTAVLIFYWHMCP>
#	G	D	E	R	K	N	Q	S	T	A	V	L	I	F	Y	W	H	M	C	P
0	0.03643	0.02189	0.02831	0.02775	0.11043	0.02216	0.01972	0.17914	0.06914	0.23423	0.03582	0.04332	0.02766	0.01474	0.01115	0.00347	0.01035	0.07720	0.01054	0.01656
1	0.16146	0.02398	0.08856	0.02398	0.07791	0.02019	0.01954	0.08046	0.02772	0.28966	0.03155	0.03392	0.02241	0.01268	0.01002	0.00335	0.01020	0.03674	0.00975	0.01592
2	0.02392	0.02354	0.04219	0.24065	0.32157	0.02483	0.10714	0.03086	0.02324	0.03194	0.01976	0.02720	0.01576	0.00972	0.01081	0.00333	0.01388	0.00988	0.00507	0.01470
3	0.02419	0.04296	0.34901	0.03197	0.04477	0.02592	0.14603	0.07595	0.08570	0.03749	0.02284	0.02598	0.01656	0.01050	0.01073	0.00341	0.01496	0.00950	0.00589	0.01563
4	0.01480	0.01071	0.01341	0.01279	0.01500	0.00992	0.00925	0.01880	0.02715	0.03774	0.43444	0.07959	0.13293	0.11555	0.01884	0.00441	0.00583	0.01884	0.01066	0.00933
5	0.01349	0.01075	0.01209	0.01176	0.01489	0.00935	0.00882	0.01710	0.02645	0.03414	0.28849	0.09257	0.37332	0.02470	0.01249	0.00347	0.00521	0.02103	0.01055	0.00935
6	0.04378	0.02552	0.02797	0.02180	0.02987	0.07048	0.01783	0.24750	0.03828	0.31608	0.03283	0.03018	0.02173	0.01274	0.01052	0.00318	0.01093	0.00985	0.01141	0.01751
7	0.02630	0.02271	0.02391	0.02152	0.02749	0.02630	0.01674	0.05618	0.54336	0.04423	0.04303	0.03945	0.03228	0.01434	0.01076	0.00359	0.00837	0.01195	0.01076	0.01674
8	0.02957	0.37361	0.17435	0.02177	0.03225	0.03444	0.02314	0.09137	0.02570	0.07747	0.01923	0.02082	0.01510	0.01005	0.00833	0.00271	0.01219	0.00704	0.00593	0.01495
9	0.14829	0.02731	0.03703	0.04814	0.34475	0.09058	0.05479	0.03302	0.02327	0.03528	0.01830	0.02370	0.01524	0.01015	0.01115	0.00322	0.04684	0.00862	0.00546	0.01484
10	0.04676	0.01907	0.02521	0.01932	0.02753	0.01714	0.01596	0.09574	0.03207	0.52302	0.04020	0.03500	0.02541	0.01305	0.01063	0.00326	0.00924	0.01053	0.01285	0.01799
11	0.02192	0.01879	0.02192	0.01566	0.02506	0.01409	0.01253	0.02662	0.02192	0.03445	0.01879	0.02192	0.01566	0.00783	0.00783	0.00157	0.00783	0.00626	0.00626	0.69305
12	0.18673	0.01907	0.02252	0.01807	0.02563	0.01856	0.01479	0.04765	0.08726	0.39577	0.03603	0.03232	0.02370	0.01253	0.00976	0.00331	0.00875	0.00973	0.01140	0.01643
13	0.04744	0.01799	0.02454	0.01881	0.02699	0.01554	0.01554	0.05153	0.03026	0.56979	0.04171	0.03599	0.02617	0.01309	0.01063	0.00327	0.00900	0.01063	0.01309	0.01799
14	0.01890	0.01109	0.01478	0.01488	0.01728	0.01012	0.01075	0.02213	0.02501	0.11571	0.22148	0.35097	0.07311	0.02621	0.01271	0.00381	0.00619	0.02343	0.01093	0.01050
15	0.70310	0.02045	0.01554	0.01390	0.02045	0.02372	0.01145	0.03108	0.01799	0.04744	0.01472	0.01718	0.01145	0.00981	0.00654	0.00327	0.00818	0.00573	0.00654	0.01145
16	0.02489	0.01870	0.02223	0.01603	0.02528	0.01426	0.01288	0.02952	0.02289	0.09669	0.02146	0.02356	0.01688	0.00844	0.00816	0.00176	0.00797	0.00677	0.00706	0.61458
17	0.01510	0.01133	0.01699	0.01699	0.01888	0.01322	0.01322	0.01888	0.01699	0.02454	0.02832	0.04154	0.02643	0.07930	0.58652	0.01699	0.02832	0.01133	0.00566	0.00944
18	0.04019	0.02962	0.03173	0.02433	0.03279	0.03279	0.02010	0.52721	0.04971	0.06663	0.02538	0.02538	0.01798	0.01269	0.01058	0.00317	0.01163	0.00952	0.01058	0.01798
19	0.02496	0.02852	0.06239	0.04456	0.05526	0.02674	0.52406	0.03387	0.02496	0.03387	0.02139	0.02852	0.01604	0.00891	0.01248	0.00357	0.01783	0.01248	0.00535	0.01426
20	0.14842	0.01837	0.02315	0.01806	0.02598	0.01680	0.01491	0.04838	0.02837	0.48934	0.03756	0.03309	0.02391	0.01258	0.01000	0.00327	0.00887	0.00988	0.01208	0.01699
21	0.01307	0.01073	0.01150	0.01131	0.01463	0.00917	0.00848	0.01628	0.02545	0.03176	0.21109	0.09649	0.45220	0.02558	0.01249	0.00351	0.00527	0.02158	0.01024	0.00917
22	0.02496	0.02388	0.04073	0.17012	0.46672	0.02480	0.03185	0.03139	0.02350	0.03307	0.01967	0.02656	0.01623	0.00965	0.01049	0.00322	0.01286	0.00942	0.00513	0.01577
23	0.04164	0.01947	0.02522	0.01976	0.02690	0.01883	0.01624	0.12007	0.03226	0.40597	0.08517	0.03747	0.03091	0.01419	0.01244	0.00335	0.05015	0.01116	0.01199	0.01681
24	0.52797	0.02835	0.01935	0.01742	0.02368	0.17211	0.01382	0.03402	0.02115	0.04175	0.01515	0.01767	0.01202	0.01010	0.00733	0.00313	0.01105	0.00601	0.00625	0.01166
25	0.31594	0.08492	0.02598	0.02093	0.02712	0.30719	0.01649	0.03671	0.02428	0.03481	0.01553	0.01811	0.01271	0.01029	0.00806	0.00292	0.01389	0.00626	0.00583	0.01203
26	0.02349	0.01747	0.02035	0.01971	0.02411	0.01898	0.01565	0.04038	0.28451	0.08056	0.04869	0.14988	0.04512	0.02106	0.01218	0.00401	0.00844	0.14114	0.01053	0.01373
27	0.01397	0.01004	0.01324	0.01398	0.01558	0.00931	0.00990	0.01746	0.02531	0.03505	0.31908	0.33773	0.08553	0.02710	0.01296	0.00379	0.00553	0.02434	0.01077	0.00931
28	0.01516	0.01111	0.01590	0.01590	0.01741	0.01262	0.01185	0.01818	0.01667	0.02374	0.02932	0.04707	0.02883	0.18916	0.47994	0.01564	0.02471	0.01214	0.00581	0.00883
29	0.01635	0.01263	0.01513	0.01418	0.01737	0.01234	0.01073	0.02483	0.10815	0.04064	0.41133	0.07625	0.15706	0.02126	0.01221	0.00340	0.00556	0.01849	0.01123	0.01086
30	0.03704	0.02657	0.02836	0.02210	0.02964	0.02926	0.01814	0.44980	0.04547	0.06244	0.02679	0.02755	0.01939	0.01263	0.01009	0.00306	0.01060	0.00957	0.11478	0.01673
31	0.70310	0.02045	0.01554	0.01390	0.02045	0.02372	0.01145	0.03108	0.01799	0.04744	0.01472	0.01718	0.01145	0.00981	0.00654	0.00327	0.00818	0.00573	0.00654	0.01145
32	0.02415	0.02565	0.05430	0.03922	0.04864	0.02414	0.44449	0.03245	0.02453	0.03472	0.02341	0.03020	0.01775	0.00944	0.01169	0.00340	0.01584	0.01207	0.11035	0.01358
33	0.01370	0.01076	0.01238	0.01197	0.01502	0.00944	0.00898	0.01750	0.02694	0.03529	0.32591	0.09067	0.33518	0.02427	0.01248	0.00345	0.00518	0.02076	0.01070	0.00944
34	0.41916	0.01963	0.01864	0.01513	0.02269	0.01987	0.01237	0.03303	0.02094	0.12440	0.01997	0.02135	0.01485	0.00979	0.00752	0.00281	0.00821	0.00663	0.00748	0.19553
35	0.01320	0.00961	0.01190	0.01356	0.01457	0.00890	0.00899	0.01490	0.02013	0.02625	0.06255	0.45006	0.14623	0.12376	0.01954	0.00509	0.00664	0.02651	0.00929	0.00831
36	0.01742	0.08445	0.01964	0.01447	0.01811	0.01514	0.01143	0.02440	0.07633	0.03972	0.41963	0.06944	0.11045	0.01978	0.01165	0.00324	0.00606	0.01708	0.01062	0.01096
37	0.02192	0.01879	0.02192	0.01566	0.02506	0.01409	0.01253	0.02662	0.02192	0.03445	0.01879	0.02192	0.01566	0.00783	0.00783	0.00157	0.00783	0.00626	0.00626	0.69305
38	0.45844	0.02604	0.10552	0.02279	0.08797	0.02325	0.01852	0.03351	0.02051	0.09234	0.01849	0.02076	0.01373	0.01011	0.00792	0.00327	0.00991	0.00693	0.00668	0.01332

[dist]
# distance from previous block
# <min> <max>
0	1

[block]
# block no. 1 follows, 13 sequences, length 33
# corresponding to MSA columns:
# 92-110,112-115,118-127
name=unknown_B
#
# <colnr> <probs for GDERKNQSTAVLIFYWHMCP>
#	G	D	E	R	K	N	Q	S	T	A	V	L	I	F	Y	W	H	M	C	P
0	0.07024	0.02002	0.03147	0.04459	0.32538	0.02025	0.02530	0.02847	0.02375	0.03438	0.03282	0.05983	0.03262	0.01674	0.01172	0.00379	0.01121	0.18666	0.00698	0.01379
1	0.02757	0.25408	0.18523	0.03350	0.15745	0.11351	0.02730	0.03388	0.02356	0.02954	0.01727	0.02083	0.01427	0.00967	0.00891	0.00282	0.01388	0.00727	0.00481	0.01466
2	0.01472	0.01029	0.01193	0.01203	0.01293	0.00988	0.00752	0.01603	0.01928	0.02568	0.12989	0.12855	0.11470	0.39854	0.03814	0.00773	0.00840	0.01826	0.00800	0.00751
3	0.03480	0.01524	0.02023	0.01646	0.02257	0.01331	0.01323	0.03901	0.02957	0.36713	0.19455	0.05462	0.09892	0.01684	0.01134	0.00332	0.00750	0.01418	0.01236	0.01483
4	0.32947	0.03204	0.17821	0.02105	0.03068	0.02548	0.02140	0.14060	0.02678	0.07620	0.01972	0.02145	0.01423	0.01068	0.00864	0.00327	0.01109	0.00741	0.00719	0.01441
5	0.22043	0.21052	0.09641	0.01852	0.02758	0.02811	0.01785	0.07373	0.02354	0.06878	0.01830	0.02023	0.01437	0.00974	0.00780	0.00271	0.01029	0.00664	0.00636	0.11812
6	0.15251	0.34578	0.04005	0.01871	0.02675	0.03490	0.01695	0.10312	0.10513	0.03768	0.02053	0.02162	0.01667	0.01050	0.00787	0.00277	0.01033	0.00717	0.00668	0.01427
7	0.01425	0.01078	0.01314	0.01255	0.01536	0.00967	0.00941	0.01857	0.02824	0.03840	0.42685	0.08556	0.23229	0.02311	0.01248	0.00340	0.00509	0.02004	0.01111	0.00967
8	0.02685	0.04704	0.43199	0.02809	0.04182	0.02502	0.03369	0.11556	0.02755	0.09112	0.02223	0.02415	0.01538	0.01077	0.01019	0.00331	0.01433	0.00837	0.00630	0.01624
9	0.21253	0.08599	0.14010	0.01922	0.02770	0.02229	0.01901	0.06153	0.02542	0.14739	0.10983	0.03253	0.02975	0.01253	0.00932	0.00319	0.00990	0.00954	0.00827	0.01398
10	0.02450	0.03170	0.12457	0.04281	0.05410	0.02647	0.46507	0.03382	0.02464	0.03382	0.02110	0.02777	0.01572	0.00905	0.01218	0.00354	0.01756	0.01191	0.00524	0.01443
11	0.03141	0.02157	0.02406	0.02086	0.02737	0.02370	0.01645	0.05506	0.41930	0.17130	0.04271	0.03861	0.03080	0.01404	0.01073	0.00351	0.00852	0.01163	0.01132	0.01704
12	0.02275	0.09875	0.31480	0.10405	0.12943	0.02701	0.03311	0.03152	0.02175	0.03120	0.01816	0.02322	0.01409	0.01079	0.01242	0.00336	0.07604	0.00821	0.00464	0.01472
13	0.02496	0.02852	0.06239	0.04456	0.05526	0.02674	0.52406	0.03387	0.02496	0.03387	0.02139	0.02852	0.01604	0.00891	0.01248	0.00357	0.01783	0.01248	0.00535	0.01426
14	0.02618	0.01544	0.01927	0.01630	0.02101	0.01491	0.01284	0.10939	0.03322	0.16186	0.35758	0.06084	0.07034	0.01830	0.01176	0.00329	0.00695	0.01570	0.01178	0.01303
15	0.01549	0.01106	0.01526	0.01770	0.01946	0.01084	0.01435	0.01923	0.02281	0.02991	0.05684	0.30636	0.06423	0.03067	0.01419	0.00465	0.00839	0.31948	0.00977	0.00931
16	0.02649	0.02999	0.12605	0.05076	0.37144	0.02578	0.03064	0.07465	0.08898	0.03809	0.02299	0.02710	0.01819	0.01038	0.01044	0.00323	0.01248	0.00948	0.00620	0.01666
17	0.03950	0.05039	0.02996	0.02724	0.03269	0.58597	0.02043	0.04222	0.02996	0.02588	0.01634	0.01907	0.01362	0.01090	0.00953	0.00272	0.01907	0.00681	0.00545	0.01226
18	0.01487	0.01091	0.01437	0.01641	0.01840	0.01041	0.01308	0.01834	0.02289	0.02954	0.06509	0.28946	0.14488	0.03016	0.01388	0.00446	0.00778	0.25610	0.00978	0.00921
19	0.59298	0.02121	0.01999	0.02220	0.10862	0.02395	0.01487	0.03130	0.01898	0.04534	0.01556	0.01864	0.01231	0.00975	0.00718	0.00325	0.00889	0.00633	0.00633	0.01231
20	0.04058	0.02758	0.16800	0.02177	0.03189	0.01790	0.02169	0.04681	0.02819	0.42967	0.03577	0.03242	0.02283	0.01229	0.01048	0.00329	0.01073	0.00990	0.01083	0.01738
21	0.01270	0.01072	0.01100	0.01093	0.01441	0.00901	0.00820	0.01558	0.02459	0.02973	0.14491	0.09984	0.51965	0.02634	0.01249	0.00355	0.00532	0.02205	0.00997	0.00901
22	0.01288	0.00920	0.01227	0.01472	0.01534	0.00859	0.00981	0.01472	0.02024	0.02699	0.05828	0.62152	0.06993	0.03312	0.01350	0.00429	0.00613	0.03006	0.00981	0.00859
23	0.02916	0.03209	0.14937	0.03783	0.20872	0.07110	0.02690	0.04163	0.14590	0.10906	0.02777	0.02918	0.02066	0.01133	0.01039	0.00327	0.01231	0.00961	0.00745	0.01630
24	0.03982	0.02865	0.18401	0.02210	0.03244	0.01816	0.02237	0.04629	0.02796	0.41403	0.03511	0.03202	0.02246	0.01220	0.01046	0.00329	0.01092	0.00981	0.01058	0.01731
25	0.12719	0.01829	0.02344	0.01821	0.02619	0.01653	0.01504	0.04904	0.02877	0.50625	0.03843	0.03370	0.02438	0.01269	0.01014	0.00327	0.00890	0.01004	0.01229	0.01720
26	0.70310	0.02045	0.01554	0.01390	0.02045	0.02372	0.01145	0.03108	0.01799	0.04744	0.01472	0.01718	0.01145	0.00981	0.00654	0.00327	0.00818	0.00573	0.00654	0.01145
27	0.08109	0.02305	0.02645	0.02092	0.02874	0.02392	0.01711	0.22031	0.11991	0.27365	0.03448	0.03164	0.02336	0.01295	0.01039	0.00329	0.00978	0.01015	0.01142	0.01739
28	0.03274	0.27356	0.08343	0.02205	0.03110	0.03522	0.02051	0.24996	0.07772	0.04539	0.02208	0.02295	0.01705	0.01116	0.00903	0.00286	0.01154	0.00804	0.00768	0.01592
29	0.01578	0.01088	0.01462	0.01502	0.01611	0.01157	0.01087	0.01761	0.01730	0.02364	0.03398	0.06420	0.03606	0.28140	0.24312	0.06583	0.01675	0.09081	0.00653	0.00792
30	0.15034	0.24422	0.03937	0.02861	0.14158	0.03181	0.02023	0.12787	0.02734	0.07043	0.01942	0.02168	0.01545	0.01019	0.00848	0.00286	0.01095	0.00750	0.00669	0.01498
31	0.02834	0.17056	0.04351	0.13214	0.21381	0.06133	0.07404	0.06308	0.02530	0.06216	0.01996	0.02463	0.01591	0.00996	0.00977	0.00302	0.01315	0.00874	0.00576	0.01482
32	0.01456	0.01079	0.01358	0.01288	0.01555	0.00981	0.00966	0.01918	0.02898	0.04015	0.48372	0.08268	0.17433	0.02246	0.01247	0.00337	0.00505	0.01964	0.01134	0.00981

[dist]
# distance from previous block
# <min> <max>
0	11

[block]
# block no. 2 follows, 13 sequences, length 21
# corresponding to MSA columns:
# 139-159
name=unknown_C
#
# <colnr> <probs for GDERKNQSTAVLIFYWHMCP>
#	G	D	E	R	K	N	Q	S	T	A	V	L	I	F	Y	W	H	M	C	P
0	0.01472	0.01062	0.01391	0.01347	0.01574	0.00981	0.00996	0.01934	0.02879	0.04059	0.49820	0.14284	0.09625	0.02297	0.01259	0.00344	0.00512	0.02041	0.01142	0.00981
1	0.02617	0.02512	0.04292	0.06490	0.56246	0.02512	0.03245	0.03245	0.02407	0.03454	0.01989	0.02617	0.01675	0.00942	0.01047	0.00314	0.01256	0.00942	0.00523	0.01675
2	0.02726	0.02218	0.02336	0.02062	0.02652	0.02534	0.01615	0.10926	0.42907	0.04640	0.04002	0.03776	0.03002	0.01393	0.01038	0.00342	0.00839	0.01144	0.08234	0.01616
3	0.02630	0.02271	0.02391	0.02152	0.02749	0.02630	0.01674	0.05618	0.54336	0.04423	0.04303	0.03945	0.03228	0.01434	0.01076	0.00359	0.00837	0.01195	0.01076	0.01674
4	0.01279	0.01072	0.01111	0.01102	0.01446	0.00905	0.00826	0.01574	0.02479	0.03019	0.16005	0.09907	0.50422	0.02617	0.01249	0.00354	0.00531	0.02194	0.01003	0.00905
5	0.01360	0.00963	0.01269	0.01487	0.01561	0.00915	0.01020	0.01555	0.02014	0.02677	0.05528	0.50754	0.06550	0.09825	0.01805	0.00501	0.00697	0.07727	0.00943	0.00847
6	0.01280	0.00953	0.01193	0.01386	0.01511	0.00866	0.00943	0.01482	0.02108	0.02733	0.06882	0.50927	0.17537	0.03175	0.01328	0.00414	0.00597	0.02839	0.00982	0.00866
7	0.03721	0.09125	0.02663	0.01876	0.02577	0.01913	0.01581	0.04421	0.08498	0.35045	0.07241	0.04657	0.03400	0.01517	0.01077	0.00338	0.00904	0.06729	0.01132	0.01585
8	0.03159	0.46307	0.04813	0.02054	0.02876	0.15866	0.01875	0.07120	0.02544	0.02823	0.01586	0.01805	0.01391	0.00972	0.00766	0.00243	0.01301	0.00619	0.00518	0.01362
9	0.01544	0.01166	0.01481	0.01639	0.01922	0.01103	0.01387	0.01953	0.02426	0.03056	0.07399	0.11310	0.23606	0.02835	0.01386	0.00441	0.00819	0.32607	0.00976	0.00945
10	0.11572	0.16730	0.03233	0.02001	0.02737	0.09200	0.01703	0.07262	0.02710	0.24966	0.02641	0.02584	0.01871	0.01184	0.01071	0.00305	0.05019	0.00829	0.00871	0.01511
11	0.02961	0.56479	0.05236	0.01919	0.02780	0.10700	0.01837	0.03292	0.02250	0.02500	0.01490	0.01721	0.01357	0.00927	0.00711	0.00232	0.01224	0.00579	0.00463	0.01341
12	0.01538	0.01025	0.01153	0.01153	0.01153	0.01025	0.00641	0.01538	0.01538	0.02050	0.03331	0.06919	0.03844	0.62842	0.05382	0.01025	0.01025	0.01538	0.00641	0.00641
13	0.03656	0.02028	0.02961	0.03212	0.18773	0.01817	0.02010	0.04141	0.02694	0.31470	0.03112	0.03056	0.02149	0.01106	0.01009	0.00293	0.00986	0.00950	0.00953	0.13625
14	0.03015	0.02279	0.03154	0.03816	0.23884	0.02385	0.02273	0.04594	0.24333	0.13749	0.03364	0.03356	0.02501	0.01217	0.01062	0.00335	0.01014	0.01071	0.00900	0.01697
15	0.01496	0.01081	0.01413	0.01330	0.01580	0.00998	0.00998	0.01995	0.02993	0.04240	0.55689	0.07898	0.09976	0.02162	0.01247	0.00333	0.00499	0.01912	0.01164	0.00998
16	0.03950	0.05039	0.02996	0.02724	0.03269	0.58597	0.02043	0.04222	0.02996	0.02588	0.01634	0.01907	0.01362	0.01090	0.00953	0.00272	0.01907	0.00681	0.00545	0.01226
17	0.14813	0.09935	0.13267	0.02010	0.02955	0.02178	0.01971	0.04230	0.02566	0.31500	0.02964	0.02797	0.01977	0.01148	0.00938	0.00317	0.01042	0.00868	0.00932	0.01593
18	0.01353	0.01075	0.01215	0.01180	0.01492	0.00937	0.00885	0.01718	0.02655	0.03439	0.29638	0.09217	0.36527	0.02461	0.01249	0.00347	0.00520	0.02097	0.01058	0.00937
19	0.01510	0.01133	0.01699	0.01699	0.01888	0.01322	0.01322	0.01888	0.01699	0.02454	0.02832	0.04154	0.02643	0.07930	0.58652	0.01699	0.02832	0.01133	0.00566	0.00944
20	0.36499	0.02046	0.02096	0.01704	0.02445	0.02141	0.01406	0.09397	0.02645	0.26077	0.02681	0.02569	0.01812	0.01145	0.00864	0.00326	0.00889	0.00813	0.00963	0.01482

[dist]
# distance from previous block
# <min> <max>
4	6

[block]
# block no. 3 follows, 13 sequences, length 28
# corresponding to MSA columns:
# 167-194
name=unknown_D
#
# <colnr> <probs for GDERKNQSTAVLIFYWHMCP>
#	G	D	E	R	K	N	Q	S	T	A	V	L	I	F	Y	W	H	M	C	P
0	0.02609	0.04425	0.33554	0.02867	0.04058	0.07646	0.06292	0.09315	0.11689	0.03838	0.02379	0.02575	0.01738	0.01109	0.01034	0.00333	0.01437	0.00894	0.00639	0.01569
1	0.03222	0.09171	0.06899	0.02715	0.03535	0.26576	0.11054	0.03713	0.02646	0.06453	0.01934	0.02238	0.01521	0.00993	0.00962	0.00271	0.01533	0.00794	0.00593	0.13177
2	0.14045	0.01908	0.02081	0.01535	0.02425	0.01577	0.01234	0.02740	0.02124	0.03671	0.01808	0.02110	0.01493	0.00818	0.00761	0.00186	0.00789	0.00617	0.00631	0.57446
3	0.02192	0.01879	0.02192	0.01566	0.02506	0.01409	0.01253	0.02662	0.02192	0.03445	0.01879	0.02192	0.01566	0.00783	0.00783	0.00157	0.00783	0.00626	0.00626	0.69305
4	0.04744	0.01799	0.02454	0.01881	0.02699	0.01554	0.01554	0.05153	0.03026	0.56979	0.04171	0.03599	0.02617	0.01309	0.01063	0.00327	0.00900	0.01063	0.01309	0.01799
5	0.01997	0.01879	0.03171	0.60301	0.07282	0.02349	0.02936	0.02701	0.02114	0.02701	0.01879	0.02819	0.01409	0.01057	0.01057	0.00352	0.01409	0.00940	0.00470	0.01175
6	0.04618	0.02002	0.02579	0.01977	0.02800	0.01854	0.01633	0.13429	0.03365	0.48224	0.03887	0.03414	0.02475	0.01302	0.01062	0.00325	0.00946	0.01044	0.01265	0.01799
7	0.02760	0.02014	0.02174	0.01936	0.02502	0.02248	0.01511	0.05064	0.40333	0.10190	0.04153	0.03906	0.03077	0.01388	0.01021	0.00337	0.00789	0.01147	0.11870	0.01578
8	0.01507	0.01038	0.01265	0.01270	0.01340	0.01040	0.00806	0.01651	0.01848	0.02528	0.12586	0.11217	0.05030	0.41398	0.10262	0.00932	0.01101	0.01676	0.00751	0.00754
9	0.15962	0.01885	0.02291	0.01820	0.02590	0.01793	0.01494	0.04839	0.07433	0.43158	0.03714	0.03303	0.02416	0.01263	0.00993	0.00330	0.00880	0.00990	0.01174	0.01674
10	0.01757	0.01138	0.01497	0.01374	0.01669	0.01042	0.01042	0.02249	0.02996	0.08475	0.51552	0.07553	0.09385	0.02093	0.01232	0.00332	0.00531	0.01844	0.01176	0.01062
11	0.02987	0.02388	0.03972	0.05688	0.46929	0.02345	0.02951	0.03577	0.02515	0.12767	0.02369	0.02788	0.01839	0.01006	0.01050	0.00316	0.01194	0.00963	0.00660	0.01696
12	0.10656	0.17395	0.03279	0.02026	0.02793	0.03029	0.01721	0.16668	0.17530	0.10397	0.02835	0.02753	0.02110	0.01199	0.00926	0.00309	0.00997	0.00896	0.00898	0.01584
13	0.01288	0.00920	0.01227	0.01472	0.01534	0.00859	0.00981	0.01472	0.02024	0.02699	0.05828	0.62152	0.06993	0.03312	0.01350	0.00429	0.00613	0.03006	0.00981	0.00859
14	0.02192	0.01879	0.02192	0.01566	0.02506	0.01409	0.01253	0.02662	0.02192	0.03445	0.01879	0.02192	0.01566	0.00783	0.00783	0.00157	0.00783	0.00626	0.00626	0.69305
15	0.01548	0.01218	0.01793	0.02378	0.11099	0.01171	0.01425	0.01830	0.02119	0.02863	0.05144	0.48317	0.06005	0.02873	0.01305	0.00413	0.00750	0.05839	0.00901	0.01009
16	0.43672	0.02628	0.02032	0.01766	0.02429	0.14059	0.01413	0.03737	0.02288	0.14374	0.02027	0.02121	0.01475	0.01067	0.00796	0.00316	0.01063	0.00690	0.00758	0.01288
17	0.15791	0.01762	0.02181	0.01735	0.02461	0.01634	0.01421	0.04446	0.02809	0.42026	0.09430	0.03749	0.03179	0.01347	0.01013	0.00328	0.00841	0.01072	0.01179	0.01596
18	0.01960	0.01806	0.03101	0.17620	0.18371	0.01879	0.07799	0.02472	0.02204	0.02983	0.03397	0.24690	0.03567	0.01840	0.01184	0.00371	0.01115	0.01738	0.00681	0.01223
19	0.01431	0.01078	0.01323	0.01262	0.01540	0.00970	0.00946	0.01869	0.02839	0.03875	0.43813	0.08499	0.22080	0.02298	0.01248	0.00339	0.00509	0.01996	0.01116	0.00970
20	0.02121	0.05469	0.57364	0.03014	0.04576	0.02455	0.03906	0.03348	0.02232	0.03348	0.01897	0.02232	0.01339	0.01005	0.01005	0.00335	0.01563	0.00781	0.00446	0.01563
21	0.01250	0.01071	0.01071	0.01071	0.01428	0.00893	0.00803	0.01517	0.02410	0.02856	0.10711	0.10175	0.55817	0.02678	0.01250	0.00357	0.00536	0.02231	0.00982	0.00893
22	0.02531	0.39184	0.27244	0.02314	0.03494	0.03460	0.02687	0.03242	0.02183	0.02848	0.01649	0.01921	0.01350	0.00946	0.00815	0.00272	0.01312	0.00656	0.00450	0.01443
23	0.04104	0.01612	0.02115	0.01675	0.02361	0.01423	0.01366	0.04533	0.02840	0.44746	0.04005	0.03678	0.02639	0.01291	0.00988	0.00309	0.00806	0.01045	0.16855	0.01612
24	0.01665	0.01361	0.01505	0.01419	0.01796	0.01344	0.01079	0.02663	0.15022	0.03710	0.24769	0.07897	0.27360	0.02202	0.01207	0.00349	0.00595	0.01873	0.01067	0.01116
25	0.04744	0.01799	0.02454	0.01881	0.02699	0.01554	0.01554	0.05153	0.03026	0.56979	0.04171	0.03599	0.02617	0.01309	0.01063	0.00327	0.00900	0.01063	0.01309	0.01799
26	0.01773	0.01857	0.11211	0.01757	0.02212	0.01300	0.01587	0.02286	0.02396	0.07032	0.20822	0.21264	0.06023	0.03093	0.09868	0.00566	0.01095	0.01846	0.00908	0.01104
27	0.01800	0.01063	0.01311	0.01363	0.01598	0.00973	0.00977	0.02097	0.02294	0.09081	0.09409	0.33989	0.13267	0.02553	0.01189	0.00369	0.00605	0.02247	0.12815	0.01000

[dist]
# distance from previous block
# <min> <max>
0	2

# created by:
# /st0/software/busco_prod/Augustus/scripts/msa2prfl.pl ./align_prep/8727.fa
