[name]
unknown

[dist]
# distance from previous block
# <min> <max>
0	306

[block]
# block no. 0 follows, 12 sequences, length 23
# corresponding to MSA columns:
# 378-400
name=unknown_A
#
# <colnr> <probs for GDERKNQSTAVLIFYWHMCP>
#	G	D	E	R	K	N	Q	S	T	A	V	L	I	F	Y	W	H	M	C	P
0	0.01328	0.00949	0.01265	0.01518	0.01581	0.00886	0.01012	0.01518	0.02088	0.02783	0.06010	0.60969	0.07212	0.03416	0.01392	0.00443	0.00633	0.03100	0.01012	0.00886
1	0.03429	0.02023	0.02235	0.01808	0.02427	0.02116	0.01463	0.23541	0.03630	0.14384	0.03293	0.03393	0.02382	0.01301	0.00960	0.00300	0.00874	0.01016	0.27909	0.01518
2	0.01520	0.01096	0.01436	0.01388	0.01624	0.01013	0.01027	0.01999	0.02977	0.04199	0.49024	0.13920	0.09952	0.02359	0.01298	0.00354	0.00527	0.02095	0.01180	0.01013
3	0.02187	0.05640	0.56031	0.03108	0.04719	0.02532	0.04029	0.03453	0.02302	0.03453	0.01957	0.02302	0.01381	0.01036	0.01036	0.00345	0.01611	0.00806	0.00460	0.01611
4	0.69383	0.02109	0.01603	0.01434	0.02109	0.02446	0.01181	0.03205	0.01856	0.04892	0.01518	0.01771	0.01181	0.01012	0.00675	0.00337	0.00843	0.00590	0.00675	0.01181
5	0.04073	0.05197	0.03090	0.02809	0.03371	0.57303	0.02107	0.04354	0.03090	0.02669	0.01685	0.01966	0.01404	0.01124	0.00983	0.00281	0.01966	0.00702	0.00562	0.01264
6	0.01289	0.01105	0.01105	0.01105	0.01473	0.00920	0.00828	0.01565	0.02485	0.02946	0.11046	0.10493	0.54437	0.02761	0.01289	0.00368	0.00552	0.02301	0.01013	0.00920
7	0.22658	0.02786	0.02798	0.02204	0.03020	0.03116	0.01819	0.37611	0.04198	0.06310	0.02306	0.02378	0.01663	0.01225	0.00973	0.00330	0.01099	0.00871	0.00973	0.01663
8	0.04501	0.02221	0.02724	0.02117	0.02949	0.02178	0.01740	0.17724	0.08005	0.38046	0.03860	0.03448	0.02526	0.01350	0.01096	0.00337	0.00995	0.01077	0.01259	0.01844
9	0.69383	0.02109	0.01603	0.01434	0.02109	0.02446	0.01181	0.03205	0.01856	0.04892	0.01518	0.01771	0.01181	0.01012	0.00675	0.00337	0.00843	0.00590	0.00675	0.01181
10	0.02699	0.02591	0.04426	0.06693	0.54879	0.02591	0.03346	0.03346	0.02483	0.03562	0.02051	0.02699	0.01727	0.00972	0.01079	0.00324	0.01295	0.00972	0.00540	0.01727
11	0.04145	0.03054	0.03272	0.02509	0.03381	0.03381	0.02072	0.51243	0.05127	0.06872	0.02618	0.02618	0.01854	0.01309	0.01091	0.00327	0.01200	0.00982	0.01091	0.01854
12	0.02712	0.02342	0.02465	0.02219	0.02835	0.02712	0.01726	0.05794	0.52909	0.04561	0.04438	0.04068	0.03328	0.01479	0.01109	0.00370	0.00863	0.01233	0.01109	0.01726
13	0.01586	0.01057	0.01189	0.01189	0.01189	0.01057	0.00661	0.01586	0.01586	0.02114	0.03436	0.07135	0.03964	0.61681	0.05550	0.01057	0.01057	0.01586	0.00661	0.00661
14	0.01328	0.00949	0.01265	0.01518	0.01581	0.00886	0.01012	0.01518	0.02088	0.02783	0.06010	0.60969	0.07212	0.03416	0.01392	0.00443	0.00633	0.03100	0.01012	0.00886
15	0.03312	0.07764	0.03799	0.03154	0.09092	0.12581	0.09468	0.18889	0.07540	0.04337	0.02460	0.02982	0.01989	0.06093	0.01435	0.00381	0.01401	0.01016	0.00773	0.01534
16	0.02142	0.02940	0.16552	0.02381	0.06884	0.06381	0.02126	0.06502	0.02794	0.03651	0.13392	0.05958	0.20293	0.01818	0.01163	0.00344	0.01059	0.01503	0.00826	0.01291
17	0.01420	0.01048	0.01337	0.01458	0.01640	0.00965	0.01057	0.01741	0.02461	0.03283	0.19814	0.33919	0.15654	0.02951	0.01357	0.00409	0.00623	0.06859	0.01062	0.00941
18	0.02554	0.02062	0.02681	0.02210	0.02767	0.05837	0.09292	0.10506	0.03082	0.08865	0.14479	0.14223	0.12835	0.01979	0.01232	0.00359	0.01007	0.01757	0.00986	0.01288
19	0.08087	0.12369	0.03650	0.16791	0.12219	0.03022	0.02413	0.07088	0.07903	0.03532	0.02096	0.02608	0.01698	0.01230	0.01391	0.00349	0.10607	0.00901	0.00620	0.01426
20	0.26378	0.07793	0.07145	0.06916	0.03352	0.02751	0.06507	0.10673	0.02548	0.04354	0.01967	0.02361	0.01525	0.01136	0.01082	0.00337	0.05435	0.00823	0.05560	0.01358
21	0.15303	0.07658	0.11138	0.02098	0.02922	0.02444	0.01953	0.14956	0.03003	0.13372	0.03057	0.11913	0.02626	0.01526	0.01023	0.00345	0.01060	0.01210	0.00895	0.01500
22	0.02494	0.01752	0.02043	0.01894	0.02315	0.01851	0.01455	0.10946	0.14980	0.08372	0.08496	0.19004	0.04901	0.07388	0.01618	0.00450	0.00872	0.06783	0.01059	0.01328

[dist]
# distance from previous block
# <min> <max>
1	4

[block]
# block no. 1 follows, 12 sequences, length 17
# corresponding to MSA columns:
# 405-421
name=unknown_B
#
# <colnr> <probs for GDERKNQSTAVLIFYWHMCP>
#	G	D	E	R	K	N	Q	S	T	A	V	L	I	F	Y	W	H	M	C	P
0	0.08832	0.25875	0.08680	0.07247	0.11847	0.02990	0.02236	0.03321	0.02316	0.08554	0.02334	0.07096	0.02047	0.01214	0.00919	0.00306	0.01152	0.00958	0.00634	0.01443
1	0.25816	0.01929	0.06117	0.01903	0.06216	0.01725	0.01451	0.02440	0.02175	0.03704	0.05294	0.14929	0.18566	0.01967	0.01050	0.00365	0.00817	0.01601	0.00809	0.01128
2	0.02259	0.01419	0.01687	0.01593	0.01943	0.01395	0.01161	0.03032	0.11744	0.12306	0.09801	0.19521	0.12191	0.12524	0.01980	0.00497	0.00778	0.01936	0.01044	0.01188
3	0.02816	0.09117	0.11338	0.03576	0.16389	0.02744	0.06343	0.15254	0.02971	0.04070	0.02326	0.03043	0.01940	0.06691	0.06199	0.00504	0.01464	0.01002	0.00675	0.01536
4	0.01932	0.01275	0.01565	0.01442	0.01747	0.01220	0.01060	0.02548	0.07010	0.08518	0.33265	0.07416	0.11534	0.12353	0.01987	0.00470	0.00678	0.01791	0.01098	0.01091
5	0.01521	0.01097	0.01438	0.01387	0.01624	0.01014	0.01027	0.02002	0.02983	0.04208	0.49300	0.13618	0.09969	0.02352	0.01297	0.00353	0.00527	0.02089	0.01181	0.01014
6	0.02407	0.01964	0.02957	0.02534	0.07299	0.01668	0.09476	0.02916	0.02374	0.07996	0.02954	0.13420	0.02764	0.01371	0.01042	0.00276	0.00993	0.01272	0.00752	0.33565
7	0.02187	0.05640	0.56031	0.03108	0.04719	0.02532	0.04029	0.03453	0.02302	0.03453	0.01957	0.02302	0.01381	0.01036	0.01036	0.00345	0.01611	0.00806	0.00460	0.01611
8	0.02261	0.01938	0.02261	0.01615	0.02584	0.01453	0.01292	0.02745	0.02261	0.03553	0.01938	0.02261	0.01615	0.00807	0.00807	0.00161	0.00807	0.00646	0.00646	0.68346
9	0.01499	0.01113	0.01397	0.01326	0.01602	0.01010	0.00994	0.01973	0.02983	0.04127	0.46865	0.08549	0.17880	0.02321	0.01286	0.00347	0.00521	0.02029	0.01168	0.01010
10	0.02410	0.14572	0.30303	0.03089	0.04226	0.03017	0.10925	0.03286	0.02223	0.03164	0.01831	0.02322	0.01437	0.01147	0.01449	0.00352	0.11419	0.00869	0.00479	0.01481
11	0.03119	0.03248	0.08278	0.04459	0.20372	0.07524	0.15713	0.15837	0.03228	0.04313	0.02201	0.02651	0.01688	0.01062	0.01127	0.00334	0.01497	0.01024	0.00681	0.01643
12	0.01894	0.00947	0.01420	0.01420	0.01420	0.00947	0.00947	0.01420	0.01420	0.01894	0.01894	0.03314	0.01894	0.03788	0.04261	0.68277	0.00947	0.00947	0.00473	0.00473
13	0.02574	0.02941	0.06434	0.04596	0.05699	0.02757	0.50919	0.03493	0.02574	0.03493	0.02206	0.02941	0.01654	0.00919	0.01287	0.00368	0.01838	0.01287	0.00551	0.01471
14	0.03598	0.03733	0.07522	0.08238	0.08251	0.21420	0.06380	0.15364	0.03348	0.08432	0.02250	0.02524	0.01674	0.01149	0.01065	0.00320	0.01553	0.00905	0.00739	0.01534
15	0.01483	0.01121	0.01419	0.01368	0.01642	0.01056	0.01034	0.01919	0.02723	0.03725	0.35408	0.08094	0.19856	0.03322	0.10367	0.00577	0.00913	0.01922	0.01055	0.00993
16	0.19271	0.02364	0.07285	0.16963	0.04173	0.02152	0.05515	0.03171	0.02226	0.07437	0.02024	0.02464	0.01525	0.01000	0.00923	0.00302	0.01137	0.00808	0.00639	0.18624

[dist]
# distance from previous block
# <min> <max>
0	11

[block]
# block no. 2 follows, 12 sequences, length 32
# corresponding to MSA columns:
# 433-464
name=unknown_C
#
# <colnr> <probs for GDERKNQSTAVLIFYWHMCP>
#	G	D	E	R	K	N	Q	S	T	A	V	L	I	F	Y	W	H	M	C	P
0	0.28459	0.08303	0.16448	0.02256	0.03150	0.06747	0.06303	0.03216	0.02130	0.03738	0.01906	0.02590	0.01604	0.07430	0.01362	0.00405	0.01264	0.00820	0.00581	0.01287
1	0.19216	0.02852	0.12159	0.02692	0.08181	0.02356	0.05911	0.10452	0.02791	0.08946	0.07039	0.02968	0.02416	0.01176	0.00990	0.00325	0.01126	0.00954	0.00781	0.06669
2	0.03098	0.02639	0.07336	0.02530	0.07438	0.02349	0.01997	0.15107	0.12644	0.10026	0.02833	0.02881	0.02100	0.01143	0.01004	0.00288	0.01033	0.00925	0.00888	0.21740
3	0.02847	0.02521	0.07688	0.02241	0.02719	0.06885	0.01934	0.06901	0.02689	0.12793	0.14079	0.04214	0.03840	0.05840	0.02102	0.00422	0.16875	0.01217	0.00860	0.01334
4	0.04073	0.05197	0.03090	0.02809	0.03371	0.57303	0.02107	0.04354	0.03090	0.02669	0.01685	0.01966	0.01404	0.01124	0.00983	0.00281	0.01966	0.00702	0.00562	0.01264
5	0.01380	0.01022	0.01290	0.01405	0.01575	0.00931	0.00985	0.01675	0.02432	0.03248	0.20162	0.37605	0.16337	0.02975	0.01345	0.00402	0.00586	0.02650	0.01064	0.00931
6	0.01328	0.00949	0.01265	0.01518	0.01581	0.00886	0.01012	0.01518	0.02088	0.02783	0.06010	0.60969	0.07212	0.03416	0.01392	0.00443	0.00633	0.03100	0.01012	0.00886
7	0.02615	0.21596	0.22342	0.03160	0.11968	0.08728	0.02814	0.03311	0.02371	0.03067	0.02154	0.07121	0.01938	0.01205	0.00967	0.00310	0.01382	0.00949	0.00533	0.01469
8	0.02776	0.03207	0.21712	0.07503	0.13518	0.02075	0.02812	0.03528	0.02486	0.15452	0.03119	0.11454	0.02623	0.01454	0.01115	0.00355	0.01236	0.01257	0.00766	0.01552
9	0.01586	0.01057	0.01189	0.01189	0.01189	0.01057	0.00661	0.01586	0.01586	0.02114	0.03436	0.07135	0.03964	0.61681	0.05550	0.01057	0.01057	0.01586	0.00661	0.00661
10	0.01558	0.01168	0.01752	0.01752	0.01947	0.01363	0.01363	0.01947	0.01752	0.02531	0.02921	0.04283	0.02726	0.08178	0.57360	0.01752	0.02921	0.01168	0.00584	0.00974
11	0.03213	0.02479	0.03761	0.12243	0.21921	0.02585	0.06678	0.12848	0.06946	0.12286	0.02691	0.02998	0.01981	0.01147	0.01106	0.00340	0.01255	0.01039	0.00808	0.01675
12	0.03255	0.37649	0.09095	0.02299	0.03161	0.22571	0.02134	0.03659	0.02527	0.02677	0.01612	0.01872	0.01400	0.01008	0.00827	0.00259	0.01482	0.00643	0.00499	0.01370
13	0.02413	0.02028	0.02343	0.01687	0.02648	0.01609	0.01355	0.06656	0.02492	0.03821	0.01993	0.02290	0.01634	0.00848	0.00830	0.00175	0.00839	0.00673	0.00682	0.62985
14	0.02810	0.09185	0.20833	0.03009	0.08036	0.02607	0.06355	0.03826	0.07743	0.11168	0.02501	0.02731	0.01855	0.01170	0.01263	0.00335	0.06716	0.00926	0.00690	0.06241
15	0.02115	0.01995	0.03371	0.54518	0.11619	0.02437	0.03056	0.02834	0.02206	0.02853	0.01948	0.02889	0.01477	0.01080	0.01089	0.00360	0.01440	0.00969	0.00489	0.01256
16	0.01607	0.01177	0.01694	0.01752	0.01940	0.01305	0.01380	0.01981	0.01911	0.02657	0.03639	0.06451	0.03683	0.12635	0.38876	0.01388	0.02277	0.12008	0.00690	0.00948
17	0.04892	0.01856	0.02530	0.01940	0.02783	0.01603	0.01603	0.05314	0.03121	0.55634	0.04302	0.03711	0.02699	0.01350	0.01096	0.00337	0.00928	0.01096	0.01350	0.01856
18	0.01558	0.01168	0.01752	0.01752	0.01947	0.01363	0.01363	0.01947	0.01752	0.02531	0.02921	0.04283	0.02726	0.08178	0.57360	0.01752	0.02921	0.01168	0.00584	0.00974
19	0.02792	0.02276	0.02453	0.02135	0.02741	0.02563	0.01677	0.13792	0.35683	0.04968	0.12274	0.04462	0.04191	0.01570	0.01135	0.00357	0.00870	0.01306	0.01121	0.01636
20	0.01586	0.01057	0.01189	0.01189	0.01189	0.01057	0.00661	0.01586	0.01586	0.02114	0.03436	0.07135	0.03964	0.61681	0.05550	0.01057	0.01057	0.01586	0.00661	0.00661
21	0.02574	0.02941	0.06434	0.04596	0.05699	0.02757	0.50919	0.03493	0.02574	0.03493	0.02206	0.02941	0.01654	0.00919	0.01287	0.00368	0.01838	0.01287	0.00551	0.01471
22	0.03447	0.04154	0.03182	0.02829	0.03182	0.37298	0.02210	0.03713	0.02563	0.02652	0.01591	0.02122	0.01414	0.01415	0.01945	0.00354	0.23364	0.00796	0.00530	0.01238
23	0.01649	0.01281	0.01837	0.01786	0.01931	0.01527	0.01367	0.01965	0.01719	0.02479	0.02839	0.04506	0.02773	0.15452	0.43984	0.01514	0.08649	0.01208	0.00584	0.00950
24	0.01543	0.01115	0.01457	0.01372	0.01629	0.01029	0.01029	0.02058	0.03086	0.04372	0.54304	0.08145	0.10288	0.02229	0.01286	0.00343	0.00514	0.01972	0.01200	0.01029
25	0.01517	0.01028	0.01209	0.01276	0.01293	0.01012	0.00754	0.01568	0.01719	0.02291	0.04117	0.21398	0.04824	0.46244	0.04448	0.00894	0.00945	0.01987	0.00754	0.00720
26	0.01527	0.01107	0.01479	0.01683	0.01869	0.01059	0.01320	0.01884	0.02382	0.03128	0.10083	0.31527	0.11074	0.03093	0.01424	0.00454	0.00777	0.22154	0.01023	0.00951
27	0.02983	0.02477	0.02618	0.02274	0.02939	0.02839	0.01792	0.14405	0.43856	0.04999	0.04093	0.03793	0.03049	0.01447	0.01106	0.00362	0.00927	0.01185	0.01106	0.01750
28	0.02059	0.01938	0.03270	0.59060	0.07510	0.02422	0.03028	0.02786	0.02180	0.02786	0.01938	0.02907	0.01453	0.01090	0.01090	0.00363	0.01453	0.00969	0.00484	0.01211
29	0.01607	0.01106	0.01441	0.01530	0.01705	0.01089	0.01155	0.01969	0.02352	0.03279	0.16928	0.18076	0.06497	0.12314	0.06318	0.00614	0.00930	0.13494	0.06660	0.00933
30	0.01700	0.01481	0.02473	0.02531	0.07283	0.01398	0.09858	0.02089	0.02274	0.03029	0.05394	0.37535	0.09661	0.02673	0.01345	0.00417	0.00924	0.05970	0.00888	0.01077
31	0.02426	0.02932	0.10339	0.04479	0.13448	0.02510	0.33102	0.03255	0.02481	0.03425	0.02558	0.08977	0.02228	0.01203	0.01239	0.00366	0.01597	0.01379	0.00589	0.01465

[dist]
# distance from previous block
# <min> <max>
4	13

[block]
# block no. 3 follows, 12 sequences, length 27
# corresponding to MSA columns:
# 478-504
name=unknown_D
#
# <colnr> <probs for GDERKNQSTAVLIFYWHMCP>
#	G	D	E	R	K	N	Q	S	T	A	V	L	I	F	Y	W	H	M	C	P
0	0.07491	0.02883	0.06715	0.08474	0.03399	0.12713	0.02029	0.08693	0.06556	0.12295	0.02888	0.07209	0.02329	0.01429	0.01226	0.00344	0.05538	0.01086	0.05279	0.01423
1	0.13091	0.02392	0.02957	0.02342	0.03118	0.02503	0.07562	0.17248	0.12197	0.11910	0.03130	0.06676	0.02438	0.01353	0.01056	0.00338	0.01061	0.01133	0.00965	0.06529
2	0.10666	0.03097	0.07183	0.03605	0.18013	0.08398	0.02430	0.17402	0.07057	0.08093	0.02439	0.02640	0.01830	0.01156	0.01029	0.00328	0.01254	0.00921	0.00805	0.01656
3	0.02574	0.06362	0.03051	0.09539	0.10792	0.02374	0.02033	0.12550	0.02789	0.03862	0.02750	0.12910	0.02629	0.01526	0.01249	0.00323	0.05566	0.01257	0.00742	0.15123
4	0.02167	0.01311	0.01651	0.01618	0.01884	0.01262	0.01158	0.06845	0.02574	0.10940	0.10421	0.34870	0.05995	0.09792	0.01809	0.00479	0.00767	0.02303	0.01047	0.01107
5	0.02125	0.02005	0.03390	0.53644	0.12409	0.02440	0.03061	0.02844	0.02212	0.02866	0.01950	0.02885	0.01482	0.01078	0.01089	0.00359	0.01437	0.00969	0.00490	0.01265
6	0.01385	0.01060	0.01271	0.01320	0.01558	0.00946	0.00951	0.01714	0.02563	0.03370	0.23864	0.25185	0.25305	0.02785	0.01319	0.00383	0.00564	0.02437	0.01075	0.00946
7	0.01639	0.01149	0.01466	0.01651	0.01832	0.01144	0.01249	0.02173	0.06032	0.03208	0.05529	0.35918	0.06122	0.02897	0.01328	0.00432	0.00741	0.15453	0.09040	0.00998
8	0.02187	0.05640	0.56031	0.03108	0.04719	0.02532	0.04029	0.03453	0.02302	0.03453	0.01957	0.02302	0.01381	0.01036	0.01036	0.00345	0.01611	0.00806	0.00460	0.01611
9	0.02059	0.01938	0.03270	0.59060	0.07510	0.02422	0.03028	0.02786	0.02180	0.02786	0.01938	0.02907	0.01453	0.01090	0.01090	0.00363	0.01453	0.00969	0.00484	0.01211
10	0.04145	0.03054	0.03272	0.02509	0.03381	0.03381	0.02072	0.51243	0.05127	0.06872	0.02618	0.02618	0.01854	0.01309	0.01091	0.00327	0.01200	0.00982	0.01091	0.01854
11	0.01431	0.01110	0.01302	0.01254	0.01560	0.00981	0.00940	0.01840	0.02821	0.03742	0.35204	0.09182	0.29781	0.02464	0.01287	0.00354	0.00531	0.02117	0.01117	0.00981
12	0.01557	0.01045	0.01198	0.01225	0.01232	0.01038	0.00699	0.01578	0.01641	0.02187	0.03717	0.13032	0.04320	0.55299	0.05094	0.00990	0.01011	0.01751	0.00699	0.00685
13	0.04145	0.03054	0.03272	0.02509	0.03381	0.03381	0.02072	0.51243	0.05127	0.06872	0.02618	0.02618	0.01854	0.01309	0.01091	0.00327	0.01200	0.00982	0.01091	0.01854
14	0.02915	0.62337	0.05714	0.01866	0.02799	0.04314	0.01866	0.03265	0.02215	0.02565	0.01516	0.01749	0.01399	0.00933	0.00700	0.00233	0.01166	0.00583	0.00466	0.01399
15	0.02059	0.01938	0.03270	0.59060	0.07510	0.02422	0.03028	0.02786	0.02180	0.02786	0.01938	0.02907	0.01453	0.01090	0.01090	0.00363	0.01453	0.00969	0.00484	0.01211
16	0.02403	0.02366	0.03004	0.03095	0.09291	0.11624	0.09252	0.02945	0.02619	0.03227	0.04072	0.07925	0.04180	0.02122	0.01329	0.00421	0.01333	0.26782	0.00803	0.01206
17	0.01472	0.01112	0.01359	0.01297	0.01586	0.00999	0.00973	0.01921	0.02919	0.03976	0.42279	0.08798	0.22561	0.02377	0.01287	0.00350	0.00525	0.02063	0.01148	0.00999
18	0.01586	0.01057	0.01189	0.01189	0.01189	0.01057	0.00661	0.01586	0.01586	0.02114	0.03436	0.07135	0.03964	0.61681	0.05550	0.01057	0.01057	0.01586	0.00661	0.00661
19	0.01543	0.01115	0.01457	0.01372	0.01629	0.01029	0.01029	0.02058	0.03086	0.04372	0.54304	0.08145	0.10288	0.02229	0.01286	0.00343	0.00514	0.01972	0.01200	0.01029
20	0.02601	0.10580	0.17163	0.26569	0.05404	0.07973	0.02960	0.08176	0.02607	0.03343	0.01938	0.02493	0.01465	0.01083	0.01019	0.00332	0.01482	0.00857	0.00546	0.01409
21	0.04532	0.02433	0.02888	0.02214	0.03071	0.02459	0.01829	0.27440	0.04087	0.32144	0.03490	0.03184	0.02292	0.01330	0.01094	0.00332	0.01059	0.01041	0.01225	0.01855
22	0.01880	0.01195	0.01599	0.01578	0.01866	0.01114	0.01235	0.02344	0.02848	0.08800	0.33486	0.14956	0.08350	0.02454	0.01327	0.00388	0.00671	0.11674	0.01150	0.01085
23	0.02239	0.02174	0.03296	0.02817	0.02983	0.02812	0.07218	0.02596	0.01873	0.02781	0.02197	0.03843	0.02179	0.02625	0.08983	0.00608	0.40429	0.06614	0.00560	0.01175
24	0.02827	0.11320	0.29427	0.11002	0.04490	0.07781	0.03087	0.03688	0.02467	0.10752	0.02216	0.02498	0.01588	0.01085	0.01007	0.00327	0.01469	0.00835	0.00603	0.01530
25	0.03748	0.02874	0.07836	0.03239	0.09384	0.02661	0.10946	0.21999	0.03649	0.18180	0.02864	0.02941	0.01985	0.01192	0.01122	0.00338	0.01286	0.01051	0.00952	0.01754
26	0.40770	0.02184	0.02689	0.07061	0.12678	0.02392	0.06422	0.03109	0.02081	0.04205	0.02029	0.06280	0.01770	0.01170	0.00890	0.00347	0.01053	0.00932	0.00647	0.01292

[dist]
# distance from previous block
# <min> <max>
0	17

[block]
# block no. 4 follows, 12 sequences, length 18
# corresponding to MSA columns:
# 522-539
name=unknown_E
#
# <colnr> <probs for GDERKNQSTAVLIFYWHMCP>
#	G	D	E	R	K	N	Q	S	T	A	V	L	I	F	Y	W	H	M	C	P
0	0.02061	0.08766	0.02034	0.01527	0.01712	0.01583	0.01101	0.02170	0.07338	0.02314	0.02392	0.03845	0.02341	0.12886	0.03680	0.40889	0.00983	0.01041	0.00576	0.00761
1	0.01429	0.01028	0.01332	0.01537	0.01654	0.00973	0.01094	0.01662	0.02146	0.02815	0.06131	0.42375	0.10730	0.09278	0.01831	0.00510	0.00736	0.10876	0.00975	0.00887
2	0.03777	0.03170	0.09191	0.02615	0.03525	0.07356	0.06187	0.22360	0.09815	0.16214	0.03020	0.02969	0.02110	0.01260	0.01095	0.00336	0.01264	0.01019	0.00989	0.01730
3	0.02880	0.41669	0.17551	0.02281	0.03332	0.10347	0.02418	0.03443	0.02343	0.02792	0.01643	0.01909	0.01396	0.00981	0.00815	0.00266	0.01371	0.00651	0.00477	0.01434
4	0.01741	0.01347	0.01736	0.01803	0.01941	0.01477	0.01363	0.02224	0.06368	0.02900	0.04714	0.25238	0.05251	0.14978	0.02527	0.00583	0.08187	0.13764	0.00879	0.00979
5	0.02187	0.05640	0.56031	0.03108	0.04719	0.02532	0.04029	0.03453	0.02302	0.03453	0.01957	0.02302	0.01381	0.01036	0.01036	0.00345	0.01611	0.00806	0.00460	0.01611
6	0.01749	0.01096	0.01416	0.01449	0.01624	0.01022	0.01001	0.02016	0.02369	0.07702	0.19319	0.30386	0.07084	0.14097	0.02135	0.00523	0.00706	0.02309	0.01028	0.00968
7	0.03854	0.13963	0.03588	0.02311	0.03082	0.03180	0.01973	0.26586	0.03732	0.15760	0.02617	0.02654	0.01894	0.01319	0.01321	0.00330	0.08270	0.00927	0.00952	0.01688
8	0.01359	0.01037	0.01250	0.01346	0.01554	0.00927	0.00952	0.01646	0.02431	0.03167	0.17705	0.32696	0.24105	0.02946	0.01334	0.00397	0.00581	0.02592	0.01051	0.00927
9	0.01561	0.01153	0.01675	0.01675	0.01843	0.01321	0.01266	0.01897	0.01729	0.02474	0.02992	0.04677	0.02897	0.15554	0.50217	0.01656	0.02664	0.01226	0.00595	0.00930
10	0.03501	0.24580	0.04019	0.02490	0.03122	0.33512	0.02052	0.03801	0.02643	0.02628	0.01601	0.01935	0.01405	0.01139	0.01152	0.00285	0.07625	0.00687	0.00520	0.01303
11	0.03864	0.02257	0.02920	0.02273	0.03052	0.02280	0.06276	0.18182	0.09149	0.24565	0.03541	0.03405	0.02438	0.01302	0.01073	0.00331	0.01034	0.01087	0.09269	0.01702
12	0.01769	0.00979	0.01355	0.01355	0.01431	0.00942	0.00923	0.01450	0.01640	0.02111	0.03782	0.04795	0.12732	0.03576	0.03648	0.54269	0.00866	0.01226	0.00585	0.00566
13	0.01823	0.01268	0.01488	0.01431	0.01553	0.01323	0.00933	0.06735	0.02016	0.02719	0.03504	0.10951	0.03858	0.43039	0.11873	0.01025	0.01292	0.01597	0.00725	0.00846
14	0.10965	0.29687	0.11980	0.01986	0.02827	0.07588	0.01979	0.03188	0.02223	0.03153	0.01930	0.02314	0.01628	0.01638	0.05697	0.00402	0.01346	0.00724	0.07426	0.01318
15	0.02637	0.07650	0.03045	0.02046	0.02952	0.01870	0.07003	0.03151	0.02417	0.09782	0.02534	0.03296	0.02117	0.01080	0.00944	0.00241	0.00988	0.04642	0.00734	0.40870
16	0.01745	0.02131	0.12291	0.01999	0.02484	0.01566	0.01902	0.02308	0.02456	0.03372	0.15374	0.14268	0.11809	0.02379	0.01522	0.00412	0.06424	0.13547	0.00891	0.01121
17	0.09683	0.01183	0.01321	0.01351	0.01631	0.01129	0.00988	0.01900	0.02470	0.03565	0.21433	0.24037	0.20264	0.02586	0.01244	0.00379	0.00601	0.02235	0.01028	0.00974

[dist]
# distance from previous block
# <min> <max>
0	2

[block]
# block no. 5 follows, 12 sequences, length 51
# corresponding to MSA columns:
# 542-592
name=unknown_F
#
# <colnr> <probs for GDERKNQSTAVLIFYWHMCP>
#	G	D	E	R	K	N	Q	S	T	A	V	L	I	F	Y	W	H	M	C	P
0	0.02211	0.21870	0.02925	0.01654	0.02095	0.02303	0.01344	0.06839	0.02381	0.03133	0.03719	0.25501	0.04063	0.07931	0.01486	0.00406	0.00897	0.01730	0.06375	0.01138
1	0.02168	0.02248	0.07166	0.02412	0.07644	0.01671	0.05912	0.02729	0.02315	0.03429	0.03033	0.07839	0.06275	0.01221	0.00979	0.00249	0.00974	0.01078	0.00672	0.39987
2	0.08512	0.02751	0.07014	0.02408	0.03047	0.07096	0.05904	0.11358	0.14922	0.04239	0.03076	0.08279	0.02589	0.01501	0.01294	0.00358	0.06584	0.01190	0.06433	0.01445
3	0.01328	0.00949	0.01265	0.01518	0.01581	0.00886	0.01012	0.01518	0.02088	0.02783	0.06010	0.60969	0.07212	0.03416	0.01392	0.00443	0.00633	0.03100	0.01012	0.00886
4	0.01658	0.01347	0.01675	0.01801	0.06134	0.01275	0.01216	0.02335	0.07384	0.03824	0.30283	0.08136	0.24341	0.02241	0.01254	0.00353	0.00625	0.01936	0.01071	0.01113
5	0.02261	0.01938	0.02261	0.01615	0.02584	0.01453	0.01292	0.02745	0.02261	0.03553	0.01938	0.02261	0.01615	0.00807	0.00807	0.00161	0.00807	0.00646	0.00646	0.68346
6	0.03239	0.38598	0.09045	0.02283	0.03149	0.21787	0.02127	0.03643	0.02513	0.02674	0.01609	0.01868	0.01399	0.01005	0.00822	0.00258	0.01469	0.00641	0.00498	0.01372
7	0.57941	0.02064	0.01767	0.01524	0.02228	0.02296	0.01256	0.03579	0.02080	0.13894	0.02012	0.02115	0.01450	0.01072	0.00750	0.00337	0.00858	0.00680	0.00794	0.01301
8	0.01546	0.01053	0.01189	0.01207	0.01238	0.01035	0.00698	0.01579	0.01685	0.02221	0.04156	0.11282	0.07737	0.53318	0.04949	0.00964	0.00991	0.01746	0.00711	0.00695
9	0.01390	0.01109	0.01246	0.01211	0.01535	0.00964	0.00908	0.01762	0.02725	0.03516	0.28327	0.09555	0.36800	0.02549	0.01288	0.00358	0.00537	0.02170	0.01088	0.00964
10	0.01558	0.01168	0.01752	0.01752	0.01947	0.01363	0.01363	0.01947	0.01752	0.02531	0.02921	0.04283	0.02726	0.08178	0.57360	0.01752	0.02921	0.01168	0.00584	0.00974
11	0.01328	0.00949	0.01265	0.01518	0.01581	0.00886	0.01012	0.01518	0.02088	0.02783	0.06010	0.60969	0.07212	0.03416	0.01392	0.00443	0.00633	0.03100	0.01012	0.00886
12	0.02404	0.02075	0.03577	0.44807	0.11285	0.02395	0.06942	0.03113	0.02322	0.07454	0.02174	0.02960	0.01602	0.01087	0.01106	0.00358	0.01426	0.01007	0.00569	0.01335
13	0.03974	0.01824	0.02348	0.01899	0.02609	0.01708	0.01533	0.04881	0.11920	0.38458	0.12270	0.04479	0.04016	0.01512	0.01129	0.00344	0.00851	0.01260	0.01283	0.01701
14	0.03557	0.03415	0.12275	0.07205	0.03851	0.07238	0.02421	0.27154	0.08522	0.09473	0.02684	0.02762	0.01912	0.01248	0.01075	0.00334	0.01299	0.00961	0.00913	0.01700
15	0.02520	0.01930	0.02287	0.01647	0.02604	0.01468	0.01323	0.02998	0.02346	0.08674	0.02170	0.02404	0.01722	0.00861	0.00836	0.00179	0.00819	0.00690	0.00715	0.61809
16	0.08143	0.28764	0.22443	0.02384	0.03500	0.07320	0.02596	0.07419	0.02524	0.03426	0.01773	0.02031	0.01414	0.01020	0.00868	0.00292	0.01356	0.00703	0.00540	0.01484
17	0.02321	0.01932	0.02129	0.01936	0.02432	0.02149	0.01493	0.04545	0.36254	0.04498	0.21107	0.05431	0.05655	0.01730	0.01168	0.00361	0.00746	0.01480	0.01140	0.01493
18	0.02033	0.01016	0.01016	0.01016	0.01270	0.01016	0.00762	0.02541	0.02287	0.04065	0.03557	0.04065	0.02795	0.01270	0.00762	0.00254	0.00508	0.01016	0.67734	0.01016
19	0.01800	0.01375	0.01925	0.02216	0.06426	0.01432	0.01614	0.02113	0.02216	0.02936	0.05053	0.13793	0.09394	0.08595	0.02237	0.06087	0.05856	0.23103	0.00845	0.00985
20	0.02717	0.02574	0.08138	0.23640	0.14549	0.02428	0.15083	0.03475	0.02477	0.10696	0.02365	0.02948	0.01725	0.01059	0.01135	0.00352	0.01460	0.01056	0.00633	0.01490
21	0.02059	0.01938	0.03270	0.59060	0.07510	0.02422	0.03028	0.02786	0.02180	0.02786	0.01938	0.02907	0.01453	0.01090	0.01090	0.00363	0.01453	0.00969	0.00484	0.01211
22	0.01477	0.01055	0.01435	0.01688	0.01816	0.01013	0.01270	0.01775	0.02234	0.02949	0.05928	0.44132	0.06888	0.03276	0.01431	0.00463	0.00761	0.18474	0.01009	0.00927
23	0.08105	0.02331	0.03849	0.30754	0.15493	0.02592	0.10386	0.07201	0.02526	0.03574	0.02025	0.02752	0.01549	0.01053	0.01084	0.00351	0.01411	0.00989	0.00574	0.01404
24	0.02427	0.02075	0.03468	0.32114	0.12757	0.02373	0.06700	0.03026	0.02240	0.07423	0.02259	0.03257	0.01825	0.06253	0.01708	0.00425	0.06711	0.01057	0.00586	0.01314
25	0.02059	0.01938	0.03270	0.59060	0.07510	0.02422	0.03028	0.02786	0.02180	0.02786	0.01938	0.02907	0.01453	0.01090	0.01090	0.00363	0.01453	0.00969	0.00484	0.01211
26	0.10167	0.02460	0.02692	0.02116	0.02930	0.06581	0.01731	0.17207	0.03540	0.34159	0.03409	0.03116	0.02242	0.01292	0.01050	0.00330	0.01075	0.00991	0.01160	0.01750
27	0.02059	0.01938	0.03270	0.59060	0.07510	0.02422	0.03028	0.02786	0.02180	0.02786	0.01938	0.02907	0.01453	0.01090	0.01090	0.00363	0.01453	0.00969	0.00484	0.01211
28	0.42392	0.02602	0.02209	0.01857	0.02581	0.07973	0.01511	0.14313	0.02828	0.09760	0.02037	0.02158	0.01493	0.01121	0.00837	0.00330	0.01042	0.00736	0.00819	0.01402
29	0.02187	0.05640	0.56031	0.03108	0.04719	0.02532	0.04029	0.03453	0.02302	0.03453	0.01957	0.02302	0.01381	0.01036	0.01036	0.00345	0.01611	0.00806	0.00460	0.01611
30	0.02187	0.05640	0.56031	0.03108	0.04719	0.02532	0.04029	0.03453	0.02302	0.03453	0.01957	0.02302	0.01381	0.01036	0.01036	0.00345	0.01611	0.00806	0.00460	0.01611
31	0.23306	0.02349	0.02099	0.01860	0.02436	0.07668	0.01460	0.11392	0.11732	0.04575	0.08197	0.08102	0.07437	0.01594	0.01012	0.00347	0.00946	0.01238	0.00911	0.01339
32	0.40532	0.07663	0.07234	0.01854	0.02589	0.06664	0.01674	0.03497	0.07094	0.04230	0.02208	0.02924	0.01864	0.01226	0.00845	0.00342	0.01042	0.04537	0.00699	0.01285
33	0.01443	0.01111	0.01319	0.01267	0.01568	0.00986	0.00950	0.01864	0.02850	0.03811	0.37288	0.09069	0.27654	0.02438	0.01287	0.00353	0.00529	0.02101	0.01126	0.00986
34	0.03104	0.08150	0.03387	0.02383	0.03243	0.02811	0.06596	0.20123	0.15570	0.04830	0.02764	0.02841	0.02097	0.01164	0.01014	0.00296	0.01089	0.00960	0.00884	0.16694
35	0.01506	0.01537	0.06687	0.01909	0.02196	0.01185	0.05262	0.01852	0.02146	0.02901	0.05336	0.50982	0.06236	0.02999	0.01351	0.00428	0.00818	0.02745	0.00925	0.00999
36	0.08453	0.13266	0.25760	0.02678	0.03870	0.02773	0.07271	0.08384	0.02677	0.11583	0.02290	0.02472	0.01637	0.01081	0.00991	0.00326	0.01356	0.00858	0.00683	0.01590
37	0.01558	0.01168	0.01752	0.01752	0.01947	0.01363	0.01363	0.01947	0.01752	0.02531	0.02921	0.04283	0.02726	0.08178	0.57360	0.01752	0.02921	0.01168	0.00584	0.00974
38	0.01328	0.00949	0.01265	0.01518	0.01581	0.00886	0.01012	0.01518	0.02088	0.02783	0.06010	0.60969	0.07212	0.03416	0.01392	0.00443	0.00633	0.03100	0.01012	0.00886
39	0.08745	0.03434	0.20589	0.08842	0.13145	0.02494	0.10388	0.03711	0.06621	0.08121	0.02378	0.02745	0.01747	0.01074	0.01065	0.00347	0.01386	0.00964	0.00640	0.01563
40	0.02872	0.03131	0.12354	0.02537	0.03349	0.07179	0.06277	0.15649	0.12122	0.04535	0.06788	0.04087	0.03017	0.01446	0.01117	0.00348	0.01219	0.04894	0.05563	0.01517
41	0.01328	0.00949	0.01265	0.01518	0.01581	0.00886	0.01012	0.01518	0.02088	0.02783	0.06010	0.60969	0.07212	0.03416	0.01392	0.00443	0.00633	0.03100	0.01012	0.00886
42	0.02385	0.02385	0.03340	0.02863	0.02863	0.03340	0.02385	0.02624	0.01670	0.02624	0.01431	0.02385	0.01431	0.01908	0.03578	0.00477	0.59685	0.00954	0.00477	0.01193
43	0.03471	0.08871	0.12002	0.07985	0.03701	0.15370	0.02315	0.08030	0.02870	0.16152	0.02555	0.02754	0.01861	0.01690	0.05253	0.00424	0.01534	0.00891	0.00769	0.01503
44	0.03005	0.03244	0.03756	0.05024	0.33991	0.19130	0.02774	0.03516	0.02596	0.03189	0.02025	0.02631	0.01727	0.01726	0.06584	0.00451	0.01659	0.00909	0.00551	0.01512
45	0.02385	0.02385	0.03340	0.02863	0.02863	0.03340	0.02385	0.02624	0.01670	0.02624	0.01431	0.02385	0.01431	0.01908	0.03578	0.00477	0.59685	0.00954	0.00477	0.01193
46	0.02187	0.05640	0.56031	0.03108	0.04719	0.02532	0.04029	0.03453	0.02302	0.03453	0.01957	0.02302	0.01381	0.01036	0.01036	0.00345	0.01611	0.00806	0.00460	0.01611
47	0.13922	0.32390	0.08660	0.02332	0.06733	0.07901	0.02022	0.03246	0.02213	0.03111	0.01740	0.02126	0.01510	0.01650	0.06063	0.00413	0.01391	0.00697	0.00525	0.01355
48	0.01894	0.00947	0.01420	0.01420	0.01420	0.00947	0.00947	0.01420	0.01420	0.01894	0.01894	0.03314	0.01894	0.03788	0.04261	0.68277	0.00947	0.00947	0.00473	0.00473
49	0.01372	0.00967	0.01252	0.01463	0.01516	0.00914	0.00953	0.01530	0.02003	0.02671	0.05578	0.51943	0.06667	0.13185	0.02089	0.00546	0.00704	0.02846	0.00953	0.00848
50	0.02128	0.01939	0.02304	0.11737	0.03129	0.07045	0.01784	0.06351	0.02379	0.03088	0.03836	0.30543	0.04239	0.02369	0.01657	0.00410	0.11195	0.01964	0.00794	0.01111

[dist]
# distance from previous block
# <min> <max>
0	241

# created by:
# /st0/software/busco_prod/Augustus/scripts/msa2prfl.pl ./align_prep/8754.fa
