[name]
unknown

[dist]
# distance from previous block
# <min> <max>
0	5

[block]
# block no. 0 follows, 16 sequences, length 83
# corresponding to MSA columns:
# 5-87
name=unknown_A
#
# <colnr> <probs for GDERKNQSTAVLIFYWHMCP>
#	G	D	E	R	K	N	Q	S	T	A	V	L	I	F	Y	W	H	M	C	P
0	0.12037	0.14292	0.03036	0.05960	0.02940	0.02878	0.01744	0.32808	0.03387	0.04732	0.02160	0.02653	0.01724	0.01152	0.00881	0.00288	0.01024	0.04111	0.00779	0.01411
1	0.06585	0.01972	0.03195	0.34440	0.25699	0.02263	0.02654	0.02674	0.01989	0.02841	0.01707	0.02421	0.01365	0.00973	0.01085	0.00315	0.05281	0.00840	0.00459	0.01243
2	0.03015	0.02168	0.02624	0.15005	0.03566	0.02341	0.01845	0.25460	0.10302	0.11737	0.02526	0.02633	0.01811	0.01093	0.00942	0.00286	0.01003	0.00876	0.00840	0.09927
3	0.02542	0.06276	0.03907	0.04040	0.26316	0.02233	0.15738	0.03283	0.06360	0.10013	0.02520	0.03366	0.02073	0.01087	0.01022	0.00311	0.01173	0.05686	0.00639	0.01415
4	0.02235	0.32632	0.35844	0.02267	0.03428	0.02962	0.02718	0.02994	0.02012	0.02715	0.01563	0.01826	0.01235	0.00880	0.00787	0.00262	0.01255	0.00627	0.00412	0.01348
5	0.01812	0.01367	0.02262	0.01853	0.02268	0.01261	0.12153	0.02313	0.02589	0.08747	0.38832	0.10183	0.06787	0.01753	0.01135	0.00315	0.00736	0.01633	0.00950	0.01051
6	0.01381	0.00978	0.01188	0.01135	0.01383	0.00895	0.00851	0.01796	0.02554	0.03609	0.43023	0.07204	0.18053	0.01970	0.01087	0.00300	0.00463	0.01707	0.09530	0.00895
7	0.02712	0.02232	0.02361	0.02033	0.02635	0.02551	0.01607	0.17324	0.45477	0.04540	0.03562	0.03311	0.02649	0.01279	0.00982	0.00320	0.00838	0.01043	0.00982	0.01561
8	0.01830	0.01723	0.02907	0.63609	0.06675	0.02153	0.02692	0.02476	0.01938	0.02476	0.01723	0.02584	0.01292	0.00969	0.00969	0.00323	0.01292	0.00861	0.00431	0.01077
9	0.01944	0.05013	0.60917	0.02762	0.04195	0.02251	0.03581	0.03069	0.02046	0.03069	0.01739	0.02046	0.01228	0.00921	0.00921	0.00307	0.01432	0.00716	0.00409	0.01432
10	0.01385	0.01038	0.01558	0.01558	0.01731	0.01211	0.01211	0.01731	0.01558	0.02250	0.02596	0.03808	0.02423	0.07269	0.62098	0.01558	0.02596	0.01038	0.00519	0.00865
11	0.02411	0.02082	0.02192	0.01972	0.02520	0.02411	0.01534	0.05150	0.58142	0.04054	0.03945	0.03616	0.02959	0.01315	0.00986	0.00329	0.00767	0.01096	0.00986	0.01534
12	0.01182	0.00983	0.01033	0.01021	0.01332	0.00834	0.00765	0.01463	0.02296	0.02826	0.17919	0.08986	0.51270	0.02377	0.01145	0.00324	0.00485	0.01998	0.00927	0.00834
13	0.03318	0.04115	0.02791	0.02506	0.02905	0.50123	0.01923	0.03560	0.02492	0.02364	0.01453	0.01823	0.01253	0.01140	0.01339	0.00285	0.14346	0.00669	0.00484	0.01111
14	0.01178	0.00854	0.01114	0.01323	0.01399	0.00789	0.00888	0.01353	0.01881	0.02485	0.05669	0.61215	0.10290	0.02994	0.01230	0.00389	0.00557	0.02703	0.00900	0.00789
15	0.35778	0.02065	0.02142	0.01782	0.02315	0.02408	0.01475	0.13844	0.02346	0.11463	0.01847	0.02057	0.01388	0.01153	0.01246	0.00323	0.13686	0.00718	0.00715	0.01249
16	0.02399	0.02303	0.03934	0.05949	0.59893	0.02303	0.02974	0.02974	0.02207	0.03166	0.01823	0.02399	0.01535	0.00864	0.00960	0.00288	0.01151	0.00864	0.00480	0.01535
17	0.03055	0.01846	0.02785	0.26328	0.12057	0.01944	0.02160	0.07407	0.02502	0.26159	0.02624	0.02827	0.01796	0.01061	0.00970	0.00307	0.01069	0.00908	0.00786	0.01412
18	0.01293	0.00969	0.01210	0.01319	0.01474	0.00920	0.00924	0.01693	0.05667	0.02876	0.16629	0.43015	0.13100	0.02645	0.01191	0.00364	0.00546	0.02363	0.00939	0.00864
19	0.02222	0.02222	0.02784	0.02431	0.02541	0.06629	0.02003	0.02752	0.08396	0.02573	0.01820	0.02762	0.01710	0.01660	0.02667	0.00403	0.49033	0.03760	0.00522	0.01112
20	0.28599	0.07117	0.02790	0.02884	0.18190	0.07903	0.01852	0.13469	0.02492	0.04037	0.01684	0.01962	0.01332	0.00945	0.00797	0.00284	0.01033	0.00694	0.00616	0.01321
21	0.01640	0.01341	0.01493	0.01410	0.01761	0.01375	0.01068	0.02776	0.20906	0.03493	0.23521	0.10277	0.21232	0.01961	0.01098	0.00325	0.00576	0.01681	0.00982	0.01085
22	0.03051	0.02415	0.02665	0.02360	0.06491	0.02703	0.01783	0.30918	0.27556	0.05030	0.02993	0.02889	0.02207	0.01209	0.00976	0.00307	0.00943	0.00968	0.00945	0.01592
23	0.01409	0.00940	0.01057	0.01057	0.01057	0.00940	0.00587	0.01409	0.01409	0.01879	0.03054	0.06342	0.03524	0.65938	0.04933	0.00940	0.00940	0.01409	0.00587	0.00587
24	0.02399	0.02303	0.03934	0.05949	0.59893	0.02303	0.02974	0.02974	0.02207	0.03166	0.01823	0.02399	0.01535	0.00864	0.00960	0.00288	0.01151	0.00864	0.00480	0.01535
25	0.02431	0.02277	0.03775	0.10918	0.51389	0.02335	0.02875	0.06417	0.02335	0.03295	0.01847	0.02411	0.01521	0.00893	0.00961	0.00291	0.01159	0.00864	0.00507	0.01501
26	0.05814	0.01686	0.02664	0.43545	0.12453	0.01990	0.02342	0.02529	0.01971	0.02835	0.01926	0.02655	0.01485	0.00975	0.00905	0.00303	0.01121	0.00849	0.10844	0.01109
27	0.04348	0.01649	0.02249	0.01724	0.02474	0.01425	0.01425	0.04723	0.02774	0.60564	0.03824	0.03299	0.02399	0.01200	0.00975	0.00300	0.00825	0.00975	0.01200	0.01649
28	0.02010	0.01723	0.02010	0.01436	0.02297	0.01292	0.01148	0.02440	0.02010	0.03158	0.01723	0.02010	0.01436	0.00718	0.00718	0.00144	0.00718	0.00574	0.00574	0.71863
29	0.02060	0.01957	0.03323	0.40276	0.28211	0.02214	0.02806	0.02678	0.02047	0.02756	0.01763	0.02509	0.01390	0.00926	0.00965	0.00309	0.01235	0.00862	0.00451	0.01262
30	0.04348	0.01649	0.02249	0.01724	0.02474	0.01425	0.01425	0.04723	0.02774	0.60564	0.03824	0.03299	0.02399	0.01200	0.00975	0.00300	0.00825	0.00975	0.01200	0.01649
31	0.01328	0.00979	0.01242	0.01198	0.01427	0.00893	0.00890	0.01737	0.02609	0.03619	0.49000	0.11744	0.15490	0.02120	0.01150	0.00314	0.00469	0.01864	0.01033	0.00893
32	0.02709	0.02271	0.03778	0.05085	0.45888	0.02252	0.06068	0.06667	0.02432	0.10231	0.02104	0.02516	0.01642	0.00920	0.00974	0.00292	0.01137	0.00895	0.00598	0.01542
33	0.02692	0.03967	0.42663	0.02439	0.03659	0.01994	0.02910	0.03584	0.02273	0.20958	0.02388	0.02436	0.01592	0.01008	0.00938	0.00305	0.01243	0.00797	0.00655	0.01500
34	0.01174	0.00983	0.01022	0.01012	0.01327	0.00830	0.00759	0.01447	0.02277	0.02780	0.16138	0.09061	0.53078	0.02394	0.01145	0.00324	0.00487	0.02008	0.00921	0.00830
35	0.02147	0.02074	0.03608	0.30634	0.33425	0.02248	0.06332	0.02769	0.02096	0.02865	0.01789	0.02493	0.01426	0.00906	0.00976	0.00306	0.01243	0.00881	0.00459	0.01323
36	0.02542	0.02241	0.03700	0.05387	0.52036	0.02246	0.02769	0.03241	0.05817	0.07417	0.02105	0.02542	0.01689	0.00917	0.00962	0.00291	0.01103	0.00886	0.00565	0.01543
37	0.01409	0.00940	0.01057	0.01057	0.01057	0.00940	0.00587	0.01409	0.01409	0.01879	0.03054	0.06342	0.03524	0.65938	0.04933	0.00940	0.00940	0.01409	0.00587	0.00587
38	0.04079	0.01590	0.02163	0.01679	0.02381	0.01378	0.01378	0.04462	0.02771	0.55442	0.08844	0.03655	0.03009	0.01270	0.00990	0.00300	0.00792	0.01045	0.01188	0.01583
39	0.03041	0.02353	0.04394	0.03191	0.04081	0.02227	0.34185	0.10038	0.02700	0.19776	0.02534	0.02774	0.01756	0.00967	0.01075	0.00315	0.01336	0.01063	0.00749	0.01446
40	0.02399	0.02303	0.03934	0.05949	0.59893	0.02303	0.02974	0.02974	0.02207	0.03166	0.01823	0.02399	0.01535	0.00864	0.00960	0.00288	0.01151	0.00864	0.00480	0.01535
41	0.01805	0.01655	0.02774	0.02254	0.02709	0.01668	0.16868	0.02602	0.09080	0.03429	0.25683	0.09166	0.05307	0.01665	0.01275	0.00336	0.04992	0.04801	0.00830	0.01100
42	0.01562	0.01116	0.01562	0.01785	0.02008	0.01116	0.01562	0.02008	0.02231	0.02900	0.05132	0.10933	0.05578	0.02677	0.01339	0.00446	0.00892	0.53369	0.00892	0.00892
43	0.34810	0.02142	0.02437	0.03128	0.23726	0.06462	0.01820	0.02835	0.01958	0.03591	0.01899	0.07656	0.01731	0.01086	0.00813	0.00300	0.00957	0.00861	0.00574	0.01214
44	0.02411	0.02082	0.02192	0.01972	0.02520	0.02411	0.01534	0.05150	0.58142	0.04054	0.03945	0.03616	0.02959	0.01315	0.00986	0.00329	0.00767	0.01096	0.00986	0.01534
45	0.07057	0.02528	0.03176	0.03446	0.22345	0.02720	0.02185	0.35383	0.03595	0.05008	0.02101	0.02310	0.01577	0.01047	0.00946	0.00290	0.01078	0.00850	0.00782	0.01577
46	0.02417	0.53264	0.12992	0.01791	0.02669	0.03413	0.01891	0.02857	0.02031	0.02500	0.05186	0.01997	0.01756	0.00918	0.00700	0.00228	0.01057	0.00628	0.00456	0.01250
47	0.01372	0.00991	0.01296	0.01219	0.01448	0.00914	0.00914	0.01829	0.02743	0.03887	0.59381	0.07240	0.09145	0.01981	0.01143	0.00305	0.00457	0.01753	0.01067	0.00914
48	0.01882	0.01775	0.03000	0.58399	0.11484	0.02167	0.02717	0.02521	0.01962	0.02539	0.01732	0.02567	0.01314	0.00959	0.00968	0.00320	0.01279	0.00862	0.00435	0.01118
49	0.01249	0.00938	0.01157	0.01202	0.01398	0.00846	0.00864	0.01553	0.02304	0.03080	0.28251	0.27512	0.21184	0.02462	0.01176	0.00341	0.00502	0.02169	0.00967	0.00846
50	0.02591	0.66522	0.05079	0.01658	0.02488	0.03835	0.01658	0.02902	0.01969	0.02280	0.01347	0.01555	0.01244	0.00829	0.00622	0.00207	0.01036	0.00518	0.00415	0.01244
51	0.01355	0.00990	0.01273	0.01202	0.01438	0.00907	0.00902	0.01797	0.02705	0.03794	0.55768	0.07392	0.12816	0.02016	0.01143	0.00306	0.00460	0.01774	0.01055	0.00907
52	0.06971	0.02275	0.03771	0.05645	0.56124	0.02294	0.02849	0.02966	0.02171	0.03243	0.01792	0.02345	0.01504	0.00866	0.00936	0.00289	0.01125	0.00842	0.00488	0.01504
53	0.01181	0.00843	0.01125	0.01350	0.01406	0.00787	0.00900	0.01350	0.01856	0.02474	0.05342	0.65306	0.06410	0.03036	0.01237	0.00394	0.00562	0.02755	0.00900	0.00787
54	0.03620	0.04619	0.02747	0.02497	0.02996	0.62047	0.01873	0.03870	0.02747	0.02372	0.01498	0.01748	0.01248	0.00999	0.00874	0.00250	0.01748	0.00624	0.00499	0.01124
55	0.02399	0.02303	0.03934	0.05949	0.59893	0.02303	0.02974	0.02974	0.02207	0.03166	0.01823	0.02399	0.01535	0.00864	0.00960	0.00288	0.01151	0.00864	0.00480	0.01535
56	0.04063	0.01712	0.02292	0.01796	0.02482	0.01597	0.01478	0.04600	0.06736	0.52665	0.03667	0.03246	0.02367	0.01240	0.01118	0.00310	0.04921	0.00975	0.01134	0.01603
57	0.01326	0.00989	0.01233	0.01172	0.01420	0.00895	0.00879	0.01741	0.02636	0.03632	0.49440	0.07659	0.19245	0.02076	0.01144	0.00309	0.00464	0.01811	0.01033	0.00895
58	0.01684	0.00842	0.01263	0.01263	0.01263	0.00842	0.00842	0.01263	0.01263	0.01684	0.01684	0.02946	0.01684	0.03367	0.03788	0.71801	0.00842	0.00842	0.00421	0.00421
59	0.03760	0.02593	0.02833	0.02172	0.02945	0.02825	0.01794	0.50731	0.04353	0.12325	0.02498	0.02438	0.01734	0.01168	0.00970	0.00292	0.01039	0.00884	0.00996	0.01648
60	0.02377	0.02363	0.04280	0.05588	0.49266	0.02332	0.13324	0.03000	0.02223	0.03154	0.01850	0.02441	0.01523	0.00855	0.00995	0.00295	0.01245	0.00918	0.00482	0.01491
61	0.72785	0.01874	0.01425	0.01275	0.01874	0.02174	0.01050	0.02849	0.01649	0.04348	0.01350	0.01574	0.01050	0.00900	0.00600	0.00300	0.00750	0.00525	0.00600	0.01050
62	0.01173	0.00983	0.01020	0.01011	0.01326	0.00830	0.00758	0.01445	0.02275	0.02774	0.15886	0.09072	0.53335	0.02397	0.01145	0.00325	0.00487	0.02010	0.00920	0.00830
63	0.02171	0.02070	0.03522	0.29100	0.38526	0.02243	0.02861	0.02774	0.02099	0.02889	0.01783	0.02473	0.01438	0.00906	0.00963	0.00302	0.01208	0.00863	0.00460	0.01351
64	0.03339	0.04146	0.02716	0.02636	0.06569	0.52678	0.01884	0.03619	0.02604	0.02412	0.01618	0.01976	0.01373	0.01557	0.06412	0.00370	0.01786	0.00677	0.00500	0.01127
65	0.01372	0.00991	0.01296	0.01219	0.01448	0.00914	0.00914	0.01829	0.02743	0.03887	0.59381	0.07240	0.09145	0.01981	0.01143	0.00305	0.00457	0.01753	0.01067	0.00914
66	0.02010	0.01723	0.02010	0.01436	0.02297	0.01292	0.01148	0.02440	0.02010	0.03158	0.01723	0.02010	0.01436	0.00718	0.00718	0.00144	0.00718	0.00574	0.00574	0.71863
67	0.02458	0.02421	0.02889	0.15488	0.19138	0.10573	0.02208	0.03841	0.23895	0.03262	0.02580	0.02817	0.01998	0.01078	0.00960	0.00305	0.01113	0.00920	0.00669	0.01386
68	0.01903	0.01797	0.03038	0.56252	0.13466	0.02172	0.02728	0.02540	0.01972	0.02564	0.01735	0.02560	0.01323	0.00956	0.00968	0.00319	0.01274	0.00862	0.00437	0.01135
69	0.01167	0.00897	0.01070	0.01208	0.01369	0.00799	0.00837	0.01365	0.01991	0.02529	0.07062	0.43798	0.26808	0.02813	0.01202	0.00368	0.00535	0.02483	0.00900	0.00799
70	0.01830	0.01723	0.02907	0.63609	0.06675	0.02153	0.02692	0.02476	0.01938	0.02476	0.01723	0.02584	0.01292	0.00969	0.00969	0.00323	0.01292	0.00861	0.00431	0.01077
71	0.01231	0.00985	0.01100	0.01071	0.01361	0.00854	0.00803	0.01556	0.02410	0.03095	0.28459	0.08542	0.40561	0.02277	0.01145	0.00319	0.00478	0.01935	0.00963	0.00854
72	0.01806	0.01608	0.02777	0.02177	0.02675	0.01528	0.18234	0.05775	0.02719	0.03787	0.37818	0.05482	0.06271	0.01566	0.01132	0.00311	0.00863	0.01506	0.00881	0.01084
73	0.01197	0.00984	0.01053	0.01036	0.01341	0.00840	0.00777	0.01491	0.02331	0.02908	0.21140	0.08851	0.47997	0.02347	0.01145	0.00322	0.00483	0.01979	0.00938	0.00840
74	0.03287	0.02686	0.03707	0.02757	0.03591	0.02848	0.17339	0.41441	0.03912	0.05255	0.02223	0.02409	0.01598	0.01065	0.01019	0.00301	0.01228	0.00950	0.00833	0.01551
75	0.01830	0.01723	0.02907	0.63609	0.06675	0.02153	0.02692	0.02476	0.01938	0.02476	0.01723	0.02584	0.01292	0.00969	0.00969	0.00323	0.01292	0.00861	0.00431	0.01077
76	0.02132	0.02031	0.03453	0.32961	0.34962	0.02233	0.02842	0.02741	0.02081	0.02843	0.01776	0.02486	0.01421	0.00913	0.00964	0.00304	0.01217	0.00863	0.00457	0.01320
77	0.01865	0.01770	0.02914	0.56292	0.06180	0.02251	0.02623	0.02459	0.01884	0.02459	0.01669	0.02528	0.01290	0.01056	0.01234	0.00335	0.08826	0.00860	0.00430	0.01075
78	0.03510	0.04410	0.02854	0.02809	0.08138	0.56649	0.01972	0.03789	0.02698	0.02444	0.01527	0.01807	0.01274	0.00987	0.00882	0.00253	0.01694	0.00646	0.00498	0.01161
79	0.02365	0.45046	0.24574	0.02044	0.03084	0.03282	0.02330	0.02961	0.01996	0.02556	0.01484	0.01726	0.01238	0.00861	0.00726	0.00242	0.01175	0.00587	0.00413	0.01310
80	0.02780	0.55155	0.04651	0.01812	0.02581	0.14524	0.01698	0.03080	0.02112	0.02297	0.01375	0.01590	0.01245	0.00860	0.00668	0.00215	0.01167	0.00538	0.00430	0.01222
81	0.02182	0.22168	0.38220	0.02830	0.10384	0.02707	0.02962	0.03010	0.02044	0.02857	0.01638	0.01949	0.01269	0.00888	0.00840	0.00276	0.01286	0.00678	0.00419	0.01391
82	0.02454	0.53526	0.16876	0.01892	0.02848	0.03500	0.02065	0.02937	0.01986	0.02447	0.01430	0.01659	0.01240	0.00849	0.00685	0.00228	0.01120	0.00560	0.00413	0.01284

[dist]
# distance from previous block
# <min> <max>
1	35

[block]
# block no. 1 follows, 16 sequences, length 14
# corresponding to MSA columns:
# 123-136
name=unknown_B
#
# <colnr> <probs for GDERKNQSTAVLIFYWHMCP>
#	G	D	E	R	K	N	Q	S	T	A	V	L	I	F	Y	W	H	M	C	P
0	0.08754	0.14413	0.03569	0.03140	0.18716	0.02569	0.06595	0.10918	0.06591	0.12244	0.02232	0.02403	0.01684	0.00982	0.00887	0.00282	0.01048	0.00829	0.00692	0.01453
1	0.01944	0.05013	0.60917	0.02762	0.04195	0.02251	0.03581	0.03069	0.02046	0.03069	0.01739	0.02046	0.01228	0.00921	0.00921	0.00307	0.01432	0.00716	0.00409	0.01432
2	0.02289	0.35472	0.29526	0.02299	0.03402	0.03052	0.06065	0.02988	0.02024	0.02679	0.01559	0.01839	0.01252	0.00868	0.00787	0.00259	0.01248	0.00646	0.00417	0.01330
3	0.01436	0.01026	0.01418	0.01641	0.01810	0.01007	0.01344	0.01791	0.02107	0.02760	0.05201	0.28854	0.05852	0.02796	0.01305	0.00429	0.00784	0.36687	0.00895	0.00858
4	0.01388	0.01025	0.01487	0.01487	0.01636	0.01173	0.01124	0.01686	0.01537	0.02198	0.02660	0.04163	0.02577	0.15503	0.54075	0.01471	0.02364	0.01090	0.00529	0.00826
5	0.03528	0.02564	0.02742	0.02120	0.02850	0.02831	0.01745	0.52138	0.04347	0.05901	0.02396	0.02434	0.01718	0.01161	0.00945	0.00285	0.01015	0.00875	0.06819	0.01586
6	0.01380	0.00974	0.01274	0.01292	0.01369	0.01042	0.00876	0.01540	0.01508	0.02084	0.03045	0.10035	0.03292	0.36112	0.28747	0.01156	0.01608	0.01362	0.00584	0.00721
7	0.01372	0.00991	0.01296	0.01219	0.01448	0.00914	0.00914	0.01829	0.02743	0.03887	0.59381	0.07240	0.09145	0.01981	0.01143	0.00305	0.00457	0.01753	0.01067	0.00914
8	0.02591	0.02172	0.02293	0.02009	0.02589	0.02495	0.01578	0.12444	0.50554	0.04345	0.03716	0.03434	0.02773	0.01293	0.00984	0.00323	0.00809	0.01064	0.00984	0.01550
9	0.01318	0.00952	0.01268	0.01286	0.01460	0.00903	0.00935	0.01682	0.02387	0.03340	0.38967	0.23710	0.07786	0.02734	0.06339	0.00437	0.00669	0.01982	0.00972	0.00874
10	0.03544	0.01561	0.02027	0.01612	0.02227	0.01424	0.01309	0.08400	0.02866	0.41073	0.14176	0.03986	0.03620	0.01340	0.00985	0.00295	0.00749	0.01108	0.06244	0.01456
11	0.07677	0.36540	0.27545	0.02079	0.03136	0.03063	0.02395	0.02966	0.01976	0.02759	0.01507	0.01756	0.01222	0.00872	0.00742	0.00255	0.01176	0.00599	0.00427	0.01306
12	0.07675	0.45640	0.08508	0.01805	0.02608	0.07235	0.01758	0.03237	0.08576	0.02703	0.01691	0.01847	0.01429	0.00909	0.00702	0.00238	0.01060	0.00608	0.00500	0.01270
13	0.02273	0.02335	0.04484	0.03236	0.04124	0.02161	0.37797	0.06899	0.02438	0.03397	0.06111	0.02814	0.02034	0.00909	0.01050	0.00288	0.01332	0.01060	0.00584	0.14674

[dist]
# distance from previous block
# <min> <max>
2	7

[block]
# block no. 2 follows, 16 sequences, length 8
# corresponding to MSA columns:
# 144-151
name=unknown_C
#
# <colnr> <probs for GDERKNQSTAVLIFYWHMCP>
#	G	D	E	R	K	N	Q	S	T	A	V	L	I	F	Y	W	H	M	C	P
0	0.01975	0.02044	0.07404	0.04235	0.36935	0.01815	0.02358	0.02463	0.02082	0.02938	0.02941	0.22473	0.03069	0.01562	0.01045	0.00323	0.00985	0.01457	0.00609	0.01288
1	0.72785	0.01874	0.01425	0.01275	0.01874	0.02174	0.01050	0.02849	0.01649	0.04348	0.01350	0.01574	0.01050	0.00900	0.00600	0.00300	0.00750	0.00525	0.00600	0.01050
2	0.02187	0.01852	0.02011	0.01793	0.02303	0.02050	0.01390	0.04332	0.43709	0.03958	0.14163	0.04178	0.04007	0.01397	0.00996	0.00311	0.00705	0.01181	0.00972	0.06505
3	0.01982	0.07384	0.06545	0.02517	0.15687	0.01630	0.01688	0.02485	0.02473	0.07846	0.29610	0.05027	0.08211	0.01504	0.01025	0.00293	0.00772	0.01315	0.00825	0.01179
4	0.01318	0.00970	0.01233	0.01206	0.01425	0.00885	0.00890	0.01710	0.02559	0.03538	0.45926	0.15093	0.15287	0.02180	0.01156	0.00319	0.00475	0.01921	0.01024	0.00885
5	0.01279	0.00952	0.01190	0.01203	0.01409	0.00863	0.00875	0.01621	0.02415	0.03280	0.35948	0.22025	0.18697	0.02338	0.01167	0.00331	0.00490	0.02060	0.00992	0.00863
6	0.02360	0.29306	0.15773	0.02586	0.03542	0.02977	0.17278	0.03251	0.08558	0.02868	0.01895	0.02184	0.01502	0.00900	0.00868	0.00274	0.01249	0.00798	0.00501	0.01332
7	0.03013	0.28124	0.10271	0.01948	0.02689	0.02731	0.01878	0.03423	0.02163	0.21316	0.02185	0.02268	0.01622	0.01098	0.01177	0.00283	0.11031	0.00742	0.00671	0.01368

[dist]
# distance from previous block
# <min> <max>
0	1

# created by:
# /st0/software/busco_prod/Augustus/scripts/msa2prfl.pl ./align_prep/8778.fa
