[name]
unknown

[dist]
# distance from previous block
# <min> <max>
0	257

[block]
# block no. 0 follows, 10 sequences, length 23
# corresponding to MSA columns:
# 315-337
name=unknown_A
#
# <colnr> <probs for GDERKNQSTAVLIFYWHMCP>
#	G	D	E	R	K	N	Q	S	T	A	V	L	I	F	Y	W	H	M	C	P
0	0.01714	0.01269	0.01640	0.01795	0.02006	0.01259	0.01354	0.02361	0.07180	0.03572	0.13875	0.33330	0.07602	0.03117	0.01466	0.00462	0.00775	0.13008	0.01122	0.01090
1	0.03783	0.15054	0.17438	0.02562	0.03715	0.03085	0.02614	0.16336	0.03484	0.16713	0.02811	0.02805	0.01967	0.01246	0.01065	0.00337	0.01321	0.00941	0.00914	0.01810
2	0.01847	0.01189	0.01543	0.01552	0.01812	0.01082	0.01126	0.02230	0.02825	0.08094	0.26243	0.27836	0.12513	0.02838	0.01398	0.00409	0.00640	0.02520	0.01199	0.01105
3	0.02823	0.02508	0.02817	0.02505	0.03030	0.03027	0.01982	0.05501	0.40134	0.04450	0.04090	0.03979	0.03144	0.01670	0.01712	0.00417	0.12180	0.01255	0.01048	0.01727
4	0.01994	0.01244	0.01865	0.12475	0.02773	0.01348	0.01399	0.01841	0.01711	0.02255	0.02338	0.04211	0.02339	0.13780	0.04124	0.40775	0.01141	0.01142	0.00545	0.00700
5	0.02180	0.01206	0.01620	0.01710	0.01944	0.01098	0.01206	0.02432	0.02448	0.12950	0.06044	0.47443	0.06726	0.03201	0.01421	0.00450	0.00738	0.02877	0.01152	0.01152
6	0.54868	0.02195	0.01908	0.01638	0.02394	0.02428	0.01350	0.03870	0.02250	0.14747	0.02216	0.02305	0.01585	0.01152	0.00810	0.00360	0.00918	0.00738	0.00864	0.01404
7	0.02890	0.02552	0.03050	0.03325	0.12832	0.02867	0.02188	0.05656	0.40309	0.04651	0.04223	0.04046	0.03207	0.01469	0.01177	0.00385	0.01013	0.01259	0.01061	0.01841
8	0.04037	0.03322	0.03487	0.02781	0.03495	0.08206	0.02281	0.34990	0.04531	0.06014	0.02448	0.02680	0.01844	0.01507	0.01686	0.00377	0.12541	0.01014	0.00981	0.01779
9	0.04421	0.03258	0.03490	0.02676	0.03607	0.03607	0.02211	0.47993	0.05468	0.07330	0.02792	0.02792	0.01978	0.01396	0.01163	0.00349	0.01280	0.01047	0.01163	0.01978
10	0.67341	0.02249	0.01709	0.01529	0.02249	0.02609	0.01260	0.03419	0.01979	0.05218	0.01619	0.01889	0.01260	0.01080	0.00720	0.00360	0.00900	0.00630	0.00720	0.01260
11	0.04323	0.03162	0.03079	0.02509	0.03322	0.11685	0.02012	0.21173	0.13139	0.18141	0.03477	0.03284	0.02441	0.01409	0.01149	0.00352	0.01273	0.01081	0.01144	0.01844
12	0.02412	0.02067	0.02412	0.01723	0.02756	0.01550	0.01378	0.02929	0.02412	0.03790	0.02067	0.02412	0.01723	0.00861	0.00861	0.00172	0.00861	0.00689	0.00689	0.66236
13	0.03486	0.02793	0.02964	0.02487	0.03250	0.03170	0.01984	0.22407	0.32577	0.05822	0.03980	0.03739	0.02940	0.01507	0.01176	0.00377	0.01060	0.01211	0.01176	0.01894
14	0.01874	0.01451	0.01912	0.02069	0.06972	0.01328	0.01290	0.02222	0.02457	0.03477	0.17249	0.15256	0.06076	0.17786	0.02532	0.00559	0.00868	0.01851	0.00917	0.11854
15	0.02748	0.09045	0.12435	0.18859	0.12613	0.02989	0.02992	0.07774	0.11564	0.03938	0.02606	0.03030	0.01989	0.01213	0.01112	0.00361	0.01380	0.01015	0.00701	0.01637
16	0.02196	0.02067	0.03488	0.56331	0.08010	0.02584	0.03230	0.02972	0.02326	0.02972	0.02067	0.03101	0.01550	0.01163	0.01163	0.00388	0.01550	0.01034	0.00517	0.01292
17	0.04345	0.05543	0.03296	0.02996	0.03596	0.54457	0.02247	0.04644	0.03296	0.02846	0.01798	0.02097	0.01498	0.01199	0.01049	0.00300	0.02097	0.00749	0.00599	0.01348
18	0.01618	0.01188	0.01516	0.01434	0.01720	0.01085	0.01075	0.02140	0.03226	0.04506	0.47160	0.08948	0.15170	0.02437	0.01372	0.00369	0.00553	0.02140	0.01260	0.01085
19	0.04421	0.03258	0.03490	0.02676	0.03607	0.03607	0.02211	0.47993	0.05468	0.07330	0.02792	0.02792	0.01978	0.01396	0.01163	0.00349	0.01280	0.01047	0.01163	0.01978
20	0.03293	0.01830	0.02013	0.01685	0.02242	0.01882	0.01346	0.15663	0.03420	0.13153	0.03650	0.03849	0.02688	0.01380	0.00968	0.00307	0.00819	0.01088	0.37246	0.01478
21	0.01990	0.01634	0.01841	0.01791	0.02187	0.01726	0.01344	0.03395	0.19769	0.03846	0.11223	0.17324	0.16855	0.03046	0.06072	0.00539	0.00949	0.02067	0.01097	0.01305
22	0.16590	0.01883	0.02206	0.01872	0.02524	0.01843	0.01486	0.07553	0.03013	0.25815	0.08101	0.14422	0.04093	0.01871	0.01157	0.00381	0.00897	0.01545	0.01189	0.01560

[dist]
# distance from previous block
# <min> <max>
3	30

[block]
# block no. 1 follows, 10 sequences, length 19
# corresponding to MSA columns:
# 369-387
name=unknown_B
#
# <colnr> <probs for GDERKNQSTAVLIFYWHMCP>
#	G	D	E	R	K	N	Q	S	T	A	V	L	I	F	Y	W	H	M	C	P
0	0.09994	0.13528	0.07799	0.02515	0.07815	0.02595	0.02028	0.03774	0.06363	0.08994	0.02432	0.02622	0.01890	0.01069	0.00933	0.00280	0.01084	0.00821	0.00747	0.22716
1	0.09795	0.25391	0.08676	0.02893	0.08384	0.08220	0.02393	0.08372	0.02712	0.03702	0.01851	0.02229	0.01561	0.01205	0.01261	0.00327	0.08085	0.00792	0.00611	0.01538
2	0.03945	0.14233	0.16987	0.02462	0.03604	0.02756	0.02519	0.09837	0.03169	0.24516	0.03133	0.03015	0.02128	0.01260	0.01071	0.00340	0.01269	0.00967	0.00972	0.01816
3	0.01954	0.01537	0.01718	0.01604	0.02016	0.01512	0.01218	0.07113	0.08779	0.04202	0.20867	0.13730	0.24256	0.02530	0.01341	0.00389	0.00697	0.02160	0.01159	0.01217
4	0.01879	0.01337	0.02085	0.01884	0.02065	0.01378	0.05824	0.01966	0.01804	0.02473	0.02927	0.05165	0.02995	0.23587	0.19321	0.18748	0.01764	0.01345	0.00615	0.00837
5	0.01508	0.01098	0.01440	0.01680	0.01825	0.01031	0.01224	0.01790	0.02367	0.03094	0.06943	0.43798	0.12246	0.03478	0.01498	0.00477	0.00748	0.11702	0.01078	0.00975
6	0.01658	0.01172	0.01478	0.01411	0.01611	0.01105	0.00992	0.02059	0.02862	0.04017	0.38466	0.08398	0.09161	0.17630	0.02594	0.00571	0.00704	0.01993	0.01126	0.00992
7	0.03109	0.59826	0.06095	0.01990	0.02985	0.04602	0.01990	0.03483	0.02363	0.02736	0.01617	0.01866	0.01493	0.00995	0.00746	0.00249	0.01244	0.00622	0.00498	0.01493
8	0.02857	0.01286	0.01449	0.01307	0.01720	0.01225	0.01016	0.03378	0.02640	0.15257	0.03973	0.04251	0.02958	0.01374	0.00894	0.00291	0.00643	0.01103	0.51091	0.01286
9	0.67341	0.02249	0.01709	0.01529	0.02249	0.02609	0.01260	0.03419	0.01979	0.05218	0.01619	0.01889	0.01260	0.01080	0.00720	0.00360	0.00900	0.00630	0.00720	0.01260
10	0.02333	0.06016	0.53100	0.03315	0.05034	0.02701	0.04297	0.03683	0.02455	0.03683	0.02087	0.02455	0.01473	0.01105	0.01105	0.00368	0.01719	0.00859	0.00491	0.01719
11	0.50645	0.02177	0.01975	0.01675	0.02443	0.02367	0.01380	0.04023	0.02342	0.17973	0.02417	0.02445	0.01695	0.01176	0.00841	0.00360	0.00924	0.00775	0.00913	0.01453
12	0.03563	0.02831	0.03007	0.02502	0.03280	0.03206	0.02003	0.24503	0.30357	0.05945	0.03883	0.03661	0.02861	0.01498	0.01175	0.00375	0.01078	0.01198	0.01175	0.01901
13	0.02642	0.02216	0.03813	0.13204	0.04452	0.02443	0.14347	0.03240	0.02429	0.08401	0.02956	0.09074	0.02562	0.01612	0.01773	0.00407	0.13121	0.01382	0.08557	0.01371
14	0.02762	0.02441	0.03214	0.20495	0.04600	0.07133	0.02508	0.03244	0.02410	0.08174	0.07302	0.03486	0.02670	0.01649	0.02168	0.00420	0.22157	0.01130	0.00696	0.01339
15	0.02745	0.03137	0.06863	0.04902	0.06078	0.02941	0.47647	0.03725	0.02745	0.03725	0.02353	0.03137	0.01765	0.00980	0.01373	0.00392	0.01961	0.01373	0.00588	0.01569
16	0.01457	0.01062	0.01383	0.01624	0.01746	0.00987	0.01137	0.01702	0.02316	0.03037	0.06949	0.48969	0.12183	0.03528	0.01485	0.00470	0.00705	0.07219	0.01079	0.00961
17	0.02142	0.02406	0.09210	0.18672	0.04777	0.02234	0.07543	0.02832	0.02416	0.03259	0.03590	0.11334	0.03575	0.02031	0.01603	0.00447	0.07084	0.12841	0.00727	0.01277
18	0.02828	0.02282	0.03710	0.27900	0.10792	0.02507	0.07681	0.07946	0.02873	0.08748	0.02939	0.04349	0.02407	0.01430	0.01239	0.00395	0.01434	0.06287	0.00759	0.01494

[dist]
# distance from previous block
# <min> <max>
1	3

[block]
# block no. 2 follows, 10 sequences, length 39
# corresponding to MSA columns:
# 391-429
name=unknown_C
#
# <colnr> <probs for GDERKNQSTAVLIFYWHMCP>
#	G	D	E	R	K	N	Q	S	T	A	V	L	I	F	Y	W	H	M	C	P
0	0.29738	0.02771	0.02747	0.07857	0.07511	0.08536	0.01992	0.08650	0.02650	0.04527	0.01902	0.02324	0.01513	0.01194	0.01159	0.00349	0.05834	0.00804	0.00706	0.07235
1	0.01603	0.01141	0.01438	0.01559	0.01747	0.01068	0.01146	0.01833	0.02387	0.03099	0.10985	0.23734	0.17086	0.08730	0.02206	0.06996	0.00797	0.10515	0.01003	0.00925
2	0.02956	0.38493	0.11421	0.03488	0.15935	0.03894	0.02679	0.03529	0.02448	0.03127	0.01822	0.02200	0.01581	0.01019	0.00895	0.00288	0.01337	0.00758	0.00517	0.01611
3	0.02156	0.01496	0.01886	0.01691	0.02203	0.01301	0.01279	0.02528	0.02386	0.08378	0.04928	0.21073	0.09445	0.03337	0.10212	0.00595	0.01168	0.01834	0.00920	0.21186
4	0.04546	0.02377	0.02877	0.02234	0.03080	0.02358	0.01834	0.21203	0.04129	0.30639	0.08779	0.04014	0.03384	0.01521	0.01188	0.00356	0.01053	0.01221	0.01319	0.01887
5	0.02919	0.02784	0.09412	0.14587	0.22237	0.02504	0.02927	0.07823	0.02792	0.08551	0.02625	0.03541	0.02145	0.08167	0.01728	0.00453	0.01375	0.01108	0.00712	0.01610
6	0.01487	0.01183	0.01334	0.01296	0.01640	0.01030	0.00972	0.01886	0.02916	0.03771	0.28102	0.10157	0.34687	0.02711	0.01373	0.00382	0.00572	0.02309	0.01163	0.01030
7	0.02726	0.10006	0.15340	0.18488	0.10058	0.03011	0.03041	0.07890	0.10699	0.03912	0.02548	0.02964	0.01933	0.01208	0.01103	0.00360	0.01405	0.00994	0.00686	0.01627
8	0.11140	0.02327	0.03271	0.17756	0.13631	0.02465	0.02479	0.09021	0.03009	0.19248	0.02898	0.03147	0.02031	0.01241	0.01111	0.00363	0.01238	0.01030	0.00910	0.01682
9	0.01429	0.01163	0.01265	0.01277	0.01614	0.00999	0.00943	0.01760	0.02724	0.03403	0.18468	0.15651	0.39422	0.02914	0.01386	0.00396	0.00591	0.02479	0.01117	0.00999
10	0.01676	0.01134	0.01338	0.01397	0.01432	0.01126	0.00865	0.01753	0.01853	0.02462	0.04242	0.14291	0.04890	0.46906	0.04958	0.00990	0.01067	0.06061	0.00786	0.00770
11	0.01434	0.01181	0.01260	0.01240	0.01607	0.01007	0.00930	0.01784	0.02791	0.03474	0.20403	0.10646	0.42571	0.02822	0.01374	0.00387	0.00580	0.02378	0.01124	0.01007
12	0.02893	0.02498	0.02630	0.02367	0.03024	0.02893	0.01841	0.06180	0.49770	0.04865	0.04734	0.04339	0.03550	0.01578	0.01183	0.00394	0.00920	0.01315	0.01183	0.01841
13	0.02545	0.02545	0.03562	0.03053	0.03053	0.03562	0.02545	0.02799	0.01781	0.02799	0.01527	0.02545	0.01527	0.02036	0.03817	0.00509	0.56997	0.01018	0.00509	0.01272
14	0.02186	0.01428	0.01898	0.02031	0.02348	0.01421	0.01666	0.02881	0.06858	0.08333	0.05936	0.22199	0.06273	0.02994	0.01496	0.00490	0.00955	0.26288	0.01119	0.01199
15	0.02545	0.02545	0.03562	0.03053	0.03053	0.03562	0.02545	0.02799	0.01781	0.02799	0.01527	0.02545	0.01527	0.02036	0.03817	0.00509	0.56997	0.01018	0.00509	0.01272
16	0.67341	0.02249	0.01709	0.01529	0.02249	0.02609	0.01260	0.03419	0.01979	0.05218	0.01619	0.01889	0.01260	0.01080	0.00720	0.00360	0.00900	0.00630	0.00720	0.01260
17	0.03109	0.59826	0.06095	0.01990	0.02985	0.04602	0.01990	0.03483	0.02363	0.02736	0.01617	0.01866	0.01493	0.00995	0.00746	0.00249	0.01244	0.00622	0.00498	0.01493
18	0.02545	0.02545	0.03562	0.03053	0.03053	0.03562	0.02545	0.02799	0.01781	0.02799	0.01527	0.02545	0.01527	0.02036	0.03817	0.00509	0.56997	0.01018	0.00509	0.01272
19	0.01962	0.01108	0.01108	0.01108	0.01411	0.01057	0.00831	0.02440	0.02494	0.04026	0.05870	0.06118	0.15562	0.01768	0.00959	0.00303	0.00554	0.01440	0.48822	0.01057
20	0.01691	0.01128	0.01268	0.01268	0.01268	0.01128	0.00705	0.01691	0.01691	0.02255	0.03665	0.07611	0.04228	0.59126	0.05920	0.01128	0.01128	0.01691	0.00705	0.00705
21	0.67341	0.02249	0.01709	0.01529	0.02249	0.02609	0.01260	0.03419	0.01979	0.05218	0.01619	0.01889	0.01260	0.01080	0.00720	0.00360	0.00900	0.00630	0.00720	0.01260
22	0.01435	0.01047	0.01352	0.01558	0.01680	0.00963	0.01061	0.01681	0.02375	0.03152	0.11342	0.48607	0.12569	0.03448	0.01462	0.00454	0.00654	0.03100	0.01099	0.00963
23	0.21890	0.02254	0.02370	0.01820	0.02735	0.02125	0.01481	0.08827	0.02758	0.10117	0.02307	0.02479	0.01748	0.01054	0.00891	0.00269	0.00937	0.00769	0.00840	0.32326
24	0.45230	0.02367	0.02144	0.01825	0.02585	0.02656	0.01492	0.09381	0.07919	0.10992	0.02458	0.02516	0.01793	0.01216	0.00878	0.00362	0.00959	0.00820	0.00910	0.01496
25	0.02169	0.01396	0.01802	0.01835	0.02149	0.01366	0.01410	0.02884	0.07992	0.09443	0.14748	0.26667	0.07097	0.02815	0.01417	0.00443	0.00798	0.11175	0.01171	0.01223
26	0.01397	0.01091	0.01268	0.01409	0.01632	0.00962	0.00986	0.01643	0.02429	0.03051	0.08973	0.35860	0.28545	0.03311	0.01432	0.00434	0.00634	0.02900	0.01080	0.00962
27	0.02821	0.02501	0.07948	0.08709	0.08689	0.02232	0.11745	0.03888	0.08340	0.09680	0.03207	0.03600	0.02386	0.01239	0.01113	0.00350	0.01232	0.01153	0.17631	0.01535
28	0.04425	0.01815	0.02473	0.02006	0.02762	0.01596	0.01656	0.04896	0.03251	0.41536	0.10230	0.05540	0.04255	0.01748	0.01242	0.00380	0.00947	0.06087	0.01380	0.01774
29	0.01522	0.01150	0.01405	0.01412	0.01679	0.01033	0.01032	0.01928	0.02894	0.03885	0.30875	0.19351	0.22002	0.02795	0.01395	0.00395	0.00586	0.02446	0.01182	0.01033
30	0.03569	0.21397	0.03894	0.02153	0.02982	0.03461	0.01877	0.24925	0.03883	0.05264	0.02594	0.02777	0.02007	0.01257	0.00961	0.00302	0.01130	0.00915	0.13001	0.01651
31	0.13798	0.03329	0.18802	0.08882	0.04214	0.02307	0.06659	0.03720	0.02578	0.13359	0.03605	0.03770	0.07346	0.01368	0.01113	0.00372	0.01313	0.01126	0.00793	0.01546
32	0.04576	0.01909	0.02648	0.08540	0.03432	0.01758	0.01812	0.05073	0.03127	0.42278	0.04211	0.03889	0.02728	0.01398	0.01136	0.00355	0.01017	0.01145	0.07152	0.01815
33	0.02353	0.02227	0.03771	0.45052	0.18066	0.02625	0.03308	0.03109	0.02400	0.03161	0.02095	0.03050	0.01617	0.01134	0.01160	0.00378	0.01512	0.01034	0.00530	0.01418
34	0.03270	0.02399	0.07940	0.14105	0.04113	0.02136	0.02252	0.07999	0.07003	0.19123	0.03965	0.13723	0.03318	0.01764	0.01221	0.00390	0.01150	0.01509	0.01024	0.01596
35	0.21833	0.03231	0.16994	0.14177	0.04456	0.02447	0.02652	0.03853	0.02466	0.13930	0.02455	0.02738	0.01714	0.01178	0.01019	0.00368	0.01295	0.00894	0.00756	0.01544
36	0.16822	0.02178	0.02457	0.08604	0.03320	0.02447	0.01809	0.08532	0.16135	0.09973	0.03535	0.07970	0.02875	0.02174	0.05694	0.00511	0.01204	0.01250	0.00973	0.01535
37	0.09717	0.02166	0.03098	0.02649	0.07176	0.01960	0.07080	0.03920	0.02671	0.19427	0.02966	0.03173	0.02168	0.01810	0.05902	0.00445	0.01283	0.00996	0.00904	0.20488
38	0.02889	0.09316	0.03572	0.12939	0.12511	0.02849	0.02432	0.13082	0.08649	0.04304	0.03292	0.08923	0.02974	0.01642	0.01185	0.00378	0.01226	0.05416	0.00847	0.01574

[dist]
# distance from previous block
# <min> <max>
0	27

[block]
# block no. 3 follows, 10 sequences, length 13
# corresponding to MSA columns:
# 458-470
name=unknown_D
#
# <colnr> <probs for GDERKNQSTAVLIFYWHMCP>
#	G	D	E	R	K	N	Q	S	T	A	V	L	I	F	Y	W	H	M	C	P
0	0.02889	0.06621	0.07539	0.02460	0.03339	0.02146	0.09738	0.03773	0.07287	0.13418	0.10142	0.04838	0.09283	0.01536	0.01179	0.00341	0.01112	0.01362	0.00956	0.10038
1	0.10478	0.07843	0.03415	0.07704	0.03595	0.02543	0.09275	0.03372	0.08674	0.03837	0.08173	0.04407	0.08773	0.01540	0.01345	0.00363	0.05762	0.01279	0.00794	0.06829
2	0.11244	0.03509	0.19930	0.02856	0.04012	0.02314	0.11274	0.03666	0.02635	0.10105	0.07215	0.03307	0.02640	0.01215	0.01111	0.00347	0.01348	0.01068	0.00760	0.09443
3	0.10818	0.01984	0.02321	0.07019	0.03081	0.01736	0.01510	0.02908	0.02454	0.04003	0.07988	0.03174	0.02769	0.01104	0.00934	0.00242	0.00896	0.00887	0.00748	0.43426
4	0.01764	0.01378	0.01741	0.01796	0.01949	0.01476	0.01281	0.02372	0.08049	0.03335	0.11343	0.34824	0.06675	0.08518	0.02097	0.00517	0.06254	0.02523	0.01026	0.01082
5	0.02188	0.01980	0.02864	0.20868	0.04381	0.02455	0.02303	0.02973	0.07017	0.03444	0.12270	0.08766	0.04115	0.01892	0.01968	0.00425	0.16583	0.01457	0.00778	0.01273
6	0.01530	0.01184	0.01394	0.01342	0.01666	0.01048	0.01006	0.01971	0.03019	0.04015	0.34424	0.09756	0.28212	0.02620	0.01373	0.00377	0.00566	0.02253	0.01195	0.01048
7	0.01830	0.01415	0.01811	0.01758	0.02037	0.01551	0.01325	0.02652	0.09635	0.03273	0.10257	0.06045	0.08780	0.12386	0.28551	0.01219	0.01969	0.01533	0.00846	0.01126
8	0.67341	0.02249	0.01709	0.01529	0.02249	0.02609	0.01260	0.03419	0.01979	0.05218	0.01619	0.01889	0.01260	0.01080	0.00720	0.00360	0.00900	0.00630	0.00720	0.01260
9	0.02412	0.02067	0.02412	0.01723	0.02756	0.01550	0.01378	0.02929	0.02412	0.03790	0.02067	0.02412	0.01723	0.00861	0.00861	0.00172	0.00861	0.00689	0.00689	0.66236
10	0.02330	0.01999	0.02490	0.02203	0.07093	0.01585	0.01540	0.02824	0.02410	0.03688	0.02619	0.09425	0.02477	0.01224	0.00965	0.00225	0.00885	0.01047	0.00727	0.52242
11	0.47925	0.03374	0.17059	0.02063	0.03081	0.02637	0.02167	0.03498	0.02122	0.04760	0.01759	0.02058	0.01323	0.01087	0.00835	0.00362	0.01144	0.00698	0.00651	0.01397
12	0.01439	0.01065	0.01346	0.01520	0.01673	0.00971	0.01047	0.01704	0.02443	0.03222	0.13257	0.43400	0.15950	0.03353	0.01450	0.00444	0.00643	0.02996	0.01106	0.00971

[dist]
# distance from previous block
# <min> <max>
1	18

[block]
# block no. 4 follows, 10 sequences, length 16
# corresponding to MSA columns:
# 489-504
name=unknown_E
#
# <colnr> <probs for GDERKNQSTAVLIFYWHMCP>
#	G	D	E	R	K	N	Q	S	T	A	V	L	I	F	Y	W	H	M	C	P
0	0.02013	0.01586	0.01892	0.01980	0.02289	0.01690	0.01499	0.03338	0.18587	0.03720	0.05786	0.30839	0.06075	0.02851	0.01406	0.00458	0.00838	0.10763	0.01113	0.01277
1	0.02711	0.09214	0.03186	0.06151	0.03310	0.08153	0.01855	0.03167	0.02405	0.03356	0.01906	0.02384	0.01629	0.01110	0.01326	0.00261	0.09358	0.00762	0.00618	0.37138
2	0.02047	0.01232	0.01596	0.01583	0.01879	0.01112	0.01155	0.02411	0.02789	0.10865	0.21540	0.28526	0.13128	0.02821	0.01388	0.00411	0.00670	0.02497	0.01199	0.01152
3	0.01762	0.01442	0.01771	0.01648	0.02021	0.01374	0.01284	0.02165	0.02659	0.03618	0.18677	0.13445	0.20023	0.02498	0.01567	0.00386	0.06124	0.05867	0.01019	0.10651
4	0.02118	0.01303	0.01648	0.01495	0.01886	0.01164	0.01145	0.02601	0.03169	0.11428	0.36502	0.08492	0.17857	0.02353	0.01343	0.00370	0.00622	0.02036	0.01264	0.01204
5	0.02936	0.02457	0.02620	0.02316	0.02966	0.02802	0.01811	0.10125	0.40939	0.05101	0.08802	0.04579	0.04069	0.01633	0.01199	0.00387	0.00923	0.01360	0.01190	0.01787
6	0.12641	0.04849	0.37867	0.02860	0.04306	0.02541	0.03454	0.03935	0.02512	0.11129	0.02384	0.02591	0.01648	0.01150	0.01056	0.00366	0.01487	0.00870	0.00665	0.01687
7	0.01526	0.01012	0.01379	0.01601	0.01656	0.00956	0.01067	0.01601	0.02098	0.02798	0.05618	0.48470	0.06669	0.03715	0.02037	0.12329	0.00735	0.02892	0.00976	0.00865
8	0.02511	0.02006	0.02391	0.07857	0.03100	0.02199	0.01729	0.10291	0.18318	0.04938	0.23985	0.05831	0.06266	0.01847	0.01259	0.00375	0.00883	0.01581	0.01150	0.01485
9	0.02376	0.01995	0.06884	0.01942	0.02368	0.01774	0.01627	0.03143	0.07950	0.09077	0.11843	0.13339	0.04960	0.10462	0.02195	0.00503	0.06955	0.01688	0.07641	0.01278
10	0.02960	0.26194	0.04074	0.02001	0.02968	0.03173	0.01768	0.08155	0.07822	0.03834	0.02243	0.02433	0.01851	0.01049	0.00880	0.00246	0.01069	0.00766	0.00712	0.25801
11	0.10151	0.02598	0.07389	0.02003	0.03042	0.02035	0.01779	0.08572	0.02821	0.09629	0.02376	0.02569	0.01802	0.01034	0.00937	0.00253	0.01011	0.00792	0.00809	0.38399
12	0.08735	0.15277	0.03683	0.19522	0.04601	0.08645	0.02290	0.04052	0.05844	0.12907	0.02573	0.02866	0.01903	0.01205	0.01023	0.00340	0.01336	0.00923	0.00764	0.01511
13	0.10339	0.08324	0.09697	0.07928	0.11790	0.02599	0.09186	0.03887	0.02657	0.14055	0.02874	0.03668	0.02245	0.01294	0.01130	0.00368	0.01347	0.04205	0.00790	0.01615
14	0.16960	0.02036	0.02608	0.02481	0.08353	0.01943	0.01767	0.04590	0.02976	0.32202	0.08900	0.03945	0.03334	0.01425	0.01100	0.00359	0.00968	0.01150	0.01178	0.01722
15	0.07525	0.02148	0.02782	0.10454	0.03484	0.02486	0.02000	0.03446	0.07317	0.08851	0.02629	0.03499	0.02221	0.08156	0.02413	0.00473	0.17384	0.01070	0.00751	0.10912

[dist]
# distance from previous block
# <min> <max>
20	125

[block]
# block no. 5 follows, 10 sequences, length 11
# corresponding to MSA columns:
# 670-680
name=unknown_F
#
# <colnr> <probs for GDERKNQSTAVLIFYWHMCP>
#	G	D	E	R	K	N	Q	S	T	A	V	L	I	F	Y	W	H	M	C	P
0	0.10848	0.02672	0.06970	0.02502	0.07360	0.09576	0.01908	0.03509	0.03000	0.11698	0.21502	0.05029	0.05397	0.01656	0.01167	0.00353	0.01074	0.01363	0.00996	0.01418
1	0.03299	0.10841	0.03101	0.09981	0.03434	0.02338	0.01860	0.09113	0.03284	0.17950	0.17239	0.04754	0.04735	0.01600	0.01162	0.00347	0.01018	0.01324	0.01077	0.01543
2	0.12555	0.02303	0.03805	0.06851	0.03979	0.02433	0.16910	0.03201	0.02430	0.07617	0.03630	0.10436	0.06942	0.01707	0.01616	0.00411	0.09548	0.01500	0.00766	0.01361
3	0.02788	0.03298	0.18136	0.02919	0.03828	0.02381	0.09565	0.03464	0.02469	0.10687	0.05539	0.03306	0.02416	0.01662	0.01970	0.07220	0.10724	0.01095	0.00715	0.05821
4	0.39479	0.01773	0.01662	0.01633	0.02096	0.01972	0.01295	0.02760	0.02049	0.04201	0.02967	0.10805	0.03001	0.02162	0.01516	0.10136	0.00915	0.07712	0.00786	0.01080
5	0.01921	0.01570	0.02023	0.07351	0.02799	0.01373	0.01430	0.02316	0.02316	0.03318	0.04113	0.28837	0.04516	0.02203	0.01186	0.00336	0.00845	0.01958	0.00855	0.28734
6	0.02972	0.02072	0.02434	0.02087	0.02630	0.02243	0.01640	0.16232	0.10886	0.09159	0.10885	0.04851	0.04093	0.07957	0.13690	0.00768	0.01487	0.01362	0.01050	0.01503
7	0.02020	0.01010	0.01515	0.01515	0.01515	0.01010	0.01010	0.01515	0.01515	0.02020	0.02020	0.03535	0.02020	0.04040	0.04545	0.66162	0.01010	0.01010	0.00505	0.00505
8	0.02538	0.02916	0.11921	0.07573	0.03684	0.02562	0.02320	0.04820	0.29571	0.04435	0.10870	0.04514	0.04072	0.01569	0.01195	0.00385	0.01074	0.01320	0.01005	0.01656
9	0.02074	0.01253	0.01596	0.01553	0.01880	0.01122	0.01146	0.02451	0.02841	0.11250	0.22513	0.24154	0.16208	0.02739	0.01377	0.00404	0.00664	0.02406	0.01204	0.01164
10	0.02385	0.02629	0.10661	0.06208	0.06757	0.02197	0.02208	0.07382	0.02532	0.03607	0.02977	0.11635	0.02952	0.10532	0.02208	0.00482	0.08037	0.01384	0.00725	0.12501

[dist]
# distance from previous block
# <min> <max>
0	13

[block]
# block no. 6 follows, 10 sequences, length 27
# corresponding to MSA columns:
# 694-720
name=unknown_G
#
# <colnr> <probs for GDERKNQSTAVLIFYWHMCP>
#	G	D	E	R	K	N	Q	S	T	A	V	L	I	F	Y	W	H	M	C	P
0	0.08032	0.15639	0.07759	0.02379	0.07905	0.02487	0.01878	0.03075	0.02314	0.03536	0.02276	0.03056	0.02017	0.07572	0.01442	0.00359	0.01087	0.00870	0.06479	0.19838
1	0.41466	0.08245	0.13645	0.02018	0.03001	0.02728	0.02043	0.03687	0.02242	0.08938	0.01992	0.02200	0.01474	0.01110	0.00849	0.00352	0.01121	0.00729	0.00714	0.01448
2	0.38912	0.02985	0.02279	0.02015	0.02719	0.14101	0.01598	0.04265	0.08184	0.09699	0.02351	0.02452	0.01762	0.01205	0.00897	0.00351	0.01179	0.00797	0.00825	0.01426
3	0.02436	0.01448	0.01762	0.01655	0.02036	0.01373	0.01246	0.03004	0.06676	0.13266	0.11278	0.12221	0.14470	0.14403	0.02311	0.00561	0.00869	0.06663	0.01103	0.01218
4	0.02591	0.02010	0.02480	0.15919	0.03855	0.02288	0.01926	0.08991	0.16526	0.04520	0.08557	0.04302	0.03511	0.01484	0.01110	0.00356	0.00998	0.01242	0.15873	0.01462
5	0.02032	0.01280	0.01646	0.01502	0.01862	0.01156	0.01145	0.02541	0.03226	0.10080	0.41490	0.08413	0.14478	0.02331	0.01349	0.00368	0.00604	0.02033	0.01277	0.01187
6	0.03129	0.02240	0.03158	0.29986	0.05618	0.02561	0.02558	0.08031	0.12420	0.13607	0.03171	0.03496	0.02257	0.01322	0.01168	0.00380	0.01288	0.01119	0.00891	0.01599
7	0.05218	0.01979	0.02699	0.02069	0.02969	0.01709	0.01709	0.05668	0.03329	0.52677	0.04588	0.03959	0.02879	0.01439	0.01170	0.00360	0.00990	0.01170	0.01439	0.01979
8	0.11950	0.02072	0.02579	0.02044	0.02894	0.01954	0.01674	0.05476	0.08781	0.41550	0.04271	0.03771	0.02777	0.01416	0.01120	0.00364	0.00971	0.01126	0.01327	0.01881
9	0.02540	0.02671	0.05259	0.03799	0.04836	0.02418	0.32016	0.03368	0.02739	0.03853	0.08193	0.03650	0.02867	0.01123	0.01262	0.00341	0.01552	0.01313	0.00694	0.15507
10	0.01417	0.01012	0.01350	0.01619	0.01687	0.00945	0.01080	0.01619	0.02227	0.02969	0.06410	0.58367	0.07692	0.03644	0.01484	0.00472	0.00675	0.03306	0.01080	0.00945
11	0.02406	0.02529	0.05084	0.21857	0.06219	0.02589	0.27259	0.03226	0.02543	0.03383	0.02728	0.09548	0.02382	0.01352	0.01315	0.00400	0.01673	0.01483	0.00621	0.01403
12	0.02545	0.02545	0.03562	0.03053	0.03053	0.03562	0.02545	0.02799	0.01781	0.02799	0.01527	0.02545	0.01527	0.02036	0.03817	0.00509	0.56997	0.01018	0.00509	0.01272
13	0.02269	0.02067	0.03125	0.37922	0.06239	0.02236	0.02606	0.02957	0.02355	0.03247	0.02067	0.02868	0.01608	0.01061	0.01061	0.00315	0.01318	0.00917	0.00575	0.23185
14	0.01601	0.01154	0.01514	0.01494	0.01728	0.01067	0.01094	0.02081	0.03081	0.04328	0.42382	0.18519	0.10325	0.02628	0.01394	0.00387	0.00574	0.02341	0.01241	0.01067
15	0.02412	0.02067	0.02412	0.01723	0.02756	0.01550	0.01378	0.02929	0.02412	0.03790	0.02067	0.02412	0.01723	0.00861	0.00861	0.00172	0.00861	0.00689	0.00689	0.66236
16	0.02168	0.01084	0.01084	0.01084	0.01355	0.01084	0.00813	0.02710	0.02439	0.04336	0.03794	0.04336	0.02981	0.01355	0.00813	0.00271	0.00542	0.01084	0.65583	0.01084
17	0.01909	0.01050	0.01432	0.01432	0.01432	0.01050	0.00907	0.01575	0.01575	0.02099	0.02575	0.04909	0.02765	0.22610	0.05009	0.44238	0.01050	0.01240	0.00572	0.00572
18	0.67341	0.02249	0.01709	0.01529	0.02249	0.02609	0.01260	0.03419	0.01979	0.05218	0.01619	0.01889	0.01260	0.01080	0.00720	0.00360	0.00900	0.00630	0.00720	0.01260
19	0.01661	0.01246	0.01869	0.01869	0.02077	0.01454	0.01454	0.02077	0.01869	0.02700	0.03115	0.04569	0.02908	0.08723	0.54517	0.01869	0.03115	0.01246	0.00623	0.01038
20	0.02017	0.01277	0.01638	0.01497	0.01856	0.01153	0.01141	0.02523	0.03219	0.09900	0.41226	0.08456	0.14939	0.02340	0.01349	0.00368	0.00603	0.02040	0.01274	0.01183
21	0.01555	0.01137	0.01280	0.01302	0.01463	0.01057	0.00847	0.01730	0.02227	0.02874	0.11613	0.14759	0.20240	0.28898	0.03485	0.00738	0.00843	0.02164	0.00928	0.00862
22	0.02770	0.22684	0.14455	0.09081	0.04443	0.03308	0.10394	0.07216	0.02794	0.03688	0.06471	0.03039	0.02440	0.01193	0.01065	0.00332	0.01436	0.01016	0.00642	0.01533
23	0.02333	0.06016	0.53100	0.03315	0.05034	0.02701	0.04297	0.03683	0.02455	0.03683	0.02087	0.02455	0.01473	0.01105	0.01105	0.00368	0.01719	0.00859	0.00491	0.01719
24	0.09101	0.02123	0.02983	0.09357	0.14238	0.02032	0.02144	0.03822	0.02672	0.18260	0.03171	0.07765	0.02538	0.01363	0.01093	0.00334	0.01083	0.01166	0.00902	0.13852
25	0.08518	0.21523	0.03697	0.06926	0.03174	0.03053	0.01875	0.08134	0.02616	0.03657	0.02774	0.13372	0.02783	0.01663	0.01239	0.00342	0.05694	0.01279	0.00729	0.06952
26	0.03067	0.02193	0.03377	0.08465	0.03950	0.02026	0.10577	0.03886	0.06570	0.15287	0.03330	0.08188	0.02674	0.01364	0.01149	0.00328	0.01167	0.01259	0.00904	0.20238

[dist]
# distance from previous block
# <min> <max>
0	88

[block]
# block no. 7 follows, 10 sequences, length 65
# corresponding to MSA columns:
# 809-873
name=unknown_H
#
# <colnr> <probs for GDERKNQSTAVLIFYWHMCP>
#	G	D	E	R	K	N	Q	S	T	A	V	L	I	F	Y	W	H	M	C	P
0	0.02343	0.02076	0.06575	0.02230	0.02804	0.01813	0.05129	0.02900	0.02648	0.08787	0.14058	0.06280	0.09438	0.02642	0.06709	0.00531	0.07770	0.06367	0.00924	0.07977
1	0.22935	0.03384	0.19215	0.07737	0.04004	0.02413	0.05864	0.03477	0.02361	0.07977	0.02615	0.08403	0.02204	0.01388	0.01054	0.00380	0.01294	0.01125	0.00711	0.01461
2	0.10064	0.02085	0.06891	0.01818	0.02518	0.01602	0.01559	0.02892	0.02389	0.08616	0.07826	0.09782	0.03447	0.01935	0.01591	0.10442	0.00931	0.01244	0.00827	0.21541
3	0.08884	0.08314	0.02831	0.02338	0.08264	0.02032	0.01653	0.03201	0.02711	0.08982	0.14874	0.04124	0.04159	0.01366	0.01031	0.00288	0.00901	0.01128	0.00885	0.22031
4	0.02107	0.01904	0.03129	0.45331	0.06810	0.02307	0.02875	0.02836	0.02461	0.03199	0.07644	0.04654	0.03039	0.01488	0.01228	0.00400	0.01399	0.05288	0.00651	0.01250
5	0.02224	0.01964	0.02798	0.26409	0.05015	0.01965	0.02183	0.02862	0.02476	0.03522	0.07847	0.03461	0.02732	0.01176	0.01058	0.00292	0.01136	0.01011	0.00681	0.29186
6	0.54226	0.02213	0.01955	0.06827	0.02857	0.02495	0.01462	0.03324	0.02058	0.04851	0.01710	0.02061	0.01336	0.01065	0.00777	0.00343	0.00958	0.00675	0.00697	0.08109
7	0.02196	0.02067	0.03488	0.56331	0.08010	0.02584	0.03230	0.02972	0.02326	0.02972	0.02067	0.03101	0.01550	0.01163	0.01163	0.00388	0.01550	0.01034	0.00517	0.01292
8	0.02662	0.02543	0.04330	0.22734	0.37966	0.02707	0.03462	0.03380	0.02546	0.03537	0.02149	0.02949	0.01750	0.01076	0.01155	0.00359	0.01435	0.01035	0.00557	0.01668
9	0.01507	0.01105	0.01415	0.01504	0.01695	0.01013	0.01064	0.01865	0.02719	0.03694	0.25697	0.32248	0.14098	0.03036	0.01425	0.00419	0.00612	0.02707	0.01163	0.01013
10	0.01704	0.01177	0.01503	0.01421	0.01695	0.01096	0.01066	0.02252	0.03198	0.04628	0.46013	0.08207	0.10091	0.02265	0.01310	0.00355	0.00548	0.01991	0.08385	0.01096
11	0.01590	0.01284	0.01589	0.01643	0.01870	0.01284	0.01247	0.01904	0.02496	0.03239	0.12230	0.24945	0.23737	0.03046	0.01682	0.00443	0.06374	0.07335	0.01040	0.01021
12	0.01417	0.01012	0.01350	0.01619	0.01687	0.00945	0.01080	0.01619	0.02227	0.02969	0.06410	0.58367	0.07692	0.03644	0.01484	0.00472	0.00675	0.03306	0.01080	0.00945
13	0.67341	0.02249	0.01709	0.01529	0.02249	0.02609	0.01260	0.03419	0.01979	0.05218	0.01619	0.01889	0.01260	0.01080	0.00720	0.00360	0.00900	0.00630	0.00720	0.01260
14	0.03109	0.59826	0.06095	0.01990	0.02985	0.04602	0.01990	0.03483	0.02363	0.02736	0.01617	0.01866	0.01493	0.00995	0.00746	0.00249	0.01244	0.00622	0.00498	0.01493
15	0.02893	0.02498	0.02630	0.02367	0.03024	0.02893	0.01841	0.06180	0.49770	0.04865	0.04734	0.04339	0.03550	0.01578	0.01183	0.00394	0.00920	0.01315	0.01183	0.01841
16	0.02315	0.01210	0.01400	0.01306	0.01643	0.01153	0.00996	0.02850	0.02803	0.09414	0.19025	0.05686	0.05522	0.01690	0.01028	0.00310	0.00590	0.01418	0.38459	0.01180
17	0.10837	0.30286	0.09597	0.02318	0.03303	0.08803	0.02215	0.13125	0.03083	0.04113	0.01934	0.02150	0.01568	0.01122	0.00899	0.00300	0.01344	0.00751	0.00675	0.01579
18	0.04421	0.03258	0.03490	0.02676	0.03607	0.03607	0.02211	0.47993	0.05468	0.07330	0.02792	0.02792	0.01978	0.01396	0.01163	0.00349	0.01280	0.01047	0.01163	0.01978
19	0.02850	0.02747	0.08655	0.12842	0.04134	0.02649	0.02371	0.16358	0.11652	0.04794	0.08306	0.03946	0.03217	0.02319	0.07453	0.00547	0.01454	0.01210	0.00914	0.01584
20	0.18646	0.02059	0.02414	0.01873	0.02761	0.01879	0.01537	0.04574	0.02828	0.31508	0.03379	0.03161	0.02266	0.01235	0.01002	0.00320	0.00942	0.00945	0.01117	0.15555
21	0.01409	0.01162	0.01238	0.01256	0.01602	0.00991	0.00928	0.01722	0.02677	0.03292	0.15578	0.15887	0.42327	0.02956	0.01386	0.00398	0.00594	0.02506	0.01102	0.00991
22	0.04488	0.01805	0.02452	0.01964	0.02720	0.01573	0.01586	0.04924	0.03218	0.42994	0.09487	0.09719	0.04165	0.01748	0.01221	0.00371	0.00914	0.01471	0.01388	0.01790
23	0.02778	0.02183	0.02834	0.07749	0.08979	0.01945	0.01892	0.03618	0.07396	0.08768	0.02610	0.02887	0.02025	0.01043	0.00988	0.00255	0.01007	0.00876	0.00786	0.39380
24	0.01904	0.01150	0.01511	0.01588	0.01793	0.01052	0.01117	0.02096	0.02414	0.08282	0.10697	0.35945	0.11986	0.03252	0.01780	0.08016	0.00724	0.02600	0.01071	0.01022
25	0.10927	0.01911	0.02433	0.01913	0.02729	0.01731	0.01571	0.05138	0.03104	0.42976	0.04216	0.03798	0.02733	0.01396	0.01088	0.00351	0.00934	0.01108	0.08128	0.01815
26	0.02263	0.01741	0.02970	0.08051	0.03515	0.01730	0.10784	0.02824	0.02600	0.08148	0.09283	0.16742	0.05032	0.03021	0.07525	0.00598	0.01391	0.09603	0.00926	0.01254
27	0.59939	0.02636	0.01896	0.01702	0.02407	0.08702	0.01376	0.03563	0.02134	0.04939	0.01640	0.01914	0.01288	0.01094	0.00758	0.00353	0.01040	0.00644	0.00706	0.01270
28	0.04006	0.01623	0.02057	0.01678	0.02327	0.01461	0.01353	0.04492	0.02975	0.33460	0.04273	0.04109	0.02920	0.01406	0.01028	0.00325	0.00812	0.01136	0.26938	0.01623
29	0.03109	0.59826	0.06095	0.01990	0.02985	0.04602	0.01990	0.03483	0.02363	0.02736	0.01617	0.01866	0.01493	0.00995	0.00746	0.00249	0.01244	0.00622	0.00498	0.01493
30	0.01640	0.01219	0.01545	0.01645	0.01839	0.01191	0.01162	0.02266	0.07380	0.03707	0.20686	0.36899	0.08330	0.03027	0.01418	0.00430	0.00659	0.02717	0.01155	0.01085
31	0.01480	0.01081	0.01401	0.01602	0.01748	0.01003	0.01135	0.01761	0.02430	0.03213	0.11632	0.43355	0.13070	0.03390	0.01472	0.00458	0.00690	0.07005	0.01099	0.00977
32	0.03607	0.02431	0.02764	0.02208	0.02921	0.02563	0.01788	0.28045	0.04505	0.11787	0.18850	0.04857	0.05025	0.01722	0.01232	0.00356	0.01007	0.01407	0.01234	0.01690
33	0.02545	0.02545	0.03562	0.03053	0.03053	0.03562	0.02545	0.02799	0.01781	0.02799	0.01527	0.02545	0.01527	0.02036	0.03817	0.00509	0.56997	0.01018	0.00509	0.01272
34	0.02333	0.06016	0.53100	0.03315	0.05034	0.02701	0.04297	0.03683	0.02455	0.03683	0.02087	0.02455	0.01473	0.01105	0.01105	0.00368	0.01719	0.00859	0.00491	0.01719
35	0.04958	0.02397	0.02958	0.02268	0.03177	0.02330	0.01873	0.19507	0.04028	0.37849	0.04001	0.03577	0.02584	0.01425	0.01168	0.00356	0.01085	0.01130	0.01349	0.01979
36	0.02893	0.02498	0.02630	0.02367	0.03024	0.02893	0.01841	0.06180	0.49770	0.04865	0.04734	0.04339	0.03550	0.01578	0.01183	0.00394	0.00920	0.01315	0.01183	0.01841
37	0.01688	0.01140	0.01332	0.01332	0.01354	0.01162	0.00784	0.01732	0.01710	0.02302	0.03607	0.07290	0.04089	0.53815	0.11040	0.01206	0.01337	0.01644	0.00696	0.00740
38	0.03463	0.02541	0.02500	0.02153	0.02769	0.08304	0.01732	0.17876	0.08206	0.09719	0.03692	0.04585	0.02974	0.01598	0.01115	0.00351	0.01097	0.06112	0.17657	0.01556
39	0.03748	0.03243	0.14552	0.13451	0.04619	0.02596	0.02734	0.15467	0.03473	0.19916	0.03052	0.03145	0.02061	0.01296	0.01152	0.00365	0.01343	0.01040	0.00967	0.01781
40	0.33545	0.14049	0.08797	0.07525	0.03388	0.02913	0.02007	0.03664	0.02295	0.09562	0.02047	0.02303	0.01539	0.01114	0.00865	0.00342	0.01139	0.00756	0.00708	0.01442
41	0.02124	0.01724	0.02663	0.09448	0.13525	0.01784	0.02389	0.02720	0.02631	0.03489	0.04846	0.09796	0.05074	0.02516	0.01459	0.00478	0.01192	0.29981	0.00902	0.01260
42	0.02650	0.04005	0.27058	0.08306	0.04674	0.02569	0.07874	0.03587	0.02440	0.09071	0.02443	0.02985	0.01824	0.02010	0.06849	0.00539	0.07893	0.01022	0.00628	0.01574
43	0.10399	0.07417	0.08215	0.02934	0.08788	0.02819	0.02333	0.08249	0.02731	0.12300	0.02388	0.02697	0.01824	0.01336	0.01587	0.00358	0.12699	0.00920	0.00784	0.09224
44	0.02700	0.03827	0.20539	0.05888	0.36557	0.02743	0.03807	0.03607	0.02585	0.03762	0.02155	0.02740	0.01722	0.01059	0.01136	0.00353	0.01492	0.00978	0.00548	0.01802
45	0.04860	0.01874	0.02509	0.01953	0.02779	0.01636	0.01604	0.05320	0.03224	0.46996	0.04495	0.04003	0.02891	0.01430	0.01128	0.00349	0.00937	0.01160	0.08977	0.01874
46	0.02165	0.06002	0.02784	0.19181	0.04078	0.02217	0.02063	0.06103	0.02604	0.03475	0.08873	0.21336	0.04596	0.02187	0.01517	0.00411	0.06496	0.01853	0.00832	0.01227
47	0.01597	0.01257	0.01495	0.07053	0.02170	0.01212	0.01097	0.01875	0.02378	0.03013	0.12743	0.08875	0.25973	0.21060	0.02838	0.00629	0.00862	0.02014	0.00921	0.00937
48	0.04360	0.02386	0.03453	0.03798	0.19034	0.02277	0.02376	0.09955	0.03358	0.31367	0.03592	0.03468	0.02434	0.01303	0.01163	0.00354	0.01152	0.01112	0.01125	0.01934
49	0.23882	0.02781	0.04742	0.03538	0.04512	0.02828	0.27767	0.03878	0.07333	0.04331	0.02358	0.02853	0.01783	0.01074	0.01140	0.00382	0.01507	0.01124	0.00692	0.01496
50	0.02545	0.02545	0.03562	0.03053	0.03053	0.03562	0.02545	0.02799	0.01781	0.02799	0.01527	0.02545	0.01527	0.02036	0.03817	0.00509	0.56997	0.01018	0.00509	0.01272
51	0.04421	0.03258	0.03490	0.02676	0.03607	0.03607	0.02211	0.47993	0.05468	0.07330	0.02792	0.02792	0.01978	0.01396	0.01163	0.00349	0.01280	0.01047	0.01163	0.01978
52	0.02893	0.02498	0.02630	0.02367	0.03024	0.02893	0.01841	0.06180	0.49770	0.04865	0.04734	0.04339	0.03550	0.01578	0.01183	0.00394	0.00920	0.01315	0.01183	0.01841
53	0.10663	0.02374	0.02772	0.02200	0.03052	0.02407	0.01799	0.15088	0.10829	0.30509	0.03919	0.03555	0.02623	0.01416	0.01127	0.00363	0.01036	0.01112	0.01268	0.01888
54	0.02717	0.01843	0.06201	0.07369	0.02935	0.01505	0.01706	0.02931	0.02295	0.14028	0.03388	0.13047	0.03092	0.02547	0.02267	0.21367	0.01044	0.01410	0.00835	0.07474
55	0.01992	0.01965	0.07547	0.02485	0.02976	0.01608	0.05816	0.02647	0.02660	0.03521	0.05432	0.11217	0.05759	0.02816	0.01536	0.00507	0.01209	0.36157	0.00972	0.01178
56	0.05218	0.01979	0.02699	0.02069	0.02969	0.01709	0.01709	0.05668	0.03329	0.52677	0.04588	0.03959	0.02879	0.01439	0.01170	0.00360	0.00990	0.01170	0.01439	0.01979
57	0.67341	0.02249	0.01709	0.01529	0.02249	0.02609	0.01260	0.03419	0.01979	0.05218	0.01619	0.01889	0.01260	0.01080	0.00720	0.00360	0.00900	0.00630	0.00720	0.01260
58	0.04023	0.08556	0.09223	0.08150	0.04119	0.02550	0.07078	0.09626	0.03217	0.26710	0.03309	0.03271	0.02225	0.01276	0.01140	0.00355	0.01289	0.01073	0.01023	0.01787
59	0.01691	0.01128	0.01268	0.01268	0.01268	0.01128	0.00705	0.01691	0.01691	0.02255	0.03665	0.07611	0.04228	0.59126	0.05920	0.01128	0.01128	0.01691	0.00705	0.00705
60	0.05218	0.01979	0.02699	0.02069	0.02969	0.01709	0.01709	0.05668	0.03329	0.52677	0.04588	0.03959	0.02879	0.01439	0.01170	0.00360	0.00990	0.01170	0.01439	0.01979
61	0.03358	0.02580	0.09182	0.25270	0.10938	0.02310	0.02858	0.04076	0.02732	0.20700	0.02974	0.03302	0.02044	0.01239	0.01157	0.00371	0.01353	0.01061	0.00846	0.01648
62	0.03150	0.02093	0.03640	0.09007	0.04122	0.01997	0.14526	0.03812	0.02972	0.19004	0.12534	0.05524	0.04344	0.01651	0.01311	0.00393	0.01251	0.06121	0.01027	0.01522
63	0.01617	0.01186	0.01526	0.01517	0.01783	0.01095	0.01152	0.02103	0.03055	0.04209	0.37902	0.14243	0.14682	0.02649	0.01407	0.00397	0.00619	0.06574	0.01217	0.01067
64	0.22640	0.03032	0.07086	0.03371	0.14151	0.08568	0.02354	0.03949	0.02540	0.12610	0.02321	0.02615	0.01749	0.01246	0.01280	0.00365	0.06905	0.00889	0.00760	0.01568

[dist]
# distance from previous block
# <min> <max>
0	1

[block]
# block no. 8 follows, 10 sequences, length 23
# corresponding to MSA columns:
# 875-897
name=unknown_I
#
# <colnr> <probs for GDERKNQSTAVLIFYWHMCP>
#	G	D	E	R	K	N	Q	S	T	A	V	L	I	F	Y	W	H	M	C	P
0	0.02265	0.02200	0.03908	0.49931	0.07770	0.02628	0.08757	0.03065	0.02378	0.03065	0.02103	0.03105	0.01577	0.01140	0.01189	0.00388	0.01601	0.01076	0.00526	0.01326
1	0.17295	0.02943	0.02691	0.02329	0.02958	0.11422	0.01845	0.11962	0.12542	0.08728	0.03061	0.06805	0.02501	0.01550	0.01308	0.00376	0.06062	0.01129	0.00938	0.01556
2	0.01408	0.01048	0.01313	0.01525	0.01662	0.00953	0.01038	0.01630	0.02318	0.03006	0.07563	0.48242	0.17073	0.03494	0.01461	0.00455	0.00656	0.03124	0.01080	0.00953
3	0.01762	0.01359	0.01683	0.01508	0.01936	0.01169	0.01136	0.02246	0.02937	0.04165	0.32543	0.12581	0.12380	0.02232	0.01274	0.00337	0.00632	0.01953	0.01115	0.15052
4	0.01584	0.01239	0.01809	0.13362	0.03044	0.01297	0.01541	0.01910	0.02248	0.02970	0.05478	0.46506	0.06374	0.03111	0.01415	0.00454	0.00863	0.02819	0.00959	0.01019
5	0.02893	0.02498	0.02630	0.02367	0.03024	0.02893	0.01841	0.06180	0.49770	0.04865	0.04734	0.04339	0.03550	0.01578	0.01183	0.00394	0.00920	0.01315	0.01183	0.01841
6	0.03118	0.02423	0.03377	0.02842	0.03035	0.03165	0.02365	0.03415	0.02113	0.13504	0.02184	0.02848	0.01817	0.01908	0.03249	0.00477	0.44977	0.01050	0.00709	0.01424
7	0.02448	0.01310	0.01576	0.01440	0.01633	0.01252	0.00920	0.02545	0.02043	0.13077	0.03863	0.06827	0.03939	0.46745	0.04900	0.00963	0.01098	0.01579	0.00862	0.00978
8	0.03944	0.03002	0.03490	0.14191	0.04552	0.03387	0.02429	0.38330	0.04794	0.06394	0.02637	0.02859	0.01886	0.01346	0.01163	0.00357	0.01338	0.01044	0.01025	0.01831
9	0.12780	0.02700	0.02691	0.02181	0.03000	0.11997	0.01757	0.05191	0.03155	0.37158	0.03681	0.03342	0.02411	0.01348	0.01090	0.00348	0.01192	0.01021	0.01188	0.01768
10	0.02029	0.01841	0.03029	0.44588	0.06653	0.02232	0.02768	0.02681	0.02304	0.02971	0.02999	0.14962	0.02869	0.01695	0.01232	0.00406	0.01362	0.01521	0.00638	0.01217
11	0.01780	0.01408	0.02142	0.13483	0.03250	0.01656	0.01742	0.02221	0.01945	0.02703	0.02959	0.04632	0.02781	0.13372	0.37019	0.01459	0.02532	0.01256	0.00610	0.01051
12	0.23734	0.03346	0.09762	0.07178	0.07726	0.09165	0.02354	0.11109	0.02990	0.09125	0.02256	0.02515	0.01659	0.01186	0.01001	0.00353	0.01326	0.00862	0.00784	0.01570
13	0.28132	0.09953	0.07063	0.02121	0.03014	0.03042	0.01911	0.13943	0.07783	0.09203	0.02485	0.02557	0.01835	0.01223	0.00939	0.00348	0.01105	0.00856	0.00880	0.01607
14	0.13759	0.01828	0.01859	0.01786	0.02163	0.05624	0.01325	0.03039	0.06587	0.08645	0.10516	0.20327	0.04993	0.02481	0.01625	0.08580	0.00901	0.01802	0.00981	0.01180
15	0.03664	0.02610	0.02892	0.09018	0.03670	0.07601	0.02033	0.17027	0.03703	0.15195	0.07684	0.04424	0.03289	0.01561	0.01186	0.00354	0.01214	0.04865	0.01049	0.06960
16	0.15591	0.02380	0.02667	0.18111	0.04267	0.07056	0.02056	0.03855	0.07364	0.10944	0.06712	0.03428	0.02687	0.01307	0.01060	0.00350	0.01185	0.01036	0.00843	0.07101
17	0.08063	0.07052	0.03665	0.14238	0.20325	0.02722	0.02621	0.06544	0.02690	0.03892	0.06637	0.06939	0.02885	0.01451	0.01315	0.00369	0.05173	0.01212	0.00706	0.01503
