[name]
unknown

[dist]
# distance from previous block
# <min> <max>
1	43

[block]
# block no. 0 follows, 15 sequences, length 25
# corresponding to MSA columns:
# 43-55,57-68
name=unknown_A
#
# <colnr> <probs for GDERKNQSTAVLIFYWHMCP>
#	G	D	E	R	K	N	Q	S	T	A	V	L	I	F	Y	W	H	M	C	P
0	0.02533	0.02462	0.04210	0.15087	0.27033	0.05957	0.17986	0.03176	0.02316	0.06548	0.02005	0.02582	0.01552	0.00924	0.01039	0.00312	0.01371	0.00964	0.00535	0.01408
1	0.04473	0.01697	0.02313	0.01774	0.02545	0.01465	0.01465	0.04858	0.02853	0.59437	0.03933	0.03393	0.02468	0.01234	0.01003	0.00308	0.00848	0.01003	0.01234	0.01697
2	0.01450	0.00966	0.01087	0.01087	0.01087	0.00966	0.00604	0.01450	0.01450	0.01933	0.03141	0.06524	0.03624	0.64965	0.05074	0.00966	0.00966	0.01450	0.00604	0.00604
3	0.02270	0.01452	0.01973	0.01747	0.02173	0.01409	0.05140	0.03076	0.12478	0.15562	0.12515	0.22585	0.09390	0.02010	0.01137	0.00348	0.00736	0.01788	0.01003	0.01206
4	0.02727	0.30019	0.18922	0.02347	0.03362	0.03204	0.06770	0.15215	0.02691	0.03541	0.01778	0.02007	0.01391	0.00956	0.00848	0.00270	0.01231	0.00725	0.00564	0.01432
5	0.01893	0.01757	0.02501	0.02231	0.02299	0.02366	0.01825	0.02164	0.01555	0.02367	0.01827	0.02841	0.01759	0.03926	0.25247	0.00880	0.40127	0.00947	0.00473	0.01014
6	0.01430	0.01044	0.01479	0.01479	0.01614	0.01179	0.01092	0.01701	0.01566	0.02223	0.02783	0.04540	0.02763	0.21235	0.47627	0.01450	0.02262	0.01159	0.00551	0.00822
7	0.01424	0.01068	0.01602	0.01602	0.01780	0.01246	0.01246	0.01780	0.01602	0.02314	0.02670	0.03916	0.02492	0.07477	0.61015	0.01602	0.02670	0.01068	0.00534	0.00890
8	0.19498	0.02834	0.03100	0.02911	0.11069	0.17926	0.10745	0.03631	0.02406	0.13694	0.02075	0.02297	0.01536	0.00990	0.00911	0.00297	0.01273	0.00810	0.00667	0.01330
9	0.01845	0.01547	0.02027	0.01896	0.02256	0.01637	0.05801	0.03145	0.23431	0.03373	0.08651	0.27506	0.04940	0.02134	0.01164	0.00370	0.00769	0.05403	0.00937	0.01171
10	0.01450	0.00966	0.01087	0.01087	0.01087	0.00966	0.00604	0.01450	0.01450	0.01933	0.03141	0.06524	0.03624	0.64965	0.05074	0.00966	0.00966	0.01450	0.00604	0.00604
11	0.06953	0.41693	0.08959	0.01857	0.02732	0.03313	0.01829	0.09555	0.02433	0.09776	0.01843	0.01951	0.01458	0.00952	0.00750	0.00249	0.01061	0.00650	0.00602	0.01384
12	0.08864	0.02273	0.02910	0.02325	0.03038	0.02440	0.10002	0.14440	0.25857	0.12312	0.03170	0.03076	0.02293	0.01189	0.01001	0.00324	0.00996	0.01023	0.00929	0.01539
13	0.03592	0.17305	0.03272	0.02286	0.02904	0.41432	0.01822	0.03878	0.02659	0.09513	0.01806	0.01954	0.01430	0.01016	0.00857	0.00254	0.01524	0.00664	0.00585	0.01249
14	0.01883	0.01772	0.02990	0.62569	0.06866	0.02215	0.02769	0.02547	0.01993	0.02547	0.01772	0.02658	0.01329	0.00997	0.00997	0.00332	0.01329	0.00886	0.00443	0.01107
15	0.09106	0.02060	0.02418	0.01877	0.02641	0.02039	0.01541	0.18941	0.06596	0.31958	0.03127	0.02883	0.02095	0.01166	0.00950	0.00294	0.00900	0.00911	0.01052	0.07445
16	0.15538	0.02624	0.03342	0.02601	0.03310	0.13016	0.17041	0.03696	0.02403	0.18789	0.02297	0.02493	0.01643	0.01064	0.01129	0.00316	0.05741	0.00895	0.00723	0.01342
17	0.01215	0.00868	0.01157	0.01388	0.01446	0.00810	0.00925	0.01388	0.01909	0.02545	0.05495	0.64315	0.06593	0.03123	0.01272	0.00405	0.00578	0.02834	0.00925	0.00810
18	0.28504	0.01803	0.02200	0.01762	0.02452	0.01782	0.05242	0.03830	0.02342	0.32021	0.02967	0.06376	0.02145	0.01208	0.00892	0.00316	0.00865	0.00959	0.00939	0.01394
19	0.15579	0.02271	0.02812	0.02139	0.02940	0.02293	0.09412	0.18633	0.07411	0.04445	0.02113	0.02312	0.01605	0.00975	0.00881	0.00266	0.00995	0.00804	0.00739	0.21376
20	0.01215	0.00868	0.01157	0.01388	0.01446	0.00810	0.00925	0.01388	0.01909	0.02545	0.05495	0.64315	0.06593	0.03123	0.01272	0.00405	0.00578	0.02834	0.00925	0.00810
21	0.01424	0.01068	0.01602	0.01602	0.01780	0.01246	0.01246	0.01780	0.01602	0.02314	0.02670	0.03916	0.02492	0.07477	0.61015	0.01602	0.02670	0.01068	0.00534	0.00890
22	0.02661	0.03080	0.04960	0.04139	0.12701	0.14928	0.36086	0.03341	0.02441	0.03042	0.01895	0.02467	0.01474	0.00887	0.01089	0.00313	0.01632	0.01020	0.00505	0.01339
23	0.02473	0.48114	0.20990	0.02034	0.03066	0.03474	0.02277	0.03035	0.02048	0.02580	0.01502	0.01745	0.01275	0.00880	0.00728	0.00243	0.01184	0.00592	0.00425	0.01335
24	0.02698	0.03078	0.12153	0.02946	0.03829	0.06884	0.19432	0.13357	0.17477	0.03960	0.02566	0.02760	0.01904	0.01073	0.01046	0.00321	0.01312	0.01008	0.00720	0.01477

[dist]
# distance from previous block
# <min> <max>
0	1

[block]
# block no. 1 follows, 15 sequences, length 7
# corresponding to MSA columns:
# 70-76
name=unknown_B
#
# <colnr> <probs for GDERKNQSTAVLIFYWHMCP>
#	G	D	E	R	K	N	Q	S	T	A	V	L	I	F	Y	W	H	M	C	P
0	0.03909	0.02601	0.02874	0.02203	0.02996	0.02808	0.01820	0.46617	0.04368	0.15540	0.02662	0.02568	0.01830	0.01203	0.00998	0.00301	0.01054	0.00916	0.01038	0.01696
1	0.01381	0.01015	0.01329	0.01519	0.01701	0.00964	0.01196	0.01693	0.02142	0.02764	0.06201	0.31436	0.15229	0.02856	0.01302	0.00417	0.00715	0.24354	0.00922	0.00863
2	0.01242	0.00879	0.01149	0.01353	0.01404	0.00828	0.00888	0.01395	0.01855	0.02473	0.05220	0.57576	0.06247	0.10335	0.01716	0.00470	0.00624	0.02673	0.00888	0.00786
3	0.03164	0.03069	0.02601	0.02252	0.02858	0.19884	0.01757	0.17054	0.28315	0.04171	0.02912	0.02831	0.02198	0.01219	0.00976	0.00305	0.01161	0.00928	0.00862	0.01482
4	0.01450	0.00966	0.01087	0.01087	0.01087	0.00966	0.00604	0.01450	0.01450	0.01933	0.03141	0.06524	0.03624	0.64965	0.05074	0.00966	0.00966	0.01450	0.00604	0.00604
5	0.01999	0.05157	0.59800	0.02841	0.04315	0.02315	0.03683	0.03157	0.02105	0.03157	0.01789	0.02105	0.01263	0.00947	0.00947	0.00316	0.01473	0.00737	0.00421	0.01473
6	0.51404	0.02003	0.01934	0.01696	0.02131	0.02477	0.01405	0.02774	0.01646	0.03861	0.01365	0.01785	0.01147	0.01167	0.01400	0.00346	0.19174	0.00638	0.00564	0.01083

[dist]
# distance from previous block
# <min> <max>
0	5

[block]
# block no. 2 follows, 15 sequences, length 17
# corresponding to MSA columns:
# 82-98
name=unknown_C
#
# <colnr> <probs for GDERKNQSTAVLIFYWHMCP>
#	G	D	E	R	K	N	Q	S	T	A	V	L	I	F	Y	W	H	M	C	P
0	0.28954	0.02628	0.02951	0.02339	0.03058	0.13853	0.14210	0.03569	0.02298	0.14216	0.02052	0.02247	0.01488	0.00984	0.00880	0.00305	0.01207	0.00800	0.00687	0.01275
1	0.02425	0.02488	0.04730	0.05405	0.38820	0.02425	0.22439	0.03109	0.02301	0.03233	0.01928	0.02550	0.01554	0.00870	0.01057	0.00311	0.01369	0.00996	0.00497	0.01492
2	0.01455	0.00980	0.01135	0.01135	0.01201	0.00990	0.00705	0.01554	0.01581	0.02172	0.03634	0.06226	0.07685	0.48075	0.11571	0.00944	0.01110	0.01414	0.05750	0.00683
3	0.02396	0.02570	0.05199	0.04915	0.25137	0.02464	0.35747	0.03143	0.02322	0.03217	0.01964	0.02607	0.01537	0.00858	0.01106	0.00321	0.01496	0.01069	0.00500	0.01432
4	0.72007	0.01928	0.01465	0.01311	0.01928	0.02236	0.01080	0.02930	0.01697	0.04473	0.01388	0.01619	0.01080	0.00925	0.00617	0.00308	0.00771	0.00540	0.00617	0.01080
5	0.02847	0.02125	0.03363	0.02550	0.03307	0.02068	0.18339	0.09695	0.11353	0.15713	0.09925	0.03526	0.02979	0.01190	0.01061	0.00310	0.01074	0.01136	0.00878	0.06561
6	0.03207	0.02388	0.04384	0.03190	0.04096	0.02259	0.31354	0.10371	0.02809	0.21399	0.02672	0.02874	0.01838	0.01010	0.01099	0.00323	0.01343	0.01086	0.00798	0.01501
7	0.04195	0.02199	0.02660	0.02066	0.02824	0.08603	0.05113	0.08328	0.02950	0.45175	0.03414	0.03087	0.02210	0.01181	0.01002	0.00304	0.01033	0.00964	0.01084	0.01610
8	0.01195	0.01011	0.01033	0.01027	0.01357	0.00849	0.00770	0.01463	0.02311	0.02786	0.13529	0.09441	0.54854	0.02490	0.01178	0.00335	0.00502	0.02082	0.00938	0.00849
9	0.01303	0.00989	0.01206	0.01240	0.01466	0.00891	0.00916	0.01636	0.02410	0.03198	0.28053	0.21373	0.23965	0.02480	0.01210	0.00350	0.00531	0.04912	0.00994	0.00878
10	0.19740	0.03037	0.14140	0.02716	0.03641	0.06050	0.18189	0.09944	0.02509	0.07973	0.01979	0.02276	0.01439	0.00967	0.00944	0.00314	0.01291	0.00856	0.00633	0.01363
11	0.02467	0.02369	0.04046	0.06119	0.58747	0.02369	0.03059	0.03059	0.02270	0.03257	0.01875	0.02467	0.01579	0.00888	0.00987	0.00296	0.01184	0.00888	0.00493	0.01579
12	0.01210	0.00886	0.01138	0.01340	0.01433	0.00814	0.00904	0.01394	0.01955	0.02564	0.06081	0.57347	0.13183	0.03047	0.01260	0.00396	0.00569	0.02741	0.00925	0.00814
13	0.02442	0.02088	0.02943	0.09351	0.03484	0.02277	0.11504	0.04315	0.33028	0.07459	0.07355	0.03657	0.02989	0.01259	0.01053	0.00333	0.00996	0.01149	0.00875	0.01442
14	0.03322	0.02716	0.02718	0.02222	0.02914	0.07406	0.01785	0.33690	0.23000	0.05236	0.02914	0.02815	0.02139	0.01238	0.00996	0.00310	0.01043	0.00959	0.00965	0.01612
15	0.01310	0.00936	0.01266	0.01497	0.01597	0.00892	0.01091	0.01553	0.02003	0.02652	0.05442	0.51390	0.06385	0.03033	0.01298	0.00418	0.00661	0.14817	0.00924	0.00836
16	0.02088	0.01838	0.02343	0.01674	0.02569	0.01415	0.05087	0.02560	0.02088	0.03244	0.01790	0.02112	0.01479	0.00746	0.00770	0.00161	0.00807	0.00633	0.00584	0.66012

[dist]
# distance from previous block
# <min> <max>
0	1

[block]
# block no. 3 follows, 15 sequences, length 32
# corresponding to MSA columns:
# 100-131
name=unknown_D
#
# <colnr> <probs for GDERKNQSTAVLIFYWHMCP>
#	G	D	E	R	K	N	Q	S	T	A	V	L	I	F	Y	W	H	M	C	P
0	0.10559	0.02796	0.04929	0.03610	0.04516	0.07874	0.40987	0.06238	0.02455	0.03449	0.01923	0.02468	0.01452	0.00888	0.01076	0.00324	0.01553	0.01038	0.00546	0.01317
1	0.02637	0.02814	0.04060	0.07128	0.10201	0.15794	0.24726	0.03203	0.02407	0.05907	0.02377	0.09569	0.02090	0.01182	0.01082	0.00319	0.01460	0.01184	0.00589	0.01270
2	0.01822	0.01055	0.01305	0.01207	0.01491	0.00985	0.00918	0.02282	0.02612	0.08994	0.37257	0.05990	0.06778	0.01709	0.01021	0.00289	0.00503	0.01475	0.21300	0.01007
3	0.02826	0.02238	0.03941	0.09422	0.32323	0.02193	0.12632	0.03427	0.02388	0.15167	0.02333	0.02723	0.01736	0.00962	0.01027	0.00309	0.01219	0.00967	0.00649	0.01521
4	0.01831	0.01692	0.02294	0.02017	0.02127	0.02155	0.01639	0.02130	0.02007	0.02920	0.19667	0.04637	0.10326	0.01924	0.02392	0.00387	0.36844	0.01297	0.00694	0.01016
5	0.02485	0.02342	0.04221	0.07441	0.04127	0.02532	0.27005	0.03341	0.08434	0.08211	0.02231	0.02741	0.01711	0.01175	0.01658	0.00359	0.16997	0.01058	0.00608	0.01323
6	0.01527	0.01263	0.01667	0.14352	0.02695	0.01313	0.01340	0.02163	0.07357	0.03201	0.22777	0.13167	0.19379	0.02003	0.01135	0.00336	0.00704	0.01741	0.00886	0.00994
7	0.02520	0.15281	0.02589	0.01608	0.02192	0.02140	0.01351	0.13516	0.05748	0.10189	0.14522	0.04996	0.16206	0.01596	0.00997	0.00295	0.00794	0.01288	0.00906	0.01265
8	0.02937	0.02369	0.02512	0.02121	0.02767	0.02693	0.01689	0.22796	0.38702	0.04908	0.03477	0.03256	0.02573	0.01298	0.01008	0.00325	0.00896	0.01047	0.01008	0.01619
9	0.01588	0.01356	0.01881	0.01686	0.02049	0.01316	0.07215	0.02357	0.11188	0.03265	0.18547	0.19903	0.19370	0.02163	0.01173	0.00347	0.00695	0.01935	0.00932	0.01035
10	0.02665	0.65565	0.05224	0.01706	0.02559	0.03945	0.01706	0.02985	0.02026	0.02345	0.01386	0.01599	0.01279	0.00853	0.00640	0.00213	0.01066	0.00533	0.00426	0.01279
11	0.02429	0.01376	0.01598	0.01413	0.01814	0.01348	0.01061	0.03179	0.12353	0.17632	0.07602	0.05351	0.12107	0.14651	0.01840	0.00444	0.00734	0.01326	0.10578	0.01166
12	0.02353	0.02689	0.05882	0.04202	0.05210	0.02521	0.55126	0.03193	0.02353	0.03193	0.02017	0.02689	0.01513	0.00840	0.01176	0.00336	0.01681	0.01176	0.00504	0.01345
13	0.02067	0.01772	0.02067	0.01477	0.02362	0.01329	0.01181	0.02510	0.02067	0.03248	0.01772	0.02067	0.01477	0.00738	0.00738	0.00148	0.00738	0.00591	0.00591	0.71059
14	0.03451	0.02624	0.02801	0.02225	0.02962	0.02933	0.01813	0.42462	0.18200	0.05736	0.02824	0.02736	0.02044	0.01237	0.01002	0.00309	0.01017	0.00957	0.01002	0.01665
15	0.01488	0.01230	0.01401	0.01248	0.01703	0.01000	0.00939	0.01803	0.02177	0.02937	0.09939	0.17249	0.26857	0.02026	0.01054	0.00287	0.00592	0.01731	0.00830	0.23512
16	0.13204	0.03035	0.02750	0.02209	0.02929	0.13660	0.01788	0.38670	0.03930	0.05323	0.02097	0.02176	0.01534	0.01128	0.00927	0.00293	0.01181	0.00801	0.00855	0.01511
17	0.66448	0.02158	0.01576	0.01413	0.02022	0.07017	0.01149	0.03016	0.01788	0.04307	0.01401	0.01634	0.01096	0.00934	0.00640	0.00304	0.00855	0.00548	0.00609	0.01086
18	0.72007	0.01928	0.01465	0.01311	0.01928	0.02236	0.01080	0.02930	0.01697	0.04473	0.01388	0.01619	0.01080	0.00925	0.00617	0.00308	0.00771	0.00540	0.00617	0.01080
19	0.01297	0.01003	0.01183	0.01163	0.01426	0.00888	0.00862	0.01652	0.02517	0.03332	0.33733	0.12977	0.29714	0.02331	0.01185	0.00331	0.00494	0.02013	0.01011	0.00888
20	0.01216	0.00920	0.01124	0.01267	0.01419	0.00828	0.00876	0.01432	0.02076	0.02682	0.10256	0.44346	0.22202	0.02875	0.01238	0.00379	0.00550	0.02550	0.00937	0.00828
21	0.01361	0.01017	0.01264	0.01202	0.01459	0.00920	0.00902	0.01785	0.02705	0.03719	0.47959	0.07904	0.19841	0.02142	0.01176	0.00318	0.00478	0.01867	0.01061	0.00920
22	0.01491	0.01014	0.01223	0.01284	0.01344	0.01014	0.00867	0.01611	0.01671	0.02208	0.03701	0.07761	0.04178	0.48659	0.04105	0.00833	0.00954	0.14709	0.00686	0.00686
23	0.01517	0.01147	0.01415	0.01325	0.01606	0.01110	0.01000	0.02241	0.08997	0.03923	0.48502	0.07175	0.12234	0.01995	0.01157	0.00318	0.00509	0.01747	0.01075	0.01007
24	0.02279	0.01750	0.01826	0.01674	0.02130	0.01979	0.01293	0.04337	0.39236	0.04024	0.03797	0.03718	0.02886	0.01291	0.00912	0.00304	0.00684	0.01063	0.23447	0.01368
25	0.72007	0.01928	0.01465	0.01311	0.01928	0.02236	0.01080	0.02930	0.01697	0.04473	0.01388	0.01619	0.01080	0.00925	0.00617	0.00308	0.00771	0.00540	0.00617	0.01080
26	0.02977	0.03523	0.04153	0.03896	0.15695	0.28067	0.20740	0.03509	0.02542	0.02877	0.01778	0.02252	0.01427	0.00932	0.01015	0.00293	0.01626	0.00881	0.00506	0.01312
27	0.01228	0.00898	0.01156	0.01332	0.01438	0.00825	0.00907	0.01438	0.02034	0.02695	0.10853	0.52822	0.12793	0.02955	0.01253	0.00389	0.00560	0.02656	0.00941	0.00825
28	0.01531	0.01313	0.02218	0.02038	0.02348	0.01237	0.12247	0.01908	0.02108	0.02783	0.05055	0.36423	0.09007	0.02531	0.01268	0.00397	0.00873	0.12932	0.00837	0.00945
29	0.01873	0.01568	0.01762	0.01494	0.02047	0.01472	0.01160	0.02944	0.17465	0.03566	0.16338	0.05096	0.14152	0.01524	0.00992	0.00272	0.00650	0.01285	0.00881	0.23459
30	0.02269	0.29577	0.37738	0.02382	0.03605	0.02974	0.02884	0.03088	0.02073	0.02829	0.01626	0.01900	0.01269	0.00909	0.00823	0.00274	0.01309	0.00654	0.00423	0.01395
31	0.45973	0.02018	0.01838	0.01535	0.02212	0.02206	0.01255	0.09742	0.06207	0.08134	0.01919	0.02036	0.01436	0.00989	0.00733	0.00291	0.00814	0.00663	0.00731	0.09269

[dist]
# distance from previous block
# <min> <max>
0	1

[block]
# block no. 4 follows, 15 sequences, length 16
# corresponding to MSA columns:
# 133-148
name=unknown_E
#
# <colnr> <probs for GDERKNQSTAVLIFYWHMCP>
#	G	D	E	R	K	N	Q	S	T	A	V	L	I	F	Y	W	H	M	C	P
0	0.03130	0.02806	0.07149	0.02697	0.03523	0.06029	0.14540	0.21984	0.14102	0.09583	0.02688	0.02766	0.01939	0.01120	0.01035	0.00315	0.01217	0.00994	0.00840	0.01543
1	0.02359	0.02626	0.02612	0.02239	0.02766	0.21473	0.10579	0.02758	0.02463	0.02773	0.04560	0.05584	0.17599	0.01659	0.01088	0.00317	0.01221	0.09245	0.00693	0.05386
2	0.02252	0.01766	0.02086	0.01499	0.02376	0.01339	0.01203	0.02690	0.02127	0.07556	0.01938	0.02169	0.01553	0.00776	0.00759	0.00160	0.00747	0.00622	0.00640	0.65741
3	0.01681	0.01539	0.02680	0.02294	0.02686	0.01488	0.17213	0.02316	0.07505	0.02900	0.04311	0.39854	0.04720	0.02264	0.01218	0.00378	0.00929	0.02168	0.00808	0.01046
4	0.02467	0.02369	0.04046	0.06119	0.58747	0.02369	0.03059	0.03059	0.02270	0.03257	0.01875	0.02467	0.01579	0.00888	0.00987	0.00296	0.01184	0.00888	0.00493	0.01579
5	0.01450	0.00966	0.01087	0.01087	0.01087	0.00966	0.00604	0.01450	0.01450	0.01933	0.03141	0.06524	0.03624	0.64965	0.05074	0.00966	0.00966	0.01450	0.00604	0.00604
6	0.03855	0.02687	0.02926	0.02244	0.03039	0.02935	0.01853	0.50551	0.04510	0.11404	0.02542	0.02490	0.01770	0.01200	0.00998	0.00300	0.01073	0.00908	0.01020	0.01695
7	0.02353	0.02689	0.05882	0.04202	0.05210	0.02521	0.55126	0.03193	0.02353	0.03193	0.02017	0.02689	0.01513	0.00840	0.01176	0.00336	0.01681	0.01176	0.00504	0.01345
8	0.02442	0.01561	0.01837	0.01619	0.02081	0.01612	0.01262	0.03763	0.22788	0.14958	0.23429	0.04994	0.05179	0.01561	0.01046	0.00316	0.00662	0.01331	0.06236	0.01324
9	0.01450	0.00966	0.01087	0.01087	0.01087	0.00966	0.00604	0.01450	0.01450	0.01933	0.03141	0.06524	0.03624	0.64965	0.05074	0.00966	0.00966	0.01450	0.00604	0.00604
10	0.02262	0.02329	0.03821	0.03033	0.03391	0.02837	0.17968	0.02925	0.07276	0.02813	0.01793	0.02486	0.01542	0.01435	0.02420	0.00397	0.38556	0.00989	0.00514	0.01215
11	0.01215	0.00868	0.01157	0.01388	0.01446	0.00810	0.00925	0.01388	0.01909	0.02545	0.05495	0.64315	0.06593	0.03123	0.01272	0.00405	0.00578	0.02834	0.00925	0.00810
12	0.02263	0.01227	0.01688	0.01718	0.02049	0.01153	0.01414	0.02638	0.02352	0.17585	0.04977	0.21307	0.05081	0.02442	0.01256	0.00407	0.00822	0.27522	0.01002	0.01096
13	0.02288	0.01765	0.02090	0.01504	0.02379	0.01341	0.01207	0.02726	0.02139	0.08410	0.01970	0.02189	0.01568	0.00784	0.00763	0.00162	0.00748	0.00628	0.00650	0.64688
14	0.02343	0.01888	0.02075	0.01841	0.02329	0.02094	0.01431	0.12023	0.32128	0.04351	0.16969	0.08389	0.04602	0.01610	0.01068	0.00331	0.00746	0.01366	0.01026	0.01392
15	0.30323	0.08947	0.12236	0.01808	0.02638	0.09715	0.01720	0.03024	0.02018	0.03533	0.01555	0.01815	0.01237	0.00897	0.00737	0.00261	0.01045	0.00597	0.00546	0.15349

[dist]
# distance from previous block
# <min> <max>
0	6

[block]
# block no. 5 follows, 15 sequences, length 15
# corresponding to MSA columns:
# 155-169
name=unknown_F
#
# <colnr> <probs for GDERKNQSTAVLIFYWHMCP>
#	G	D	E	R	K	N	Q	S	T	A	V	L	I	F	Y	W	H	M	C	P
0	0.40708	0.02529	0.02148	0.01790	0.02461	0.08668	0.01457	0.21641	0.02874	0.04902	0.01760	0.01912	0.01319	0.01032	0.00781	0.00300	0.00994	0.00677	0.00741	0.01306
1	0.03790	0.02792	0.02992	0.02294	0.03091	0.03091	0.01895	0.55423	0.04687	0.06283	0.02393	0.02393	0.01695	0.01197	0.00997	0.00299	0.01097	0.00898	0.00997	0.01695
2	0.01444	0.00989	0.01201	0.01201	0.01240	0.01028	0.00745	0.01522	0.01483	0.02017	0.03037	0.05949	0.03375	0.52304	0.17394	0.01106	0.01342	0.01366	0.00589	0.00667
3	0.01394	0.01016	0.01293	0.01251	0.01444	0.00983	0.00905	0.01732	0.02304	0.03188	0.33403	0.06949	0.12777	0.14838	0.11549	0.00647	0.00922	0.01652	0.00894	0.00858
4	0.01316	0.01015	0.01201	0.01154	0.01431	0.00900	0.00866	0.01697	0.02597	0.03465	0.38573	0.08323	0.29386	0.02237	0.01177	0.00323	0.00484	0.01926	0.01027	0.00900
5	0.02102	0.01723	0.01851	0.01722	0.02093	0.01939	0.01262	0.03947	0.37575	0.03434	0.03915	0.09082	0.03471	0.18907	0.02146	0.00515	0.00822	0.01345	0.00895	0.01253
6	0.03724	0.04751	0.02825	0.02568	0.03082	0.60963	0.01926	0.03981	0.02825	0.02440	0.01541	0.01798	0.01284	0.01027	0.00899	0.00257	0.01798	0.00642	0.00514	0.01156
7	0.02516	0.52043	0.17440	0.01960	0.02952	0.03580	0.02148	0.03024	0.02043	0.02527	0.01476	0.01712	0.01276	0.00874	0.00708	0.00236	0.01157	0.00579	0.00425	0.01323
8	0.01317	0.01017	0.01221	0.01307	0.01553	0.00921	0.01013	0.01633	0.02284	0.02910	0.14604	0.19904	0.29724	0.02625	0.01242	0.00375	0.00611	0.13927	0.00947	0.00867
9	0.01397	0.00944	0.01103	0.01155	0.01168	0.00931	0.00676	0.01436	0.01552	0.02070	0.03668	0.19460	0.04289	0.51122	0.04223	0.00841	0.00880	0.01760	0.00676	0.00650
10	0.02058	0.16051	0.03490	0.48945	0.05902	0.02602	0.02531	0.02645	0.02001	0.02502	0.01685	0.02421	0.01318	0.00964	0.00917	0.00306	0.01270	0.00807	0.00439	0.01146
11	0.01512	0.01216	0.01819	0.02436	0.14276	0.01170	0.01404	0.01804	0.02067	0.02828	0.09178	0.45623	0.05711	0.02530	0.01200	0.00373	0.00705	0.02311	0.00843	0.00993
12	0.03154	0.03914	0.02419	0.02219	0.02693	0.47505	0.01665	0.03410	0.02701	0.02496	0.03457	0.03543	0.14056	0.01362	0.00961	0.00275	0.01508	0.00969	0.00606	0.01085
13	0.02068	0.01190	0.01620	0.01484	0.01829	0.01174	0.01162	0.02439	0.02229	0.15501	0.15413	0.05344	0.11986	0.04248	0.26658	0.00865	0.01498	0.01354	0.00863	0.01074
14	0.48791	0.01665	0.01489	0.01379	0.01887	0.01833	0.01087	0.02796	0.01870	0.10039	0.02585	0.15847	0.02465	0.01451	0.00806	0.00330	0.00736	0.01104	0.00753	0.01087

[dist]
# distance from previous block
# <min> <max>
0	10

# created by:
# /st0/software/busco_prod/Augustus/scripts/msa2prfl.pl ./align_prep/8787.fa
