[name]
unknown

[dist]
# distance from previous block
# <min> <max>
0	123

[block]
# block no. 0 follows, 13 sequences, length 67
# corresponding to MSA columns:
# 140-157,160-181,183-209
name=unknown_A
#
# <colnr> <probs for GDERKNQSTAVLIFYWHMCP>
#	G	D	E	R	K	N	Q	S	T	A	V	L	I	F	Y	W	H	M	C	P
0	0.01561	0.01093	0.01423	0.01392	0.01640	0.01028	0.01078	0.02058	0.02857	0.04066	0.44750	0.08174	0.08889	0.02200	0.01240	0.00348	0.00565	0.08510	0.06136	0.00993
1	0.03014	0.02262	0.03342	0.07869	0.13780	0.02359	0.08768	0.04533	0.22259	0.15272	0.03349	0.03380	0.02437	0.01210	0.01089	0.00342	0.01102	0.01105	0.00900	0.01628
2	0.02866	0.02765	0.10868	0.17731	0.12059	0.02603	0.02649	0.13996	0.06609	0.08951	0.02390	0.02761	0.01764	0.01192	0.01242	0.00344	0.06008	0.00949	0.00722	0.01529
3	0.01843	0.01640	0.01637	0.01527	0.01818	0.09130	0.01145	0.02310	0.02993	0.04007	0.48057	0.07052	0.08760	0.02010	0.01206	0.00324	0.00698	0.01738	0.01076	0.01030
4	0.12017	0.27026	0.29793	0.02327	0.03511	0.03100	0.02720	0.03245	0.02139	0.03218	0.01675	0.01956	0.01319	0.00963	0.00831	0.00292	0.01293	0.00670	0.00478	0.01425
5	0.03245	0.16810	0.17452	0.06152	0.03728	0.02656	0.06016	0.08060	0.02698	0.19392	0.02551	0.02628	0.01788	0.01091	0.00974	0.00309	0.01239	0.00875	0.00765	0.01572
6	0.01861	0.01140	0.01456	0.01401	0.01701	0.01024	0.01040	0.02229	0.02655	0.11066	0.28303	0.21423	0.15796	0.02419	0.01248	0.00360	0.00591	0.02123	0.01108	0.01058
7	0.02518	0.02080	0.02248	0.02042	0.02556	0.02388	0.01567	0.05020	0.46859	0.04058	0.03955	0.03842	0.03031	0.01751	0.01507	0.10084	0.00848	0.01156	0.00989	0.01502
8	0.43870	0.02327	0.01889	0.01647	0.02229	0.07597	0.01295	0.10855	0.02377	0.04466	0.01919	0.02600	0.01650	0.09771	0.01414	0.00419	0.01004	0.00779	0.00706	0.01185
9	0.01988	0.01144	0.01388	0.01307	0.01440	0.01128	0.00833	0.02081	0.01763	0.09843	0.03403	0.06191	0.03558	0.49006	0.09766	0.00990	0.01177	0.01433	0.00728	0.00833
10	0.02192	0.01879	0.02192	0.01566	0.02506	0.01409	0.01253	0.02662	0.02192	0.03445	0.01879	0.02192	0.01566	0.00783	0.00783	0.00157	0.00783	0.00626	0.00626	0.69305
11	0.02131	0.04962	0.49574	0.02809	0.04284	0.02308	0.03532	0.03252	0.02227	0.03362	0.01895	0.02227	0.01371	0.00973	0.00973	0.00310	0.01453	0.00759	0.00472	0.11127
12	0.11390	0.01334	0.01683	0.01869	0.02170	0.01380	0.01625	0.02320	0.02344	0.03387	0.05016	0.10485	0.05387	0.02647	0.01347	0.00464	0.00952	0.42274	0.00929	0.00998
13	0.11034	0.01079	0.01273	0.01461	0.01606	0.01072	0.01005	0.01703	0.01993	0.02988	0.05213	0.53619	0.06167	0.02983	0.01251	0.00415	0.00642	0.02662	0.00935	0.00899
14	0.02737	0.54781	0.05068	0.01775	0.02684	0.03792	0.01731	0.03095	0.02155	0.02623	0.01528	0.01766	0.01386	0.00887	0.00693	0.00216	0.01082	0.00574	0.00477	0.10951
15	0.60661	0.01895	0.01474	0.01333	0.01930	0.02176	0.01088	0.03017	0.01858	0.04631	0.01751	0.02032	0.01366	0.01017	0.00666	0.00316	0.00772	0.00631	0.10263	0.01123
16	0.01997	0.01879	0.03171	0.60301	0.07282	0.02349	0.02936	0.02701	0.02114	0.02701	0.01879	0.02819	0.01409	0.01057	0.01057	0.00352	0.01409	0.00940	0.00470	0.01175
17	0.01496	0.01081	0.01413	0.01330	0.01580	0.00998	0.00998	0.01995	0.02993	0.04240	0.55689	0.07898	0.09976	0.02162	0.01247	0.00333	0.00499	0.01912	0.01164	0.00998
18	0.02617	0.02512	0.04292	0.06490	0.56246	0.02512	0.03245	0.03245	0.02407	0.03454	0.01989	0.02617	0.01675	0.00942	0.01047	0.00314	0.01256	0.00942	0.00523	0.01675
19	0.02630	0.02271	0.02391	0.02152	0.02749	0.02630	0.01674	0.05618	0.54336	0.04423	0.04303	0.03945	0.03228	0.01434	0.01076	0.00359	0.00837	0.01195	0.01076	0.01674
20	0.01288	0.00920	0.01227	0.01472	0.01534	0.00859	0.00981	0.01472	0.02024	0.02699	0.05828	0.62152	0.06993	0.03312	0.01350	0.00429	0.00613	0.03006	0.00981	0.00859
21	0.02313	0.02313	0.03238	0.02776	0.02776	0.03238	0.02313	0.02545	0.01619	0.02545	0.01388	0.02313	0.01388	0.01851	0.03470	0.00463	0.60907	0.00925	0.00463	0.01157
22	0.02192	0.01879	0.02192	0.01566	0.02506	0.01409	0.01253	0.02662	0.02192	0.03445	0.01879	0.02192	0.01566	0.00783	0.00783	0.00157	0.00783	0.00626	0.00626	0.69305
23	0.44474	0.02005	0.02053	0.01950	0.06568	0.02128	0.01440	0.03756	0.02230	0.20926	0.02355	0.02376	0.01646	0.01080	0.00813	0.00326	0.00878	0.00755	0.00848	0.01391
24	0.01475	0.01080	0.01384	0.01308	0.01567	0.00989	0.00981	0.01954	0.02943	0.04121	0.51813	0.08094	0.13926	0.02206	0.01247	0.00335	0.00502	0.01940	0.01148	0.00989
25	0.02313	0.02313	0.03238	0.02776	0.02776	0.03238	0.02313	0.02545	0.01619	0.02545	0.01388	0.02313	0.01388	0.01851	0.03470	0.00463	0.60907	0.00925	0.00463	0.01157
26	0.64163	0.02022	0.01638	0.01436	0.02106	0.02295	0.01183	0.03300	0.01914	0.09641	0.01725	0.01894	0.01283	0.01012	0.00693	0.00327	0.00826	0.00619	0.00716	0.01206
27	0.70310	0.02045	0.01554	0.01390	0.02045	0.02372	0.01145	0.03108	0.01799	0.04744	0.01472	0.01718	0.01145	0.00981	0.00654	0.00327	0.00818	0.00573	0.00654	0.01145
28	0.01250	0.01071	0.01071	0.01071	0.01428	0.00893	0.00803	0.01517	0.02410	0.02856	0.10711	0.10175	0.55817	0.02678	0.01250	0.00357	0.00536	0.02231	0.00982	0.00893
29	0.01288	0.00920	0.01227	0.01472	0.01534	0.00859	0.00981	0.01472	0.02024	0.02699	0.05828	0.62152	0.06993	0.03312	0.01350	0.00429	0.00613	0.03006	0.00981	0.00859
30	0.04744	0.01799	0.02454	0.01881	0.02699	0.01554	0.01554	0.05153	0.03026	0.56979	0.04171	0.03599	0.02617	0.01309	0.01063	0.00327	0.00900	0.01063	0.01309	0.01799
31	0.01880	0.01729	0.02737	0.36459	0.11866	0.01960	0.02378	0.02467	0.02280	0.02944	0.07755	0.04735	0.13658	0.01469	0.01111	0.00347	0.01136	0.01287	0.00637	0.01165
32	0.01997	0.01879	0.03171	0.60301	0.07282	0.02349	0.02936	0.02701	0.02114	0.02701	0.01879	0.02819	0.01409	0.01057	0.01057	0.00352	0.01409	0.00940	0.00470	0.01175
33	0.02676	0.51073	0.16622	0.02067	0.03112	0.03814	0.02258	0.03205	0.02166	0.02672	0.01561	0.01811	0.01353	0.00926	0.00748	0.00249	0.01223	0.00612	0.00451	0.01401
34	0.02415	0.10285	0.02566	0.02236	0.06260	0.18693	0.01575	0.02733	0.02527	0.02962	0.12381	0.22604	0.04714	0.01965	0.01105	0.00331	0.01094	0.01657	0.00781	0.01117
35	0.03132	0.02706	0.14895	0.02360	0.06894	0.01777	0.02104	0.03762	0.02519	0.22837	0.02722	0.02742	0.01904	0.01035	0.00954	0.00270	0.01035	0.00842	0.00826	0.24684
36	0.02910	0.03278	0.14690	0.03038	0.04032	0.02802	0.16058	0.18739	0.14894	0.04600	0.02700	0.02880	0.01976	0.01150	0.01103	0.00341	0.01338	0.01053	0.00797	0.01621
37	0.02313	0.02313	0.03238	0.02776	0.02776	0.03238	0.02313	0.02545	0.01619	0.02545	0.01388	0.02313	0.01388	0.01851	0.03470	0.00463	0.60907	0.00925	0.00463	0.01157
38	0.01705	0.01246	0.01671	0.01828	0.02084	0.01252	0.01537	0.02342	0.05993	0.03397	0.13847	0.13990	0.06598	0.02720	0.01392	0.00449	0.00862	0.35058	0.01013	0.01017
39	0.12448	0.13052	0.21481	0.02780	0.08071	0.02650	0.05912	0.06580	0.02480	0.11866	0.02182	0.02378	0.01586	0.01035	0.00936	0.00314	0.01251	0.00817	0.00659	0.01522
40	0.04550	0.01890	0.02780	0.02103	0.02943	0.01650	0.05935	0.05001	0.02980	0.52361	0.03996	0.03534	0.02530	0.01273	0.01079	0.00330	0.00976	0.01079	0.01242	0.01767
41	0.01315	0.01040	0.01185	0.01220	0.01486	0.00909	0.00888	0.01618	0.02460	0.03141	0.20032	0.21129	0.34434	0.02699	0.01271	0.00367	0.00544	0.02329	0.01024	0.00909
42	0.11768	0.03083	0.18354	0.02552	0.07087	0.02235	0.02354	0.08381	0.07578	0.21860	0.02892	0.02840	0.01983	0.01162	0.00995	0.00331	0.01123	0.00915	0.00878	0.01628
43	0.07339	0.03173	0.16230	0.04656	0.28823	0.02522	0.09680	0.03500	0.07205	0.03604	0.02168	0.02621	0.01697	0.00998	0.01039	0.00330	0.01325	0.00944	0.00569	0.01578
44	0.02313	0.02313	0.03238	0.02776	0.02776	0.03238	0.02313	0.02545	0.01619	0.02545	0.01388	0.02313	0.01388	0.01851	0.03470	0.00463	0.60907	0.00925	0.00463	0.01157
45	0.21520	0.13468	0.03149	0.02442	0.06645	0.22627	0.01844	0.10512	0.02770	0.03787	0.01716	0.01961	0.01387	0.01045	0.00849	0.00289	0.01334	0.00689	0.00630	0.01339
46	0.01250	0.01071	0.01071	0.01071	0.01428	0.00893	0.00803	0.01517	0.02410	0.02856	0.10711	0.10175	0.55817	0.02678	0.01250	0.00357	0.00536	0.02231	0.00982	0.00893
47	0.19208	0.20401	0.03782	0.02229	0.03044	0.03164	0.08329	0.13719	0.09400	0.04258	0.02143	0.02316	0.01670	0.01065	0.00877	0.00303	0.01110	0.00818	0.00717	0.01447
48	0.02020	0.01668	0.01956	0.01767	0.02262	0.01686	0.01346	0.03272	0.19951	0.03444	0.03781	0.16967	0.03568	0.02778	0.10627	0.00545	0.01103	0.01455	0.00853	0.18952
49	0.01273	0.01072	0.01103	0.01095	0.01442	0.00902	0.00822	0.01562	0.02465	0.02986	0.14928	0.09962	0.51520	0.02629	0.01249	0.00355	0.00532	0.02202	0.00999	0.00902
50	0.02916	0.58821	0.05338	0.01882	0.02758	0.08520	0.01828	0.03250	0.02216	0.02496	0.01483	0.01713	0.01357	0.00919	0.00700	0.00230	0.01193	0.00575	0.00460	0.01346
51	0.01331	0.01031	0.01214	0.01260	0.01502	0.00913	0.00910	0.01641	0.02467	0.03208	0.22211	0.24431	0.28663	0.02712	0.01278	0.00371	0.00547	0.02362	0.01034	0.00913
52	0.01496	0.01081	0.01413	0.01330	0.01580	0.00998	0.00998	0.01995	0.02993	0.04240	0.55689	0.07898	0.09976	0.02162	0.01247	0.00333	0.00499	0.01912	0.01164	0.00998
53	0.02396	0.01290	0.01643	0.01435	0.01875	0.01138	0.01118	0.02817	0.02874	0.19429	0.30614	0.07138	0.17944	0.02025	0.01194	0.00336	0.00625	0.01733	0.01166	0.01210
54	0.01496	0.01081	0.01413	0.01330	0.01580	0.00998	0.00998	0.01995	0.02993	0.04240	0.55689	0.07898	0.09976	0.02162	0.01247	0.00333	0.00499	0.01912	0.01164	0.00998
55	0.03950	0.05039	0.02996	0.02724	0.03269	0.58597	0.02043	0.04222	0.02996	0.02588	0.01634	0.01907	0.01362	0.01090	0.00953	0.00272	0.01907	0.00681	0.00545	0.01226
56	0.01288	0.00920	0.01227	0.01472	0.01534	0.00859	0.00981	0.01472	0.02024	0.02699	0.05828	0.62152	0.06993	0.03312	0.01350	0.00429	0.00613	0.03006	0.00981	0.00859
57	0.01510	0.01133	0.01699	0.01699	0.01888	0.01322	0.01322	0.01888	0.01699	0.02454	0.02832	0.04154	0.02643	0.07930	0.58652	0.01699	0.02832	0.01133	0.00566	0.00944
58	0.02192	0.01879	0.02192	0.01566	0.02506	0.01409	0.01253	0.02662	0.02192	0.03445	0.01879	0.02192	0.01566	0.00783	0.00783	0.00157	0.00783	0.00626	0.00626	0.69305
59	0.01538	0.01025	0.01153	0.01153	0.01153	0.01025	0.00641	0.01538	0.01538	0.02050	0.03331	0.06919	0.03844	0.62842	0.05382	0.01025	0.01025	0.01538	0.00641	0.00641
60	0.01997	0.01879	0.03171	0.60301	0.07282	0.02349	0.02936	0.02701	0.02114	0.02701	0.01879	0.02819	0.01409	0.01057	0.01057	0.00352	0.01409	0.00940	0.00470	0.01175
61	0.02696	0.03625	0.24715	0.03978	0.15567	0.02398	0.16330	0.03591	0.02452	0.10953	0.02302	0.02672	0.01662	0.01004	0.01086	0.00335	0.01462	0.00979	0.00608	0.01584
62	0.02630	0.02271	0.02391	0.02152	0.02749	0.02630	0.01674	0.05618	0.54336	0.04423	0.04303	0.03945	0.03228	0.01434	0.01076	0.00359	0.00837	0.01195	0.01076	0.01674
63	0.01496	0.01081	0.01413	0.01330	0.01580	0.00998	0.00998	0.01995	0.02993	0.04240	0.55689	0.07898	0.09976	0.02162	0.01247	0.00333	0.00499	0.01912	0.01164	0.00998
64	0.03135	0.02016	0.02309	0.02014	0.02630	0.02161	0.01579	0.05124	0.34755	0.19715	0.04396	0.08858	0.03373	0.01559	0.01096	0.00355	0.00836	0.01313	0.01136	0.01640
65	0.18203	0.02142	0.02535	0.10157	0.03345	0.02255	0.01771	0.15792	0.03102	0.26064	0.02878	0.02832	0.01935	0.01194	0.00974	0.00328	0.01018	0.00914	0.00990	0.01571
66	0.28740	0.15540	0.07271	0.02099	0.06210	0.02644	0.01763	0.03709	0.05943	0.13765	0.02246	0.02324	0.01665	0.01057	0.00820	0.00307	0.00991	0.00748	0.00738	0.01419

[dist]
# distance from previous block
# <min> <max>
0	2

[block]
# block no. 1 follows, 13 sequences, length 48
# corresponding to MSA columns:
# 212-259
name=unknown_B
#
# <colnr> <probs for GDERKNQSTAVLIFYWHMCP>
#	G	D	E	R	K	N	Q	S	T	A	V	L	I	F	Y	W	H	M	C	P
0	0.17222	0.01955	0.02232	0.01920	0.06412	0.01712	0.01403	0.03014	0.02194	0.08272	0.01994	0.02240	0.01572	0.00883	0.00798	0.00220	0.00836	0.00675	0.00683	0.43763
1	0.09312	0.15550	0.03215	0.01936	0.02785	0.02668	0.01661	0.17838	0.03168	0.18435	0.02551	0.02516	0.01830	0.01105	0.00902	0.00277	0.01002	0.00818	0.00895	0.11536
2	0.01529	0.01060	0.01330	0.01330	0.01391	0.01121	0.00861	0.01651	0.01590	0.02181	0.03170	0.06023	0.03455	0.45044	0.22647	0.01244	0.01611	0.01406	0.00617	0.00739
3	0.02879	0.04408	0.41491	0.02686	0.04034	0.02195	0.03226	0.03870	0.02462	0.18851	0.02555	0.02627	0.01709	0.01092	0.01022	0.00333	0.01371	0.00863	0.00696	0.01631
4	0.01941	0.02203	0.10583	0.07681	0.10984	0.01782	0.05580	0.02749	0.05958	0.03599	0.19866	0.09926	0.05155	0.01740	0.01181	0.00356	0.01005	0.05627	0.00825	0.01257
5	0.19016	0.01551	0.01691	0.01430	0.01994	0.01531	0.01152	0.03664	0.02435	0.24829	0.03269	0.03288	0.02308	0.01203	0.00846	0.00297	0.00728	0.00919	0.26508	0.01340
6	0.01496	0.01081	0.01413	0.01330	0.01580	0.00998	0.00998	0.01995	0.02993	0.04240	0.55689	0.07898	0.09976	0.02162	0.01247	0.00333	0.00499	0.01912	0.01164	0.00998
7	0.02121	0.05469	0.57364	0.03014	0.04576	0.02455	0.03906	0.03348	0.02232	0.03348	0.01897	0.02232	0.01339	0.01005	0.01005	0.00335	0.01563	0.00781	0.00446	0.01563
8	0.03950	0.05039	0.02996	0.02724	0.03269	0.58597	0.02043	0.04222	0.02996	0.02588	0.01634	0.01907	0.01362	0.01090	0.00953	0.00272	0.01907	0.00681	0.00545	0.01226
9	0.01250	0.01071	0.01071	0.01071	0.01428	0.00893	0.00803	0.01517	0.02410	0.02856	0.10711	0.10175	0.55817	0.02678	0.01250	0.00357	0.00536	0.02231	0.00982	0.00893
10	0.02827	0.63478	0.05540	0.01809	0.02714	0.04184	0.01809	0.03166	0.02148	0.02488	0.01470	0.01696	0.01357	0.00905	0.00678	0.00226	0.01131	0.00565	0.00452	0.01357
11	0.01250	0.01071	0.01071	0.01071	0.01428	0.00893	0.00803	0.01517	0.02410	0.02856	0.10711	0.10175	0.55817	0.02678	0.01250	0.00357	0.00536	0.02231	0.00982	0.00893
12	0.70310	0.02045	0.01554	0.01390	0.02045	0.02372	0.01145	0.03108	0.01799	0.04744	0.01472	0.01718	0.01145	0.00981	0.00654	0.00327	0.00818	0.00573	0.00654	0.01145
13	0.70310	0.02045	0.01554	0.01390	0.02045	0.02372	0.01145	0.03108	0.01799	0.04744	0.01472	0.01718	0.01145	0.00981	0.00654	0.00327	0.00818	0.00573	0.00654	0.01145
14	0.02192	0.01879	0.02192	0.01566	0.02506	0.01409	0.01253	0.02662	0.02192	0.03445	0.01879	0.02192	0.01566	0.00783	0.00783	0.00157	0.00783	0.00626	0.00626	0.69305
15	0.04669	0.01919	0.02528	0.01938	0.02759	0.01732	0.01601	0.10064	0.03227	0.51784	0.04003	0.03489	0.02533	0.01305	0.01063	0.00326	0.00927	0.01052	0.01283	0.01799
16	0.01704	0.01217	0.01704	0.01947	0.02191	0.01217	0.01704	0.02191	0.02434	0.03164	0.05598	0.11926	0.06085	0.02921	0.01460	0.00487	0.00974	0.49130	0.00974	0.00974
17	0.01250	0.01071	0.01071	0.01071	0.01428	0.00893	0.00803	0.01517	0.02410	0.02856	0.10711	0.10175	0.55817	0.02678	0.01250	0.00357	0.00536	0.02231	0.00982	0.00893
18	0.01997	0.01879	0.03171	0.60301	0.07282	0.02349	0.02936	0.02701	0.02114	0.02701	0.01879	0.02819	0.01409	0.01057	0.01057	0.00352	0.01409	0.00940	0.00470	0.01175
19	0.04744	0.01799	0.02454	0.01881	0.02699	0.01554	0.01554	0.05153	0.03026	0.56979	0.04171	0.03599	0.02617	0.01309	0.01063	0.00327	0.00900	0.01063	0.01309	0.01799
20	0.04744	0.01799	0.02454	0.01881	0.02699	0.01554	0.01554	0.05153	0.03026	0.56979	0.04171	0.03599	0.02617	0.01309	0.01063	0.00327	0.00900	0.01063	0.01309	0.01799
21	0.04744	0.01799	0.02454	0.01881	0.02699	0.01554	0.01554	0.05153	0.03026	0.56979	0.04171	0.03599	0.02617	0.01309	0.01063	0.00327	0.00900	0.01063	0.01309	0.01799
22	0.02617	0.02512	0.04292	0.06490	0.56246	0.02512	0.03245	0.03245	0.02407	0.03454	0.01989	0.02617	0.01675	0.00942	0.01047	0.00314	0.01256	0.00942	0.00523	0.01675
23	0.03950	0.05039	0.02996	0.02724	0.03269	0.58597	0.02043	0.04222	0.02996	0.02588	0.01634	0.01907	0.01362	0.01090	0.00953	0.00272	0.01907	0.00681	0.00545	0.01226
24	0.02215	0.02136	0.02991	0.02642	0.02681	0.02912	0.02215	0.02487	0.01751	0.02645	0.02068	0.03866	0.02147	0.02023	0.03145	0.00467	0.51227	0.08710	0.00545	0.01127
25	0.02925	0.07587	0.14256	0.02177	0.03220	0.01977	0.05614	0.03556	0.02440	0.17517	0.02476	0.02581	0.01783	0.00986	0.00928	0.00259	0.01075	0.00814	0.00749	0.27079
26	0.02401	0.11883	0.03249	0.02322	0.02533	0.03020	0.01928	0.06478	0.01957	0.02781	0.01819	0.03007	0.01828	0.11902	0.03154	0.00508	0.36564	0.00973	0.00538	0.01153
27	0.01496	0.01081	0.01413	0.01330	0.01580	0.00998	0.00998	0.01995	0.02993	0.04240	0.55689	0.07898	0.09976	0.02162	0.01247	0.00333	0.00499	0.01912	0.01164	0.00998
28	0.02620	0.01713	0.02069	0.01847	0.02306	0.01851	0.01449	0.10976	0.13386	0.11653	0.03651	0.09750	0.03085	0.03528	0.18452	0.00750	0.01446	0.01288	0.06834	0.01347
29	0.01496	0.01081	0.01413	0.01330	0.01580	0.00998	0.00998	0.01995	0.02993	0.04240	0.55689	0.07898	0.09976	0.02162	0.01247	0.00333	0.00499	0.01912	0.01164	0.00998
30	0.01461	0.01054	0.01382	0.01354	0.01572	0.00974	0.00995	0.01907	0.02830	0.03981	0.47311	0.17014	0.09475	0.02355	0.01264	0.00349	0.00518	0.02096	0.01133	0.00974
31	0.01496	0.01081	0.01413	0.01330	0.01580	0.00998	0.00998	0.01995	0.02993	0.04240	0.55689	0.07898	0.09976	0.02162	0.01247	0.00333	0.00499	0.01912	0.01164	0.00998
32	0.02754	0.57489	0.10891	0.01933	0.02906	0.04005	0.02026	0.03185	0.02157	0.02576	0.01514	0.01751	0.01355	0.00915	0.00712	0.00237	0.01175	0.00588	0.00452	0.01378
33	0.02764	0.01956	0.02317	0.01690	0.02602	0.01589	0.01365	0.07234	0.02561	0.12529	0.02312	0.02453	0.01758	0.00910	0.00852	0.00198	0.00834	0.00725	0.00775	0.52576
34	0.04432	0.02581	0.02728	0.02153	0.02939	0.10204	0.01749	0.18011	0.03553	0.35438	0.03362	0.03067	0.02214	0.01266	0.01046	0.00317	0.01116	0.00978	0.01131	0.01717
35	0.02827	0.63478	0.05540	0.01809	0.02714	0.04184	0.01809	0.03166	0.02148	0.02488	0.01470	0.01696	0.01357	0.00905	0.00678	0.00226	0.01131	0.00565	0.00452	0.01357
36	0.01510	0.01133	0.01699	0.01699	0.01888	0.01322	0.01322	0.01888	0.01699	0.02454	0.02832	0.04154	0.02643	0.07930	0.58652	0.01699	0.02832	0.01133	0.00566	0.00944
37	0.08441	0.15285	0.07109	0.02388	0.07314	0.02509	0.05164	0.06808	0.06130	0.07861	0.02955	0.03084	0.06423	0.01148	0.00921	0.00281	0.01037	0.00925	0.00712	0.13504
38	0.02491	0.03320	0.19705	0.03210	0.10856	0.02333	0.09858	0.08427	0.06221	0.03810	0.02175	0.02516	0.01659	0.00982	0.01001	0.00291	0.01268	0.00879	0.00621	0.18377
39	0.01310	0.00937	0.01246	0.01458	0.01538	0.00873	0.00983	0.01526	0.02124	0.02858	0.10975	0.56551	0.07301	0.03194	0.01339	0.00419	0.00602	0.02893	0.01000	0.00873
40	0.01277	0.00966	0.01180	0.01351	0.01502	0.00869	0.00928	0.01486	0.02141	0.02747	0.07302	0.46461	0.21733	0.03121	0.01319	0.00408	0.00590	0.02772	0.00982	0.00869
41	0.02921	0.03976	0.35709	0.02529	0.03759	0.02062	0.02942	0.03834	0.02542	0.20685	0.06446	0.03074	0.02364	0.01185	0.01041	0.00332	0.01274	0.00952	0.00775	0.01599
42	0.07594	0.02463	0.03428	0.03017	0.07789	0.06727	0.09174	0.03538	0.02277	0.16485	0.02265	0.02667	0.01732	0.01387	0.01971	0.00378	0.24028	0.00965	0.00708	0.01405
43	0.01300	0.00959	0.01217	0.01392	0.01520	0.00877	0.00953	0.01525	0.02173	0.02860	0.10990	0.48694	0.15456	0.03106	0.01324	0.00409	0.00590	0.02780	0.00997	0.00877
44	0.17484	0.02195	0.03369	0.14322	0.27153	0.02331	0.05974	0.03019	0.02277	0.03672	0.06541	0.02929	0.02228	0.01074	0.00993	0.00328	0.01157	0.00965	0.00600	0.01391
45	0.23092	0.02685	0.02652	0.02372	0.06758	0.08384	0.01780	0.21836	0.03340	0.13849	0.02370	0.02420	0.01693	0.01150	0.00931	0.00317	0.01104	0.00833	0.00891	0.01542
46	0.19785	0.11803	0.07556	0.06422	0.03253	0.07611	0.01962	0.17610	0.03020	0.08682	0.02073	0.02241	0.01535	0.01096	0.00891	0.00307	0.01168	0.00773	0.00752	0.01460
47	0.18504	0.02031	0.02642	0.02342	0.08230	0.01879	0.05329	0.03607	0.02392	0.19419	0.02489	0.02589	0.01792	0.01007	0.00898	0.00276	0.00948	0.00821	0.00815	0.21989

[dist]
# distance from previous block
# <min> <max>
1	9

[block]
# block no. 2 follows, 13 sequences, length 30
# corresponding to MSA columns:
# 269-298
name=unknown_C
#
# <colnr> <probs for GDERKNQSTAVLIFYWHMCP>
#	G	D	E	R	K	N	Q	S	T	A	V	L	I	F	Y	W	H	M	C	P
0	0.09125	0.24282	0.03753	0.02083	0.02847	0.07807	0.05298	0.07652	0.02637	0.15337	0.02610	0.07619	0.02172	0.01259	0.00918	0.00296	0.01125	0.00984	0.00772	0.01424
1	0.02134	0.01254	0.01613	0.01628	0.01891	0.01194	0.01172	0.06629	0.02459	0.12560	0.05248	0.46642	0.05769	0.02781	0.01274	0.00402	0.00712	0.02485	0.01046	0.01106
2	0.03512	0.13508	0.12963	0.03008	0.13972	0.02373	0.02355	0.04096	0.02606	0.27027	0.02850	0.02823	0.01978	0.01109	0.00981	0.00308	0.01129	0.00901	0.00846	0.01654
3	0.01749	0.01075	0.01318	0.01351	0.01452	0.01039	0.00879	0.01865	0.01849	0.06824	0.04203	0.21221	0.04712	0.38215	0.03711	0.00776	0.00905	0.05233	0.00807	0.00816
4	0.02139	0.02024	0.03428	0.47987	0.18487	0.02386	0.03007	0.02826	0.02181	0.02874	0.01904	0.02773	0.01470	0.01031	0.01055	0.00344	0.01374	0.00940	0.00482	0.01289
5	0.02425	0.02316	0.03945	0.23131	0.41104	0.02462	0.03149	0.03077	0.02317	0.03221	0.01955	0.02679	0.01593	0.00978	0.01050	0.00326	0.01304	0.00941	0.00507	0.01520
6	0.02127	0.02484	0.10849	0.29307	0.17818	0.02344	0.02920	0.02800	0.02152	0.02960	0.02219	0.07929	0.01959	0.01289	0.01274	0.00357	0.06266	0.01101	0.00524	0.01320
7	0.01423	0.00957	0.01237	0.01448	0.01552	0.00910	0.01014	0.01678	0.02089	0.02917	0.05472	0.49336	0.06307	0.02984	0.01274	0.00409	0.00630	0.06973	0.10507	0.00887
8	0.04744	0.01799	0.02454	0.01881	0.02699	0.01554	0.01554	0.05153	0.03026	0.56979	0.04171	0.03599	0.02617	0.01309	0.01063	0.00327	0.00900	0.01063	0.01309	0.01799
9	0.01837	0.00918	0.01377	0.01377	0.01377	0.00918	0.00918	0.01377	0.01377	0.01837	0.01837	0.03214	0.01837	0.03673	0.04132	0.69238	0.00918	0.00918	0.00459	0.00459
10	0.02617	0.02512	0.04292	0.06490	0.56246	0.02512	0.03245	0.03245	0.02407	0.03454	0.01989	0.02617	0.01675	0.00942	0.01047	0.00314	0.01256	0.00942	0.00523	0.01675
11	0.04744	0.01799	0.02454	0.01881	0.02699	0.01554	0.01554	0.05153	0.03026	0.56979	0.04171	0.03599	0.02617	0.01309	0.01063	0.00327	0.00900	0.01063	0.01309	0.01799
12	0.01528	0.01065	0.01354	0.01354	0.01423	0.01134	0.00891	0.01666	0.01597	0.02199	0.03148	0.05904	0.03403	0.42677	0.24944	0.01273	0.01689	0.01389	0.00613	0.00752
13	0.02496	0.02852	0.06239	0.04456	0.05526	0.02674	0.52406	0.03387	0.02496	0.03387	0.02139	0.02852	0.01604	0.00891	0.01248	0.00357	0.01783	0.01248	0.00535	0.01426
14	0.02313	0.02313	0.03238	0.02776	0.02776	0.03238	0.02313	0.02545	0.01619	0.02545	0.01388	0.02313	0.01388	0.01851	0.03470	0.00463	0.60907	0.00925	0.00463	0.01157
15	0.02179	0.01391	0.01428	0.01353	0.01710	0.01504	0.01034	0.03458	0.18646	0.04093	0.03718	0.03943	0.02873	0.01296	0.00845	0.00282	0.00601	0.01052	0.47392	0.01202
16	0.04613	0.02009	0.02583	0.01981	0.02804	0.01865	0.01636	0.13725	0.03377	0.47911	0.03877	0.03408	0.02470	0.01302	0.01062	0.00325	0.00947	0.01043	0.01263	0.01799
17	0.03594	0.02750	0.02934	0.02347	0.03117	0.03080	0.01907	0.38300	0.20085	0.05978	0.03079	0.02969	0.02236	0.01320	0.01063	0.00330	0.01063	0.01026	0.01063	0.01760
18	0.01510	0.01133	0.01699	0.01699	0.01888	0.01322	0.01322	0.01888	0.01699	0.02454	0.02832	0.04154	0.02643	0.07930	0.58652	0.01699	0.02832	0.01133	0.00566	0.00944
19	0.02827	0.63478	0.05540	0.01809	0.02714	0.04184	0.01809	0.03166	0.02148	0.02488	0.01470	0.01696	0.01357	0.00905	0.00678	0.00226	0.01131	0.00565	0.00452	0.01357
20	0.04321	0.02477	0.02873	0.02203	0.03037	0.02559	0.01820	0.32882	0.04160	0.27648	0.03219	0.02981	0.02140	0.01286	0.01060	0.00321	0.01053	0.00998	0.01162	0.01799
21	0.02329	0.02056	0.03070	0.02494	0.03103	0.02128	0.13875	0.07977	0.18719	0.04211	0.17856	0.05330	0.04807	0.01616	0.01196	0.00358	0.01015	0.05524	0.00958	0.01378
22	0.01496	0.01081	0.01413	0.01330	0.01580	0.00998	0.00998	0.01995	0.02993	0.04240	0.55689	0.07898	0.09976	0.02162	0.01247	0.00333	0.00499	0.01912	0.01164	0.00998
23	0.04515	0.02166	0.02681	0.02055	0.02882	0.02099	0.01698	0.20176	0.03640	0.41087	0.03656	0.03264	0.02359	0.01296	0.01062	0.00324	0.00983	0.01028	0.01229	0.01799
24	0.02121	0.05469	0.57364	0.03014	0.04576	0.02455	0.03906	0.03348	0.02232	0.03348	0.01897	0.02232	0.01339	0.01005	0.01005	0.00335	0.01563	0.00781	0.00446	0.01563
25	0.01718	0.00996	0.01495	0.01495	0.01563	0.01065	0.01065	0.01563	0.01495	0.02061	0.02199	0.03556	0.02130	0.05222	0.23973	0.44659	0.01615	0.00996	0.00498	0.00636
26	0.01351	0.00947	0.01208	0.01392	0.01438	0.00901	0.00896	0.01489	0.01902	0.02536	0.05199	0.48239	0.06200	0.18307	0.02365	0.00579	0.00717	0.02636	0.00896	0.00804
27	0.01837	0.00918	0.01377	0.01377	0.01377	0.00918	0.00918	0.01377	0.01377	0.01837	0.01837	0.03214	0.01837	0.03673	0.04132	0.69238	0.00918	0.00918	0.00459	0.00459
28	0.22793	0.02629	0.02914	0.02289	0.03079	0.02909	0.06220	0.30018	0.08104	0.05627	0.02349	0.02452	0.01717	0.01167	0.00960	0.00327	0.01091	0.00890	0.00897	0.01567
29	0.02708	0.03477	0.21233	0.03838	0.09511	0.02434	0.25823	0.03610	0.02481	0.10919	0.02337	0.02745	0.01672	0.00989	0.01129	0.00342	0.01542	0.01050	0.00615	0.01543

[dist]
# distance from previous block
# <min> <max>
3	6

[block]
# block no. 3 follows, 13 sequences, length 19
# corresponding to MSA columns:
# 305-323
name=unknown_D
#
# <colnr> <probs for GDERKNQSTAVLIFYWHMCP>
#	G	D	E	R	K	N	Q	S	T	A	V	L	I	F	Y	W	H	M	C	P
0	0.27548	0.02557	0.08688	0.02624	0.09165	0.02300	0.06130	0.07963	0.02551	0.17343	0.02390	0.02506	0.01684	0.01077	0.00923	0.00328	0.01080	0.00848	0.00802	0.01493
1	0.02192	0.01879	0.02192	0.01566	0.02506	0.01409	0.01253	0.02662	0.02192	0.03445	0.01879	0.02192	0.01566	0.00783	0.00783	0.00157	0.00783	0.00626	0.00626	0.69305
2	0.04744	0.01799	0.02454	0.01881	0.02699	0.01554	0.01554	0.05153	0.03026	0.56979	0.04171	0.03599	0.02617	0.01309	0.01063	0.00327	0.00900	0.01063	0.01309	0.01799
3	0.02192	0.01879	0.02192	0.01566	0.02506	0.01409	0.01253	0.02662	0.02192	0.03445	0.01879	0.02192	0.01566	0.00783	0.00783	0.00157	0.00783	0.00626	0.00626	0.69305
4	0.02592	0.04418	0.40014	0.02889	0.04214	0.02353	0.07419	0.03821	0.06921	0.11523	0.02470	0.02639	0.01719	0.01078	0.01040	0.00338	0.01418	0.00899	0.00639	0.01596
5	0.01608	0.01257	0.01851	0.06477	0.08459	0.01254	0.01555	0.01978	0.02253	0.03027	0.09348	0.34662	0.06015	0.02682	0.01309	0.00415	0.00819	0.13110	0.00905	0.01015
6	0.03047	0.02267	0.02397	0.02008	0.02628	0.02529	0.01603	0.24017	0.22797	0.05225	0.03399	0.03374	0.02534	0.01323	0.00994	0.00317	0.00893	0.01050	0.16026	0.01572
7	0.01496	0.01081	0.01413	0.01330	0.01580	0.00998	0.00998	0.01995	0.02993	0.04240	0.55689	0.07898	0.09976	0.02162	0.01247	0.00333	0.00499	0.01912	0.01164	0.00998
8	0.02404	0.02005	0.02306	0.01667	0.02595	0.01626	0.01341	0.08470	0.02515	0.03819	0.01956	0.02233	0.01593	0.00839	0.00815	0.00175	0.00827	0.00664	0.00676	0.61474
9	0.01588	0.01134	0.01570	0.01814	0.02007	0.01117	0.01502	0.01990	0.02319	0.03034	0.05662	0.25974	0.06339	0.03030	0.01429	0.00471	0.00873	0.36230	0.00976	0.00941
10	0.02564	0.02276	0.03136	0.09434	0.13512	0.02492	0.06325	0.08270	0.25931	0.04137	0.07760	0.03708	0.03071	0.01305	0.01096	0.00344	0.01055	0.01166	0.00867	0.01550
11	0.01365	0.01024	0.01438	0.07865	0.02158	0.01021	0.01194	0.01606	0.02034	0.02699	0.05398	0.55704	0.06386	0.03067	0.01318	0.00421	0.00700	0.02781	0.00926	0.00893
12	0.07866	0.07131	0.02416	0.01825	0.02348	0.02032	0.01478	0.06678	0.08766	0.17869	0.13658	0.10792	0.04259	0.01706	0.01270	0.00346	0.05806	0.01372	0.01006	0.01379
13	0.03249	0.07039	0.09017	0.03253	0.04220	0.09093	0.24086	0.09165	0.02880	0.13818	0.02449	0.02725	0.01753	0.01045	0.01101	0.00327	0.01501	0.01032	0.00728	0.01521
14	0.18267	0.02556	0.08661	0.02051	0.02839	0.02392	0.01819	0.08769	0.21947	0.15132	0.03211	0.03056	0.02296	0.01244	0.00969	0.00339	0.00958	0.00960	0.00954	0.01578
15	0.01288	0.00920	0.01227	0.01472	0.01534	0.00859	0.00981	0.01472	0.02024	0.02699	0.05828	0.62152	0.06993	0.03312	0.01350	0.00429	0.00613	0.03006	0.00981	0.00859
16	0.01997	0.01879	0.03171	0.60301	0.07282	0.02349	0.02936	0.02701	0.02114	0.02701	0.01879	0.02819	0.01409	0.01057	0.01057	0.00352	0.01409	0.00940	0.00470	0.01175
17	0.01510	0.01133	0.01699	0.01699	0.01888	0.01322	0.01322	0.01888	0.01699	0.02454	0.02832	0.04154	0.02643	0.07930	0.58652	0.01699	0.02832	0.01133	0.00566	0.00944
18	0.70310	0.02045	0.01554	0.01390	0.02045	0.02372	0.01145	0.03108	0.01799	0.04744	0.01472	0.01718	0.01145	0.00981	0.00654	0.00327	0.00818	0.00573	0.00654	0.01145

[dist]
# distance from previous block
# <min> <max>
0	38

[block]
# block no. 4 follows, 13 sequences, length 53
# corresponding to MSA columns:
# 362-414
name=unknown_E
#
# <colnr> <probs for GDERKNQSTAVLIFYWHMCP>
#	G	D	E	R	K	N	Q	S	T	A	V	L	I	F	Y	W	H	M	C	P
0	0.02121	0.05469	0.57364	0.03014	0.04576	0.02455	0.03906	0.03348	0.02232	0.03348	0.01897	0.02232	0.01339	0.01005	0.01005	0.00335	0.01563	0.00781	0.00446	0.01563
1	0.03950	0.05039	0.02996	0.02724	0.03269	0.58597	0.02043	0.04222	0.02996	0.02588	0.01634	0.01907	0.01362	0.01090	0.00953	0.00272	0.01907	0.00681	0.00545	0.01226
2	0.02192	0.01879	0.02192	0.01566	0.02506	0.01409	0.01253	0.02662	0.02192	0.03445	0.01879	0.02192	0.01566	0.00783	0.00783	0.00157	0.00783	0.00626	0.00626	0.69305
3	0.02313	0.02313	0.03238	0.02776	0.02776	0.03238	0.02313	0.02545	0.01619	0.02545	0.01388	0.02313	0.01388	0.01851	0.03470	0.00463	0.60907	0.00925	0.00463	0.01157
4	0.02496	0.02852	0.06239	0.04456	0.05526	0.02674	0.52406	0.03387	0.02496	0.03387	0.02139	0.02852	0.01604	0.00891	0.01248	0.00357	0.01783	0.01248	0.00535	0.01426
5	0.03199	0.02072	0.02684	0.02525	0.10786	0.01875	0.01741	0.07798	0.07133	0.19670	0.02835	0.02851	0.02054	0.01058	0.00953	0.00261	0.00925	0.00879	0.00886	0.27814
6	0.04744	0.01799	0.02454	0.01881	0.02699	0.01554	0.01554	0.05153	0.03026	0.56979	0.04171	0.03599	0.02617	0.01309	0.01063	0.00327	0.00900	0.01063	0.01309	0.01799
7	0.04744	0.01799	0.02454	0.01881	0.02699	0.01554	0.01554	0.05153	0.03026	0.56979	0.04171	0.03599	0.02617	0.01309	0.01063	0.00327	0.00900	0.01063	0.01309	0.01799
8	0.01522	0.01046	0.01251	0.01220	0.01313	0.01015	0.00775	0.01709	0.02084	0.02872	0.22972	0.07286	0.06144	0.40079	0.03831	0.00765	0.00828	0.01678	0.00837	0.00775
9	0.01510	0.01133	0.01699	0.01699	0.01888	0.01322	0.01322	0.01888	0.01699	0.02454	0.02832	0.04154	0.02643	0.07930	0.58652	0.01699	0.02832	0.01133	0.00566	0.00944
10	0.03389	0.02174	0.02608	0.02388	0.06819	0.02288	0.01762	0.12623	0.23523	0.20124	0.07634	0.03810	0.03202	0.01387	0.01080	0.00337	0.00915	0.01151	0.01106	0.01680
11	0.02827	0.63478	0.05540	0.01809	0.02714	0.04184	0.01809	0.03166	0.02148	0.02488	0.01470	0.01696	0.01357	0.00905	0.00678	0.00226	0.01131	0.00565	0.00452	0.01357
12	0.11916	0.16394	0.03267	0.02003	0.02729	0.02531	0.05421	0.11392	0.02844	0.15909	0.07299	0.08255	0.02937	0.01384	0.00975	0.00314	0.00994	0.01124	0.00882	0.01430
13	0.03904	0.02904	0.03108	0.02409	0.03235	0.03225	0.01982	0.48815	0.09065	0.06478	0.02685	0.02655	0.01917	0.01283	0.01059	0.00321	0.01136	0.00972	0.01059	0.01788
14	0.01288	0.00920	0.01227	0.01472	0.01534	0.00859	0.00981	0.01472	0.02024	0.02699	0.05828	0.62152	0.06993	0.03312	0.01350	0.00429	0.00613	0.03006	0.00981	0.00859
15	0.09894	0.01833	0.02489	0.10914	0.03355	0.01747	0.01734	0.04598	0.02780	0.44105	0.03586	0.03318	0.02304	0.01242	0.01028	0.00331	0.00972	0.01002	0.01123	0.01647
16	0.02121	0.05469	0.57364	0.03014	0.04576	0.02455	0.03906	0.03348	0.02232	0.03348	0.01897	0.02232	0.01339	0.01005	0.01005	0.00335	0.01563	0.00781	0.00446	0.01563
17	0.03819	0.02038	0.02682	0.02155	0.02739	0.02181	0.01779	0.11358	0.02885	0.32627	0.03180	0.03188	0.02214	0.01951	0.06165	0.00465	0.14952	0.01020	0.01017	0.01583
18	0.34860	0.02596	0.02171	0.01871	0.02540	0.11358	0.01496	0.08060	0.09896	0.12260	0.02389	0.02411	0.01748	0.01135	0.00856	0.00322	0.01036	0.00783	0.00827	0.01384
19	0.27983	0.01792	0.02147	0.12138	0.06554	0.01954	0.01727	0.03088	0.02196	0.11917	0.02969	0.08701	0.02674	0.01525	0.00991	0.00363	0.00969	0.08287	0.00789	0.01236
20	0.44738	0.02705	0.13233	0.01838	0.02641	0.02313	0.01810	0.03289	0.06300	0.04294	0.02144	0.02871	0.01775	0.01188	0.00830	0.00345	0.00987	0.04766	0.00673	0.01261
21	0.70310	0.02045	0.01554	0.01390	0.02045	0.02372	0.01145	0.03108	0.01799	0.04744	0.01472	0.01718	0.01145	0.00981	0.00654	0.00327	0.00818	0.00573	0.00654	0.01145
22	0.01474	0.01080	0.01383	0.01307	0.01566	0.00988	0.00980	0.01953	0.02941	0.04117	0.51688	0.08100	0.14053	0.02207	0.01247	0.00335	0.00502	0.01941	0.01148	0.00988
23	0.20723	0.01859	0.02234	0.01762	0.02540	0.01753	0.01454	0.04654	0.02727	0.44248	0.03513	0.03140	0.02258	0.01229	0.00964	0.00327	0.00880	0.00944	0.01149	0.01640
24	0.08516	0.02156	0.02668	0.23918	0.04427	0.02550	0.02125	0.07837	0.26368	0.03974	0.03010	0.03219	0.02253	0.01240	0.01030	0.00350	0.01074	0.01026	0.00810	0.01449
25	0.04260	0.02575	0.02934	0.02249	0.03086	0.02705	0.01858	0.36897	0.04324	0.23401	0.03082	0.02891	0.02071	0.01282	0.01060	0.00321	0.01076	0.00989	0.01141	0.01799
26	0.01606	0.01337	0.01720	0.06171	0.06652	0.01303	0.01311	0.02212	0.06593	0.03419	0.21862	0.12237	0.25169	0.02212	0.01212	0.00352	0.00681	0.01915	0.00967	0.01069
27	0.02163	0.02279	0.04697	0.03478	0.04273	0.02132	0.36133	0.02905	0.02577	0.03536	0.15186	0.08695	0.04021	0.01383	0.01256	0.00357	0.01385	0.01544	0.00720	0.01280
28	0.02313	0.02313	0.03238	0.02776	0.02776	0.03238	0.02313	0.02545	0.01619	0.02545	0.01388	0.02313	0.01388	0.01851	0.03470	0.00463	0.60907	0.00925	0.00463	0.01157
29	0.02361	0.02300	0.02931	0.02555	0.02595	0.07005	0.02076	0.02488	0.01684	0.02438	0.01476	0.02423	0.01456	0.02077	0.03385	0.11131	0.47191	0.00906	0.00468	0.01053
30	0.70310	0.02045	0.01554	0.01390	0.02045	0.02372	0.01145	0.03108	0.01799	0.04744	0.01472	0.01718	0.01145	0.00981	0.00654	0.00327	0.00818	0.00573	0.00654	0.01145
31	0.02617	0.02512	0.04292	0.06490	0.56246	0.02512	0.03245	0.03245	0.02407	0.03454	0.01989	0.02617	0.01675	0.00942	0.01047	0.00314	0.01256	0.00942	0.00523	0.01675
32	0.02121	0.05469	0.57364	0.03014	0.04576	0.02455	0.03906	0.03348	0.02232	0.03348	0.01897	0.02232	0.01339	0.01005	0.01005	0.00335	0.01563	0.00781	0.00446	0.01563
33	0.01635	0.01168	0.01625	0.01868	0.02081	0.01157	0.01584	0.02071	0.02366	0.03087	0.05636	0.20269	0.06236	0.02986	0.01442	0.00477	0.00914	0.41468	0.00975	0.00955
34	0.04019	0.02962	0.03173	0.02433	0.03279	0.03279	0.02010	0.52721	0.04971	0.06663	0.02538	0.02538	0.01798	0.01269	0.01058	0.00317	0.01163	0.00952	0.01058	0.01798
35	0.01510	0.01133	0.01699	0.01699	0.01888	0.01322	0.01322	0.01888	0.01699	0.02454	0.02832	0.04154	0.02643	0.07930	0.58652	0.01699	0.02832	0.01133	0.00566	0.00944
36	0.03950	0.05039	0.02996	0.02724	0.03269	0.58597	0.02043	0.04222	0.02996	0.02588	0.01634	0.01907	0.01362	0.01090	0.00953	0.00272	0.01907	0.00681	0.00545	0.01226
37	0.03950	0.05039	0.02996	0.02724	0.03269	0.58597	0.02043	0.04222	0.02996	0.02588	0.01634	0.01907	0.01362	0.01090	0.00953	0.00272	0.01907	0.00681	0.00545	0.01226
38	0.01510	0.01133	0.01699	0.01699	0.01888	0.01322	0.01322	0.01888	0.01699	0.02454	0.02832	0.04154	0.02643	0.07930	0.58652	0.01699	0.02832	0.01133	0.00566	0.00944
39	0.01288	0.00920	0.01227	0.01472	0.01534	0.00859	0.00981	0.01472	0.02024	0.02699	0.05828	0.62152	0.06993	0.03312	0.01350	0.00429	0.00613	0.03006	0.00981	0.00859
40	0.02827	0.63478	0.05540	0.01809	0.02714	0.04184	0.01809	0.03166	0.02148	0.02488	0.01470	0.01696	0.01357	0.00905	0.00678	0.00226	0.01131	0.00565	0.00452	0.01357
41	0.10575	0.01821	0.02374	0.01838	0.02641	0.01627	0.01518	0.04971	0.02917	0.52333	0.03931	0.03431	0.02486	0.01280	0.01027	0.00327	0.00892	0.01020	0.01250	0.01741
42	0.02653	0.49231	0.18268	0.02105	0.03171	0.03759	0.02324	0.03211	0.02169	0.02699	0.01575	0.01828	0.01353	0.00929	0.00759	0.00253	0.01237	0.00618	0.00451	0.01407
43	0.04744	0.01799	0.02454	0.01881	0.02699	0.01554	0.01554	0.05153	0.03026	0.56979	0.04171	0.03599	0.02617	0.01309	0.01063	0.00327	0.00900	0.01063	0.01309	0.01799
44	0.04744	0.01799	0.02454	0.01881	0.02699	0.01554	0.01554	0.05153	0.03026	0.56979	0.04171	0.03599	0.02617	0.01309	0.01063	0.00327	0.00900	0.01063	0.01309	0.01799
45	0.01513	0.01124	0.01653	0.01653	0.01826	0.01297	0.01264	0.01858	0.01686	0.02420	0.02874	0.04387	0.02745	0.12564	0.54156	0.01642	0.02680	0.01167	0.00573	0.00918
46	0.17114	0.02583	0.03152	0.02452	0.03227	0.02793	0.09573	0.30548	0.03687	0.05425	0.02538	0.07490	0.02076	0.01325	0.01030	0.00335	0.01142	0.01095	0.00887	0.01527
47	0.02893	0.01345	0.01560	0.01361	0.01815	0.01297	0.01070	0.03562	0.06695	0.20604	0.03745	0.03835	0.02723	0.01272	0.00868	0.00281	0.00648	0.01027	0.42104	0.01296
48	0.02733	0.01324	0.01721	0.01475	0.01927	0.01195	0.01157	0.03199	0.02886	0.23095	0.29207	0.05750	0.06224	0.01713	0.01103	0.00317	0.00642	0.01466	0.11583	0.01283
49	0.02486	0.01483	0.01536	0.01350	0.01747	0.01562	0.01059	0.15108	0.02910	0.04627	0.03220	0.03589	0.02481	0.01241	0.00819	0.00264	0.00661	0.00977	0.51690	0.01190
50	0.02827	0.63478	0.05540	0.01809	0.02714	0.04184	0.01809	0.03166	0.02148	0.02488	0.01470	0.01696	0.01357	0.00905	0.00678	0.00226	0.01131	0.00565	0.00452	0.01357
51	0.01459	0.01065	0.01345	0.01364	0.01500	0.01099	0.00945	0.01658	0.01785	0.02388	0.04619	0.10615	0.12682	0.27708	0.23952	0.01112	0.01574	0.01620	0.00698	0.00812
52	0.02624	0.02123	0.06339	0.01795	0.02619	0.01681	0.01546	0.07142	0.06553	0.11705	0.11135	0.03480	0.03202	0.01186	0.00959	0.00251	0.00847	0.00977	0.00867	0.32970

[dist]
# distance from previous block
# <min> <max>
0	2

[block]
# block no. 5 follows, 13 sequences, length 17
# corresponding to MSA columns:
# 417-433
name=unknown_F
#
# <colnr> <probs for GDERKNQSTAVLIFYWHMCP>
#	G	D	E	R	K	N	Q	S	T	A	V	L	I	F	Y	W	H	M	C	P
0	0.16132	0.30699	0.23000	0.02149	0.03236	0.03211	0.02415	0.03219	0.02108	0.03244	0.01621	0.01889	0.01308	0.00955	0.00788	0.00285	0.01220	0.00643	0.00491	0.01387
1	0.02174	0.01879	0.02285	0.07094	0.02955	0.01498	0.01411	0.02666	0.02185	0.03375	0.01879	0.02251	0.01551	0.00809	0.00809	0.00175	0.00842	0.00656	0.00612	0.62894
2	0.03351	0.02199	0.02478	0.02100	0.02782	0.02383	0.01669	0.09655	0.35448	0.19494	0.04110	0.03722	0.02928	0.01384	0.01071	0.00346	0.00883	0.01136	0.01140	0.01720
3	0.01971	0.00985	0.00985	0.00985	0.01232	0.00985	0.00739	0.02464	0.02217	0.03942	0.03449	0.03942	0.02710	0.01232	0.00739	0.00246	0.00493	0.00985	0.68712	0.00985
4	0.01496	0.01081	0.01413	0.01330	0.01580	0.00998	0.00998	0.01995	0.02993	0.04240	0.55689	0.07898	0.09976	0.02162	0.01247	0.00333	0.00499	0.01912	0.01164	0.00998
5	0.01317	0.01074	0.01164	0.01142	0.01469	0.00921	0.00856	0.01648	0.02569	0.03233	0.22964	0.09555	0.43330	0.02537	0.01249	0.00350	0.00526	0.02144	0.01031	0.00921
6	0.01496	0.01081	0.01413	0.01330	0.01580	0.00998	0.00998	0.01995	0.02993	0.04240	0.55689	0.07898	0.09976	0.02162	0.01247	0.00333	0.00499	0.01912	0.01164	0.00998
7	0.02617	0.02512	0.04292	0.06490	0.56246	0.02512	0.03245	0.03245	0.02407	0.03454	0.01989	0.02617	0.01675	0.00942	0.01047	0.00314	0.01256	0.00942	0.00523	0.01675
8	0.02313	0.02313	0.03238	0.02776	0.02776	0.03238	0.02313	0.02545	0.01619	0.02545	0.01388	0.02313	0.01388	0.01851	0.03470	0.00463	0.60907	0.00925	0.00463	0.01157
9	0.02630	0.02271	0.02391	0.02152	0.02749	0.02630	0.01674	0.05618	0.54336	0.04423	0.04303	0.03945	0.03228	0.01434	0.01076	0.00359	0.00837	0.01195	0.01076	0.01674
10	0.03950	0.05039	0.02996	0.02724	0.03269	0.58597	0.02043	0.04222	0.02996	0.02588	0.01634	0.01907	0.01362	0.01090	0.00953	0.00272	0.01907	0.00681	0.00545	0.01226
11	0.02192	0.01879	0.02192	0.01566	0.02506	0.01409	0.01253	0.02662	0.02192	0.03445	0.01879	0.02192	0.01566	0.00783	0.00783	0.00157	0.00783	0.00626	0.00626	0.69305
12	0.01971	0.00985	0.00985	0.00985	0.01232	0.00985	0.00739	0.02464	0.02217	0.03942	0.03449	0.03942	0.02710	0.01232	0.00739	0.00246	0.00493	0.00985	0.68712	0.00985
13	0.70310	0.02045	0.01554	0.01390	0.02045	0.02372	0.01145	0.03108	0.01799	0.04744	0.01472	0.01718	0.01145	0.00981	0.00654	0.00327	0.00818	0.00573	0.00654	0.01145
14	0.01765	0.01154	0.01422	0.01311	0.01653	0.01025	0.00999	0.02186	0.02824	0.09385	0.36940	0.08120	0.22780	0.02225	0.01228	0.00339	0.00552	0.01917	0.01125	0.01051
15	0.04744	0.01799	0.02454	0.01881	0.02699	0.01554	0.01554	0.05153	0.03026	0.56979	0.04171	0.03599	0.02617	0.01309	0.01063	0.00327	0.00900	0.01063	0.01309	0.01799
16	0.03568	0.02553	0.02794	0.02228	0.02966	0.02793	0.01810	0.34839	0.14191	0.10130	0.08092	0.03410	0.02924	0.01390	0.01080	0.00328	0.01015	0.01100	0.01092	0.01698

[dist]
# distance from previous block
# <min> <max>
0	4

[block]
# block no. 6 follows, 13 sequences, length 87
# corresponding to MSA columns:
# 438-524
name=unknown_G
#
# <colnr> <probs for GDERKNQSTAVLIFYWHMCP>
#	G	D	E	R	K	N	Q	S	T	A	V	L	I	F	Y	W	H	M	C	P
