[name]
unknown

[dist]
# distance from previous block
# <min> <max>
0	67

[block]
# block no. 0 follows, 13 sequences, length 61
# corresponding to MSA columns:
# 67-127
name=unknown_A
#
# <colnr> <probs for GDERKNQSTAVLIFYWHMCP>
#	G	D	E	R	K	N	Q	S	T	A	V	L	I	F	Y	W	H	M	C	P
0	0.02496	0.02852	0.06239	0.04456	0.05526	0.02674	0.52406	0.03387	0.02496	0.03387	0.02139	0.02852	0.01604	0.00891	0.01248	0.00357	0.01783	0.01248	0.00535	0.01426
1	0.01250	0.01071	0.01071	0.01071	0.01428	0.00893	0.00803	0.01517	0.02410	0.02856	0.10711	0.10175	0.55817	0.02678	0.01250	0.00357	0.00536	0.02231	0.00982	0.00893
2	0.02602	0.02552	0.04522	0.06249	0.50239	0.02531	0.09068	0.03262	0.02418	0.03446	0.02007	0.02645	0.01666	0.00936	0.01071	0.00319	0.01318	0.00978	0.00525	0.01645
3	0.03718	0.04665	0.03017	0.09544	0.03744	0.51935	0.02149	0.04042	0.02892	0.02601	0.01663	0.02015	0.01368	0.01086	0.00966	0.00282	0.01848	0.00712	0.00536	0.01220
4	0.02435	0.02177	0.02630	0.02257	0.02874	0.02408	0.06986	0.04844	0.42016	0.04108	0.04908	0.04641	0.09917	0.01539	0.01117	0.00358	0.00899	0.01336	0.01006	0.01545
5	0.02390	0.02702	0.05802	0.04170	0.05180	0.02523	0.48048	0.03229	0.02488	0.03342	0.02863	0.03471	0.06183	0.01042	0.01248	0.00357	0.01677	0.01331	0.00573	0.01381
6	0.02639	0.09033	0.04425	0.05989	0.50521	0.02691	0.03091	0.03236	0.02380	0.03351	0.01933	0.02518	0.01641	0.00938	0.01007	0.00305	0.01243	0.00902	0.00516	0.01641
7	0.03571	0.01552	0.02006	0.01623	0.02277	0.01336	0.01312	0.03948	0.02856	0.38649	0.09446	0.05683	0.17619	0.01740	0.01127	0.00336	0.00773	0.01439	0.01210	0.01498
8	0.03055	0.02733	0.02614	0.02274	0.02913	0.09384	0.01782	0.14557	0.38714	0.04639	0.03646	0.03432	0.02730	0.01362	0.01058	0.00340	0.01027	0.01087	0.01009	0.01645
9	0.02398	0.01985	0.03305	0.07848	0.28508	0.01966	0.05598	0.02955	0.02477	0.07911	0.09250	0.10502	0.03655	0.01541	0.01152	0.00349	0.01087	0.05350	0.00750	0.01411
10	0.02408	0.07546	0.09566	0.36570	0.05557	0.02312	0.02634	0.03068	0.02249	0.10121	0.02424	0.06765	0.01937	0.01224	0.01039	0.00341	0.01281	0.01045	0.00614	0.01300
11	0.02121	0.05469	0.57364	0.03014	0.04576	0.02455	0.03906	0.03348	0.02232	0.03348	0.01897	0.02232	0.01339	0.01005	0.01005	0.00335	0.01563	0.00781	0.00446	0.01563
12	0.01369	0.01177	0.01295	0.01246	0.01560	0.01103	0.00954	0.01661	0.02412	0.02994	0.15251	0.09242	0.45790	0.02547	0.01437	0.00363	0.05630	0.02083	0.00960	0.00927
13	0.02617	0.09402	0.39182	0.02591	0.03874	0.02338	0.03103	0.03571	0.02422	0.13128	0.05909	0.02819	0.02157	0.01130	0.01004	0.00324	0.01333	0.00891	0.00653	0.01550
14	0.02540	0.01672	0.01982	0.01828	0.02231	0.01719	0.01377	0.16039	0.06555	0.10517	0.04632	0.34893	0.04797	0.02387	0.01217	0.00382	0.00812	0.02089	0.01049	0.01283
15	0.70310	0.02045	0.01554	0.01390	0.02045	0.02372	0.01145	0.03108	0.01799	0.04744	0.01472	0.01718	0.01145	0.00981	0.00654	0.00327	0.00818	0.00573	0.00654	0.01145
16	0.01492	0.01181	0.01548	0.08451	0.02334	0.01194	0.01288	0.01973	0.05756	0.02887	0.06162	0.37032	0.15255	0.02762	0.01286	0.00406	0.00739	0.06359	0.00927	0.00969
17	0.18438	0.09614	0.03173	0.02174	0.02972	0.02695	0.08046	0.17122	0.06470	0.04554	0.02719	0.02866	0.05304	0.01166	0.00929	0.00302	0.01054	0.00925	0.00776	0.08699
18	0.02475	0.40117	0.19319	0.02084	0.03092	0.03330	0.02290	0.03078	0.02271	0.02932	0.08010	0.02578	0.02373	0.01081	0.00836	0.00269	0.01175	0.00784	0.00535	0.01371
19	0.03448	0.08184	0.08168	0.03329	0.15096	0.03116	0.02426	0.33412	0.03934	0.05320	0.02272	0.02459	0.01695	0.01144	0.01019	0.00310	0.01215	0.00903	0.00837	0.01714
20	0.04681	0.01900	0.02516	0.01929	0.02749	0.01703	0.01593	0.09259	0.03194	0.52635	0.04030	0.03507	0.02547	0.01305	0.01063	0.00326	0.00922	0.01054	0.01287	0.01799
21	0.04019	0.02962	0.03173	0.02433	0.03279	0.03279	0.02010	0.52721	0.04971	0.06663	0.02538	0.02538	0.01798	0.01269	0.01058	0.00317	0.01163	0.00952	0.01058	0.01798
22	0.01837	0.00918	0.01377	0.01377	0.01377	0.00918	0.00918	0.01377	0.01377	0.01837	0.01837	0.03214	0.01837	0.03673	0.04132	0.69238	0.00918	0.00918	0.00459	0.00459
23	0.02313	0.02313	0.03238	0.02776	0.02776	0.03238	0.02313	0.02545	0.01619	0.02545	0.01388	0.02313	0.01388	0.01851	0.03470	0.00463	0.60907	0.00925	0.00463	0.01157
24	0.04194	0.17571	0.03300	0.01910	0.02753	0.02371	0.01658	0.08754	0.02971	0.38791	0.03344	0.03024	0.02226	0.01203	0.00965	0.00301	0.00981	0.00927	0.01069	0.01687
25	0.02244	0.02436	0.07464	0.33621	0.18723	0.02453	0.11843	0.02997	0.02261	0.03048	0.01953	0.02738	0.01504	0.00996	0.01085	0.00343	0.01448	0.00985	0.00493	0.01366
26	0.01529	0.01060	0.01332	0.01332	0.01394	0.01122	0.00864	0.01652	0.01591	0.02183	0.03168	0.06013	0.03450	0.44847	0.22838	0.01246	0.01617	0.01405	0.00616	0.00740
27	0.02543	0.02437	0.04159	0.12863	0.50447	0.02493	0.03208	0.03181	0.02373	0.03365	0.01976	0.02641	0.01643	0.00956	0.01048	0.00319	0.01274	0.00942	0.00517	0.01616
28	0.02313	0.02313	0.03238	0.02776	0.02776	0.03238	0.02313	0.02545	0.01619	0.02545	0.01388	0.02313	0.01388	0.01851	0.03470	0.00463	0.60907	0.00925	0.00463	0.01157
29	0.04019	0.02962	0.03173	0.02433	0.03279	0.03279	0.02010	0.52721	0.04971	0.06663	0.02538	0.02538	0.01798	0.01269	0.01058	0.00317	0.01163	0.00952	0.01058	0.01798
30	0.04744	0.01799	0.02454	0.01881	0.02699	0.01554	0.01554	0.05153	0.03026	0.56979	0.04171	0.03599	0.02617	0.01309	0.01063	0.00327	0.00900	0.01063	0.01309	0.01799
31	0.01510	0.01133	0.01699	0.01699	0.01888	0.01322	0.01322	0.01888	0.01699	0.02454	0.02832	0.04154	0.02643	0.07930	0.58652	0.01699	0.02832	0.01133	0.00566	0.00944
32	0.01405	0.01077	0.01286	0.01234	0.01523	0.00959	0.00926	0.01818	0.02777	0.03727	0.39015	0.08742	0.26970	0.02353	0.01248	0.00342	0.00512	0.02030	0.01096	0.00959
33	0.01532	0.01047	0.01264	0.01264	0.01302	0.01085	0.00778	0.01608	0.01570	0.02132	0.03230	0.06360	0.03601	0.51731	0.16160	0.01161	0.01391	0.01456	0.00626	0.00702
34	0.03940	0.01711	0.02261	0.01790	0.02478	0.01542	0.01456	0.07646	0.03150	0.41302	0.16039	0.04526	0.04273	0.01504	0.01106	0.00328	0.00824	0.01253	0.01258	0.01613
35	0.70310	0.02045	0.01554	0.01390	0.02045	0.02372	0.01145	0.03108	0.01799	0.04744	0.01472	0.01718	0.01145	0.00981	0.00654	0.00327	0.00818	0.00573	0.00654	0.01145
36	0.70310	0.02045	0.01554	0.01390	0.02045	0.02372	0.01145	0.03108	0.01799	0.04744	0.01472	0.01718	0.01145	0.00981	0.00654	0.00327	0.00818	0.00573	0.00654	0.01145
37	0.01284	0.00936	0.01210	0.01429	0.01522	0.00862	0.00962	0.01477	0.02066	0.02716	0.06350	0.56593	0.12215	0.03245	0.01339	0.00422	0.00605	0.02923	0.00982	0.00862
38	0.02846	0.26628	0.03687	0.01841	0.02647	0.02740	0.01635	0.03229	0.02240	0.11071	0.02010	0.02219	0.01622	0.01026	0.01071	0.00243	0.07371	0.00700	0.00642	0.24532
39	0.01771	0.01265	0.01585	0.01527	0.01696	0.01366	0.01078	0.07141	0.02009	0.02755	0.03270	0.10156	0.03436	0.30015	0.25042	0.01157	0.01699	0.01446	0.00686	0.00900
40	0.03135	0.15678	0.23211	0.02443	0.03488	0.12176	0.02555	0.03981	0.06026	0.14007	0.02394	0.02466	0.01733	0.01090	0.00949	0.00303	0.01354	0.00808	0.00682	0.01521
41	0.01323	0.00945	0.01267	0.01512	0.01589	0.00889	0.01042	0.01532	0.02059	0.02738	0.05808	0.57938	0.06917	0.03280	0.01359	0.00434	0.00644	0.06875	0.00981	0.00868
42	0.02630	0.02271	0.02391	0.02152	0.02749	0.02630	0.01674	0.05618	0.54336	0.04423	0.04303	0.03945	0.03228	0.01434	0.01076	0.00359	0.00837	0.01195	0.01076	0.01674
43	0.02121	0.05469	0.57364	0.03014	0.04576	0.02455	0.03906	0.03348	0.02232	0.03348	0.01897	0.02232	0.01339	0.01005	0.01005	0.00335	0.01563	0.00781	0.00446	0.01563
44	0.70310	0.02045	0.01554	0.01390	0.02045	0.02372	0.01145	0.03108	0.01799	0.04744	0.01472	0.01718	0.01145	0.00981	0.00654	0.00327	0.00818	0.00573	0.00654	0.01145
45	0.02827	0.63478	0.05540	0.01809	0.02714	0.04184	0.01809	0.03166	0.02148	0.02488	0.01470	0.01696	0.01357	0.00905	0.00678	0.00226	0.01131	0.00565	0.00452	0.01357
46	0.01342	0.00992	0.01255	0.01364	0.01529	0.00905	0.00956	0.01631	0.02370	0.03172	0.21086	0.37692	0.16077	0.02872	0.01303	0.00389	0.00567	0.02559	0.01034	0.00905
47	0.01288	0.00920	0.01227	0.01472	0.01534	0.00859	0.00981	0.01472	0.02024	0.02699	0.05828	0.62152	0.06993	0.03312	0.01350	0.00429	0.00613	0.03006	0.00981	0.00859
48	0.04245	0.01653	0.02190	0.01720	0.02435	0.01452	0.01407	0.04669	0.02881	0.47439	0.04041	0.03660	0.02634	0.01295	0.01005	0.00313	0.00826	0.01049	0.13432	0.01653
49	0.01449	0.01079	0.01347	0.01280	0.01550	0.00977	0.00960	0.01903	0.02880	0.03972	0.46995	0.08338	0.18836	0.02261	0.01248	0.00337	0.00506	0.01974	0.01129	0.00977
50	0.01511	0.01014	0.01161	0.01187	0.01194	0.01007	0.00677	0.01531	0.01590	0.02120	0.03598	0.12827	0.04181	0.56475	0.04950	0.00961	0.00981	0.01695	0.00677	0.00664
51	0.04382	0.02380	0.02813	0.02157	0.02989	0.02416	0.01782	0.28926	0.03998	0.31832	0.03355	0.03069	0.02208	0.01289	0.01060	0.00322	0.01032	0.01008	0.01183	0.01799
52	0.02496	0.02852	0.06239	0.04456	0.05526	0.02674	0.52406	0.03387	0.02496	0.03387	0.02139	0.02852	0.01604	0.00891	0.01248	0.00357	0.01783	0.01248	0.00535	0.01426
53	0.01518	0.01104	0.01551	0.01551	0.01689	0.01241	0.01137	0.01793	0.01655	0.02345	0.02968	0.04904	0.02969	0.22834	0.44194	0.01516	0.02342	0.01243	0.00587	0.00862
54	0.70310	0.02045	0.01554	0.01390	0.02045	0.02372	0.01145	0.03108	0.01799	0.04744	0.01472	0.01718	0.01145	0.00981	0.00654	0.00327	0.00818	0.00573	0.00654	0.01145
55	0.02121	0.05469	0.57364	0.03014	0.04576	0.02455	0.03906	0.03348	0.02232	0.03348	0.01897	0.02232	0.01339	0.01005	0.01005	0.00335	0.01563	0.00781	0.00446	0.01563
56	0.01336	0.01074	0.01192	0.01162	0.01481	0.00930	0.00872	0.01686	0.02615	0.03343	0.26539	0.09374	0.39686	0.02496	0.01249	0.00348	0.00523	0.02119	0.01046	0.00930
57	0.01496	0.01081	0.01413	0.01330	0.01580	0.00998	0.00998	0.01995	0.02993	0.04240	0.55689	0.07898	0.09976	0.02162	0.01247	0.00333	0.00499	0.01912	0.01164	0.00998
58	0.02827	0.63478	0.05540	0.01809	0.02714	0.04184	0.01809	0.03166	0.02148	0.02488	0.01470	0.01696	0.01357	0.00905	0.00678	0.00226	0.01131	0.00565	0.00452	0.01357
59	0.01431	0.01044	0.01351	0.01387	0.01593	0.00964	0.01021	0.01822	0.02639	0.03626	0.34840	0.23447	0.12771	0.02574	0.01289	0.00371	0.00564	0.05233	0.01086	0.00949
60	0.03301	0.03967	0.02847	0.07533	0.03322	0.40076	0.02007	0.03576	0.02577	0.02534	0.01804	0.02577	0.01635	0.07795	0.01777	0.00386	0.09771	0.00828	0.00537	0.01149

[dist]
# distance from previous block
# <min> <max>
0	22

[block]
# block no. 1 follows, 13 sequences, length 42
# corresponding to MSA columns:
# 150-191
name=unknown_B
#
# <colnr> <probs for GDERKNQSTAVLIFYWHMCP>
#	G	D	E	R	K	N	Q	S	T	A	V	L	I	F	Y	W	H	M	C	P
0	0.02561	0.02455	0.04191	0.11319	0.51852	0.02498	0.03217	0.03196	0.02381	0.03387	0.01979	0.02635	0.01651	0.00952	0.01048	0.00317	0.01270	0.00942	0.00519	0.01630
1	0.03635	0.02744	0.02964	0.02278	0.03121	0.02941	0.01868	0.41545	0.08097	0.06002	0.02563	0.02586	0.01865	0.01206	0.01016	0.00295	0.01081	0.00919	0.00992	0.12283
2	0.02269	0.02133	0.03601	0.31036	0.30025	0.02350	0.02999	0.02924	0.02274	0.03087	0.02179	0.03332	0.01847	0.01127	0.01079	0.00343	0.01308	0.04159	0.00529	0.01397
3	0.70310	0.02045	0.01554	0.01390	0.02045	0.02372	0.01145	0.03108	0.01799	0.04744	0.01472	0.01718	0.01145	0.00981	0.00654	0.00327	0.00818	0.00573	0.00654	0.01145
4	0.01538	0.01025	0.01153	0.01153	0.01153	0.01025	0.00641	0.01538	0.01538	0.02050	0.03331	0.06919	0.03844	0.62842	0.05382	0.01025	0.01025	0.01538	0.00641	0.00641
5	0.04744	0.01799	0.02454	0.01881	0.02699	0.01554	0.01554	0.05153	0.03026	0.56979	0.04171	0.03599	0.02617	0.01309	0.01063	0.00327	0.00900	0.01063	0.01309	0.01799
6	0.01538	0.01025	0.01153	0.01153	0.01153	0.01025	0.00641	0.01538	0.01538	0.02050	0.03331	0.06919	0.03844	0.62842	0.05382	0.01025	0.01025	0.01538	0.00641	0.00641
7	0.01369	0.01011	0.01281	0.01351	0.01537	0.00922	0.00961	0.01698	0.02488	0.03367	0.27415	0.31473	0.15762	0.02734	0.01291	0.00378	0.00554	0.02429	0.01058	0.00922
8	0.03969	0.01572	0.02044	0.01631	0.02289	0.01395	0.01326	0.04402	0.02800	0.42167	0.03970	0.03695	0.02643	0.01287	0.00973	0.00305	0.00786	0.01042	0.20133	0.01572
9	0.01510	0.01133	0.01699	0.01699	0.01888	0.01322	0.01322	0.01888	0.01699	0.02454	0.02832	0.04154	0.02643	0.07930	0.58652	0.01699	0.02832	0.01133	0.00566	0.00944
10	0.02514	0.08525	0.38155	0.02564	0.03786	0.02250	0.03034	0.03424	0.02335	0.12135	0.02689	0.09187	0.02192	0.01309	0.01030	0.00336	0.01314	0.01064	0.00651	0.01508
11	0.02827	0.63478	0.05540	0.01809	0.02714	0.04184	0.01809	0.03166	0.02148	0.02488	0.01470	0.01696	0.01357	0.00905	0.00678	0.00226	0.01131	0.00565	0.00452	0.01357
12	0.02496	0.02852	0.06239	0.04456	0.05526	0.02674	0.52406	0.03387	0.02496	0.03387	0.02139	0.02852	0.01604	0.00891	0.01248	0.00357	0.01783	0.01248	0.00535	0.01426
13	0.01997	0.01879	0.03171	0.60301	0.07282	0.02349	0.02936	0.02701	0.02114	0.02701	0.01879	0.02819	0.01409	0.01057	0.01057	0.00352	0.01409	0.00940	0.00470	0.01175
14	0.04019	0.02962	0.03173	0.02433	0.03279	0.03279	0.02010	0.52721	0.04971	0.06663	0.02538	0.02538	0.01798	0.01269	0.01058	0.00317	0.01163	0.00952	0.01058	0.01798
15	0.02630	0.02271	0.02391	0.02152	0.02749	0.02630	0.01674	0.05618	0.54336	0.04423	0.04303	0.03945	0.03228	0.01434	0.01076	0.00359	0.00837	0.01195	0.01076	0.01674
16	0.01656	0.01406	0.01484	0.01400	0.01692	0.05744	0.01050	0.02095	0.02890	0.03858	0.43244	0.07806	0.17389	0.02164	0.01223	0.00332	0.00622	0.01867	0.01080	0.00998
17	0.01313	0.00960	0.01235	0.01407	0.01528	0.00882	0.00964	0.01550	0.02203	0.02932	0.13335	0.48714	0.12923	0.03080	0.01324	0.00408	0.00589	0.02766	0.01007	0.00882
18	0.04692	0.01883	0.02506	0.01921	0.02741	0.01678	0.01587	0.08581	0.03166	0.53352	0.04054	0.03522	0.02558	0.01306	0.01063	0.00326	0.00919	0.01055	0.01291	0.01799
19	0.01586	0.01175	0.01490	0.01395	0.01672	0.01126	0.01051	0.02281	0.07040	0.04254	0.51638	0.07586	0.09444	0.02104	0.01234	0.00335	0.00525	0.01856	0.01157	0.01051
20	0.02827	0.63478	0.05540	0.01809	0.02714	0.04184	0.01809	0.03166	0.02148	0.02488	0.01470	0.01696	0.01357	0.00905	0.00678	0.00226	0.01131	0.00565	0.00452	0.01357
21	0.03950	0.05039	0.02996	0.02724	0.03269	0.58597	0.02043	0.04222	0.02996	0.02588	0.01634	0.01907	0.01362	0.01090	0.00953	0.00272	0.01907	0.00681	0.00545	0.01226
22	0.01308	0.00928	0.01221	0.01447	0.01504	0.00872	0.00955	0.01477	0.01986	0.02648	0.05631	0.57798	0.06745	0.08005	0.01667	0.00476	0.00646	0.02890	0.00955	0.00842
23	0.08534	0.04211	0.02950	0.02545	0.03188	0.38168	0.01971	0.18666	0.03505	0.03956	0.01894	0.02083	0.01478	0.01136	0.00964	0.00290	0.01609	0.00755	0.00706	0.01392
24	0.70310	0.02045	0.01554	0.01390	0.02045	0.02372	0.01145	0.03108	0.01799	0.04744	0.01472	0.01718	0.01145	0.00981	0.00654	0.00327	0.00818	0.00573	0.00654	0.01145
25	0.04606	0.02020	0.02590	0.01986	0.02809	0.01881	0.01640	0.14169	0.03395	0.47442	0.03862	0.03398	0.02462	0.01301	0.01062	0.00325	0.00950	0.01042	0.01261	0.01799
26	0.02535	0.02329	0.03389	0.12370	0.28396	0.02535	0.02586	0.04098	0.22706	0.03728	0.02880	0.03165	0.02246	0.01151	0.01060	0.00337	0.01113	0.01041	0.00732	0.01604
27	0.01496	0.01081	0.01413	0.01330	0.01580	0.00998	0.00998	0.01995	0.02993	0.04240	0.55689	0.07898	0.09976	0.02162	0.01247	0.00333	0.00499	0.01912	0.01164	0.00998
28	0.08824	0.01693	0.02138	0.01753	0.02387	0.01578	0.01405	0.07554	0.02955	0.35062	0.11970	0.10652	0.04073	0.01638	0.01092	0.00339	0.00819	0.01368	0.01181	0.01519
29	0.65526	0.02102	0.01884	0.01607	0.02290	0.02393	0.04761	0.03128	0.01848	0.04648	0.01519	0.01798	0.01177	0.00975	0.00696	0.00329	0.00886	0.00620	0.00646	0.01165
30	0.01997	0.01879	0.03171	0.60301	0.07282	0.02349	0.02936	0.02701	0.02114	0.02701	0.01879	0.02819	0.01409	0.01057	0.01057	0.00352	0.01409	0.00940	0.00470	0.01175
31	0.02011	0.01726	0.02095	0.02301	0.09770	0.01793	0.01517	0.03393	0.21872	0.03819	0.16648	0.06293	0.18760	0.01857	0.01155	0.00346	0.00743	0.01594	0.00990	0.01317
32	0.01330	0.01046	0.01202	0.01223	0.01493	0.00918	0.00894	0.01651	0.02512	0.03238	0.23172	0.19148	0.33129	0.02642	0.01267	0.00363	0.00539	0.02280	0.01036	0.00918
33	0.02098	0.01964	0.03216	0.51292	0.11350	0.02384	0.02873	0.02960	0.05894	0.02893	0.02063	0.02882	0.01564	0.01074	0.01058	0.00349	0.01355	0.00958	0.00518	0.01255
34	0.01496	0.01081	0.01413	0.01330	0.01580	0.00998	0.00998	0.01995	0.02993	0.04240	0.55689	0.07898	0.09976	0.02162	0.01247	0.00333	0.00499	0.01912	0.01164	0.00998
35	0.02426	0.16978	0.38724	0.02868	0.04183	0.06859	0.07359	0.03377	0.02292	0.03122	0.01812	0.02151	0.01366	0.00981	0.00955	0.00310	0.01518	0.00769	0.00462	0.01485
36	0.02313	0.02313	0.03238	0.02776	0.02776	0.03238	0.02313	0.02545	0.01619	0.02545	0.01388	0.02313	0.01388	0.01851	0.03470	0.00463	0.60907	0.00925	0.00463	0.01157
37	0.01550	0.01070	0.01365	0.01291	0.01540	0.00996	0.00968	0.02048	0.02905	0.04206	0.49790	0.07451	0.09156	0.02057	0.01190	0.00323	0.00498	0.01807	0.08791	0.00996
38	0.02730	0.51884	0.11289	0.02332	0.07352	0.03850	0.02165	0.03193	0.02179	0.02665	0.01561	0.01833	0.01381	0.00919	0.00746	0.00246	0.01190	0.00621	0.00458	0.01406
39	0.03636	0.21360	0.03707	0.02468	0.03114	0.43401	0.01978	0.03927	0.02759	0.02560	0.01588	0.01848	0.01361	0.01038	0.00877	0.00259	0.01690	0.00649	0.00519	0.01262
40	0.01510	0.01133	0.01699	0.01699	0.01888	0.01322	0.01322	0.01888	0.01699	0.02454	0.02832	0.04154	0.02643	0.07930	0.58652	0.01699	0.02832	0.01133	0.00566	0.00944
41	0.02412	0.02303	0.03921	0.24303	0.40038	0.02458	0.03143	0.03065	0.02310	0.03205	0.01953	0.02684	0.01587	0.00980	0.01050	0.00327	0.01307	0.00941	0.00506	0.01509

[dist]
# distance from previous block
# <min> <max>
0	687

# created by:
# /st0/software/busco_prod/Augustus/scripts/msa2prfl.pl ./align_prep/8810.fa
