[name]
unknown

[dist]
# distance from previous block
# <min> <max>
0	652

[block]
# block no. 0 follows, 12 sequences, length 26
# corresponding to MSA columns:
# 652-677
name=unknown_A
#
# <colnr> <probs for GDERKNQSTAVLIFYWHMCP>
#	G	D	E	R	K	N	Q	S	T	A	V	L	I	F	Y	W	H	M	C	P
0	0.08331	0.02025	0.02345	0.02440	0.07323	0.05921	0.01840	0.06859	0.02744	0.09459	0.03957	0.07003	0.03836	0.01968	0.01207	0.00388	0.01076	0.22138	0.00908	0.08231
1	0.22391	0.02440	0.06983	0.02425	0.08436	0.02239	0.01866	0.03470	0.06819	0.07877	0.02194	0.02452	0.01703	0.01095	0.01086	0.00304	0.05614	0.00791	0.00709	0.19106
2	0.02653	0.02523	0.04202	0.06167	0.49470	0.02473	0.03134	0.03284	0.02460	0.03561	0.02039	0.02653	0.01716	0.00955	0.01051	0.00307	0.01245	0.00938	0.00551	0.08618
3	0.02742	0.02555	0.04102	0.10350	0.40413	0.02731	0.03097	0.07600	0.02609	0.03696	0.02025	0.02675	0.01683	0.01116	0.01356	0.00344	0.07722	0.00970	0.00579	0.01636
4	0.01860	0.00959	0.01395	0.01395	0.01395	0.00959	0.00915	0.01439	0.01439	0.01918	0.02063	0.03735	0.02122	0.10155	0.04403	0.60884	0.00959	0.01017	0.00494	0.00494
5	0.01375	0.01032	0.01275	0.01375	0.01567	0.00932	0.00970	0.01673	0.02452	0.03244	0.20050	0.34241	0.19967	0.02937	0.01338	0.00398	0.00581	0.02600	0.01062	0.00932
6	0.02261	0.01938	0.02261	0.01615	0.02584	0.01453	0.01292	0.02745	0.02261	0.03553	0.01938	0.02261	0.01615	0.00807	0.00807	0.00161	0.00807	0.00646	0.00646	0.68346
7	0.01328	0.00949	0.01265	0.01518	0.01581	0.00886	0.01012	0.01518	0.02088	0.02783	0.06010	0.60969	0.07212	0.03416	0.01392	0.00443	0.00633	0.03100	0.01012	0.00886
8	0.02187	0.05640	0.56031	0.03108	0.04719	0.02532	0.04029	0.03453	0.02302	0.03453	0.01957	0.02302	0.01381	0.01036	0.01036	0.00345	0.01611	0.00806	0.00460	0.01611
9	0.04322	0.02770	0.03096	0.02374	0.03239	0.02959	0.01961	0.40348	0.04651	0.18439	0.03017	0.02877	0.02055	0.01319	0.01092	0.00330	0.01135	0.01009	0.01152	0.01855
10	0.04073	0.05197	0.03090	0.02809	0.03371	0.57303	0.02107	0.04354	0.03090	0.02669	0.01685	0.01966	0.01404	0.01124	0.00983	0.00281	0.01966	0.00702	0.00562	0.01264
11	0.02261	0.01938	0.02261	0.01615	0.02584	0.01453	0.01292	0.02745	0.02261	0.03553	0.01938	0.02261	0.01615	0.00807	0.00807	0.00161	0.00807	0.00646	0.00646	0.68346
12	0.02735	0.32242	0.26728	0.02457	0.03671	0.03465	0.02801	0.08307	0.02553	0.03386	0.01816	0.02073	0.01439	0.01015	0.00882	0.00290	0.01358	0.00718	0.00528	0.01536
13	0.01543	0.01115	0.01457	0.01372	0.01629	0.01029	0.01029	0.02058	0.03086	0.04372	0.54304	0.08145	0.10288	0.02229	0.01286	0.00343	0.00514	0.01972	0.01200	0.01029
14	0.01462	0.01044	0.01418	0.01671	0.01792	0.01001	0.01244	0.01749	0.02219	0.02933	0.05936	0.45820	0.06920	0.03290	0.01427	0.00461	0.00748	0.16932	0.01010	0.00922
15	0.08970	0.04398	0.02866	0.02574	0.03172	0.42966	0.01957	0.04496	0.08477	0.06988	0.02170	0.02312	0.01695	0.01171	0.00982	0.00299	0.01682	0.00781	0.00689	0.01353
16	0.03271	0.22680	0.16358	0.02324	0.03363	0.03137	0.02361	0.12809	0.07560	0.12278	0.02540	0.02569	0.01865	0.01144	0.00953	0.00306	0.01212	0.00852	0.00782	0.01637
17	0.01581	0.01076	0.01285	0.01285	0.01319	0.01109	0.00780	0.01647	0.01614	0.02185	0.03348	0.06649	0.03753	0.52553	0.14389	0.01176	0.01375	0.01514	0.00648	0.00714
18	0.04109	0.01893	0.02401	0.01904	0.02651	0.01761	0.01551	0.09535	0.06662	0.38794	0.08469	0.04530	0.07608	0.01540	0.01127	0.00342	0.00889	0.01262	0.01267	0.01705
19	0.03127	0.02421	0.03220	0.12573	0.03909	0.06281	0.05900	0.11051	0.02762	0.13418	0.02484	0.02976	0.01892	0.02081	0.07482	0.00517	0.14694	0.01019	0.00764	0.01431
20	0.03271	0.03094	0.07315	0.03809	0.19500	0.12238	0.02513	0.04233	0.11083	0.12743	0.02727	0.02922	0.02060	0.01236	0.01280	0.00341	0.06275	0.00976	0.00772	0.01613
21	0.01328	0.00949	0.01265	0.01518	0.01581	0.00886	0.01012	0.01518	0.02088	0.02783	0.06010	0.60969	0.07212	0.03416	0.01392	0.00443	0.00633	0.03100	0.01012	0.00886
22	0.69383	0.02109	0.01603	0.01434	0.02109	0.02446	0.01181	0.03205	0.01856	0.04892	0.01518	0.01771	0.01181	0.01012	0.00675	0.00337	0.00843	0.00590	0.00675	0.01181
23	0.02016	0.01146	0.01506	0.01552	0.01803	0.01035	0.01110	0.02281	0.02393	0.12915	0.09818	0.41812	0.10594	0.02879	0.01319	0.00409	0.00673	0.02567	0.01090	0.01083
24	0.03235	0.33037	0.04361	0.02047	0.02965	0.03565	0.01850	0.19530	0.03214	0.04181	0.01955	0.02122	0.01587	0.01042	0.00849	0.00254	0.01123	0.00728	0.00706	0.11647
25	0.02408	0.06689	0.02185	0.01711	0.02189	0.01697	0.01332	0.03268	0.11569	0.12053	0.16998	0.18782	0.05657	0.02030	0.01164	0.00349	0.00750	0.01760	0.01057	0.06351

[dist]
# distance from previous block
# <min> <max>
0	1

[block]
# block no. 1 follows, 12 sequences, length 41
# corresponding to MSA columns:
# 679-719
name=unknown_B
#
# <colnr> <probs for GDERKNQSTAVLIFYWHMCP>
#	G	D	E	R	K	N	Q	S	T	A	V	L	I	F	Y	W	H	M	C	P
0	0.07454	0.16349	0.07946	0.02826	0.10401	0.09216	0.02166	0.08983	0.07188	0.09235	0.02619	0.06391	0.02173	0.01272	0.00980	0.00315	0.01210	0.00993	0.00755	0.01527
1	0.01707	0.01388	0.01844	0.01755	0.01859	0.01628	0.01309	0.01937	0.01880	0.02631	0.07179	0.11584	0.08274	0.19263	0.16662	0.00918	0.14956	0.01591	0.00705	0.00932
2	0.14035	0.02540	0.06499	0.06163	0.03592	0.02383	0.07639	0.14854	0.03200	0.23872	0.02941	0.02932	0.01985	0.01201	0.01048	0.00341	0.01161	0.00988	0.00980	0.01648
3	0.01618	0.01045	0.01214	0.01214	0.01214	0.01045	0.00691	0.01568	0.01568	0.02091	0.03272	0.06730	0.03744	0.55536	0.05413	0.08191	0.01045	0.01518	0.00641	0.00641
4	0.02812	0.02268	0.02730	0.02305	0.02660	0.02788	0.01884	0.15779	0.08679	0.04272	0.02542	0.02997	0.02051	0.01566	0.02042	0.00378	0.24961	0.01007	0.14885	0.01392
5	0.02915	0.62337	0.05714	0.01866	0.02799	0.04314	0.01866	0.03265	0.02215	0.02565	0.01516	0.01749	0.01399	0.00933	0.00700	0.00233	0.01166	0.00583	0.00466	0.01399
6	0.01441	0.01111	0.01316	0.01264	0.01566	0.00985	0.00948	0.01859	0.02845	0.03799	0.36910	0.09089	0.28040	0.02443	0.01287	0.00353	0.00530	0.02104	0.01125	0.00985
7	0.01590	0.01078	0.01440	0.01460	0.01540	0.01149	0.00993	0.01700	0.01671	0.02303	0.03263	0.09902	0.03505	0.29624	0.25059	0.09107	0.01729	0.01471	0.00637	0.00778
8	0.69383	0.02109	0.01603	0.01434	0.02109	0.02446	0.01181	0.03205	0.01856	0.04892	0.01518	0.01771	0.01181	0.01012	0.00675	0.00337	0.00843	0.00590	0.00675	0.01181
9	0.01426	0.00990	0.01236	0.01393	0.01432	0.00951	0.00878	0.01544	0.01897	0.02529	0.05030	0.40482	0.05976	0.25589	0.02974	0.00677	0.00794	0.02523	0.00878	0.00800
10	0.02851	0.57368	0.10123	0.01975	0.02967	0.04158	0.02055	0.03281	0.02223	0.02643	0.01554	0.01798	0.01398	0.00942	0.00729	0.00243	0.01205	0.00603	0.00466	0.01418
11	0.02461	0.21001	0.22604	0.02627	0.07596	0.02767	0.02600	0.03198	0.02280	0.03229	0.01830	0.02161	0.01477	0.00939	0.00879	0.00261	0.01238	0.00711	0.00519	0.19623
12	0.02522	0.31726	0.32880	0.02536	0.03835	0.03352	0.03033	0.03366	0.02262	0.03045	0.01754	0.02048	0.01390	0.00988	0.00881	0.00294	0.01407	0.00703	0.00463	0.01514
13	0.01328	0.00949	0.01265	0.01518	0.01581	0.00886	0.01012	0.01518	0.02088	0.02783	0.06010	0.60969	0.07212	0.03416	0.01392	0.00443	0.00633	0.03100	0.01012	0.00886
14	0.01328	0.00949	0.01265	0.01518	0.01581	0.00886	0.01012	0.01518	0.02088	0.02783	0.06010	0.60969	0.07212	0.03416	0.01392	0.00443	0.00633	0.03100	0.01012	0.00886
15	0.03990	0.07202	0.12938	0.02085	0.03035	0.01944	0.02022	0.04575	0.02826	0.37363	0.03575	0.03317	0.02353	0.01251	0.01027	0.00324	0.01044	0.00994	0.06428	0.01706
16	0.01725	0.01218	0.01651	0.01855	0.02059	0.01218	0.01552	0.02133	0.02337	0.03048	0.05336	0.11335	0.05843	0.13971	0.02261	0.00606	0.01014	0.38956	0.00940	0.00940
17	0.01515	0.01113	0.01419	0.01343	0.01612	0.01017	0.01007	0.02004	0.03021	0.04216	0.49575	0.08401	0.15114	0.02287	0.01286	0.00346	0.00519	0.02008	0.01180	0.01017
18	0.02261	0.01938	0.02261	0.01615	0.02584	0.01453	0.01292	0.02745	0.02261	0.03553	0.01938	0.02261	0.01615	0.00807	0.00807	0.00161	0.00807	0.00646	0.00646	0.68346
19	0.02424	0.02896	0.10541	0.14276	0.12927	0.02509	0.24770	0.03259	0.02426	0.03377	0.02079	0.02757	0.01595	0.00959	0.01142	0.00336	0.01553	0.01062	0.00538	0.08575
20	0.02453	0.02284	0.02349	0.01742	0.02667	0.07381	0.01378	0.02916	0.02349	0.03459	0.01911	0.02230	0.01593	0.00841	0.00826	0.00174	0.00930	0.00652	0.00637	0.61227
21	0.01687	0.01086	0.01328	0.01268	0.01524	0.01025	0.00951	0.02199	0.02852	0.04282	0.39439	0.06950	0.08093	0.01948	0.01133	0.00317	0.00513	0.01692	0.20690	0.01025
22	0.01856	0.01402	0.01908	0.07762	0.02484	0.01517	0.01454	0.02223	0.02421	0.06703	0.18109	0.20755	0.13164	0.02393	0.01634	0.00396	0.09802	0.01998	0.00945	0.01074
23	0.04892	0.01856	0.02530	0.01940	0.02783	0.01603	0.01603	0.05314	0.03121	0.55634	0.04302	0.03711	0.02699	0.01350	0.01096	0.00337	0.00928	0.01096	0.01350	0.01856
24	0.01486	0.01102	0.01385	0.01337	0.01599	0.01001	0.00994	0.01938	0.02917	0.04024	0.43741	0.12156	0.17483	0.02400	0.01294	0.00354	0.00529	0.02104	0.01156	0.01001
25	0.01359	0.01010	0.01268	0.01409	0.01568	0.00918	0.00979	0.01625	0.02347	0.03102	0.15728	0.41373	0.17183	0.03071	0.01352	0.00410	0.00595	0.02737	0.01046	0.00918
26	0.01441	0.01030	0.01395	0.01647	0.01760	0.00983	0.01209	0.01714	0.02199	0.02910	0.05947	0.48134	0.06965	0.03309	0.01422	0.00458	0.00731	0.14820	0.01010	0.00917
27	0.01496	0.00965	0.01206	0.01399	0.01508	0.00917	0.00953	0.01761	0.02135	0.03088	0.05428	0.47466	0.06163	0.02907	0.01242	0.00398	0.00603	0.02605	0.16845	0.00917
28	0.01581	0.01075	0.01278	0.01278	0.01308	0.01105	0.00771	0.01642	0.01612	0.02180	0.03355	0.06687	0.03769	0.53270	0.13694	0.01166	0.01350	0.01520	0.00649	0.00710
29	0.02261	0.01938	0.02261	0.01615	0.02584	0.01453	0.01292	0.02745	0.02261	0.03553	0.01938	0.02261	0.01615	0.00807	0.00807	0.00161	0.00807	0.00646	0.00646	0.68346
30	0.01386	0.01107	0.01251	0.01295	0.01600	0.00972	0.00987	0.01714	0.02534	0.03178	0.16335	0.15871	0.37076	0.02783	0.01325	0.00388	0.00608	0.07610	0.01040	0.00943
31	0.02651	0.02726	0.08706	0.02322	0.03055	0.02691	0.01994	0.05521	0.47014	0.04432	0.04149	0.03862	0.03102	0.01428	0.01101	0.00367	0.00950	0.01183	0.01034	0.01713
32	0.02981	0.21490	0.12051	0.02789	0.10838	0.02856	0.02298	0.07424	0.02624	0.09574	0.02158	0.02371	0.01675	0.01011	0.00907	0.00270	0.01162	0.00780	0.00665	0.14076
33	0.03376	0.03149	0.19298	0.09361	0.12888	0.02147	0.02801	0.04129	0.02657	0.24910	0.02938	0.03018	0.01992	0.01160	0.01074	0.00340	0.01258	0.00972	0.00843	0.01688
34	0.03356	0.02641	0.02834	0.02289	0.03071	0.02891	0.01844	0.27527	0.23787	0.05567	0.03262	0.03153	0.02412	0.01318	0.01065	0.00325	0.01020	0.01042	0.01046	0.09550
35	0.02529	0.14252	0.41975	0.02843	0.04261	0.02911	0.03461	0.08991	0.02617	0.03712	0.01964	0.02252	0.01439	0.01052	0.00989	0.00326	0.01493	0.00791	0.00535	0.01606
36	0.04230	0.02199	0.02943	0.08547	0.07986	0.02178	0.02013	0.15244	0.03418	0.34451	0.03473	0.03290	0.02291	0.01280	0.01093	0.00337	0.01077	0.01046	0.01128	0.01776
37	0.02768	0.01438	0.01963	0.08294	0.02668	0.01364	0.01414	0.03128	0.02564	0.22286	0.10305	0.17802	0.08536	0.08390	0.01670	0.00443	0.00862	0.01771	0.01058	0.01274
38	0.11071	0.02538	0.07382	0.15129	0.07850	0.02403	0.07475	0.10780	0.02897	0.17895	0.02656	0.02889	0.01847	0.01152	0.01059	0.00344	0.01247	0.00982	0.00835	0.01568
39	0.15465	0.02518	0.06984	0.09184	0.27900	0.02364	0.02641	0.03638	0.02443	0.13267	0.02347	0.02702	0.01755	0.01063	0.01005	0.00334	0.01179	0.00912	0.00703	0.01595
40	0.03250	0.03048	0.17378	0.02818	0.07731	0.02149	0.05554	0.07265	0.06640	0.21167	0.08708	0.03634	0.03014	0.01309	0.01112	0.00343	0.01170	0.01118	0.00939	0.01654

[dist]
# distance from previous block
# <min> <max>
1	10

[block]
# block no. 2 follows, 12 sequences, length 37
# corresponding to MSA columns:
# 744-780
name=unknown_C
#
# <colnr> <probs for GDERKNQSTAVLIFYWHMCP>
#	G	D	E	R	K	N	Q	S	T	A	V	L	I	F	Y	W	H	M	C	P
0	0.03803	0.02259	0.03473	0.08463	0.17704	0.02200	0.05910	0.08807	0.03015	0.28276	0.03164	0.03203	0.02167	0.01188	0.01105	0.00337	0.01168	0.01054	0.00969	0.01736
1	0.09101	0.02684	0.07610	0.12753	0.18085	0.06274	0.02455	0.03351	0.02405	0.07722	0.02104	0.02542	0.01631	0.01006	0.00973	0.00295	0.01217	0.00839	0.00628	0.16325
2	0.32401	0.07860	0.08418	0.01942	0.02809	0.02623	0.01792	0.12136	0.02755	0.14532	0.02290	0.02346	0.01630	0.01125	0.00870	0.00327	0.01035	0.00779	0.00835	0.01495
3	0.02464	0.07557	0.03361	0.02476	0.03190	0.06549	0.11423	0.03537	0.12825	0.03540	0.06505	0.04102	0.03020	0.01908	0.05858	0.00436	0.01322	0.04858	0.00763	0.14305
4	0.03165	0.09536	0.13718	0.02188	0.03099	0.02419	0.02091	0.09304	0.11320	0.16131	0.03082	0.03325	0.02321	0.06465	0.01406	0.00380	0.01114	0.00996	0.00883	0.07056
5	0.02799	0.01534	0.01958	0.01675	0.02158	0.01446	0.01311	0.08385	0.03247	0.19615	0.30320	0.10154	0.06899	0.01957	0.01217	0.00347	0.00720	0.01689	0.01218	0.01352
6	0.03126	0.11474	0.03102	0.02095	0.02821	0.02815	0.01733	0.25694	0.08513	0.05082	0.08637	0.08292	0.03315	0.01512	0.01057	0.00315	0.01003	0.01212	0.00966	0.07238
7	0.10224	0.03192	0.16455	0.02431	0.03514	0.02330	0.06471	0.12474	0.02869	0.08552	0.02242	0.02463	0.01645	0.01037	0.00970	0.00291	0.01190	0.00837	0.00736	0.20076
8	0.08869	0.03335	0.09131	0.03221	0.11440	0.11437	0.05731	0.18917	0.03428	0.04665	0.07121	0.02970	0.02445	0.01232	0.01063	0.00326	0.01331	0.00999	0.00788	0.01551
9	0.01974	0.07065	0.01987	0.01537	0.01930	0.01396	0.01181	0.02366	0.02622	0.07992	0.25065	0.22040	0.06937	0.02223	0.01192	0.00341	0.00679	0.01951	0.01027	0.08495
10	0.01692	0.01062	0.01518	0.01513	0.01606	0.01132	0.01072	0.01694	0.01685	0.02340	0.05956	0.04590	0.03083	0.14183	0.25128	0.27510	0.01711	0.01198	0.00593	0.00735
11	0.01571	0.01114	0.01480	0.01480	0.01581	0.01215	0.01023	0.01772	0.01672	0.02330	0.03170	0.05662	0.03324	0.34042	0.32313	0.01416	0.02020	0.01370	0.00621	0.00822
12	0.02613	0.01571	0.02048	0.02028	0.02472	0.01578	0.01718	0.03532	0.11136	0.15092	0.05222	0.09009	0.04986	0.02385	0.01348	0.00443	0.00963	0.29443	0.01098	0.01314
13	0.02457	0.02344	0.03990	0.26453	0.37005	0.02527	0.03226	0.03135	0.02369	0.03269	0.02008	0.02777	0.01624	0.01016	0.01083	0.00339	0.01355	0.00971	0.00519	0.01532
14	0.02574	0.02941	0.06434	0.04596	0.05699	0.02757	0.50919	0.03493	0.02574	0.03493	0.02206	0.02941	0.01654	0.00919	0.01287	0.00368	0.01838	0.01287	0.00551	0.01471
15	0.02712	0.02342	0.02465	0.02219	0.02835	0.02712	0.01726	0.05794	0.52909	0.04561	0.04438	0.04068	0.03328	0.01479	0.01109	0.00370	0.00863	0.01233	0.01109	0.01726
16	0.01365	0.01108	0.01210	0.01185	0.01520	0.00953	0.00889	0.01713	0.02666	0.03374	0.24030	0.09788	0.41185	0.02602	0.01288	0.00361	0.00541	0.02202	0.01069	0.00953
17	0.62094	0.02214	0.01789	0.01554	0.02251	0.02551	0.01280	0.08572	0.02221	0.05113	0.01641	0.01866	0.01256	0.01045	0.00721	0.00336	0.00883	0.00634	0.00721	0.01256
18	0.04073	0.05197	0.03090	0.02809	0.03371	0.57303	0.02107	0.04354	0.03090	0.02669	0.01685	0.01966	0.01404	0.01124	0.00983	0.00281	0.01966	0.00702	0.00562	0.01264
19	0.04892	0.01856	0.02530	0.01940	0.02783	0.01603	0.01603	0.05314	0.03121	0.55634	0.04302	0.03711	0.02699	0.01350	0.01096	0.00337	0.00928	0.01096	0.01350	0.01856
20	0.02033	0.01016	0.01016	0.01016	0.01270	0.01016	0.00762	0.02541	0.02287	0.04065	0.03557	0.04065	0.02795	0.01270	0.00762	0.00254	0.00508	0.01016	0.67734	0.01016
21	0.69383	0.02109	0.01603	0.01434	0.02109	0.02446	0.01181	0.03205	0.01856	0.04892	0.01518	0.01771	0.01181	0.01012	0.00675	0.00337	0.00843	0.00590	0.00675	0.01181
22	0.02712	0.02342	0.02465	0.02219	0.02835	0.02712	0.01726	0.05794	0.52909	0.04561	0.04438	0.04068	0.03328	0.01479	0.01109	0.00370	0.00863	0.01233	0.01109	0.01726
23	0.01392	0.01138	0.01249	0.01305	0.01647	0.00995	0.01034	0.01719	0.02491	0.03016	0.09877	0.10894	0.43759	0.02817	0.01337	0.00398	0.00652	0.12331	0.01011	0.00939
24	0.50130	0.02033	0.01880	0.01585	0.02310	0.02194	0.01307	0.03835	0.02233	0.20040	0.02349	0.02350	0.01634	0.01113	0.00801	0.00337	0.00869	0.00741	0.00876	0.01382
25	0.01780	0.01141	0.01506	0.01452	0.01716	0.01046	0.01074	0.02215	0.02869	0.08371	0.39399	0.19431	0.08965	0.02417	0.01293	0.00365	0.00576	0.02147	0.01171	0.01067
26	0.01344	0.00975	0.01241	0.01446	0.01539	0.00903	0.00964	0.01529	0.02093	0.02749	0.06370	0.51106	0.12233	0.07914	0.01706	0.00483	0.00657	0.02892	0.00985	0.00872
27	0.02385	0.02385	0.03340	0.02863	0.02863	0.03340	0.02385	0.02624	0.01670	0.02624	0.01431	0.02385	0.01431	0.01908	0.03578	0.00477	0.59685	0.00954	0.00477	0.01193
28	0.04435	0.01965	0.02507	0.01946	0.02749	0.01807	0.01600	0.11915	0.03364	0.43214	0.04690	0.04193	0.07512	0.01478	0.01114	0.00339	0.00933	0.01194	0.01278	0.01766
29	0.02173	0.01250	0.01555	0.01436	0.01828	0.01100	0.01090	0.02542	0.02753	0.15046	0.22240	0.15952	0.22035	0.02383	0.01261	0.00365	0.00636	0.02053	0.01146	0.01156
30	0.24203	0.01707	0.01841	0.01699	0.02203	0.01770	0.01335	0.06963	0.02511	0.14937	0.03913	0.21352	0.03816	0.02006	0.01084	0.00382	0.00838	0.05187	0.00980	0.01272
31	0.04073	0.05197	0.03090	0.02809	0.03371	0.57303	0.02107	0.04354	0.03090	0.02669	0.01685	0.01966	0.01404	0.01124	0.00983	0.00281	0.01966	0.00702	0.00562	0.01264
32	0.10925	0.03610	0.02562	0.02291	0.02877	0.30597	0.01757	0.04401	0.11163	0.09279	0.02596	0.02690	0.01977	0.01210	0.00962	0.00306	0.01404	0.00852	0.07168	0.01374
33	0.02746	0.02086	0.03338	0.14537	0.09879	0.02166	0.10219	0.03789	0.11699	0.13049	0.03504	0.12047	0.02962	0.01520	0.01172	0.00368	0.01171	0.01417	0.00855	0.01475
34	0.10003	0.19206	0.20563	0.02761	0.03821	0.03160	0.10144	0.07216	0.02452	0.03596	0.01843	0.02231	0.01449	0.01081	0.01159	0.00328	0.06139	0.00825	0.00553	0.01472
35	0.03292	0.12542	0.08350	0.03259	0.11721	0.02638	0.10296	0.04280	0.10030	0.18189	0.02965	0.03036	0.02142	0.01143	0.01057	0.00328	0.01222	0.01019	0.00835	0.01657
36	0.01629	0.01221	0.01583	0.01619	0.01849	0.01243	0.01212	0.02311	0.08020	0.03554	0.22823	0.22789	0.07124	0.03481	0.10043	0.00607	0.01002	0.05813	0.01024	0.01053

[dist]
# distance from previous block
# <min> <max>
0	10

[block]
# block no. 3 follows, 12 sequences, length 28
# corresponding to MSA columns:
# 791-818
name=unknown_D
#
# <colnr> <probs for GDERKNQSTAVLIFYWHMCP>
#	G	D	E	R	K	N	Q	S	T	A	V	L	I	F	Y	W	H	M	C	P
0	0.03644	0.02385	0.09100	0.02546	0.08196	0.01924	0.02031	0.04608	0.10578	0.30624	0.09226	0.03972	0.03359	0.01388	0.01110	0.00343	0.00994	0.01164	0.01106	0.01703
1	0.02912	0.20679	0.07694	0.02364	0.06935	0.09277	0.01954	0.03399	0.02436	0.07259	0.01978	0.02224	0.01601	0.00956	0.00858	0.00238	0.01164	0.00707	0.00615	0.24750
2	0.50208	0.12197	0.02630	0.02145	0.08638	0.02775	0.01558	0.03232	0.01992	0.04343	0.01583	0.01880	0.01284	0.00994	0.00728	0.00318	0.00952	0.00636	0.00624	0.01284
3	0.04136	0.03315	0.03250	0.02545	0.03380	0.09935	0.02077	0.45544	0.04879	0.06361	0.02504	0.02539	0.01800	0.01286	0.01078	0.00322	0.01293	0.00948	0.01026	0.01783
4	0.01656	0.01175	0.01602	0.07646	0.02119	0.01285	0.01150	0.01808	0.01684	0.02290	0.02983	0.05491	0.03140	0.34108	0.20259	0.07225	0.01641	0.01338	0.00602	0.00796
5	0.01483	0.00996	0.01216	0.01352	0.01406	0.00962	0.00857	0.01625	0.01910	0.02627	0.04824	0.35731	0.05611	0.25696	0.02944	0.00665	0.00786	0.02352	0.06149	0.00809
6	0.03126	0.07781	0.18808	0.09657	0.04344	0.02454	0.09741	0.03882	0.02532	0.19265	0.02643	0.02864	0.01839	0.01168	0.01231	0.00348	0.05014	0.00977	0.00751	0.01575
7	0.02676	0.02607	0.04745	0.23468	0.05920	0.02752	0.25170	0.11868	0.02896	0.03853	0.02186	0.02871	0.01619	0.01050	0.01182	0.00359	0.01587	0.01119	0.00625	0.01448
8	0.01532	0.01034	0.01205	0.01258	0.01272	0.01021	0.00734	0.01571	0.01691	0.02255	0.03976	0.18439	0.04646	0.49447	0.04677	0.00928	0.00968	0.01904	0.00734	0.00708
9	0.01661	0.01277	0.01779	0.17209	0.03016	0.01396	0.01389	0.01902	0.01858	0.02444	0.03578	0.17572	0.03972	0.32425	0.03425	0.00734	0.01075	0.01742	0.00688	0.00861
10	0.13716	0.03031	0.16695	0.02575	0.07230	0.02175	0.02345	0.07545	0.02804	0.26813	0.02972	0.02892	0.01989	0.01184	0.01015	0.00338	0.01142	0.00926	0.00933	0.01679
11	0.03923	0.01950	0.02891	0.08623	0.13273	0.01834	0.02042	0.04426	0.02899	0.36247	0.07452	0.03772	0.02965	0.01317	0.01107	0.00338	0.01021	0.01126	0.01093	0.01702
12	0.02569	0.02064	0.02161	0.01966	0.02507	0.02356	0.01524	0.05111	0.42280	0.04457	0.04253	0.04067	0.03216	0.01435	0.01037	0.00346	0.00788	0.01187	0.15098	0.01577
13	0.08351	0.03196	0.17668	0.08674	0.17818	0.02387	0.02863	0.07073	0.02680	0.15180	0.02504	0.02752	0.01786	0.01109	0.01041	0.00338	0.01273	0.00924	0.00739	0.01643
14	0.40848	0.14324	0.06717	0.01751	0.02555	0.02792	0.01611	0.03607	0.06630	0.07621	0.01996	0.02141	0.01532	0.01062	0.00774	0.00320	0.00973	0.00696	0.00700	0.01350
15	0.01968	0.01460	0.01971	0.02245	0.05661	0.01479	0.01706	0.07448	0.02684	0.03551	0.05247	0.23021	0.05736	0.02797	0.01404	0.00456	0.00950	0.28117	0.00985	0.01113
16	0.08175	0.19674	0.03501	0.02119	0.02884	0.03292	0.01797	0.14464	0.24384	0.04502	0.02993	0.02921	0.02300	0.01251	0.00955	0.00319	0.01019	0.00944	0.00888	0.01618
17	0.03077	0.01912	0.02345	0.01716	0.02646	0.01500	0.01388	0.03542	0.02528	0.19705	0.02671	0.02711	0.01951	0.00976	0.00897	0.00216	0.00845	0.00786	0.00864	0.47726
18	0.03534	0.22402	0.11446	0.02038	0.02973	0.02588	0.01999	0.04065	0.02696	0.25676	0.07521	0.03249	0.02754	0.01244	0.00973	0.00305	0.01071	0.00962	0.00911	0.01594
19	0.02992	0.04349	0.36902	0.02887	0.04239	0.02283	0.06917	0.03990	0.02558	0.18416	0.02648	0.02755	0.01780	0.01117	0.01072	0.00345	0.01433	0.00926	0.00722	0.01671
20	0.02261	0.01914	0.03159	0.46746	0.10141	0.02268	0.02794	0.02945	0.02339	0.06640	0.06248	0.03362	0.02258	0.01190	0.01105	0.00357	0.01331	0.01057	0.00605	0.01279
21	0.33316	0.01967	0.02121	0.01717	0.02486	0.01974	0.01417	0.04384	0.02563	0.33270	0.03075	0.02856	0.02030	0.01201	0.00911	0.00337	0.00891	0.00873	0.01052	0.01558
22	0.08149	0.02455	0.06790	0.14795	0.26964	0.02319	0.02767	0.03685	0.02512	0.15370	0.02496	0.02872	0.01834	0.01087	0.01052	0.00337	0.01226	0.00960	0.00719	0.01611
23	0.01606	0.01252	0.01729	0.01677	0.01855	0.01422	0.01279	0.01937	0.01944	0.02730	0.09242	0.05509	0.08835	0.12923	0.34458	0.01260	0.07291	0.01402	0.00694	0.00956
24	0.01346	0.01002	0.01255	0.01414	0.01564	0.00910	0.00976	0.01594	0.02292	0.03011	0.12937	0.43950	0.17501	0.03134	0.01357	0.00415	0.00601	0.02795	0.01035	0.00910
25	0.02187	0.05640	0.56031	0.03108	0.04719	0.02532	0.04029	0.03453	0.02302	0.03453	0.01957	0.02302	0.01381	0.01036	0.01036	0.00345	0.01611	0.00806	0.00460	0.01611
26	0.03315	0.11968	0.11131	0.02523	0.03298	0.12883	0.02295	0.12438	0.09070	0.08498	0.02401	0.02572	0.01834	0.01291	0.01363	0.00335	0.09608	0.00886	0.00753	0.01538
27	0.02584	0.31752	0.03965	0.01739	0.02690	0.02866	0.01575	0.03002	0.02239	0.03065	0.01730	0.02008	0.01508	0.00869	0.00754	0.00197	0.00984	0.00615	0.00557	0.35299

[dist]
# distance from previous block
# <min> <max>
0	4

[block]
# block no. 4 follows, 12 sequences, length 11
# corresponding to MSA columns:
# 823-833
name=unknown_E
#
# <colnr> <probs for GDERKNQSTAVLIFYWHMCP>
#	G	D	E	R	K	N	Q	S	T	A	V	L	I	F	Y	W	H	M	C	P
0	0.02418	0.25002	0.03450	0.01746	0.02518	0.02607	0.01512	0.03129	0.08081	0.03329	0.08286	0.06961	0.03095	0.01272	0.00895	0.00253	0.00906	0.01007	0.00718	0.22816
1	0.11061	0.31986	0.04146	0.01960	0.02835	0.03395	0.01779	0.13300	0.02934	0.13886	0.02273	0.02303	0.01716	0.01097	0.00852	0.00284	0.01091	0.00763	0.00785	0.01554
2	0.01306	0.01036	0.01176	0.01288	0.01521	0.00905	0.00910	0.01544	0.02309	0.02874	0.08813	0.32874	0.33498	0.03052	0.01334	0.00401	0.00588	0.02655	0.01012	0.00905
3	0.02404	0.17531	0.39063	0.02738	0.04090	0.02938	0.03299	0.03678	0.08030	0.03387	0.02143	0.02383	0.01606	0.01064	0.00972	0.00324	0.01430	0.00806	0.00535	0.01579
4	0.03570	0.03282	0.15275	0.02529	0.03473	0.02746	0.02419	0.22374	0.08407	0.15683	0.02898	0.02895	0.02030	0.01318	0.01277	0.00349	0.05803	0.00987	0.00952	0.01734
5	0.03862	0.01796	0.02302	0.01852	0.02550	0.01670	0.01507	0.09558	0.03093	0.35778	0.05014	0.04718	0.10741	0.02343	0.07520	0.00502	0.01126	0.01281	0.01180	0.01608
6	0.02385	0.02385	0.03340	0.02863	0.02863	0.03340	0.02385	0.02624	0.01670	0.02624	0.01431	0.02385	0.01431	0.01908	0.03578	0.00477	0.59685	0.00954	0.00477	0.01193
7	0.10611	0.02379	0.07685	0.02688	0.03542	0.02019	0.16899	0.03738	0.02737	0.19762	0.12754	0.03993	0.03557	0.01322	0.01139	0.00348	0.01175	0.01243	0.00927	0.01482
8	0.15388	0.02305	0.06455	0.01950	0.02745	0.02094	0.01704	0.09786	0.08641	0.26450	0.03385	0.03212	0.02316	0.01269	0.00987	0.00333	0.00950	0.00980	0.07430	0.01623
9	0.04892	0.01856	0.02530	0.01940	0.02783	0.01603	0.01603	0.05314	0.03121	0.55634	0.04302	0.03711	0.02699	0.01350	0.01096	0.00337	0.00928	0.01096	0.01350	0.01856
10	0.03989	0.01918	0.02430	0.01920	0.02636	0.01814	0.01563	0.13396	0.03498	0.34646	0.15317	0.04507	0.04258	0.01541	0.01138	0.00337	0.00886	0.01273	0.01266	0.01668

[dist]
# distance from previous block
# <min> <max>
0	2

[block]
# block no. 5 follows, 12 sequences, length 36
# corresponding to MSA columns:
# 836-871
name=unknown_F
#
# <colnr> <probs for GDERKNQSTAVLIFYWHMCP>
#	G	D	E	R	K	N	Q	S	T	A	V	L	I	F	Y	W	H	M	C	P
0	0.03509	0.02588	0.03847	0.02923	0.03762	0.06767	0.17979	0.09185	0.07198	0.20301	0.07604	0.03616	0.02874	0.01272	0.01167	0.00345	0.01301	0.01203	0.00961	0.01597
1	0.08209	0.03454	0.21610	0.02795	0.03937	0.02318	0.10705	0.07828	0.02813	0.21388	0.02807	0.02869	0.01893	0.01142	0.01076	0.00344	0.01331	0.00982	0.00840	0.01658
2	0.64308	0.02089	0.01676	0.01474	0.02162	0.02380	0.01214	0.03371	0.01955	0.08885	0.01737	0.01924	0.01300	0.01039	0.00708	0.00337	0.00850	0.00630	0.00728	0.01234
3	0.03118	0.30663	0.10048	0.02657	0.03635	0.09254	0.10424	0.11645	0.02874	0.03556	0.01882	0.02176	0.01519	0.01025	0.00928	0.00288	0.01412	0.00804	0.00597	0.01496
4	0.02954	0.02462	0.02602	0.02268	0.02928	0.02825	0.01784	0.13472	0.44837	0.04951	0.04130	0.03823	0.03079	0.01451	0.01106	0.00363	0.00920	0.01190	0.01106	0.01748
5	0.04241	0.08392	0.11897	0.02130	0.03113	0.02024	0.02039	0.04799	0.02894	0.41628	0.03633	0.03281	0.02349	0.01256	0.01048	0.00329	0.01067	0.00997	0.01113	0.01770
6	0.02638	0.01565	0.01988	0.01596	0.02228	0.01311	0.01260	0.03119	0.02837	0.17439	0.24907	0.05150	0.05599	0.01555	0.01087	0.00285	0.00714	0.01329	0.01065	0.22328
7	0.02261	0.01938	0.02261	0.01615	0.02584	0.01453	0.01292	0.02745	0.02261	0.03553	0.01938	0.02261	0.01615	0.00807	0.00807	0.00161	0.00807	0.00646	0.00646	0.68346
8	0.08239	0.03426	0.12092	0.07442	0.03822	0.07340	0.02374	0.28097	0.03780	0.05209	0.02241	0.02449	0.01636	0.01171	0.01022	0.00319	0.01301	0.00876	0.00825	0.06339
9	0.03480	0.02355	0.12484	0.02059	0.02854	0.01601	0.01920	0.04006	0.02705	0.32382	0.04279	0.17779	0.03576	0.01807	0.01159	0.00365	0.00985	0.01542	0.01094	0.01566
10	0.02825	0.51266	0.10318	0.02019	0.02989	0.03993	0.02064	0.03517	0.06908	0.02836	0.01829	0.02017	0.01576	0.00993	0.00770	0.00257	0.01181	0.00665	0.00525	0.01450
11	0.02946	0.04328	0.36809	0.02715	0.04029	0.02306	0.03169	0.04168	0.07449	0.17216	0.02812	0.02843	0.01916	0.01161	0.01059	0.00346	0.01360	0.00923	0.00756	0.01686
12	0.02359	0.19271	0.25483	0.02956	0.07943	0.02796	0.07520	0.03186	0.02440	0.03374	0.09861	0.03144	0.02800	0.01174	0.01014	0.00316	0.01324	0.00986	0.00590	0.01463
13	0.01453	0.01111	0.01333	0.01277	0.01574	0.00991	0.00958	0.01884	0.02874	0.03869	0.39029	0.08974	0.25878	0.02417	0.01287	0.00352	0.00528	0.02088	0.01134	0.00991
14	0.03346	0.41087	0.04738	0.02216	0.03011	0.24021	0.01955	0.03670	0.02541	0.02604	0.01579	0.01830	0.01401	0.01004	0.00805	0.00251	0.01464	0.00627	0.00502	0.01349
15	0.01328	0.00949	0.01265	0.01518	0.01581	0.00886	0.01012	0.01518	0.02088	0.02783	0.06010	0.60969	0.07212	0.03416	0.01392	0.00443	0.00633	0.03100	0.01012	0.00886
16	0.02385	0.02385	0.03340	0.02863	0.02863	0.03340	0.02385	0.02624	0.01670	0.02624	0.01431	0.02385	0.01431	0.01908	0.03578	0.00477	0.59685	0.00954	0.00477	0.01193
17	0.01586	0.01057	0.01189	0.01189	0.01189	0.01057	0.00661	0.01586	0.01586	0.02114	0.03436	0.07135	0.03964	0.61681	0.05550	0.01057	0.01057	0.01586	0.00661	0.00661
18	0.02083	0.01238	0.01608	0.01445	0.01810	0.01116	0.01109	0.02563	0.03043	0.12842	0.42390	0.07594	0.12628	0.02125	0.01254	0.00344	0.00587	0.01852	0.01210	0.01158
19	0.04341	0.01823	0.02412	0.01906	0.02668	0.01645	0.01554	0.05018	0.07718	0.45559	0.09539	0.04207	0.03550	0.01453	0.01117	0.00341	0.00879	0.01201	0.01312	0.01757
20	0.01439	0.00995	0.01233	0.01377	0.01413	0.00959	0.00861	0.01547	0.01872	0.02496	0.04905	0.37867	0.05818	0.28419	0.03176	0.00706	0.00815	0.02450	0.00861	0.00789
21	0.01543	0.01115	0.01457	0.01372	0.01629	0.01029	0.01029	0.02058	0.03086	0.04372	0.54304	0.08145	0.10288	0.02229	0.01286	0.00343	0.00514	0.01972	0.01200	0.01029
22	0.02264	0.03562	0.25103	0.02836	0.03661	0.02555	0.07865	0.03044	0.02129	0.03300	0.02086	0.02690	0.01662	0.01337	0.01814	0.00374	0.19670	0.00938	0.11743	0.01366
23	0.02436	0.01949	0.02968	0.31292	0.08404	0.02269	0.02444	0.06348	0.02604	0.08015	0.11379	0.03818	0.03163	0.01397	0.01354	0.00363	0.06595	0.01157	0.00732	0.01313
24	0.09186	0.27654	0.13033	0.02735	0.08631	0.12091	0.02373	0.06888	0.02572	0.03356	0.01751	0.02040	0.01444	0.01019	0.00867	0.00285	0.01355	0.00709	0.00552	0.01460
25	0.69383	0.02109	0.01603	0.01434	0.02109	0.02446	0.01181	0.03205	0.01856	0.04892	0.01518	0.01771	0.01181	0.01012	0.00675	0.00337	0.00843	0.00590	0.00675	0.01181
26	0.25838	0.02121	0.03006	0.22113	0.04605	0.02339	0.08740	0.03451	0.02280	0.12462	0.02226	0.02654	0.01596	0.01083	0.00975	0.00351	0.01208	0.00903	0.00704	0.01344
27	0.01339	0.00991	0.01251	0.01430	0.01565	0.00904	0.00980	0.01571	0.02242	0.02943	0.10872	0.47349	0.16180	0.03198	0.01364	0.00421	0.00608	0.02860	0.01028	0.00904
28	0.01620	0.01062	0.01565	0.01609	0.01721	0.01152	0.01174	0.01710	0.01709	0.02380	0.03148	0.13943	0.03259	0.05996	0.31255	0.21912	0.01914	0.01440	0.00625	0.00805
29	0.02227	0.05358	0.50849	0.03263	0.04821	0.02556	0.08928	0.03457	0.02330	0.03457	0.01983	0.02369	0.01410	0.01024	0.01062	0.00348	0.01635	0.00856	0.00470	0.01597
30	0.01328	0.00949	0.01265	0.01518	0.01581	0.00886	0.01012	0.01518	0.02088	0.02783	0.06010	0.60969	0.07212	0.03416	0.01392	0.00443	0.00633	0.03100	0.01012	0.00886
31	0.02844	0.56831	0.10600	0.01986	0.02985	0.04141	0.02076	0.03283	0.02224	0.02652	0.01559	0.01803	0.01398	0.00943	0.00732	0.00244	0.01209	0.00605	0.00466	0.01420
32	0.62842	0.02003	0.01546	0.01393	0.02027	0.02307	0.01140	0.03141	0.01897	0.04812	0.01716	0.01994	0.01338	0.01037	0.00683	0.00329	0.00811	0.00632	0.07187	0.01165
33	0.02059	0.01938	0.03270	0.59060	0.07510	0.02422	0.03028	0.02786	0.02180	0.02786	0.01938	0.02907	0.01453	0.01090	0.01090	0.00363	0.01453	0.00969	0.00484	0.01211
34	0.02485	0.02372	0.04039	0.24207	0.39036	0.02534	0.03240	0.03159	0.02382	0.03303	0.02013	0.02768	0.01636	0.01011	0.01083	0.00337	0.01348	0.00971	0.00521	0.01555
35	0.08007	0.07251	0.08140	0.02637	0.08219	0.02240	0.05969	0.07052	0.02682	0.15891	0.02506	0.02649	0.01828	0.01040	0.00963	0.00282	0.01100	0.00864	0.00794	0.19883

[dist]
# distance from previous block
# <min> <max>
0	1

[block]
# block no. 6 follows, 12 sequences, length 15
# corresponding to MSA columns:
# 873-887
name=unknown_G
#
# <colnr> <probs for GDERKNQSTAVLIFYWHMCP>
#	G	D	E	R	K	N	Q	S	T	A	V	L	I	F	Y	W	H	M	C	P
0	0.18024	0.02175	0.02479	0.07407	0.03127	0.02313	0.01703	0.15026	0.06432	0.21377	0.03036	0.03212	0.02182	0.05247	0.01299	0.00387	0.01027	0.00990	0.00999	0.01560
1	0.02636	0.01926	0.02299	0.01661	0.02612	0.01475	0.01336	0.03111	0.02383	0.10974	0.02275	0.02468	0.01769	0.00885	0.00849	0.00187	0.00825	0.00710	0.00746	0.58872
2	0.01731	0.01178	0.01391	0.01299	0.01662	0.01031	0.00988	0.02126	0.02810	0.08397	0.29607	0.08832	0.30132	0.02396	0.01270	0.00354	0.00570	0.02045	0.01127	0.01054
3	0.02577	0.23982	0.03486	0.08883	0.03074	0.11498	0.01788	0.02992	0.02258	0.02801	0.02179	0.02798	0.01888	0.02638	0.13397	0.00597	0.01632	0.00837	0.09487	0.01209
4	0.02308	0.02195	0.03108	0.10185	0.03330	0.02995	0.02316	0.02638	0.01797	0.02784	0.01703	0.02616	0.01565	0.01738	0.02976	0.00441	0.46242	0.00962	0.06925	0.01178
5	0.69383	0.02109	0.01603	0.01434	0.02109	0.02446	0.01181	0.03205	0.01856	0.04892	0.01518	0.01771	0.01181	0.01012	0.00675	0.00337	0.00843	0.00590	0.00675	0.01181
6	0.03076	0.09838	0.10421	0.01950	0.02971	0.02000	0.01840	0.03638	0.02505	0.18173	0.02559	0.02615	0.01862	0.01009	0.00909	0.00246	0.01000	0.00789	0.00797	0.31802
7	0.02803	0.02153	0.02266	0.01949	0.02543	0.02373	0.01541	0.17463	0.24142	0.04902	0.04726	0.04575	0.10110	0.01580	0.01074	0.00339	0.00857	0.01280	0.11792	0.01533
8	0.03607	0.03155	0.10541	0.02478	0.03395	0.02951	0.02231	0.30050	0.15378	0.10193	0.03086	0.02999	0.02196	0.01312	0.01088	0.00340	0.01158	0.01024	0.01028	0.01791
9	0.13304	0.07977	0.08018	0.13371	0.03861	0.02451	0.02099	0.09940	0.02730	0.13794	0.02375	0.02594	0.01711	0.01098	0.00948	0.00308	0.01127	0.00842	0.00777	0.10676
10	0.12311	0.19182	0.22026	0.02778	0.08221	0.03125	0.02685	0.11014	0.02685	0.03985	0.01894	0.02170	0.01465	0.01044	0.00910	0.00310	0.01291	0.00760	0.00601	0.01544
11	0.17032	0.15237	0.08103	0.02264	0.03113	0.03059	0.05418	0.09909	0.17526	0.04323	0.02604	0.02681	0.01996	0.01166	0.00936	0.00327	0.01100	0.00896	0.00783	0.01529
12	0.01360	0.00962	0.01256	0.01478	0.01533	0.00907	0.00969	0.01526	0.02026	0.02701	0.05694	0.54377	0.06814	0.10551	0.01901	0.00518	0.00685	0.02914	0.00969	0.00858
13	0.01328	0.00949	0.01265	0.01518	0.01581	0.00886	0.01012	0.01518	0.02088	0.02783	0.06010	0.60969	0.07212	0.03416	0.01392	0.00443	0.00633	0.03100	0.01012	0.00886
14	0.02742	0.02697	0.12120	0.12400	0.15034	0.02187	0.10593	0.03447	0.02493	0.13131	0.02953	0.10034	0.02472	0.01362	0.01150	0.00358	0.01309	0.01280	0.00731	0.01507

[dist]
# distance from previous block
# <min> <max>
5	6

[block]
# block no. 7 follows, 12 sequences, length 6
# corresponding to MSA columns:
# 895-900
name=unknown_H
#
# <colnr> <probs for GDERKNQSTAVLIFYWHMCP>
#	G	D	E	R	K	N	Q	S	T	A	V	L	I	F	Y	W	H	M	C	P
0	0.02066	0.01558	0.02257	0.15179	0.09757	0.01571	0.01780	0.02574	0.02649	0.08534	0.19539	0.06448	0.18049	0.01865	0.01198	0.00351	0.00877	0.01618	0.00919	0.01211
1	0.02499	0.02686	0.08261	0.17788	0.28775	0.02578	0.07484	0.03547	0.08766	0.03493	0.02332	0.02910	0.01831	0.01063	0.01101	0.00345	0.01353	0.01019	0.00593	0.01574
2	0.06855	0.11884	0.08869	0.04021	0.24580	0.09503	0.02559	0.03273	0.02551	0.03493	0.09575	0.03170	0.02830	0.01179	0.01011	0.00311	0.01248	0.00987	0.00630	0.01472
3	0.01579	0.01083	0.01320	0.01320	0.01365	0.01128	0.00823	0.01669	0.01624	0.02211	0.03316	0.06474	0.03677	0.49276	0.17562	0.01218	0.01489	0.01489	0.00643	0.00733
4	0.01754	0.01188	0.01531	0.01602	0.01891	0.01104	0.01283	0.02159	0.02603	0.06814	0.16991	0.17637	0.17503	0.02744	0.01369	0.00420	0.00744	0.18564	0.01071	0.01030
5	0.03026	0.12984	0.26005	0.02833	0.04020	0.06680	0.06310	0.17654	0.03198	0.04287	0.02088	0.02337	0.01545	0.01099	0.01017	0.00321	0.01463	0.00852	0.00661	0.01619

[dist]
# distance from previous block
# <min> <max>
0	23

# created by:
# /st0/software/busco_prod/Augustus/scripts/msa2prfl.pl ./align_prep/8826.fa
