[name]
unknown

[dist]
# distance from previous block
# <min> <max>
6	188

[block]
# block no. 0 follows, 12 sequences, length 8
# corresponding to MSA columns:
# 241-248
name=unknown_A
#
# <colnr> <probs for GDERKNQSTAVLIFYWHMCP>
#	G	D	E	R	K	N	Q	S	T	A	V	L	I	F	Y	W	H	M	C	P
0	0.26976	0.01751	0.02055	0.14175	0.07213	0.01975	0.01608	0.02581	0.01929	0.03466	0.02514	0.08560	0.02493	0.16181	0.02060	0.00528	0.01045	0.01166	0.00649	0.01077
1	0.14107	0.02312	0.03506	0.02696	0.03498	0.02309	0.16110	0.11723	0.03041	0.15358	0.07083	0.04029	0.02898	0.01365	0.01131	0.00358	0.01201	0.04856	0.00920	0.01497
2	0.24624	0.02015	0.02763	0.02274	0.02873	0.02198	0.10983	0.07632	0.02286	0.03942	0.02284	0.03018	0.01915	0.03690	0.21924	0.00869	0.01845	0.00980	0.00659	0.01228
3	0.69383	0.02109	0.01603	0.01434	0.02109	0.02446	0.01181	0.03205	0.01856	0.04892	0.01518	0.01771	0.01181	0.01012	0.00675	0.00337	0.00843	0.00590	0.00675	0.01181
4	0.13491	0.08697	0.14716	0.03099	0.04082	0.02749	0.19272	0.03514	0.02336	0.08790	0.02116	0.02538	0.01583	0.01100	0.01293	0.00354	0.07234	0.00962	0.00618	0.01456
5	0.09822	0.02831	0.03369	0.03929	0.22310	0.07334	0.02395	0.16231	0.12619	0.04662	0.02562	0.02782	0.01979	0.01171	0.01040	0.00331	0.01200	0.00963	0.00804	0.01667
6	0.01646	0.01046	0.01466	0.01488	0.01577	0.01088	0.01039	0.01673	0.01779	0.02453	0.07802	0.11480	0.03881	0.14205	0.19498	0.23529	0.01469	0.01465	0.00667	0.00751
7	0.24039	0.01355	0.01400	0.01473	0.01763	0.01423	0.01070	0.02144	0.02128	0.03674	0.10222	0.34991	0.05565	0.02474	0.01140	0.00396	0.00689	0.02130	0.00922	0.01001

[dist]
# distance from previous block
# <min> <max>
10	14

[block]
# block no. 1 follows, 12 sequences, length 42
# corresponding to MSA columns:
# 266-307
name=unknown_B
#
# <colnr> <probs for GDERKNQSTAVLIFYWHMCP>
#	G	D	E	R	K	N	Q	S	T	A	V	L	I	F	Y	W	H	M	C	P
0	0.01480	0.01013	0.01220	0.01324	0.01350	0.00987	0.00805	0.01558	0.01792	0.02389	0.04493	0.29255	0.05298	0.37741	0.03841	0.00805	0.00883	0.02208	0.00805	0.00753
1	0.09754	0.02731	0.02850	0.02313	0.03082	0.03073	0.01875	0.31756	0.20600	0.05924	0.03116	0.03018	0.02278	0.01337	0.01058	0.00342	0.01055	0.01028	0.01058	0.01749
2	0.50205	0.02265	0.01954	0.01698	0.02388	0.02607	0.01382	0.09623	0.10721	0.05084	0.02139	0.02257	0.01621	0.01127	0.00799	0.00341	0.00891	0.00746	0.00799	0.01355
3	0.45640	0.02575	0.08662	0.01804	0.02637	0.02384	0.01670	0.07033	0.02356	0.13261	0.02113	0.02220	0.01506	0.01092	0.00820	0.00338	0.00979	0.00729	0.00790	0.01395
4	0.17401	0.02073	0.02359	0.01920	0.02654	0.02101	0.01558	0.12231	0.07142	0.28921	0.03604	0.07718	0.02661	0.01449	0.01034	0.00347	0.00927	0.01145	0.01123	0.01631
5	0.01787	0.01139	0.01477	0.01594	0.01808	0.01065	0.01193	0.02067	0.02287	0.07782	0.06162	0.31935	0.12122	0.08890	0.01797	0.00500	0.00784	0.13618	0.01006	0.00987
6	0.02437	0.02281	0.03306	0.24382	0.04697	0.02992	0.02601	0.07566	0.02213	0.03112	0.01745	0.02609	0.01482	0.01534	0.02374	0.00418	0.31480	0.00963	0.00542	0.01266
7	0.02117	0.01241	0.01672	0.01564	0.01814	0.01267	0.01146	0.02408	0.02094	0.11430	0.09713	0.05542	0.04043	0.22672	0.25199	0.01130	0.01720	0.01384	0.00811	0.01031
8	0.02040	0.01811	0.02549	0.02292	0.02387	0.02399	0.01866	0.02358	0.01750	0.02701	0.02169	0.03245	0.02035	0.04263	0.23986	0.00949	0.33276	0.01041	0.05787	0.01095
9	0.01586	0.01057	0.01189	0.01189	0.01189	0.01057	0.00661	0.01586	0.01586	0.02114	0.03436	0.07135	0.03964	0.61681	0.05550	0.01057	0.01057	0.01586	0.00661	0.00661
10	0.03722	0.30475	0.04232	0.02124	0.02987	0.08860	0.01884	0.14879	0.03162	0.14479	0.02360	0.02375	0.01772	0.01125	0.00900	0.00281	0.01205	0.00793	0.00802	0.01585
11	0.01412	0.01109	0.01275	0.01234	0.01548	0.00973	0.00925	0.01803	0.02776	0.03636	0.31979	0.09357	0.33072	0.02504	0.01287	0.00356	0.00534	0.02142	0.01103	0.00973
12	0.03221	0.02939	0.02730	0.02372	0.03032	0.11467	0.01857	0.14909	0.35223	0.04737	0.03629	0.03438	0.02722	0.01388	0.01086	0.00347	0.01106	0.01097	0.01019	0.01679
13	0.02645	0.03933	0.23638	0.03271	0.10760	0.07872	0.06327	0.07168	0.02640	0.03687	0.02008	0.02383	0.01541	0.00997	0.01006	0.00294	0.01403	0.00829	0.00581	0.17018
14	0.08541	0.03348	0.15732	0.02899	0.03938	0.02733	0.12403	0.16620	0.09459	0.09490	0.02676	0.02826	0.01913	0.01167	0.01088	0.00347	0.01329	0.01014	0.00828	0.01649
15	0.01558	0.01168	0.01752	0.01752	0.01947	0.01363	0.01363	0.01947	0.01752	0.02531	0.02921	0.04283	0.02726	0.08178	0.57360	0.01752	0.02921	0.01168	0.00584	0.00974
16	0.01604	0.01102	0.01402	0.01327	0.01584	0.01027	0.00996	0.02118	0.02987	0.04334	0.47977	0.07636	0.09354	0.02110	0.01221	0.00332	0.00514	0.01853	0.09495	0.01027
17	0.01750	0.01379	0.02129	0.14842	0.03108	0.01463	0.05369	0.01986	0.01890	0.02497	0.03378	0.16534	0.03675	0.25478	0.03206	0.06983	0.01114	0.01672	0.00666	0.00881
18	0.03231	0.03248	0.03121	0.07225	0.03480	0.17918	0.02198	0.13579	0.10501	0.03813	0.02237	0.02614	0.01797	0.01440	0.01786	0.00367	0.18359	0.00934	0.00722	0.01430
19	0.02699	0.02591	0.04426	0.06693	0.54879	0.02591	0.03346	0.03346	0.02483	0.03562	0.02051	0.02699	0.01727	0.00972	0.01079	0.00324	0.01295	0.00972	0.00540	0.01727
20	0.01382	0.01011	0.01307	0.01494	0.01631	0.00936	0.01056	0.01642	0.02274	0.03005	0.11464	0.45150	0.13327	0.03180	0.01378	0.00429	0.00643	0.06744	0.01030	0.00915
21	0.01728	0.01424	0.02174	0.18712	0.08286	0.01537	0.01839	0.02122	0.02135	0.02828	0.04181	0.29406	0.04628	0.08328	0.01701	0.00475	0.01005	0.05664	0.00779	0.01045
22	0.01562	0.01116	0.01533	0.01785	0.01951	0.01087	0.01418	0.01922	0.02318	0.03045	0.05881	0.34460	0.06701	0.03196	0.01454	0.00475	0.00835	0.27305	0.01008	0.00950
23	0.01394	0.00999	0.01324	0.01474	0.01596	0.00929	0.01017	0.01683	0.02392	0.03268	0.20725	0.44873	0.08149	0.03054	0.01359	0.00412	0.00597	0.02756	0.01069	0.00929
24	0.01987	0.01149	0.01486	0.01540	0.01756	0.01061	0.01092	0.02212	0.02233	0.11439	0.05629	0.35653	0.09093	0.12650	0.02033	0.00526	0.00773	0.05658	0.01009	0.01019
25	0.03795	0.01534	0.01950	0.01586	0.02203	0.01378	0.01280	0.04250	0.02801	0.35854	0.04016	0.03847	0.02736	0.01319	0.00968	0.00305	0.00767	0.01066	0.26812	0.01534
26	0.02261	0.01938	0.02261	0.01615	0.02584	0.01453	0.01292	0.02745	0.02261	0.03553	0.01938	0.02261	0.01615	0.00807	0.00807	0.00161	0.00807	0.00646	0.00646	0.68346
27	0.01580	0.01080	0.01305	0.01305	0.01345	0.01120	0.00805	0.01660	0.01620	0.02200	0.03330	0.06549	0.03710	0.50683	0.16199	0.01200	0.01440	0.01500	0.00645	0.00725
28	0.01328	0.00949	0.01265	0.01518	0.01581	0.00886	0.01012	0.01518	0.02088	0.02783	0.06010	0.60969	0.07212	0.03416	0.01392	0.00443	0.00633	0.03100	0.01012	0.00886
29	0.02745	0.02297	0.03644	0.17092	0.24078	0.02623	0.02807	0.03276	0.02283	0.09633	0.02145	0.02791	0.01709	0.01288	0.01731	0.00374	0.16403	0.00982	0.00612	0.01487
30	0.02225	0.02107	0.03569	0.45502	0.19773	0.02466	0.03110	0.02931	0.02259	0.02987	0.01967	0.02853	0.01524	0.01059	0.01087	0.00353	0.01413	0.00970	0.00499	0.01345
31	0.27780	0.01393	0.01490	0.01426	0.01684	0.01522	0.01037	0.02105	0.01587	0.03044	0.01750	0.02723	0.01620	0.02723	0.02886	0.42217	0.00907	0.00810	0.00551	0.00745
32	0.03716	0.03389	0.02995	0.02501	0.03222	0.16759	0.01982	0.26425	0.18301	0.05152	0.02905	0.02869	0.02163	0.01311	0.01069	0.00328	0.01296	0.00983	0.00963	0.01669
33	0.01687	0.01083	0.01625	0.01625	0.01745	0.01203	0.01203	0.01745	0.01625	0.02287	0.02527	0.03912	0.02407	0.06494	0.36993	0.27269	0.02164	0.01083	0.00542	0.00782
34	0.03933	0.02057	0.02502	0.02032	0.02768	0.02052	0.01640	0.09805	0.17512	0.32165	0.08089	0.04051	0.03388	0.01451	0.01114	0.00346	0.00904	0.01192	0.01243	0.01754
35	0.02059	0.01938	0.03270	0.59060	0.07510	0.02422	0.03028	0.02786	0.02180	0.02786	0.01938	0.02907	0.01453	0.01090	0.01090	0.00363	0.01453	0.00969	0.00484	0.01211
36	0.02080	0.01850	0.02912	0.02385	0.02876	0.01877	0.12915	0.06546	0.06390	0.03861	0.18517	0.14743	0.10056	0.02017	0.01440	0.00378	0.05175	0.01823	0.00932	0.01227
37	0.02829	0.02031	0.02457	0.01893	0.02662	0.01860	0.01523	0.09067	0.02674	0.11630	0.02650	0.07204	0.02234	0.01269	0.01211	0.00263	0.06770	0.00981	0.00819	0.37972
38	0.02187	0.05640	0.56031	0.03108	0.04719	0.02532	0.04029	0.03453	0.02302	0.03453	0.01957	0.02302	0.01381	0.01036	0.01036	0.00345	0.01611	0.00806	0.00460	0.01611
39	0.03006	0.03196	0.05243	0.03887	0.04795	0.09708	0.32816	0.11440	0.02988	0.03879	0.02147	0.02721	0.01638	0.01089	0.01402	0.00359	0.06428	0.01136	0.00636	0.01486
40	0.01864	0.01215	0.01545	0.01498	0.01838	0.01108	0.01190	0.02311	0.02832	0.08958	0.29266	0.09099	0.18952	0.02425	0.01313	0.00381	0.00665	0.11327	0.01131	0.01082
41	0.03348	0.02404	0.03847	0.02936	0.03674	0.02481	0.16817	0.11166	0.06904	0.17359	0.02868	0.03141	0.02079	0.01483	0.01712	0.05688	0.08569	0.01119	0.00869	0.01536

[dist]
# distance from previous block
# <min> <max>
0	11

[block]
# block no. 2 follows, 12 sequences, length 28
# corresponding to MSA columns:
# 319-346
name=unknown_C
#
# <colnr> <probs for GDERKNQSTAVLIFYWHMCP>
#	G	D	E	R	K	N	Q	S	T	A	V	L	I	F	Y	W	H	M	C	P
0	0.03180	0.54248	0.05288	0.01876	0.02796	0.03952	0.01830	0.03539	0.02337	0.09663	0.01888	0.02011	0.01573	0.00989	0.00753	0.00247	0.01134	0.00652	0.00585	0.01460
1	0.01546	0.01201	0.01420	0.01390	0.01687	0.01131	0.01031	0.02181	0.07317	0.03758	0.30589	0.15528	0.22216	0.02476	0.01285	0.00366	0.00573	0.02152	0.01112	0.01041
2	0.03551	0.04345	0.02899	0.02623	0.03083	0.43906	0.01993	0.03859	0.02935	0.02892	0.08695	0.02838	0.02595	0.01357	0.01306	0.00311	0.08052	0.00899	0.00638	0.01225
3	0.04435	0.02094	0.02587	0.02005	0.02803	0.02017	0.01649	0.17129	0.03572	0.38122	0.03791	0.03456	0.02486	0.01332	0.01065	0.00327	0.00961	0.01059	0.07332	0.01779
4	0.11238	0.01961	0.02173	0.01591	0.02520	0.01586	0.01277	0.02807	0.02207	0.03732	0.01882	0.02195	0.01557	0.00835	0.00790	0.00185	0.00812	0.00639	0.00650	0.59364
5	0.02915	0.62337	0.05714	0.01866	0.02799	0.04314	0.01866	0.03265	0.02215	0.02565	0.01516	0.01749	0.01399	0.00933	0.00700	0.00233	0.01166	0.00583	0.00466	0.01399
6	0.01328	0.00949	0.01265	0.01518	0.01581	0.00886	0.01012	0.01518	0.02088	0.02783	0.06010	0.60969	0.07212	0.03416	0.01392	0.00443	0.00633	0.03100	0.01012	0.00886
7	0.01561	0.01156	0.01691	0.01691	0.01865	0.01330	0.01287	0.01908	0.01734	0.02486	0.02977	0.04594	0.02861	0.13999	0.51723	0.01677	0.02718	0.01214	0.00592	0.00939
8	0.01315	0.01088	0.01153	0.01174	0.01498	0.00926	0.00866	0.01603	0.02494	0.03052	0.14263	0.15889	0.45343	0.02788	0.01300	0.00374	0.00558	0.02361	0.01029	0.00926
9	0.02261	0.01938	0.02261	0.01615	0.02584	0.01453	0.01292	0.02745	0.02261	0.03553	0.01938	0.02261	0.01615	0.00807	0.00807	0.00161	0.00807	0.00646	0.00646	0.68346
10	0.01434	0.01007	0.01278	0.01405	0.01485	0.00956	0.00921	0.01630	0.02128	0.02882	0.13726	0.37435	0.06881	0.18734	0.02481	0.00589	0.00725	0.02500	0.00951	0.00851
11	0.02174	0.01409	0.01825	0.01869	0.02213	0.01412	0.01586	0.06741	0.02817	0.07166	0.10547	0.09543	0.05725	0.02480	0.01338	0.00432	0.00908	0.30362	0.08316	0.01137
12	0.19505	0.02338	0.02579	0.02024	0.02839	0.02426	0.01671	0.21063	0.03538	0.26691	0.03064	0.02877	0.02050	0.01257	0.00997	0.00334	0.01005	0.00939	0.01102	0.01699
13	0.01791	0.01114	0.01423	0.01475	0.01668	0.01053	0.01027	0.02005	0.02127	0.08519	0.05687	0.31852	0.11945	0.14274	0.08195	0.00676	0.00981	0.02284	0.00939	0.00966
14	0.01907	0.00953	0.01383	0.01383	0.01406	0.00953	0.00930	0.01525	0.01501	0.02096	0.02049	0.03384	0.01978	0.03553	0.03936	0.61943	0.00906	0.00953	0.06736	0.00524
15	0.02635	0.02209	0.02366	0.02147	0.02709	0.02518	0.01656	0.08633	0.42527	0.04497	0.04511	0.11569	0.03737	0.01726	0.01146	0.00376	0.00857	0.01464	0.01095	0.01623
16	0.01602	0.01154	0.01684	0.01684	0.01884	0.01331	0.01307	0.02002	0.01802	0.02674	0.02980	0.04263	0.02732	0.07534	0.52090	0.01613	0.02696	0.01154	0.06836	0.00977
17	0.02190	0.01485	0.01629	0.01466	0.01860	0.01523	0.01134	0.09981	0.07587	0.04502	0.19128	0.05749	0.10616	0.01740	0.01055	0.00314	0.00652	0.01452	0.24735	0.01201
18	0.01380	0.01008	0.01305	0.01484	0.01620	0.00932	0.01042	0.01643	0.02293	0.03045	0.13012	0.45162	0.12803	0.03159	0.01374	0.00425	0.00632	0.05729	0.01037	0.00916
19	0.01780	0.01212	0.01517	0.01624	0.01857	0.01174	0.01181	0.02337	0.07729	0.07003	0.06249	0.40499	0.11609	0.02943	0.01338	0.00424	0.00705	0.06710	0.01047	0.01064
20	0.02810	0.01529	0.01939	0.01714	0.02187	0.01463	0.01373	0.08345	0.03105	0.18516	0.20721	0.09832	0.05862	0.01978	0.01201	0.00359	0.00775	0.07701	0.07255	0.01333
21	0.20464	0.01937	0.01924	0.01618	0.02204	0.02094	0.01307	0.16398	0.03031	0.09558	0.02830	0.03035	0.02105	0.01220	0.00859	0.00303	0.00823	0.00902	0.26022	0.01364
22	0.17208	0.01483	0.01517	0.01411	0.01839	0.01498	0.01067	0.02759	0.06091	0.09408	0.08634	0.10776	0.17158	0.08453	0.01554	0.00430	0.00739	0.01591	0.05258	0.01125
23	0.07154	0.01692	0.02235	0.14124	0.03359	0.01763	0.01692	0.07661	0.02754	0.17365	0.08263	0.14395	0.03792	0.01725	0.01110	0.00355	0.00932	0.01471	0.06813	0.01343
24	0.02612	0.02769	0.09953	0.03566	0.08900	0.02348	0.22984	0.08503	0.02810	0.07036	0.03770	0.07618	0.09138	0.01415	0.01214	0.00360	0.01385	0.01412	0.00742	0.01465
25	0.02560	0.01444	0.01844	0.01688	0.02082	0.01371	0.01276	0.07999	0.02945	0.16506	0.18555	0.26131	0.06382	0.02357	0.01258	0.00377	0.00733	0.02071	0.01155	0.01266
26	0.08419	0.01539	0.01896	0.05880	0.02402	0.01554	0.01313	0.03227	0.07135	0.16054	0.18274	0.05548	0.05015	0.14639	0.02080	0.00500	0.00862	0.01416	0.01011	0.01237
27	0.02325	0.02484	0.08825	0.26624	0.04957	0.02541	0.02578	0.08209	0.07190	0.03459	0.03160	0.03663	0.07424	0.01450	0.01485	0.00376	0.10130	0.01119	0.00662	0.01338

[dist]
# distance from previous block
# <min> <max>
0	4

[block]
# block no. 3 follows, 12 sequences, length 37
# corresponding to MSA columns:
# 351-387
name=unknown_D
#
# <colnr> <probs for GDERKNQSTAVLIFYWHMCP>
#	G	D	E	R	K	N	Q	S	T	A	V	L	I	F	Y	W	H	M	C	P
0	0.56730	0.02547	0.07180	0.01699	0.02485	0.02540	0.01546	0.07615	0.02199	0.04929	0.01662	0.01901	0.01262	0.01042	0.00749	0.00337	0.00953	0.00648	0.00691	0.01285
1	0.18787	0.02925	0.08404	0.09462	0.18132	0.07508	0.02478	0.07912	0.02641	0.08839	0.02131	0.02482	0.01607	0.01080	0.00974	0.00331	0.01255	0.00853	0.00685	0.01513
2	0.01583	0.01068	0.01245	0.01245	0.01265	0.01088	0.00731	0.01622	0.01602	0.02156	0.03384	0.06851	0.03841	0.56348	0.10714	0.01126	0.01243	0.01544	0.00653	0.00692
3	0.02754	0.02441	0.03381	0.13029	0.22220	0.02693	0.02551	0.09250	0.21656	0.04163	0.02989	0.03238	0.02298	0.01217	0.01094	0.00348	0.01148	0.01070	0.00803	0.01657
4	0.02261	0.01938	0.02261	0.01615	0.02584	0.01453	0.01292	0.02745	0.02261	0.03553	0.01938	0.02261	0.01615	0.00807	0.00807	0.00161	0.00807	0.00646	0.00646	0.68346
5	0.02536	0.32827	0.31903	0.02512	0.03798	0.03387	0.02991	0.03363	0.02261	0.03027	0.01745	0.02037	0.01390	0.00986	0.00875	0.00292	0.01398	0.00699	0.00463	0.01510
6	0.10334	0.02683	0.02522	0.02148	0.02809	0.12275	0.01692	0.12071	0.12199	0.18497	0.03467	0.08792	0.02737	0.01497	0.01064	0.00342	0.01112	0.01179	0.01019	0.01560
7	0.01537	0.01128	0.01469	0.01568	0.01803	0.01061	0.01235	0.01953	0.02627	0.03510	0.23274	0.19571	0.14820	0.02781	0.01378	0.00417	0.00702	0.17115	0.01074	0.00979
8	0.02810	0.01426	0.02045	0.01823	0.02261	0.01453	0.01453	0.03212	0.02266	0.22479	0.03439	0.04069	0.02716	0.05613	0.36225	0.01221	0.02172	0.01141	0.00872	0.01305
9	0.03318	0.02928	0.02801	0.02624	0.07642	0.15257	0.01882	0.11659	0.12434	0.09659	0.07954	0.03364	0.02913	0.01300	0.01053	0.00306	0.01182	0.01031	0.00903	0.09790
10	0.02743	0.02163	0.02698	0.02349	0.02691	0.02611	0.01882	0.10377	0.12916	0.08490	0.03319	0.13583	0.03054	0.01958	0.02084	0.00414	0.22971	0.01420	0.00873	0.01403
11	0.03007	0.01438	0.01926	0.01620	0.02134	0.01280	0.01280	0.03481	0.03101	0.26781	0.32446	0.06207	0.06971	0.01845	0.01203	0.00341	0.00695	0.01589	0.01266	0.01390
12	0.02759	0.01814	0.02166	0.01875	0.02238	0.01963	0.01413	0.19322	0.07406	0.03885	0.02380	0.03138	0.02010	0.02707	0.02861	0.38228	0.01028	0.00985	0.00748	0.01073
13	0.03146	0.02213	0.02699	0.02543	0.08101	0.02383	0.01785	0.27453	0.03454	0.04651	0.02286	0.02888	0.01856	0.02204	0.02281	0.25851	0.01115	0.00968	0.00800	0.01322
14	0.26785	0.02248	0.02402	0.01912	0.02705	0.02345	0.01578	0.16293	0.03199	0.25836	0.02920	0.02768	0.01964	0.01224	0.00951	0.00335	0.00968	0.00894	0.01053	0.01624
15	0.24022	0.01957	0.01999	0.01700	0.02278	0.02091	0.01340	0.14078	0.02840	0.12989	0.03034	0.08459	0.02584	0.07807	0.01428	0.00413	0.00908	0.01137	0.07591	0.01345
16	0.09095	0.01339	0.01610	0.01587	0.01908	0.01328	0.01194	0.02616	0.06305	0.08977	0.20817	0.24665	0.06766	0.02402	0.01238	0.00387	0.00686	0.04872	0.01078	0.01130
17	0.03804	0.01717	0.02245	0.01877	0.02501	0.01576	0.01482	0.08812	0.03027	0.35746	0.04619	0.19883	0.03898	0.01933	0.01180	0.00366	0.00871	0.01655	0.01228	0.01580
18	0.01894	0.00947	0.01420	0.01420	0.01420	0.00947	0.00947	0.01420	0.01420	0.01894	0.01894	0.03314	0.01894	0.03788	0.04261	0.68277	0.00947	0.00947	0.00473	0.00473
19	0.08879	0.01536	0.01847	0.01678	0.02095	0.01498	0.01249	0.07429	0.02580	0.18974	0.04390	0.25024	0.04334	0.11166	0.01837	0.00484	0.00856	0.01851	0.01036	0.01257
20	0.08079	0.01240	0.01511	0.01476	0.01783	0.01195	0.01117	0.02418	0.02633	0.09084	0.25454	0.19476	0.07039	0.02271	0.01202	0.00367	0.00643	0.04740	0.07185	0.01089
21	0.02329	0.03311	0.18322	0.02932	0.03391	0.03110	0.02853	0.02860	0.01850	0.02860	0.01581	0.02362	0.01417	0.01660	0.02855	0.00440	0.43172	0.00912	0.00472	0.01312
22	0.03031	0.01846	0.02211	0.01925	0.02408	0.01936	0.01477	0.12419	0.14683	0.14290	0.03616	0.10547	0.03041	0.02253	0.01947	0.17792	0.00931	0.01316	0.00979	0.01351
23	0.02052	0.01165	0.01570	0.01633	0.01879	0.01071	0.01201	0.02350	0.02423	0.12726	0.10508	0.39975	0.06590	0.02874	0.01339	0.00420	0.00714	0.07327	0.01092	0.01091
24	0.01493	0.01042	0.01298	0.01348	0.01449	0.00996	0.00885	0.01715	0.02217	0.03037	0.20401	0.23949	0.06970	0.24925	0.02920	0.00642	0.00754	0.02172	0.00940	0.00847
25	0.01993	0.01160	0.01486	0.01504	0.01786	0.01037	0.01088	0.02274	0.02450	0.12623	0.11464	0.35926	0.15393	0.02799	0.01308	0.00400	0.00660	0.02474	0.01093	0.01084
26	0.02369	0.01878	0.02892	0.08747	0.22211	0.01943	0.02158	0.07295	0.02448	0.03375	0.07058	0.06842	0.02870	0.02077	0.02024	0.19659	0.01090	0.01183	0.00659	0.01223
27	0.03077	0.01467	0.01872	0.01568	0.02138	0.01273	0.01247	0.03480	0.02932	0.28558	0.18040	0.06685	0.19178	0.01958	0.01196	0.00347	0.00723	0.01645	0.01219	0.01395
28	0.02683	0.01475	0.01884	0.01710	0.02152	0.01385	0.01335	0.07328	0.02949	0.18595	0.16332	0.19396	0.09562	0.02286	0.01259	0.00380	0.00770	0.06068	0.01156	0.01295
29	0.01374	0.00981	0.01317	0.01570	0.01653	0.00925	0.01091	0.01597	0.02132	0.02834	0.05985	0.55812	0.07112	0.03373	0.01404	0.00449	0.00672	0.07808	0.01011	0.00898
30	0.01918	0.01655	0.02721	0.39425	0.05559	0.02022	0.02421	0.02451	0.02004	0.02641	0.02181	0.03290	0.01813	0.03115	0.15510	0.06889	0.01776	0.01017	0.00509	0.01084
31	0.03568	0.02160	0.02539	0.02092	0.02763	0.02232	0.01696	0.21680	0.08370	0.19597	0.09214	0.08682	0.03835	0.01711	0.01167	0.00357	0.00963	0.04587	0.01165	0.01623
32	0.01971	0.01253	0.01608	0.01714	0.01970	0.01235	0.01320	0.02563	0.06961	0.08106	0.05417	0.31524	0.05770	0.02737	0.01313	0.00426	0.00775	0.15097	0.07141	0.01098
33	0.32503	0.02710	0.02439	0.02003	0.02755	0.08131	0.01632	0.20092	0.03259	0.11603	0.02256	0.02321	0.01622	0.01167	0.00900	0.00328	0.01088	0.00798	0.00890	0.01504
34	0.03017	0.01765	0.02102	0.01834	0.02373	0.01745	0.01425	0.12537	0.07745	0.18987	0.05453	0.20682	0.11381	0.02142	0.01208	0.00373	0.00836	0.01828	0.01134	0.01434
35	0.15297	0.02295	0.02468	0.01879	0.02754	0.02224	0.01533	0.17565	0.03122	0.09544	0.02281	0.02411	0.01706	0.01044	0.00894	0.00259	0.00942	0.00777	0.00848	0.30154
36	0.13778	0.02866	0.02631	0.02198	0.02855	0.17242	0.01759	0.04474	0.02783	0.28367	0.02889	0.02816	0.01995	0.01294	0.01253	0.00336	0.07088	0.00900	0.00947	0.01528

[dist]
# distance from previous block
# <min> <max>
1	4

[block]
# block no. 4 follows, 12 sequences, length 25
# corresponding to MSA columns:
# 392-416
name=unknown_E
#
# <colnr> <probs for GDERKNQSTAVLIFYWHMCP>
#	G	D	E	R	K	N	Q	S	T	A	V	L	I	F	Y	W	H	M	C	P
0	0.03119	0.01472	0.01912	0.01597	0.02159	0.01287	0.01269	0.03544	0.02990	0.28962	0.21948	0.06435	0.14885	0.01902	0.01195	0.00345	0.00722	0.01609	0.01237	0.01409
1	0.02621	0.02151	0.02454	0.01786	0.02736	0.01822	0.01441	0.12014	0.02809	0.04187	0.02068	0.02329	0.01661	0.00903	0.00862	0.00193	0.00882	0.00710	0.00731	0.55639
2	0.02252	0.01388	0.01719	0.01619	0.01905	0.01379	0.01225	0.08267	0.02429	0.07385	0.04637	0.06677	0.11719	0.12204	0.02817	0.19905	0.00941	0.09733	0.00838	0.00962
3	0.01430	0.01025	0.01366	0.01522	0.01659	0.00961	0.01087	0.01742	0.02413	0.03283	0.19792	0.41287	0.08003	0.03039	0.01372	0.00420	0.00634	0.06962	0.01065	0.00938
4	0.02480	0.28488	0.35754	0.02607	0.03945	0.03250	0.03157	0.03377	0.02267	0.03095	0.01779	0.02079	0.01388	0.00994	0.00900	0.00300	0.01432	0.00716	0.00463	0.01526
5	0.01361	0.01014	0.01268	0.01402	0.01567	0.00921	0.00976	0.01632	0.02365	0.03123	0.16366	0.40016	0.17910	0.03048	0.01349	0.00408	0.00593	0.02712	0.01048	0.00921
6	0.04118	0.01663	0.02239	0.01813	0.02476	0.01458	0.01436	0.04469	0.02840	0.43714	0.04434	0.11314	0.03395	0.07485	0.01568	0.00421	0.00903	0.01398	0.01240	0.01616
7	0.04730	0.02116	0.02691	0.02063	0.02913	0.01989	0.01705	0.15284	0.03556	0.45049	0.03936	0.03474	0.02516	0.01341	0.01095	0.00335	0.00987	0.01072	0.01293	0.01855
8	0.01558	0.01168	0.01752	0.01752	0.01947	0.01363	0.01363	0.01947	0.01752	0.02531	0.02921	0.04283	0.02726	0.08178	0.57360	0.01752	0.02921	0.01168	0.00584	0.00974
9	0.03126	0.02051	0.02354	0.02018	0.02641	0.02185	0.01593	0.08164	0.28495	0.17023	0.13347	0.04622	0.04339	0.01572	0.01137	0.00354	0.00839	0.01317	0.01183	0.01639
10	0.69383	0.02109	0.01603	0.01434	0.02109	0.02446	0.01181	0.03205	0.01856	0.04892	0.01518	0.01771	0.01181	0.01012	0.00675	0.00337	0.00843	0.00590	0.00675	0.01181
11	0.01558	0.01168	0.01752	0.01752	0.01947	0.01363	0.01363	0.01947	0.01752	0.02531	0.02921	0.04283	0.02726	0.08178	0.57360	0.01752	0.02921	0.01168	0.00584	0.00974
12	0.03364	0.02201	0.02544	0.02006	0.02829	0.02140	0.01614	0.11714	0.17087	0.17947	0.03359	0.03200	0.02414	0.01214	0.01011	0.00291	0.00915	0.00979	0.01028	0.22144
13	0.01608	0.01059	0.01263	0.01263	0.01282	0.01078	0.00752	0.01607	0.01588	0.02137	0.03259	0.06545	0.03674	0.51729	0.10488	0.06631	0.01229	0.01493	0.00638	0.00676
14	0.01859	0.01261	0.01603	0.01510	0.01817	0.01210	0.01133	0.02569	0.07684	0.07750	0.39973	0.14157	0.08711	0.02248	0.01270	0.00358	0.00591	0.01984	0.01178	0.01134
15	0.07792	0.01582	0.01932	0.01649	0.02235	0.01414	0.01277	0.02724	0.02217	0.10553	0.03311	0.15772	0.03170	0.02817	0.11250	0.00552	0.01173	0.01342	0.00816	0.26423
16	0.15674	0.01692	0.02058	0.01687	0.02334	0.01594	0.01364	0.04010	0.02881	0.31917	0.17929	0.04612	0.04568	0.01537	0.01073	0.00339	0.00796	0.01252	0.01185	0.01499
17	0.02954	0.01725	0.01856	0.01564	0.02065	0.01802	0.01246	0.17842	0.03242	0.09788	0.03337	0.03585	0.02495	0.01290	0.00895	0.00285	0.00761	0.01013	0.40902	0.01354
18	0.03185	0.01457	0.01897	0.01643	0.02176	0.01303	0.01318	0.03610	0.02826	0.28433	0.12316	0.09629	0.09113	0.01889	0.01157	0.00353	0.00768	0.05857	0.09670	0.01400
19	0.12000	0.02189	0.02409	0.01985	0.02707	0.02302	0.01603	0.14250	0.16444	0.20566	0.04295	0.03995	0.07536	0.01470	0.01064	0.00347	0.00919	0.01162	0.01115	0.01644
20	0.01356	0.01021	0.01264	0.01444	0.01611	0.00929	0.01027	0.01598	0.02239	0.02873	0.07428	0.42155	0.20626	0.03192	0.01373	0.00427	0.00643	0.06877	0.01012	0.00906
21	0.02580	0.01324	0.01766	0.01678	0.02036	0.01218	0.01290	0.02919	0.02557	0.19498	0.11560	0.20349	0.05631	0.09936	0.01834	0.00485	0.00830	0.10213	0.01097	0.01201
22	0.04095	0.02019	0.02513	0.01992	0.02740	0.01952	0.01622	0.13268	0.08170	0.34980	0.10814	0.04149	0.03638	0.01474	0.01122	0.00339	0.00915	0.01208	0.01260	0.01731
23	0.21685	0.02422	0.03633	0.09251	0.24420	0.02567	0.09185	0.03476	0.06420	0.03944	0.02106	0.02598	0.01667	0.01028	0.00996	0.00341	0.01221	0.00928	0.00622	0.01489
24	0.02039	0.01688	0.02582	0.02233	0.02671	0.01656	0.10645	0.08403	0.02734	0.03636	0.09770	0.19041	0.09775	0.07500	0.01697	0.00462	0.01018	0.10389	0.00922	0.01138

[dist]
# distance from previous block
# <min> <max>
1	3

[block]
# block no. 5 follows, 12 sequences, length 34
# corresponding to MSA columns:
# 420-453
name=unknown_F
#
# <colnr> <probs for GDERKNQSTAVLIFYWHMCP>
#	G	D	E	R	K	N	Q	S	T	A	V	L	I	F	Y	W	H	M	C	P
0	0.39701	0.02549	0.02464	0.02683	0.12721	0.07877	0.01761	0.06104	0.02330	0.04400	0.01743	0.02068	0.01390	0.01013	0.00822	0.00312	0.01061	0.00704	0.00659	0.07639
1	0.27519	0.02273	0.02601	0.14394	0.08890	0.02613	0.02000	0.08913	0.12899	0.04461	0.02384	0.02672	0.01811	0.01153	0.00939	0.00347	0.01061	0.00884	0.00756	0.01429
2	0.01819	0.01149	0.01534	0.01526	0.01668	0.01181	0.01080	0.02037	0.07467	0.02658	0.08495	0.10715	0.06851	0.03677	0.08021	0.36177	0.01018	0.01421	0.00719	0.00787
3	0.10565	0.01641	0.01884	0.01625	0.02136	0.01622	0.01241	0.03666	0.09880	0.20860	0.09181	0.05396	0.09229	0.13967	0.02004	0.00494	0.00856	0.01372	0.01045	0.01335
4	0.08702	0.01357	0.01769	0.01707	0.01893	0.01598	0.01295	0.02067	0.01721	0.02699	0.02741	0.04433	0.02700	0.17904	0.35701	0.01342	0.07646	0.01174	0.00599	0.00951
5	0.01897	0.01385	0.02046	0.08363	0.02497	0.01651	0.01539	0.01898	0.01694	0.02348	0.02525	0.11841	0.02630	0.03474	0.08711	0.29315	0.13499	0.01297	0.00568	0.00822
6	0.13174	0.01557	0.01812	0.01652	0.02102	0.01552	0.01248	0.03357	0.07686	0.18288	0.09214	0.19432	0.04597	0.07520	0.01541	0.00436	0.00800	0.01696	0.01051	0.01286
7	0.02915	0.01813	0.02134	0.01775	0.02266	0.01839	0.01367	0.17257	0.03401	0.13613	0.19847	0.05513	0.05163	0.13785	0.02054	0.00481	0.00901	0.01445	0.01085	0.01346
8	0.08050	0.01073	0.01373	0.01409	0.01523	0.01073	0.00970	0.01623	0.01707	0.02464	0.03641	0.15539	0.08369	0.03346	0.03037	0.41158	0.00833	0.01488	0.00657	0.00669
9	0.13482	0.01790	0.02105	0.01750	0.02390	0.01731	0.01402	0.08958	0.02983	0.27364	0.09455	0.10176	0.08368	0.01722	0.01099	0.00350	0.00839	0.01409	0.01140	0.01487
10	0.01692	0.01080	0.01620	0.01620	0.01737	0.01197	0.01197	0.01737	0.01620	0.02277	0.02510	0.03896	0.02393	0.06424	0.36146	0.28330	0.02132	0.01080	0.00540	0.00774
11	0.43216	0.02370	0.02201	0.01810	0.02561	0.02646	0.01493	0.17972	0.02972	0.10525	0.02128	0.02220	0.01536	0.01136	0.00843	0.00334	0.00960	0.00759	0.00868	0.01452
12	0.04451	0.02563	0.02968	0.02276	0.03136	0.02652	0.01880	0.32422	0.04305	0.26854	0.03308	0.03066	0.02200	0.01326	0.01093	0.00331	0.01088	0.01029	0.01197	0.01855
13	0.01872	0.01169	0.01499	0.01562	0.01764	0.01115	0.01092	0.02287	0.05465	0.09046	0.10734	0.39731	0.06465	0.08707	0.01741	0.00476	0.00710	0.02480	0.01043	0.01043
14	0.03065	0.01500	0.01780	0.01556	0.02047	0.01458	0.01259	0.08274	0.02848	0.19581	0.03936	0.04755	0.03069	0.01497	0.00980	0.00315	0.00760	0.06357	0.33617	0.01349
15	0.03330	0.02636	0.02456	0.02139	0.02737	0.13187	0.01718	0.15770	0.06543	0.12104	0.04312	0.05244	0.08744	0.01719	0.01140	0.00350	0.01147	0.08399	0.04887	0.01439
16	0.12189	0.02009	0.02501	0.01941	0.02768	0.01884	0.01603	0.09854	0.03185	0.44756	0.03808	0.03376	0.02438	0.01307	0.01048	0.00336	0.00946	0.01027	0.01245	0.01778
17	0.01459	0.01111	0.01341	0.01284	0.01577	0.00993	0.00963	0.01895	0.02888	0.03901	0.40027	0.08920	0.24859	0.02405	0.01287	0.00351	0.00527	0.02081	0.01138	0.00993
18	0.01581	0.01064	0.01220	0.01210	0.01240	0.01054	0.00703	0.01640	0.01757	0.02372	0.09252	0.07251	0.04687	0.54882	0.05062	0.00975	0.00995	0.01630	0.00722	0.00703
19	0.01451	0.01056	0.01394	0.01620	0.01770	0.00998	0.01213	0.01742	0.02254	0.02942	0.06464	0.41336	0.11851	0.03229	0.01415	0.00453	0.00734	0.16146	0.01010	0.00924
20	0.02192	0.01263	0.01638	0.01459	0.01846	0.01133	0.01124	0.02664	0.03032	0.14561	0.39835	0.07489	0.13238	0.02106	0.01248	0.00344	0.00602	0.01829	0.01211	0.01184
21	0.02315	0.02199	0.03732	0.38138	0.26435	0.02490	0.03155	0.03010	0.02301	0.03096	0.01983	0.02824	0.01563	0.01043	0.01086	0.00348	0.01390	0.00970	0.00507	0.01417
22	0.02712	0.02342	0.02465	0.02219	0.02835	0.02712	0.01726	0.05794	0.52909	0.04561	0.04438	0.04068	0.03328	0.01479	0.01109	0.00370	0.00863	0.01233	0.01109	0.01726
23	0.01668	0.01229	0.01618	0.01823	0.02030	0.01238	0.01443	0.02282	0.07063	0.03185	0.05747	0.31842	0.06389	0.03037	0.01421	0.00465	0.00836	0.24645	0.01017	0.01022
24	0.02699	0.02591	0.04426	0.06693	0.54879	0.02591	0.03346	0.03346	0.02483	0.03562	0.02051	0.02699	0.01727	0.00972	0.01079	0.00324	0.01295	0.00972	0.00540	0.01727
25	0.02129	0.02009	0.03397	0.53341	0.12683	0.02441	0.03063	0.02847	0.02213	0.02871	0.01950	0.02884	0.01483	0.01077	0.01089	0.00359	0.01436	0.00969	0.00491	0.01268
26	0.01531	0.01234	0.01378	0.01320	0.01671	0.01144	0.00997	0.02183	0.07833	0.03658	0.27015	0.08938	0.32269	0.02427	0.01269	0.00359	0.00569	0.02066	0.01095	0.01044
27	0.01441	0.01218	0.01263	0.01263	0.01626	0.01103	0.00940	0.02000	0.07694	0.03097	0.09847	0.14946	0.44325	0.02694	0.01280	0.00376	0.00593	0.02271	0.01023	0.01001
28	0.01560	0.01046	0.01197	0.01222	0.01228	0.01040	0.00696	0.01579	0.01635	0.02181	0.03691	0.12475	0.04286	0.55902	0.05137	0.00996	0.01015	0.01736	0.00696	0.00683
29	0.03085	0.02784	0.04635	0.03437	0.04344	0.02847	0.25737	0.22394	0.03500	0.04733	0.02452	0.02965	0.01857	0.01905	0.07621	0.00510	0.01707	0.01151	0.00771	0.01567
30	0.02187	0.05640	0.56031	0.03108	0.04719	0.02532	0.04029	0.03453	0.02302	0.03453	0.01957	0.02302	0.01381	0.01036	0.01036	0.00345	0.01611	0.00806	0.00460	0.01611
31	0.04356	0.02190	0.02674	0.02107	0.02917	0.02167	0.01722	0.14969	0.12230	0.36557	0.03974	0.03546	0.02633	0.01364	0.01098	0.00341	0.00973	0.01096	0.01254	0.01833
32	0.02059	0.01938	0.03270	0.59060	0.07510	0.02422	0.03028	0.02786	0.02180	0.02786	0.01938	0.02907	0.01453	0.01090	0.01090	0.00363	0.01453	0.00969	0.00484	0.01211
33	0.14682	0.03032	0.03149	0.02632	0.03203	0.14082	0.07500	0.08409	0.13188	0.03934	0.02330	0.02631	0.01846	0.01331	0.01524	0.00363	0.13087	0.00938	0.00728	0.01411

[dist]
# distance from previous block
# <min> <max>
3	18

[block]
# block no. 6 follows, 12 sequences, length 25
# corresponding to MSA columns:
# 472-496
name=unknown_G
#
# <colnr> <probs for GDERKNQSTAVLIFYWHMCP>
#	G	D	E	R	K	N	Q	S	T	A	V	L	I	F	Y	W	H	M	C	P
0	0.02777	0.41150	0.05693	0.02682	0.03577	0.03812	0.14979	0.03268	0.02262	0.02818	0.01692	0.02124	0.01470	0.01016	0.01114	0.00291	0.06582	0.00804	0.00490	0.01400
1	0.08833	0.02428	0.02641	0.02214	0.02870	0.02655	0.01811	0.33338	0.04061	0.05626	0.03448	0.11703	0.03169	0.01818	0.01158	0.00370	0.01066	0.08216	0.01033	0.01543
2	0.02613	0.02393	0.02769	0.03150	0.13556	0.06902	0.02101	0.04393	0.27281	0.03913	0.04006	0.05410	0.03481	0.01680	0.01179	0.00382	0.01075	0.11264	0.00923	0.01530
3	0.11654	0.01996	0.02338	0.12798	0.03391	0.02252	0.01774	0.13602	0.11462	0.04272	0.03607	0.19266	0.03450	0.01850	0.01122	0.00375	0.00981	0.01566	0.00899	0.01344
4	0.02324	0.02206	0.03181	0.02656	0.02988	0.02681	0.08249	0.03354	0.13790	0.03512	0.12278	0.03938	0.03579	0.01743	0.02281	0.00413	0.27483	0.01255	0.00769	0.01320
5	0.04073	0.05197	0.03090	0.02809	0.03371	0.57303	0.02107	0.04354	0.03090	0.02669	0.01685	0.01966	0.01404	0.01124	0.00983	0.00281	0.01966	0.00702	0.00562	0.01264
6	0.01558	0.01168	0.01752	0.01752	0.01947	0.01363	0.01363	0.01947	0.01752	0.02531	0.02921	0.04283	0.02726	0.08178	0.57360	0.01752	0.02921	0.01168	0.00584	0.00974
7	0.01438	0.01033	0.01363	0.01444	0.01606	0.00959	0.01021	0.01793	0.02596	0.03593	0.30608	0.34063	0.08779	0.02811	0.01338	0.00392	0.00572	0.02525	0.01108	0.00959
8	0.01364	0.00964	0.01255	0.01473	0.01528	0.00909	0.00964	0.01527	0.02019	0.02692	0.05657	0.53586	0.06766	0.11406	0.01962	0.00527	0.00691	0.02892	0.00964	0.00855
9	0.01328	0.00949	0.01265	0.01518	0.01581	0.00886	0.01012	0.01518	0.02088	0.02783	0.06010	0.60969	0.07212	0.03416	0.01392	0.00443	0.00633	0.03100	0.01012	0.00886
10	0.27447	0.01767	0.01836	0.01624	0.02203	0.01855	0.01318	0.03633	0.07098	0.16276	0.10203	0.04383	0.03545	0.01489	0.00973	0.00347	0.00803	0.04893	0.06971	0.01336
11	0.01860	0.01124	0.01466	0.01506	0.01747	0.01018	0.01080	0.02161	0.02484	0.10394	0.16802	0.36926	0.11603	0.02813	0.01319	0.00400	0.00640	0.02505	0.01100	0.01053
12	0.08397	0.01619	0.02118	0.01727	0.02345	0.01470	0.01381	0.04059	0.02852	0.35408	0.14799	0.04504	0.04171	0.01765	0.01429	0.07217	0.00833	0.01237	0.01181	0.01487
13	0.07095	0.01114	0.01244	0.01322	0.01562	0.01060	0.00949	0.01880	0.02322	0.03380	0.12780	0.29010	0.18115	0.02608	0.01207	0.00377	0.00598	0.02263	0.10159	0.00955
14	0.01950	0.01151	0.01439	0.01396	0.01577	0.01085	0.00939	0.02160	0.02229	0.09682	0.15613	0.18153	0.05911	0.28254	0.03140	0.00674	0.00829	0.01926	0.00945	0.00945
15	0.02534	0.03214	0.11455	0.04445	0.05599	0.02735	0.46172	0.03489	0.02546	0.03489	0.02181	0.02876	0.01627	0.00931	0.01261	0.00365	0.01815	0.01238	0.00542	0.01485
16	0.01647	0.01169	0.01375	0.01315	0.01460	0.01115	0.00825	0.01755	0.01731	0.02392	0.03441	0.11244	0.03869	0.44604	0.08291	0.00935	0.01120	0.01573	0.00686	0.09451
17	0.02174	0.01824	0.02122	0.01560	0.02404	0.01402	0.01210	0.02596	0.02174	0.03367	0.02132	0.02891	0.01919	0.08675	0.01420	0.00277	0.00840	0.00767	0.00648	0.59599
18	0.01415	0.01039	0.01275	0.01376	0.01507	0.00999	0.00930	0.01602	0.02004	0.02617	0.06056	0.28916	0.16133	0.18544	0.09802	0.00754	0.01024	0.02290	0.00867	0.00848
19	0.02961	0.02447	0.03193	0.02670	0.03128	0.08285	0.08625	0.03634	0.07507	0.13088	0.03141	0.08918	0.02764	0.01755	0.01917	0.00402	0.18868	0.04506	0.00813	0.01377
20	0.02151	0.01165	0.01467	0.01415	0.01578	0.01107	0.00931	0.02217	0.01947	0.11745	0.03972	0.17405	0.04209	0.32904	0.03758	0.07606	0.00934	0.01751	0.00838	0.00901
21	0.01788	0.01004	0.01452	0.01452	0.01489	0.01041	0.00987	0.01543	0.01506	0.02045	0.02301	0.04023	0.02336	0.12562	0.14539	0.46403	0.01338	0.01077	0.00520	0.00594
22	0.01328	0.00949	0.01265	0.01518	0.01581	0.00886	0.01012	0.01518	0.02088	0.02783	0.06010	0.60969	0.07212	0.03416	0.01392	0.00443	0.00633	0.03100	0.01012	0.00886
23	0.26059	0.01948	0.01955	0.01635	0.02285	0.02046	0.01328	0.12046	0.02855	0.15460	0.03868	0.03822	0.09132	0.01410	0.00934	0.00329	0.00842	0.01057	0.09604	0.01387
24	0.02531	0.02226	0.02706	0.24641	0.04502	0.07254	0.02149	0.13333	0.03076	0.03976	0.12439	0.09632	0.03801	0.01594	0.01148	0.00352	0.01183	0.01354	0.00815	0.01290

[dist]
# distance from previous block
# <min> <max>
0	29

# created by:
# /st0/software/busco_prod/Augustus/scripts/msa2prfl.pl ./align_prep/8836.fa
