[name]
unknown

[dist]
# distance from previous block
# <min> <max>
0	171

[block]
# block no. 0 follows, 12 sequences, length 30
# corresponding to MSA columns:
# 185-214
name=unknown_A
#
# <colnr> <probs for GDERKNQSTAVLIFYWHMCP>
#	G	D	E	R	K	N	Q	S	T	A	V	L	I	F	Y	W	H	M	C	P
0	0.01409	0.01085	0.01288	0.01289	0.01560	0.00964	0.00947	0.01779	0.02693	0.03561	0.29680	0.17316	0.27247	0.02625	0.01304	0.00368	0.00548	0.02278	0.01097	0.00964
1	0.02188	0.02129	0.03174	0.18644	0.16743	0.06383	0.06543	0.02705	0.02332	0.03027	0.03268	0.21314	0.03372	0.01791	0.01192	0.00373	0.01227	0.01656	0.00678	0.01261
2	0.02187	0.05640	0.56031	0.03108	0.04719	0.02532	0.04029	0.03453	0.02302	0.03453	0.01957	0.02302	0.01381	0.01036	0.01036	0.00345	0.01611	0.00806	0.00460	0.01611
3	0.37499	0.02027	0.01800	0.01633	0.02242	0.02293	0.01300	0.03776	0.18247	0.04483	0.03934	0.03863	0.10161	0.01434	0.00909	0.00353	0.00804	0.01062	0.00866	0.01314
4	0.03735	0.02668	0.12199	0.02727	0.09459	0.01982	0.02232	0.04594	0.07601	0.31168	0.03444	0.03261	0.02325	0.01219	0.01063	0.00327	0.01078	0.01008	0.01017	0.06894
5	0.01325	0.00964	0.01250	0.01478	0.01571	0.00889	0.00994	0.01523	0.02126	0.02799	0.06499	0.56068	0.11797	0.03352	0.01382	0.00436	0.00625	0.03022	0.01012	0.00889
6	0.43587	0.02250	0.02121	0.01750	0.02497	0.02469	0.01443	0.13302	0.02763	0.15241	0.02286	0.02322	0.01614	0.01138	0.00841	0.00335	0.00932	0.00769	0.00891	0.01449
7	0.03071	0.34565	0.04213	0.02090	0.02799	0.20714	0.01812	0.03424	0.02630	0.02880	0.09792	0.02815	0.02785	0.01196	0.00881	0.00266	0.01320	0.00837	0.00611	0.01298
8	0.69383	0.02109	0.01603	0.01434	0.02109	0.02446	0.01181	0.03205	0.01856	0.04892	0.01518	0.01771	0.01181	0.01012	0.00675	0.00337	0.00843	0.00590	0.00675	0.01181
9	0.01442	0.01053	0.01356	0.01403	0.01598	0.00967	0.01005	0.01816	0.02666	0.03662	0.32730	0.27843	0.12982	0.02713	0.01325	0.00382	0.00561	0.02417	0.01115	0.00967
10	0.69383	0.02109	0.01603	0.01434	0.02109	0.02446	0.01181	0.03205	0.01856	0.04892	0.01518	0.01771	0.01181	0.01012	0.00675	0.00337	0.00843	0.00590	0.00675	0.01181
11	0.12744	0.01886	0.02417	0.01878	0.02701	0.01705	0.01551	0.05057	0.02967	0.49456	0.03963	0.03475	0.02514	0.01308	0.01045	0.00337	0.00918	0.01035	0.01267	0.01773
12	0.02524	0.02413	0.04110	0.20985	0.41950	0.02545	0.03259	0.03193	0.02400	0.03350	0.02020	0.02755	0.01652	0.01004	0.01082	0.00335	0.01339	0.00971	0.00525	0.01586
13	0.01411	0.01047	0.01316	0.01381	0.01581	0.00952	0.00986	0.01752	0.02578	0.03478	0.27141	0.29648	0.17118	0.02800	0.01329	0.00387	0.00568	0.02482	0.01091	0.00952
14	0.01894	0.00947	0.01420	0.01420	0.01420	0.00947	0.00947	0.01420	0.01420	0.01894	0.01894	0.03314	0.01894	0.03788	0.04261	0.68277	0.00947	0.00947	0.00473	0.00473
15	0.03106	0.02445	0.03056	0.13146	0.14170	0.07629	0.02329	0.07775	0.10683	0.12714	0.03235	0.04163	0.02605	0.01416	0.01130	0.00357	0.01216	0.06426	0.00859	0.01539
16	0.03097	0.01452	0.01924	0.01633	0.02161	0.01281	0.01285	0.03523	0.02977	0.28480	0.23367	0.10448	0.09831	0.01947	0.01205	0.00350	0.00723	0.01672	0.01242	0.01402
17	0.04892	0.01856	0.02530	0.01940	0.02783	0.01603	0.01603	0.05314	0.03121	0.55634	0.04302	0.03711	0.02699	0.01350	0.01096	0.00337	0.00928	0.01096	0.01350	0.01856
18	0.02221	0.02214	0.02704	0.08052	0.02996	0.07710	0.02006	0.02536	0.02107	0.02858	0.07927	0.10706	0.07020	0.02031	0.02417	0.00421	0.30891	0.01394	0.00662	0.01127
19	0.02495	0.01809	0.02128	0.02015	0.02478	0.01937	0.01615	0.08329	0.20616	0.08123	0.08800	0.13396	0.04971	0.02166	0.01263	0.00406	0.00883	0.14085	0.01093	0.01394
20	0.01412	0.00996	0.01303	0.01516	0.01588	0.00949	0.01032	0.01603	0.02052	0.02727	0.05584	0.47687	0.06611	0.12468	0.02052	0.00545	0.00736	0.07321	0.00956	0.00862
21	0.08098	0.01629	0.01765	0.01498	0.02013	0.01662	0.01195	0.11767	0.02925	0.15032	0.03386	0.03563	0.02486	0.01274	0.00881	0.00290	0.00741	0.00994	0.37454	0.01346
22	0.02551	0.07281	0.14602	0.20105	0.04601	0.02349	0.02630	0.07715	0.02625	0.08672	0.02979	0.07499	0.02599	0.01515	0.01124	0.00367	0.01279	0.07391	0.00725	0.01392
23	0.02468	0.04218	0.34454	0.14221	0.05204	0.02449	0.09308	0.03504	0.02389	0.08324	0.02208	0.02634	0.01555	0.01062	0.01083	0.00351	0.01542	0.00924	0.00561	0.01539
24	0.01395	0.00997	0.01342	0.01595	0.01687	0.00943	0.01128	0.01634	0.02153	0.02858	0.05973	0.53374	0.07065	0.03353	0.01410	0.00452	0.00691	0.10035	0.01011	0.00904
25	0.04062	0.09089	0.02729	0.01831	0.02582	0.01832	0.01534	0.04492	0.03005	0.40159	0.12755	0.04252	0.03875	0.01453	0.01081	0.00326	0.00884	0.01188	0.01216	0.01655
26	0.08706	0.15698	0.07726	0.07692	0.03526	0.02938	0.02099	0.17898	0.03263	0.16458	0.02566	0.02621	0.01823	0.01171	0.00971	0.00315	0.01159	0.00876	0.00874	0.01622
27	0.03094	0.08640	0.03441	0.03293	0.14153	0.10115	0.02236	0.03755	0.07303	0.11314	0.02470	0.02856	0.01975	0.01873	0.06070	0.00462	0.13811	0.00953	0.00708	0.01477
28	0.02492	0.02380	0.08952	0.08513	0.03437	0.01713	0.01858	0.03094	0.02343	0.08675	0.02177	0.02487	0.01676	0.00923	0.00897	0.00225	0.00993	0.00748	0.00675	0.45741
29	0.20345	0.07050	0.10918	0.02048	0.02907	0.07114	0.01918	0.08646	0.02740	0.17267	0.02578	0.02628	0.01827	0.01156	0.00915	0.00319	0.01114	0.00835	0.06182	0.01496

[dist]
# distance from previous block
# <min> <max>
0	14

[block]
# block no. 1 follows, 12 sequences, length 62
# corresponding to MSA columns:
# 229-290
name=unknown_B
#
# <colnr> <probs for GDERKNQSTAVLIFYWHMCP>
#	G	D	E	R	K	N	Q	S	T	A	V	L	I	F	Y	W	H	M	C	P
0	0.02088	0.07700	0.01913	0.01514	0.01856	0.01377	0.01145	0.02289	0.02290	0.10814	0.06059	0.28675	0.16434	0.02715	0.01516	0.06720	0.00746	0.02136	0.00955	0.01059
1	0.01599	0.01082	0.01332	0.01295	0.01545	0.01007	0.00962	0.02068	0.02811	0.04079	0.37587	0.11705	0.12043	0.02182	0.01196	0.00336	0.00525	0.01905	0.13733	0.01007
2	0.03201	0.02613	0.08411	0.20636	0.10360	0.02458	0.06610	0.12052	0.02990	0.15896	0.02638	0.02966	0.01850	0.01156	0.01102	0.00345	0.01317	0.01012	0.00800	0.01587
3	0.62262	0.08561	0.02043	0.01480	0.02183	0.02646	0.01254	0.03212	0.01894	0.04643	0.01518	0.01769	0.01204	0.01004	0.00677	0.00326	0.00878	0.00590	0.00652	0.01204
4	0.02441	0.02235	0.03726	0.13932	0.39087	0.02305	0.02907	0.03054	0.02390	0.03424	0.02458	0.07270	0.02189	0.01200	0.01079	0.00333	0.01205	0.01136	0.06102	0.01525
5	0.02620	0.12518	0.03603	0.33845	0.05521	0.02936	0.02532	0.11179	0.08106	0.03612	0.02246	0.02785	0.01711	0.01141	0.01025	0.00336	0.01299	0.00933	0.00648	0.01405
6	0.01589	0.01105	0.01416	0.01339	0.01595	0.01028	0.01004	0.02103	0.03012	0.04344	0.49566	0.07764	0.09588	0.02140	0.01237	0.00335	0.00514	0.01883	0.07412	0.01028
7	0.01328	0.00949	0.01265	0.01518	0.01581	0.00886	0.01012	0.01518	0.02088	0.02783	0.06010	0.60969	0.07212	0.03416	0.01392	0.00443	0.00633	0.03100	0.01012	0.00886
8	0.02187	0.05640	0.56031	0.03108	0.04719	0.02532	0.04029	0.03453	0.02302	0.03453	0.01957	0.02302	0.01381	0.01036	0.01036	0.00345	0.01611	0.00806	0.00460	0.01611
9	0.01321	0.01053	0.01185	0.01265	0.01521	0.00917	0.00906	0.01586	0.02395	0.02998	0.12582	0.27433	0.35113	0.02943	0.01323	0.00392	0.00577	0.02547	0.01026	0.00917
10	0.69383	0.02109	0.01603	0.01434	0.02109	0.02446	0.01181	0.03205	0.01856	0.04892	0.01518	0.01771	0.01181	0.01012	0.00675	0.00337	0.00843	0.00590	0.00675	0.01181
11	0.04648	0.02247	0.02773	0.02126	0.02979	0.02183	0.01756	0.20304	0.03775	0.39719	0.03752	0.03354	0.02423	0.01336	0.01095	0.00334	0.01017	0.01059	0.01265	0.01855
12	0.69383	0.02109	0.01603	0.01434	0.02109	0.02446	0.01181	0.03205	0.01856	0.04892	0.01518	0.01771	0.01181	0.01012	0.00675	0.00337	0.00843	0.00590	0.00675	0.01181
13	0.01921	0.01270	0.01444	0.01366	0.01679	0.01291	0.01034	0.02840	0.10667	0.04281	0.26441	0.05894	0.06238	0.01733	0.01052	0.00312	0.00567	0.01479	0.27357	0.01134
14	0.69383	0.02109	0.01603	0.01434	0.02109	0.02446	0.01181	0.03205	0.01856	0.04892	0.01518	0.01771	0.01181	0.01012	0.00675	0.00337	0.00843	0.00590	0.00675	0.01181
15	0.02234	0.01211	0.01630	0.01632	0.01923	0.01105	0.01210	0.02553	0.02517	0.15533	0.13059	0.35641	0.06553	0.02715	0.01314	0.00407	0.00712	0.05785	0.01120	0.01145
16	0.02143	0.01361	0.01229	0.01198	0.01477	0.05522	0.00898	0.02634	0.02437	0.03986	0.08843	0.04334	0.03486	0.01361	0.00836	0.00266	0.00626	0.01094	0.55230	0.01037
17	0.69383	0.02109	0.01603	0.01434	0.02109	0.02446	0.01181	0.03205	0.01856	0.04892	0.01518	0.01771	0.01181	0.01012	0.00675	0.00337	0.00843	0.00590	0.00675	0.01181
18	0.01334	0.01046	0.01169	0.01256	0.01480	0.00923	0.00874	0.01551	0.02252	0.02801	0.08501	0.27471	0.32809	0.09298	0.01781	0.00468	0.00634	0.02499	0.00975	0.00881
19	0.02292	0.01225	0.01614	0.01572	0.01895	0.01099	0.01155	0.02601	0.02548	0.16885	0.13618	0.33568	0.10297	0.02635	0.01289	0.00393	0.00685	0.02333	0.01130	0.01165
20	0.04457	0.01728	0.02300	0.01799	0.02553	0.01513	0.01475	0.04892	0.02994	0.47782	0.04188	0.03765	0.02714	0.01337	0.01046	0.00325	0.00864	0.01084	0.11458	0.01728
21	0.10977	0.01992	0.02511	0.01945	0.02775	0.01849	0.01606	0.09401	0.03187	0.46239	0.03879	0.03424	0.02475	0.01314	0.01056	0.00336	0.00945	0.01037	0.01261	0.01791
22	0.03038	0.02477	0.04133	0.05957	0.46821	0.02438	0.03077	0.03651	0.02581	0.11617	0.02399	0.02855	0.01877	0.01030	0.01082	0.00326	0.01238	0.00991	0.00665	0.01747
23	0.01328	0.00949	0.01265	0.01518	0.01581	0.00886	0.01012	0.01518	0.02088	0.02783	0.06010	0.60969	0.07212	0.03416	0.01392	0.00443	0.00633	0.03100	0.01012	0.00886
24	0.57675	0.07364	0.02083	0.01601	0.02286	0.07835	0.01326	0.03320	0.02003	0.04488	0.01534	0.01788	0.01220	0.01016	0.00706	0.00323	0.00977	0.00600	0.00647	0.01207
25	0.04892	0.01856	0.02530	0.01940	0.02783	0.01603	0.01603	0.05314	0.03121	0.55634	0.04302	0.03711	0.02699	0.01350	0.01096	0.00337	0.00928	0.01096	0.01350	0.01856
26	0.08465	0.02501	0.07314	0.11600	0.09488	0.02373	0.06330	0.08431	0.02780	0.20923	0.02744	0.02950	0.01920	0.01225	0.01271	0.00353	0.05897	0.00996	0.00851	0.01588
27	0.02726	0.02871	0.13031	0.17204	0.08314	0.02600	0.02686	0.11363	0.02680	0.07680	0.02282	0.03025	0.01811	0.05802	0.01809	0.00419	0.10595	0.00995	0.00667	0.01442
28	0.01516	0.01113	0.01420	0.01343	0.01612	0.01017	0.01007	0.02005	0.03022	0.04220	0.49670	0.08396	0.15018	0.02286	0.01286	0.00346	0.00518	0.02007	0.01180	0.01017
29	0.01820	0.01410	0.01696	0.01595	0.01928	0.01440	0.01202	0.02954	0.15508	0.04299	0.38112	0.11151	0.08308	0.02132	0.01250	0.00357	0.00611	0.01872	0.01163	0.01193
30	0.01328	0.00949	0.01265	0.01518	0.01581	0.00886	0.01012	0.01518	0.02088	0.02783	0.06010	0.60969	0.07212	0.03416	0.01392	0.00443	0.00633	0.03100	0.01012	0.00886
31	0.08824	0.02631	0.02744	0.02280	0.03012	0.02980	0.01831	0.25277	0.27997	0.05590	0.03409	0.03250	0.02513	0.01367	0.01066	0.00349	0.01007	0.01071	0.01066	0.01737
32	0.02915	0.62337	0.05714	0.01866	0.02799	0.04314	0.01866	0.03265	0.02215	0.02565	0.01516	0.01749	0.01399	0.00933	0.00700	0.00233	0.01166	0.00583	0.00466	0.01399
33	0.01758	0.01412	0.01532	0.01491	0.01641	0.05397	0.01026	0.01994	0.02092	0.02787	0.15118	0.06292	0.04955	0.30225	0.16695	0.00998	0.01448	0.01509	0.00761	0.00868
34	0.02308	0.04610	0.42961	0.02736	0.04069	0.02217	0.03353	0.03385	0.02494	0.07903	0.10454	0.03345	0.02903	0.01251	0.01081	0.00344	0.01381	0.01015	0.00651	0.01539
35	0.23894	0.11710	0.11288	0.07232	0.03288	0.02480	0.01976	0.03362	0.02217	0.09320	0.01997	0.02250	0.01508	0.01012	0.00843	0.00295	0.01075	0.00723	0.00659	0.12870
36	0.02856	0.01919	0.02420	0.07173	0.03101	0.01581	0.01530	0.03349	0.02454	0.15647	0.02490	0.02661	0.01853	0.00961	0.00902	0.00222	0.00897	0.00782	0.00795	0.46406
37	0.01443	0.01055	0.01356	0.01398	0.01597	0.00968	0.01004	0.01820	0.02677	0.03676	0.33139	0.27003	0.13416	0.02699	0.01324	0.00381	0.00560	0.02401	0.01116	0.00968
38	0.01328	0.00949	0.01265	0.01518	0.01581	0.00886	0.01012	0.01518	0.02088	0.02783	0.06010	0.60969	0.07212	0.03416	0.01392	0.00443	0.00633	0.03100	0.01012	0.00886
39	0.02318	0.17472	0.13535	0.20240	0.04753	0.02811	0.06574	0.03204	0.06295	0.03054	0.02448	0.08149	0.02143	0.01281	0.01031	0.00337	0.01318	0.01095	0.00582	0.01362
40	0.04073	0.03575	0.02829	0.02420	0.03073	0.28021	0.01879	0.13222	0.03400	0.17210	0.02897	0.07409	0.02304	0.01406	0.01067	0.00318	0.01442	0.01055	0.00903	0.01498
41	0.01328	0.00949	0.01265	0.01518	0.01581	0.00886	0.01012	0.01518	0.02088	0.02783	0.06010	0.60969	0.07212	0.03416	0.01392	0.00443	0.00633	0.03100	0.01012	0.00886
42	0.02330	0.06588	0.07122	0.34337	0.05411	0.02232	0.02518	0.02975	0.02370	0.08630	0.07376	0.07996	0.02863	0.01394	0.01100	0.00354	0.01234	0.01205	0.00683	0.01282
43	0.02691	0.22809	0.09502	0.10881	0.03706	0.03171	0.02258	0.10611	0.06465	0.03537	0.02433	0.07875	0.02168	0.01377	0.01182	0.00329	0.05873	0.01041	0.00666	0.01424
44	0.03295	0.01871	0.02073	0.01701	0.02278	0.01936	0.01369	0.19715	0.03415	0.14761	0.03376	0.03503	0.02455	0.01298	0.00938	0.00295	0.00824	0.01020	0.32416	0.01461
45	0.01573	0.01146	0.01499	0.01498	0.01762	0.01073	0.01181	0.02066	0.02907	0.04006	0.39767	0.09284	0.12774	0.02451	0.01337	0.00382	0.00630	0.12508	0.01140	0.01015
46	0.03098	0.08043	0.08738	0.02338	0.02898	0.02566	0.02118	0.03518	0.02323	0.19425	0.03317	0.03508	0.06881	0.01629	0.02037	0.00386	0.23861	0.01077	0.00800	0.01440
47	0.02074	0.11708	0.02569	0.13188	0.03131	0.01867	0.01670	0.02442	0.02247	0.07145	0.04268	0.30617	0.04619	0.02324	0.01198	0.00387	0.00942	0.05635	0.00841	0.01128
48	0.04073	0.05197	0.03090	0.02809	0.03371	0.57303	0.02107	0.04354	0.03090	0.02669	0.01685	0.01966	0.01404	0.01124	0.00983	0.00281	0.01966	0.00702	0.00562	0.01264
49	0.20673	0.06975	0.02892	0.07729	0.08075	0.06708	0.01913	0.03907	0.02462	0.20322	0.02508	0.02649	0.01799	0.01195	0.01135	0.00337	0.05564	0.00860	0.00821	0.01477
50	0.13117	0.02398	0.07543	0.02183	0.02917	0.02174	0.05593	0.12564	0.06877	0.12958	0.10962	0.09183	0.03737	0.01568	0.01099	0.00352	0.01006	0.01320	0.00979	0.01471
51	0.18447	0.07360	0.08029	0.01855	0.02567	0.07397	0.01656	0.06865	0.02517	0.07912	0.02652	0.07987	0.02261	0.01317	0.00900	0.00307	0.01016	0.00998	0.11383	0.06576
52	0.14567	0.21535	0.03550	0.02395	0.08218	0.02993	0.01814	0.07646	0.10410	0.08138	0.02693	0.06960	0.02285	0.01291	0.00918	0.00315	0.01019	0.00994	0.00777	0.01483
53	0.08489	0.02434	0.06806	0.06931	0.08260	0.02233	0.02069	0.08298	0.12051	0.21280	0.03215	0.03159	0.02255	0.01222	0.01037	0.00330	0.01050	0.00994	0.00966	0.06922
54	0.08439	0.02347	0.07045	0.12162	0.07692	0.02219	0.05817	0.07582	0.08070	0.13240	0.02923	0.03173	0.02120	0.01190	0.01019	0.00334	0.01112	0.01009	0.11017	0.01491
55	0.02958	0.08020	0.07510	0.12363	0.09257	0.02458	0.02254	0.10965	0.07151	0.12183	0.10566	0.03701	0.03228	0.01338	0.01081	0.00333	0.01110	0.01116	0.00876	0.01532
56	0.08562	0.02145	0.02262	0.01873	0.02480	0.06136	0.01496	0.14915	0.03425	0.17709	0.17417	0.04432	0.04410	0.01536	0.01081	0.00326	0.00918	0.01238	0.06176	0.01462
57	0.07858	0.06554	0.02966	0.12400	0.03628	0.02131	0.05680	0.07168	0.02766	0.12178	0.12215	0.03729	0.03369	0.01289	0.01039	0.00310	0.01034	0.01097	0.00851	0.11738
58	0.24547	0.01879	0.02374	0.06615	0.02965	0.01916	0.05264	0.03369	0.02282	0.15934	0.02738	0.03619	0.02193	0.01562	0.01329	0.07622	0.01013	0.05317	0.00816	0.06647
59	0.02421	0.01766	0.02066	0.01862	0.02348	0.01840	0.01429	0.07344	0.19102	0.08323	0.11873	0.15939	0.04820	0.02416	0.05449	0.00463	0.00947	0.01639	0.01044	0.06909
60	0.13709	0.23417	0.03461	0.01869	0.02634	0.02876	0.01629	0.07478	0.07318	0.16046	0.02904	0.07386	0.02368	0.01328	0.00915	0.00311	0.00989	0.01005	0.00861	0.01496
61	0.13376	0.01936	0.02410	0.02027	0.02531	0.02070	0.05347	0.10930	0.11027	0.07849	0.02590	0.03086	0.02060	0.02142	0.02169	0.24450	0.01027	0.00983	0.00786	0.01205

[dist]
# distance from previous block
# <min> <max>
7	150

[block]
# block no. 2 follows, 12 sequences, length 41
# corresponding to MSA columns:
# 475-515
name=unknown_C
#
# <colnr> <probs for GDERKNQSTAVLIFYWHMCP>
#	G	D	E	R	K	N	Q	S	T	A	V	L	I	F	Y	W	H	M	C	P
0	0.16348	0.02829	0.06478	0.06671	0.07881	0.10831	0.02000	0.07351	0.02741	0.11884	0.05843	0.02862	0.02258	0.01170	0.00970	0.00310	0.01176	0.00895	0.00784	0.08719
1	0.19209	0.06838	0.12559	0.02113	0.02974	0.02462	0.02021	0.03884	0.09965	0.12065	0.02521	0.02628	0.01867	0.01187	0.01130	0.00329	0.05868	0.00844	0.00774	0.08763
2	0.08463	0.18027	0.11398	0.02094	0.02928	0.13384	0.01976	0.03502	0.02531	0.08034	0.06199	0.02770	0.02315	0.01148	0.00900	0.00283	0.01218	0.00834	0.05690	0.06306
3	0.31123	0.01842	0.02123	0.01821	0.02437	0.01879	0.05720	0.02993	0.02217	0.09605	0.03537	0.12137	0.06337	0.01639	0.00994	0.00355	0.00900	0.04587	0.00831	0.06924
4	0.02848	0.01574	0.02094	0.06501	0.02632	0.01416	0.01389	0.03178	0.02490	0.19765	0.11175	0.04359	0.03611	0.08177	0.01902	0.08008	0.00897	0.01163	0.00925	0.15897
5	0.02264	0.07396	0.02874	0.06538	0.08752	0.02010	0.01765	0.02719	0.02207	0.03246	0.02312	0.08700	0.02189	0.01235	0.01148	0.00259	0.05935	0.00993	0.00631	0.36827
6	0.08407	0.11544	0.09119	0.06254	0.07316	0.02416	0.02108	0.07967	0.02852	0.21756	0.07185	0.03261	0.02654	0.01250	0.01012	0.00323	0.01087	0.00995	0.00909	0.01585
7	0.01528	0.01107	0.01473	0.01628	0.01825	0.01053	0.01267	0.01910	0.02499	0.03335	0.17538	0.27759	0.11005	0.02949	0.01400	0.00435	0.00731	0.18541	0.01053	0.00963
8	0.02531	0.28782	0.13297	0.01989	0.03056	0.02885	0.02026	0.03096	0.02249	0.03107	0.01758	0.02046	0.01480	0.00902	0.00801	0.00225	0.01106	0.00647	0.00535	0.27480
9	0.02971	0.21527	0.08315	0.02611	0.08505	0.02897	0.02127	0.07103	0.02616	0.11586	0.06241	0.06810	0.02711	0.01412	0.01275	0.00326	0.07670	0.01068	0.00753	0.01476
10	0.03255	0.13030	0.13184	0.02755	0.07489	0.08904	0.02379	0.10105	0.02786	0.11822	0.02274	0.02555	0.01731	0.01388	0.01458	0.05230	0.06584	0.00865	0.00709	0.01499
11	0.02886	0.24386	0.28373	0.02517	0.03748	0.03157	0.02864	0.08912	0.02659	0.07976	0.02080	0.02269	0.01553	0.01058	0.00932	0.00304	0.01355	0.00774	0.00609	0.01587
12	0.02471	0.02393	0.03168	0.15585	0.04215	0.07059	0.09684	0.04023	0.21143	0.03793	0.11197	0.04091	0.03575	0.01390	0.01150	0.00356	0.01191	0.01253	0.00845	0.01417
13	0.01583	0.01069	0.01250	0.01250	0.01272	0.01090	0.00737	0.01625	0.01604	0.02159	0.03380	0.06825	0.03830	0.55868	0.11178	0.01133	0.01260	0.01540	0.00652	0.00695
14	0.02882	0.39305	0.08832	0.01920	0.02909	0.03311	0.01896	0.03342	0.02310	0.07398	0.01883	0.02074	0.01556	0.00950	0.00785	0.00236	0.01104	0.00659	0.00581	0.16069
15	0.01464	0.01077	0.01329	0.01328	0.01543	0.00987	0.00948	0.01820	0.02633	0.03579	0.32208	0.17753	0.17088	0.09209	0.01784	0.00445	0.00603	0.02187	0.01072	0.00943
16	0.01396	0.01109	0.01253	0.01217	0.01538	0.00966	0.00913	0.01772	0.02738	0.03545	0.29226	0.09506	0.35882	0.02538	0.01288	0.00358	0.00536	0.02163	0.01091	0.00966
17	0.01330	0.01069	0.01145	0.01194	0.01462	0.00929	0.00845	0.01558	0.02307	0.02821	0.09213	0.19921	0.39597	0.09503	0.01787	0.00460	0.00625	0.02376	0.00973	0.00885
18	0.69383	0.02109	0.01603	0.01434	0.02109	0.02446	0.01181	0.03205	0.01856	0.04892	0.01518	0.01771	0.01181	0.01012	0.00675	0.00337	0.00843	0.00590	0.00675	0.01181
19	0.03870	0.03133	0.02989	0.02440	0.03199	0.11917	0.01956	0.28900	0.15649	0.10052	0.03037	0.02945	0.02197	0.01322	0.01078	0.00330	0.01223	0.01004	0.01032	0.01728
20	0.02694	0.45107	0.21005	0.02243	0.03382	0.03773	0.02523	0.03322	0.02242	0.02835	0.01650	0.01917	0.01394	0.00964	0.00802	0.00267	0.01301	0.00651	0.00465	0.01464
21	0.01653	0.01190	0.01448	0.01402	0.01676	0.01147	0.01043	0.02333	0.07108	0.04070	0.35860	0.13459	0.11839	0.02234	0.01226	0.00349	0.00560	0.01956	0.08385	0.01063
22	0.01459	0.01042	0.01415	0.01667	0.01787	0.00998	0.01239	0.01743	0.02216	0.02929	0.05938	0.46179	0.06927	0.03293	0.01426	0.00461	0.00745	0.16605	0.01010	0.00922
23	0.01558	0.01168	0.01752	0.01752	0.01947	0.01363	0.01363	0.01947	0.01752	0.02531	0.02921	0.04283	0.02726	0.08178	0.57360	0.01752	0.02921	0.01168	0.00584	0.00974
24	0.02187	0.05640	0.56031	0.03108	0.04719	0.02532	0.04029	0.03453	0.02302	0.03453	0.01957	0.02302	0.01381	0.01036	0.01036	0.00345	0.01611	0.00806	0.00460	0.01611
25	0.02410	0.02483	0.08503	0.11370	0.07264	0.06899	0.02120	0.07911	0.02593	0.03434	0.06644	0.07695	0.03002	0.01881	0.01613	0.11024	0.01183	0.04323	0.00698	0.06950
26	0.02581	0.02239	0.07333	0.06721	0.03301	0.02014	0.06064	0.06586	0.02655	0.10782	0.12028	0.03879	0.03431	0.02017	0.06447	0.00458	0.07593	0.01151	0.00816	0.11904
27	0.02287	0.02208	0.03091	0.02728	0.02768	0.03012	0.02287	0.02567	0.01802	0.02725	0.02114	0.03945	0.02193	0.02082	0.03252	0.00481	0.50456	0.08281	0.00560	0.01163
28	0.03531	0.01554	0.02094	0.01709	0.02314	0.01369	0.01369	0.03990	0.03107	0.34800	0.24624	0.05513	0.05783	0.01707	0.01174	0.00340	0.00760	0.01452	0.01289	0.01520
29	0.02630	0.12521	0.11149	0.07357	0.08013	0.02624	0.09284	0.03763	0.12208	0.07852	0.03063	0.09433	0.02603	0.01381	0.01084	0.00345	0.01219	0.01230	0.00747	0.01496
30	0.02181	0.01450	0.02049	0.01917	0.02293	0.01390	0.05336	0.02823	0.08065	0.11487	0.05686	0.32502	0.09796	0.02575	0.01304	0.00409	0.00825	0.05679	0.01038	0.01194
31	0.01442	0.01037	0.01367	0.01441	0.01607	0.00962	0.01021	0.01804	0.02617	0.03625	0.31603	0.32975	0.08842	0.02787	0.01336	0.00390	0.00570	0.02502	0.01112	0.00962
32	0.03241	0.01907	0.02361	0.01736	0.02658	0.01509	0.01408	0.03703	0.02581	0.22962	0.02819	0.02801	0.02019	0.01009	0.00915	0.00227	0.00852	0.00814	0.00908	0.43567
33	0.11696	0.02030	0.02803	0.02829	0.13072	0.01894	0.01902	0.04686	0.02852	0.39578	0.03541	0.03292	0.02335	0.01236	0.01046	0.00335	0.00991	0.01015	0.01113	0.01754
34	0.01621	0.01099	0.01387	0.01315	0.01572	0.01027	0.00986	0.02134	0.02959	0.04324	0.46243	0.07497	0.09098	0.02077	0.01203	0.00329	0.00513	0.01820	0.11769	0.01027
35	0.01383	0.01069	0.01228	0.01263	0.01507	0.00950	0.00899	0.01671	0.02457	0.03165	0.19273	0.20543	0.29477	0.08100	0.01695	0.00441	0.00606	0.02333	0.01024	0.00915
36	0.08173	0.07685	0.03574	0.03938	0.24124	0.08347	0.02364	0.04085	0.02692	0.20561	0.02668	0.02807	0.01946	0.01112	0.01014	0.00317	0.01206	0.00924	0.00811	0.01653
37	0.02286	0.02275	0.03942	0.31955	0.11337	0.02697	0.10968	0.02930	0.02168	0.02954	0.01885	0.02776	0.01512	0.01227	0.01665	0.00385	0.14211	0.01019	0.00500	0.01307
38	0.02059	0.01938	0.03270	0.59060	0.07510	0.02422	0.03028	0.02786	0.02180	0.02786	0.01938	0.02907	0.01453	0.01090	0.01090	0.00363	0.01453	0.00969	0.00484	0.01211
39	0.01353	0.00967	0.01287	0.01502	0.01587	0.00902	0.01014	0.01579	0.02200	0.02962	0.11431	0.55039	0.07557	0.03283	0.01380	0.00432	0.00619	0.02973	0.01033	0.00902
40	0.03666	0.01942	0.02723	0.10608	0.08092	0.01916	0.01979	0.09210	0.03013	0.29575	0.03832	0.08777	0.02993	0.01574	0.01150	0.00360	0.01048	0.04867	0.01069	0.01604

[dist]
# distance from previous block
# <min> <max>
0	2

[block]
# block no. 3 follows, 12 sequences, length 10
# corresponding to MSA columns:
# 518-527
name=unknown_D
#
# <colnr> <probs for GDERKNQSTAVLIFYWHMCP>
#	G	D	E	R	K	N	Q	S	T	A	V	L	I	F	Y	W	H	M	C	P
0	0.02602	0.01977	0.02433	0.08318	0.03203	0.01734	0.01580	0.03421	0.08475	0.09718	0.02518	0.02724	0.01931	0.00985	0.00910	0.00231	0.00902	0.00807	0.00766	0.44762
1	0.31797	0.10058	0.02787	0.02091	0.02729	0.19512	0.01699	0.07434	0.02526	0.03948	0.01652	0.01941	0.01347	0.01125	0.01011	0.00317	0.05422	0.00681	0.00636	0.01287
2	0.62178	0.02080	0.01706	0.01490	0.02184	0.02352	0.01228	0.03441	0.01997	0.10561	0.01829	0.01988	0.01350	0.01050	0.00722	0.00337	0.00853	0.00647	0.00750	0.01256
3	0.02553	0.01737	0.02300	0.18585	0.03738	0.01876	0.01802	0.06690	0.08657	0.11573	0.09957	0.04813	0.09482	0.01547	0.01097	0.00342	0.00947	0.01302	0.09672	0.01332
4	0.11378	0.01502	0.01725	0.01456	0.02009	0.01436	0.01167	0.03789	0.02586	0.25894	0.03624	0.03639	0.02559	0.01272	0.00892	0.00299	0.00725	0.00999	0.31658	0.01390
5	0.01747	0.01368	0.02072	0.13205	0.09128	0.01427	0.01653	0.02048	0.02171	0.02936	0.10403	0.25306	0.04994	0.06757	0.01911	0.08229	0.00922	0.01927	0.00791	0.01005
6	0.01337	0.00993	0.01248	0.01424	0.01564	0.00904	0.00977	0.01569	0.02244	0.02939	0.10770	0.46806	0.16857	0.03193	0.01363	0.00420	0.00607	0.02853	0.01027	0.00904
7	0.01961	0.01407	0.01839	0.01664	0.01979	0.01470	0.04361	0.02748	0.08417	0.03931	0.17321	0.11334	0.05197	0.01811	0.01232	0.00335	0.04522	0.01544	0.25797	0.01130
8	0.28845	0.02337	0.01795	0.01661	0.02151	0.12215	0.01283	0.05868	0.02410	0.04141	0.02642	0.09388	0.02368	0.01397	0.00863	0.00318	0.00967	0.01034	0.17157	0.01161
9	0.04892	0.01856	0.02530	0.01940	0.02783	0.01603	0.01603	0.05314	0.03121	0.55634	0.04302	0.03711	0.02699	0.01350	0.01096	0.00337	0.00928	0.01096	0.01350	0.01856

[dist]
# distance from previous block
# <min> <max>
0	4

[block]
# block no. 4 follows, 12 sequences, length 11
# corresponding to MSA columns:
# 532-542
name=unknown_E
#
# <colnr> <probs for GDERKNQSTAVLIFYWHMCP>
#	G	D	E	R	K	N	Q	S	T	A	V	L	I	F	Y	W	H	M	C	P
0	0.10235	0.12647	0.08727	0.03509	0.19576	0.02551	0.02395	0.03944	0.02555	0.19802	0.02601	0.02722	0.01886	0.01094	0.00975	0.00316	0.01143	0.00890	0.00787	0.01645
1	0.01919	0.01227	0.01624	0.01668	0.01974	0.01149	0.01352	0.02354	0.02679	0.08862	0.19391	0.15531	0.12765	0.02645	0.01366	0.00420	0.00769	0.20137	0.01095	0.01075
2	0.01483	0.01014	0.01219	0.01320	0.01345	0.00989	0.00800	0.01559	0.01785	0.02380	0.04458	0.28521	0.05254	0.38534	0.03898	0.00813	0.00888	0.02187	0.00800	0.00750
3	0.02628	0.40620	0.19060	0.08250	0.03816	0.03632	0.02573	0.03265	0.02235	0.02829	0.01680	0.02021	0.01400	0.00977	0.00832	0.00277	0.01317	0.00684	0.00467	0.01437
4	0.07242	0.14759	0.03602	0.02320	0.03048	0.02766	0.06501	0.04360	0.12795	0.19729	0.03036	0.03027	0.02214	0.01296	0.01312	0.00342	0.08190	0.00989	0.00894	0.01577
5	0.01487	0.01015	0.01218	0.01316	0.01340	0.00991	0.00796	0.01560	0.01779	0.02372	0.04427	0.27878	0.05215	0.39231	0.03948	0.00820	0.00894	0.02169	0.00796	0.00747
6	0.02207	0.01462	0.01997	0.10189	0.02795	0.01522	0.01523	0.02586	0.02464	0.12506	0.12293	0.18269	0.15208	0.02245	0.01483	0.00386	0.06853	0.01881	0.00965	0.01167
7	0.10929	0.02649	0.11839	0.09352	0.03889	0.02171	0.07683	0.04028	0.07731	0.18868	0.03200	0.03842	0.02405	0.01335	0.01094	0.00363	0.01198	0.05024	0.00872	0.01527
8	0.04012	0.03718	0.13905	0.02493	0.03421	0.17577	0.02304	0.10064	0.03178	0.24232	0.02884	0.02802	0.01964	0.01216	0.01052	0.00322	0.01392	0.00912	0.00914	0.01639
9	0.01807	0.01153	0.01343	0.01385	0.01590	0.01161	0.01021	0.02346	0.05581	0.03470	0.10187	0.12839	0.04992	0.14116	0.02002	0.00495	0.00735	0.08830	0.23971	0.00976
10	0.02937	0.08825	0.03336	0.22326	0.09007	0.08743	0.02360	0.04048	0.13624	0.09978	0.02729	0.03020	0.02039	0.01186	0.01041	0.00335	0.01269	0.00973	0.00745	0.01478

[dist]
# distance from previous block
# <min> <max>
3	4

[block]
# block no. 5 follows, 12 sequences, length 8
# corresponding to MSA columns:
# 548-555
name=unknown_F
#
# <colnr> <probs for GDERKNQSTAVLIFYWHMCP>
#	G	D	E	R	K	N	Q	S	T	A	V	L	I	F	Y	W	H	M	C	P
0	0.01471	0.01034	0.01345	0.01541	0.01627	0.00997	0.01080	0.01680	0.02058	0.02727	0.05382	0.39186	0.06293	0.16480	0.02352	0.00593	0.00802	0.11559	0.00931	0.00858
1	0.02796	0.15699	0.03750	0.33340	0.05457	0.02892	0.02504	0.09358	0.02658	0.08406	0.02160	0.02687	0.01614	0.01108	0.01003	0.00327	0.01305	0.00896	0.00642	0.01399
2	0.01860	0.01298	0.01752	0.01602	0.01867	0.01336	0.01241	0.02326	0.02796	0.07535	0.39750	0.06827	0.08023	0.02813	0.07880	0.00516	0.06692	0.01719	0.01069	0.01096
3	0.10984	0.10119	0.09829	0.16925	0.04077	0.02675	0.02299	0.03406	0.10723	0.03554	0.07305	0.03193	0.02575	0.01303	0.01227	0.00351	0.06436	0.00991	0.00678	0.01350
4	0.02270	0.03139	0.19381	0.06426	0.10117	0.02334	0.02656	0.07604	0.02631	0.03698	0.09769	0.04234	0.09478	0.01557	0.01478	0.00363	0.09543	0.01217	0.00702	0.01403
5	0.02621	0.02501	0.09331	0.11245	0.03659	0.02231	0.02086	0.06864	0.19509	0.09047	0.04208	0.04184	0.08950	0.01439	0.01090	0.00341	0.01036	0.01189	0.00894	0.07575
6	0.02699	0.09186	0.15057	0.08754	0.10466	0.05465	0.02749	0.09329	0.02569	0.03549	0.01884	0.02398	0.01523	0.01230	0.01539	0.00343	0.13679	0.00859	0.00576	0.06145
7	0.01675	0.08852	0.01919	0.01406	0.01717	0.01423	0.01080	0.02067	0.02684	0.03643	0.34033	0.12618	0.12654	0.07612	0.01608	0.00406	0.00661	0.01903	0.01022	0.01018

[dist]
# distance from previous block
# <min> <max>
0	22

[block]
# block no. 6 follows, 12 sequences, length 20
# corresponding to MSA columns:
# 578-597
name=unknown_G
#
# <colnr> <probs for GDERKNQSTAVLIFYWHMCP>
#	G	D	E	R	K	N	Q	S	T	A	V	L	I	F	Y	W	H	M	C	P
0	0.07870	0.07360	0.02452	0.01794	0.02422	0.02113	0.01461	0.15350	0.03226	0.15079	0.08660	0.10818	0.13273	0.01834	0.01111	0.00343	0.00878	0.01494	0.01043	0.01420
1	0.07524	0.01895	0.02502	0.02861	0.13221	0.01938	0.01835	0.08819	0.07285	0.11091	0.04069	0.21007	0.03962	0.01996	0.01182	0.00380	0.00942	0.05125	0.00954	0.01414
2	0.20543	0.08734	0.02834	0.10261	0.09264	0.07468	0.01885	0.08285	0.02591	0.03884	0.03393	0.03627	0.10445	0.01350	0.00960	0.00327	0.01107	0.01030	0.00703	0.01310
3	0.08999	0.02076	0.08232	0.08900	0.03250	0.01718	0.05465	0.03066	0.02531	0.14336	0.11211	0.12798	0.09358	0.01788	0.01151	0.00363	0.00987	0.01552	0.00916	0.01303
4	0.02892	0.08195	0.07340	0.16982	0.19955	0.02377	0.02631	0.03492	0.02477	0.14228	0.02739	0.07226	0.02224	0.01264	0.01069	0.00338	0.01215	0.01108	0.00721	0.01528
5	0.02711	0.26281	0.04233	0.06588	0.07160	0.03056	0.07083	0.09640	0.02667	0.03521	0.02506	0.08896	0.02294	0.01304	0.00955	0.00302	0.01149	0.01089	0.07180	0.01387
6	0.02447	0.17687	0.13392	0.02016	0.02627	0.08305	0.01909	0.02603	0.01976	0.02453	0.01789	0.02576	0.01616	0.02241	0.02377	0.30447	0.01244	0.00801	0.00479	0.01015
7	0.01769	0.01479	0.02158	0.02036	0.02181	0.01868	0.01624	0.02120	0.01731	0.02555	0.02540	0.03798	0.02395	0.06575	0.43608	0.01426	0.17435	0.01113	0.00557	0.01030
8	0.02416	0.28830	0.28580	0.02385	0.03553	0.03102	0.02772	0.03211	0.02358	0.03189	0.07910	0.02756	0.02433	0.01133	0.00925	0.00298	0.01296	0.00849	0.00550	0.01454
9	0.54163	0.15900	0.02544	0.01533	0.02267	0.02874	0.01338	0.03219	0.01938	0.04359	0.01518	0.01766	0.01231	0.00994	0.00680	0.00314	0.00917	0.00589	0.00627	0.01231
10	0.69383	0.02109	0.01603	0.01434	0.02109	0.02446	0.01181	0.03205	0.01856	0.04892	0.01518	0.01771	0.01181	0.01012	0.00675	0.00337	0.00843	0.00590	0.00675	0.01181
11	0.02043	0.01833	0.09182	0.01781	0.02197	0.01447	0.01543	0.02455	0.02022	0.08878	0.06153	0.04973	0.03335	0.21059	0.25078	0.01112	0.01839	0.01275	0.00715	0.01081
12	0.01966	0.01414	0.02032	0.08895	0.09713	0.01399	0.01577	0.02406	0.02500	0.07157	0.15562	0.20509	0.10318	0.02142	0.01202	0.00364	0.00797	0.01902	0.06991	0.01156
13	0.02678	0.01689	0.02183	0.08207	0.02932	0.01754	0.01668	0.07990	0.09706	0.14481	0.04624	0.21965	0.04443	0.02198	0.01246	0.00399	0.00926	0.08515	0.01044	0.01351
14	0.01514	0.01055	0.01333	0.01487	0.01669	0.00994	0.01108	0.01849	0.02354	0.03223	0.11632	0.32527	0.12841	0.02871	0.01316	0.00412	0.00668	0.11349	0.08855	0.00944
15	0.03276	0.08864	0.07691	0.09926	0.03488	0.02219	0.02002	0.04269	0.11232	0.23102	0.09342	0.03836	0.03260	0.01364	0.01071	0.00336	0.01029	0.01122	0.00994	0.01575
16	0.01511	0.01087	0.01264	0.01240	0.01523	0.00981	0.00922	0.01923	0.02709	0.03744	0.29506	0.11628	0.24173	0.02351	0.01221	0.00345	0.00534	0.02022	0.10335	0.00981
17	0.02442	0.18586	0.09197	0.10498	0.09260	0.02807	0.02319	0.03568	0.12874	0.03412	0.06488	0.04041	0.02954	0.01379	0.01037	0.00336	0.01142	0.05511	0.00715	0.01435
18	0.02257	0.02126	0.03078	0.16604	0.03886	0.02755	0.02335	0.02589	0.01836	0.02702	0.01640	0.02570	0.01488	0.01734	0.02739	0.05330	0.35223	0.00927	0.00495	0.07686
19	0.02762	0.07616	0.06085	0.10417	0.09091	0.02278	0.02086	0.03923	0.14832	0.12848	0.06639	0.10300	0.03372	0.01544	0.01104	0.00351	0.01027	0.01323	0.00900	0.01500

[dist]
# distance from previous block
# <min> <max>
0	36

# created by:
# /st0/software/busco_prod/Augustus/scripts/msa2prfl.pl ./align_prep/8843.fa
