[name]
unknown

[dist]
# distance from previous block
# <min> <max>
0	4

[block]
# block no. 0 follows, 10 sequences, length 16
# corresponding to MSA columns:
# 4-19
name=unknown_A
#
# <colnr> <probs for GDERKNQSTAVLIFYWHMCP>
#	G	D	E	R	K	N	Q	S	T	A	V	L	I	F	Y	W	H	M	C	P
0	0.12126	0.02581	0.02772	0.02188	0.03054	0.02644	0.01804	0.24211	0.03822	0.05624	0.02756	0.03586	0.02275	0.01377	0.01059	0.00317	0.01085	0.05166	0.00955	0.20597
1	0.02020	0.01010	0.01515	0.01515	0.01515	0.01010	0.01010	0.01515	0.01515	0.02020	0.02020	0.03535	0.02020	0.04040	0.04545	0.66162	0.01010	0.01010	0.00505	0.00505
2	0.04117	0.01719	0.02328	0.01909	0.02593	0.01505	0.01524	0.04549	0.03173	0.38065	0.12476	0.12124	0.04858	0.01892	0.01245	0.00376	0.00875	0.01613	0.01365	0.01694
3	0.04506	0.03250	0.03303	0.03097	0.09588	0.14795	0.02205	0.15990	0.03781	0.22989	0.03160	0.03081	0.02188	0.01319	0.01137	0.00341	0.01376	0.01022	0.01059	0.01812
4	0.01990	0.01263	0.01533	0.01462	0.01833	0.01111	0.01096	0.02372	0.02878	0.10327	0.22508	0.17134	0.24768	0.02674	0.01364	0.00393	0.00645	0.02308	0.01193	0.01148
5	0.03498	0.01593	0.02095	0.01765	0.02369	0.01394	0.01394	0.03924	0.03118	0.29982	0.16414	0.11488	0.11803	0.02080	0.01275	0.00377	0.00803	0.01772	0.01318	0.01538
6	0.03174	0.02545	0.04231	0.12654	0.38208	0.02568	0.03221	0.03836	0.02718	0.11694	0.02565	0.03084	0.01974	0.01119	0.01156	0.00353	0.01339	0.01058	0.00710	0.01794
7	0.03429	0.10007	0.04245	0.04069	0.18995	0.02921	0.06978	0.07832	0.12307	0.12788	0.03107	0.03248	0.02322	0.01232	0.01132	0.00350	0.01253	0.01096	0.00885	0.01804
8	0.03533	0.18197	0.14768	0.11204	0.04251	0.02836	0.02600	0.04213	0.02718	0.20582	0.02841	0.02935	0.01986	0.01203	0.01042	0.00337	0.01308	0.00934	0.00831	0.01681
9	0.03884	0.02762	0.10928	0.02220	0.03295	0.01970	0.02076	0.07770	0.03086	0.27264	0.03323	0.03183	0.02251	0.01216	0.01071	0.00307	0.01094	0.00972	0.01049	0.20277
10	0.02928	0.11980	0.09839	0.02250	0.03248	0.02274	0.05568	0.03558	0.02719	0.12294	0.09309	0.03531	0.03147	0.01237	0.01040	0.00287	0.01101	0.01036	0.00838	0.21815
11	0.02650	0.02653	0.09578	0.02776	0.09861	0.01974	0.02128	0.03552	0.07264	0.07563	0.02894	0.07263	0.02454	0.01257	0.01041	0.00284	0.01051	0.01069	0.00785	0.31904
12	0.04078	0.02692	0.02854	0.09242	0.03684	0.10709	0.01993	0.09111	0.08021	0.24997	0.04193	0.04019	0.06175	0.01489	0.01165	0.00359	0.01235	0.01184	0.01102	0.01697
13	0.03977	0.02429	0.06899	0.02354	0.03381	0.01865	0.06431	0.04567	0.02951	0.30560	0.03479	0.03336	0.02341	0.01209	0.01100	0.00312	0.01108	0.01034	0.01075	0.19591
14	0.02961	0.01960	0.02353	0.01858	0.02590	0.01782	0.01482	0.11062	0.03404	0.12718	0.19562	0.04895	0.05146	0.01573	0.01141	0.00301	0.00848	0.01318	0.01099	0.21947
15	0.09362	0.10074	0.09980	0.02398	0.03232	0.02564	0.05649	0.04197	0.13854	0.11351	0.03724	0.12211	0.03208	0.01658	0.01133	0.00376	0.01122	0.01404	0.00929	0.01574

[dist]
# distance from previous block
# <min> <max>
4	20

[block]
# block no. 1 follows, 10 sequences, length 21
# corresponding to MSA columns:
# 41-61
name=unknown_B
#
# <colnr> <probs for GDERKNQSTAVLIFYWHMCP>
#	G	D	E	R	K	N	Q	S	T	A	V	L	I	F	Y	W	H	M	C	P
0	0.03304	0.03593	0.13031	0.02985	0.04097	0.07855	0.11175	0.12611	0.03263	0.08632	0.02463	0.02739	0.01813	0.01121	0.01112	0.00316	0.01455	0.00973	0.00783	0.16677
1	0.09636	0.07988	0.04064	0.08434	0.04208	0.08083	0.10997	0.12000	0.09478	0.04346	0.02455	0.02840	0.01902	0.01297	0.01387	0.00372	0.07148	0.01035	0.00765	0.01563
2	0.02466	0.02813	0.11890	0.02819	0.07775	0.02347	0.02329	0.07562	0.07659	0.04168	0.11760	0.09457	0.04159	0.01764	0.01556	0.00376	0.08721	0.01417	0.00861	0.08099
3	0.02752	0.07563	0.03569	0.26014	0.10098	0.07877	0.02661	0.04163	0.16146	0.03569	0.02784	0.03233	0.02147	0.01259	0.01121	0.00365	0.01378	0.01052	0.00721	0.01528
4	0.02099	0.01807	0.02396	0.02882	0.13635	0.01802	0.01758	0.03140	0.11972	0.04072	0.19653	0.07196	0.18810	0.02070	0.01285	0.00374	0.00826	0.01801	0.01041	0.01383
5	0.04145	0.01870	0.02402	0.01919	0.02639	0.01725	0.01556	0.09052	0.03457	0.34002	0.13495	0.04804	0.04386	0.01611	0.01175	0.00351	0.00890	0.01332	0.07466	0.01721
6	0.01609	0.01187	0.01503	0.01424	0.01715	0.01082	0.01068	0.02123	0.03204	0.04456	0.45855	0.09031	0.16506	0.02455	0.01372	0.00369	0.00554	0.02151	0.01253	0.01082
7	0.01522	0.01152	0.01404	0.01408	0.01679	0.01034	0.01031	0.01931	0.02902	0.03894	0.31118	0.18771	0.22346	0.02784	0.01394	0.00394	0.00584	0.02434	0.01183	0.01034
8	0.03109	0.59826	0.06095	0.01990	0.02985	0.04602	0.01990	0.03483	0.02363	0.02736	0.01617	0.01866	0.01493	0.00995	0.00746	0.00249	0.01244	0.00622	0.00498	0.01493
9	0.04791	0.02075	0.02686	0.02124	0.02979	0.01927	0.01734	0.05762	0.11860	0.43894	0.04615	0.04029	0.03002	0.01465	0.01172	0.00366	0.00977	0.01196	0.01392	0.01954
10	0.04345	0.05543	0.03296	0.02996	0.03596	0.54457	0.02247	0.04644	0.03296	0.02846	0.01798	0.02097	0.01498	0.01199	0.01049	0.00300	0.02097	0.00749	0.00599	0.01348
11	0.05218	0.01979	0.02699	0.02069	0.02969	0.01709	0.01709	0.05668	0.03329	0.52677	0.04588	0.03959	0.02879	0.01439	0.01170	0.00360	0.00990	0.01170	0.01439	0.01979
12	0.01410	0.01145	0.01251	0.01297	0.01611	0.00986	0.00945	0.01712	0.02628	0.03259	0.14629	0.20600	0.38410	0.03032	0.01397	0.00406	0.00603	0.02594	0.01100	0.00986
13	0.01470	0.01173	0.01263	0.01245	0.01561	0.01024	0.00900	0.01773	0.02642	0.03312	0.18224	0.10223	0.37209	0.10525	0.01996	0.00488	0.00655	0.02283	0.01067	0.00966
14	0.03664	0.03265	0.03603	0.04081	0.19262	0.12997	0.02539	0.12215	0.12977	0.09195	0.02970	0.03114	0.02249	0.01281	0.01142	0.00348	0.01372	0.01052	0.00891	0.01782
15	0.54117	0.02431	0.02764	0.02220	0.03033	0.02677	0.10756	0.03482	0.02136	0.04913	0.01770	0.02145	0.01363	0.01059	0.00853	0.00366	0.01117	0.00782	0.00693	0.01323
16	0.02471	0.01918	0.02994	0.02498	0.02944	0.02010	0.09891	0.02889	0.02456	0.09888	0.05194	0.10934	0.12861	0.07703	0.02317	0.00504	0.12546	0.05834	0.00886	0.01263
17	0.21259	0.02374	0.02644	0.22643	0.04556	0.07389	0.02177	0.03065	0.02309	0.03619	0.03189	0.03707	0.08280	0.01470	0.01309	0.00384	0.06639	0.01082	0.00660	0.01244
18	0.10475	0.01246	0.01416	0.01570	0.01811	0.01218	0.01143	0.01952	0.02321	0.03361	0.06797	0.36866	0.15398	0.03112	0.01370	0.00447	0.00727	0.06732	0.01030	0.01007
19	0.02701	0.14355	0.17446	0.02417	0.03333	0.02769	0.02431	0.13313	0.03069	0.04137	0.03416	0.18673	0.03402	0.01889	0.01159	0.00371	0.01221	0.01568	0.00819	0.01510
20	0.15963	0.03109	0.02596	0.07432	0.03275	0.17194	0.01828	0.12217	0.03064	0.04150	0.02639	0.07884	0.02458	0.09349	0.01722	0.00458	0.01390	0.01161	0.00783	0.01328

[dist]
# distance from previous block
# <min> <max>
2	15

[block]
# block no. 2 follows, 10 sequences, length 25
# corresponding to MSA columns:
# 77-101
name=unknown_C
#
# <colnr> <probs for GDERKNQSTAVLIFYWHMCP>
#	G	D	E	R	K	N	Q	S	T	A	V	L	I	F	Y	W	H	M	C	P
0	0.03117	0.33309	0.04840	0.02930	0.10371	0.07723	0.02211	0.04234	0.13900	0.03417	0.02467	0.02631	0.02041	0.01157	0.00935	0.00302	0.01252	0.00861	0.00682	0.01618
1	0.02749	0.03641	0.15604	0.12934	0.16746	0.07066	0.08408	0.04017	0.10045	0.03717	0.02533	0.03011	0.01940	0.01165	0.01165	0.00367	0.01542	0.01054	0.00646	0.01650
2	0.02524	0.01329	0.01692	0.01595	0.01959	0.01200	0.01174	0.02863	0.02701	0.16366	0.13180	0.22621	0.11378	0.07459	0.01711	0.00460	0.00758	0.02162	0.05635	0.01234
3	0.01752	0.01168	0.01459	0.01386	0.01660	0.01095	0.01040	0.02299	0.03119	0.04597	0.41623	0.07804	0.09352	0.02170	0.01258	0.00347	0.00547	0.01896	0.14332	0.01095
4	0.02893	0.02498	0.02630	0.02367	0.03024	0.02893	0.01841	0.06180	0.49770	0.04865	0.04734	0.04339	0.03550	0.01578	0.01183	0.00394	0.00920	0.01315	0.01183	0.01841
5	0.01940	0.01649	0.01732	0.01663	0.02120	0.01684	0.01257	0.03330	0.20011	0.03761	0.08623	0.13539	0.29207	0.02513	0.01315	0.00402	0.00720	0.02122	0.01118	0.01295
6	0.03357	0.02442	0.03169	0.02328	0.03332	0.02199	0.06409	0.13953	0.03304	0.12317	0.02663	0.02819	0.01969	0.01090	0.01033	0.00266	0.01093	0.00919	0.00908	0.34432
7	0.02846	0.10974	0.40682	0.02991	0.04512	0.02749	0.03671	0.03960	0.02577	0.10932	0.02414	0.02620	0.01686	0.01144	0.01078	0.00355	0.01560	0.00881	0.00634	0.01735
8	0.01646	0.01189	0.01555	0.01463	0.01738	0.01097	0.01097	0.02195	0.03292	0.04664	0.51257	0.08688	0.10974	0.02378	0.01372	0.00366	0.00549	0.02103	0.01280	0.01097
9	0.01626	0.01347	0.02219	0.02137	0.02379	0.01259	0.08422	0.01951	0.02308	0.03088	0.05771	0.49659	0.06758	0.03224	0.01467	0.00460	0.00878	0.03001	0.01002	0.01043
10	0.03235	0.09197	0.16093	0.11210	0.11882	0.02673	0.08180	0.04038	0.02705	0.15599	0.02699	0.03000	0.01922	0.01160	0.01130	0.00356	0.01443	0.01022	0.00753	0.01700
11	0.02333	0.06016	0.53100	0.03315	0.05034	0.02701	0.04297	0.03683	0.02455	0.03683	0.02087	0.02455	0.01473	0.01105	0.01105	0.00368	0.01719	0.00859	0.00491	0.01719
12	0.01508	0.01183	0.01364	0.01319	0.01653	0.01039	0.00989	0.01928	0.02967	0.03893	0.31253	0.09957	0.31460	0.02665	0.01373	0.00379	0.00569	0.02281	0.01179	0.01039
13	0.02378	0.02252	0.03816	0.43255	0.19669	0.02632	0.03320	0.03130	0.02411	0.03192	0.02099	0.03042	0.01628	0.01129	0.01160	0.00376	0.01506	0.01034	0.00532	0.01438
14	0.03109	0.59826	0.06095	0.01990	0.02985	0.04602	0.01990	0.03483	0.02363	0.02736	0.01617	0.01866	0.01493	0.00995	0.00746	0.00249	0.01244	0.00622	0.00498	0.01493
15	0.02767	0.03587	0.19243	0.13972	0.26377	0.02636	0.03598	0.03657	0.02584	0.07232	0.02313	0.02866	0.01756	0.01109	0.01140	0.00361	0.01485	0.00991	0.00603	0.01721
16	0.02654	0.02808	0.05424	0.13163	0.14733	0.02944	0.25407	0.03438	0.02516	0.03482	0.02152	0.02993	0.01710	0.01178	0.01663	0.00400	0.10037	0.01201	0.00563	0.01533
17	0.04733	0.02758	0.03181	0.02439	0.03357	0.02865	0.02015	0.31447	0.04632	0.25057	0.03494	0.03248	0.02330	0.01413	0.01166	0.00353	0.01166	0.01095	0.01271	0.01978
18	0.02196	0.02067	0.03488	0.56331	0.08010	0.02584	0.03230	0.02972	0.02326	0.02972	0.02067	0.03101	0.01550	0.01163	0.01163	0.00388	0.01550	0.01034	0.00517	0.01292
19	0.03222	0.02628	0.09388	0.11391	0.04507	0.02291	0.10919	0.03923	0.02734	0.18493	0.03464	0.04752	0.02758	0.01587	0.01485	0.00410	0.06022	0.07566	0.00892	0.01569
20	0.02431	0.02205	0.02293	0.10088	0.03154	0.08054	0.01668	0.03664	0.16780	0.03601	0.11036	0.05475	0.04369	0.17355	0.02491	0.00579	0.01149	0.01435	0.00900	0.01273
21	0.02016	0.01165	0.01562	0.01690	0.01889	0.01065	0.01179	0.02258	0.02400	0.10806	0.06123	0.49789	0.06933	0.03296	0.01435	0.00455	0.00724	0.02969	0.01136	0.01108
22	0.13625	0.03405	0.16407	0.02812	0.03922	0.02559	0.09258	0.08233	0.06856	0.17112	0.02987	0.03046	0.02067	0.01234	0.01113	0.00369	0.01331	0.01035	0.00905	0.01725
23	0.04548	0.02844	0.02928	0.02373	0.03194	0.10177	0.01907	0.13663	0.11469	0.28600	0.03852	0.03521	0.02612	0.01418	0.01153	0.00355	0.01200	0.01107	0.01218	0.01861
24	0.01775	0.09896	0.02134	0.01717	0.01947	0.01576	0.01298	0.02032	0.02256	0.02932	0.05334	0.36880	0.06204	0.09607	0.01907	0.00525	0.00875	0.09140	0.00948	0.01019

[dist]
# distance from previous block
# <min> <max>
0	4

[block]
# block no. 3 follows, 10 sequences, length 14
# corresponding to MSA columns:
# 106-119
name=unknown_D
#
# <colnr> <probs for GDERKNQSTAVLIFYWHMCP>
#	G	D	E	R	K	N	Q	S	T	A	V	L	I	F	Y	W	H	M	C	P
0	0.03407	0.03026	0.10954	0.11225	0.07807	0.02693	0.02604	0.11997	0.15045	0.14078	0.03366	0.03412	0.02395	0.01342	0.01160	0.00371	0.01250	0.01106	0.00974	0.01787
1	0.01402	0.01071	0.01288	0.01462	0.01646	0.00958	0.01010	0.01637	0.02378	0.03031	0.08324	0.41557	0.23266	0.03395	0.01445	0.00444	0.00644	0.03003	0.01080	0.00958
2	0.02556	0.08032	0.25166	0.12299	0.16818	0.02851	0.03550	0.03773	0.07069	0.03650	0.02333	0.02802	0.01780	0.01135	0.01108	0.00360	0.01498	0.00958	0.00584	0.01679
3	0.02275	0.01605	0.01906	0.01729	0.02173	0.01615	0.01328	0.03511	0.15477	0.08956	0.30904	0.07353	0.12204	0.02136	0.01304	0.00375	0.00691	0.01844	0.01250	0.01363
4	0.02899	0.02637	0.04175	0.16118	0.09716	0.02806	0.14002	0.13698	0.07549	0.04430	0.03463	0.03882	0.06543	0.01361	0.01237	0.00377	0.01430	0.01281	0.00802	0.01594
5	0.02492	0.14150	0.41468	0.03255	0.04811	0.03020	0.07962	0.03656	0.02468	0.03539	0.02038	0.02427	0.01503	0.01076	0.01074	0.00352	0.01667	0.00870	0.00501	0.01670
6	0.03045	0.02171	0.02563	0.01870	0.02873	0.01778	0.01512	0.07799	0.02855	0.11716	0.02529	0.02689	0.01927	0.01004	0.00939	0.00219	0.00923	0.00799	0.00852	0.49937
7	0.03780	0.20309	0.03850	0.02217	0.03082	0.03222	0.01907	0.11235	0.16666	0.16881	0.03447	0.03249	0.02510	0.01335	0.01041	0.00334	0.01091	0.01023	0.01033	0.01788
8	0.02912	0.14338	0.37411	0.02900	0.04371	0.02862	0.03509	0.03960	0.02576	0.11175	0.02399	0.02592	0.01696	0.01139	0.01055	0.00347	0.01526	0.00868	0.00640	0.01722
9	0.02454	0.14417	0.45761	0.03108	0.04714	0.02998	0.03937	0.03652	0.02441	0.03535	0.02014	0.02363	0.01476	0.01088	0.01049	0.00350	0.01645	0.00822	0.00492	0.01684
10	0.04142	0.08185	0.03518	0.02507	0.03398	0.03403	0.02084	0.33338	0.11843	0.10929	0.03160	0.03061	0.02265	0.01392	0.01129	0.00348	0.01193	0.01062	0.01132	0.01912
11	0.01511	0.01155	0.01387	0.01390	0.01670	0.01031	0.01019	0.01911	0.02884	0.03839	0.29700	0.18064	0.24636	0.02794	0.01392	0.00393	0.00584	0.02433	0.01176	0.01031
12	0.03202	0.02762	0.08397	0.14221	0.19007	0.02551	0.02909	0.10566	0.03114	0.11777	0.03009	0.04030	0.02404	0.01397	0.01198	0.00377	0.01340	0.05217	0.00830	0.01692
13	0.04629	0.01829	0.02490	0.02000	0.02770	0.01591	0.01612	0.05041	0.03158	0.44972	0.04871	0.12391	0.03625	0.01781	0.01218	0.00377	0.00941	0.01501	0.01384	0.01819

[dist]
# distance from previous block
# <min> <max>
0	1

[block]
# block no. 4 follows, 10 sequences, length 32
# corresponding to MSA columns:
# 121-152
name=unknown_E
#
# <colnr> <probs for GDERKNQSTAVLIFYWHMCP>
#	G	D	E	R	K	N	Q	S	T	A	V	L	I	F	Y	W	H	M	C	P
0	0.07288	0.02046	0.03182	0.09001	0.16079	0.02119	0.06602	0.03108	0.06365	0.03772	0.07361	0.15449	0.04281	0.01946	0.01276	0.00407	0.01143	0.06339	0.00839	0.01397
1	0.02816	0.02324	0.03603	0.26955	0.17273	0.02650	0.02913	0.03813	0.08522	0.08896	0.02672	0.03253	0.02023	0.01286	0.01379	0.00385	0.05864	0.01084	0.00718	0.01573
2	0.01691	0.01128	0.01268	0.01268	0.01268	0.01128	0.00705	0.01691	0.01691	0.02255	0.03665	0.07611	0.04228	0.59126	0.05920	0.01128	0.01128	0.01691	0.00705	0.00705
3	0.05218	0.01979	0.02699	0.02069	0.02969	0.01709	0.01709	0.05668	0.03329	0.52677	0.04588	0.03959	0.02879	0.01439	0.01170	0.00360	0.00990	0.01170	0.01439	0.01979
4	0.02715	0.02192	0.03628	0.39816	0.15924	0.02507	0.03102	0.03432	0.02516	0.09471	0.02412	0.03167	0.01777	0.01173	0.01161	0.00376	0.01446	0.01051	0.00646	0.01487
5	0.02926	0.03395	0.21900	0.03086	0.09693	0.02043	0.02788	0.03693	0.02650	0.16071	0.03754	0.16001	0.03338	0.01777	0.01216	0.00388	0.01244	0.01535	0.00883	0.01620
6	0.03062	0.02582	0.02725	0.02401	0.03089	0.02972	0.01882	0.10800	0.44875	0.05138	0.04519	0.04168	0.03377	0.01558	0.01181	0.00389	0.00960	0.01285	0.01181	0.01856
7	0.67341	0.02249	0.01709	0.01529	0.02249	0.02609	0.01260	0.03419	0.01979	0.05218	0.01619	0.01889	0.01260	0.01080	0.00720	0.00360	0.00900	0.00630	0.00720	0.01260
8	0.03024	0.53880	0.11288	0.02136	0.03211	0.04392	0.02245	0.03505	0.02373	0.02841	0.01669	0.01931	0.01490	0.01007	0.00786	0.00262	0.01296	0.00648	0.00497	0.01518
9	0.01779	0.01221	0.01375	0.01375	0.01742	0.01048	0.01015	0.02067	0.02619	0.08177	0.09766	0.21679	0.36024	0.02957	0.01380	0.00408	0.00651	0.02526	0.01117	0.01075
10	0.17760	0.02551	0.03549	0.02932	0.03251	0.03260	0.07994	0.03062	0.01951	0.03484	0.01654	0.02467	0.01494	0.01677	0.02779	0.00459	0.36830	0.00972	0.00568	0.01307
11	0.04723	0.02398	0.03418	0.02573	0.03516	0.02266	0.07942	0.14167	0.03694	0.36762	0.03918	0.03608	0.02544	0.01369	0.01195	0.00362	0.01179	0.01171	0.01269	0.01924
12	0.01417	0.01012	0.01350	0.01619	0.01687	0.00945	0.01080	0.01619	0.02227	0.02969	0.06410	0.58367	0.07692	0.03644	0.01484	0.00472	0.00675	0.03306	0.01080	0.00945
13	0.04421	0.03258	0.03490	0.02676	0.03607	0.03607	0.02211	0.47993	0.05468	0.07330	0.02792	0.02792	0.01978	0.01396	0.01163	0.00349	0.01280	0.01047	0.01163	0.01978
14	0.03314	0.03425	0.14812	0.09525	0.04285	0.02889	0.02682	0.16541	0.16067	0.09629	0.03230	0.03281	0.02315	0.01351	0.01156	0.00372	0.01293	0.01085	0.00955	0.01793
15	0.03076	0.01671	0.02156	0.01736	0.02407	0.01418	0.01377	0.03583	0.03099	0.21265	0.23390	0.05561	0.05972	0.01694	0.01181	0.00318	0.00776	0.01445	0.01197	0.16676
16	0.03109	0.59826	0.06095	0.01990	0.02985	0.04602	0.01990	0.03483	0.02363	0.02736	0.01617	0.01866	0.01493	0.00995	0.00746	0.00249	0.01244	0.00622	0.00498	0.01493
17	0.01547	0.01147	0.01451	0.01521	0.01754	0.01052	0.01125	0.01941	0.02789	0.03750	0.25921	0.24730	0.17161	0.02949	0.01429	0.00419	0.00644	0.06482	0.01162	0.01027
18	0.02831	0.02886	0.04091	0.24145	0.29774	0.09596	0.03272	0.03499	0.02619	0.03377	0.02093	0.02854	0.01692	0.01103	0.01142	0.00354	0.01537	0.00997	0.00558	0.01580
19	0.01523	0.01043	0.01350	0.01545	0.01660	0.00979	0.01055	0.01806	0.02390	0.03333	0.12130	0.46282	0.07654	0.03244	0.01402	0.00438	0.00645	0.02921	0.07621	0.00979
20	0.01386	0.01133	0.01225	0.01298	0.01602	0.00972	0.00937	0.01656	0.02536	0.03095	0.10323	0.24007	0.39527	0.03135	0.01404	0.00414	0.00612	0.02686	0.01080	0.00972
21	0.05218	0.01979	0.02699	0.02069	0.02969	0.01709	0.01709	0.05668	0.03329	0.52677	0.04588	0.03959	0.02879	0.01439	0.01170	0.00360	0.00990	0.01170	0.01439	0.01979
22	0.01417	0.01012	0.01350	0.01619	0.01687	0.00945	0.01080	0.01619	0.02227	0.02969	0.06410	0.58367	0.07692	0.03644	0.01484	0.00472	0.00675	0.03306	0.01080	0.00945
23	0.04756	0.02083	0.02685	0.02128	0.02980	0.01945	0.01736	0.05770	0.12567	0.43166	0.04617	0.04034	0.03013	0.01467	0.01172	0.00367	0.00976	0.01198	0.01389	0.01952
24	0.02157	0.01994	0.02873	0.08052	0.03156	0.02631	0.02170	0.02494	0.01917	0.02817	0.02597	0.10512	0.02667	0.03689	0.14819	0.00802	0.31488	0.01377	0.00612	0.01177
25	0.07692	0.09588	0.03126	0.02845	0.09351	0.02755	0.02052	0.04507	0.24162	0.04197	0.04046	0.05426	0.03523	0.01726	0.01174	0.00395	0.01052	0.09831	0.00956	0.01595
26	0.01464	0.01048	0.01391	0.01588	0.01697	0.00976	0.01083	0.01737	0.02444	0.03314	0.15545	0.48248	0.08361	0.03386	0.01462	0.00451	0.00649	0.03061	0.01120	0.00976
27	0.02333	0.06016	0.53100	0.03315	0.05034	0.02701	0.04297	0.03683	0.02455	0.03683	0.02087	0.02455	0.01473	0.01105	0.01105	0.00368	0.01719	0.00859	0.00491	0.01719
28	0.01795	0.01489	0.02196	0.21307	0.03986	0.01609	0.01846	0.02367	0.02774	0.03732	0.25084	0.11713	0.11390	0.02118	0.01307	0.00387	0.00928	0.01868	0.00964	0.01141
29	0.03785	0.08306	0.09615	0.02227	0.03108	0.02181	0.02086	0.07865	0.03202	0.26515	0.08509	0.05076	0.03745	0.01663	0.01193	0.00372	0.01104	0.06620	0.01133	0.01694
30	0.03989	0.02028	0.02837	0.08209	0.09810	0.01971	0.02011	0.04783	0.07391	0.30399	0.03922	0.03811	0.02681	0.01360	0.01122	0.00353	0.01036	0.01141	0.09384	0.01763
31	0.02411	0.02228	0.03072	0.02679	0.02735	0.03033	0.02211	0.02719	0.01877	0.02995	0.01979	0.02974	0.01851	0.02574	0.08186	0.00605	0.44396	0.01048	0.09202	0.01225

[dist]
# distance from previous block
# <min> <max>
0	2

[block]
# block no. 5 follows, 10 sequences, length 18
# corresponding to MSA columns:
# 155-166,184-189
name=unknown_F
#
# <colnr> <probs for GDERKNQSTAVLIFYWHMCP>
#	G	D	E	R	K	N	Q	S	T	A	V	L	I	F	Y	W	H	M	C	P
0	0.58695	0.09999	0.02300	0.01591	0.02348	0.02877	0.01358	0.03427	0.02031	0.04884	0.01619	0.01886	0.01291	0.01068	0.00723	0.00345	0.00946	0.00629	0.00690	0.01291
1	0.07648	0.02377	0.02670	0.02222	0.02845	0.02594	0.01775	0.18998	0.08514	0.05121	0.07582	0.10833	0.03600	0.01783	0.01444	0.00367	0.07070	0.01395	0.00999	0.10162
2	0.20454	0.02658	0.07234	0.09372	0.03731	0.02536	0.02111	0.10293	0.08101	0.17879	0.03022	0.03050	0.02102	0.01287	0.01046	0.00367	0.01139	0.00981	0.00977	0.01661
3	0.02694	0.02807	0.03524	0.10133	0.03772	0.08967	0.02603	0.03023	0.02018	0.02827	0.01628	0.02570	0.01527	0.01828	0.03163	0.00470	0.43652	0.00991	0.00520	0.01283
4	0.01481	0.01086	0.01398	0.01584	0.01739	0.01003	0.01123	0.01770	0.02464	0.03261	0.13077	0.41569	0.13927	0.03345	0.01465	0.00453	0.00680	0.06489	0.01106	0.00981
5	0.02295	0.02179	0.03614	0.46607	0.11784	0.02693	0.03199	0.03013	0.02306	0.03035	0.02028	0.03027	0.01576	0.01232	0.01409	0.00395	0.06709	0.01032	0.00522	0.01343
6	0.03112	0.16249	0.12249	0.02738	0.03745	0.03382	0.06768	0.12474	0.18745	0.04525	0.03014	0.03075	0.02288	0.01278	0.01086	0.00349	0.01290	0.01041	0.00854	0.01740
7	0.02305	0.02321	0.07262	0.02840	0.08017	0.02289	0.02148	0.07364	0.02667	0.03775	0.09935	0.20070	0.04714	0.02299	0.01972	0.00431	0.15564	0.01837	0.00859	0.01329
8	0.02412	0.02067	0.02412	0.01723	0.02756	0.01550	0.01378	0.02929	0.02412	0.03790	0.02067	0.02412	0.01723	0.00861	0.00861	0.00172	0.00861	0.00689	0.00689	0.66236
9	0.02851	0.02605	0.10720	0.02077	0.03034	0.01840	0.01926	0.03795	0.07801	0.13204	0.10889	0.03944	0.03610	0.01335	0.01078	0.00295	0.00982	0.01106	0.00947	0.25961
10	0.02406	0.02247	0.03472	0.02541	0.03522	0.01856	0.13401	0.03014	0.02481	0.03696	0.02547	0.07823	0.02291	0.01152	0.01053	0.00258	0.01130	0.01111	0.00699	0.43299
11	0.02716	0.01745	0.02170	0.01732	0.02469	0.01418	0.01355	0.03183	0.02740	0.13935	0.12312	0.11340	0.04476	0.01633	0.01103	0.00287	0.00805	0.01399	0.01006	0.32175
12	0.02346	0.02155	0.03567	0.26320	0.23534	0.02350	0.02926	0.03042	0.02646	0.03633	0.12126	0.04153	0.03580	0.01362	0.01201	0.00367	0.01282	0.01252	0.00695	0.01463
13	0.01941	0.01586	0.02072	0.02375	0.08672	0.01581	0.01525	0.02871	0.10807	0.04034	0.22362	0.17611	0.13191	0.02394	0.01333	0.00393	0.00755	0.02117	0.01101	0.01278
14	0.02481	0.02235	0.03501	0.16761	0.04594	0.02537	0.09733	0.07961	0.07060	0.03904	0.09060	0.04067	0.03247	0.02470	0.08698	0.00595	0.07639	0.01286	0.00773	0.01399
15	0.09022	0.02724	0.03773	0.11128	0.17299	0.02967	0.06153	0.14701	0.11784	0.04858	0.02741	0.03083	0.02087	0.01238	0.01140	0.00366	0.01298	0.01079	0.00834	0.01726
16	0.02483	0.02372	0.03946	0.32678	0.23488	0.02754	0.03281	0.03171	0.02385	0.03255	0.02053	0.02960	0.01654	0.01210	0.01443	0.00385	0.07420	0.01033	0.00537	0.01491
17	0.03115	0.02589	0.04029	0.12034	0.28052	0.02837	0.03027	0.07353	0.02766	0.09129	0.02368	0.02960	0.01872	0.01303	0.01624	0.00382	0.11117	0.01048	0.00700	0.01695

[dist]
# distance from previous block
# <min> <max>
0	2

[block]
# block no. 6 follows, 10 sequences, length 13
# corresponding to MSA columns:
# 192-204
name=unknown_G
#
# <colnr> <probs for GDERKNQSTAVLIFYWHMCP>
#	G	D	E	R	K	N	Q	S	T	A	V	L	I	F	Y	W	H	M	C	P
0	0.02791	0.02082	0.03002	0.16490	0.08390	0.02355	0.02291	0.07508	0.02955	0.10540	0.15196	0.04529	0.04244	0.01670	0.01651	0.00391	0.10235	0.01329	0.00906	0.01446
1	0.03380	0.02978	0.03275	0.03371	0.12036	0.11204	0.02292	0.10130	0.11782	0.08850	0.07545	0.03622	0.03052	0.01523	0.01551	0.00374	0.09332	0.01155	0.00910	0.01638
2	0.09339	0.11188	0.09456	0.08187	0.11717	0.02890	0.02538	0.11297	0.03114	0.15412	0.02679	0.02848	0.01928	0.01205	0.01056	0.00343	0.01267	0.00951	0.00856	0.01727
3	0.10069	0.02474	0.02540	0.02086	0.02853	0.08925	0.01664	0.04785	0.08470	0.26773	0.08226	0.03870	0.03293	0.01426	0.01103	0.00339	0.01067	0.01124	0.01144	0.07772
4	0.02804	0.03021	0.10545	0.24183	0.21402	0.02826	0.03319	0.10623	0.02963	0.04053	0.02228	0.02890	0.01706	0.01151	0.01151	0.00365	0.01473	0.01013	0.00639	0.01643
5	0.02986	0.02611	0.04321	0.04641	0.22870	0.02494	0.12173	0.03984	0.08130	0.08504	0.02721	0.03118	0.02099	0.01093	0.01151	0.00331	0.01319	0.01089	0.00751	0.13616
6	0.01596	0.01207	0.01722	0.09036	0.02652	0.01229	0.01498	0.01930	0.02314	0.03053	0.05787	0.43566	0.06706	0.03241	0.01461	0.00471	0.00857	0.09659	0.01003	0.01012
7	0.02870	0.02053	0.02459	0.01779	0.02791	0.01576	0.01432	0.03376	0.02562	0.11779	0.02479	0.02665	0.01912	0.00956	0.00912	0.00203	0.00882	0.00768	0.00812	0.55734
8	0.67341	0.02249	0.01709	0.01529	0.02249	0.02609	0.01260	0.03419	0.01979	0.05218	0.01619	0.01889	0.01260	0.01080	0.00720	0.00360	0.00900	0.00630	0.00720	0.01260
9	0.02020	0.01010	0.01515	0.01515	0.01515	0.01010	0.01010	0.01515	0.01515	0.02020	0.02020	0.03535	0.02020	0.04040	0.04545	0.66162	0.01010	0.01010	0.00505	0.00505
10	0.42491	0.24525	0.03406	0.01708	0.02534	0.03380	0.01542	0.03443	0.02128	0.04258	0.01618	0.01880	0.01350	0.01047	0.00730	0.00317	0.01033	0.00627	0.00634	0.01350
11	0.02002	0.02515	0.13191	0.11003	0.03681	0.01864	0.06350	0.02586	0.02287	0.03161	0.09835	0.05521	0.03954	0.23735	0.03041	0.00667	0.01316	0.01438	0.00701	0.01153
12	0.09397	0.02476	0.14014	0.01918	0.02592	0.01659	0.01888	0.02695	0.02939	0.04491	0.33658	0.06398	0.07559	0.01921	0.01232	0.00366	0.00872	0.01633	0.01025	0.01266

[dist]
# distance from previous block
# <min> <max>
0	2

[block]
# block no. 7 follows, 10 sequences, length 15
# corresponding to MSA columns:
# 207-221
name=unknown_H
#
# <colnr> <probs for GDERKNQSTAVLIFYWHMCP>
#	G	D	E	R	K	N	Q	S	T	A	V	L	I	F	Y	W	H	M	C	P
0	0.31240	0.02224	0.02532	0.01966	0.02853	0.02157	0.05333	0.03653	0.02399	0.12295	0.02303	0.02495	0.01711	0.01060	0.00893	0.00303	0.00993	0.00799	0.00815	0.21976
1	0.13017	0.13688	0.24063	0.02491	0.03721	0.02756	0.02765	0.04128	0.02596	0.16557	0.02589	0.02661	0.01812	0.01170	0.01002	0.00344	0.01323	0.00865	0.00775	0.01679
2	0.03040	0.36350	0.19898	0.02524	0.03684	0.10684	0.02720	0.03698	0.02516	0.03037	0.01783	0.02075	0.01487	0.01055	0.00895	0.00292	0.01501	0.00711	0.00509	0.01542
3	0.02020	0.01010	0.01515	0.01515	0.01515	0.01010	0.01010	0.01515	0.01515	0.02020	0.02020	0.03535	0.02020	0.04040	0.04545	0.66162	0.01010	0.01010	0.00505	0.00505
4	0.03983	0.11102	0.04006	0.04038	0.22077	0.02562	0.02479	0.04515	0.02916	0.25970	0.03198	0.03218	0.02263	0.01214	0.01098	0.00337	0.01182	0.01034	0.00958	0.01852
5	0.02884	0.03945	0.29203	0.02595	0.03789	0.02099	0.02946	0.03835	0.02857	0.15889	0.13734	0.04222	0.03949	0.01472	0.01181	0.00366	0.01278	0.01214	0.00900	0.01643
6	0.01544	0.01137	0.01459	0.01573	0.01782	0.01051	0.01162	0.01915	0.02688	0.03600	0.21386	0.29488	0.15184	0.03080	0.01448	0.00435	0.00675	0.08235	0.01142	0.01015
7	0.03006	0.52643	0.12369	0.02167	0.03259	0.04348	0.02298	0.03509	0.02376	0.02863	0.01680	0.01944	0.01490	0.01010	0.00794	0.00265	0.01307	0.00654	0.00497	0.01523
8	0.02446	0.10667	0.26528	0.18470	0.05802	0.02924	0.10334	0.03464	0.02452	0.03378	0.02068	0.02675	0.01542	0.01090	0.01121	0.00364	0.01653	0.00960	0.00514	0.01549
9	0.03313	0.01546	0.02112	0.01959	0.02467	0.01401	0.01571	0.03713	0.02855	0.26410	0.05493	0.21681	0.05188	0.02504	0.01367	0.00435	0.00920	0.12357	0.01246	0.01461
10	0.03726	0.04810	0.08541	0.02818	0.03588	0.36079	0.02329	0.04615	0.10206	0.03332	0.02302	0.02507	0.01829	0.01215	0.01058	0.00310	0.01763	0.00842	0.00685	0.07448
11	0.03398	0.15303	0.21758	0.02923	0.04173	0.02832	0.09678	0.04230	0.02737	0.17852	0.02765	0.02880	0.01933	0.01162	0.01092	0.00345	0.01446	0.00980	0.00785	0.01726
12	0.03178	0.19537	0.29382	0.02685	0.04029	0.02991	0.03108	0.04068	0.02624	0.14246	0.02513	0.02629	0.01789	0.01149	0.01023	0.00334	0.01431	0.00864	0.00702	0.01716
13	0.09972	0.09941	0.17317	0.02498	0.03424	0.02776	0.02532	0.10192	0.02863	0.08325	0.02954	0.08459	0.02614	0.01634	0.01345	0.00384	0.06126	0.04299	0.00799	0.01546
14	0.02567	0.03512	0.22164	0.02898	0.03923	0.02217	0.09556	0.03690	0.07701	0.09301	0.03755	0.16520	0.03417	0.01793	0.01254	0.00399	0.01331	0.01617	0.00834	0.01551

[dist]
# distance from previous block
# <min> <max>
5	16

[block]
# block no. 8 follows, 10 sequences, length 7
# corresponding to MSA columns:
# 238-244
name=unknown_I
#
# <colnr> <probs for GDERKNQSTAVLIFYWHMCP>
#	G	D	E	R	K	N	Q	S	T	A	V	L	I	F	Y	W	H	M	C	P
0	0.13669	0.02900	0.03396	0.08977	0.10975	0.03218	0.02374	0.29690	0.04174	0.06012	0.02444	0.02699	0.01801	0.01269	0.01093	0.00354	0.01265	0.00980	0.00938	0.01773
1	0.02292	0.02683	0.10872	0.15540	0.08930	0.02560	0.02898	0.02948	0.02322	0.03244	0.02984	0.05394	0.02874	0.01897	0.01970	0.00451	0.16139	0.11996	0.00658	0.01348
2	0.02654	0.10441	0.02367	0.01562	0.02165	0.01739	0.01289	0.03029	0.02850	0.15907	0.12670	0.07631	0.26890	0.02198	0.01225	0.00359	0.00788	0.01805	0.01104	0.01328
3	0.03277	0.01732	0.02085	0.01739	0.02327	0.01650	0.01385	0.10090	0.03398	0.20475	0.15850	0.05828	0.10552	0.01819	0.01178	0.00348	0.00804	0.01509	0.12456	0.01498
4	0.11824	0.02353	0.02662	0.02135	0.02912	0.02440	0.01738	0.18686	0.07551	0.21276	0.10519	0.04053	0.03633	0.01531	0.01144	0.00360	0.01003	0.01213	0.01218	0.01750
5	0.11022	0.03431	0.18061	0.06935	0.04229	0.02556	0.07603	0.04268	0.07709	0.15001	0.02877	0.03061	0.02032	0.01277	0.01281	0.00381	0.04765	0.01030	0.00823	0.01659
6	0.02115	0.01397	0.01946	0.10092	0.02903	0.01383	0.01562	0.02583	0.02782	0.09606	0.19312	0.19085	0.11133	0.02503	0.01366	0.00413	0.00846	0.06691	0.01095	0.01187

[dist]
# distance from previous block
# <min> <max>
59	255

[block]
# block no. 9 follows, 10 sequences, length 46
# corresponding to MSA columns:
# 559-604
name=unknown_J
#
# <colnr> <probs for GDERKNQSTAVLIFYWHMCP>
#	G	D	E	R	K	N	Q	S	T	A	V	L	I	F	Y	W	H	M	C	P
0	0.14409	0.21096	0.14399	0.02890	0.09354	0.03281	0.02533	0.07894	0.02728	0.08403	0.02162	0.02392	0.01661	0.01115	0.00943	0.00324	0.01280	0.00813	0.00691	0.01631
1	0.14608	0.10193	0.17482	0.02635	0.03515	0.02757	0.06718	0.03155	0.02221	0.03592	0.02406	0.07861	0.02196	0.02157	0.06479	0.00525	0.08363	0.01124	0.00615	0.01397
2	0.13688	0.15001	0.09518	0.02178	0.03092	0.02554	0.06111	0.03054	0.02368	0.03650	0.03285	0.08448	0.06998	0.01438	0.00999	0.00316	0.01115	0.01171	0.00695	0.14323
3	0.09099	0.03067	0.12019	0.02909	0.03768	0.02634	0.12087	0.11994	0.03009	0.04353	0.03769	0.08988	0.08256	0.01689	0.01471	0.00395	0.06781	0.01426	0.00798	0.01486
4	0.08632	0.02409	0.08341	0.07795	0.09404	0.01979	0.05489	0.02921	0.02634	0.03965	0.13661	0.04760	0.08520	0.01501	0.01137	0.00334	0.01076	0.01307	0.00799	0.13337
5	0.09955	0.03108	0.07560	0.08914	0.03790	0.12141	0.02131	0.04138	0.02785	0.17071	0.02666	0.02813	0.01906	0.01167	0.01028	0.00312	0.01305	0.00885	0.00841	0.15482
6	0.09149	0.02050	0.02644	0.02214	0.02746	0.02146	0.07045	0.08431	0.11737	0.08379	0.03755	0.09846	0.03462	0.18296	0.02559	0.00603	0.01129	0.01511	0.00936	0.01363
7	0.03187	0.08834	0.17932	0.03139	0.09604	0.02758	0.02758	0.04782	0.16976	0.13212	0.03330	0.03307	0.02415	0.01293	0.01113	0.00361	0.01253	0.01055	0.00891	0.01799
8	0.04236	0.03166	0.03386	0.02639	0.03536	0.03520	0.02166	0.42931	0.10832	0.07031	0.03027	0.02980	0.02168	0.01418	0.01166	0.00355	0.01236	0.01080	0.01166	0.01961
9	0.03637	0.03113	0.02857	0.02417	0.03083	0.12548	0.01900	0.24726	0.09734	0.05363	0.03380	0.09832	0.02876	0.01653	0.01150	0.00353	0.01246	0.01305	0.07195	0.01630
10	0.01588	0.01187	0.01474	0.01402	0.01702	0.01073	0.01051	0.02082	0.03154	0.04337	0.42776	0.09226	0.19659	0.02500	0.01372	0.00372	0.00557	0.02179	0.01237	0.01073
11	0.09471	0.02182	0.02335	0.01981	0.02556	0.02359	0.01588	0.22216	0.03752	0.05475	0.08595	0.05076	0.03739	0.07124	0.01580	0.00431	0.01005	0.05401	0.11680	0.01453
12	0.02869	0.01901	0.02157	0.01812	0.02372	0.01924	0.01438	0.16893	0.03778	0.09767	0.19697	0.06328	0.13316	0.01963	0.01226	0.00354	0.00827	0.01630	0.08312	0.01437
13	0.01524	0.01183	0.01396	0.01414	0.01723	0.01055	0.01075	0.01924	0.02843	0.03699	0.24729	0.14724	0.28730	0.02833	0.01406	0.00404	0.00630	0.06527	0.01150	0.01028
14	0.02893	0.02498	0.02630	0.02367	0.03024	0.02893	0.01841	0.06180	0.49770	0.04865	0.04734	0.04339	0.03550	0.01578	0.01183	0.00394	0.00920	0.01315	0.01183	0.01841
15	0.12065	0.02009	0.02590	0.02010	0.02890	0.01809	0.01660	0.05420	0.03180	0.47446	0.04261	0.03731	0.02701	0.01400	0.01120	0.00360	0.00980	0.01110	0.01360	0.01900
16	0.03109	0.59826	0.06095	0.01990	0.02985	0.04602	0.01990	0.03483	0.02363	0.02736	0.01617	0.01866	0.01493	0.00995	0.00746	0.00249	0.01244	0.00622	0.00498	0.01493
17	0.01684	0.01156	0.01415	0.01415	0.01466	0.01207	0.00888	0.01785	0.01735	0.02364	0.03530	0.06869	0.03906	0.46824	0.17781	0.01309	0.01613	0.01583	0.00685	0.00786
18	0.04943	0.01988	0.02671	0.02035	0.02948	0.01694	0.01677	0.05400	0.03239	0.47888	0.04341	0.03807	0.02766	0.01383	0.01139	0.00341	0.00977	0.01123	0.01366	0.08274
19	0.01874	0.01339	0.01874	0.02142	0.02410	0.01339	0.01874	0.02410	0.02677	0.03481	0.06158	0.13119	0.06693	0.03213	0.01606	0.00535	0.01071	0.44043	0.01071	0.01071
20	0.02745	0.03137	0.06863	0.04902	0.06078	0.02941	0.47647	0.03725	0.02745	0.03725	0.02353	0.03137	0.01765	0.00980	0.01373	0.00392	0.01961	0.01373	0.00588	0.01569
21	0.04345	0.05543	0.03296	0.02996	0.03596	0.54457	0.02247	0.04644	0.03296	0.02846	0.01798	0.02097	0.01498	0.01199	0.01049	0.00300	0.02097	0.00749	0.00599	0.01348
22	0.01646	0.01189	0.01555	0.01463	0.01738	0.01097	0.01097	0.02195	0.03292	0.04664	0.51257	0.08688	0.10974	0.02378	0.01372	0.00366	0.00549	0.02103	0.01280	0.01097
23	0.01430	0.01161	0.01278	0.01357	0.01673	0.01008	0.01016	0.01730	0.02570	0.03140	0.10190	0.20671	0.38543	0.03108	0.01418	0.00422	0.00652	0.06570	0.01079	0.00983
24	0.01494	0.01067	0.01438	0.01708	0.01809	0.01011	0.01214	0.01753	0.02303	0.03055	0.06368	0.50733	0.07524	0.03571	0.01505	0.00483	0.00742	0.10179	0.01078	0.00966
25	0.02745	0.03137	0.06863	0.04902	0.06078	0.02941	0.47647	0.03725	0.02745	0.03725	0.02353	0.03137	0.01765	0.00980	0.01373	0.00392	0.01961	0.01373	0.00588	0.01569
26	0.01818	0.01299	0.01810	0.02078	0.02321	0.01290	0.01776	0.02312	0.02622	0.03418	0.06189	0.18685	0.06816	0.03266	0.01591	0.00528	0.01022	0.39032	0.01072	0.01055
27	0.59715	0.02648	0.01901	0.01707	0.02412	0.08886	0.01379	0.03567	0.02139	0.04931	0.01641	0.01915	0.01288	0.01094	0.00760	0.00353	0.01045	0.00644	0.00705	0.01270
28	0.01472	0.01052	0.01413	0.01683	0.01774	0.00992	0.01176	0.01715	0.02281	0.03031	0.06380	0.52889	0.07571	0.03592	0.01499	0.00480	0.00723	0.08238	0.01079	0.00960
29	0.02428	0.02304	0.03907	0.39631	0.22900	0.02645	0.03345	0.03175	0.02435	0.03253	0.02108	0.03025	0.01649	0.01120	0.01159	0.00373	0.01493	0.01035	0.00537	0.01479
30	0.01417	0.01012	0.01350	0.01619	0.01687	0.00945	0.01080	0.01619	0.02227	0.02969	0.06410	0.58367	0.07692	0.03644	0.01484	0.00472	0.00675	0.03306	0.01080	0.00945
31	0.01952	0.01215	0.01549	0.01525	0.01785	0.01112	0.01091	0.02296	0.02724	0.09014	0.23260	0.22933	0.12140	0.09683	0.01942	0.00493	0.00710	0.02338	0.01149	0.01090
32	0.03435	0.02608	0.02817	0.02403	0.03141	0.02929	0.01906	0.14883	0.36067	0.09942	0.04314	0.03979	0.03157	0.01527	0.01178	0.00382	0.01002	0.01245	0.01204	0.01883
33	0.02349	0.02067	0.02726	0.17667	0.04290	0.01852	0.01919	0.02941	0.02387	0.03551	0.02067	0.02613	0.01672	0.00949	0.00949	0.00235	0.01063	0.00790	0.00639	0.47274
34	0.03109	0.59826	0.06095	0.01990	0.02985	0.04602	0.01990	0.03483	0.02363	0.02736	0.01617	0.01866	0.01493	0.00995	0.00746	0.00249	0.01244	0.00622	0.00498	0.01493
35	0.61696	0.02544	0.01852	0.01661	0.02370	0.07256	0.01348	0.03529	0.02097	0.05006	0.01635	0.01908	0.01281	0.01090	0.00749	0.00354	0.01007	0.00640	0.00709	0.01268
36	0.02149	0.01790	0.02822	0.27854	0.09621	0.02031	0.02565	0.02812	0.02487	0.03357	0.03636	0.06602	0.03464	0.01866	0.01278	0.00422	0.01273	0.15639	0.07084	0.01249
37	0.02162	0.02070	0.03712	0.34944	0.06319	0.02325	0.11349	0.02891	0.02491	0.03284	0.07475	0.09753	0.03202	0.01521	0.01259	0.00396	0.01434	0.01455	0.00668	0.01288
38	0.01459	0.01182	0.01296	0.01267	0.01623	0.01018	0.00950	0.01833	0.02851	0.03616	0.24087	0.10412	0.38798	0.02769	0.01374	0.00384	0.00577	0.02345	0.01142	0.01018
39	0.03123	0.03087	0.08338	0.03385	0.09676	0.03005	0.07409	0.13589	0.25547	0.04981	0.03523	0.03543	0.02635	0.01364	0.01189	0.00377	0.01239	0.01191	0.00973	0.01826
40	0.02586	0.03194	0.10261	0.32778	0.06712	0.08952	0.12375	0.03417	0.02545	0.03199	0.02096	0.02907	0.01579	0.01122	0.01185	0.00376	0.01722	0.01047	0.00538	0.01408
41	0.01608	0.01198	0.01516	0.01683	0.01841	0.01178	0.01166	0.02193	0.07598	0.03386	0.11742	0.46301	0.07639	0.03260	0.01437	0.00451	0.00686	0.02939	0.01116	0.01062
42	0.03421	0.02722	0.03489	0.26804	0.05587	0.03147	0.02669	0.27747	0.04055	0.05370	0.02466	0.02931	0.01786	0.01291	0.01163	0.00366	0.01401	0.01041	0.00873	0.01669
43	0.02196	0.02067	0.03488	0.56331	0.08010	0.02584	0.03230	0.02972	0.02326	0.02972	0.02067	0.03101	0.01550	0.01163	0.01163	0.00388	0.01550	0.01034	0.00517	0.01292
44	0.02020	0.01010	0.01515	0.01515	0.01515	0.01010	0.01010	0.01515	0.01515	0.02020	0.02020	0.03535	0.02020	0.04040	0.04545	0.66162	0.01010	0.01010	0.00505	0.00505
45	0.03061	0.01490	0.01996	0.01722	0.02228	0.01329	0.01342	0.03538	0.03207	0.23815	0.28282	0.11445	0.07410	0.02119	0.01301	0.00373	0.00738	0.01841	0.01326	0.01438

[dist]
# distance from previous block
# <min> <max>
0	33

[block]
# block no. 10 follows, 10 sequences, length 33
# corresponding to MSA columns:
# 638-649,651-671
name=unknown_K
#
# <colnr> <probs for GDERKNQSTAVLIFYWHMCP>
#	G	D	E	R	K	N	Q	S	T	A	V	L	I	F	Y	W	H	M	C	P
0	0.02895	0.02273	0.02302	0.02029	0.02532	0.07110	0.01540	0.08669	0.16824	0.08840	0.16530	0.05572	0.05212	0.10225	0.01917	0.00478	0.01010	0.01485	0.01103	0.01453
1	0.01830	0.01382	0.01713	0.01597	0.01928	0.01363	0.01207	0.02784	0.10158	0.04694	0.44385	0.08045	0.09877	0.02260	0.01344	0.00370	0.00604	0.01987	0.01266	0.01207
2	0.47564	0.02406	0.02085	0.01821	0.02550	0.02772	0.01478	0.08687	0.12087	0.05369	0.02378	0.02484	0.01802	0.01215	0.00861	0.00366	0.00944	0.00813	0.00861	0.01454
3	0.03208	0.02227	0.02747	0.08145	0.03520	0.02002	0.01774	0.10102	0.03025	0.13349	0.02645	0.02835	0.01957	0.01083	0.00998	0.00258	0.01026	0.00871	0.00880	0.37351
4	0.08605	0.43339	0.10752	0.02386	0.03452	0.04058	0.06819	0.03523	0.02378	0.03154	0.01742	0.02060	0.01498	0.01013	0.00846	0.00286	0.01337	0.00724	0.00526	0.01504
5	0.67341	0.02249	0.01709	0.01529	0.02249	0.02609	0.01260	0.03419	0.01979	0.05218	0.01619	0.01889	0.01260	0.01080	0.00720	0.00360	0.00900	0.00630	0.00720	0.01260
6	0.03814	0.01887	0.02400	0.01959	0.02643	0.01789	0.01573	0.07949	0.08214	0.29414	0.18901	0.05369	0.05381	0.01740	0.01233	0.00364	0.00869	0.01464	0.01343	0.01692
7	0.02333	0.06016	0.53100	0.03315	0.05034	0.02701	0.04297	0.03683	0.02455	0.03683	0.02087	0.02455	0.01473	0.01105	0.01105	0.00368	0.01719	0.00859	0.00491	0.01719
8	0.02423	0.02507	0.04890	0.03684	0.04382	0.02564	0.28135	0.03064	0.02329	0.03224	0.02542	0.04004	0.02287	0.12551	0.07405	0.00679	0.10043	0.01367	0.00601	0.01317
9	0.01649	0.01178	0.01589	0.01615	0.01730	0.01280	0.01131	0.01885	0.01836	0.02556	0.03644	0.10939	0.03875	0.27494	0.30812	0.01451	0.02119	0.01616	0.00698	0.00902
10	0.67341	0.02249	0.01709	0.01529	0.02249	0.02609	0.01260	0.03419	0.01979	0.05218	0.01619	0.01889	0.01260	0.01080	0.00720	0.00360	0.00900	0.00630	0.00720	0.01260
11	0.01646	0.01189	0.01555	0.01463	0.01738	0.01097	0.01097	0.02195	0.03292	0.04664	0.51257	0.08688	0.10974	0.02378	0.01372	0.00366	0.00549	0.02103	0.01280	0.01097
12	0.02256	0.02128	0.03597	0.52010	0.11863	0.02600	0.03260	0.03024	0.02354	0.03044	0.02078	0.03081	0.01576	0.01152	0.01162	0.00384	0.01536	0.01034	0.00522	0.01340
13	0.02855	0.02929	0.04076	0.23874	0.29272	0.10337	0.03254	0.03517	0.02630	0.03367	0.02088	0.02842	0.01688	0.01105	0.01140	0.00354	0.01547	0.00993	0.00558	0.01575
14	0.02744	0.02627	0.04479	0.16807	0.43251	0.02728	0.03503	0.03452	0.02585	0.03637	0.02164	0.02922	0.01785	0.01061	0.01154	0.00354	0.01415	0.01036	0.00564	0.01734
15	0.02373	0.02259	0.03101	0.02694	0.02694	0.03072	0.02174	0.02576	0.01763	0.02690	0.01957	0.03564	0.02070	0.13525	0.04240	0.00633	0.45754	0.01153	0.00548	0.01158
16	0.01599	0.01175	0.01374	0.01324	0.01641	0.01055	0.00993	0.02056	0.02980	0.04087	0.32521	0.09164	0.24684	0.02482	0.01319	0.00366	0.00563	0.02131	0.07432	0.01055
17	0.01417	0.01012	0.01350	0.01619	0.01687	0.00945	0.01080	0.01619	0.02227	0.02969	0.06410	0.58367	0.07692	0.03644	0.01484	0.00472	0.00675	0.03306	0.01080	0.00945
18	0.02425	0.02300	0.03901	0.39877	0.22681	0.02644	0.03343	0.03172	0.02434	0.03249	0.02107	0.03026	0.01648	0.01120	0.01159	0.00373	0.01494	0.01034	0.00536	0.01476
19	0.67341	0.02249	0.01709	0.01529	0.02249	0.02609	0.01260	0.03419	0.01979	0.05218	0.01619	0.01889	0.01260	0.01080	0.00720	0.00360	0.00900	0.00630	0.00720	0.01260
20	0.03067	0.02585	0.02728	0.02402	0.03091	0.02974	0.01883	0.10940	0.44727	0.05146	0.04513	0.04163	0.03371	0.01557	0.01181	0.00389	0.00961	0.01284	0.01181	0.01856
