[name]
unknown

[dist]
# distance from previous block
# <min> <max>
0	274

[block]
# block no. 0 follows, 10 sequences, length 29
# corresponding to MSA columns:
# 274-302
name=unknown_A
#
# <colnr> <probs for GDERKNQSTAVLIFYWHMCP>
#	G	D	E	R	K	N	Q	S	T	A	V	L	I	F	Y	W	H	M	C	P
0	0.03215	0.55286	0.05886	0.02045	0.03035	0.04522	0.02008	0.07055	0.02612	0.03105	0.01711	0.01940	0.01531	0.01027	0.00780	0.00257	0.01247	0.00656	0.00551	0.01531
1	0.01612	0.01188	0.01508	0.01428	0.01717	0.01083	0.01071	0.02129	0.03212	0.04475	0.46351	0.08999	0.15998	0.02448	0.01372	0.00369	0.00554	0.02147	0.01255	0.01083
2	0.01489	0.01146	0.01362	0.01385	0.01661	0.01019	0.01010	0.01863	0.02808	0.03696	0.25968	0.20518	0.26128	0.02877	0.01397	0.00400	0.00592	0.02504	0.01158	0.01019
3	0.02879	0.02763	0.04721	0.07139	0.51871	0.02763	0.03569	0.03569	0.02648	0.03800	0.02188	0.02879	0.01842	0.01036	0.01151	0.00345	0.01382	0.01036	0.00576	0.01842
4	0.01418	0.01143	0.01262	0.01310	0.01617	0.00988	0.00953	0.01724	0.02638	0.03293	0.15515	0.21182	0.36832	0.03027	0.01398	0.00407	0.00603	0.02597	0.01105	0.00988
5	0.01472	0.01182	0.01313	0.01280	0.01630	0.01023	0.00960	0.01857	0.02880	0.03686	0.25884	0.10298	0.36958	0.02743	0.01374	0.00383	0.00575	0.02329	0.01152	0.01023
6	0.01477	0.01037	0.01332	0.01543	0.01596	0.00985	0.00998	0.01635	0.02110	0.02813	0.05811	0.47285	0.06936	0.15758	0.02453	0.00615	0.00774	0.02954	0.00998	0.00892
7	0.02745	0.03137	0.06863	0.04902	0.06078	0.02941	0.47647	0.03725	0.02745	0.03725	0.02353	0.03137	0.01765	0.00980	0.01373	0.00392	0.01961	0.01373	0.00588	0.01569
8	0.01778	0.01096	0.01334	0.01334	0.01334	0.01096	0.00786	0.01645	0.01645	0.02193	0.03229	0.06532	0.03644	0.44540	0.05556	0.18348	0.01096	0.01511	0.00652	0.00652
9	0.02812	0.01305	0.01570	0.01462	0.01855	0.01219	0.01109	0.03255	0.02628	0.16837	0.04576	0.16033	0.03983	0.01877	0.01054	0.00338	0.00690	0.01592	0.34515	0.01291
10	0.02950	0.02600	0.03973	0.25304	0.24268	0.02878	0.03141	0.13036	0.03138	0.04248	0.02273	0.02946	0.01758	0.01164	0.01158	0.00363	0.01425	0.01038	0.00681	0.01658
11	0.02333	0.06016	0.53100	0.03315	0.05034	0.02701	0.04297	0.03683	0.02455	0.03683	0.02087	0.02455	0.01473	0.01105	0.01105	0.00368	0.01719	0.00859	0.00491	0.01719
12	0.04016	0.04413	0.04126	0.03328	0.04141	0.29744	0.12150	0.15922	0.03751	0.04226	0.02182	0.02508	0.01683	0.01203	0.01150	0.00333	0.01851	0.00964	0.00746	0.01563
13	0.32066	0.03652	0.08824	0.02317	0.03179	0.14154	0.02056	0.13241	0.03071	0.04961	0.01967	0.02198	0.01492	0.01176	0.00934	0.00345	0.01344	0.00774	0.00760	0.01489
14	0.01417	0.01012	0.01350	0.01619	0.01687	0.00945	0.01080	0.01619	0.02227	0.02969	0.06410	0.58367	0.07692	0.03644	0.01484	0.00472	0.00675	0.03306	0.01080	0.00945
15	0.02664	0.09793	0.09832	0.02270	0.03000	0.02546	0.02056	0.04261	0.19958	0.07674	0.03718	0.07294	0.03077	0.03122	0.12781	0.00697	0.01541	0.01267	0.00892	0.01558
16	0.03246	0.11318	0.17462	0.03975	0.14666	0.10053	0.08618	0.04021	0.02748	0.09644	0.02356	0.02696	0.01773	0.01115	0.01102	0.00340	0.01575	0.00955	0.00657	0.01679
17	0.03683	0.02891	0.03075	0.02527	0.03325	0.03262	0.02032	0.27792	0.26872	0.06139	0.03730	0.03540	0.02738	0.01484	0.01173	0.00371	0.01106	0.01177	0.01173	0.01912
18	0.03055	0.01625	0.02143	0.01854	0.02201	0.01682	0.01388	0.03299	0.02310	0.20391	0.03657	0.05290	0.03242	0.25067	0.09998	0.00868	0.08359	0.01365	0.00932	0.01273
19	0.03581	0.03775	0.10231	0.03625	0.14025	0.19144	0.02617	0.04156	0.02867	0.12836	0.02629	0.02987	0.02013	0.02132	0.07748	0.00526	0.01800	0.00971	0.00745	0.01592
20	0.04710	0.02093	0.02684	0.02134	0.02981	0.01968	0.01738	0.05780	0.13469	0.42237	0.04620	0.04042	0.03026	0.01470	0.01173	0.00367	0.00975	0.01201	0.01384	0.01949
21	0.01395	0.01098	0.01261	0.01391	0.01627	0.00964	0.00978	0.01645	0.02446	0.03058	0.09187	0.33984	0.30283	0.03283	0.01428	0.00431	0.00630	0.02866	0.01080	0.00964
22	0.02899	0.02705	0.04766	0.03596	0.04465	0.02681	0.25448	0.14987	0.03353	0.04515	0.03355	0.15105	0.03115	0.01672	0.01342	0.00398	0.01500	0.01709	0.00848	0.01541
23	0.03553	0.10643	0.04472	0.10862	0.07900	0.19630	0.12287	0.04122	0.02885	0.09381	0.02312	0.02723	0.01760	0.01140	0.01120	0.00336	0.01697	0.00982	0.00677	0.01520
24	0.02333	0.06016	0.53100	0.03315	0.05034	0.02701	0.04297	0.03683	0.02455	0.03683	0.02087	0.02455	0.01473	0.01105	0.01105	0.00368	0.01719	0.00859	0.00491	0.01719
25	0.02518	0.01767	0.01831	0.01704	0.02162	0.01958	0.01310	0.04387	0.25306	0.04592	0.04248	0.04338	0.03256	0.01463	0.00992	0.00331	0.00725	0.01196	0.34470	0.01450
26	0.03370	0.15657	0.05668	0.03633	0.04659	0.09618	0.25582	0.04058	0.02812	0.10198	0.02433	0.02843	0.01826	0.01075	0.01167	0.00345	0.01687	0.01102	0.00688	0.01581
27	0.02026	0.01568	0.01909	0.01851	0.02225	0.01625	0.01464	0.03297	0.15465	0.04459	0.29091	0.08504	0.08074	0.02348	0.01373	0.00410	0.00761	0.11052	0.01209	0.01288
28	0.04022	0.15345	0.03841	0.02408	0.03311	0.03489	0.02049	0.27207	0.10677	0.11621	0.03029	0.02950	0.02202	0.01339	0.01076	0.00335	0.01186	0.01007	0.01055	0.01853

[dist]
# distance from previous block
# <min> <max>
0	2

[block]
# block no. 1 follows, 10 sequences, length 27
# corresponding to MSA columns:
# 305-331
name=unknown_B
#
# <colnr> <probs for GDERKNQSTAVLIFYWHMCP>
#	G	D	E	R	K	N	Q	S	T	A	V	L	I	F	Y	W	H	M	C	P
0	0.01480	0.01039	0.01331	0.01538	0.01590	0.00987	0.00993	0.01636	0.02103	0.02804	0.05775	0.46621	0.06891	0.16484	0.02511	0.00624	0.00780	0.02933	0.00993	0.00889
1	0.03720	0.04535	0.02893	0.02641	0.03166	0.42108	0.01981	0.04077	0.03295	0.03267	0.13244	0.03623	0.03691	0.01471	0.01123	0.00315	0.01739	0.01062	0.00757	0.01290
2	0.03111	0.02273	0.02465	0.02185	0.02830	0.02537	0.01709	0.05725	0.38472	0.10967	0.04610	0.04290	0.03400	0.01535	0.01140	0.00376	0.00887	0.01270	0.08446	0.01774
3	0.01713	0.02302	0.13357	0.01796	0.02444	0.01430	0.01766	0.02362	0.02882	0.03924	0.26574	0.08090	0.22400	0.02275	0.01311	0.00375	0.00833	0.01934	0.01030	0.01202
4	0.02764	0.31751	0.11181	0.03255	0.14330	0.03462	0.02479	0.03286	0.02350	0.03039	0.02086	0.02953	0.01941	0.08878	0.01586	0.00405	0.01321	0.00893	0.00543	0.01496
5	0.04105	0.16897	0.04118	0.02511	0.03457	0.03847	0.02157	0.37261	0.04720	0.06222	0.02509	0.02569	0.01861	0.01299	0.01063	0.00325	0.01271	0.00945	0.01003	0.01861
6	0.10435	0.01285	0.01476	0.01477	0.01773	0.01248	0.01088	0.02147	0.02761	0.04114	0.28106	0.20880	0.13817	0.02599	0.01313	0.00396	0.00634	0.02258	0.01128	0.01066
7	0.02968	0.15879	0.32446	0.02908	0.04304	0.03282	0.03364	0.13898	0.03135	0.04342	0.02159	0.02418	0.01594	0.01151	0.01049	0.00341	0.01525	0.00857	0.00648	0.01735
8	0.08127	0.02987	0.03097	0.03373	0.14253	0.12631	0.02178	0.09572	0.08454	0.10481	0.04037	0.04070	0.08774	0.01487	0.01138	0.00352	0.01265	0.01192	0.00911	0.01621
9	0.01573	0.01078	0.01304	0.01420	0.01450	0.01048	0.00867	0.01660	0.01923	0.02564	0.04853	0.29584	0.05728	0.35107	0.04000	0.00844	0.00932	0.02390	0.00867	0.00809
10	0.02304	0.01970	0.02546	0.08664	0.09361	0.02129	0.01912	0.03882	0.20093	0.04325	0.19475	0.05901	0.08968	0.01817	0.01251	0.00378	0.00908	0.01582	0.01054	0.01479
11	0.03503	0.10319	0.03541	0.09384	0.03805	0.03176	0.02195	0.15552	0.14185	0.11360	0.03096	0.03199	0.02295	0.01432	0.01410	0.00370	0.07441	0.01064	0.00960	0.01713
12	0.03580	0.39396	0.05114	0.02285	0.03211	0.11112	0.02076	0.13940	0.03208	0.03814	0.01913	0.02111	0.01606	0.01115	0.00884	0.00279	0.01368	0.00737	0.00665	0.01585
13	0.01410	0.01180	0.01227	0.01215	0.01592	0.00997	0.00911	0.01737	0.02734	0.03338	0.16869	0.10870	0.46190	0.02872	0.01374	0.00389	0.00584	0.02409	0.01106	0.00997
14	0.02983	0.03192	0.02493	0.02410	0.02856	0.22459	0.01829	0.04012	0.14170	0.03447	0.04163	0.17150	0.04129	0.02128	0.01257	0.00394	0.01346	0.07330	0.00915	0.01336
15	0.03899	0.03111	0.03221	0.08693	0.03758	0.15456	0.02270	0.07444	0.02956	0.18317	0.02677	0.02944	0.01966	0.01503	0.01838	0.00387	0.16136	0.01002	0.00863	0.01560
16	0.67341	0.02249	0.01709	0.01529	0.02249	0.02609	0.01260	0.03419	0.01979	0.05218	0.01619	0.01889	0.01260	0.01080	0.00720	0.00360	0.00900	0.00630	0.00720	0.01260
17	0.02228	0.02981	0.14970	0.44062	0.07321	0.02611	0.03477	0.03136	0.02356	0.03136	0.02072	0.02951	0.01533	0.01149	0.01149	0.00383	0.01589	0.00993	0.00511	0.01391
18	0.02020	0.01010	0.01515	0.01515	0.01515	0.01010	0.01010	0.01515	0.01515	0.02020	0.02020	0.03535	0.02020	0.04040	0.04545	0.66162	0.01010	0.01010	0.00505	0.00505
19	0.02930	0.47373	0.16973	0.02297	0.03459	0.04162	0.02524	0.03529	0.02385	0.02955	0.01726	0.02002	0.01488	0.01020	0.00829	0.00276	0.01354	0.00677	0.00496	0.01545
20	0.02880	0.02062	0.08803	0.01884	0.02468	0.01501	0.01635	0.03335	0.02689	0.19340	0.12907	0.12209	0.05096	0.15191	0.02337	0.00554	0.01000	0.01686	0.01067	0.01358
21	0.01646	0.01189	0.01555	0.01463	0.01738	0.01097	0.01097	0.02195	0.03292	0.04664	0.51257	0.08688	0.10974	0.02378	0.01372	0.00366	0.00549	0.02103	0.01280	0.01097
22	0.01417	0.01012	0.01350	0.01619	0.01687	0.00945	0.01080	0.01619	0.02227	0.02969	0.06410	0.58367	0.07692	0.03644	0.01484	0.00472	0.00675	0.03306	0.01080	0.00945
23	0.02439	0.15291	0.03120	0.01771	0.02665	0.02175	0.01479	0.02880	0.02375	0.03435	0.02550	0.09850	0.02476	0.01268	0.00919	0.00231	0.00925	0.01027	0.00698	0.42426
24	0.03066	0.02930	0.05419	0.04019	0.04876	0.03070	0.28781	0.08621	0.02870	0.07462	0.02373	0.03021	0.01814	0.01305	0.01900	0.00412	0.14551	0.01239	0.00696	0.01576
25	0.01601	0.01132	0.01439	0.01456	0.01617	0.01068	0.01002	0.01940	0.02665	0.03698	0.29430	0.20417	0.08622	0.15816	0.02451	0.00568	0.00713	0.02298	0.01099	0.00970
26	0.04287	0.01982	0.02614	0.02105	0.02849	0.01907	0.01718	0.10559	0.03280	0.34980	0.04005	0.03942	0.02764	0.03119	0.13515	0.00708	0.01521	0.01171	0.01213	0.01761

[dist]
# distance from previous block
# <min> <max>
0	3

[block]
# block no. 2 follows, 10 sequences, length 30
# corresponding to MSA columns:
# 335-364
name=unknown_C
#
# <colnr> <probs for GDERKNQSTAVLIFYWHMCP>
#	G	D	E	R	K	N	Q	S	T	A	V	L	I	F	Y	W	H	M	C	P
0	0.02662	0.02753	0.04573	0.04144	0.13623	0.05908	0.21291	0.06400	0.02933	0.03795	0.04623	0.04965	0.13927	0.01516	0.01293	0.00374	0.01472	0.01507	0.00748	0.01493
1	0.01407	0.01053	0.01308	0.01511	0.01659	0.00954	0.01032	0.01632	0.02331	0.03011	0.07725	0.46820	0.18391	0.03473	0.01458	0.00453	0.00654	0.03098	0.01080	0.00954
2	0.03294	0.02833	0.03994	0.09639	0.23259	0.03165	0.02905	0.18748	0.03455	0.04782	0.02280	0.02817	0.01811	0.01331	0.01579	0.00377	0.10185	0.01037	0.00763	0.01746
3	0.01519	0.01088	0.01453	0.01634	0.01772	0.01022	0.01164	0.01840	0.02533	0.03435	0.17363	0.41640	0.08395	0.03290	0.01469	0.00453	0.00684	0.07123	0.01128	0.00995
4	0.02904	0.02359	0.02676	0.01956	0.02964	0.02054	0.01582	0.13959	0.03160	0.04656	0.02245	0.02505	0.01785	0.00992	0.00935	0.00216	0.00964	0.00777	0.00805	0.50507
5	0.02451	0.03340	0.16410	0.25539	0.15585	0.02705	0.10604	0.03383	0.02487	0.03428	0.02141	0.02905	0.01623	0.01095	0.01180	0.00375	0.01624	0.01045	0.00533	0.01548
6	0.04385	0.03823	0.03677	0.02969	0.03783	0.25302	0.09268	0.07833	0.03370	0.19799	0.02879	0.02927	0.02031	0.01257	0.01148	0.00338	0.01652	0.01008	0.00915	0.01636
7	0.02140	0.01801	0.02678	0.03406	0.18435	0.01773	0.01968	0.02925	0.06286	0.04391	0.31791	0.06463	0.07436	0.01878	0.01286	0.00361	0.00850	0.01695	0.01040	0.01395
8	0.01417	0.01012	0.01350	0.01619	0.01687	0.00945	0.01080	0.01619	0.02227	0.02969	0.06410	0.58367	0.07692	0.03644	0.01484	0.00472	0.00675	0.03306	0.01080	0.00945
9	0.02398	0.05559	0.45766	0.03567	0.05199	0.02739	0.11174	0.03690	0.02501	0.03690	0.02129	0.02564	0.01520	0.01085	0.01147	0.00372	0.01757	0.00941	0.00507	0.01695
10	0.03053	0.45858	0.05758	0.03250	0.14951	0.04152	0.02377	0.03504	0.02433	0.02997	0.01757	0.02114	0.01578	0.01005	0.00845	0.00272	0.01278	0.00723	0.00517	0.01578
11	0.02153	0.01243	0.01572	0.01600	0.01910	0.01104	0.01155	0.02426	0.02547	0.12769	0.07368	0.36140	0.17446	0.03040	0.01396	0.00431	0.00716	0.02678	0.01150	0.01157
12	0.01599	0.01180	0.01692	0.01744	0.01928	0.01273	0.01306	0.01984	0.02182	0.03077	0.11559	0.18391	0.05358	0.06473	0.33105	0.01289	0.02111	0.01886	0.00839	0.01025
13	0.02470	0.05155	0.40746	0.03083	0.04542	0.02748	0.03696	0.04294	0.14037	0.03973	0.02735	0.02917	0.01982	0.01221	0.01124	0.00375	0.01523	0.00971	0.00661	0.01749
14	0.02706	0.03021	0.06215	0.04539	0.05485	0.03063	0.38794	0.03544	0.02556	0.03544	0.02191	0.03021	0.01718	0.01188	0.01852	0.00415	0.12764	0.01303	0.00573	0.01510
15	0.01501	0.01183	0.01353	0.01311	0.01648	0.01036	0.00983	0.01913	0.02949	0.03849	0.30122	0.10029	0.32618	0.02682	0.01373	0.00380	0.00570	0.02291	0.01173	0.01036
16	0.02765	0.01639	0.02046	0.01789	0.02292	0.01600	0.01393	0.03827	0.12425	0.16456	0.30701	0.06677	0.07535	0.01991	0.01285	0.00370	0.00730	0.01720	0.01300	0.01459
17	0.01417	0.01012	0.01350	0.01619	0.01687	0.00945	0.01080	0.01619	0.02227	0.02969	0.06410	0.58367	0.07692	0.03644	0.01484	0.00472	0.00675	0.03306	0.01080	0.00945
18	0.02333	0.06016	0.53100	0.03315	0.05034	0.02701	0.04297	0.03683	0.02455	0.03683	0.02087	0.02455	0.01473	0.01105	0.01105	0.00368	0.01719	0.00859	0.00491	0.01719
19	0.01754	0.01253	0.01737	0.02005	0.02220	0.01235	0.01666	0.02202	0.02559	0.03346	0.06224	0.24982	0.06955	0.03326	0.01574	0.00519	0.00967	0.33363	0.01073	0.01038
20	0.01610	0.01143	0.01235	0.01242	0.01522	0.01033	0.00891	0.01945	0.02548	0.03464	0.14274	0.12410	0.27335	0.09594	0.01837	0.00462	0.00647	0.02103	0.13723	0.00981
21	0.02366	0.05465	0.45242	0.03273	0.04720	0.02838	0.04019	0.03543	0.02349	0.03543	0.01998	0.02470	0.01482	0.01253	0.01535	0.00391	0.10488	0.00885	0.00494	0.01648
22	0.01407	0.01053	0.01308	0.01511	0.01659	0.00954	0.01032	0.01632	0.02331	0.03011	0.07725	0.46820	0.18391	0.03473	0.01458	0.00453	0.00654	0.03098	0.01080	0.00954
23	0.15092	0.02213	0.03335	0.37770	0.13837	0.02617	0.02897	0.03154	0.02309	0.03544	0.01998	0.02828	0.01540	0.01126	0.01074	0.00375	0.01396	0.00955	0.00566	0.01373
24	0.02523	0.19188	0.41594	0.02991	0.04532	0.03166	0.03732	0.03634	0.02433	0.03451	0.01972	0.02311	0.01478	0.01078	0.01017	0.00339	0.01603	0.00801	0.00493	0.01663
25	0.01933	0.01632	0.02286	0.07367	0.02855	0.01653	0.05751	0.02787	0.09167	0.03755	0.20034	0.07309	0.14871	0.11123	0.02047	0.00501	0.00935	0.01820	0.00994	0.01180
26	0.02919	0.46654	0.17601	0.02314	0.03487	0.04137	0.02555	0.03532	0.02386	0.02968	0.01732	0.02010	0.01488	0.01022	0.00834	0.00278	0.01360	0.00680	0.00496	0.01548
27	0.02588	0.02178	0.02367	0.02146	0.02709	0.02453	0.01659	0.05205	0.38393	0.04816	0.16122	0.05404	0.05367	0.01774	0.01230	0.00387	0.00829	0.01508	0.01207	0.01659
28	0.04652	0.01854	0.02518	0.01973	0.02774	0.01612	0.01612	0.05117	0.03323	0.45060	0.11991	0.04709	0.04163	0.01588	0.01202	0.00361	0.00920	0.01318	0.01414	0.01839
29	0.02283	0.02089	0.03438	0.35555	0.17677	0.02397	0.02912	0.02915	0.02304	0.03061	0.02350	0.03762	0.02047	0.10326	0.01915	0.00495	0.01442	0.01139	0.00561	0.01334

[dist]
# distance from previous block
# <min> <max>
0	1

[block]
# block no. 3 follows, 10 sequences, length 14
# corresponding to MSA columns:
# 366-379
name=unknown_D
#
# <colnr> <probs for GDERKNQSTAVLIFYWHMCP>
#	G	D	E	R	K	N	Q	S	T	A	V	L	I	F	Y	W	H	M	C	P
0	0.01543	0.01202	0.01431	0.01563	0.01860	0.01090	0.01236	0.01899	0.02587	0.03221	0.09059	0.19839	0.29582	0.03150	0.01468	0.00452	0.00759	0.15978	0.01077	0.01004
1	0.01417	0.01012	0.01350	0.01619	0.01687	0.00945	0.01080	0.01619	0.02227	0.02969	0.06410	0.58367	0.07692	0.03644	0.01484	0.00472	0.00675	0.03306	0.01080	0.00945
2	0.02142	0.01943	0.03214	0.47111	0.07057	0.02372	0.02999	0.02876	0.02385	0.03058	0.02763	0.04805	0.02425	0.01512	0.01238	0.00413	0.01469	0.08351	0.00611	0.01254
3	0.02662	0.03718	0.16191	0.04582	0.05868	0.02893	0.38901	0.03717	0.02687	0.03717	0.02299	0.03000	0.01706	0.01006	0.01319	0.00387	0.01912	0.01269	0.00569	0.01599
4	0.03249	0.02675	0.02830	0.02439	0.03160	0.03059	0.01927	0.15924	0.39446	0.05440	0.04281	0.03979	0.03184	0.01536	0.01179	0.00384	0.01004	0.01253	0.01179	0.01873
5	0.03239	0.04130	0.14690	0.04310	0.12852	0.14777	0.17451	0.04047	0.02841	0.07117	0.02306	0.02774	0.01739	0.01100	0.01191	0.00355	0.01774	0.01052	0.00632	0.01624
6	0.01898	0.01453	0.01772	0.01646	0.01997	0.01460	0.01247	0.02999	0.12669	0.04705	0.41871	0.07810	0.09476	0.02216	0.01334	0.00372	0.00624	0.01944	0.01261	0.01247
7	0.01802	0.01255	0.01635	0.01797	0.01959	0.01255	0.01412	0.02126	0.02288	0.02996	0.05173	0.10943	0.05720	0.25302	0.03310	0.00769	0.01093	0.27311	0.00926	0.00926
8	0.03504	0.03068	0.04332	0.10548	0.19956	0.11356	0.11310	0.04144	0.02880	0.13541	0.02631	0.03041	0.01948	0.01150	0.01181	0.00354	0.01552	0.01078	0.00752	0.01672
9	0.02077	0.01868	0.02773	0.34269	0.05607	0.02180	0.02423	0.03046	0.08167	0.03419	0.09617	0.05259	0.11339	0.01654	0.01225	0.00387	0.01198	0.01430	0.00779	0.01283
10	0.01933	0.01287	0.01715	0.01928	0.02197	0.01287	0.01660	0.02470	0.02629	0.03653	0.05681	0.11347	0.05944	0.02838	0.01446	0.00482	0.00964	0.35376	0.14087	0.01074
11	0.02681	0.02562	0.04364	0.21394	0.39161	0.02711	0.03471	0.03396	0.02555	0.03560	0.02153	0.02943	0.01758	0.01073	0.01155	0.00358	0.01431	0.01035	0.00559	0.01683
12	0.06912	0.14726	0.15763	0.02899	0.03882	0.02805	0.12923	0.03404	0.05678	0.03549	0.03047	0.13484	0.02885	0.01579	0.01148	0.00371	0.01365	0.01423	0.00693	0.01464
13	0.02750	0.26618	0.24769	0.03563	0.13674	0.03465	0.03239	0.03581	0.02458	0.03333	0.01922	0.02308	0.01555	0.01048	0.00973	0.00316	0.01463	0.00801	0.00511	0.01654

[dist]
# distance from previous block
# <min> <max>
0	2

[block]
# block no. 4 follows, 10 sequences, length 22
# corresponding to MSA columns:
# 382-403
name=unknown_E
#
# <colnr> <probs for GDERKNQSTAVLIFYWHMCP>
#	G	D	E	R	K	N	Q	S	T	A	V	L	I	F	Y	W	H	M	C	P
0	0.03157	0.08311	0.19355	0.14917	0.05001	0.03169	0.03082	0.20356	0.03565	0.04835	0.02314	0.02683	0.01684	0.01220	0.01112	0.00356	0.01477	0.00951	0.00753	0.01703
1	0.02326	0.02199	0.03722	0.46999	0.16331	0.02618	0.03294	0.03085	0.02387	0.03129	0.02090	0.03059	0.01606	0.01139	0.01161	0.00380	0.01518	0.01034	0.00528	0.01396
2	0.01814	0.01385	0.01908	0.01899	0.02037	0.01592	0.01460	0.02121	0.01964	0.02740	0.03653	0.06772	0.03819	0.20461	0.25428	0.01256	0.08534	0.09458	0.00717	0.00982
3	0.10058	0.01809	0.02384	0.12213	0.03505	0.01863	0.01820	0.06133	0.02849	0.18937	0.07272	0.15515	0.04169	0.01973	0.01226	0.00399	0.01015	0.04356	0.01063	0.01443
4	0.02326	0.02200	0.03723	0.46957	0.16368	0.02618	0.03295	0.03085	0.02387	0.03129	0.02090	0.03058	0.01606	0.01139	0.01161	0.00380	0.01518	0.01034	0.00528	0.01397
5	0.01417	0.01012	0.01350	0.01619	0.01687	0.00945	0.01080	0.01619	0.02227	0.02969	0.06410	0.58367	0.07692	0.03644	0.01484	0.00472	0.00675	0.03306	0.01080	0.00945
6	0.02333	0.06016	0.53100	0.03315	0.05034	0.02701	0.04297	0.03683	0.02455	0.03683	0.02087	0.02455	0.01473	0.01105	0.01105	0.00368	0.01719	0.00859	0.00491	0.01719
7	0.02985	0.02346	0.03384	0.13019	0.03982	0.03024	0.02517	0.03376	0.02179	0.12294	0.02211	0.02919	0.01788	0.01756	0.02809	0.00458	0.35807	0.01050	0.00687	0.01410
8	0.01472	0.01065	0.01467	0.01676	0.01775	0.01059	0.01164	0.01723	0.02146	0.02908	0.05668	0.46241	0.06614	0.04789	0.13438	0.00787	0.01225	0.02842	0.00977	0.00966
9	0.03040	0.01457	0.01901	0.01645	0.02139	0.01314	0.01284	0.03527	0.03112	0.22432	0.24008	0.09610	0.06582	0.01965	0.01223	0.00357	0.00721	0.01688	0.10580	0.01415
10	0.25202	0.03112	0.03104	0.03182	0.12348	0.09486	0.02155	0.19157	0.03489	0.05388	0.02159	0.02419	0.01651	0.01197	0.00998	0.00346	0.01274	0.00868	0.00832	0.01632
11	0.02811	0.01722	0.02546	0.23293	0.04543	0.01865	0.02169	0.03423	0.02640	0.14531	0.03741	0.05430	0.03098	0.01651	0.01182	0.00387	0.01141	0.09233	0.13229	0.01365
12	0.03083	0.02371	0.02730	0.07974	0.03482	0.02482	0.01874	0.15135	0.15996	0.07991	0.04274	0.04234	0.08182	0.01504	0.01137	0.00338	0.01033	0.01223	0.01017	0.13940
13	0.02430	0.08802	0.03134	0.03031	0.11912	0.02502	0.02034	0.03749	0.16362	0.03559	0.03246	0.03862	0.02731	0.04224	0.22158	0.00950	0.01912	0.01153	0.00766	0.01484
14	0.01736	0.01285	0.01707	0.11828	0.02633	0.01370	0.01257	0.01922	0.01914	0.02527	0.03881	0.16380	0.04375	0.37556	0.04172	0.00862	0.01122	0.01872	0.00740	0.00862
15	0.03349	0.25526	0.04197	0.02229	0.03136	0.09518	0.01930	0.12287	0.08179	0.04054	0.02283	0.02439	0.01851	0.01133	0.00930	0.00275	0.01244	0.00805	0.00747	0.13887
16	0.23920	0.02679	0.02388	0.02009	0.02756	0.11981	0.01608	0.04464	0.02853	0.24639	0.03706	0.03535	0.05934	0.01401	0.01024	0.00351	0.01141	0.01024	0.01029	0.01558
17	0.02342	0.03212	0.17803	0.23739	0.05380	0.02434	0.02980	0.08234	0.02796	0.03729	0.04010	0.04415	0.11077	0.01513	0.01186	0.00378	0.01385	0.01254	0.00693	0.01441
18	0.02474	0.27481	0.23698	0.02358	0.03525	0.03166	0.02690	0.03218	0.02454	0.03187	0.03731	0.03868	0.10952	0.01408	0.01007	0.00323	0.01307	0.01063	0.00605	0.01485
19	0.02893	0.02141	0.02080	0.01941	0.02353	0.11355	0.01449	0.03263	0.02965	0.14605	0.17184	0.22018	0.06310	0.02340	0.01300	0.00385	0.00983	0.02014	0.01123	0.01296
20	0.01870	0.01511	0.02193	0.02147	0.02326	0.01834	0.01741	0.02278	0.02006	0.02867	0.03390	0.05805	0.03363	0.06403	0.34819	0.01357	0.12995	0.09321	0.00686	0.01089
21	0.32109	0.02399	0.02497	0.02091	0.02704	0.02785	0.01723	0.11919	0.02834	0.10233	0.05362	0.02849	0.02251	0.01445	0.01485	0.00387	0.11649	0.00937	0.00878	0.01465

[dist]
# distance from previous block
# <min> <max>
0	30

[block]
# block no. 5 follows, 10 sequences, length 47
# corresponding to MSA columns:
# 434-480
name=unknown_F
#
# <colnr> <probs for GDERKNQSTAVLIFYWHMCP>
#	G	D	E	R	K	N	Q	S	T	A	V	L	I	F	Y	W	H	M	C	P
0	0.27035	0.12497	0.03031	0.02014	0.02815	0.03094	0.01697	0.10872	0.13407	0.09030	0.02743	0.02744	0.02058	0.01254	0.00933	0.00347	0.01029	0.00890	0.00912	0.01598
1	0.02949	0.02456	0.03054	0.03372	0.13876	0.02671	0.02173	0.13480	0.21682	0.04806	0.04052	0.13135	0.03564	0.01780	0.01225	0.00388	0.01056	0.01545	0.01025	0.01713
2	0.02669	0.02162	0.02484	0.02094	0.02854	0.02090	0.01708	0.09505	0.14065	0.04440	0.03711	0.05321	0.03304	0.01629	0.01144	0.00330	0.00977	0.10615	0.00954	0.27944
3	0.02777	0.02660	0.04538	0.14440	0.45361	0.02737	0.03519	0.03481	0.02600	0.03677	0.02170	0.02912	0.01799	0.01055	0.01153	0.00352	0.01407	0.01036	0.00567	0.01761
4	0.02404	0.16859	0.22077	0.03294	0.11993	0.02761	0.02910	0.03153	0.02416	0.03323	0.02966	0.14942	0.02938	0.01637	0.01115	0.00360	0.01315	0.01384	0.00639	0.01514
5	0.02616	0.02486	0.04102	0.06097	0.43078	0.02452	0.03100	0.03237	0.02649	0.03685	0.03865	0.04332	0.10505	0.01370	0.01190	0.00354	0.01243	0.01284	0.00664	0.01692
6	0.02234	0.02067	0.03300	0.46785	0.07092	0.02403	0.02906	0.02964	0.02341	0.03115	0.02067	0.02980	0.01581	0.01110	0.01110	0.00350	0.01430	0.00973	0.00547	0.12645
7	0.02196	0.02067	0.03488	0.56331	0.08010	0.02584	0.03230	0.02972	0.02326	0.02972	0.02067	0.03101	0.01550	0.01163	0.01163	0.00388	0.01550	0.01034	0.00517	0.01292
8	0.04231	0.02802	0.11222	0.03407	0.14276	0.02105	0.02541	0.04879	0.03036	0.33861	0.03649	0.03476	0.02421	0.01295	0.01155	0.00358	0.01194	0.01090	0.01094	0.01907
9	0.08863	0.02619	0.04056	0.03606	0.11580	0.02565	0.12762	0.12107	0.03355	0.21904	0.03143	0.03233	0.02172	0.01233	0.01179	0.00363	0.01323	0.01133	0.01000	0.01807
10	0.01417	0.01101	0.01290	0.01409	0.01639	0.00974	0.00993	0.01690	0.02506	0.03190	0.12603	0.33072	0.27515	0.03224	0.01426	0.00428	0.00626	0.02824	0.01097	0.00974
11	0.05218	0.01979	0.02699	0.02069	0.02969	0.01709	0.01709	0.05668	0.03329	0.52677	0.04588	0.03959	0.02879	0.01439	0.01170	0.00360	0.00990	0.01170	0.01439	0.01979
12	0.02521	0.03918	0.22816	0.03868	0.12349	0.03091	0.03398	0.03274	0.02192	0.03314	0.01858	0.02569	0.01561	0.01503	0.02308	0.00426	0.26017	0.00960	0.00514	0.01544
13	0.04278	0.15151	0.03509	0.02150	0.03031	0.02709	0.01833	0.08478	0.11393	0.29669	0.03811	0.03467	0.02617	0.01361	0.01077	0.00340	0.01057	0.01063	0.01162	0.01846
14	0.01488	0.01067	0.01413	0.01571	0.01703	0.00992	0.01085	0.01797	0.02556	0.03493	0.20267	0.43017	0.08706	0.03253	0.01450	0.00439	0.00636	0.02935	0.01142	0.00992
15	0.03099	0.02484	0.03509	0.02779	0.03492	0.02577	0.12009	0.22613	0.03788	0.05170	0.03695	0.17127	0.03464	0.01871	0.01264	0.00384	0.01219	0.01698	0.06206	0.01551
16	0.03186	0.02824	0.04475	0.21296	0.05804	0.03070	0.15828	0.19980	0.03620	0.04817	0.02421	0.02996	0.01772	0.01197	0.01224	0.00375	0.01569	0.01138	0.00779	0.01629
17	0.02980	0.05110	0.41787	0.03035	0.04570	0.02478	0.03716	0.04129	0.02652	0.14680	0.02649	0.02793	0.01789	0.01180	0.01119	0.00366	0.01555	0.00929	0.00704	0.01777
18	0.01547	0.01147	0.01443	0.01448	0.01697	0.01043	0.01056	0.01974	0.02941	0.04017	0.34290	0.20277	0.17304	0.02761	0.01398	0.00394	0.00584	0.02435	0.01200	0.01043
19	0.02888	0.02246	0.02737	0.14281	0.03918	0.02520	0.02027	0.17266	0.11804	0.05117	0.13274	0.04500	0.04135	0.01579	0.01182	0.00363	0.01064	0.01317	0.06240	0.01542
20	0.02607	0.01989	0.02306	0.02087	0.02596	0.02129	0.01682	0.13448	0.14480	0.05063	0.20175	0.07272	0.06336	0.02145	0.01330	0.00404	0.00908	0.10392	0.01188	0.01463
21	0.02271	0.01327	0.01755	0.01569	0.01953	0.01204	0.01204	0.02802	0.03299	0.13057	0.43099	0.07861	0.09559	0.02214	0.01336	0.00365	0.00626	0.01940	0.01308	0.01252
22	0.02516	0.02223	0.02930	0.02938	0.13781	0.01823	0.01870	0.03072	0.02465	0.03792	0.02094	0.02516	0.01749	0.00901	0.00926	0.00211	0.00978	0.00767	0.00664	0.51782
23	0.02412	0.02067	0.02412	0.01723	0.02756	0.01550	0.01378	0.02929	0.02412	0.03790	0.02067	0.02412	0.01723	0.00861	0.00861	0.00172	0.00861	0.00689	0.00689	0.66236
24	0.04404	0.03771	0.03447	0.02748	0.03604	0.15021	0.02219	0.38263	0.04981	0.06323	0.02569	0.02636	0.01870	0.01352	0.01138	0.00338	0.01463	0.00980	0.01037	0.01837
25	0.02169	0.02057	0.03644	0.35025	0.06265	0.02313	0.10516	0.02929	0.02616	0.03483	0.13159	0.04361	0.03703	0.01404	0.01246	0.00384	0.01397	0.01333	0.00701	0.01297
26	0.01557	0.01112	0.01510	0.01779	0.01908	0.01065	0.01323	0.01861	0.02365	0.03126	0.06333	0.44509	0.07386	0.03512	0.01522	0.00492	0.00796	0.15783	0.01077	0.00983
27	0.01721	0.01229	0.01698	0.01967	0.02168	0.01207	0.01608	0.02145	0.02526	0.03309	0.06242	0.28273	0.07028	0.03357	0.01566	0.00514	0.00938	0.30399	0.01074	0.01029
28	0.04616	0.02870	0.02821	0.02329	0.03119	0.13756	0.01853	0.05528	0.11440	0.33134	0.03987	0.03607	0.02686	0.01410	0.01145	0.00352	0.01226	0.01101	0.01206	0.01813
29	0.01417	0.01012	0.01350	0.01619	0.01687	0.00945	0.01080	0.01619	0.02227	0.02969	0.06410	0.58367	0.07692	0.03644	0.01484	0.00472	0.00675	0.03306	0.01080	0.00945
30	0.01424	0.01143	0.01273	0.01320	0.01622	0.00991	0.00959	0.01736	0.02651	0.03329	0.16436	0.21410	0.35588	0.03018	0.01399	0.00407	0.00602	0.02594	0.01110	0.00991
31	0.67341	0.02249	0.01709	0.01529	0.02249	0.02609	0.01260	0.03419	0.01979	0.05218	0.01619	0.01889	0.01260	0.01080	0.00720	0.00360	0.00900	0.00630	0.00720	0.01260
32	0.02827	0.15862	0.06690	0.04248	0.05384	0.03314	0.37399	0.03671	0.02659	0.03503	0.02188	0.02852	0.01704	0.00984	0.01232	0.00360	0.01800	0.01204	0.00568	0.01552
33	0.05157	0.02077	0.02759	0.02116	0.03018	0.01854	0.01748	0.08894	0.03492	0.49221	0.04452	0.03870	0.02810	0.01436	0.01169	0.00359	0.01012	0.01160	0.01418	0.01979
34	0.01479	0.01038	0.01331	0.01541	0.01593	0.00986	0.00995	0.01636	0.02107	0.02809	0.05794	0.46974	0.06915	0.16098	0.02480	0.00619	0.00776	0.02944	0.00995	0.00891
35	0.02879	0.02763	0.04721	0.07139	0.51871	0.02763	0.03569	0.03569	0.02648	0.03800	0.02188	0.02879	0.01842	0.01036	0.01151	0.00345	0.01382	0.01036	0.00576	0.01842
36	0.02020	0.01010	0.01515	0.01515	0.01515	0.01010	0.01010	0.01515	0.01515	0.02020	0.02020	0.03535	0.02020	0.04040	0.04545	0.66162	0.01010	0.01010	0.00505	0.00505
37	0.02622	0.02897	0.06105	0.16446	0.06512	0.02861	0.37677	0.03556	0.02651	0.03556	0.02289	0.03129	0.01717	0.01021	0.01325	0.00391	0.01869	0.01296	0.00572	0.01507
38	0.02492	0.02594	0.05073	0.29760	0.10646	0.02756	0.22828	0.03351	0.02536	0.03370	0.02203	0.03099	0.01668	0.01072	0.01254	0.00386	0.01718	0.01183	0.00553	0.01458
39	0.03453	0.03454	0.12612	0.03152	0.04045	0.03179	0.09352	0.19955	0.03529	0.08973	0.02472	0.02828	0.01833	0.01431	0.01780	0.00396	0.13940	0.01066	0.00837	0.01714
40	0.02663	0.02509	0.04513	0.04030	0.12534	0.02485	0.22095	0.03863	0.10189	0.04058	0.03029	0.03554	0.02337	0.01170	0.01178	0.00357	0.01375	0.01240	0.15270	0.01551
41	0.56329	0.02825	0.01987	0.01786	0.02485	0.11673	0.01432	0.03633	0.02209	0.04804	0.01651	0.01926	0.01301	0.01100	0.00777	0.00349	0.01109	0.00651	0.00699	0.01275
42	0.02411	0.01548	0.02215	0.02655	0.10678	0.01485	0.01649	0.02742	0.02424	0.10988	0.04727	0.21847	0.04973	0.15225	0.02389	0.00589	0.01009	0.08251	0.00964	0.01232
43	0.01468	0.01052	0.01396	0.01584	0.01698	0.00979	0.01084	0.01749	0.02466	0.03349	0.16477	0.47216	0.08429	0.03360	0.01459	0.00448	0.00646	0.03036	0.01125	0.00979
44	0.03214	0.02543	0.02842	0.02103	0.03096	0.02371	0.01711	0.20922	0.03632	0.05203	0.02357	0.02564	0.01825	0.01075	0.00982	0.00243	0.01028	0.00832	0.00878	0.40579
45	0.02631	0.02946	0.13814	0.02109	0.03285	0.01822	0.02061	0.03329	0.02499	0.07898	0.02285	0.02552	0.01764	0.00965	0.00942	0.00232	0.01065	0.00768	0.00708	0.46323
46	0.41990	0.12541	0.02876	0.01867	0.02683	0.03181	0.01601	0.13435	0.02830	0.05258	0.01882	0.02088	0.01462	0.01136	0.00824	0.00338	0.01045	0.00722	0.00780	0.01462

[dist]
# distance from previous block
# <min> <max>
0	7

[block]
# block no. 6 follows, 10 sequences, length 13
# corresponding to MSA columns:
# 488-500
name=unknown_G
#
# <colnr> <probs for GDERKNQSTAVLIFYWHMCP>
#	G	D	E	R	K	N	Q	S	T	A	V	L	I	F	Y	W	H	M	C	P
0	0.03432	0.02521	0.02921	0.02443	0.03063	0.02877	0.01971	0.15792	0.20676	0.11559	0.07511	0.03960	0.03340	0.01654	0.01623	0.00395	0.10168	0.01244	0.01110	0.01740
1	0.04440	0.02163	0.02665	0.02091	0.02852	0.02093	0.01672	0.15707	0.03601	0.32971	0.03984	0.04262	0.02872	0.10870	0.01946	0.00483	0.01086	0.01224	0.01250	0.01770
2	0.01691	0.01128	0.01268	0.01268	0.01268	0.01128	0.00705	0.01691	0.01691	0.02255	0.03665	0.07611	0.04228	0.59126	0.05920	0.01128	0.01128	0.01691	0.00705	0.00705
3	0.03109	0.59826	0.06095	0.01990	0.02985	0.04602	0.01990	0.03483	0.02363	0.02736	0.01617	0.01866	0.01493	0.00995	0.00746	0.00249	0.01244	0.00622	0.00498	0.01493
4	0.01475	0.01057	0.01401	0.01580	0.01700	0.00983	0.01084	0.01765	0.02496	0.03397	0.17737	0.45820	0.08521	0.03324	0.01456	0.00445	0.00643	0.03003	0.01130	0.00983
5	0.01691	0.01128	0.01268	0.01268	0.01268	0.01128	0.00705	0.01691	0.01691	0.02255	0.03665	0.07611	0.04228	0.59126	0.05920	0.01128	0.01128	0.01691	0.00705	0.00705
6	0.02000	0.01801	0.02948	0.42513	0.06413	0.02170	0.02687	0.02630	0.02301	0.02971	0.03164	0.17059	0.03102	0.01789	0.01244	0.00409	0.01329	0.01608	0.00659	0.01204
7	0.40820	0.16956	0.03108	0.01833	0.02657	0.03276	0.01600	0.10731	0.02647	0.04937	0.01811	0.02031	0.01436	0.01110	0.00799	0.00330	0.01049	0.00696	0.00736	0.01436
8	0.03052	0.02502	0.04165	0.16730	0.05218	0.02636	0.16315	0.04528	0.15664	0.11861	0.03301	0.03593	0.02384	0.01266	0.01234	0.00386	0.01412	0.01238	0.00873	0.01641
9	0.04372	0.02774	0.02836	0.02289	0.03060	0.10736	0.01838	0.15702	0.03859	0.26319	0.10238	0.04024	0.03563	0.01521	0.01177	0.00348	0.01182	0.01201	0.01210	0.01752
10	0.03859	0.03311	0.04354	0.03314	0.04251	0.15470	0.18673	0.04471	0.03031	0.18100	0.02855	0.03060	0.02026	0.01163	0.01188	0.00341	0.01615	0.01098	0.00853	0.06968
11	0.21645	0.01933	0.02101	0.01841	0.02437	0.01994	0.01446	0.09692	0.02963	0.16587	0.07436	0.17298	0.04110	0.01957	0.01135	0.00387	0.00892	0.01607	0.01092	0.01446
12	0.03071	0.02638	0.10769	0.03383	0.15314	0.02032	0.02408	0.03875	0.06052	0.17119	0.04926	0.09119	0.10779	0.01722	0.01215	0.00375	0.01107	0.01483	0.00966	0.01646

[dist]
# distance from previous block
# <min> <max>
0	31

[block]
# block no. 7 follows, 10 sequences, length 71
# corresponding to MSA columns:
# 532-602
name=unknown_H
#
# <colnr> <probs for GDERKNQSTAVLIFYWHMCP>
#	G	D	E	R	K	N	Q	S	T	A	V	L	I	F	Y	W	H	M	C	P
0	0.02604	0.08321	0.07622	0.29191	0.05585	0.11972	0.02719	0.03271	0.02655	0.03230	0.09049	0.03552	0.02884	0.01323	0.01128	0.00354	0.01491	0.01082	0.00638	0.01329
1	0.02706	0.39595	0.13660	0.02131	0.03125	0.03628	0.02240	0.03285	0.02548	0.03255	0.10698	0.03207	0.03208	0.01265	0.00924	0.00291	0.01203	0.00933	0.00638	0.01461
2	0.03112	0.05350	0.36828	0.03078	0.04476	0.11939	0.03554	0.04143	0.02733	0.10574	0.02394	0.02607	0.01680	0.01170	0.01104	0.00355	0.01683	0.00884	0.00647	0.01689
3	0.02007	0.12677	0.11539	0.01861	0.02536	0.02007	0.01809	0.02642	0.02912	0.03990	0.29612	0.06585	0.11526	0.01956	0.01211	0.00348	0.00887	0.01647	0.00978	0.01269
4	0.02474	0.15769	0.44580	0.03075	0.04662	0.03046	0.03879	0.03647	0.02439	0.03512	0.02002	0.02349	0.01477	0.01085	0.01040	0.00347	0.01633	0.00816	0.00492	0.01678
5	0.03188	0.02083	0.03285	0.07913	0.03815	0.02114	0.10045	0.04193	0.09801	0.18423	0.03837	0.04711	0.02996	0.02829	0.10916	0.00663	0.01600	0.05044	0.00978	0.01566
6	0.01834	0.01134	0.01309	0.01293	0.01446	0.01134	0.00871	0.02142	0.02237	0.03398	0.12289	0.06507	0.04943	0.26182	0.07349	0.00773	0.00993	0.01535	0.21706	0.00925
7	0.02373	0.02067	0.02607	0.11621	0.03709	0.01738	0.01714	0.02936	0.02396	0.03642	0.02067	0.02537	0.01691	0.00916	0.00916	0.00211	0.00986	0.00752	0.00658	0.54465
8	0.04062	0.02412	0.02794	0.02297	0.03095	0.02535	0.01847	0.12614	0.24228	0.24311	0.04368	0.03942	0.03033	0.01494	0.01175	0.00373	0.01005	0.01214	0.01282	0.01918
9	0.02741	0.11634	0.12601	0.02612	0.03507	0.02800	0.06741	0.10122	0.11499	0.04417	0.10784	0.04757	0.03921	0.01592	0.01187	0.00369	0.01222	0.05024	0.00899	0.01573
10	0.02596	0.02711	0.10045	0.03078	0.11872	0.02152	0.02269	0.10870	0.02960	0.04204	0.03302	0.16491	0.03239	0.01716	0.01158	0.00338	0.01107	0.01491	0.00822	0.17580
11	0.02762	0.30901	0.04806	0.12182	0.03918	0.03901	0.02393	0.03170	0.02169	0.02799	0.01669	0.02308	0.01514	0.01361	0.01811	0.00358	0.19263	0.00824	0.00505	0.01385
12	0.02725	0.02269	0.03231	0.16580	0.12768	0.02640	0.02491	0.11094	0.02842	0.04054	0.02476	0.03225	0.02003	0.02022	0.06281	0.00507	0.10268	0.01060	0.10006	0.01459
13	0.02332	0.03150	0.15663	0.12399	0.04609	0.02451	0.09425	0.03801	0.13955	0.03750	0.04521	0.04713	0.11083	0.01545	0.01223	0.00386	0.01327	0.01367	0.00785	0.01516
14	0.13381	0.01358	0.01355	0.01333	0.01733	0.01293	0.01007	0.02070	0.02596	0.03759	0.16094	0.13711	0.31181	0.02580	0.01266	0.00390	0.00647	0.02148	0.01049	0.01048
15	0.03035	0.03107	0.04417	0.10491	0.41412	0.10180	0.03352	0.03676	0.02715	0.03596	0.02122	0.02784	0.01769	0.01070	0.01138	0.00342	0.01498	0.00995	0.00574	0.01727
16	0.01691	0.01128	0.01268	0.01268	0.01268	0.01128	0.00705	0.01691	0.01691	0.02255	0.03665	0.07611	0.04228	0.59126	0.05920	0.01128	0.01128	0.01691	0.00705	0.00705
17	0.40474	0.02506	0.02331	0.01940	0.02725	0.02809	0.01591	0.15367	0.06754	0.09961	0.02432	0.02499	0.01769	0.01233	0.00911	0.00360	0.01008	0.00840	0.00935	0.01555
18	0.02887	0.02327	0.03396	0.04378	0.25141	0.02382	0.02486	0.07220	0.10801	0.08117	0.07069	0.11607	0.03734	0.01661	0.01223	0.00375	0.01102	0.01499	0.00916	0.01680
19	0.02879	0.02763	0.04721	0.07139	0.51871	0.02763	0.03569	0.03569	0.02648	0.03800	0.02188	0.02879	0.01842	0.01036	0.01151	0.00345	0.01382	0.01036	0.00576	0.01842
20	0.04059	0.03260	0.03275	0.02629	0.03470	0.07433	0.02127	0.34857	0.15609	0.06404	0.03166	0.03098	0.02306	0.01423	0.01159	0.00356	0.01260	0.01086	0.01124	0.01897
21	0.02175	0.01836	0.02433	0.02164	0.02252	0.02325	0.01705	0.02479	0.02134	0.03261	0.11248	0.04820	0.03930	0.12188	0.03317	0.00559	0.28680	0.01344	0.10038	0.01112
22	0.02696	0.01895	0.02300	0.01728	0.02604	0.01492	0.01377	0.03208	0.02709	0.11314	0.11363	0.03782	0.03574	0.01223	0.01000	0.00236	0.00824	0.01018	0.00909	0.44748
23	0.02757	0.05516	0.37426	0.03485	0.04923	0.12117	0.10157	0.03863	0.02649	0.03538	0.02073	0.02489	0.01520	0.01104	0.01133	0.00359	0.01822	0.00913	0.00525	0.01630
24	0.02072	0.01236	0.01306	0.01268	0.01586	0.01237	0.00957	0.02835	0.06808	0.04318	0.12196	0.05700	0.09051	0.01693	0.00990	0.00309	0.00581	0.01401	0.43314	0.01143
25	0.04529	0.01804	0.02454	0.01988	0.02737	0.01571	0.01595	0.04934	0.03129	0.43667	0.04919	0.13820	0.03751	0.01839	0.01227	0.00380	0.00933	0.01557	0.01374	0.01792
26	0.03404	0.02008	0.02881	0.25348	0.04967	0.02174	0.02282	0.08050	0.02970	0.20074	0.03220	0.03534	0.02237	0.01304	0.01115	0.00358	0.01194	0.01087	0.10237	0.01555
27	0.01634	0.01137	0.01252	0.01252	0.01323	0.01101	0.00737	0.01687	0.01865	0.02416	0.05136	0.08260	0.12778	0.48943	0.05096	0.00994	0.01030	0.01830	0.00773	0.00755
28	0.04271	0.03183	0.03406	0.02646	0.03550	0.03537	0.02174	0.43891	0.09815	0.07088	0.02983	0.02944	0.02132	0.01414	0.01165	0.00353	0.01245	0.01073	0.01165	0.01964
29	0.02964	0.02230	0.02594	0.01892	0.02898	0.01861	0.01529	0.09663	0.02937	0.08883	0.02408	0.02611	0.01868	0.00992	0.00934	0.00215	0.00934	0.00786	0.00828	0.50974
30	0.03051	0.44511	0.04951	0.01918	0.02749	0.08412	0.01803	0.03448	0.02460	0.03032	0.02022	0.02327	0.01759	0.01077	0.00785	0.00257	0.01195	0.00716	0.12121	0.01407
31	0.67341	0.02249	0.01709	0.01529	0.02249	0.02609	0.01260	0.03419	0.01979	0.05218	0.01619	0.01889	0.01260	0.01080	0.00720	0.00360	0.00900	0.00630	0.00720	0.01260
32	0.14313	0.02550	0.03993	0.03103	0.03907	0.02621	0.19221	0.10558	0.07560	0.04539	0.03261	0.12988	0.02958	0.01605	0.01225	0.00394	0.01328	0.01533	0.00850	0.01492
33	0.02451	0.01779	0.02171	0.02137	0.02531	0.01856	0.01734	0.14911	0.03324	0.04405	0.05292	0.23556	0.05670	0.02832	0.01447	0.00465	0.01013	0.20038	0.01099	0.01287
34	0.01459	0.01044	0.01387	0.01591	0.01696	0.00972	0.01083	0.01724	0.02420	0.03276	0.14539	0.49362	0.08287	0.03414	0.01464	0.00453	0.00652	0.03088	0.01116	0.00972
35	0.03397	0.01585	0.02064	0.01718	0.02328	0.01385	0.01368	0.03851	0.03197	0.28567	0.20789	0.06749	0.14039	0.02006	0.01270	0.00368	0.00778	0.01695	0.01325	0.01521
36	0.02893	0.02498	0.02630	0.02367	0.03024	0.02893	0.01841	0.06180	0.49770	0.04865	0.04734	0.04339	0.03550	0.01578	0.01183	0.00394	0.00920	0.01315	0.01183	0.01841
37	0.67341	0.02249	0.01709	0.01529	0.02249	0.02609	0.01260	0.03419	0.01979	0.05218	0.01619	0.01889	0.01260	0.01080	0.00720	0.00360	0.00900	0.00630	0.00720	0.01260
38	0.04144	0.03120	0.03334	0.02620	0.03501	0.03477	0.02144	0.40414	0.13498	0.06883	0.03144	0.03073	0.02263	0.01429	0.01167	0.00357	0.01215	0.01096	0.01167	0.01953
39	0.02931	0.01473	0.01966	0.01681	0.02180	0.01318	0.01318	0.03444	0.03305	0.21935	0.34470	0.06987	0.08062	0.02040	0.01299	0.00364	0.00707	0.01767	0.01338	0.01415
40	0.03109	0.59826	0.06095	0.01990	0.02985	0.04602	0.01990	0.03483	0.02363	0.02736	0.01617	0.01866	0.01493	0.00995	0.00746	0.00249	0.01244	0.00622	0.00498	0.01493
41	0.67341	0.02249	0.01709	0.01529	0.02249	0.02609	0.01260	0.03419	0.01979	0.05218	0.01619	0.01889	0.01260	0.01080	0.00720	0.00360	0.00900	0.00630	0.00720	0.01260
42	0.01652	0.01111	0.01280	0.01319	0.01329	0.01101	0.00759	0.01681	0.01768	0.02358	0.04059	0.14907	0.04726	0.51151	0.05282	0.01033	0.01062	0.01923	0.00759	0.00739
43	0.01504	0.01183	0.01357	0.01314	0.01650	0.01037	0.00985	0.01919	0.02956	0.03866	0.30559	0.10001	0.32170	0.02675	0.01373	0.00380	0.00570	0.02288	0.01175	0.01037
44	0.02333	0.06016	0.53100	0.03315	0.05034	0.02701	0.04297	0.03683	0.02455	0.03683	0.02087	0.02455	0.01473	0.01105	0.01105	0.00368	0.01719	0.00859	0.00491	0.01719
45	0.01523	0.01130	0.01421	0.01463	0.01691	0.01027	0.01053	0.01914	0.02831	0.03841	0.29637	0.25281	0.17122	0.02890	0.01409	0.00405	0.00597	0.02557	0.01179	0.01027
46	0.02020	0.01010	0.01515	0.01515	0.01515	0.01010	0.01010	0.01515	0.01515	0.02020	0.02020	0.03535	0.02020	0.04040	0.04545	0.66162	0.01010	0.01010	0.00505	0.00505
47	0.03245	0.41680	0.05443	0.03068	0.11934	0.11435	0.02313	0.03665	0.02549	0.02945	0.01746	0.02083	0.01557	0.01032	0.00863	0.00274	0.01391	0.00715	0.00526	0.01535
48	0.02608	0.01864	0.02301	0.01949	0.02367	0.01958	0.01489	0.06897	0.06288	0.07433	0.07571	0.04461	0.03358	0.12355	0.02880	0.09949	0.09410	0.01225	0.00837	0.12799
49	0.02442	0.01609	0.01991	0.01805	0.02171	0.01652	0.01358	0.10625	0.03045	0.08469	0.16129	0.13793	0.05719	0.11597	0.11471	0.00756	0.01281	0.01798	0.01043	0.01246
50	0.03798	0.03369	0.03112	0.02611	0.03373	0.12539	0.02070	0.23476	0.22726	0.05535	0.03386	0.03283	0.02517	0.01433	0.01151	0.00358	0.01285	0.01100	0.01069	0.01809
