[name]
unknown

[dist]
# distance from previous block
# <min> <max>
0	60

[block]
# block no. 0 follows, 9 sequences, length 40
# corresponding to MSA columns:
# 63-72,99-128
name=unknown_A
#
# <colnr> <probs for GDERKNQSTAVLIFYWHMCP>
#	G	D	E	R	K	N	Q	S	T	A	V	L	I	F	Y	W	H	M	C	P
0	0.03783	0.01637	0.02112	0.01833	0.02441	0.01496	0.01506	0.04295	0.03033	0.27861	0.04778	0.05916	0.03718	0.01790	0.01175	0.00376	0.00893	0.08509	0.21262	0.01587
1	0.01466	0.01047	0.01396	0.01675	0.01745	0.00977	0.01117	0.01675	0.02304	0.03071	0.06631	0.56931	0.07958	0.03769	0.01536	0.00489	0.00698	0.03420	0.01117	0.00977
2	0.02651	0.02548	0.08654	0.02878	0.03657	0.02135	0.12485	0.03797	0.09721	0.09195	0.12722	0.10556	0.05127	0.01959	0.01376	0.00419	0.01230	0.06347	0.01023	0.01519
3	0.03449	0.04191	0.22678	0.03195	0.04475	0.02897	0.08627	0.13582	0.08433	0.11873	0.03045	0.03156	0.02133	0.01298	0.01211	0.00382	0.01507	0.01100	0.00898	0.01871
4	0.03964	0.02429	0.03084	0.02503	0.03063	0.02759	0.02066	0.13372	0.03300	0.20620	0.03207	0.03392	0.02325	0.01673	0.02071	0.00411	0.18997	0.01121	0.07940	0.01706
5	0.27580	0.24917	0.09445	0.02148	0.03109	0.09073	0.02072	0.03734	0.02409	0.03947	0.01751	0.02036	0.01449	0.01100	0.00839	0.00322	0.01304	0.00689	0.00614	0.01461
6	0.02034	0.01082	0.01622	0.01622	0.01655	0.01114	0.01114	0.01655	0.01622	0.02196	0.02260	0.03818	0.02228	0.04908	0.11960	0.55509	0.01373	0.01082	0.00541	0.00605
7	0.03452	0.52363	0.05926	0.02068	0.03086	0.04438	0.02027	0.03846	0.02552	0.08027	0.02004	0.02163	0.01699	0.01079	0.00819	0.00270	0.01258	0.00704	0.00620	0.01598
8	0.02413	0.01579	0.01996	0.01990	0.02337	0.01569	0.01540	0.08986	0.03115	0.08299	0.09711	0.29897	0.06696	0.02997	0.01475	0.00464	0.00903	0.11577	0.01180	0.01277
9	0.02836	0.33720	0.27693	0.02708	0.04091	0.03830	0.03189	0.03701	0.02490	0.03294	0.01903	0.02219	0.01535	0.01083	0.00948	0.00316	0.01519	0.00760	0.00512	0.01655
10	0.11171	0.02112	0.02962	0.07698	0.12196	0.02061	0.02135	0.04397	0.02910	0.26416	0.03933	0.10365	0.03101	0.01636	0.01194	0.00387	0.01099	0.01392	0.01101	0.01734
11	0.05398	0.02048	0.02792	0.02141	0.03071	0.01768	0.01768	0.05863	0.03444	0.51045	0.04747	0.04095	0.02978	0.01489	0.01210	0.00372	0.01024	0.01210	0.01489	0.02048
12	0.02355	0.01538	0.02130	0.02047	0.02412	0.01686	0.01630	0.03126	0.07227	0.09342	0.03950	0.05600	0.03510	0.06618	0.34981	0.01414	0.02458	0.05812	0.00868	0.01293
13	0.03376	0.22812	0.14109	0.03408	0.09407	0.03509	0.08333	0.08652	0.03012	0.09037	0.02399	0.02677	0.01830	0.01150	0.01069	0.00335	0.01467	0.00950	0.00717	0.01751
14	0.04359	0.03502	0.19750	0.02589	0.03815	0.02126	0.02701	0.05148	0.03129	0.34594	0.03845	0.03554	0.02472	0.01369	0.01187	0.00375	0.01286	0.01098	0.01147	0.01954
15	0.01466	0.01047	0.01396	0.01675	0.01745	0.00977	0.01117	0.01675	0.02304	0.03071	0.06631	0.56931	0.07958	0.03769	0.01536	0.00489	0.00698	0.03420	0.01117	0.00977
16	0.02272	0.02138	0.03609	0.54825	0.08287	0.02673	0.03341	0.03074	0.02406	0.03074	0.02138	0.03208	0.01604	0.01203	0.01203	0.00401	0.01604	0.01069	0.00535	0.01337
17	0.03109	0.02499	0.04148	0.22242	0.29294	0.02633	0.03287	0.03815	0.02735	0.10735	0.02596	0.03222	0.01968	0.01178	0.01198	0.00374	0.01426	0.01092	0.00710	0.01739
18	0.02901	0.02780	0.04745	0.12536	0.45659	0.02839	0.03654	0.03625	0.02703	0.03838	0.02250	0.03003	0.01873	0.01086	0.01192	0.00362	0.01448	0.01072	0.00589	0.01844
19	0.66215	0.02327	0.01768	0.01582	0.02327	0.02699	0.01303	0.03537	0.02048	0.05398	0.01675	0.01954	0.01303	0.01117	0.00745	0.00372	0.00931	0.00651	0.00745	0.01303
20	0.01524	0.01092	0.01448	0.01636	0.01758	0.01016	0.01121	0.01821	0.02573	0.03499	0.17118	0.45224	0.08787	0.03450	0.01507	0.00462	0.00666	0.03116	0.01168	0.01016
21	0.05398	0.02048	0.02792	0.02141	0.03071	0.01768	0.01768	0.05863	0.03444	0.51045	0.04747	0.04095	0.02978	0.01489	0.01210	0.00372	0.01024	0.01210	0.01489	0.02048
22	0.05292	0.02218	0.02898	0.02221	0.03156	0.02021	0.01835	0.11060	0.03729	0.45446	0.04507	0.03940	0.02858	0.01483	0.01209	0.00371	0.01062	0.01194	0.01452	0.02047
23	0.05398	0.02048	0.02792	0.02141	0.03071	0.01768	0.01768	0.05863	0.03444	0.51045	0.04747	0.04095	0.02978	0.01489	0.01210	0.00372	0.01024	0.01210	0.01489	0.02048
24	0.12782	0.02439	0.02836	0.02243	0.03130	0.02464	0.01840	0.14655	0.08703	0.30330	0.03952	0.03593	0.02631	0.01447	0.01150	0.00374	0.01071	0.01126	0.01300	0.01935
25	0.02978	0.02859	0.04884	0.07385	0.50211	0.02859	0.03692	0.03692	0.02740	0.03931	0.02263	0.02978	0.01906	0.01072	0.01191	0.00357	0.01429	0.01072	0.00596	0.01906
26	0.03150	0.02914	0.04746	0.06887	0.45202	0.02953	0.03541	0.08273	0.03054	0.04324	0.02331	0.02968	0.01921	0.01112	0.01192	0.00358	0.01418	0.01073	0.00661	0.01921
27	0.05398	0.02048	0.02792	0.02141	0.03071	0.01768	0.01768	0.05863	0.03444	0.51045	0.04747	0.04095	0.02978	0.01489	0.01210	0.00372	0.01024	0.01210	0.01489	0.02048
28	0.13734	0.02965	0.03128	0.02479	0.03369	0.03263	0.02032	0.30182	0.10328	0.11744	0.03171	0.03088	0.02247	0.01424	0.01138	0.00370	0.01184	0.01068	0.01169	0.01916
29	0.02272	0.02138	0.03609	0.54825	0.08287	0.02673	0.03341	0.03074	0.02406	0.03074	0.02138	0.03208	0.01604	0.01203	0.01203	0.00401	0.01604	0.01069	0.00535	0.01337
30	0.02753	0.02680	0.03754	0.03150	0.03460	0.03428	0.06709	0.03967	0.14842	0.03587	0.02590	0.03211	0.02188	0.01865	0.02937	0.00481	0.34980	0.01175	0.00729	0.01511
31	0.05274	0.02246	0.02915	0.02235	0.03171	0.02064	0.01846	0.11931	0.03777	0.44507	0.04467	0.03914	0.02838	0.01482	0.01209	0.00371	0.01069	0.01191	0.01446	0.02047
32	0.05160	0.02101	0.02785	0.02171	0.03077	0.01890	0.01782	0.05916	0.07861	0.46487	0.04762	0.04134	0.03047	0.01503	0.01211	0.00376	0.01017	0.01225	0.01463	0.02033
33	0.02621	0.19706	0.39818	0.03075	0.04660	0.03302	0.03829	0.03757	0.02516	0.03557	0.02034	0.02383	0.01529	0.01114	0.01047	0.00349	0.01651	0.00826	0.00510	0.01718
34	0.66215	0.02327	0.01768	0.01582	0.02327	0.02699	0.01303	0.03537	0.02048	0.05398	0.01675	0.01954	0.01303	0.01117	0.00745	0.00372	0.00931	0.00651	0.00745	0.01303
35	0.02057	0.01198	0.01606	0.01745	0.01945	0.01096	0.01215	0.02305	0.02475	0.10288	0.06348	0.48983	0.07209	0.03426	0.01487	0.00471	0.00747	0.03088	0.01173	0.01138
36	0.01670	0.01229	0.01563	0.01480	0.01778	0.01121	0.01110	0.02208	0.03329	0.04643	0.45264	0.09286	0.15779	0.02527	0.01419	0.00382	0.00572	0.02218	0.01301	0.01121
37	0.50051	0.02253	0.02040	0.01731	0.02525	0.02452	0.01427	0.04155	0.02419	0.17530	0.02492	0.02523	0.01748	0.01216	0.00868	0.00372	0.00955	0.00800	0.00942	0.01501
38	0.02840	0.01458	0.01923	0.01815	0.02258	0.01308	0.01402	0.03229	0.02924	0.19186	0.12155	0.23304	0.11457	0.02716	0.01414	0.00434	0.00824	0.06719	0.01265	0.01369
39	0.04659	0.02134	0.02729	0.02183	0.02990	0.02001	0.01763	0.12459	0.03669	0.36043	0.04697	0.11827	0.03560	0.01824	0.01258	0.00388	0.01029	0.01520	0.01382	0.01886

[dist]
# distance from previous block
# <min> <max>
1	18

[block]
# block no. 1 follows, 9 sequences, length 43
# corresponding to MSA columns:
# 150-192
name=unknown_B
#
# <colnr> <probs for GDERKNQSTAVLIFYWHMCP>
#	G	D	E	R	K	N	Q	S	T	A	V	L	I	F	Y	W	H	M	C	P
0	0.42999	0.02808	0.08683	0.01970	0.02795	0.02607	0.01811	0.07837	0.02527	0.05123	0.02484	0.08958	0.02237	0.01484	0.00945	0.00387	0.01059	0.01073	0.00807	0.01406
1	0.11485	0.20898	0.09543	0.02627	0.03692	0.03538	0.06687	0.13978	0.03320	0.09984	0.02440	0.02605	0.01823	0.01201	0.01026	0.00337	0.01348	0.00918	0.00826	0.01723
2	0.36029	0.02533	0.07074	0.09334	0.03463	0.02388	0.01903	0.03240	0.02230	0.04481	0.02369	0.08049	0.02128	0.01383	0.00951	0.00365	0.01082	0.01034	0.00726	0.09238
3	0.19237	0.02689	0.03189	0.03344	0.13592	0.02876	0.02210	0.18668	0.03716	0.09685	0.06868	0.03338	0.02760	0.01376	0.01108	0.00366	0.01156	0.01085	0.00989	0.01748
4	0.03259	0.01570	0.02038	0.01727	0.02264	0.01398	0.01333	0.03686	0.03149	0.24108	0.20934	0.07022	0.10807	0.08964	0.01914	0.00476	0.00841	0.01747	0.01300	0.01463
5	0.04078	0.01755	0.02369	0.01917	0.02616	0.01542	0.01542	0.04580	0.03430	0.34533	0.20762	0.05843	0.05970	0.01836	0.01285	0.00374	0.00861	0.01555	0.01430	0.01722
6	0.01640	0.01178	0.01566	0.01655	0.01857	0.01104	0.01220	0.02070	0.02915	0.04020	0.28360	0.27692	0.09560	0.03055	0.01491	0.00440	0.00679	0.07206	0.01221	0.01072
7	0.01709	0.01221	0.01566	0.01485	0.01729	0.01140	0.01078	0.02197	0.03171	0.04472	0.43100	0.08830	0.10365	0.10276	0.02085	0.00490	0.00652	0.02116	0.01240	0.01078
8	0.02413	0.06223	0.51483	0.03429	0.05207	0.02794	0.04445	0.03810	0.02540	0.03810	0.02159	0.02540	0.01524	0.01143	0.01143	0.00381	0.01778	0.00889	0.00508	0.01778
9	0.01567	0.01187	0.01445	0.01460	0.01734	0.01065	0.01065	0.01978	0.02968	0.03973	0.29062	0.20112	0.22163	0.02919	0.01445	0.00411	0.00608	0.02554	0.01217	0.01065
10	0.04494	0.05734	0.03410	0.03100	0.03719	0.52886	0.02325	0.04804	0.03410	0.02945	0.01860	0.02170	0.01550	0.01240	0.01085	0.00310	0.02170	0.00775	0.00620	0.01395
11	0.04574	0.03370	0.03611	0.02768	0.03731	0.03731	0.02287	0.46200	0.05657	0.07583	0.02889	0.02889	0.02046	0.01444	0.01204	0.00361	0.01324	0.01083	0.01204	0.02046
12	0.02413	0.06223	0.51483	0.03429	0.05207	0.02794	0.04445	0.03810	0.02540	0.03810	0.02159	0.02540	0.01524	0.01143	0.01143	0.00381	0.01778	0.00889	0.00508	0.01778
13	0.02993	0.02585	0.02721	0.02448	0.03129	0.02993	0.01904	0.06393	0.48038	0.05033	0.04897	0.04489	0.03673	0.01632	0.01224	0.00408	0.00952	0.01360	0.01224	0.01904
14	0.03217	0.58441	0.06305	0.02059	0.03088	0.04761	0.02059	0.03603	0.02445	0.02831	0.01673	0.01930	0.01544	0.01029	0.00772	0.00257	0.01287	0.00643	0.00515	0.01544
15	0.01750	0.01166	0.01312	0.01312	0.01312	0.01166	0.00729	0.01750	0.01750	0.02333	0.03791	0.07873	0.04374	0.57717	0.06124	0.01166	0.01166	0.01750	0.00729	0.00729
16	0.02206	0.01341	0.01769	0.01599	0.01971	0.01221	0.01221	0.02760	0.03411	0.11116	0.43474	0.08321	0.10212	0.02328	0.01391	0.00378	0.00630	0.02044	0.01347	0.01259
17	0.10875	0.02158	0.02648	0.02089	0.02981	0.02011	0.01704	0.05403	0.09274	0.35232	0.04184	0.03765	0.02778	0.01408	0.01132	0.00357	0.00991	0.01122	0.01296	0.08592
18	0.02368	0.02236	0.03782	0.48367	0.13993	0.02698	0.03389	0.03158	0.02451	0.03191	0.02155	0.03176	0.01645	0.01185	0.01201	0.00395	0.01580	0.01070	0.00543	0.01414
19	0.13038	0.04292	0.03129	0.02722	0.03445	0.27955	0.02114	0.14139	0.09796	0.04618	0.02478	0.02616	0.01915	0.01322	0.01082	0.00344	0.01639	0.00906	0.00851	0.01597
20	0.03586	0.26819	0.17845	0.02521	0.03731	0.03479	0.02680	0.08033	0.02979	0.13883	0.02578	0.02651	0.01892	0.01197	0.01008	0.00326	0.01370	0.00873	0.00785	0.01763
21	0.02654	0.02557	0.03706	0.03042	0.03655	0.07481	0.15400	0.08985	0.03062	0.03941	0.04286	0.26724	0.04528	0.02312	0.01405	0.00426	0.01358	0.02185	0.00918	0.01374
22	0.01750	0.01166	0.01312	0.01312	0.01312	0.01166	0.00729	0.01750	0.01750	0.02333	0.03791	0.07873	0.04374	0.57717	0.06124	0.01166	0.01166	0.01750	0.00729	0.00729
23	0.02475	0.02534	0.04856	0.37051	0.07573	0.02805	0.18524	0.03353	0.02561	0.03353	0.02244	0.03221	0.01683	0.01135	0.01280	0.00403	0.01756	0.01194	0.00561	0.01439
24	0.18313	0.09470	0.03664	0.02573	0.03466	0.09852	0.06318	0.13886	0.03451	0.14086	0.02655	0.02743	0.01915	0.01261	0.01057	0.00351	0.01358	0.00952	0.00938	0.01690
25	0.01530	0.01093	0.01470	0.01749	0.01847	0.01033	0.01229	0.01787	0.02367	0.03143	0.06596	0.51029	0.07817	0.03709	0.01553	0.00498	0.00754	0.08687	0.01116	0.00995
26	0.01666	0.01227	0.01569	0.01569	0.01847	0.01131	0.01194	0.02158	0.03127	0.04284	0.34991	0.14750	0.15930	0.02774	0.01459	0.00414	0.00648	0.06912	0.01249	0.01099
27	0.15427	0.02702	0.03437	0.19911	0.11500	0.03070	0.02636	0.18159	0.03508	0.05199	0.02327	0.02825	0.01742	0.01251	0.01114	0.00376	0.01353	0.00994	0.00815	0.01656
28	0.03350	0.10326	0.20316	0.03378	0.09784	0.03111	0.03070	0.11830	0.09393	0.09522	0.02891	0.03015	0.02112	0.01278	0.01135	0.00363	0.01407	0.01016	0.00843	0.01860
29	0.09303	0.01555	0.01889	0.01642	0.02154	0.01469	0.01289	0.03486	0.03155	0.17870	0.25663	0.06264	0.06811	0.01901	0.01211	0.00362	0.00732	0.01601	0.10234	0.01407
30	0.04299	0.01933	0.02537	0.02133	0.02868	0.01791	0.01728	0.05109	0.08781	0.35035	0.05145	0.11138	0.04034	0.01954	0.01295	0.00408	0.00986	0.05638	0.01375	0.01812
31	0.03957	0.03037	0.10400	0.08100	0.04393	0.02569	0.07862	0.10594	0.08528	0.22518	0.03596	0.03561	0.02444	0.01363	0.01227	0.00383	0.01346	0.01176	0.01076	0.01869
32	0.04939	0.01946	0.02645	0.02063	0.02913	0.01690	0.01690	0.05417	0.03439	0.45307	0.10312	0.04702	0.04018	0.01610	0.01236	0.00373	0.00967	0.01330	0.01469	0.01934
33	0.05058	0.02124	0.02782	0.02184	0.03079	0.01942	0.01788	0.05938	0.09752	0.44536	0.04768	0.04151	0.03077	0.01509	0.01212	0.00377	0.01014	0.01231	0.01452	0.02027
34	0.01718	0.01389	0.01890	0.01995	0.02050	0.01562	0.01444	0.01939	0.02204	0.03033	0.05541	0.45215	0.06581	0.03410	0.02056	0.00497	0.12526	0.02910	0.00989	0.01050
35	0.08720	0.02958	0.08189	0.15190	0.04652	0.02917	0.02538	0.13615	0.15062	0.09210	0.03219	0.03376	0.02329	0.01379	0.01164	0.00387	0.01282	0.01106	0.00961	0.01746
36	0.02624	0.01376	0.01843	0.01759	0.02128	0.01241	0.01303	0.03006	0.02931	0.16882	0.18220	0.28743	0.07533	0.02767	0.01412	0.00425	0.00752	0.02456	0.01279	0.01319
37	0.16792	0.08493	0.09713	0.02833	0.08940	0.02739	0.02270	0.07803	0.06838	0.09637	0.09299	0.03681	0.03300	0.01409	0.01084	0.00363	0.01140	0.01110	0.00914	0.01641
38	0.17678	0.02730	0.09481	0.08137	0.03756	0.02192	0.02151	0.04145	0.02687	0.18881	0.02853	0.02962	0.01992	0.01200	0.01029	0.00337	0.01148	0.00920	0.00913	0.14806
39	0.04177	0.02222	0.02666	0.02116	0.02914	0.02150	0.01710	0.16063	0.03760	0.24802	0.04052	0.08177	0.03049	0.01606	0.01161	0.00350	0.01010	0.01307	0.09117	0.07592
40	0.10348	0.17813	0.03795	0.11406	0.03926	0.03009	0.02095	0.04564	0.08372	0.18665	0.03128	0.03161	0.02247	0.01289	0.01040	0.00350	0.01181	0.00988	0.00939	0.01686
41	0.10135	0.02294	0.02832	0.09521	0.03762	0.02211	0.01918	0.09926	0.03190	0.20466	0.03081	0.03139	0.02151	0.01236	0.01071	0.00320	0.01100	0.00976	0.01021	0.19647
42	0.29633	0.02151	0.02215	0.01852	0.02571	0.02260	0.01504	0.09134	0.03133	0.16811	0.12920	0.04116	0.03977	0.01539	0.01062	0.00372	0.00924	0.01172	0.01110	0.01543

[dist]
# distance from previous block
# <min> <max>
7	23

[block]
# block no. 2 follows, 9 sequences, length 8
# corresponding to MSA columns:
# 216-223
name=unknown_C
#
# <colnr> <probs for GDERKNQSTAVLIFYWHMCP>
#	G	D	E	R	K	N	Q	S	T	A	V	L	I	F	Y	W	H	M	C	P
0	0.02286	0.08294	0.02394	0.01842	0.02271	0.01973	0.01422	0.10508	0.03150	0.04125	0.10830	0.27883	0.12919	0.02748	0.01352	0.00412	0.00859	0.02374	0.01085	0.01272
1	0.18220	0.01935	0.02530	0.06874	0.11887	0.02014	0.01965	0.03181	0.02502	0.09495	0.03994	0.19460	0.04016	0.02104	0.01221	0.00420	0.01034	0.04826	0.00924	0.01399
2	0.03155	0.03290	0.16047	0.08232	0.04089	0.02450	0.02650	0.11674	0.06703	0.12231	0.03789	0.13510	0.03269	0.01804	0.01253	0.00401	0.01280	0.01519	0.00974	0.01681
3	0.03736	0.01608	0.02207	0.01888	0.02433	0.01435	0.01457	0.03984	0.02903	0.28994	0.09595	0.12765	0.04527	0.02468	0.01953	0.12777	0.00926	0.01631	0.01227	0.01486
4	0.02986	0.02087	0.03016	0.22189	0.08187	0.02296	0.02418	0.04118	0.11376	0.13494	0.03916	0.11960	0.03294	0.01734	0.01259	0.00407	0.01205	0.01519	0.00960	0.01578
5	0.10720	0.02252	0.02492	0.02249	0.02918	0.02456	0.01813	0.05307	0.26551	0.13657	0.04734	0.05625	0.03801	0.01825	0.01238	0.00421	0.00989	0.08023	0.01199	0.01729
6	0.03211	0.02102	0.02518	0.01988	0.02821	0.01847	0.01570	0.10047	0.03142	0.13911	0.03647	0.13315	0.03250	0.01650	0.01128	0.00306	0.00948	0.01390	0.01024	0.30186
7	0.37209	0.16197	0.03201	0.01894	0.02753	0.03222	0.01650	0.08624	0.02704	0.09944	0.02143	0.02285	0.01627	0.01173	0.00853	0.00343	0.01073	0.00759	0.00820	0.01527

[dist]
# distance from previous block
# <min> <max>
0	8

[block]
# block no. 3 follows, 9 sequences, length 28
# corresponding to MSA columns:
# 232-259
name=unknown_D
#
# <colnr> <probs for GDERKNQSTAVLIFYWHMCP>
#	G	D	E	R	K	N	Q	S	T	A	V	L	I	F	Y	W	H	M	C	P
0	0.47239	0.11963	0.02514	0.01677	0.02388	0.02847	0.01412	0.03319	0.02148	0.04663	0.02286	0.08727	0.02165	0.01429	0.00847	0.00367	0.00964	0.00991	0.00750	0.01305
1	0.08418	0.03213	0.13114	0.03141	0.08892	0.02766	0.02623	0.11423	0.03187	0.04752	0.12545	0.04034	0.03811	0.01646	0.01675	0.00398	0.10688	0.01237	0.00855	0.01581
2	0.02787	0.02275	0.02499	0.02062	0.02786	0.02289	0.01581	0.08951	0.19808	0.04475	0.03547	0.04226	0.02974	0.11149	0.01965	0.00458	0.01011	0.01179	0.00963	0.23016
3	0.01737	0.01376	0.01856	0.01888	0.02007	0.01495	0.01387	0.02057	0.02536	0.03539	0.17946	0.33838	0.07808	0.03107	0.01924	0.00464	0.10228	0.02654	0.01073	0.01081
4	0.03726	0.13275	0.13510	0.02594	0.03743	0.03267	0.02525	0.20936	0.03861	0.09815	0.02620	0.02721	0.01912	0.01247	0.01078	0.00326	0.01326	0.00934	0.00911	0.09673
5	0.03139	0.38024	0.18484	0.02556	0.03746	0.09660	0.02749	0.03796	0.02580	0.03115	0.01828	0.02126	0.01539	0.01085	0.00910	0.00298	0.01523	0.00726	0.00525	0.01592
6	0.05398	0.02048	0.02792	0.02141	0.03071	0.01768	0.01768	0.05863	0.03444	0.51045	0.04747	0.04095	0.02978	0.01489	0.01210	0.00372	0.01024	0.01210	0.01489	0.02048
7	0.01771	0.01204	0.01434	0.01377	0.01681	0.01111	0.01033	0.02292	0.03098	0.04476	0.33108	0.08459	0.16248	0.02332	0.01294	0.00362	0.00573	0.02010	0.15026	0.01111
8	0.04065	0.02310	0.02902	0.08483	0.03689	0.02388	0.02009	0.12320	0.12152	0.24520	0.08550	0.04335	0.03608	0.01570	0.01231	0.00381	0.01086	0.01295	0.01260	0.01846
9	0.09574	0.10753	0.18561	0.03176	0.04374	0.08715	0.10967	0.07823	0.02997	0.08609	0.02384	0.02681	0.01750	0.01173	0.01117	0.00360	0.01616	0.00972	0.00719	0.01680
10	0.01797	0.01211	0.01523	0.01445	0.01728	0.01133	0.01084	0.02363	0.03252	0.04766	0.41609	0.08202	0.09909	0.02275	0.01318	0.00361	0.00566	0.01992	0.12332	0.01133
11	0.05398	0.02048	0.02792	0.02141	0.03071	0.01768	0.01768	0.05863	0.03444	0.51045	0.04747	0.04095	0.02978	0.01489	0.01210	0.00372	0.01024	0.01210	0.01489	0.02048
12	0.28434	0.02059	0.02257	0.01851	0.02633	0.02053	0.01514	0.04540	0.02900	0.27956	0.08867	0.03848	0.03323	0.01460	0.01055	0.00373	0.00934	0.01109	0.01182	0.01652
13	0.03370	0.02923	0.04366	0.04196	0.14177	0.03140	0.10803	0.18849	0.03710	0.05076	0.02905	0.04153	0.02470	0.01573	0.01618	0.00410	0.07869	0.05782	0.00867	0.01743
14	0.01703	0.01230	0.01608	0.01514	0.01797	0.01135	0.01135	0.02270	0.03406	0.04825	0.49577	0.08987	0.11352	0.02460	0.01419	0.00378	0.00568	0.02176	0.01324	0.01135
15	0.02272	0.02138	0.03609	0.54825	0.08287	0.02673	0.03341	0.03074	0.02406	0.03074	0.02138	0.03208	0.01604	0.01203	0.01203	0.00401	0.01604	0.01069	0.00535	0.01337
16	0.02413	0.06223	0.51483	0.03429	0.05207	0.02794	0.04445	0.03810	0.02540	0.03810	0.02159	0.02540	0.01524	0.01143	0.01143	0.00381	0.01778	0.00889	0.00508	0.01778
17	0.04494	0.05734	0.03410	0.03100	0.03719	0.52886	0.02325	0.04804	0.03410	0.02945	0.01860	0.02170	0.01550	0.01240	0.01085	0.00310	0.02170	0.00775	0.00620	0.01395
18	0.01619	0.01227	0.01492	0.01426	0.01746	0.01100	0.01069	0.02109	0.03208	0.04356	0.38443	0.09759	0.22779	0.02635	0.01420	0.00387	0.00580	0.02284	0.01263	0.01100
19	0.02458	0.02420	0.04375	0.40294	0.13106	0.02760	0.10802	0.03286	0.02523	0.03316	0.02205	0.03186	0.01680	0.01154	0.01239	0.00396	0.01656	0.01131	0.00555	0.01457
20	0.01466	0.01047	0.01396	0.01675	0.01745	0.00977	0.01117	0.01675	0.02304	0.03071	0.06631	0.56931	0.07958	0.03769	0.01536	0.00489	0.00698	0.03420	0.01117	0.00977
21	0.02272	0.02138	0.03609	0.54825	0.08287	0.02673	0.03341	0.03074	0.02406	0.03074	0.02138	0.03208	0.01604	0.01203	0.01203	0.00401	0.01604	0.01069	0.00535	0.01337
22	0.02272	0.02138	0.03609	0.54825	0.08287	0.02673	0.03341	0.03074	0.02406	0.03074	0.02138	0.03208	0.01604	0.01203	0.01203	0.00401	0.01604	0.01069	0.00535	0.01337
23	0.24251	0.02134	0.02475	0.01968	0.02841	0.02057	0.01624	0.05142	0.03011	0.36895	0.03795	0.03432	0.02459	0.01374	0.01066	0.00372	0.00995	0.01037	0.01258	0.01817
24	0.01901	0.01434	0.01785	0.01693	0.01713	0.01638	0.01134	0.01987	0.01783	0.02474	0.03352	0.06663	0.03758	0.43440	0.10140	0.01127	0.10845	0.01585	0.00686	0.00864
25	0.02437	0.01803	0.02796	0.30940	0.05462	0.02046	0.02377	0.03023	0.02568	0.08884	0.08906	0.09632	0.03882	0.08027	0.01818	0.00490	0.01272	0.01522	0.00822	0.01293
26	0.01518	0.01093	0.01480	0.01690	0.01798	0.01055	0.01164	0.01788	0.02365	0.03206	0.10333	0.46170	0.07696	0.04266	0.07610	0.00649	0.00984	0.03049	0.01081	0.01004
27	0.03914	0.13079	0.03899	0.02477	0.03429	0.02844	0.06026	0.08983	0.11091	0.19814	0.03494	0.03374	0.02492	0.01310	0.01113	0.00337	0.01171	0.01080	0.01059	0.09016

[dist]
# distance from previous block
# <min> <max>
2	5

[block]
# block no. 4 follows, 9 sequences, length 27
# corresponding to MSA columns:
# 265-291
name=unknown_E
#
# <colnr> <probs for GDERKNQSTAVLIFYWHMCP>
#	G	D	E	R	K	N	Q	S	T	A	V	L	I	F	Y	W	H	M	C	P
0	0.46190	0.13204	0.02875	0.01827	0.02654	0.03227	0.01575	0.09061	0.02590	0.05189	0.01832	0.02070	0.01445	0.01142	0.00809	0.00349	0.01050	0.00706	0.00760	0.01445
1	0.40003	0.03023	0.09540	0.02101	0.03054	0.02747	0.01972	0.10142	0.02828	0.11257	0.02314	0.02449	0.01657	0.01216	0.00930	0.00372	0.01126	0.00821	0.00871	0.01577
2	0.01566	0.01155	0.01466	0.01535	0.01751	0.01054	0.01095	0.01951	0.02865	0.03888	0.26815	0.28644	0.15627	0.03073	0.01466	0.00427	0.00626	0.02730	0.01211	0.01054
3	0.02168	0.01347	0.01674	0.01524	0.01937	0.01195	0.01167	0.02648	0.03227	0.11181	0.32614	0.08987	0.20768	0.02480	0.01389	0.00385	0.00646	0.02135	0.01291	0.01236
4	0.30975	0.02639	0.09335	0.02045	0.02881	0.02277	0.01907	0.03828	0.02408	0.14809	0.02725	0.03047	0.02034	0.02717	0.10901	0.00672	0.01515	0.00933	0.00856	0.01494
5	0.18087	0.02647	0.03113	0.02475	0.03312	0.02847	0.06395	0.17392	0.10280	0.11553	0.03185	0.03238	0.02300	0.01355	0.01095	0.00370	0.01151	0.01081	0.06392	0.01734
6	0.01719	0.01289	0.01934	0.01934	0.02148	0.01504	0.01504	0.02148	0.01934	0.02793	0.03223	0.04727	0.03008	0.09024	0.52949	0.01934	0.03223	0.01289	0.00645	0.01074
7	0.01565	0.01124	0.01485	0.01607	0.01767	0.01044	0.01125	0.01925	0.02767	0.03808	0.24677	0.36786	0.09384	0.03219	0.01487	0.00442	0.00643	0.02897	0.01204	0.01044
8	0.02632	0.02632	0.03685	0.03159	0.03159	0.03685	0.02632	0.02895	0.01843	0.02895	0.01579	0.02632	0.01579	0.02106	0.03948	0.00526	0.55515	0.01053	0.00526	0.01316
9	0.12362	0.02531	0.04579	0.03526	0.04422	0.02450	0.23558	0.03757	0.02784	0.10122	0.03516	0.05513	0.03057	0.01616	0.01348	0.00430	0.01526	0.10535	0.00856	0.01513
10	0.10365	0.02792	0.03342	0.03044	0.09271	0.02906	0.02210	0.24143	0.04255	0.20614	0.03282	0.03193	0.02253	0.01381	0.01161	0.00365	0.01206	0.01082	0.01174	0.01960
11	0.03616	0.01994	0.02489	0.01986	0.02776	0.01759	0.01578	0.08395	0.03242	0.22463	0.07882	0.11772	0.03993	0.01739	0.01187	0.00335	0.00932	0.01468	0.01176	0.19218
12	0.28192	0.02354	0.02451	0.01996	0.02794	0.02482	0.01635	0.13288	0.03381	0.19286	0.07876	0.03527	0.03014	0.01438	0.01052	0.00371	0.01005	0.01070	0.01124	0.01665
13	0.02579	0.09640	0.07534	0.01970	0.03100	0.02114	0.01787	0.03175	0.02493	0.03772	0.02081	0.02428	0.01728	0.00932	0.00899	0.00207	0.01024	0.00720	0.00669	0.51149
14	0.58145	0.02820	0.08056	0.01816	0.02691	0.02711	0.01700	0.03571	0.02110	0.05197	0.01736	0.02029	0.01331	0.01120	0.00795	0.00373	0.01038	0.00682	0.00715	0.01363
15	0.01998	0.01201	0.01604	0.01710	0.01921	0.01101	0.01202	0.02293	0.02611	0.09399	0.12760	0.43140	0.07831	0.03287	0.01477	0.00458	0.00720	0.02956	0.01195	0.01136
16	0.66215	0.02327	0.01768	0.01582	0.02327	0.02699	0.01303	0.03537	0.02048	0.05398	0.01675	0.01954	0.01303	0.01117	0.00745	0.00372	0.00931	0.00651	0.00745	0.01303
17	0.02941	0.02657	0.04207	0.24928	0.27276	0.02916	0.03351	0.09703	0.03040	0.04138	0.02307	0.03053	0.01810	0.01177	0.01197	0.00375	0.01481	0.01073	0.00662	0.01708
18	0.01707	0.01508	0.02218	0.02006	0.02452	0.01357	0.07747	0.02131	0.02676	0.03351	0.08927	0.19283	0.29096	0.02920	0.01474	0.00441	0.00901	0.07655	0.01041	0.01110
19	0.13255	0.02084	0.02660	0.02068	0.02975	0.01889	0.01708	0.05563	0.03263	0.45147	0.04350	0.03819	0.02762	0.01441	0.01150	0.00372	0.01012	0.01138	0.01393	0.01951
20	0.17948	0.02521	0.02833	0.02220	0.03122	0.02580	0.01833	0.18033	0.03844	0.27791	0.03517	0.03266	0.02333	0.01397	0.01110	0.00369	0.01098	0.01053	0.01243	0.01890
21	0.02069	0.01221	0.01569	0.01591	0.01850	0.01131	0.01150	0.02469	0.02802	0.08871	0.19511	0.28557	0.07777	0.02768	0.01362	0.00411	0.00671	0.02457	0.10603	0.01161
22	0.01662	0.01228	0.01551	0.01470	0.01772	0.01118	0.01103	0.02191	0.03308	0.04593	0.44081	0.09368	0.16992	0.02546	0.01419	0.00383	0.00574	0.02229	0.01294	0.01118
23	0.03215	0.01572	0.02049	0.01734	0.02308	0.01384	0.01369	0.03701	0.03324	0.24019	0.25240	0.07312	0.13473	0.02138	0.01332	0.00380	0.00765	0.01823	0.01363	0.01501
24	0.02049	0.01195	0.01603	0.01744	0.01942	0.01095	0.01213	0.02296	0.02473	0.10184	0.06352	0.49098	0.07219	0.03431	0.01487	0.00471	0.00746	0.03093	0.01172	0.01136
25	0.03369	0.02644	0.07760	0.09466	0.17808	0.02284	0.06424	0.04049	0.02908	0.17869	0.04283	0.04435	0.08335	0.01467	0.01244	0.00379	0.01301	0.01317	0.00918	0.01738
26	0.13411	0.10109	0.03516	0.02358	0.03305	0.03355	0.01990	0.27109	0.04234	0.09802	0.02631	0.02687	0.01922	0.01294	0.01051	0.00333	0.01196	0.00938	0.01024	0.07734

[dist]
# distance from previous block
# <min> <max>
1	25

[block]
# block no. 5 follows, 9 sequences, length 44
# corresponding to MSA columns:
# 318-361
name=unknown_F
#
# <colnr> <probs for GDERKNQSTAVLIFYWHMCP>
#	G	D	E	R	K	N	Q	S	T	A	V	L	I	F	Y	W	H	M	C	P
0	0.04112	0.02126	0.02872	0.02755	0.08723	0.02016	0.01933	0.10342	0.03534	0.28370	0.09629	0.10249	0.04249	0.01799	0.01267	0.00383	0.01026	0.01534	0.01277	0.01804
1	0.03877	0.03247	0.11394	0.03552	0.04718	0.02626	0.19719	0.09042	0.03311	0.21090	0.03269	0.03413	0.02218	0.01247	0.01283	0.00386	0.01560	0.01235	0.00972	0.01841
2	0.03267	0.10842	0.23998	0.03117	0.04328	0.02937	0.07922	0.04145	0.02682	0.14369	0.02649	0.02911	0.01899	0.01314	0.01492	0.00385	0.08249	0.01012	0.00746	0.01737
3	0.02433	0.01315	0.01730	0.01711	0.01994	0.01204	0.01214	0.02716	0.02623	0.14141	0.11139	0.32057	0.06742	0.10623	0.02088	0.00543	0.00822	0.02528	0.01173	0.01207
4	0.26450	0.02060	0.02306	0.01877	0.02674	0.02030	0.01537	0.04663	0.02947	0.30065	0.08403	0.03858	0.03273	0.01460	0.01068	0.00373	0.00943	0.01115	0.01209	0.01689
5	0.03285	0.03990	0.14428	0.09326	0.04457	0.10166	0.02929	0.13739	0.08303	0.04448	0.02489	0.02882	0.01906	0.01450	0.01640	0.00397	0.10708	0.01020	0.00770	0.01668
6	0.24272	0.03001	0.03679	0.04970	0.29045	0.08368	0.02742	0.03764	0.02583	0.04311	0.02022	0.02546	0.01665	0.01106	0.01030	0.00357	0.01345	0.00898	0.00648	0.01648
7	0.01460	0.01068	0.01374	0.01619	0.01730	0.00982	0.01092	0.01682	0.02358	0.03094	0.07322	0.51298	0.13146	0.03680	0.01522	0.00478	0.00687	0.03311	0.01117	0.00982
8	0.12793	0.02082	0.02668	0.02073	0.02981	0.01882	0.01712	0.05581	0.03274	0.45494	0.04373	0.03835	0.02775	0.01444	0.01153	0.00372	0.01012	0.01142	0.01399	0.01957
9	0.01939	0.01385	0.01939	0.02216	0.02493	0.01385	0.01939	0.02493	0.02770	0.03601	0.06370	0.13572	0.06924	0.03324	0.01662	0.00554	0.01108	0.42113	0.01108	0.01108
10	0.02717	0.02882	0.05077	0.03938	0.04435	0.03423	0.20249	0.03286	0.02249	0.03286	0.01928	0.02882	0.01680	0.01661	0.02918	0.00477	0.33708	0.01203	0.00560	0.01441
11	0.02059	0.01315	0.01685	0.01543	0.01911	0.01187	0.01175	0.02583	0.03327	0.09515	0.40193	0.08792	0.15234	0.02430	0.01397	0.00381	0.00621	0.02119	0.01316	0.01217
12	0.03348	0.01594	0.02135	0.01793	0.02365	0.01417	0.01417	0.03870	0.03423	0.25405	0.29616	0.06809	0.07624	0.02028	0.01326	0.00376	0.00771	0.01746	0.01398	0.01541
13	0.37696	0.02196	0.02248	0.01844	0.02676	0.02263	0.01521	0.04628	0.02702	0.26803	0.03116	0.02958	0.02089	0.01291	0.00963	0.00372	0.00974	0.00913	0.01094	0.01652
14	0.03590	0.02060	0.02566	0.02278	0.02903	0.02065	0.01888	0.14812	0.03670	0.18504	0.05013	0.12821	0.04607	0.02344	0.01395	0.00443	0.01094	0.15087	0.01246	0.01614
15	0.08721	0.02308	0.03284	0.32183	0.06070	0.02638	0.02697	0.09711	0.03042	0.13737	0.02738	0.03238	0.01922	0.01288	0.01165	0.00387	0.01388	0.01064	0.00842	0.01579
16	0.02495	0.02138	0.02495	0.01782	0.02851	0.01604	0.01426	0.03029	0.02495	0.03921	0.02138	0.02495	0.01782	0.00891	0.00891	0.00178	0.00891	0.00713	0.00713	0.65072
17	0.02720	0.02047	0.03193	0.13615	0.08126	0.02115	0.06974	0.07830	0.02929	0.09343	0.04231	0.23119	0.04213	0.02180	0.01350	0.00422	0.01202	0.01996	0.00949	0.01447
18	0.02080	0.01522	0.02015	0.01910	0.02174	0.01711	0.01442	0.07539	0.02358	0.03294	0.03298	0.05143	0.03168	0.18064	0.36922	0.01581	0.02565	0.01358	0.00731	0.01124
19	0.01486	0.01085	0.01399	0.01607	0.01737	0.00998	0.01096	0.01744	0.02469	0.03277	0.11789	0.46820	0.12961	0.03551	0.01511	0.00468	0.00674	0.03191	0.01139	0.00998
20	0.02953	0.37770	0.05209	0.15358	0.04398	0.04030	0.02363	0.03796	0.07764	0.03149	0.02167	0.02550	0.01808	0.01143	0.00933	0.00311	0.01327	0.00834	0.00603	0.01534
21	0.02504	0.02189	0.03363	0.41642	0.06923	0.02632	0.02947	0.08944	0.02849	0.03704	0.02743	0.09137	0.02372	0.01522	0.01240	0.00405	0.01464	0.01333	0.00693	0.01396
22	0.10972	0.10972	0.09519	0.02631	0.03451	0.03411	0.02424	0.15654	0.03284	0.09971	0.02394	0.02679	0.01822	0.01469	0.01714	0.00390	0.13754	0.00955	0.00845	0.01689
23	0.11506	0.08626	0.03008	0.02085	0.02869	0.02751	0.01740	0.18582	0.03798	0.14576	0.07118	0.03649	0.03025	0.01448	0.01069	0.00343	0.01042	0.01105	0.09965	0.01693
24	0.01673	0.01207	0.01582	0.01534	0.01791	0.01116	0.01133	0.02197	0.03269	0.04607	0.44242	0.14943	0.10931	0.02622	0.01434	0.00392	0.00584	0.02330	0.01299	0.01116
25	0.02583	0.08984	0.02958	0.01816	0.02880	0.01988	0.01503	0.03099	0.02489	0.03788	0.02082	0.02426	0.01753	0.00908	0.00877	0.00188	0.00939	0.00704	0.00689	0.57347
26	0.03639	0.02732	0.08162	0.02255	0.03296	0.02164	0.02009	0.08174	0.09430	0.19070	0.03404	0.03311	0.02413	0.01257	0.01092	0.00309	0.01077	0.01010	0.01046	0.24152
27	0.02593	0.18327	0.28649	0.02743	0.04029	0.03108	0.03161	0.03858	0.07681	0.03824	0.08107	0.03388	0.02963	0.01329	0.01092	0.00353	0.01416	0.01036	0.00689	0.01655
28	0.03648	0.01660	0.02232	0.01844	0.02468	0.01469	0.01469	0.04162	0.03426	0.29159	0.25974	0.06412	0.06943	0.01949	0.01309	0.00375	0.00808	0.01667	0.01411	0.01616
29	0.01561	0.01116	0.01498	0.01731	0.01856	0.01053	0.01234	0.01862	0.02503	0.03358	0.11817	0.45044	0.08226	0.03548	0.01539	0.00484	0.00739	0.08675	0.01141	0.01015
30	0.02933	0.10985	0.32256	0.03440	0.04928	0.02941	0.11794	0.04035	0.02693	0.09231	0.02460	0.02789	0.01754	0.01146	0.01163	0.00371	0.01683	0.01001	0.00643	0.01754
31	0.03737	0.02860	0.09658	0.10693	0.09699	0.02493	0.07771	0.04433	0.02870	0.22742	0.03186	0.03404	0.02207	0.01370	0.01513	0.00396	0.07119	0.01144	0.00932	0.01773
32	0.02413	0.06223	0.51483	0.03429	0.05207	0.02794	0.04445	0.03810	0.02540	0.03810	0.02159	0.02540	0.01524	0.01143	0.01143	0.00381	0.01778	0.00889	0.00508	0.01778
33	0.02774	0.02300	0.03796	0.26828	0.11519	0.02513	0.07819	0.06883	0.02844	0.07764	0.03103	0.10739	0.02710	0.01568	0.01274	0.00403	0.01432	0.01452	0.00770	0.01511
34	0.03831	0.03096	0.10101	0.07747	0.04918	0.02614	0.17189	0.09207	0.03294	0.20704	0.03237	0.03417	0.02200	0.01259	0.01272	0.00386	0.01534	0.01218	0.00965	0.01813
35	0.01619	0.01165	0.01533	0.01571	0.01779	0.01080	0.01129	0.02061	0.03017	0.04207	0.34447	0.25879	0.10156	0.02921	0.01460	0.00417	0.00614	0.02614	0.01251	0.01080
36	0.01506	0.01064	0.01384	0.01625	0.01685	0.01004	0.01063	0.01686	0.02226	0.02968	0.06234	0.50078	0.07457	0.11306	0.02177	0.00583	0.00763	0.03187	0.01063	0.00943
37	0.02501	0.02125	0.02895	0.24855	0.05097	0.02473	0.02384	0.08096	0.13481	0.04012	0.03893	0.15730	0.03587	0.01915	0.01284	0.00418	0.01214	0.01676	0.00901	0.01463
38	0.02779	0.04160	0.23442	0.03384	0.04624	0.02817	0.12931	0.09173	0.09436	0.04557	0.07705	0.03697	0.02996	0.01358	0.01254	0.00388	0.01537	0.01236	0.00802	0.01725
39	0.02840	0.03245	0.07099	0.05071	0.06288	0.03043	0.45842	0.03854	0.02840	0.03854	0.02434	0.03245	0.01826	0.01014	0.01420	0.00406	0.02028	0.01420	0.00609	0.01623
40	0.04219	0.01934	0.02527	0.02141	0.02864	0.01806	0.01735	0.05077	0.09468	0.33723	0.05167	0.11147	0.04092	0.01978	0.01301	0.00411	0.00987	0.06259	0.01366	0.01798
41	0.02865	0.02625	0.10274	0.09399	0.04366	0.02085	0.12213	0.03553	0.02719	0.13759	0.04081	0.18939	0.03789	0.01960	0.01342	0.00419	0.01336	0.01838	0.00924	0.01513
42	0.33320	0.02735	0.03794	0.03697	0.13406	0.02897	0.12058	0.07200	0.02675	0.04919	0.02073	0.02542	0.01611	0.01111	0.01031	0.00376	0.01319	0.00951	0.00720	0.01565
43	0.04264	0.15946	0.04226	0.02606	0.03584	0.03966	0.02235	0.36472	0.04923	0.06497	0.02611	0.02670	0.01931	0.01350	0.01105	0.00337	0.01315	0.00983	0.01046	0.01931

[dist]
# distance from previous block
# <min> <max>
0	12

[block]
# block no. 6 follows, 9 sequences, length 26
# corresponding to MSA columns:
# 374-399
name=unknown_G
#
# <colnr> <probs for GDERKNQSTAVLIFYWHMCP>
#	G	D	E	R	K	N	Q	S	T	A	V	L	I	F	Y	W	H	M	C	P
0	0.54623	0.02523	0.02115	0.01805	0.02591	0.02893	0.01488	0.11560	0.02726	0.05809	0.01903	0.02130	0.01443	0.01178	0.00831	0.00370	0.01005	0.00733	0.00831	0.01443
1	0.02978	0.02859	0.04884	0.07385	0.50211	0.02859	0.03692	0.03692	0.02740	0.03931	0.02263	0.02978	0.01906	0.01072	0.01191	0.00357	0.01429	0.01072	0.00596	0.01906
2	0.02495	0.02138	0.02495	0.01782	0.02851	0.01604	0.01426	0.03029	0.02495	0.03921	0.02138	0.02495	0.01782	0.00891	0.00891	0.00178	0.00891	0.00713	0.00713	0.65072
3	0.03443	0.03301	0.15942	0.02687	0.03913	0.02125	0.07155	0.04234	0.02849	0.19010	0.03013	0.03102	0.02103	0.01163	0.01117	0.00318	0.01290	0.00995	0.00897	0.21343
4	0.03974	0.03438	0.04246	0.04578	0.19917	0.14213	0.07894	0.08317	0.03323	0.14127	0.02780	0.03056	0.02057	0.01227	0.01199	0.00356	0.01575	0.01076	0.00850	0.01798
5	0.01569	0.01225	0.01422	0.01373	0.01715	0.01078	0.01030	0.02011	0.03089	0.04073	0.31718	0.10225	0.29680	0.02740	0.01420	0.00392	0.00588	0.02349	0.01225	0.01078
6	0.01574	0.01153	0.01479	0.01550	0.01757	0.01057	0.01104	0.01965	0.02876	0.03928	0.27731	0.29239	0.13992	0.03067	0.01468	0.00427	0.00626	0.02733	0.01216	0.01057
7	0.03383	0.23384	0.15309	0.02540	0.03658	0.03537	0.02574	0.09524	0.11532	0.09133	0.02861	0.02895	0.02152	0.01267	0.01040	0.00339	0.01313	0.00947	0.00832	0.01779
8	0.02877	0.02855	0.05166	0.11954	0.37529	0.02874	0.11582	0.03658	0.02723	0.03826	0.02282	0.03052	0.01859	0.01075	0.01235	0.00371	0.01560	0.01137	0.00592	0.01793
9	0.01721	0.01290	0.01635	0.01720	0.02035	0.01204	0.01404	0.02209	0.02958	0.03879	0.21312	0.11600	0.20305	0.02980	0.01520	0.00458	0.00802	0.18700	0.01177	0.01090
10	0.01673	0.01207	0.01582	0.01534	0.01791	0.01116	0.01133	0.02197	0.03269	0.04607	0.44247	0.14937	0.10931	0.02622	0.01434	0.00392	0.00584	0.02330	0.01299	0.01116
11	0.04305	0.02821	0.08529	0.02753	0.03754	0.02364	0.07451	0.12683	0.03630	0.27884	0.03995	0.04468	0.02872	0.01555	0.01268	0.00392	0.01288	0.04915	0.01191	0.01882
12	0.66215	0.02327	0.01768	0.01582	0.02327	0.02699	0.01303	0.03537	0.02048	0.05398	0.01675	0.01954	0.01303	0.01117	0.00745	0.00372	0.00931	0.00651	0.00745	0.01303
13	0.02272	0.02138	0.03609	0.54825	0.08287	0.02673	0.03341	0.03074	0.02406	0.03074	0.02138	0.03208	0.01604	0.01203	0.01203	0.00401	0.01604	0.01069	0.00535	0.01337
14	0.01574	0.01125	0.01521	0.01799	0.01917	0.01071	0.01306	0.01863	0.02411	0.03193	0.06571	0.46977	0.07720	0.03667	0.01565	0.00504	0.00792	0.12304	0.01115	0.01007
15	0.03561	0.22474	0.04744	0.02782	0.03616	0.10038	0.06188	0.13614	0.08217	0.04257	0.02380	0.02648	0.01919	0.01327	0.01352	0.00346	0.07157	0.00951	0.00770	0.01661
16	0.02978	0.02859	0.04884	0.07385	0.50211	0.02859	0.03692	0.03692	0.02740	0.03931	0.02263	0.02978	0.01906	0.01072	0.01191	0.00357	0.01429	0.01072	0.00596	0.01906
17	0.01916	0.01406	0.02016	0.02299	0.07556	0.01455	0.01435	0.02184	0.02217	0.03109	0.11857	0.06063	0.04719	0.19640	0.18986	0.08096	0.01709	0.01529	0.00776	0.01031
18	0.02041	0.01297	0.01861	0.01877	0.02125	0.01370	0.01413	0.02406	0.02212	0.08123	0.04438	0.20738	0.04529	0.06586	0.31489	0.01319	0.02206	0.01937	0.00882	0.01150
19	0.13315	0.03890	0.19914	0.03147	0.04393	0.02748	0.11473	0.09247	0.03067	0.13403	0.02712	0.02924	0.01886	0.01214	0.01156	0.00381	0.01499	0.01042	0.00833	0.01755
20	0.02734	0.27068	0.33448	0.02882	0.04361	0.03579	0.03493	0.03727	0.02502	0.03419	0.01965	0.02297	0.01532	0.01098	0.00995	0.00332	0.01582	0.00791	0.00511	0.01685
21	0.02436	0.01682	0.02099	0.01949	0.02321	0.01723	0.01545	0.11464	0.03390	0.04613	0.20910	0.07745	0.06633	0.02766	0.02046	0.12566	0.00941	0.10864	0.01099	0.01206
22	0.02097	0.01107	0.01173	0.01226	0.01466	0.01094	0.00893	0.02591	0.02482	0.04220	0.04434	0.14348	0.04000	0.01847	0.00972	0.00320	0.00587	0.01554	0.52496	0.01094
23	0.01617	0.01252	0.01812	0.11670	0.02975	0.01296	0.01535	0.01938	0.02323	0.03072	0.05786	0.46828	0.06763	0.03287	0.01473	0.00472	0.00868	0.02978	0.01007	0.01045
24	0.02653	0.02230	0.08546	0.03060	0.11554	0.01715	0.02144	0.03156	0.02643	0.12907	0.04878	0.29482	0.05027	0.02481	0.01357	0.00427	0.01035	0.02223	0.01018	0.01465
25	0.03080	0.32683	0.22572	0.02692	0.03946	0.10009	0.02970	0.03828	0.02600	0.03205	0.01875	0.02184	0.01537	0.01097	0.00947	0.00309	0.01577	0.00750	0.00525	0.01612

[dist]
# distance from previous block
# <min> <max>
5	33

[block]
# block no. 7 follows, 9 sequences, length 17
# corresponding to MSA columns:
# 443-459
name=unknown_H
#
# <colnr> <probs for GDERKNQSTAVLIFYWHMCP>
#	G	D	E	R	K	N	Q	S	T	A	V	L	I	F	Y	W	H	M	C	P
0	0.02980	0.03556	0.14006	0.07977	0.04494	0.03350	0.07521	0.12219	0.02937	0.04179	0.02113	0.02782	0.01693	0.01572	0.02280	0.00438	0.22568	0.01065	0.00673	0.01599
1	0.01555	0.01162	0.01445	0.01507	0.01740	0.01052	0.01080	0.01935	0.02861	0.03844	0.25808	0.26845	0.18633	0.03062	0.01462	0.00424	0.00624	0.02705	0.01204	0.01052
2	0.03232	0.02971	0.09272	0.02736	0.03709	0.02544	0.08062	0.12256	0.11128	0.10120	0.09178	0.04028	0.03491	0.01438	0.01213	0.00355	0.01220	0.01254	0.01019	0.10773
3	0.27921	0.02866	0.09096	0.02173	0.03152	0.02477	0.02013	0.09171	0.03038	0.22551	0.03028	0.02940	0.02044	0.01296	0.01024	0.00372	0.01124	0.00941	0.01043	0.01729
4	0.01773	0.01193	0.01389	0.01423	0.01456	0.01193	0.00877	0.01840	0.01874	0.02488	0.04106	0.08569	0.04686	0.51074	0.05579	0.01092	0.01159	0.06679	0.00775	0.00775
5	0.01952	0.01401	0.01717	0.01736	0.01959	0.01389	0.01224	0.07537	0.02911	0.03949	0.15322	0.33370	0.07513	0.09769	0.02027	0.00531	0.00807	0.02640	0.01127	0.01119
6	0.02272	0.02138	0.03609	0.54825	0.08287	0.02673	0.03341	0.03074	0.02406	0.03074	0.02138	0.03208	0.01604	0.01203	0.01203	0.00401	0.01604	0.01069	0.00535	0.01337
7	0.01709	0.01221	0.01568	0.01486	0.01732	0.01139	0.01080	0.02200	0.03181	0.04487	0.43369	0.08836	0.10406	0.09951	0.02057	0.00485	0.00649	0.02118	0.01244	0.01080
8	0.02877	0.03141	0.06500	0.05697	0.18175	0.02993	0.34435	0.03810	0.02813	0.03875	0.02388	0.03173	0.01847	0.01030	0.01358	0.00393	0.01866	0.01326	0.00605	0.01699
9	0.01892	0.01192	0.01437	0.01376	0.01659	0.01130	0.01032	0.02457	0.03096	0.04706	0.33558	0.07408	0.08451	0.02088	0.01216	0.00344	0.00565	0.01806	0.23455	0.01130
10	0.66215	0.02327	0.01768	0.01582	0.02327	0.02699	0.01303	0.03537	0.02048	0.05398	0.01675	0.01954	0.01303	0.01117	0.00745	0.00372	0.00931	0.00651	0.00745	0.01303
11	0.02413	0.06223	0.51483	0.03429	0.05207	0.02794	0.04445	0.03810	0.02540	0.03810	0.02159	0.02540	0.01524	0.01143	0.01143	0.00381	0.01778	0.00889	0.00508	0.01778
12	0.66215	0.02327	0.01768	0.01582	0.02327	0.02699	0.01303	0.03537	0.02048	0.05398	0.01675	0.01954	0.01303	0.01117	0.00745	0.00372	0.00931	0.00651	0.00745	0.01303
13	0.01494	0.01095	0.01403	0.01594	0.01737	0.01005	0.01093	0.01766	0.02517	0.03344	0.13449	0.44290	0.13807	0.03490	0.01504	0.00462	0.00668	0.03130	0.01146	0.01005
14	0.16265	0.12806	0.34357	0.02837	0.04286	0.03053	0.03429	0.03722	0.02421	0.04013	0.01986	0.02327	0.01479	0.01121	0.01005	0.00362	0.01526	0.00803	0.00560	0.01643
15	0.03348	0.02239	0.03386	0.10515	0.10311	0.02188	0.06109	0.04272	0.07700	0.17629	0.09318	0.04234	0.03550	0.01423	0.01218	0.00360	0.01171	0.01275	0.01018	0.08736
16	0.03254	0.12075	0.25165	0.03825	0.14163	0.02880	0.03402	0.04171	0.02753	0.13265	0.02636	0.02863	0.01904	0.01182	0.01114	0.00357	0.01480	0.00959	0.00727	0.01827

[dist]
