[name]
unknown

[dist]
# distance from previous block
# <min> <max>
0	124

[block]
# block no. 0 follows, 13 sequences, length 64
# corresponding to MSA columns:
# 124-187
name=unknown_A
#
# <colnr> <probs for GDERKNQSTAVLIFYWHMCP>
#	G	D	E	R	K	N	Q	S	T	A	V	L	I	F	Y	W	H	M	C	P
0	0.02233	0.02252	0.04213	0.36226	0.14259	0.02466	0.17032	0.02979	0.02267	0.03011	0.01970	0.02797	0.01505	0.00992	0.01110	0.00348	0.01492	0.01028	0.00496	0.01322
1	0.01931	0.01701	0.02682	0.34488	0.05084	0.02060	0.02454	0.02512	0.02170	0.02841	0.03085	0.05845	0.02988	0.01771	0.01449	0.00409	0.07553	0.17232	0.00639	0.01105
2	0.04685	0.01893	0.02512	0.01926	0.02746	0.01693	0.01591	0.08982	0.03183	0.52928	0.04040	0.03513	0.02551	0.01305	0.01063	0.00326	0.00921	0.01054	0.01288	0.01799
3	0.08753	0.02227	0.02650	0.02045	0.02862	0.02218	0.01689	0.21876	0.03636	0.35750	0.03417	0.03101	0.02231	0.01273	0.01035	0.00324	0.00988	0.00992	0.01177	0.01756
4	0.03114	0.17465	0.03703	0.16981	0.10568	0.02671	0.02235	0.03592	0.02386	0.18631	0.02421	0.02698	0.01782	0.01143	0.01161	0.00317	0.06068	0.00881	0.00717	0.01465
5	0.01311	0.01074	0.01156	0.01136	0.01466	0.00919	0.00852	0.01637	0.02555	0.03201	0.21929	0.09607	0.44384	0.02549	0.01249	0.00351	0.00526	0.02152	0.01027	0.00919
6	0.70310	0.02045	0.01554	0.01390	0.02045	0.02372	0.01145	0.03108	0.01799	0.04744	0.01472	0.01718	0.01145	0.00981	0.00654	0.00327	0.00818	0.00573	0.00654	0.01145
7	0.02181	0.02152	0.03053	0.13281	0.03657	0.05758	0.06318	0.02583	0.02008	0.02739	0.02553	0.09961	0.02591	0.01870	0.02218	0.00422	0.27715	0.07214	0.00594	0.01132
8	0.63968	0.02021	0.01641	0.01438	0.02108	0.02293	0.01185	0.03306	0.01918	0.09797	0.01733	0.01900	0.01287	0.01013	0.00694	0.00327	0.00826	0.00620	0.00718	0.01208
9	0.01250	0.01071	0.01071	0.01071	0.01428	0.00893	0.00803	0.01517	0.02410	0.02856	0.10711	0.10175	0.55817	0.02678	0.01250	0.00357	0.00536	0.02231	0.00982	0.00893
10	0.02313	0.02313	0.03238	0.02776	0.02776	0.03238	0.02313	0.02545	0.01619	0.02545	0.01388	0.02313	0.01388	0.01851	0.03470	0.00463	0.60907	0.00925	0.00463	0.01157
11	0.07856	0.02329	0.03000	0.27705	0.04902	0.02668	0.02319	0.23453	0.03338	0.08841	0.02306	0.02689	0.01648	0.01159	0.01029	0.00334	0.01226	0.00929	0.00792	0.01479
12	0.02630	0.02271	0.02391	0.02152	0.02749	0.02630	0.01674	0.05618	0.54336	0.04423	0.04303	0.03945	0.03228	0.01434	0.01076	0.00359	0.00837	0.01195	0.01076	0.01674
13	0.04019	0.02962	0.03173	0.02433	0.03279	0.03279	0.02010	0.52721	0.04971	0.06663	0.02538	0.02538	0.01798	0.01269	0.01058	0.00317	0.01163	0.00952	0.01058	0.01798
14	0.01951	0.02198	0.07649	0.03037	0.03710	0.01870	0.26430	0.02574	0.02326	0.03170	0.06592	0.25724	0.04121	0.01896	0.01269	0.00381	0.01248	0.01924	0.00735	0.01195
15	0.02675	0.03028	0.09703	0.05818	0.46514	0.07122	0.03215	0.03336	0.02438	0.03372	0.01950	0.02518	0.01614	0.00961	0.01035	0.00313	0.01342	0.00904	0.00517	0.01626
16	0.01288	0.00920	0.01227	0.01472	0.01534	0.00859	0.00981	0.01472	0.02024	0.02699	0.05828	0.62152	0.06993	0.03312	0.01350	0.00429	0.00613	0.03006	0.00981	0.00859
17	0.02539	0.09331	0.22645	0.03195	0.04305	0.02478	0.21504	0.03382	0.02390	0.08897	0.02511	0.07490	0.02041	0.01174	0.01099	0.00339	0.01456	0.01149	0.00616	0.01458
18	0.02334	0.02273	0.04010	0.29675	0.29591	0.02458	0.08309	0.03024	0.02289	0.03120	0.01957	0.02730	0.01552	0.00987	0.01072	0.00335	0.01378	0.00973	0.00501	0.01431
19	0.01288	0.00920	0.01227	0.01472	0.01534	0.00859	0.00981	0.01472	0.02024	0.02699	0.05828	0.62152	0.06993	0.03312	0.01350	0.00429	0.00613	0.03006	0.00981	0.00859
20	0.04595	0.02406	0.02555	0.02039	0.02806	0.12235	0.01646	0.04978	0.03021	0.46794	0.03696	0.03282	0.02382	0.01268	0.01043	0.00317	0.01088	0.00992	0.01166	0.01692
21	0.02967	0.02631	0.05445	0.03916	0.04933	0.02439	0.41743	0.03757	0.02607	0.14625	0.02565	0.03009	0.01817	0.00979	0.01209	0.00350	0.01597	0.01209	0.00697	0.01504
22	0.01288	0.00920	0.01227	0.01472	0.01534	0.00859	0.00981	0.01472	0.02024	0.02699	0.05828	0.62152	0.06993	0.03312	0.01350	0.00429	0.00613	0.03006	0.00981	0.00859
23	0.04744	0.01799	0.02454	0.01881	0.02699	0.01554	0.01554	0.05153	0.03026	0.56979	0.04171	0.03599	0.02617	0.01309	0.01063	0.00327	0.00900	0.01063	0.01309	0.01799
24	0.02473	0.02366	0.04032	0.18937	0.44921	0.02474	0.03174	0.03119	0.02340	0.03280	0.01963	0.02664	0.01613	0.00969	0.01049	0.00323	0.01292	0.00942	0.00511	0.01559
25	0.02451	0.01961	0.03097	0.49408	0.06472	0.02344	0.02715	0.07121	0.02447	0.08675	0.02172	0.02877	0.01567	0.01101	0.01058	0.00347	0.01336	0.00954	0.00606	0.01291
26	0.03136	0.02523	0.02676	0.02254	0.02942	0.02866	0.01796	0.22786	0.36344	0.05240	0.03660	0.03432	0.02707	0.01374	0.01069	0.00344	0.00956	0.01107	0.01069	0.01719
27	0.25890	0.02659	0.02639	0.02089	0.02872	0.02980	0.01724	0.36352	0.03925	0.06030	0.02187	0.02268	0.01583	0.01174	0.00925	0.00321	0.01049	0.00827	0.00925	0.01583
28	0.02813	0.01552	0.02139	0.02226	0.06735	0.01485	0.01642	0.03430	0.06736	0.21565	0.04753	0.17080	0.04479	0.02161	0.01239	0.00397	0.00893	0.16267	0.01061	0.01348
29	0.01553	0.01054	0.01256	0.01281	0.01322	0.01070	0.00808	0.01635	0.01644	0.02200	0.03526	0.07209	0.03977	0.52039	0.09410	0.01025	0.01170	0.06452	0.00669	0.00701
30	0.02827	0.63478	0.05540	0.01809	0.02714	0.04184	0.01809	0.03166	0.02148	0.02488	0.01470	0.01696	0.01357	0.00905	0.00678	0.00226	0.01131	0.00565	0.00452	0.01357
31	0.02827	0.63478	0.05540	0.01809	0.02714	0.04184	0.01809	0.03166	0.02148	0.02488	0.01470	0.01696	0.01357	0.00905	0.00678	0.00226	0.01131	0.00565	0.00452	0.01357
32	0.02585	0.02347	0.02743	0.02661	0.12702	0.06224	0.01760	0.07735	0.02564	0.03692	0.01945	0.02283	0.01593	0.00884	0.00872	0.00211	0.00995	0.00721	0.00643	0.44842
33	0.04340	0.02220	0.02687	0.02085	0.02895	0.02208	0.01714	0.20929	0.07642	0.36262	0.03641	0.03275	0.02393	0.01305	0.01062	0.00326	0.00982	0.01037	0.01208	0.01789
34	0.02316	0.02714	0.10987	0.22744	0.05502	0.02445	0.21456	0.06855	0.02566	0.03474	0.06459	0.03154	0.02209	0.01095	0.01138	0.00347	0.01475	0.01117	0.00594	0.01352
35	0.02178	0.10139	0.53192	0.02917	0.04426	0.02595	0.03738	0.03334	0.02226	0.03279	0.01863	0.02189	0.01341	0.00996	0.00978	0.00326	0.01528	0.00764	0.00447	0.01546
36	0.01298	0.01073	0.01138	0.01121	0.01458	0.00913	0.00841	0.01610	0.02523	0.03125	0.19451	0.09733	0.46909	0.02577	0.01249	0.00352	0.00528	0.02169	0.01017	0.00913
37	0.10963	0.13569	0.07267	0.02092	0.02904	0.14850	0.01846	0.04244	0.02676	0.25725	0.02676	0.02587	0.01864	0.01131	0.00924	0.00298	0.01206	0.00818	0.00854	0.01507
38	0.02335	0.14997	0.38498	0.02650	0.03925	0.02788	0.03142	0.03723	0.11546	0.03391	0.02254	0.02446	0.01680	0.01064	0.00961	0.00320	0.01357	0.00818	0.00560	0.01547
39	0.01755	0.01139	0.01436	0.01533	0.01746	0.01082	0.01081	0.02204	0.06522	0.08501	0.06001	0.46189	0.10948	0.02886	0.01287	0.00406	0.00654	0.02578	0.01023	0.01028
40	0.03670	0.02788	0.02976	0.02362	0.03146	0.03116	0.01925	0.40873	0.17388	0.06100	0.02982	0.02892	0.02158	0.01311	0.01062	0.00328	0.01081	0.01013	0.01062	0.01767
41	0.25980	0.01989	0.02096	0.01739	0.02399	0.02093	0.01392	0.09208	0.09122	0.22308	0.03033	0.03223	0.02234	0.07164	0.01345	0.00398	0.00904	0.00950	0.00970	0.01453
42	0.02069	0.01210	0.01599	0.01512	0.01849	0.01106	0.01179	0.02504	0.02787	0.13294	0.31821	0.13540	0.10499	0.02263	0.01254	0.00364	0.00649	0.08250	0.01134	0.01117
43	0.01331	0.01074	0.01183	0.01156	0.01478	0.00927	0.00867	0.01674	0.02601	0.03310	0.25466	0.09428	0.40779	0.02508	0.01249	0.00349	0.00523	0.02127	0.01042	0.00927
44	0.02617	0.02512	0.04292	0.06490	0.56246	0.02512	0.03245	0.03245	0.02407	0.03454	0.01989	0.02617	0.01675	0.00942	0.01047	0.00314	0.01256	0.00942	0.00523	0.01675
45	0.02483	0.02878	0.14103	0.03416	0.04378	0.02214	0.28792	0.03283	0.02459	0.08966	0.02977	0.08701	0.02579	0.01368	0.01215	0.00369	0.01468	0.06270	0.00684	0.01396
46	0.02753	0.57447	0.10929	0.01934	0.02907	0.04004	0.02027	0.03185	0.02157	0.02577	0.01514	0.01752	0.01355	0.00915	0.00712	0.00237	0.01176	0.00588	0.00452	0.01378
47	0.01250	0.01071	0.01071	0.01071	0.01428	0.00893	0.00803	0.01517	0.02410	0.02856	0.10711	0.10175	0.55817	0.02678	0.01250	0.00357	0.00536	0.02231	0.00982	0.00893
48	0.02528	0.02732	0.05470	0.04305	0.10013	0.02652	0.39996	0.03710	0.10309	0.03550	0.02451	0.02994	0.01856	0.00978	0.01202	0.00353	0.01589	0.01210	0.00615	0.01487
49	0.11748	0.02061	0.02866	0.08206	0.03435	0.02022	0.06618	0.09520	0.02944	0.34790	0.03252	0.03116	0.02137	0.01200	0.01033	0.00332	0.01057	0.01000	0.01044	0.01622
50	0.01320	0.00943	0.01264	0.01509	0.01584	0.00887	0.01037	0.01528	0.02056	0.02735	0.05810	0.58264	0.06923	0.03282	0.01358	0.00434	0.00641	0.06576	0.00981	0.00868
51	0.03957	0.04819	0.03015	0.02693	0.03270	0.52748	0.02039	0.09350	0.03205	0.03019	0.01730	0.01974	0.01408	0.01109	0.00964	0.00277	0.01828	0.00710	0.00599	0.01286
52	0.03153	0.03296	0.13267	0.02608	0.03468	0.12068	0.08476	0.08078	0.11534	0.13563	0.07179	0.03281	0.02674	0.01249	0.01073	0.00328	0.01288	0.01050	0.00846	0.01521
53	0.11541	0.02043	0.02493	0.01933	0.02738	0.01963	0.01596	0.13843	0.03261	0.42035	0.03580	0.03201	0.02308	0.01267	0.01019	0.00325	0.00940	0.00991	0.01192	0.01730
54	0.01260	0.01031	0.01113	0.01178	0.01456	0.00884	0.00851	0.01505	0.02307	0.02814	0.09408	0.24042	0.42792	0.02847	0.01276	0.00376	0.00556	0.02438	0.00982	0.00884
55	0.03777	0.01752	0.02264	0.01802	0.02470	0.01621	0.01461	0.10275	0.03261	0.36445	0.17853	0.04624	0.04498	0.01534	0.01112	0.00327	0.00825	0.01278	0.01238	0.01583
56	0.02390	0.27628	0.37567	0.02553	0.03865	0.03116	0.03105	0.03279	0.02200	0.03020	0.01734	0.02027	0.01346	0.00966	0.00880	0.00293	0.01398	0.00699	0.00449	0.01484
57	0.01288	0.00920	0.01227	0.01472	0.01534	0.00859	0.00981	0.01472	0.02024	0.02699	0.05828	0.62152	0.06993	0.03312	0.01350	0.00429	0.00613	0.03006	0.00981	0.00859
58	0.02733	0.02741	0.05839	0.04184	0.05227	0.02555	0.47030	0.03574	0.02552	0.09053	0.02354	0.02931	0.01711	0.00935	0.01228	0.00353	0.01689	0.01228	0.00617	0.01465
59	0.08611	0.02725	0.03096	0.12850	0.07981	0.12866	0.06935	0.04192	0.16846	0.09190	0.02746	0.02939	0.02048	0.01163	0.01028	0.00332	0.01265	0.00975	0.00766	0.01449
60	0.01783	0.01162	0.01556	0.05589	0.02040	0.01135	0.01178	0.02110	0.02345	0.07592	0.19683	0.20292	0.06377	0.14872	0.02117	0.00516	0.00782	0.06948	0.00956	0.00968
61	0.04049	0.02464	0.02935	0.08267	0.03503	0.02611	0.01955	0.31781	0.04031	0.22900	0.03010	0.02918	0.02029	0.01260	0.01059	0.00324	0.01102	0.00987	0.01080	0.01734
62	0.12520	0.01773	0.02218	0.01796	0.02507	0.01652	0.01454	0.04567	0.05775	0.42096	0.04000	0.09047	0.02891	0.01469	0.01040	0.00339	0.00858	0.01197	0.01181	0.01619
63	0.18147	0.02030	0.02776	0.28043	0.08729	0.02407	0.02283	0.03229	0.05767	0.07805	0.02105	0.02643	0.01594	0.01155	0.01198	0.00353	0.06934	0.00882	0.00628	0.01291

[dist]
# distance from previous block
# <min> <max>
1	6

[block]
# block no. 1 follows, 13 sequences, length 57
# corresponding to MSA columns:
# 194-250
name=unknown_B
#
# <colnr> <probs for GDERKNQSTAVLIFYWHMCP>
#	G	D	E	R	K	N	Q	S	T	A	V	L	I	F	Y	W	H	M	C	P
0	0.16714	0.02404	0.08443	0.02375	0.08529	0.01987	0.01881	0.06536	0.02584	0.22342	0.02640	0.02653	0.01845	0.01072	0.00922	0.00295	0.00987	0.00835	0.00861	0.14096
1	0.03687	0.03762	0.02923	0.02505	0.03160	0.28439	0.01952	0.20346	0.14751	0.04314	0.02507	0.02554	0.01908	0.01223	0.01014	0.00306	0.01433	0.00881	0.00827	0.01509
2	0.02509	0.02402	0.04097	0.15823	0.47754	0.02484	0.03191	0.03151	0.02357	0.03324	0.01970	0.02652	0.01629	0.00962	0.01049	0.00321	0.01283	0.00942	0.00514	0.01588
3	0.02621	0.02808	0.05662	0.04097	0.05107	0.02715	0.44060	0.07268	0.07368	0.03725	0.02365	0.02927	0.01766	0.00969	0.01218	0.00354	0.01651	0.01221	0.00623	0.01476
4	0.10998	0.02276	0.02537	0.02007	0.02728	0.02395	0.01641	0.27654	0.03837	0.18087	0.11502	0.03579	0.03260	0.01393	0.01046	0.00323	0.00954	0.01094	0.01091	0.01596
5	0.03940	0.02304	0.02801	0.08482	0.03426	0.02417	0.01892	0.23162	0.09190	0.26138	0.03310	0.03145	0.02238	0.01280	0.01062	0.00330	0.01049	0.01021	0.01096	0.01717
6	0.03111	0.44251	0.05051	0.02169	0.03076	0.03662	0.07247	0.08773	0.02580	0.08454	0.01926	0.02101	0.01557	0.00983	0.00819	0.00260	0.01181	0.00730	0.00612	0.01456
7	0.02313	0.02313	0.03238	0.02776	0.02776	0.03238	0.02313	0.02545	0.01619	0.02545	0.01388	0.02313	0.01388	0.01851	0.03470	0.00463	0.60907	0.00925	0.00463	0.01157
8	0.03983	0.08318	0.03316	0.02322	0.03170	0.03189	0.01946	0.43512	0.04523	0.11287	0.02604	0.02568	0.01840	0.01240	0.01024	0.00310	0.01134	0.00928	0.01028	0.01758
9	0.15049	0.02376	0.08404	0.02273	0.02611	0.02579	0.02021	0.02637	0.01971	0.03359	0.11421	0.03216	0.02912	0.01652	0.02263	0.00399	0.32037	0.01024	0.00626	0.01169
10	0.02821	0.02229	0.02396	0.02127	0.02745	0.02533	0.01663	0.05576	0.49697	0.09175	0.04291	0.03913	0.03172	0.01423	0.01075	0.00356	0.00842	0.01183	0.01097	0.01685
11	0.01419	0.01078	0.01305	0.01248	0.01532	0.00964	0.00936	0.01844	0.02809	0.03803	0.41493	0.08617	0.24444	0.02324	0.01248	0.00340	0.00510	0.02013	0.01106	0.00964
12	0.01496	0.01081	0.01413	0.01330	0.01580	0.00998	0.00998	0.01995	0.02993	0.04240	0.55689	0.07898	0.09976	0.02162	0.01247	0.00333	0.00499	0.01912	0.01164	0.00998
13	0.02751	0.57240	0.11113	0.01939	0.02914	0.03998	0.02035	0.03186	0.02157	0.02580	0.01516	0.01754	0.01355	0.00915	0.00713	0.00238	0.01177	0.00589	0.00452	0.01379
14	0.03478	0.03383	0.02823	0.02423	0.03078	0.21114	0.01895	0.19290	0.22752	0.04495	0.02902	0.02857	0.02189	0.01272	0.01030	0.00318	0.01284	0.00954	0.00897	0.01565
15	0.01288	0.00920	0.01227	0.01472	0.01534	0.00859	0.00981	0.01472	0.02024	0.02699	0.05828	0.62152	0.06993	0.03312	0.01350	0.00429	0.00613	0.03006	0.00981	0.00859
16	0.02295	0.02184	0.03710	0.34428	0.30825	0.02427	0.03085	0.02963	0.02255	0.03063	0.01932	0.02722	0.01537	0.01002	0.01052	0.00334	0.01336	0.00941	0.00496	0.01415
17	0.17353	0.02855	0.02555	0.02145	0.02803	0.11921	0.01706	0.26324	0.06349	0.05041	0.02622	0.08820	0.02233	0.01411	0.00990	0.00326	0.01137	0.01065	0.00882	0.01460
18	0.01997	0.01879	0.03171	0.60301	0.07282	0.02349	0.02936	0.02701	0.02114	0.02701	0.01879	0.02819	0.01409	0.01057	0.01057	0.00352	0.01409	0.00940	0.00470	0.01175
19	0.01288	0.00920	0.01227	0.01472	0.01534	0.00859	0.00981	0.01472	0.02024	0.02699	0.05828	0.62152	0.06993	0.03312	0.01350	0.00429	0.00613	0.03006	0.00981	0.00859
20	0.02679	0.01986	0.03171	0.04295	0.30340	0.01945	0.02479	0.03227	0.02518	0.12194	0.03489	0.05719	0.03223	0.01627	0.01180	0.00371	0.01108	0.16180	0.00795	0.01474
21	0.16849	0.40584	0.04191	0.01778	0.02580	0.03550	0.01648	0.03559	0.10687	0.03277	0.01938	0.02072	0.01621	0.01008	0.00739	0.00269	0.01017	0.00671	0.00597	0.01365
22	0.04283	0.01902	0.02440	0.01940	0.02710	0.01788	0.01580	0.05254	0.14206	0.45528	0.04200	0.03674	0.02750	0.01336	0.01066	0.00334	0.00886	0.01092	0.01258	0.01772
23	0.02630	0.02271	0.02391	0.02152	0.02749	0.02630	0.01674	0.05618	0.54336	0.04423	0.04303	0.03945	0.03228	0.01434	0.01076	0.00359	0.00837	0.01195	0.01076	0.01674
24	0.03016	0.02320	0.03970	0.11083	0.33212	0.02296	0.08266	0.03632	0.02525	0.15453	0.02486	0.02887	0.01851	0.01032	0.01074	0.00326	0.01251	0.01003	0.00696	0.01621
25	0.03042	0.09807	0.16482	0.02357	0.03302	0.02775	0.02297	0.14551	0.19995	0.10065	0.03019	0.02947	0.02194	0.01223	0.01010	0.00326	0.01123	0.00960	0.00874	0.01651
26	0.01538	0.01025	0.01153	0.01153	0.01153	0.01025	0.00641	0.01538	0.01538	0.02050	0.03331	0.06919	0.03844	0.62842	0.05382	0.01025	0.01025	0.01538	0.00641	0.00641
27	0.02468	0.02410	0.04257	0.18079	0.39987	0.02494	0.08520	0.03141	0.02353	0.03282	0.01981	0.02687	0.01609	0.00962	0.01071	0.00327	0.01347	0.00975	0.00513	0.01538
28	0.02685	0.35473	0.24608	0.02358	0.03469	0.09453	0.02617	0.03349	0.02272	0.02820	0.01647	0.01919	0.01351	0.00962	0.00830	0.00272	0.01376	0.00659	0.00460	0.01419
29	0.01796	0.01396	0.01672	0.01547	0.01889	0.01429	0.01176	0.02953	0.16568	0.04288	0.42103	0.06853	0.08192	0.01969	0.01202	0.00339	0.00588	0.01723	0.01141	0.01176
30	0.01288	0.00920	0.01227	0.01472	0.01534	0.00859	0.00981	0.01472	0.02024	0.02699	0.05828	0.62152	0.06993	0.03312	0.01350	0.00429	0.00613	0.03006	0.00981	0.00859
31	0.02765	0.02409	0.02893	0.02432	0.03108	0.02704	0.07224	0.10441	0.43393	0.04551	0.03878	0.03675	0.02897	0.01358	0.01093	0.00354	0.00975	0.01175	0.01015	0.01660
32	0.02767	0.02877	0.13639	0.02198	0.02949	0.07170	0.02025	0.04245	0.21069	0.12480	0.09240	0.08090	0.03581	0.01512	0.01087	0.00343	0.01041	0.01254	0.00938	0.01497
33	0.01997	0.01879	0.03171	0.60301	0.07282	0.02349	0.02936	0.02701	0.02114	0.02701	0.01879	0.02819	0.01409	0.01057	0.01057	0.00352	0.01409	0.00940	0.00470	0.01175
34	0.02800	0.02436	0.03862	0.03694	0.15072	0.02510	0.15896	0.04448	0.23810	0.09153	0.03197	0.03324	0.02387	0.01167	0.01115	0.00345	0.01193	0.01142	0.00831	0.01619
35	0.02843	0.28676	0.27030	0.02332	0.03502	0.03016	0.02657	0.03571	0.02329	0.11844	0.02097	0.02238	0.01557	0.01014	0.00880	0.00289	0.01276	0.00739	0.00591	0.01517
36	0.03724	0.03381	0.02928	0.02400	0.03091	0.19639	0.01909	0.32637	0.04163	0.05176	0.08054	0.02932	0.02558	0.01312	0.01047	0.00305	0.01314	0.00975	0.00915	0.01539
37	0.01348	0.00996	0.01260	0.01361	0.01531	0.00908	0.00957	0.01645	0.02394	0.03212	0.22380	0.36442	0.15991	0.02844	0.01301	0.00387	0.00564	0.02533	0.01039	0.00908
38	0.02517	0.02787	0.09977	0.10097	0.47004	0.02494	0.03294	0.03216	0.02367	0.03387	0.01971	0.02590	0.01619	0.00957	0.01043	0.00319	0.01301	0.00924	0.00511	0.01626
39	0.03129	0.02792	0.09167	0.03013	0.09000	0.08341	0.07231	0.03650	0.02496	0.17947	0.06399	0.03115	0.02407	0.01356	0.01619	0.00355	0.14729	0.01028	0.00769	0.01457
40	0.13925	0.02971	0.03533	0.02886	0.03335	0.14948	0.12495	0.03176	0.02129	0.03092	0.01612	0.02239	0.01387	0.01343	0.01998	0.00377	0.25921	0.00881	0.00527	0.01226
41	0.02629	0.03454	0.18533	0.16288	0.13873	0.08521	0.10672	0.03423	0.02419	0.07120	0.02086	0.02588	0.01550	0.01020	0.01060	0.00331	0.01499	0.00925	0.00553	0.01456
42	0.02705	0.08616	0.36272	0.08849	0.04339	0.02384	0.03157	0.03641	0.02379	0.14374	0.02337	0.02540	0.01614	0.01066	0.00998	0.00327	0.01376	0.00841	0.00629	0.01555
43	0.01997	0.01879	0.03171	0.60301	0.07282	0.02349	0.02936	0.02701	0.02114	0.02701	0.01879	0.02819	0.01409	0.01057	0.01057	0.00352	0.01409	0.00940	0.00470	0.01175
44	0.02120	0.02055	0.03629	0.48280	0.12506	0.02402	0.08347	0.02836	0.02188	0.02859	0.01920	0.02800	0.01460	0.01026	0.01077	0.00349	0.01433	0.00973	0.00483	0.01257
45	0.08008	0.02441	0.03638	0.02713	0.03597	0.02414	0.15503	0.18444	0.03374	0.24433	0.02973	0.02968	0.02010	0.01163	0.01086	0.00332	0.01212	0.01050	0.00984	0.01657
46	0.01697	0.01378	0.02213	0.08431	0.02910	0.01391	0.07132	0.02161	0.02283	0.02998	0.04886	0.25012	0.05361	0.02615	0.01360	0.00441	0.01001	0.24846	0.00873	0.01010
47	0.01535	0.01037	0.01213	0.01213	0.01233	0.01057	0.00715	0.01576	0.01555	0.02094	0.03277	0.06618	0.03713	0.56863	0.11182	0.01098	0.01222	0.01494	0.00633	0.00674
48	0.28958	0.08514	0.02663	0.01927	0.02665	0.02917	0.01605	0.21171	0.11552	0.05150	0.02314	0.02372	0.01739	0.01150	0.00869	0.00319	0.00975	0.00809	0.00847	0.01485
49	0.25050	0.02148	0.02301	0.01842	0.02580	0.02247	0.01514	0.17257	0.03166	0.23499	0.06087	0.02984	0.02388	0.01248	0.00944	0.00325	0.00921	0.00931	0.01025	0.01542
50	0.10459	0.03195	0.06743	0.02286	0.03065	0.15172	0.01935	0.17621	0.08955	0.16096	0.02731	0.02677	0.01936	0.01207	0.00993	0.00316	0.01233	0.00891	0.00913	0.01573
51	0.17278	0.02273	0.02312	0.01867	0.02628	0.05612	0.01503	0.09381	0.11188	0.16969	0.02796	0.02737	0.02014	0.01128	0.00912	0.00290	0.00938	0.00852	0.00911	0.16410
52	0.14238	0.13354	0.22419	0.02251	0.03324	0.02625	0.02414	0.08964	0.02607	0.14964	0.02300	0.02377	0.01626	0.01076	0.00911	0.00312	0.01188	0.00789	0.00727	0.01535
53	0.13207	0.02054	0.02358	0.08117	0.03086	0.02011	0.01582	0.08735	0.08198	0.10352	0.02423	0.02582	0.01814	0.01029	0.00888	0.00264	0.00917	0.00801	0.00790	0.28792
54	0.17220	0.03011	0.14993	0.12860	0.03981	0.02545	0.02376	0.16832	0.02953	0.10266	0.02227	0.02464	0.01576	0.01115	0.00961	0.00331	0.01197	0.00844	0.00755	0.01494
55	0.03283	0.01798	0.02526	0.02043	0.02660	0.01715	0.06460	0.06987	0.08450	0.27155	0.09607	0.10507	0.03894	0.06144	0.01453	0.00396	0.00932	0.01425	0.01090	0.01474
56	0.15050	0.01783	0.02418	0.07692	0.02925	0.01820	0.06862	0.05887	0.02487	0.15732	0.10517	0.04276	0.03375	0.12579	0.01826	0.00461	0.01010	0.01186	0.00865	0.01249

[dist]
# distance from previous block
# <min> <max>
20	65

[block]
# block no. 2 follows, 13 sequences, length 104
# corresponding to MSA columns:
# 320-423
name=unknown_C
#
# <colnr> <probs for GDERKNQSTAVLIFYWHMCP>
#	G	D	E	R	K	N	Q	S	T	A	V	L	I	F	Y	W	H	M	C	P
0	0.08103	0.07402	0.03025	0.02260	0.02920	0.02524	0.05396	0.19150	0.03150	0.07888	0.02979	0.04520	0.02645	0.01562	0.01261	0.00349	0.05673	0.11503	0.00856	0.06832
1	0.12871	0.06882	0.02213	0.01688	0.02242	0.01854	0.01371	0.06927	0.02380	0.10519	0.03142	0.08512	0.02950	0.08199	0.06565	0.00511	0.01085	0.07431	0.00809	0.11851
2	0.13949	0.02717	0.04502	0.03375	0.04229	0.07964	0.31558	0.03395	0.02429	0.07058	0.02397	0.07170	0.01985	0.01140	0.01116	0.00347	0.01486	0.01202	0.00642	0.01341
3	0.02641	0.07903	0.04655	0.03286	0.04141	0.02571	0.28884	0.03845	0.13722	0.07748	0.02994	0.07595	0.02429	0.01229	0.01153	0.00349	0.01359	0.01296	0.00741	0.01460
4	0.02607	0.03303	0.10479	0.04156	0.05217	0.08209	0.43076	0.03466	0.02522	0.03304	0.02067	0.02703	0.01557	0.00921	0.01197	0.00346	0.01775	0.01150	0.00528	0.01418
5	0.12933	0.06671	0.04903	0.03454	0.04393	0.02778	0.32786	0.07910	0.06718	0.03908	0.02202	0.02663	0.01665	0.00983	0.01090	0.00340	0.01463	0.01070	0.00637	0.01432
6	0.02422	0.07328	0.05706	0.03943	0.04918	0.02623	0.43418	0.03232	0.02518	0.03403	0.07406	0.03265	0.02417	0.01018	0.01204	0.00344	0.01605	0.01261	0.00591	0.01378
7	0.02498	0.01562	0.02527	0.02230	0.02710	0.01455	0.09902	0.02958	0.02492	0.16643	0.04721	0.20738	0.04692	0.02275	0.01298	0.00411	0.01000	0.17672	0.00987	0.01228
8	0.01860	0.01771	0.03367	0.02717	0.03244	0.01663	0.22217	0.02420	0.02431	0.03305	0.13381	0.23367	0.05238	0.02071	0.01299	0.00387	0.01106	0.06198	0.00830	0.01128
9	0.01693	0.01089	0.01491	0.01618	0.01808	0.01050	0.01219	0.02007	0.02242	0.07230	0.09562	0.36256	0.06268	0.03429	0.07034	0.00552	0.00925	0.12569	0.00980	0.00979
10	0.02058	0.01460	0.02153	0.01911	0.02293	0.01435	0.06338	0.06509	0.02693	0.08169	0.20037	0.17432	0.05921	0.02954	0.08863	0.00548	0.01090	0.06026	0.00972	0.01137
11	0.03201	0.08489	0.03163	0.02265	0.02909	0.09696	0.05909	0.03610	0.02517	0.18235	0.06517	0.03015	0.02432	0.01284	0.01415	0.00310	0.11507	0.00953	0.00796	0.11777
12	0.08386	0.02283	0.03566	0.07049	0.03847	0.02130	0.17207	0.07584	0.02558	0.07872	0.02159	0.02542	0.01632	0.00938	0.00982	0.00275	0.01185	0.00900	0.00679	0.26226
13	0.02857	0.09173	0.05466	0.03783	0.04747	0.10289	0.36210	0.07878	0.02748	0.03484	0.02041	0.02584	0.01565	0.00953	0.01135	0.00329	0.01679	0.01078	0.00575	0.01426
14	0.03013	0.43914	0.04985	0.02155	0.03045	0.03676	0.06827	0.07904	0.05985	0.06654	0.01999	0.02161	0.01629	0.00998	0.00821	0.00263	0.01164	0.00742	0.00612	0.01453
15	0.02953	0.02586	0.03441	0.07908	0.03857	0.08032	0.13837	0.04629	0.25485	0.10806	0.03291	0.03337	0.02414	0.01221	0.01101	0.00345	0.01227	0.01116	0.00872	0.01543
16	0.01598	0.01286	0.02104	0.01945	0.02213	0.01442	0.05880	0.02022	0.01770	0.02538	0.02770	0.04038	0.02551	0.07302	0.53530	0.01579	0.02738	0.01143	0.00564	0.00987
17	0.02229	0.01319	0.01995	0.01870	0.02210	0.01209	0.05758	0.02551	0.02330	0.15381	0.05097	0.39434	0.05428	0.02602	0.01283	0.00404	0.00812	0.05936	0.01017	0.01136
18	0.03333	0.25496	0.03764	0.02043	0.02845	0.03196	0.01781	0.14989	0.15905	0.12204	0.02823	0.02732	0.02112	0.01179	0.00920	0.00295	0.01029	0.00883	0.00872	0.01600
19	0.04080	0.02863	0.03112	0.02386	0.03230	0.03133	0.01971	0.48701	0.04807	0.10916	0.02676	0.02628	0.01867	0.01273	0.01058	0.00318	0.01141	0.00961	0.01079	0.01798
20	0.01997	0.01879	0.03171	0.60301	0.07282	0.02349	0.02936	0.02701	0.02114	0.02701	0.01879	0.02819	0.01409	0.01057	0.01057	0.00352	0.01409	0.00940	0.00470	0.01175
21	0.04136	0.02325	0.03052	0.02357	0.03170	0.06275	0.08380	0.08910	0.07696	0.36805	0.03583	0.03313	0.02373	0.01245	0.01080	0.00329	0.01110	0.01061	0.01106	0.01695
22	0.07824	0.10676	0.43557	0.02678	0.04045	0.02551	0.03298	0.03450	0.02250	0.07489	0.01996	0.02243	0.01424	0.01016	0.00949	0.00323	0.01410	0.00765	0.00530	0.01527
23	0.04744	0.01799	0.02454	0.01881	0.02699	0.01554	0.01554	0.05153	0.03026	0.56979	0.04171	0.03599	0.02617	0.01309	0.01063	0.00327	0.00900	0.01063	0.01309	0.01799
24	0.01329	0.00950	0.01274	0.01519	0.01599	0.00894	0.01053	0.01544	0.02065	0.02745	0.05805	0.57163	0.06903	0.03274	0.01361	0.00435	0.00649	0.07587	0.00981	0.00870
25	0.02286	0.02415	0.04661	0.24588	0.05747	0.02641	0.26702	0.03008	0.02223	0.03008	0.01930	0.02758	0.01500	0.01098	0.01517	0.00371	0.10669	0.01086	0.00500	0.01293
26	0.03612	0.04531	0.03749	0.03126	0.03793	0.45608	0.13741	0.04028	0.02880	0.02773	0.01752	0.02126	0.01418	0.01043	0.01022	0.00292	0.01878	0.00813	0.00542	0.01272
27	0.01496	0.01081	0.01413	0.01330	0.01580	0.00998	0.00998	0.01995	0.02993	0.04240	0.55689	0.07898	0.09976	0.02162	0.01247	0.00333	0.00499	0.01912	0.01164	0.00998
28	0.02121	0.05469	0.57364	0.03014	0.04576	0.02455	0.03906	0.03348	0.02232	0.03348	0.01897	0.02232	0.01339	0.01005	0.01005	0.00335	0.01563	0.00781	0.00446	0.01563
29	0.03185	0.02943	0.03137	0.25962	0.04900	0.14098	0.02392	0.22618	0.03413	0.04232	0.02088	0.02524	0.01552	0.01147	0.01036	0.00322	0.01414	0.00892	0.00715	0.01429
30	0.02630	0.02271	0.02391	0.02152	0.02749	0.02630	0.01674	0.05618	0.54336	0.04423	0.04303	0.03945	0.03228	0.01434	0.01076	0.00359	0.00837	0.01195	0.01076	0.01674
31	0.01250	0.01071	0.01071	0.01071	0.01428	0.00893	0.00803	0.01517	0.02410	0.02856	0.10711	0.10175	0.55817	0.02678	0.01250	0.00357	0.00536	0.02231	0.00982	0.00893
32	0.02109	0.01753	0.02028	0.01840	0.02239	0.01962	0.01427	0.03796	0.27802	0.04199	0.26587	0.05551	0.06042	0.01785	0.01335	0.00355	0.05298	0.01489	0.01067	0.01338
33	0.02121	0.05469	0.57364	0.03014	0.04576	0.02455	0.03906	0.03348	0.02232	0.03348	0.01897	0.02232	0.01339	0.01005	0.01005	0.00335	0.01563	0.00781	0.00446	0.01563
34	0.01288	0.00920	0.01227	0.01472	0.01534	0.00859	0.00981	0.01472	0.02024	0.02699	0.05828	0.62152	0.06993	0.03312	0.01350	0.00429	0.00613	0.03006	0.00981	0.00859
35	0.70310	0.02045	0.01554	0.01390	0.02045	0.02372	0.01145	0.03108	0.01799	0.04744	0.01472	0.01718	0.01145	0.00981	0.00654	0.00327	0.00818	0.00573	0.00654	0.01145
36	0.45904	0.02278	0.02030	0.01730	0.02417	0.02608	0.01411	0.14290	0.10221	0.05115	0.02121	0.02224	0.01594	0.01111	0.00804	0.00330	0.00896	0.00747	0.00804	0.01365
37	0.01250	0.01071	0.01071	0.01071	0.01428	0.00893	0.00803	0.01517	0.02410	0.02856	0.10711	0.10175	0.55817	0.02678	0.01250	0.00357	0.00536	0.02231	0.00982	0.00893
38	0.01538	0.01025	0.01153	0.01153	0.01153	0.01025	0.00641	0.01538	0.01538	0.02050	0.03331	0.06919	0.03844	0.62842	0.05382	0.01025	0.01025	0.01538	0.00641	0.00641
39	0.02911	0.03476	0.05313	0.03962	0.04882	0.18635	0.38032	0.03625	0.02638	0.03159	0.01995	0.02582	0.01535	0.00948	0.01164	0.00332	0.01818	0.01086	0.00538	0.01369
40	0.02530	0.02755	0.05683	0.05037	0.20002	0.02628	0.38375	0.03346	0.02470	0.03406	0.02096	0.02785	0.01624	0.00906	0.01190	0.00344	0.01632	0.01161	0.00532	0.01497
41	0.01288	0.00920	0.01227	0.01472	0.01534	0.00859	0.00981	0.01472	0.02024	0.02699	0.05828	0.62152	0.06993	0.03312	0.01350	0.00429	0.00613	0.03006	0.00981	0.00859
42	0.10041	0.02055	0.02525	0.01952	0.02762	0.01971	0.01612	0.14610	0.03318	0.42459	0.03617	0.03228	0.02329	0.01273	0.01028	0.00325	0.00946	0.01000	0.01204	0.01745
43	0.02387	0.03197	0.18343	0.02591	0.03279	0.02768	0.02509	0.04021	0.23176	0.03536	0.02716	0.02952	0.02120	0.01440	0.01795	0.00384	0.19605	0.00994	0.00707	0.01482
44	0.01587	0.01133	0.01569	0.01813	0.02005	0.01116	0.01500	0.01988	0.02318	0.03033	0.05663	0.26093	0.06341	0.03031	0.01429	0.00471	0.00872	0.36120	0.00976	0.00941
45	0.01496	0.01081	0.01413	0.01330	0.01580	0.00998	0.00998	0.01995	0.02993	0.04240	0.55689	0.07898	0.09976	0.02162	0.01247	0.00333	0.00499	0.01912	0.01164	0.00998
46	0.04025	0.02434	0.03013	0.02372	0.03061	0.07791	0.05681	0.10831	0.03026	0.32490	0.03122	0.03037	0.02119	0.01332	0.01433	0.00343	0.10260	0.01004	0.01011	0.01615
47	0.02177	0.05077	0.49705	0.03230	0.04718	0.02488	0.11172	0.03354	0.02272	0.03354	0.01934	0.02325	0.01379	0.00988	0.01041	0.00338	0.01596	0.00851	0.00460	0.01542
48	0.02496	0.02852	0.06239	0.04456	0.05526	0.02674	0.52406	0.03387	0.02496	0.03387	0.02139	0.02852	0.01604	0.00891	0.01248	0.00357	0.01783	0.01248	0.00535	0.01426
49	0.70310	0.02045	0.01554	0.01390	0.02045	0.02372	0.01145	0.03108	0.01799	0.04744	0.01472	0.01718	0.01145	0.00981	0.00654	0.00327	0.00818	0.00573	0.00654	0.01145
50	0.02121	0.05469	0.57364	0.03014	0.04576	0.02455	0.03906	0.03348	0.02232	0.03348	0.01897	0.02232	0.01339	0.01005	0.01005	0.00335	0.01563	0.00781	0.00446	0.01563
51	0.01464	0.01048	0.01420	0.01611	0.01765	0.01004	0.01231	0.01802	0.02322	0.03108	0.13861	0.36191	0.07169	0.02992	0.01371	0.00433	0.00718	0.18563	0.01008	0.00921
52	0.04744	0.01799	0.02454	0.01881	0.02699	0.01554	0.01554	0.05153	0.03026	0.56979	0.04171	0.03599	0.02617	0.01309	0.01063	0.00327	0.00900	0.01063	0.01309	0.01799
53	0.01436	0.01164	0.01292	0.01297	0.01622	0.01066	0.00986	0.01962	0.06464	0.03228	0.17257	0.13576	0.36155	0.02562	0.01260	0.00369	0.00592	0.05719	0.01020	0.00974
54	0.01997	0.01879	0.03171	0.60301	0.07282	0.02349	0.02936	0.02701	0.02114	0.02701	0.01879	0.02819	0.01409	0.01057	0.01057	0.00352	0.01409	0.00940	0.00470	0.01175
55	0.01250	0.01071	0.01071	0.01071	0.01428	0.00893	0.00803	0.01517	0.02410	0.02856	0.10711	0.10175	0.55817	0.02678	0.01250	0.00357	0.00536	0.02231	0.00982	0.00893
56	0.02827	0.63478	0.05540	0.01809	0.02714	0.04184	0.01809	0.03166	0.02148	0.02488	0.01470	0.01696	0.01357	0.00905	0.00678	0.00226	0.01131	0.00565	0.00452	0.01357
57	0.02121	0.05469	0.57364	0.03014	0.04576	0.02455	0.03906	0.03348	0.02232	0.03348	0.01897	0.02232	0.01339	0.01005	0.01005	0.00335	0.01563	0.00781	0.00446	0.01563
58	0.03950	0.05039	0.02996	0.02724	0.03269	0.58597	0.02043	0.04222	0.02996	0.02588	0.01634	0.01907	0.01362	0.01090	0.00953	0.00272	0.01907	0.00681	0.00545	0.01226
59	0.01476	0.01080	0.01385	0.01309	0.01567	0.00989	0.00981	0.01956	0.02944	0.04125	0.51954	0.08087	0.13782	0.02204	0.01247	0.00335	0.00502	0.01939	0.01149	0.00989
60	0.02654	0.36589	0.24935	0.02342	0.03465	0.08128	0.02623	0.03324	0.02252	0.02822	0.01646	0.01917	0.01351	0.00958	0.00825	0.00271	0.01360	0.00657	0.00458	0.01424
61	0.02767	0.58576	0.09920	0.01911	0.02871	0.04038	0.01986	0.03181	0.02155	0.02560	0.01506	0.01741	0.01355	0.00913	0.00706	0.00235	0.01167	0.00584	0.00452	0.01374
62	0.02823	0.02169	0.02365	0.02070	0.02673	0.02427	0.01624	0.09198	0.40486	0.09284	0.09246	0.04188	0.03723	0.01481	0.01090	0.00350	0.00836	0.01234	0.01104	0.01628
63	0.01345	0.00964	0.01278	0.01433	0.01546	0.00897	0.00986	0.01615	0.02289	0.03120	0.19443	0.47337	0.07808	0.02998	0.01322	0.00403	0.00582	0.02707	0.01031	0.00897
64	0.18396	0.01997	0.02272	0.01907	0.02586	0.02047	0.01592	0.14546	0.03071	0.24372	0.03491	0.04524	0.02769	0.01532	0.01047	0.00355	0.00953	0.09994	0.01047	0.01500
65	0.03950	0.05039	0.02996	0.02724	0.03269	0.58597	0.02043	0.04222	0.02996	0.02588	0.01634	0.01907	0.01362	0.01090	0.00953	0.00272	0.01907	0.00681	0.00545	0.01226
66	0.01496	0.01081	0.01413	0.01330	0.01580	0.00998	0.00998	0.01995	0.02993	0.04240	0.55689	0.07898	0.09976	0.02162	0.01247	0.00333	0.00499	0.01912	0.01164	0.00998
67	0.03038	0.46569	0.04764	0.02023	0.02829	0.15067	0.01845	0.03583	0.06653	0.02669	0.01738	0.01925	0.01513	0.00986	0.00767	0.00247	0.01263	0.00641	0.00523	0.01357
68	0.09681	0.02545	0.03016	0.02332	0.03147	0.07069	0.06748	0.18927	0.03450	0.27704	0.03044	0.02909	0.02044	0.01210	0.01037	0.00323	0.01144	0.00975	0.01038	0.01659
69	0.19973	0.01856	0.02245	0.01767	0.02547	0.01744	0.01459	0.04678	0.02741	0.44846	0.03544	0.03162	0.02275	0.01233	0.00968	0.00327	0.00881	0.00949	0.01157	0.01647
70	0.02496	0.02852	0.06239	0.04456	0.05526	0.02674	0.52406	0.03387	0.02496	0.03387	0.02139	0.02852	0.01604	0.00891	0.01248	0.00357	0.01783	0.01248	0.00535	0.01426
71	0.10747	0.01937	0.02349	0.01898	0.02646	0.01894	0.01542	0.05062	0.15253	0.39142	0.03935	0.03495	0.02618	0.01306	0.01026	0.00335	0.00876	0.01046	0.01188	0.01704
72	0.02458	0.03112	0.11317	0.04313	0.05432	0.02652	0.47589	0.03383	0.02469	0.03383	0.02115	0.02790	0.01578	0.00903	0.01224	0.00354	0.01761	0.01201	0.00526	0.01440
73	0.01288	0.00920	0.01227	0.01472	0.01534	0.00859	0.00981	0.01472	0.02024	0.02699	0.05828	0.62152	0.06993	0.03312	0.01350	0.00429	0.00613	0.03006	0.00981	0.00859
74	0.01323	0.00945	0.01266	0.01512	0.01588	0.00889	0.01041	0.01532	0.02058	0.02738	0.05808	0.57982	0.06918	0.03280	0.01359	0.00434	0.00643	0.06835	0.00981	0.00868
75	0.02617	0.02512	0.04292	0.06490	0.56246	0.02512	0.03245	0.03245	0.02407	0.03454	0.01989	0.02617	0.01675	0.00942	0.01047	0.00314	0.01256	0.00942	0.00523	0.01675
76	0.01510	0.01133	0.01699	0.01699	0.01888	0.01322	0.01322	0.01888	0.01699	0.02454	0.02832	0.04154	0.02643	0.07930	0.58652	0.01699	0.02832	0.01133	0.00566	0.00944
77	0.01341	0.00962	0.01305	0.01530	0.01617	0.00926	0.01070	0.01566	0.02033	0.02719	0.05569	0.53287	0.06570	0.03647	0.05924	0.00535	0.00821	0.06755	0.00948	0.00875
78	0.03865	0.09535	0.03213	0.02629	0.03225	0.50020	0.02022	0.07857	0.03080	0.02892	0.01691	0.01938	0.01395	0.01089	0.00939	0.00272	0.01788	0.00693	0.00577	0.01280
79	0.16798	0.02162	0.02409	0.07164	0.03038	0.02406	0.01702	0.15094	0.14787	0.12667	0.02947	0.03042	0.02168	0.01898	0.06702	0.00471	0.01166	0.00965	0.00917	0.01497
80	0.01294	0.01042	0.01154	0.01191	0.01472	0.00901	0.00869	0.01580	0.02419	0.03032	0.16467	0.20353	0.39062	0.02729	0.01269	0.00368	0.00546	0.02340	0.01009	0.00901
81	0.03711	0.02939	0.03794	0.02842	0.03734	0.03156	0.12209	0.42736	0.04470	0.06000	0.02458	0.02602	0.01759	0.01193	0.01096	0.00325	0.01289	0.01012	0.00952	0.01723
82	0.09040	0.03247	0.03020	0.02403	0.03183	0.12659	0.01950	0.40670	0.04393	0.05822	0.02303	0.02368	0.01674	0.01217	0.01009	0.00310	0.01264	0.00877	0.00939	0.01651
83	0.03950	0.05039	0.02996	0.02724	0.03269	0.58597	0.02043	0.04222	0.02996	0.02588	0.01634	0.01907	0.01362	0.01090	0.00953	0.00272	0.01907	0.00681	0.00545	0.01226
84	0.02041	0.01925	0.03251	0.56454	0.10783	0.02361	0.02958	0.02740	0.02135	0.02755	0.01887	0.02804	0.01428	0.01049	0.01056	0.00350	0.01398	0.00940	0.00474	0.01210
85	0.01772	0.00927	0.01349	0.01367	0.01372	0.00922	0.00902	0.01397	0.01439	0.01918	0.02254	0.07972	0.02382	0.08183	0.04017	0.58783	0.00903	0.01124	0.00513	0.00503
86	0.01288	0.00920	0.01227	0.01472	0.01534	0.00859	0.00981	0.01472	0.02024	0.02699	0.05828	0.62152	0.06993	0.03312	0.01350	0.00429	0.00613	0.03006	0.00981	0.00859
87	0.01931	0.01201	0.01409	0.01285	0.01693	0.01038	0.00989	0.02288	0.02681	0.12727	0.22119	0.08387	0.33700	0.02294	0.01216	0.00345	0.00589	0.01938	0.01090	0.01081
88	0.01559	0.01113	0.01537	0.01781	0.01961	0.01092	0.01452	0.01940	0.02291	0.03002	0.05678	0.29454	0.06402	0.03057	0.01422	0.00467	0.00848	0.33034	0.00976	0.00934
89	0.02617	0.02512	0.04292	0.06490	0.56246	0.02512	0.03245	0.03245	0.02407	0.03454	0.01989	0.02617	0.01675	0.00942	0.01047	0.00314	0.01256	0.00942	0.00523	0.01675
90	0.01402	0.01077	0.01282	0.01231	0.01522	0.00957	0.00923	0.01812	0.02770	0.03710	0.38462	0.08770	0.27533	0.02359	0.01248	0.00342	0.00513	0.02034	0.01094	0.00957
91	0.01468	0.00996	0.01174	0.01242	0.01259	0.00979	0.00736	0.01519	0.01673	0.02231	0.04026	0.22291	0.04720	0.46275	0.04259	0.00859	0.00910	0.01946	0.00736	0.00701
92	0.45886	0.01910	0.01828	0.01577	0.02247	0.02044	0.01307	0.03635	0.02207	0.19887	0.02578	0.03051	0.01954	0.01226	0.00836	0.00339	0.00854	0.04442	0.00870	0.01323
93	0.01496	0.01081	0.01413	0.01330	0.01580	0.00998	0.00998	0.01995	0.02993	0.04240	0.55689	0.07898	0.09976	0.02162	0.01247	0.00333	0.00499	0.01912	0.01164	0.00998
94	0.01288	0.00920	0.01227	0.01472	0.01534	0.00859	0.00981	0.01472	0.02024	0.02699	0.05828	0.62152	0.06993	0.03312	0.01350	0.00429	0.00613	0.03006	0.00981	0.00859
95	0.01404	0.01052	0.01299	0.01450	0.01645	0.00976	0.01090	0.01679	0.02213	0.02820	0.07074	0.28880	0.21469	0.07535	0.01654	0.00467	0.00715	0.14742	0.00954	0.00883
96	0.02644	0.01583	0.01900	0.01650	0.02081	0.01574	0.01265	0.13494	0.03088	0.13925	0.18324	0.14001	0.05291	0.07335	0.01518	0.00399	0.00780	0.01615	0.06272	0.01263
97	0.01538	0.01025	0.01153	0.01153	0.01153	0.01025	0.00641	0.01538	0.01538	0.02050	0.03331	0.06919	0.03844	0.62842	0.05382	0.01025	0.01025	0.01538	0.00641	0.00641
98	0.01383	0.00978	0.01288	0.01500	0.01581	0.00934	0.01043	0.01587	0.02020	0.02682	0.05463	0.47390	0.06441	0.11144	0.01900	0.00517	0.00721	0.09646	0.00935	0.00847
99	0.02096	0.01471	0.01762	0.01642	0.02046	0.01469	0.01307	0.06160	0.10887	0.08222	0.24110	0.07654	0.14437	0.02137	0.01231	0.00366	0.00717	0.09995	0.01092	0.01199
100	0.01444	0.00999	0.01168	0.01238	0.01283	0.00967	0.00750	0.01517	0.01743	0.02297	0.04610	0.22933	0.08731	0.41235	0.03914	0.00804	0.00870	0.02010	0.00764	0.00722
101	0.01538	0.01025	0.01153	0.01153	0.01153	0.01025	0.00641	0.01538	0.01538	0.02050	0.03331	0.06919	0.03844	0.62842	0.05382	0.01025	0.01025	0.01538	0.00641	0.00641
102	0.01402	0.01077	0.01282	0.01231	0.01521	0.00957	0.00923	0.01812	0.02769	0.03708	0.38397	0.08773	0.27600	0.02360	0.01248	0.00342	0.00513	0.02035	0.01094	0.00957
103	0.01645	0.01214	0.01572	0.01568	0.01843	0.01189	0.01249	0.02338	0.06927	0.03954	0.37616	0.08707	0.08353	0.02315	0.01293	0.00378	0.00658	0.15032	0.01104	0.01045

[dist]
# distance from previous block
# <min> <max>
0	566

# created by:
# /st0/software/busco_prod/Augustus/scripts/msa2prfl.pl ./align_prep/8862.fa
