[name]
unknown

[dist]
# distance from previous block
# <min> <max>
0	568

[block]
# block no. 0 follows, 14 sequences, length 49
# corresponding to MSA columns:
# 568-616
name=unknown_A
#
# <colnr> <probs for GDERKNQSTAVLIFYWHMCP>
#	G	D	E	R	K	N	Q	S	T	A	V	L	I	F	Y	W	H	M	C	P
0	0.01263	0.00914	0.01172	0.01372	0.01454	0.00847	0.00914	0.01437	0.01968	0.02592	0.05936	0.54526	0.11274	0.07200	0.01561	0.00449	0.00615	0.02752	0.00931	0.00822
1	0.01559	0.01141	0.01408	0.01355	0.01620	0.01123	0.01018	0.02215	0.07461	0.03735	0.35260	0.10504	0.11813	0.02577	0.06431	0.00445	0.00728	0.01745	0.06858	0.01005
2	0.02422	0.02768	0.06055	0.04325	0.05363	0.02595	0.53806	0.03287	0.02422	0.03287	0.02076	0.02768	0.01557	0.00865	0.01211	0.00346	0.01730	0.01211	0.00519	0.01384
3	0.01500	0.01062	0.01528	0.01528	0.01662	0.01196	0.01131	0.01727	0.01593	0.02258	0.02743	0.04416	0.02696	0.17140	0.45114	0.07917	0.02269	0.01149	0.00553	0.00821
4	0.01368	0.01046	0.01254	0.01202	0.01481	0.00932	0.00901	0.01772	0.02704	0.03639	0.40486	0.08449	0.26486	0.02275	0.01211	0.00331	0.00497	0.01966	0.01067	0.00932
5	0.01409	0.01047	0.01312	0.01246	0.01507	0.00950	0.00934	0.01853	0.02803	0.03874	0.48629	0.08062	0.18196	0.02188	0.01211	0.00327	0.00491	0.01912	0.01098	0.00950
6	0.01278	0.00941	0.01197	0.01346	0.01480	0.00861	0.00929	0.01520	0.02178	0.02891	0.14889	0.45821	0.15031	0.02935	0.01278	0.00390	0.00565	0.02626	0.00982	0.00861
7	0.01938	0.01824	0.03078	0.61468	0.07068	0.02280	0.02850	0.02622	0.02052	0.02622	0.01824	0.02736	0.01368	0.01026	0.01026	0.00342	0.01368	0.00912	0.00456	0.01140
8	0.02407	0.02785	0.12733	0.19293	0.32327	0.02443	0.03094	0.06657	0.02414	0.03374	0.01927	0.02522	0.01516	0.00975	0.01013	0.00318	0.01299	0.00889	0.00520	0.01495
9	0.02744	0.64552	0.05378	0.01756	0.02634	0.04061	0.01756	0.03073	0.02085	0.02414	0.01427	0.01646	0.01317	0.00878	0.00658	0.00219	0.01097	0.00549	0.00439	0.01317
10	0.01250	0.00893	0.01191	0.01429	0.01488	0.00834	0.00953	0.01429	0.01965	0.02620	0.05656	0.63265	0.06787	0.03215	0.01310	0.00417	0.00595	0.02917	0.00953	0.00834
11	0.22353	0.01318	0.01525	0.01444	0.01632	0.01480	0.01059	0.01920	0.01476	0.02670	0.01645	0.02623	0.01551	0.02657	0.02963	0.44179	0.05516	0.00792	0.00502	0.00694
12	0.12757	0.02127	0.03154	0.18718	0.12773	0.02317	0.08426	0.03661	0.12802	0.09425	0.02518	0.02848	0.01869	0.01077	0.00993	0.00332	0.01140	0.00958	0.00702	0.01403
13	0.11349	0.09258	0.19526	0.02305	0.03271	0.07528	0.02318	0.15642	0.06941	0.09057	0.02255	0.02347	0.01637	0.01089	0.00923	0.00306	0.01215	0.00800	0.00729	0.01504
14	0.07379	0.02064	0.03269	0.02942	0.08135	0.05027	0.18173	0.05449	0.02367	0.03291	0.03435	0.23517	0.03575	0.01828	0.01170	0.00366	0.01151	0.04951	0.00730	0.01181
15	0.39868	0.06228	0.06170	0.12035	0.03125	0.02276	0.01677	0.03093	0.02023	0.08916	0.04713	0.02374	0.01769	0.01052	0.00796	0.00316	0.00956	0.00745	0.00661	0.01209
16	0.01783	0.00891	0.01337	0.01337	0.01337	0.00891	0.00891	0.01337	0.01337	0.01783	0.01783	0.03119	0.01783	0.03565	0.04011	0.70143	0.00891	0.00891	0.00446	0.00446
17	0.02306	0.01988	0.02510	0.01807	0.02721	0.01620	0.05282	0.07156	0.02387	0.03614	0.01899	0.02206	0.01543	0.00809	0.00818	0.00180	0.00866	0.00682	0.00638	0.58969
18	0.01250	0.00893	0.01191	0.01429	0.01488	0.00834	0.00953	0.01429	0.01965	0.02620	0.05656	0.63265	0.06787	0.03215	0.01310	0.00417	0.00595	0.02917	0.00953	0.00834
19	0.71184	0.01985	0.01508	0.01350	0.01985	0.02302	0.01111	0.03017	0.01746	0.04604	0.01429	0.01667	0.01111	0.00953	0.00635	0.00318	0.00794	0.00556	0.00635	0.01111
20	0.03859	0.02579	0.02869	0.02189	0.03014	0.02721	0.01805	0.40728	0.04244	0.15225	0.02681	0.02612	0.01863	0.01195	0.01003	0.00295	0.01050	0.00913	0.01030	0.08125
21	0.01333	0.00997	0.01238	0.01277	0.01485	0.00902	0.00920	0.01669	0.02478	0.03334	0.30053	0.25769	0.19651	0.02566	0.01242	0.00358	0.00528	0.02263	0.01033	0.00902
22	0.02284	0.01330	0.01644	0.01468	0.01868	0.01262	0.01162	0.06951	0.02882	0.13896	0.27384	0.06550	0.10946	0.01876	0.01121	0.00326	0.00653	0.05823	0.09412	0.01163
23	0.04604	0.01746	0.02382	0.01826	0.02620	0.01508	0.01508	0.05001	0.02937	0.58244	0.04049	0.03493	0.02540	0.01270	0.01032	0.00318	0.00873	0.01032	0.01270	0.01746
24	0.02422	0.02768	0.06055	0.04325	0.05363	0.02595	0.53806	0.03287	0.02422	0.03287	0.02076	0.02768	0.01557	0.00865	0.01211	0.00346	0.01730	0.01211	0.00519	0.01384
25	0.19079	0.01607	0.01875	0.01544	0.02154	0.01545	0.01251	0.03770	0.02588	0.31485	0.12739	0.03841	0.03483	0.01337	0.00944	0.00311	0.00751	0.01062	0.07243	0.01392
26	0.02956	0.01263	0.01509	0.01294	0.01748	0.01170	0.01024	0.03403	0.02456	0.24923	0.03619	0.03697	0.02595	0.01224	0.00839	0.00270	0.00631	0.00986	0.43129	0.01263
27	0.02245	0.02245	0.03143	0.02694	0.02694	0.03143	0.02245	0.02470	0.01572	0.02470	0.01347	0.02245	0.01347	0.01796	0.03368	0.00449	0.62057	0.00898	0.00449	0.01123
28	0.04604	0.01746	0.02382	0.01826	0.02620	0.01508	0.01508	0.05001	0.02937	0.58244	0.04049	0.03493	0.02540	0.01270	0.01032	0.00318	0.00873	0.01032	0.01270	0.01746
29	0.04207	0.02383	0.02776	0.02128	0.02937	0.02453	0.01758	0.32727	0.04003	0.29013	0.03154	0.02912	0.02091	0.01249	0.01029	0.00312	0.01018	0.00971	0.01133	0.01746
30	0.02276	0.01554	0.01855	0.01645	0.02057	0.01585	0.01269	0.11279	0.10321	0.09380	0.29179	0.13068	0.06433	0.01925	0.01153	0.00335	0.00686	0.01667	0.01091	0.01242
31	0.04541	0.01848	0.02444	0.01874	0.02670	0.01659	0.01548	0.09415	0.03107	0.53591	0.03906	0.03400	0.02469	0.01267	0.01032	0.00317	0.00896	0.01022	0.01248	0.01746
32	0.04604	0.01746	0.02382	0.01826	0.02620	0.01508	0.01508	0.05001	0.02937	0.58244	0.04049	0.03493	0.02540	0.01270	0.01032	0.00318	0.00873	0.01032	0.01270	0.01746
33	0.01411	0.01027	0.01347	0.01445	0.01636	0.00963	0.01097	0.01775	0.02436	0.03292	0.25249	0.26595	0.11952	0.02661	0.01288	0.00388	0.00624	0.12886	0.01017	0.00911
34	0.01758	0.01297	0.06581	0.01491	0.01636	0.01023	0.01163	0.01521	0.01472	0.01995	0.02149	0.08636	0.02205	0.03295	0.03480	0.57237	0.00921	0.01068	0.00492	0.00580
35	0.02026	0.06965	0.11005	0.02346	0.07210	0.01997	0.01919	0.03236	0.17704	0.03305	0.03972	0.20420	0.03916	0.01920	0.01120	0.00365	0.00934	0.07532	0.00821	0.01286
36	0.02280	0.01820	0.02272	0.01992	0.02285	0.02170	0.01572	0.14436	0.05902	0.03428	0.02546	0.03659	0.02319	0.12729	0.22059	0.00895	0.14718	0.01077	0.00683	0.01159
37	0.02360	0.01982	0.03285	0.27908	0.26826	0.02141	0.02675	0.02941	0.02240	0.07920	0.02425	0.08364	0.02084	0.01206	0.01049	0.00332	0.01191	0.01111	0.00597	0.01365
38	0.08548	0.26900	0.24533	0.02252	0.03296	0.07103	0.02466	0.03426	0.07064	0.03099	0.01846	0.02058	0.01460	0.00981	0.00829	0.00283	0.01255	0.00692	0.00516	0.01393
39	0.03106	0.15649	0.13454	0.07621	0.03460	0.12750	0.02267	0.03615	0.02376	0.15417	0.02158	0.02371	0.01604	0.01142	0.01210	0.00308	0.08664	0.00792	0.00647	0.01390
40	0.02787	0.12575	0.26302	0.02627	0.08170	0.02313	0.02601	0.03530	0.02339	0.15609	0.02286	0.02418	0.01639	0.00996	0.00918	0.00285	0.01190	0.00785	0.00652	0.09977
41	0.03205	0.26346	0.07206	0.02290	0.03152	0.07217	0.06745	0.15056	0.06409	0.09700	0.02223	0.02324	0.01688	0.01052	0.00896	0.00280	0.01197	0.00808	0.00716	0.01489
42	0.02772	0.02314	0.02444	0.02133	0.02752	0.02655	0.01677	0.13379	0.47396	0.04647	0.03898	0.03606	0.02907	0.01366	0.01041	0.00342	0.00864	0.01122	0.01041	0.01644
43	0.01916	0.02228	0.08467	0.16841	0.04504	0.01978	0.21384	0.02575	0.02240	0.02952	0.03910	0.11471	0.11955	0.01511	0.01159	0.00352	0.01271	0.01481	0.00627	0.01178
44	0.03554	0.02569	0.13010	0.06009	0.08558	0.01922	0.08424	0.04184	0.02635	0.33780	0.03103	0.03041	0.02054	0.01123	0.01042	0.00322	0.01149	0.00988	0.00917	0.01618
45	0.01466	0.01100	0.01649	0.01649	0.01833	0.01283	0.01283	0.01833	0.01649	0.02382	0.02749	0.04032	0.02566	0.07697	0.59868	0.01649	0.02749	0.01100	0.00550	0.00916
46	0.01668	0.00958	0.01090	0.01133	0.01329	0.00929	0.00821	0.02075	0.02246	0.03588	0.13828	0.18903	0.04940	0.01851	0.00952	0.00298	0.00508	0.01597	0.40361	0.00929
47	0.04210	0.02335	0.07332	0.02055	0.02917	0.02007	0.01814	0.17309	0.03351	0.40443	0.03459	0.03119	0.02233	0.01235	0.01026	0.00316	0.00993	0.00981	0.01137	0.01727
48	0.02589	0.11892	0.03161	0.02563	0.12596	0.02280	0.01772	0.11201	0.02601	0.03712	0.01886	0.02183	0.01544	0.00884	0.00834	0.00216	0.00957	0.00706	0.00632	0.35791

[dist]
# distance from previous block
# <min> <max>
0	2

[block]
# block no. 1 follows, 14 sequences, length 9
# corresponding to MSA columns:
# 619-627
name=unknown_B
#
# <colnr> <probs for GDERKNQSTAVLIFYWHMCP>
#	G	D	E	R	K	N	Q	S	T	A	V	L	I	F	Y	W	H	M	C	P
0	0.01560	0.01133	0.01359	0.05527	0.01957	0.01033	0.01078	0.01861	0.02298	0.06934	0.08086	0.18577	0.36176	0.02515	0.01219	0.00366	0.00652	0.05775	0.00941	0.00952
1	0.03301	0.42921	0.04426	0.01847	0.02699	0.03385	0.01725	0.09880	0.02616	0.15296	0.02137	0.02158	0.01642	0.01009	0.00787	0.00252	0.01052	0.00703	0.00697	0.01466
2	0.07289	0.03058	0.06403	0.02553	0.02938	0.14399	0.02163	0.11947	0.02459	0.03366	0.01627	0.02162	0.01394	0.01444	0.02144	0.00371	0.31612	0.00824	0.00577	0.01269
3	0.01654	0.01181	0.01654	0.01890	0.02126	0.01181	0.01654	0.02126	0.02362	0.03071	0.05433	0.11576	0.05906	0.02835	0.01417	0.00472	0.00945	0.50626	0.00945	0.00945
4	0.02142	0.02045	0.03010	0.29772	0.04712	0.02671	0.02447	0.02913	0.08556	0.02768	0.01921	0.02670	0.01580	0.01390	0.01995	0.00387	0.26364	0.00937	0.00527	0.01193
5	0.02540	0.02438	0.04165	0.06299	0.57533	0.02438	0.03149	0.03149	0.02337	0.03353	0.01930	0.02540	0.01626	0.00914	0.01016	0.00305	0.01219	0.00914	0.00508	0.01626
6	0.02081	0.01188	0.01573	0.01398	0.01750	0.01076	0.01076	0.02547	0.02911	0.14903	0.46441	0.06834	0.08259	0.01933	0.01175	0.00322	0.00562	0.01692	0.01158	0.01123
7	0.01940	0.01413	0.01712	0.01504	0.01862	0.01410	0.01164	0.12335	0.03288	0.04584	0.46125	0.06629	0.08101	0.01925	0.01174	0.00320	0.00613	0.01670	0.01109	0.01123
8	0.01387	0.01079	0.01567	0.13394	0.02600	0.01122	0.01331	0.01667	0.01982	0.02620	0.04892	0.51202	0.05707	0.02779	0.01253	0.00402	0.00749	0.02518	0.00854	0.00895

[dist]
# distance from previous block
# <min> <max>
0	9

[block]
# block no. 2 follows, 14 sequences, length 55
# corresponding to MSA columns:
# 637-691
name=unknown_C
#
# <colnr> <probs for GDERKNQSTAVLIFYWHMCP>
#	G	D	E	R	K	N	Q	S	T	A	V	L	I	F	Y	W	H	M	C	P
0	0.06977	0.04412	0.42794	0.02851	0.04176	0.02303	0.08828	0.03434	0.02253	0.09485	0.02086	0.02347	0.01454	0.00994	0.00985	0.00326	0.01420	0.00825	0.00550	0.01501
1	0.01717	0.01175	0.01476	0.01377	0.01679	0.01111	0.01040	0.02347	0.06868	0.07540	0.42959	0.10458	0.12101	0.02091	0.01192	0.00332	0.00544	0.01832	0.01109	0.01055
2	0.02396	0.02493	0.07441	0.11712	0.42344	0.02300	0.02947	0.03035	0.02271	0.03263	0.01901	0.02492	0.01564	0.00914	0.00986	0.00294	0.01205	0.00870	0.00508	0.09064
3	0.29638	0.24633	0.03228	0.01830	0.02522	0.17948	0.01565	0.03319	0.02169	0.03291	0.01469	0.01708	0.01238	0.00954	0.00719	0.00269	0.01176	0.00581	0.00539	0.01204
4	0.02058	0.05308	0.58618	0.02925	0.04442	0.02383	0.03792	0.03250	0.02167	0.03250	0.01842	0.02167	0.01300	0.00975	0.00975	0.00325	0.01517	0.00758	0.00433	0.01517
5	0.03710	0.02421	0.08634	0.02008	0.02787	0.06222	0.01779	0.08103	0.06487	0.34144	0.09571	0.03642	0.03106	0.01321	0.01038	0.00316	0.00991	0.01068	0.01070	0.01581
6	0.02791	0.02595	0.05434	0.03902	0.04899	0.02411	0.44958	0.03577	0.02509	0.12585	0.02410	0.02891	0.01723	0.00934	0.01181	0.00341	0.01585	0.01181	0.00646	0.01445
7	0.01250	0.00893	0.01191	0.01429	0.01488	0.00834	0.00953	0.01429	0.01965	0.02620	0.05656	0.63265	0.06787	0.03215	0.01310	0.00417	0.00595	0.02917	0.00953	0.00834
8	0.01995	0.01690	0.02375	0.27263	0.04254	0.01953	0.02015	0.05888	0.12319	0.03302	0.06942	0.14099	0.03602	0.01713	0.01126	0.00365	0.01023	0.06118	0.00773	0.01185
9	0.03325	0.02731	0.02997	0.09646	0.16323	0.15707	0.02175	0.04156	0.10775	0.17691	0.02740	0.02848	0.01998	0.01127	0.01004	0.00309	0.01231	0.00923	0.00790	0.01501
10	0.01393	0.01036	0.01314	0.01501	0.01617	0.01022	0.01026	0.01869	0.07839	0.02803	0.05494	0.56765	0.06388	0.03016	0.01281	0.00409	0.00619	0.02725	0.00963	0.00920
11	0.13820	0.02296	0.02576	0.02002	0.02786	0.02388	0.01654	0.27175	0.03630	0.26883	0.02949	0.02761	0.01972	0.01207	0.00973	0.00313	0.00979	0.00914	0.01068	0.01655
12	0.06793	0.06473	0.22906	0.02550	0.06898	0.02310	0.02459	0.04137	0.14879	0.16089	0.02854	0.02828	0.02025	0.01130	0.00971	0.00321	0.01121	0.00903	0.00784	0.01568
13	0.02415	0.02291	0.04007	0.08264	0.35350	0.02304	0.12458	0.03195	0.05385	0.03404	0.02236	0.02810	0.01794	0.00970	0.01023	0.00310	0.01221	0.00990	0.08097	0.01478
14	0.01250	0.00893	0.01191	0.01429	0.01488	0.00834	0.00953	0.01429	0.01965	0.02620	0.05656	0.63265	0.06787	0.03215	0.01310	0.00417	0.00595	0.02917	0.00953	0.00834
15	0.10886	0.02877	0.12555	0.02657	0.07154	0.05471	0.04970	0.06636	0.17894	0.03753	0.02684	0.06253	0.02205	0.01326	0.01257	0.00346	0.07912	0.01034	0.00718	0.01411
16	0.08168	0.10387	0.25417	0.02435	0.03533	0.02453	0.05713	0.09201	0.02619	0.16942	0.02382	0.02462	0.01653	0.01055	0.00948	0.00310	0.01230	0.00832	0.00722	0.01536
17	0.08293	0.06857	0.02802	0.02369	0.08766	0.07442	0.01731	0.04440	0.02729	0.39250	0.03217	0.02977	0.02141	0.01161	0.00967	0.00304	0.01017	0.00917	0.01012	0.01608
18	0.64728	0.02263	0.01642	0.01474	0.02098	0.07815	0.01195	0.03120	0.01858	0.04404	0.01444	0.01685	0.01132	0.00963	0.00663	0.00312	0.00895	0.00566	0.00625	0.01119
19	0.01322	0.01027	0.01202	0.01193	0.01462	0.00907	0.00882	0.01671	0.02545	0.03343	0.30275	0.14869	0.30722	0.02448	0.01223	0.00344	0.00513	0.02114	0.01030	0.00907
20	0.22503	0.12090	0.11271	0.02123	0.05968	0.02398	0.01886	0.06380	0.02378	0.17015	0.02235	0.02303	0.01606	0.01024	0.00838	0.00293	0.01011	0.00745	0.00741	0.05192
21	0.02119	0.02059	0.02901	0.02525	0.02554	0.02841	0.02089	0.02366	0.01584	0.02456	0.01574	0.02535	0.01545	0.02753	0.12533	0.00644	0.52436	0.00931	0.00465	0.01089
22	0.02474	0.01979	0.03185	0.04510	0.37448	0.01978	0.02389	0.03019	0.02281	0.07472	0.02435	0.02997	0.01974	0.01644	0.06602	0.00422	0.01200	0.00949	0.13602	0.01440
23	0.01634	0.01022	0.01367	0.01470	0.01645	0.00945	0.01052	0.01909	0.02258	0.08258	0.15049	0.43972	0.06865	0.02797	0.01271	0.00393	0.00623	0.05501	0.01016	0.00953
24	0.01783	0.00891	0.01337	0.01337	0.01337	0.00891	0.00891	0.01337	0.01337	0.01783	0.01783	0.03119	0.01783	0.03565	0.04011	0.70143	0.00891	0.00891	0.00446	0.00446
25	0.01482	0.01203	0.01607	0.11610	0.02544	0.01211	0.01356	0.01908	0.02377	0.03076	0.18199	0.08048	0.24630	0.02594	0.05107	0.00448	0.00876	0.09893	0.00880	0.00953
26	0.02058	0.05308	0.58618	0.02925	0.04442	0.02383	0.03792	0.03250	0.02167	0.03250	0.01842	0.02167	0.01300	0.00975	0.00975	0.00325	0.01517	0.00758	0.00433	0.01517
27	0.02422	0.02768	0.06055	0.04325	0.05363	0.02595	0.53806	0.03287	0.02422	0.03287	0.02076	0.02768	0.01557	0.00865	0.01211	0.00346	0.01730	0.01211	0.00519	0.01384
28	0.02128	0.01824	0.02128	0.01520	0.02432	0.01368	0.01216	0.02584	0.02128	0.03344	0.01824	0.02128	0.01520	0.00760	0.00760	0.00152	0.00760	0.00608	0.00608	0.70208
29	0.02058	0.05308	0.58618	0.02925	0.04442	0.02383	0.03792	0.03250	0.02167	0.03250	0.01842	0.02167	0.01300	0.00975	0.00975	0.00325	0.01517	0.00758	0.00433	0.01517
30	0.07337	0.33900	0.03990	0.02039	0.02776	0.22468	0.01767	0.03626	0.02436	0.08681	0.01767	0.01918	0.01440	0.00986	0.00788	0.00251	0.01309	0.00640	0.00572	0.01309
31	0.01512	0.01519	0.07716	0.01485	0.01780	0.01212	0.01229	0.01848	0.01918	0.02648	0.11898	0.05954	0.09879	0.25211	0.18846	0.00928	0.01410	0.01430	0.00694	0.00883
32	0.02644	0.01672	0.02063	0.01559	0.02326	0.01335	0.01248	0.03090	0.02467	0.17476	0.11823	0.03423	0.03176	0.01119	0.00906	0.00223	0.00742	0.00929	0.00866	0.40912
33	0.02553	0.02204	0.02320	0.02088	0.02669	0.02553	0.01624	0.05453	0.55679	0.04293	0.04177	0.03829	0.03133	0.01392	0.01044	0.00348	0.00812	0.01160	0.01044	0.01624
34	0.02120	0.01017	0.01066	0.01023	0.01305	0.00999	0.00778	0.02592	0.02212	0.08010	0.03402	0.03800	0.02623	0.01201	0.00742	0.00245	0.00509	0.00962	0.64376	0.01017
35	0.01266	0.00924	0.01192	0.01373	0.01482	0.00850	0.00935	0.01482	0.02096	0.02780	0.11095	0.52098	0.12569	0.03041	0.01290	0.00400	0.00576	0.02733	0.00970	0.00850
36	0.04517	0.01886	0.02468	0.01892	0.02689	0.01716	0.01563	0.11086	0.03171	0.51829	0.03852	0.03365	0.02442	0.01265	0.01031	0.00316	0.00905	0.01019	0.01240	0.01746
37	0.02428	0.02079	0.02212	0.02025	0.02555	0.02388	0.01560	0.05067	0.50531	0.04132	0.04319	0.09526	0.03483	0.01567	0.01070	0.00355	0.00791	0.01329	0.01035	0.01549
38	0.02380	0.01878	0.02912	0.31289	0.14348	0.02098	0.02396	0.03236	0.08169	0.09831	0.08529	0.03463	0.02677	0.01196	0.01048	0.00331	0.01122	0.01059	0.00703	0.01333
39	0.02128	0.01824	0.02128	0.01520	0.02432	0.01368	0.01216	0.02584	0.02128	0.03344	0.01824	0.02128	0.01520	0.00760	0.00760	0.00152	0.00760	0.00608	0.00608	0.70208
40	0.02328	0.01424	0.02258	0.01940	0.02362	0.01458	0.07044	0.02764	0.02065	0.15568	0.03015	0.03755	0.02453	0.05051	0.36093	0.01109	0.02060	0.01087	0.05002	0.01163
41	0.02091	0.06456	0.02530	0.22585	0.03888	0.01847	0.01812	0.02679	0.04903	0.06317	0.02901	0.15990	0.02763	0.01470	0.00999	0.00303	0.00972	0.01276	0.00682	0.17539
42	0.02461	0.02358	0.04023	0.13524	0.50924	0.02418	0.03110	0.03080	0.02299	0.03257	0.01916	0.02566	0.01592	0.00929	0.01017	0.00310	0.01239	0.00914	0.00501	0.01562
43	0.03438	0.11013	0.12961	0.02383	0.03331	0.03154	0.02244	0.38939	0.04023	0.05405	0.02227	0.02310	0.01615	0.01143	0.00972	0.00300	0.01192	0.00848	0.00851	0.01652
44	0.02308	0.07978	0.25159	0.09064	0.03924	0.02146	0.08196	0.03089	0.02343	0.09787	0.07178	0.03673	0.08221	0.01259	0.01033	0.00322	0.01227	0.01078	0.00656	0.01360
45	0.01934	0.01164	0.01477	0.01332	0.01687	0.01039	0.01022	0.02360	0.02801	0.12923	0.39126	0.07393	0.17645	0.02056	0.01181	0.00326	0.00556	0.01778	0.01119	0.01079
46	0.24955	0.01876	0.02277	0.07484	0.02864	0.01947	0.04294	0.06917	0.02410	0.23183	0.02701	0.03093	0.02001	0.08118	0.01383	0.00396	0.00973	0.00923	0.00861	0.01341
47	0.08038	0.02677	0.08577	0.02528	0.03343	0.02502	0.10651	0.17490	0.02893	0.07828	0.02103	0.02406	0.01583	0.01119	0.01291	0.00309	0.09343	0.00876	0.00719	0.13727
48	0.01839	0.01266	0.01764	0.01741	0.01901	0.01409	0.01314	0.02095	0.01927	0.08619	0.04034	0.31786	0.04361	0.03868	0.16081	0.00716	0.11555	0.01921	0.00803	0.01003
49	0.01422	0.00973	0.01167	0.01223	0.01266	0.00948	0.00750	0.01525	0.01778	0.02398	0.09894	0.22185	0.05226	0.40534	0.03712	0.00763	0.00829	0.01920	0.00768	0.00718
50	0.02473	0.02370	0.04044	0.12459	0.51898	0.02421	0.03116	0.03091	0.02305	0.03271	0.01918	0.02562	0.01597	0.00927	0.01017	0.00309	0.01236	0.00914	0.00502	0.01571
51	0.02407	0.02303	0.03925	0.18492	0.46380	0.02403	0.03083	0.03033	0.02274	0.03191	0.01907	0.02583	0.01569	0.00939	0.01018	0.00313	0.01252	0.00914	0.00496	0.01518
52	0.01561	0.00952	0.01112	0.01185	0.01321	0.00922	0.00810	0.01854	0.02058	0.03127	0.10114	0.25257	0.05041	0.12766	0.01751	0.00440	0.00608	0.01825	0.26439	0.00858
53	0.03025	0.03502	0.03832	0.03754	0.16238	0.27052	0.13964	0.03527	0.02579	0.02975	0.01804	0.02250	0.01468	0.00948	0.00993	0.00280	0.01557	0.00839	0.00530	0.08883
54	0.01250	0.00893	0.01191	0.01429	0.01488	0.00834	0.00953	0.01429	0.01965	0.02620	0.05656	0.63265	0.06787	0.03215	0.01310	0.00417	0.00595	0.02917	0.00953	0.00834

[dist]
# distance from previous block
# <min> <max>
0	17

# created by:
# /st0/software/busco_prod/Augustus/scripts/msa2prfl.pl ./align_prep/8863.fa
