[name]
unknown

[dist]
# distance from previous block
# <min> <max>
0	13

[block]
# block no. 0 follows, 14 sequences, length 22
# corresponding to MSA columns:
# 13-34
name=unknown_A
#
# <colnr> <probs for GDERKNQSTAVLIFYWHMCP>
#	G	D	E	R	K	N	Q	S	T	A	V	L	I	F	Y	W	H	M	C	P
0	0.01966	0.06060	0.01802	0.01582	0.01870	0.01266	0.01230	0.02279	0.02305	0.11162	0.11158	0.33368	0.05909	0.02539	0.01226	0.00386	0.00727	0.11140	0.00980	0.01044
1	0.07694	0.08442	0.29336	0.02602	0.03759	0.06668	0.08776	0.03164	0.02207	0.03260	0.01784	0.02130	0.01359	0.00919	0.00910	0.00283	0.01340	0.00746	0.00499	0.14123
2	0.02488	0.07470	0.08309	0.08547	0.46633	0.02553	0.03074	0.03124	0.02289	0.03234	0.01879	0.02452	0.01564	0.00922	0.00985	0.00302	0.01240	0.00874	0.00494	0.01568
3	0.02541	0.13986	0.03811	0.15003	0.27276	0.09434	0.02510	0.03027	0.02243	0.02841	0.01872	0.02638	0.01639	0.05595	0.01251	0.00342	0.01283	0.00859	0.00496	0.01351
4	0.01954	0.04511	0.47993	0.02591	0.03828	0.02127	0.03206	0.02925	0.02042	0.03017	0.02099	0.03007	0.01749	0.12609	0.01760	0.00449	0.01420	0.00894	0.00468	0.01351
5	0.10466	0.11649	0.34845	0.02439	0.03598	0.02612	0.02821	0.03607	0.11995	0.03501	0.02173	0.02350	0.01618	0.01037	0.00908	0.00315	0.01249	0.00783	0.00571	0.01464
6	0.02553	0.17948	0.28076	0.02892	0.04022	0.11610	0.12706	0.03348	0.02312	0.02958	0.01755	0.02118	0.01357	0.00945	0.00942	0.00296	0.01516	0.00784	0.00466	0.01396
7	0.02033	0.22036	0.25867	0.02138	0.03040	0.02446	0.02354	0.02671	0.02084	0.02814	0.02816	0.19641	0.02889	0.01592	0.00975	0.00319	0.01123	0.01318	0.00585	0.01259
8	0.01934	0.01357	0.01556	0.01423	0.01600	0.01439	0.00960	0.11263	0.02130	0.02872	0.03023	0.05555	0.03201	0.44489	0.12085	0.00959	0.01265	0.01332	0.00687	0.00871
9	0.02119	0.07241	0.13880	0.26321	0.05171	0.02408	0.12291	0.03056	0.06255	0.03090	0.06328	0.03024	0.02169	0.01087	0.01040	0.00330	0.01333	0.01005	0.00559	0.01292
10	0.02740	0.02157	0.02480	0.02169	0.02667	0.02537	0.01725	0.04848	0.39401	0.10381	0.03639	0.03496	0.02732	0.01452	0.01472	0.00363	0.12136	0.01097	0.00961	0.01546
11	0.71184	0.01985	0.01508	0.01350	0.01985	0.02302	0.01111	0.03017	0.01746	0.04604	0.01429	0.01667	0.01111	0.00953	0.00635	0.00318	0.00794	0.00556	0.00635	0.01111
12	0.02128	0.01824	0.02128	0.01520	0.02432	0.01368	0.01216	0.02584	0.02128	0.03344	0.01824	0.02128	0.01520	0.00760	0.00760	0.00152	0.00760	0.00608	0.00608	0.70208
13	0.01250	0.00893	0.01191	0.01429	0.01488	0.00834	0.00953	0.01429	0.01965	0.02620	0.05656	0.63265	0.06787	0.03215	0.01310	0.00417	0.00595	0.02917	0.00953	0.00834
14	0.03950	0.02797	0.03032	0.02324	0.03144	0.03067	0.01920	0.50720	0.04695	0.10043	0.02573	0.02535	0.01800	0.01235	0.01027	0.00309	0.01112	0.00931	0.01043	0.01745
15	0.01452	0.01049	0.01372	0.01291	0.01533	0.00968	0.00968	0.01937	0.02905	0.04115	0.56992	0.07666	0.09683	0.02098	0.01210	0.00323	0.00484	0.01856	0.01130	0.00968
16	0.01250	0.00893	0.01191	0.01429	0.01488	0.00834	0.00953	0.01429	0.01965	0.02620	0.05656	0.63265	0.06787	0.03215	0.01310	0.00417	0.00595	0.02917	0.00953	0.00834
17	0.02510	0.02071	0.02236	0.01974	0.02520	0.02335	0.01542	0.10598	0.39872	0.04519	0.13732	0.04375	0.04178	0.01504	0.01073	0.00339	0.00789	0.01261	0.01058	0.01517
18	0.03071	0.02345	0.03363	0.02651	0.03325	0.02518	0.12908	0.16641	0.12440	0.12590	0.03041	0.03658	0.02371	0.01388	0.01381	0.00355	0.08402	0.05163	0.00883	0.01506
19	0.04031	0.02666	0.02951	0.02262	0.03078	0.02873	0.01869	0.45037	0.04476	0.16035	0.02757	0.02654	0.01892	0.01239	0.01028	0.00310	0.01082	0.00944	0.01072	0.01745
20	0.01448	0.01112	0.01452	0.06236	0.01965	0.01058	0.01090	0.01908	0.02730	0.03743	0.43806	0.07665	0.17758	0.02102	0.01196	0.00329	0.00564	0.01835	0.01041	0.00964
21	0.02488	0.02315	0.03899	0.05856	0.52860	0.02315	0.02948	0.03087	0.02321	0.03392	0.02048	0.02647	0.01709	0.00938	0.00991	0.00299	0.01158	0.00918	0.06242	0.01570

[dist]
# distance from previous block
# <min> <max>
0	3

[block]
# block no. 1 follows, 14 sequences, length 44
# corresponding to MSA columns:
# 38-81
name=unknown_B
#
# <colnr> <probs for GDERKNQSTAVLIFYWHMCP>
#	G	D	E	R	K	N	Q	S	T	A	V	L	I	F	Y	W	H	M	C	P
0	0.03164	0.02128	0.02383	0.02038	0.02688	0.02323	0.01615	0.08366	0.38960	0.18293	0.04037	0.03657	0.02894	0.01351	0.01040	0.00338	0.00848	0.01113	0.01101	0.01663
1	0.03704	0.04454	0.02785	0.02503	0.03035	0.51159	0.01892	0.07982	0.03009	0.02920	0.01780	0.02038	0.01447	0.01081	0.00919	0.00266	0.01697	0.00703	0.05409	0.01218
2	0.15443	0.02419	0.02537	0.02033	0.02750	0.02663	0.01660	0.31696	0.10117	0.09859	0.06434	0.02935	0.02420	0.01266	0.00973	0.00316	0.00966	0.00962	0.00987	0.01565
3	0.02422	0.02768	0.06055	0.04325	0.05363	0.02595	0.53806	0.03287	0.02422	0.03287	0.02076	0.02768	0.01557	0.00865	0.01211	0.00346	0.01730	0.01211	0.00519	0.01384
4	0.01452	0.01049	0.01372	0.01291	0.01533	0.00968	0.00968	0.01937	0.02905	0.04115	0.56992	0.07666	0.09683	0.02098	0.01210	0.00323	0.00484	0.01856	0.01130	0.00968
5	0.01250	0.00893	0.01191	0.01429	0.01488	0.00834	0.00953	0.01429	0.01965	0.02620	0.05656	0.63265	0.06787	0.03215	0.01310	0.00417	0.00595	0.02917	0.00953	0.00834
6	0.01213	0.01040	0.01040	0.01040	0.01386	0.00866	0.00780	0.01473	0.02339	0.02772	0.10396	0.09876	0.57117	0.02599	0.01213	0.00347	0.00520	0.02166	0.00953	0.00866
7	0.03839	0.04730	0.02922	0.02621	0.03173	0.55281	0.01980	0.08102	0.03062	0.02828	0.01657	0.01900	0.01356	0.01071	0.00933	0.00268	0.01793	0.00682	0.00569	0.01234
8	0.01913	0.00956	0.00956	0.00956	0.01196	0.00956	0.00717	0.02391	0.02152	0.03826	0.03348	0.03826	0.02630	0.01196	0.00717	0.00239	0.00478	0.00956	0.69632	0.00956
9	0.01938	0.01824	0.03078	0.61468	0.07068	0.02280	0.02850	0.02622	0.02052	0.02622	0.01824	0.02736	0.01368	0.01026	0.01026	0.00342	0.01368	0.00912	0.00456	0.01140
10	0.03833	0.04891	0.02908	0.02644	0.03173	0.59815	0.01983	0.04098	0.02908	0.02512	0.01586	0.01851	0.01322	0.01058	0.00925	0.00264	0.01851	0.00661	0.00529	0.01190
11	0.03833	0.04891	0.02908	0.02644	0.03173	0.59815	0.01983	0.04098	0.02908	0.02512	0.01586	0.01851	0.01322	0.01058	0.00925	0.00264	0.01851	0.00661	0.00529	0.01190
12	0.02015	0.01929	0.03094	0.46746	0.05972	0.02496	0.02698	0.02584	0.01932	0.02584	0.01705	0.02613	0.01363	0.01219	0.01613	0.00369	0.16570	0.00909	0.00454	0.01136
13	0.02540	0.02438	0.04165	0.06299	0.57533	0.02438	0.03149	0.03149	0.02337	0.03353	0.01930	0.02540	0.01626	0.00914	0.01016	0.00305	0.01219	0.00914	0.00508	0.01626
14	0.01250	0.00893	0.01191	0.01429	0.01488	0.00834	0.00953	0.01429	0.01965	0.02620	0.05656	0.63265	0.06787	0.03215	0.01310	0.00417	0.00595	0.02917	0.00953	0.00834
15	0.01250	0.00893	0.01191	0.01429	0.01488	0.00834	0.00953	0.01429	0.01965	0.02620	0.05656	0.63265	0.06787	0.03215	0.01310	0.00417	0.00595	0.02917	0.00953	0.00834
16	0.47042	0.01898	0.01825	0.01522	0.02215	0.02014	0.01255	0.03736	0.02178	0.24054	0.02379	0.02329	0.01630	0.01068	0.00779	0.00318	0.00823	0.00728	0.00865	0.01342
17	0.01985	0.01916	0.03368	0.55907	0.06902	0.02311	0.07809	0.02687	0.02088	0.02687	0.01849	0.02739	0.01386	0.01010	0.01044	0.00342	0.01403	0.00941	0.00462	0.01164
18	0.01429	0.01048	0.01339	0.01267	0.01519	0.00958	0.00950	0.01891	0.02850	0.03985	0.52457	0.07881	0.14299	0.02147	0.01211	0.00325	0.00488	0.01886	0.01112	0.00958
19	0.02540	0.02438	0.04165	0.06299	0.57533	0.02438	0.03149	0.03149	0.02337	0.03353	0.01930	0.02540	0.01626	0.00914	0.01016	0.00305	0.01219	0.00914	0.00508	0.01626
20	0.04604	0.01746	0.02382	0.01826	0.02620	0.01508	0.01508	0.05001	0.02937	0.58244	0.04049	0.03493	0.02540	0.01270	0.01032	0.00318	0.00873	0.01032	0.01270	0.01746
21	0.01492	0.00995	0.01119	0.01119	0.01119	0.00995	0.00622	0.01492	0.01492	0.01990	0.03233	0.06716	0.03731	0.63935	0.05223	0.00995	0.00995	0.01492	0.00622	0.00622
22	0.02744	0.64552	0.05378	0.01756	0.02634	0.04061	0.01756	0.03073	0.02085	0.02414	0.01427	0.01646	0.01317	0.00878	0.00658	0.00219	0.01097	0.00549	0.00439	0.01317
23	0.01938	0.01824	0.03078	0.61468	0.07068	0.02280	0.02850	0.02622	0.02052	0.02622	0.01824	0.02736	0.01368	0.01026	0.01026	0.00342	0.01368	0.00912	0.00456	0.01140
24	0.02245	0.02245	0.03143	0.02694	0.02694	0.03143	0.02245	0.02470	0.01572	0.02470	0.01347	0.02245	0.01347	0.01796	0.03368	0.00449	0.62057	0.00898	0.00449	0.01123
25	0.01823	0.00948	0.00988	0.01021	0.01235	0.00940	0.00749	0.02260	0.02127	0.03662	0.03662	0.11912	0.03196	0.01470	0.00798	0.00263	0.00494	0.01223	0.60289	0.00940
26	0.03833	0.04891	0.02908	0.02644	0.03173	0.59815	0.01983	0.04098	0.02908	0.02512	0.01586	0.01851	0.01322	0.01058	0.00925	0.00264	0.01851	0.00661	0.00529	0.01190
27	0.01599	0.01142	0.01591	0.01827	0.02039	0.01134	0.01558	0.02031	0.02308	0.03010	0.05464	0.18607	0.06026	0.02887	0.01403	0.00465	0.00897	0.44136	0.00946	0.00930
28	0.01319	0.01024	0.01201	0.01199	0.01462	0.00905	0.00883	0.01663	0.02528	0.03320	0.29490	0.16202	0.30177	0.02471	0.01225	0.00346	0.00515	0.02137	0.01028	0.00905
29	0.01280	0.00915	0.01225	0.01463	0.01536	0.00860	0.01005	0.01481	0.01995	0.02653	0.05639	0.59397	0.06721	0.03187	0.01318	0.00421	0.00622	0.06487	0.00952	0.00842
30	0.02058	0.05308	0.58618	0.02925	0.04442	0.02383	0.03792	0.03250	0.02167	0.03250	0.01842	0.02167	0.01300	0.00975	0.00975	0.00325	0.01517	0.00758	0.00433	0.01517
31	0.03833	0.04891	0.02908	0.02644	0.03173	0.59815	0.01983	0.04098	0.02908	0.02512	0.01586	0.01851	0.01322	0.01058	0.00925	0.00264	0.01851	0.00661	0.00529	0.01190
32	0.01452	0.01049	0.01372	0.01291	0.01533	0.00968	0.00968	0.01937	0.02905	0.04115	0.56992	0.07666	0.09683	0.02098	0.01210	0.00323	0.00484	0.01856	0.01130	0.00968
33	0.02501	0.02380	0.03955	0.09659	0.50066	0.02436	0.03015	0.03287	0.06309	0.03374	0.02091	0.02649	0.01721	0.00958	0.01019	0.00311	0.01199	0.00933	0.00545	0.01593
34	0.02058	0.05308	0.58618	0.02925	0.04442	0.02383	0.03792	0.03250	0.02167	0.03250	0.01842	0.02167	0.01300	0.00975	0.00975	0.00325	0.01517	0.00758	0.00433	0.01517
35	0.01482	0.01068	0.01368	0.01450	0.01622	0.01049	0.01101	0.01777	0.02112	0.02800	0.12243	0.13011	0.11775	0.18701	0.08009	0.00679	0.00991	0.17065	0.00851	0.00845
36	0.01783	0.00891	0.01337	0.01337	0.01337	0.00891	0.00891	0.01337	0.01337	0.01783	0.01783	0.03119	0.01783	0.03565	0.04011	0.70143	0.00891	0.00891	0.00446	0.00446
37	0.02426	0.02077	0.02211	0.02024	0.02554	0.02385	0.01559	0.05061	0.50452	0.04130	0.04321	0.09613	0.03488	0.01570	0.01070	0.00355	0.00791	0.01331	0.01035	0.01547
38	0.02152	0.13367	0.51375	0.02766	0.04196	0.02611	0.03515	0.03226	0.02156	0.03136	0.01785	0.02096	0.01302	0.00962	0.00932	0.00311	0.01460	0.00730	0.00434	0.01489
39	0.01412	0.01150	0.01456	0.09366	0.02221	0.01101	0.01141	0.01824	0.02538	0.03316	0.28804	0.07976	0.29607	0.02175	0.01186	0.00336	0.00620	0.01865	0.00960	0.00946
40	0.02533	0.02343	0.02327	0.01755	0.02606	0.09495	0.01392	0.07804	0.02497	0.03535	0.01854	0.02123	0.01515	0.00846	0.00808	0.00182	0.00944	0.00646	0.00638	0.54157
41	0.02725	0.02498	0.04018	0.05763	0.50140	0.02540	0.02986	0.10082	0.02675	0.03776	0.02003	0.02530	0.01642	0.00958	0.01017	0.00305	0.01207	0.00916	0.00579	0.01642
42	0.02450	0.02243	0.03045	0.10765	0.06983	0.02514	0.08983	0.04631	0.37852	0.03870	0.03432	0.03457	0.02585	0.01241	0.01063	0.00344	0.01038	0.01118	0.00860	0.01526
43	0.61846	0.02046	0.01870	0.02023	0.09541	0.02321	0.01389	0.03035	0.01827	0.04434	0.01497	0.01786	0.01181	0.00947	0.00687	0.00316	0.00852	0.00604	0.00618	0.01181

[dist]
# distance from previous block
# <min> <max>
0	2

[block]
# block no. 2 follows, 14 sequences, length 31
# corresponding to MSA columns:
# 84-114
name=unknown_C
#
# <colnr> <probs for GDERKNQSTAVLIFYWHMCP>
#	G	D	E	R	K	N	Q	S	T	A	V	L	I	F	Y	W	H	M	C	P
0	0.03019	0.02477	0.10039	0.02738	0.08006	0.02074	0.10836	0.12536	0.02953	0.16958	0.08069	0.03378	0.02702	0.01199	0.01038	0.00313	0.01097	0.01072	0.08007	0.01487
1	0.03082	0.02368	0.03708	0.05002	0.40863	0.02363	0.02704	0.09820	0.02754	0.13648	0.02379	0.02702	0.01806	0.01018	0.01020	0.00307	0.01146	0.00937	0.00710	0.01662
2	0.25630	0.02074	0.02782	0.09056	0.21958	0.02170	0.02079	0.03468	0.02248	0.15973	0.02228	0.02484	0.01635	0.01017	0.00895	0.00315	0.01016	0.00822	0.00715	0.01435
3	0.03759	0.02473	0.02755	0.02181	0.02942	0.02668	0.01779	0.32318	0.15697	0.17568	0.03199	0.02997	0.02231	0.01276	0.01032	0.00319	0.01002	0.01001	0.01085	0.01719
4	0.02291	0.02114	0.03208	0.23256	0.23709	0.02274	0.02526	0.03332	0.12136	0.03284	0.02300	0.02794	0.01807	0.01021	0.00993	0.00306	0.01136	0.00921	0.00603	0.09992
5	0.02172	0.01863	0.02148	0.01579	0.02457	0.01491	0.01258	0.02882	0.07685	0.03442	0.02068	0.02304	0.01687	0.00826	0.00789	0.00172	0.00765	0.00665	0.00653	0.63091
6	0.01694	0.01273	0.01497	0.01358	0.01700	0.01217	0.01041	0.08302	0.02995	0.04056	0.37999	0.07598	0.21128	0.02122	0.01188	0.00327	0.00574	0.01821	0.01071	0.01038
7	0.03685	0.04423	0.02949	0.02619	0.03127	0.48398	0.02005	0.09129	0.02976	0.02918	0.01654	0.01953	0.01368	0.01148	0.01175	0.00287	0.07661	0.00711	0.00573	0.01241
8	0.02540	0.02438	0.04165	0.06299	0.57533	0.02438	0.03149	0.03149	0.02337	0.03353	0.01930	0.02540	0.01626	0.00914	0.01016	0.00305	0.01219	0.00914	0.00508	0.01626
9	0.02677	0.58761	0.10582	0.01870	0.02811	0.03897	0.01955	0.03090	0.02093	0.02496	0.01467	0.01697	0.01315	0.00887	0.00689	0.00230	0.01138	0.00569	0.00438	0.01336
10	0.01938	0.01824	0.03078	0.61468	0.07068	0.02280	0.02850	0.02622	0.02052	0.02622	0.01824	0.02736	0.01368	0.01026	0.01026	0.00342	0.01368	0.00912	0.00456	0.01140
11	0.01476	0.00988	0.01124	0.01141	0.01145	0.00984	0.00645	0.01488	0.01525	0.02033	0.03400	0.10596	0.03941	0.59768	0.04955	0.00955	0.00967	0.01590	0.00645	0.00636
12	0.01273	0.01027	0.01133	0.01139	0.01431	0.00887	0.00842	0.01577	0.02432	0.03070	0.20791	0.14900	0.40811	0.02546	0.01222	0.00348	0.00519	0.02171	0.00994	0.00887
13	0.03745	0.02782	0.02996	0.02287	0.03116	0.03022	0.01886	0.49567	0.04587	0.06192	0.02407	0.02434	0.01725	0.01190	0.01003	0.00294	0.01097	0.00896	0.00990	0.07784
14	0.02540	0.02438	0.04165	0.06299	0.57533	0.02438	0.03149	0.03149	0.02337	0.03353	0.01930	0.02540	0.01626	0.00914	0.01016	0.00305	0.01219	0.00914	0.00508	0.01626
15	0.01568	0.01120	0.01555	0.01792	0.01991	0.01107	0.01505	0.01978	0.02278	0.02975	0.05481	0.22562	0.06093	0.02916	0.01395	0.00461	0.00871	0.40486	0.00947	0.00921
16	0.01492	0.00995	0.01119	0.01119	0.01119	0.00995	0.00622	0.01492	0.01492	0.01990	0.03233	0.06716	0.03731	0.63935	0.05223	0.00995	0.00995	0.01492	0.00622	0.00622
17	0.01243	0.00921	0.01162	0.01354	0.01469	0.00840	0.00919	0.01437	0.02037	0.02649	0.06566	0.53016	0.16450	0.03097	0.01291	0.00403	0.00581	0.02773	0.00953	0.00840
18	0.01938	0.01824	0.03078	0.61468	0.07068	0.02280	0.02850	0.02622	0.02052	0.02622	0.01824	0.02736	0.01368	0.01026	0.01026	0.00342	0.01368	0.00912	0.00456	0.01140
19	0.71184	0.01985	0.01508	0.01350	0.01985	0.02302	0.01111	0.03017	0.01746	0.04604	0.01429	0.01667	0.01111	0.00953	0.00635	0.00318	0.00794	0.00556	0.00635	0.01111
20	0.02744	0.64552	0.05378	0.01756	0.02634	0.04061	0.01756	0.03073	0.02085	0.02414	0.01427	0.01646	0.01317	0.00878	0.00658	0.00219	0.01097	0.00549	0.00439	0.01317
21	0.03901	0.02874	0.03080	0.02361	0.03182	0.03182	0.01951	0.54111	0.04825	0.06468	0.02464	0.02464	0.01745	0.01232	0.01027	0.00308	0.01129	0.00924	0.01027	0.01745
22	0.01423	0.01048	0.01330	0.01260	0.01515	0.00956	0.00945	0.01879	0.02835	0.03948	0.51198	0.07940	0.15581	0.02160	0.01211	0.00326	0.00489	0.01894	0.01108	0.00956
23	0.01213	0.01040	0.01040	0.01040	0.01386	0.00866	0.00780	0.01473	0.02339	0.02772	0.10396	0.09876	0.57117	0.02599	0.01213	0.00347	0.00520	0.02166	0.00953	0.00866
24	0.01367	0.00976	0.01325	0.01562	0.01673	0.00934	0.01155	0.01630	0.02080	0.02750	0.05592	0.48321	0.06533	0.03105	0.01341	0.00433	0.00696	0.16710	0.00950	0.00866
25	0.01452	0.01049	0.01372	0.01291	0.01533	0.00968	0.00968	0.01937	0.02905	0.04115	0.56992	0.07666	0.09683	0.02098	0.01210	0.00323	0.00484	0.01856	0.01130	0.00968
26	0.01250	0.00893	0.01191	0.01429	0.01488	0.00834	0.00953	0.01429	0.01965	0.02620	0.05656	0.63265	0.06787	0.03215	0.01310	0.00417	0.00595	0.02917	0.00953	0.00834
27	0.02013	0.01900	0.03213	0.54608	0.13343	0.02300	0.02887	0.02688	0.02087	0.02713	0.01837	0.02712	0.01400	0.01012	0.01025	0.00337	0.01349	0.00912	0.00462	0.01200
28	0.03833	0.04891	0.02908	0.02644	0.03173	0.59815	0.01983	0.04098	0.02908	0.02512	0.01586	0.01851	0.01322	0.01058	0.00925	0.00264	0.01851	0.00661	0.00529	0.01190
29	0.02128	0.01824	0.02128	0.01520	0.02432	0.01368	0.01216	0.02584	0.02128	0.03344	0.01824	0.02128	0.01520	0.00760	0.00760	0.00152	0.00760	0.00608	0.00608	0.70208
30	0.02540	0.02438	0.04165	0.06299	0.57533	0.02438	0.03149	0.03149	0.02337	0.03353	0.01930	0.02540	0.01626	0.00914	0.01016	0.00305	0.01219	0.00914	0.00508	0.01626

[dist]
# distance from previous block
# <min> <max>
0	0

# created by:
# /st0/software/busco_prod/Augustus/scripts/msa2prfl.pl ./align_prep/8868.fa
