[name]
unknown

[dist]
# distance from previous block
# <min> <max>
4	24

[block]
# block no. 0 follows, 16 sequences, length 32
# corresponding to MSA columns:
# 32-63
name=unknown_A
#
# <colnr> <probs for GDERKNQSTAVLIFYWHMCP>
#	G	D	E	R	K	N	Q	S	T	A	V	L	I	F	Y	W	H	M	C	P
0	0.01545	0.08955	0.01747	0.01339	0.01633	0.01285	0.01081	0.01951	0.02444	0.03359	0.34723	0.11086	0.09886	0.02004	0.01093	0.00318	0.00603	0.09532	0.04478	0.00936
1	0.01461	0.01165	0.01244	0.01205	0.01534	0.01078	0.00903	0.08097	0.02425	0.03014	0.08037	0.19378	0.42133	0.02411	0.01142	0.00336	0.00575	0.02041	0.00908	0.00913
2	0.28221	0.01532	0.01669	0.01439	0.01971	0.01540	0.01147	0.03194	0.02252	0.24549	0.11603	0.10811	0.03430	0.01434	0.00897	0.00312	0.00710	0.01147	0.00926	0.01216
3	0.11118	0.58668	0.04635	0.01612	0.02413	0.03633	0.01584	0.02896	0.01930	0.02532	0.01348	0.01557	0.01220	0.00838	0.00619	0.00219	0.01002	0.00519	0.00437	0.01220
4	0.02027	0.03980	0.41179	0.02753	0.03903	0.02157	0.11123	0.06671	0.02238	0.03218	0.02252	0.09837	0.01924	0.01179	0.00996	0.00319	0.01331	0.01040	0.00521	0.01350
5	0.02591	0.66522	0.05079	0.01658	0.02488	0.03835	0.01658	0.02902	0.01969	0.02280	0.01347	0.01555	0.01244	0.00829	0.00622	0.00207	0.01036	0.00518	0.00415	0.01244
6	0.02411	0.02082	0.02192	0.01972	0.02520	0.02411	0.01534	0.05150	0.58142	0.04054	0.03945	0.03616	0.02959	0.01315	0.00986	0.00329	0.00767	0.01096	0.00986	0.01534
7	0.02329	0.01215	0.01531	0.01323	0.01760	0.01061	0.01037	0.02695	0.02596	0.23001	0.25654	0.06501	0.21683	0.01852	0.01086	0.00310	0.00594	0.01572	0.01063	0.01139
8	0.02411	0.02082	0.02192	0.01972	0.02520	0.02411	0.01534	0.05150	0.58142	0.04054	0.03945	0.03616	0.02959	0.01315	0.00986	0.00329	0.00767	0.01096	0.00986	0.01534
9	0.72785	0.01874	0.01425	0.01275	0.01874	0.02174	0.01050	0.02849	0.01649	0.04348	0.01350	0.01574	0.01050	0.00900	0.00600	0.00300	0.00750	0.00525	0.00600	0.01050
10	0.01362	0.00929	0.01116	0.01193	0.01226	0.00914	0.00749	0.01443	0.01594	0.02119	0.03823	0.22171	0.04448	0.44280	0.03670	0.00756	0.00837	0.06011	0.00694	0.00665
11	0.01193	0.00853	0.01136	0.01341	0.01408	0.00795	0.00901	0.01380	0.01913	0.02565	0.08825	0.61563	0.06587	0.02968	0.01231	0.00388	0.00556	0.02691	0.00910	0.00795
12	0.01181	0.00843	0.01125	0.01350	0.01406	0.00787	0.00900	0.01350	0.01856	0.02474	0.05342	0.65306	0.06410	0.03036	0.01237	0.00394	0.00562	0.02755	0.00900	0.00787
13	0.03682	0.01798	0.02229	0.01810	0.02490	0.01764	0.01462	0.04870	0.21812	0.41133	0.03865	0.03408	0.02592	0.01239	0.00979	0.00310	0.00805	0.01016	0.01126	0.01610
14	0.72785	0.01874	0.01425	0.01275	0.01874	0.02174	0.01050	0.02849	0.01649	0.04348	0.01350	0.01574	0.01050	0.00900	0.00600	0.00300	0.00750	0.00525	0.00600	0.01050
15	0.01328	0.00999	0.01235	0.01203	0.01457	0.00906	0.00921	0.01728	0.02561	0.03472	0.41912	0.08091	0.22094	0.02163	0.01160	0.00322	0.00502	0.06051	0.01009	0.00887
16	0.72785	0.01874	0.01425	0.01275	0.01874	0.02174	0.01050	0.02849	0.01649	0.04348	0.01350	0.01574	0.01050	0.00900	0.00600	0.00300	0.00750	0.00525	0.00600	0.01050
17	0.02734	0.10614	0.06525	0.02547	0.02976	0.24971	0.05908	0.03065	0.02097	0.02437	0.01440	0.01948	0.01272	0.01232	0.01760	0.00321	0.25813	0.00741	0.00455	0.01143
18	0.01506	0.01119	0.01359	0.01268	0.01547	0.01059	0.00957	0.06199	0.02731	0.03738	0.41881	0.11389	0.17428	0.02076	0.01136	0.00314	0.00521	0.01806	0.01017	0.00948
19	0.02591	0.66522	0.05079	0.01658	0.02488	0.03835	0.01658	0.02902	0.01969	0.02280	0.01347	0.01555	0.01244	0.00829	0.00622	0.00207	0.01036	0.00518	0.00415	0.01244
20	0.01621	0.01724	0.12014	0.01651	0.02071	0.01208	0.01500	0.02059	0.02036	0.06895	0.10079	0.24950	0.08450	0.03164	0.12779	0.00582	0.01126	0.04312	0.00778	0.01000
21	0.01899	0.01793	0.03032	0.56605	0.13140	0.02171	0.02726	0.02537	0.01971	0.02560	0.01735	0.02561	0.01322	0.00956	0.00968	0.00319	0.01275	0.00862	0.00437	0.01132
22	0.02277	0.02227	0.03941	0.16785	0.43421	0.02291	0.09031	0.02894	0.02165	0.03027	0.01820	0.02459	0.01481	0.00878	0.00982	0.00299	0.01234	0.00895	0.00472	0.01421
23	0.02259	0.10012	0.03542	0.30379	0.25709	0.06581	0.02614	0.02810	0.02098	0.02702	0.01699	0.02332	0.01374	0.00915	0.00917	0.00291	0.01240	0.00804	0.00452	0.01271
24	0.02607	0.02073	0.02560	0.12279	0.08859	0.02325	0.01879	0.14153	0.26933	0.07359	0.03138	0.06478	0.02457	0.01274	0.00991	0.00318	0.00939	0.01077	0.00852	0.01448
25	0.03620	0.04619	0.02747	0.02497	0.02996	0.62047	0.01873	0.03870	0.02747	0.02372	0.01498	0.01748	0.01248	0.00999	0.00874	0.00250	0.01748	0.00624	0.00499	0.01124
26	0.01400	0.00976	0.01240	0.01240	0.01303	0.01039	0.00815	0.01527	0.01463	0.02014	0.02887	0.05419	0.03122	0.44557	0.25766	0.01165	0.01543	0.01274	0.00562	0.00689
27	0.01181	0.00843	0.01125	0.01350	0.01406	0.00787	0.00900	0.01350	0.01856	0.02474	0.05342	0.65306	0.06410	0.03036	0.01237	0.00394	0.00562	0.02755	0.00900	0.00787
28	0.01253	0.00986	0.01131	0.01095	0.01375	0.00864	0.00821	0.01599	0.02463	0.03221	0.33371	0.08335	0.35570	0.02230	0.01144	0.00317	0.00475	0.01906	0.00979	0.00864
29	0.01372	0.00991	0.01296	0.01219	0.01448	0.00914	0.00914	0.01829	0.02743	0.03887	0.59381	0.07240	0.09145	0.01981	0.01143	0.00305	0.00457	0.01753	0.01067	0.00914
30	0.14546	0.47527	0.04248	0.01948	0.06538	0.06647	0.01661	0.02952	0.01975	0.02700	0.01390	0.01629	0.01232	0.00853	0.00656	0.00231	0.01035	0.00550	0.00455	0.01225
31	0.06150	0.23206	0.22025	0.02092	0.03091	0.02777	0.02232	0.13441	0.02524	0.06422	0.01817	0.01985	0.01380	0.00938	0.00809	0.00260	0.01121	0.00678	0.00581	0.06471

[dist]
# distance from previous block
# <min> <max>
0	16

[block]
# block no. 1 follows, 16 sequences, length 15
# corresponding to MSA columns:
# 80-94
name=unknown_B
#
# <colnr> <probs for GDERKNQSTAVLIFYWHMCP>
#	G	D	E	R	K	N	Q	S	T	A	V	L	I	F	Y	W	H	M	C	P
0	0.02331	0.17267	0.08317	0.12612	0.35179	0.02633	0.02677	0.02897	0.02103	0.02860	0.01693	0.02203	0.01412	0.00874	0.00880	0.00275	0.01165	0.00772	0.00453	0.01397
1	0.02411	0.02082	0.02192	0.01972	0.02520	0.02411	0.01534	0.05150	0.58142	0.04054	0.03945	0.03616	0.02959	0.01315	0.00986	0.00329	0.00767	0.01096	0.00986	0.01534
2	0.02903	0.02222	0.02402	0.01998	0.02650	0.02451	0.01595	0.20652	0.34299	0.08438	0.03294	0.03094	0.02419	0.01221	0.00962	0.00303	0.00859	0.00985	0.00968	0.06285
3	0.02079	0.07027	0.15052	0.08129	0.03578	0.02000	0.14471	0.02884	0.05405	0.05936	0.14474	0.03462	0.03176	0.01143	0.00993	0.00293	0.01101	0.01060	0.00656	0.07079
4	0.07356	0.06564	0.03365	0.22890	0.13938	0.02263	0.08873	0.06687	0.02332	0.13318	0.02130	0.02526	0.01556	0.00972	0.00941	0.00302	0.01158	0.00871	0.00629	0.01333
5	0.02617	0.02782	0.16884	0.08563	0.11542	0.02189	0.14484	0.03296	0.02211	0.15563	0.02205	0.02549	0.01590	0.01038	0.01233	0.00321	0.08007	0.00914	0.00613	0.01395
6	0.01184	0.00994	0.01036	0.01057	0.01374	0.00846	0.00813	0.01449	0.02211	0.02645	0.09381	0.09477	0.54467	0.02475	0.01164	0.00338	0.00528	0.06835	0.00899	0.00825
7	0.02257	0.04100	0.44894	0.11003	0.04301	0.02124	0.03163	0.03214	0.02131	0.10857	0.02022	0.02292	0.01397	0.00966	0.00935	0.00308	0.01330	0.00772	0.00520	0.01413
8	0.02591	0.26488	0.20291	0.02359	0.03350	0.02850	0.09461	0.07286	0.05674	0.08027	0.01982	0.02166	0.01502	0.00939	0.00854	0.00273	0.01195	0.00758	0.00567	0.01388
9	0.03995	0.01875	0.02566	0.02371	0.10453	0.01747	0.01691	0.11113	0.02924	0.45704	0.03357	0.03051	0.02184	0.01149	0.00972	0.00297	0.00901	0.00946	0.01071	0.01634
10	0.01409	0.00940	0.01057	0.01057	0.01057	0.00940	0.00587	0.01409	0.01409	0.01879	0.03054	0.06342	0.03524	0.65938	0.04933	0.00940	0.00940	0.01409	0.00587	0.00587
11	0.02502	0.02555	0.03652	0.12110	0.45929	0.10517	0.02790	0.03041	0.02250	0.02978	0.01767	0.02330	0.01468	0.00894	0.00949	0.00287	0.01250	0.00830	0.00477	0.01426
12	0.02368	0.10074	0.43286	0.02458	0.03675	0.02298	0.02953	0.03436	0.06331	0.10939	0.02153	0.02289	0.01519	0.00980	0.00905	0.00298	0.01263	0.00761	0.00561	0.01452
13	0.01384	0.00948	0.01152	0.01195	0.01235	0.00960	0.00756	0.01471	0.01534	0.02061	0.03433	0.14433	0.03910	0.47022	0.10764	0.00908	0.01075	0.04458	0.00640	0.00664
14	0.02574	0.01957	0.02147	0.01872	0.02418	0.02176	0.01470	0.09923	0.40000	0.09373	0.11406	0.03955	0.03626	0.01381	0.01005	0.00319	0.00760	0.01152	0.01015	0.01471

[dist]
# distance from previous block
# <min> <max>
0	1

[block]
# block no. 2 follows, 16 sequences, length 25
# corresponding to MSA columns:
# 96-120
name=unknown_C
#
# <colnr> <probs for GDERKNQSTAVLIFYWHMCP>
#	G	D	E	R	K	N	Q	S	T	A	V	L	I	F	Y	W	H	M	C	P
0	0.03445	0.02774	0.07953	0.02222	0.02977	0.12160	0.05081	0.13858	0.12147	0.22934	0.02882	0.02760	0.02001	0.01130	0.00964	0.00297	0.01117	0.00904	0.00891	0.01502
1	0.01830	0.01723	0.02907	0.63609	0.06675	0.02153	0.02692	0.02476	0.01938	0.02476	0.01723	0.02584	0.01292	0.00969	0.00969	0.00323	0.01292	0.00861	0.00431	0.01077
2	0.10241	0.29227	0.26570	0.02104	0.03142	0.02949	0.02368	0.07821	0.02198	0.03169	0.01591	0.01821	0.01252	0.00903	0.00769	0.00265	0.01164	0.00629	0.00483	0.01333
3	0.02591	0.66522	0.05079	0.01658	0.02488	0.03835	0.01658	0.02902	0.01969	0.02280	0.01347	0.01555	0.01244	0.00829	0.00622	0.00207	0.01036	0.00518	0.00415	0.01244
4	0.01284	0.00987	0.01174	0.01127	0.01394	0.00877	0.00845	0.01659	0.02536	0.03395	0.40174	0.08049	0.28659	0.02165	0.01144	0.00314	0.00470	0.01866	0.01002	0.00877
5	0.04288	0.01746	0.02309	0.01770	0.02522	0.01567	0.01462	0.09417	0.02935	0.55642	0.03688	0.03211	0.02331	0.01196	0.00974	0.00299	0.00847	0.00965	0.01179	0.01649
6	0.01329	0.00989	0.01237	0.01175	0.01422	0.00896	0.00881	0.01747	0.02643	0.03649	0.50099	0.07631	0.18575	0.02070	0.01144	0.00309	0.00464	0.01808	0.01036	0.00896
7	0.01271	0.00958	0.01175	0.01181	0.01402	0.00862	0.00863	0.01613	0.02418	0.03255	0.34930	0.19573	0.22309	0.02324	0.01163	0.00329	0.00488	0.02036	0.00988	0.00862
8	0.01181	0.00843	0.01125	0.01350	0.01406	0.00787	0.00900	0.01350	0.01856	0.02474	0.05342	0.65306	0.06410	0.03036	0.01237	0.00394	0.00562	0.02755	0.00900	0.00787
9	0.01171	0.00983	0.01017	0.01008	0.01325	0.00829	0.00756	0.01440	0.02269	0.02759	0.15331	0.09095	0.53899	0.02402	0.01145	0.00325	0.00487	0.02013	0.00919	0.00829
10	0.03569	0.03166	0.02738	0.02252	0.02915	0.21100	0.01791	0.31361	0.09704	0.08268	0.02344	0.02351	0.01716	0.01131	0.00942	0.00283	0.01229	0.00827	0.00841	0.01474
11	0.02288	0.02614	0.05719	0.04085	0.05065	0.02451	0.56373	0.03105	0.02288	0.03105	0.01961	0.02614	0.01471	0.00817	0.01144	0.00327	0.01634	0.01144	0.00490	0.01307
12	0.02094	0.01813	0.02700	0.02146	0.02604	0.01893	0.12792	0.10123	0.06300	0.03461	0.14943	0.04259	0.03648	0.13264	0.02007	0.00429	0.08003	0.01217	0.00736	0.05570
13	0.01480	0.01030	0.01241	0.01164	0.01463	0.00912	0.00881	0.01853	0.02548	0.07064	0.37491	0.07758	0.27319	0.02106	0.01133	0.00313	0.00493	0.01811	0.01014	0.00926
14	0.04348	0.01649	0.02249	0.01724	0.02474	0.01425	0.01425	0.04723	0.02774	0.60564	0.03824	0.03299	0.02399	0.01200	0.00975	0.00300	0.00825	0.00975	0.01200	0.01649
15	0.20760	0.24294	0.03031	0.01733	0.02361	0.14408	0.01472	0.05952	0.02221	0.06777	0.01950	0.07513	0.01758	0.01122	0.00763	0.00267	0.01049	0.00791	0.00603	0.01177
16	0.02215	0.02150	0.06724	0.15935	0.03900	0.02166	0.10664	0.11188	0.08940	0.03451	0.02891	0.04576	0.02572	0.01452	0.01197	0.00352	0.04405	0.13294	0.00695	0.01233
17	0.01171	0.00983	0.01017	0.01008	0.01325	0.00829	0.00756	0.01440	0.02269	0.02759	0.15331	0.09095	0.53899	0.02402	0.01145	0.00325	0.00487	0.02013	0.00919	0.00829
18	0.01830	0.01723	0.02907	0.63609	0.06675	0.02153	0.02692	0.02476	0.01938	0.02476	0.01723	0.02584	0.01292	0.00969	0.00969	0.00323	0.01292	0.00861	0.00431	0.01077
19	0.01989	0.01916	0.02425	0.02119	0.02269	0.05555	0.01705	0.02229	0.01643	0.02398	0.01894	0.06924	0.01928	0.06211	0.10368	0.00559	0.37508	0.00995	0.00500	0.08866
20	0.01417	0.00938	0.01201	0.01303	0.01470	0.00851	0.00913	0.01646	0.02079	0.06676	0.12325	0.45525	0.14634	0.02695	0.01194	0.00366	0.00557	0.02404	0.00940	0.00867
21	0.01228	0.00934	0.01130	0.01189	0.01387	0.00836	0.00851	0.01510	0.02244	0.02955	0.23401	0.29137	0.24643	0.02522	0.01178	0.00345	0.00507	0.02215	0.00951	0.00836
22	0.02940	0.30913	0.16200	0.02059	0.02945	0.13604	0.02071	0.03427	0.02265	0.12497	0.01885	0.01996	0.01440	0.00943	0.00793	0.00252	0.01214	0.00659	0.00564	0.01332
23	0.08072	0.02907	0.15169	0.02055	0.02902	0.11943	0.01950	0.04095	0.02538	0.34463	0.02813	0.02650	0.01860	0.01085	0.00922	0.00293	0.01110	0.00830	0.00869	0.01474
24	0.01765	0.01602	0.02343	0.08903	0.02647	0.02107	0.01785	0.02085	0.01567	0.02312	0.01903	0.02912	0.01779	0.04060	0.28776	0.00910	0.30168	0.00933	0.00467	0.00977

[dist]
# distance from previous block
# <min> <max>
0	3

[block]
# block no. 3 follows, 16 sequences, length 35
# corresponding to MSA columns:
# 124-158
name=unknown_D
#
# <colnr> <probs for GDERKNQSTAVLIFYWHMCP>
#	G	D	E	R	K	N	Q	S	T	A	V	L	I	F	Y	W	H	M	C	P
0	0.11890	0.07720	0.05974	0.02041	0.02704	0.19364	0.01708	0.08427	0.14860	0.12343	0.02450	0.02429	0.01810	0.01084	0.00872	0.00285	0.01137	0.00788	0.00755	0.01357
1	0.02455	0.02263	0.07590	0.20686	0.34412	0.02150	0.02750	0.03065	0.02193	0.10105	0.02039	0.02535	0.01555	0.00938	0.00961	0.00300	0.01169	0.00866	0.00551	0.01419
2	0.02583	0.01751	0.02086	0.01567	0.02364	0.01461	0.01258	0.03288	0.09154	0.16119	0.02469	0.02498	0.01840	0.00900	0.00809	0.00202	0.00748	0.00729	0.00765	0.47410
3	0.01237	0.00985	0.01108	0.01078	0.01365	0.00857	0.00808	0.01568	0.02425	0.03130	0.29822	0.08485	0.39176	0.02264	0.01145	0.00318	0.00477	0.01927	0.00967	0.00857
4	0.02010	0.01723	0.02010	0.01436	0.02297	0.01292	0.01148	0.02440	0.02010	0.03158	0.01723	0.02010	0.01436	0.00718	0.00718	0.00144	0.00718	0.00574	0.00574	0.71863
5	0.04239	0.01826	0.02358	0.01808	0.02562	0.01686	0.01494	0.13309	0.03069	0.51562	0.03576	0.03138	0.02275	0.01194	0.00974	0.00298	0.00865	0.00958	0.01162	0.01649
6	0.01322	0.00989	0.01226	0.01167	0.01417	0.00893	0.00875	0.01732	0.02625	0.03606	0.48435	0.07701	0.20266	0.02086	0.01144	0.00310	0.00465	0.01817	0.01030	0.00893
7	0.01181	0.00843	0.01125	0.01350	0.01406	0.00787	0.00900	0.01350	0.01856	0.02474	0.05342	0.65306	0.06410	0.03036	0.01237	0.00394	0.00562	0.02755	0.00900	0.00787
8	0.01944	0.05013	0.60917	0.02762	0.04195	0.02251	0.03581	0.03069	0.02046	0.03069	0.01739	0.02046	0.01228	0.00921	0.00921	0.00307	0.01432	0.00716	0.00409	0.01432
9	0.01145	0.00982	0.00982	0.00982	0.01309	0.00818	0.00736	0.01391	0.02209	0.02618	0.09818	0.09327	0.59499	0.02455	0.01145	0.00327	0.00491	0.02045	0.00900	0.00818
10	0.02010	0.01723	0.02010	0.01436	0.02297	0.01292	0.01148	0.02440	0.02010	0.03158	0.01723	0.02010	0.01436	0.00718	0.00718	0.00144	0.00718	0.00574	0.00574	0.71863
11	0.03504	0.13263	0.03267	0.02135	0.02920	0.03143	0.01812	0.47774	0.04129	0.05475	0.02165	0.02199	0.01581	0.01108	0.00912	0.00277	0.01062	0.00814	0.00878	0.01581
12	0.02371	0.02261	0.03794	0.05621	0.55707	0.02229	0.02842	0.02936	0.02193	0.03166	0.01816	0.02371	0.01528	0.00853	0.00942	0.00277	0.01120	0.00843	0.00487	0.06646
13	0.02443	0.52445	0.17858	0.01911	0.02878	0.03472	0.02098	0.02940	0.01987	0.02461	0.01437	0.01667	0.01240	0.00850	0.00690	0.00230	0.01127	0.00564	0.00413	0.01287
14	0.03023	0.02325	0.02459	0.06602	0.02819	0.15271	0.04711	0.03524	0.05098	0.18950	0.02580	0.02772	0.01896	0.01176	0.01209	0.00297	0.09670	0.00873	0.13496	0.01249
15	0.02010	0.01723	0.02010	0.01436	0.02297	0.01292	0.01148	0.02440	0.02010	0.03158	0.01723	0.02010	0.01436	0.00718	0.00718	0.00144	0.00718	0.00574	0.00574	0.71863
16	0.01385	0.01038	0.01558	0.01558	0.01731	0.01211	0.01211	0.01731	0.01558	0.02250	0.02596	0.03808	0.02423	0.07269	0.62098	0.01558	0.02596	0.01038	0.00519	0.00865
17	0.02465	0.55810	0.04720	0.11900	0.03180	0.03557	0.01829	0.02832	0.01964	0.02313	0.01409	0.01725	0.01252	0.00852	0.00679	0.00226	0.01079	0.00575	0.00417	0.01216
18	0.02474	0.01708	0.02057	0.01493	0.02332	0.01318	0.01203	0.02894	0.02161	0.14552	0.02140	0.02266	0.01627	0.00813	0.00769	0.00175	0.00739	0.00654	0.00698	0.57928
19	0.03134	0.03272	0.12330	0.02309	0.03104	0.12164	0.02073	0.29172	0.14489	0.04603	0.02419	0.02444	0.01775	0.01127	0.00950	0.00294	0.01176	0.00851	0.00805	0.01506
20	0.02802	0.02263	0.04150	0.11079	0.12096	0.02221	0.26088	0.07807	0.02525	0.15545	0.02340	0.02703	0.01670	0.00953	0.01046	0.00312	0.01305	0.01011	0.00673	0.01411
21	0.02591	0.66522	0.05079	0.01658	0.02488	0.03835	0.01658	0.02902	0.01969	0.02280	0.01347	0.01555	0.01244	0.00829	0.00622	0.00207	0.01036	0.00518	0.00415	0.01244
22	0.03767	0.02582	0.02827	0.02167	0.02940	0.02809	0.01790	0.50208	0.04335	0.12873	0.02513	0.02448	0.01742	0.01168	0.00970	0.00292	0.01036	0.00885	0.00998	0.01648
23	0.01272	0.00946	0.01185	0.01212	0.01409	0.00859	0.00876	0.01604	0.02380	0.03227	0.33955	0.24679	0.18068	0.02382	0.01171	0.00335	0.00495	0.02103	0.00986	0.00859
24	0.01181	0.00843	0.01125	0.01350	0.01406	0.00787	0.00900	0.01350	0.01856	0.02474	0.05342	0.65306	0.06410	0.03036	0.01237	0.00394	0.00562	0.02755	0.00900	0.00787
25	0.02917	0.02321	0.02955	0.05180	0.03182	0.06581	0.11174	0.17340	0.14019	0.11992	0.06448	0.03404	0.05511	0.01235	0.01017	0.00307	0.01066	0.01075	0.00864	0.01414
26	0.01830	0.01723	0.02907	0.63609	0.06675	0.02153	0.02692	0.02476	0.01938	0.02476	0.01723	0.02584	0.01292	0.00969	0.00969	0.00323	0.01292	0.00861	0.00431	0.01077
27	0.01742	0.01073	0.01414	0.01282	0.01575	0.00978	0.00978	0.02189	0.02747	0.10928	0.52479	0.06750	0.08307	0.01884	0.01122	0.00304	0.00503	0.01656	0.01083	0.01006
28	0.02333	0.02222	0.03753	0.19023	0.31353	0.02392	0.09384	0.07235	0.02292	0.03173	0.01817	0.02444	0.01458	0.00970	0.01150	0.00312	0.05916	0.00897	0.00505	0.01371
29	0.01876	0.01755	0.02440	0.09724	0.02672	0.02311	0.01787	0.02100	0.01571	0.02275	0.02239	0.03508	0.05440	0.14927	0.03139	0.00512	0.39244	0.01042	0.00489	0.00949
30	0.01669	0.01050	0.01348	0.01426	0.01678	0.00963	0.01105	0.01956	0.02156	0.09840	0.06167	0.29525	0.18384	0.02572	0.01210	0.00380	0.00667	0.16038	0.00935	0.00930
31	0.01856	0.01041	0.01338	0.01353	0.01529	0.00977	0.00941	0.02028	0.01903	0.12804	0.04300	0.30688	0.04675	0.23352	0.02412	0.00560	0.00758	0.05749	0.00851	0.00885
32	0.72785	0.01874	0.01425	0.01275	0.01874	0.02174	0.01050	0.02849	0.01649	0.04348	0.01350	0.01574	0.01050	0.00900	0.00600	0.00300	0.00750	0.00525	0.00600	0.01050
33	0.18529	0.08828	0.08095	0.09296	0.02750	0.01996	0.01582	0.05914	0.02062	0.11582	0.02380	0.06359	0.02089	0.12827	0.01574	0.00414	0.00970	0.00952	0.00664	0.01137
34	0.20811	0.12619	0.11849	0.02023	0.02797	0.16833	0.01871	0.11293	0.02517	0.06684	0.01726	0.01893	0.01316	0.00972	0.00794	0.00274	0.01189	0.00654	0.00607	0.01278

[dist]
# distance from previous block
# <min> <max>
0	12

# created by:
# /st0/software/busco_prod/Augustus/scripts/msa2prfl.pl ./align_prep/8869.fa
