[name]
unknown

[dist]
# distance from previous block
# <min> <max>
0	0

[block]
# block no. 0 follows, 13 sequences, length 44
# corresponding to MSA columns:
# 0-43
name=unknown_A
#
# <colnr> <probs for GDERKNQSTAVLIFYWHMCP>
#	G	D	E	R	K	N	Q	S	T	A	V	L	I	F	Y	W	H	M	C	P
0	0.01704	0.01217	0.01704	0.01947	0.02191	0.01217	0.01704	0.02191	0.02434	0.03164	0.05598	0.11926	0.06085	0.02921	0.01460	0.00487	0.00974	0.49130	0.00974	0.00974
1	0.04744	0.01799	0.02454	0.01881	0.02699	0.01554	0.01554	0.05153	0.03026	0.56979	0.04171	0.03599	0.02617	0.01309	0.01063	0.00327	0.00900	0.01063	0.01309	0.01799
2	0.31330	0.02492	0.03043	0.04069	0.29602	0.06401	0.02273	0.03256	0.02192	0.03938	0.01745	0.02187	0.01429	0.00969	0.00874	0.00317	0.01117	0.00767	0.00580	0.01419
3	0.22709	0.08114	0.10486	0.02117	0.03020	0.02364	0.05405	0.07700	0.02599	0.21965	0.02569	0.02564	0.01769	0.01104	0.00916	0.00320	0.01073	0.00843	0.00850	0.01513
4	0.58466	0.02127	0.02033	0.02283	0.11529	0.02396	0.01512	0.03132	0.01906	0.04518	0.01563	0.01875	0.01238	0.00975	0.00723	0.00325	0.00895	0.00637	0.00631	0.01238
5	0.03987	0.14646	0.03056	0.01881	0.02656	0.02197	0.01600	0.08721	0.02934	0.36516	0.03603	0.08069	0.02652	0.01391	0.01007	0.00314	0.00947	0.01114	0.01080	0.01628
6	0.02617	0.02512	0.04292	0.06490	0.56246	0.02512	0.03245	0.03245	0.02407	0.03454	0.01989	0.02617	0.01675	0.00942	0.01047	0.00314	0.01256	0.00942	0.00523	0.01675
7	0.02696	0.02700	0.04097	0.09807	0.48081	0.07618	0.03114	0.03297	0.02441	0.03324	0.01949	0.02566	0.01628	0.00963	0.01039	0.00313	0.01326	0.00918	0.00522	0.01600
8	0.02039	0.01962	0.03433	0.55541	0.07132	0.02377	0.07153	0.02760	0.02147	0.02760	0.01901	0.02822	0.01426	0.01043	0.01073	0.00353	0.01441	0.00966	0.00475	0.01196
9	0.02203	0.01180	0.01562	0.01514	0.01797	0.01074	0.01096	0.02495	0.02439	0.16297	0.16052	0.31279	0.06300	0.07644	0.01601	0.00434	0.00694	0.02166	0.01072	0.01101
10	0.02101	0.09983	0.47837	0.02734	0.04131	0.02459	0.03446	0.03166	0.02241	0.03231	0.02665	0.02912	0.06311	0.01149	0.00999	0.00328	0.01432	0.00895	0.00496	0.01484
11	0.02710	0.03984	0.31744	0.03442	0.09115	0.02349	0.14000	0.03666	0.02446	0.12830	0.02360	0.02643	0.01653	0.01028	0.01072	0.00336	0.01466	0.00947	0.00625	0.01585
12	0.03950	0.05039	0.02996	0.02724	0.03269	0.58597	0.02043	0.04222	0.02996	0.02588	0.01634	0.01907	0.01362	0.01090	0.00953	0.00272	0.01907	0.00681	0.00545	0.01226
13	0.03154	0.02088	0.03206	0.23741	0.09147	0.02219	0.06212	0.07067	0.07357	0.20584	0.02903	0.03137	0.02022	0.01163	0.01075	0.00340	0.01195	0.01027	0.00840	0.01521
14	0.03172	0.06811	0.03673	0.12078	0.20145	0.02350	0.06601	0.03946	0.06938	0.19433	0.02798	0.03004	0.02021	0.01104	0.01045	0.00324	0.01171	0.00997	0.00794	0.01594
15	0.02233	0.02136	0.03320	0.30755	0.13624	0.02655	0.02718	0.02944	0.05589	0.02896	0.01919	0.02715	0.01571	0.01296	0.01762	0.00379	0.18732	0.00953	0.00518	0.01285
16	0.01340	0.00973	0.01264	0.01405	0.01538	0.00897	0.00972	0.01612	0.02306	0.03112	0.19180	0.44105	0.11451	0.02965	0.01315	0.00399	0.00578	0.02663	0.01029	0.00897
17	0.02777	0.02690	0.07373	0.20990	0.26014	0.06267	0.02882	0.07526	0.02616	0.07624	0.02144	0.02670	0.01637	0.01047	0.01043	0.00325	0.01331	0.00923	0.00611	0.01511
18	0.02452	0.01848	0.02503	0.06977	0.17407	0.05123	0.01863	0.02830	0.02356	0.11733	0.04178	0.19568	0.07947	0.06595	0.01478	0.00406	0.00999	0.01650	0.00819	0.01270
19	0.01288	0.00920	0.01227	0.01472	0.01534	0.00859	0.00981	0.01472	0.02024	0.02699	0.05828	0.62152	0.06993	0.03312	0.01350	0.00429	0.00613	0.03006	0.00981	0.00859
20	0.02583	0.02256	0.03379	0.24198	0.13472	0.02567	0.05698	0.14240	0.02752	0.03712	0.02156	0.03050	0.01774	0.06719	0.01662	0.00408	0.06357	0.01015	0.00633	0.01368
21	0.01841	0.06159	0.01994	0.11683	0.02745	0.01561	0.01393	0.02373	0.05871	0.06566	0.06806	0.15444	0.27262	0.02177	0.01163	0.00355	0.00792	0.01846	0.00880	0.01088
22	0.02720	0.01412	0.01765	0.01550	0.02041	0.01276	0.01205	0.03255	0.06242	0.23761	0.14685	0.13747	0.17830	0.02069	0.01180	0.00351	0.00699	0.01765	0.01143	0.01304
23	0.01362	0.01059	0.01244	0.01273	0.01541	0.00941	0.00950	0.01704	0.02534	0.03290	0.23911	0.17992	0.30235	0.02632	0.01278	0.00369	0.00564	0.05158	0.01039	0.00926
24	0.09023	0.02014	0.02041	0.01798	0.02335	0.09720	0.01389	0.03635	0.02617	0.26758	0.04487	0.18567	0.07433	0.01861	0.01099	0.00347	0.00940	0.01548	0.01034	0.01353
25	0.28653	0.01763	0.01768	0.01558	0.02117	0.01881	0.01240	0.03486	0.11194	0.12427	0.15078	0.04353	0.07536	0.01490	0.00962	0.00336	0.00743	0.01168	0.00962	0.01284
26	0.24249	0.02114	0.02303	0.01851	0.02607	0.02187	0.01520	0.12895	0.07005	0.28296	0.03081	0.02872	0.02077	0.01213	0.00940	0.00328	0.00916	0.00906	0.01049	0.01592
27	0.02339	0.02465	0.01942	0.01833	0.02266	0.18466	0.01403	0.03089	0.11097	0.03180	0.10616	0.06618	0.22976	0.01973	0.01149	0.00340	0.01025	0.05206	0.00882	0.01135
28	0.02870	0.01369	0.01810	0.01576	0.02052	0.01210	0.01223	0.03255	0.02788	0.27098	0.20424	0.15690	0.10118	0.02031	0.01184	0.00349	0.00699	0.01757	0.01180	0.01318
29	0.02554	0.01399	0.01740	0.01618	0.01966	0.01360	0.01172	0.03172	0.09861	0.18708	0.04547	0.23827	0.04439	0.16085	0.02149	0.00526	0.00824	0.01835	0.01013	0.01204
30	0.02080	0.01905	0.02380	0.02140	0.02204	0.05697	0.01667	0.02235	0.01681	0.02372	0.02094	0.03655	0.02157	0.16171	0.12750	0.05960	0.30290	0.01076	0.00523	0.00962
31	0.02187	0.01204	0.01586	0.01470	0.01786	0.01096	0.01089	0.02556	0.02670	0.15605	0.29001	0.18448	0.07163	0.07339	0.01577	0.00411	0.00658	0.01923	0.01113	0.01118
32	0.01750	0.01192	0.01473	0.01456	0.01737	0.01130	0.01069	0.02333	0.07280	0.07675	0.24211	0.25143	0.14525	0.02478	0.01251	0.00370	0.00604	0.02182	0.01081	0.01062
33	0.01370	0.01022	0.01273	0.01324	0.01530	0.00926	0.00950	0.01708	0.02526	0.03399	0.28417	0.27418	0.18906	0.02677	0.01284	0.00372	0.00547	0.02365	0.01060	0.00926
34	0.02053	0.01937	0.03273	0.55391	0.11750	0.02364	0.02964	0.02751	0.02141	0.02770	0.01889	0.02800	0.01434	0.01047	0.01056	0.00349	0.01395	0.00940	0.00475	0.01220
35	0.01373	0.00977	0.01289	0.01468	0.01568	0.00922	0.01020	0.01615	0.02164	0.02915	0.12895	0.45790	0.07113	0.07600	0.01648	0.00465	0.00658	0.06667	0.00982	0.00872
36	0.01400	0.01040	0.01276	0.01288	0.01502	0.00947	0.00922	0.01741	0.02542	0.03430	0.30871	0.19829	0.19225	0.07263	0.01592	0.00413	0.00573	0.02187	0.01043	0.00917
37	0.01403	0.00958	0.01215	0.01349	0.01438	0.00897	0.00895	0.01474	0.01913	0.02496	0.05603	0.36953	0.13297	0.11935	0.02351	0.11143	0.00708	0.02349	0.00851	0.00770
38	0.01972	0.01786	0.02918	0.45054	0.10624	0.02131	0.02561	0.02546	0.02039	0.02655	0.02144	0.03521	0.01861	0.11901	0.01816	0.00467	0.01328	0.01045	0.00505	0.01126
39	0.18606	0.01989	0.03067	0.28396	0.04941	0.02232	0.09942	0.02994	0.02112	0.07470	0.01998	0.02652	0.01504	0.01236	0.01229	0.05685	0.01248	0.00908	0.00589	0.01200
40	0.23757	0.02393	0.02943	0.06493	0.07405	0.02570	0.06438	0.18892	0.03104	0.12766	0.02336	0.02503	0.01669	0.01114	0.00953	0.00327	0.01100	0.00879	0.00844	0.01515
41	0.02802	0.02187	0.02429	0.02070	0.02653	0.02447	0.01652	0.22516	0.19580	0.04721	0.03848	0.03977	0.06993	0.02889	0.13607	0.00634	0.01371	0.01176	0.00950	0.01497
42	0.02860	0.01563	0.02173	0.11644	0.03089	0.01554	0.01637	0.03508	0.06341	0.23244	0.15456	0.10136	0.04750	0.01771	0.01162	0.00357	0.00875	0.05464	0.01062	0.01357
43	0.17348	0.02467	0.02654	0.06662	0.03162	0.02860	0.01846	0.23076	0.15400	0.05077	0.02580	0.02699	0.01932	0.01280	0.01181	0.00344	0.06095	0.00926	0.00881	0.01529

[dist]
# distance from previous block
# <min> <max>
0	1

[block]
# block no. 1 follows, 13 sequences, length 43
# corresponding to MSA columns:
# 45-87
name=unknown_B
#
# <colnr> <probs for GDERKNQSTAVLIFYWHMCP>
#	G	D	E	R	K	N	Q	S	T	A	V	L	I	F	Y	W	H	M	C	P
0	0.02284	0.01601	0.02429	0.03095	0.18716	0.01595	0.01772	0.02651	0.06227	0.07574	0.03121	0.15443	0.03044	0.02360	0.02075	0.21815	0.00952	0.01397	0.00712	0.01136
1	0.02225	0.01376	0.01990	0.06562	0.02435	0.01371	0.04297	0.02553	0.06187	0.10726	0.03942	0.13733	0.07690	0.07378	0.02400	0.20946	0.00927	0.01486	0.00786	0.00991
2	0.02339	0.02109	0.02849	0.02739	0.07466	0.02628	0.02035	0.09367	0.02280	0.03250	0.02969	0.12678	0.06128	0.01981	0.02412	0.00416	0.33095	0.01360	0.00672	0.01227
3	0.01513	0.01006	0.01394	0.01456	0.01580	0.01022	0.01041	0.01577	0.01788	0.02390	0.04423	0.19550	0.11081	0.04738	0.19639	0.21258	0.01370	0.01704	0.00700	0.00771
4	0.02644	0.01448	0.01749	0.01504	0.02006	0.01315	0.01156	0.03208	0.06827	0.20035	0.09773	0.09022	0.14163	0.07390	0.01481	0.00385	0.00738	0.01496	0.06501	0.07159
5	0.42465	0.01669	0.01534	0.01445	0.01933	0.01822	0.01125	0.02777	0.02049	0.08366	0.07132	0.17311	0.03420	0.01679	0.00907	0.00353	0.00748	0.01321	0.00828	0.01115
6	0.01801	0.01061	0.01311	0.01317	0.01407	0.01024	0.00831	0.01839	0.01775	0.07234	0.03862	0.19385	0.04292	0.37522	0.03910	0.07190	0.00906	0.01785	0.00766	0.00782
7	0.25472	0.01535	0.01659	0.01517	0.01989	0.01558	0.01175	0.02983	0.02350	0.16460	0.12486	0.18635	0.04494	0.01855	0.01029	0.00354	0.00730	0.01538	0.00979	0.01201
8	0.02197	0.01284	0.01648	0.01589	0.01901	0.01228	0.01188	0.02752	0.06974	0.13965	0.16944	0.23374	0.06141	0.07919	0.01625	0.00440	0.00730	0.05899	0.01066	0.01138
9	0.02835	0.02186	0.02376	0.02100	0.02697	0.02455	0.01639	0.09644	0.41083	0.09047	0.04249	0.08454	0.03343	0.01559	0.01095	0.00358	0.00855	0.01306	0.01087	0.01631
10	0.09549	0.01954	0.02215	0.01860	0.02432	0.02029	0.01453	0.17807	0.06715	0.18153	0.03632	0.13375	0.03164	0.08887	0.01583	0.00426	0.00931	0.01377	0.01024	0.01434
11	0.02022	0.01228	0.01561	0.01551	0.01806	0.01184	0.01123	0.02525	0.06820	0.11271	0.13213	0.28689	0.05990	0.11106	0.01846	0.00480	0.00736	0.04758	0.01020	0.01070
12	0.02392	0.01370	0.01710	0.01555	0.01957	0.01274	0.01183	0.06925	0.02823	0.16333	0.18601	0.21317	0.13744	0.02270	0.01215	0.00360	0.00688	0.01970	0.01112	0.01204
13	0.02774	0.07322	0.08960	0.02015	0.02604	0.06767	0.01811	0.07695	0.02496	0.11699	0.02674	0.03109	0.02099	0.02639	0.13229	0.00600	0.06712	0.00937	0.12546	0.01311
14	0.02817	0.01738	0.02135	0.11825	0.02995	0.06735	0.01572	0.03031	0.02328	0.18515	0.06298	0.11803	0.03168	0.02145	0.01835	0.16770	0.01021	0.01299	0.00835	0.01137
15	0.02073	0.01162	0.01444	0.01329	0.01551	0.01088	0.00913	0.02232	0.02168	0.11835	0.15598	0.06497	0.08968	0.28707	0.03288	0.06970	0.00838	0.01540	0.00880	0.00919
16	0.03265	0.02010	0.02203	0.01799	0.02402	0.02130	0.01450	0.23364	0.07774	0.13010	0.03261	0.03326	0.02372	0.01275	0.00944	0.00296	0.00852	0.01001	0.25774	0.01492
17	0.01474	0.01087	0.01572	0.01615	0.01766	0.01217	0.01206	0.01787	0.01742	0.02463	0.03390	0.14387	0.03493	0.11693	0.44346	0.01424	0.02299	0.01489	0.00644	0.00904
18	0.14339	0.02301	0.02684	0.15456	0.03802	0.02580	0.01953	0.24094	0.03251	0.04777	0.02182	0.02588	0.01659	0.01755	0.06347	0.00443	0.01287	0.00876	0.00774	0.06852
19	0.13264	0.02338	0.02604	0.02084	0.02839	0.02466	0.01730	0.27456	0.03735	0.20476	0.03143	0.03604	0.02342	0.01395	0.01041	0.00337	0.01022	0.05430	0.01065	0.01630
20	0.01262	0.01022	0.01122	0.01203	0.01463	0.00882	0.00862	0.01503	0.02284	0.02805	0.09110	0.27216	0.39810	0.02886	0.01282	0.00381	0.00561	0.02485	0.00982	0.00882
21	0.03685	0.02821	0.08244	0.07490	0.08107	0.07186	0.06630	0.14461	0.03191	0.23163	0.02852	0.02892	0.01953	0.01166	0.01062	0.00325	0.01252	0.00977	0.00909	0.01634
22	0.03310	0.02475	0.03445	0.06387	0.11032	0.02712	0.06888	0.18696	0.07306	0.13334	0.02623	0.02850	0.01929	0.01286	0.01451	0.00350	0.10460	0.01012	0.00851	0.01601
23	0.02583	0.01535	0.01953	0.01722	0.02067	0.01606	0.01323	0.07362	0.02360	0.15761	0.03845	0.05369	0.06648	0.20005	0.12456	0.00783	0.06471	0.04140	0.00853	0.01158
24	0.09585	0.01607	0.02078	0.01739	0.02359	0.01456	0.01379	0.04081	0.02676	0.39263	0.04340	0.17664	0.03553	0.01767	0.01097	0.00352	0.00823	0.01493	0.01172	0.01514
25	0.03390	0.02986	0.17081	0.08154	0.12876	0.02183	0.02617	0.08585	0.02816	0.24428	0.02854	0.02909	0.01942	0.01141	0.01044	0.00328	0.01202	0.00948	0.00853	0.01662
26	0.02404	0.01873	0.02214	0.01592	0.02522	0.01421	0.01278	0.02869	0.02262	0.07890	0.02070	0.02309	0.01653	0.00827	0.00806	0.00171	0.00793	0.00663	0.00683	0.63701
27	0.02319	0.02715	0.13209	0.02238	0.02923	0.02377	0.02057	0.04331	0.31410	0.04030	0.11979	0.04120	0.03807	0.01501	0.01281	0.00358	0.05720	0.01209	0.00916	0.01500
28	0.01557	0.01095	0.01508	0.01508	0.01658	0.01223	0.01111	0.01856	0.01707	0.02490	0.03003	0.04784	0.02931	0.20220	0.41069	0.01413	0.02203	0.01215	0.06573	0.00877
29	0.35543	0.12221	0.02741	0.01879	0.02599	0.10857	0.01570	0.14382	0.02734	0.04516	0.01734	0.01925	0.01355	0.01049	0.00791	0.00301	0.01099	0.00672	0.00698	0.01336
30	0.02965	0.11543	0.15494	0.06113	0.03447	0.02303	0.02186	0.07831	0.02614	0.15093	0.02379	0.02508	0.01721	0.01026	0.00922	0.00272	0.01112	0.00798	0.00735	0.18937
31	0.08245	0.07448	0.03126	0.06253	0.07552	0.20393	0.02034	0.15227	0.07720	0.08616	0.02317	0.02463	0.01747	0.01146	0.00972	0.00304	0.01343	0.00843	0.00770	0.01482
32	0.70310	0.02045	0.01554	0.01390	0.02045	0.02372	0.01145	0.03108	0.01799	0.04744	0.01472	0.01718	0.01145	0.00981	0.00654	0.00327	0.00818	0.00573	0.00654	0.01145
33	0.02413	0.17535	0.32168	0.02381	0.03526	0.02539	0.02775	0.03256	0.02401	0.08006	0.10359	0.03112	0.02798	0.01188	0.00974	0.00309	0.01242	0.00933	0.00635	0.01449
34	0.01319	0.00969	0.01237	0.01391	0.01526	0.00888	0.00959	0.01569	0.02246	0.02987	0.15122	0.45399	0.14455	0.03024	0.01318	0.00402	0.00583	0.02707	0.01013	0.00888
35	0.01450	0.01114	0.01340	0.01387	0.01620	0.01051	0.00999	0.01975	0.06608	0.03343	0.22032	0.28542	0.19289	0.02660	0.01272	0.00377	0.00578	0.02343	0.01045	0.00974
36	0.02248	0.35948	0.03807	0.01723	0.02298	0.02899	0.01546	0.02577	0.01939	0.02445	0.02106	0.02974	0.02009	0.07839	0.22553	0.00829	0.01756	0.00844	0.00508	0.01153
37	0.44287	0.02145	0.02003	0.01648	0.02380	0.02321	0.01356	0.11472	0.02531	0.12712	0.02080	0.02169	0.01504	0.01061	0.00791	0.00312	0.00884	0.00712	0.00815	0.06818
38	0.70310	0.02045	0.01554	0.01390	0.02045	0.02372	0.01145	0.03108	0.01799	0.04744	0.01472	0.01718	0.01145	0.00981	0.00654	0.00327	0.00818	0.00573	0.00654	0.01145
39	0.03755	0.02876	0.12711	0.02626	0.03620	0.02296	0.10365	0.15699	0.03258	0.27194	0.03065	0.02993	0.02040	0.01179	0.01082	0.00331	0.01220	0.01019	0.00975	0.01697
40	0.03032	0.53040	0.05132	0.01917	0.02811	0.04028	0.01844	0.11713	0.02635	0.03208	0.01654	0.01841	0.01433	0.00967	0.00744	0.00242	0.01136	0.00632	0.00557	0.01433
41	0.01288	0.00920	0.01227	0.01472	0.01534	0.00859	0.00981	0.01472	0.02024	0.02699	0.05828	0.62152	0.06993	0.03312	0.01350	0.00429	0.00613	0.03006	0.00981	0.00859
42	0.03772	0.08501	0.03288	0.07711	0.03549	0.14142	0.02047	0.30321	0.03912	0.09137	0.02334	0.02449	0.01702	0.01185	0.01004	0.00304	0.01310	0.00872	0.00868	0.01588

[dist]
# distance from previous block
# <min> <max>
0	1

[block]
# block no. 2 follows, 13 sequences, length 21
# corresponding to MSA columns:
# 89-109
name=unknown_C
#
# <colnr> <probs for GDERKNQSTAVLIFYWHMCP>
#	G	D	E	R	K	N	Q	S	T	A	V	L	I	F	Y	W	H	M	C	P
0	0.56750	0.02138	0.02102	0.02412	0.12903	0.02400	0.01566	0.03135	0.01921	0.04485	0.01576	0.01898	0.01251	0.00974	0.00733	0.00325	0.00906	0.00647	0.00628	0.01251
1	0.70310	0.02045	0.01554	0.01390	0.02045	0.02372	0.01145	0.03108	0.01799	0.04744	0.01472	0.01718	0.01145	0.00981	0.00654	0.00327	0.00818	0.00573	0.00654	0.01145
2	0.02030	0.01397	0.01755	0.01783	0.02106	0.01425	0.01408	0.02964	0.13413	0.08119	0.11940	0.21623	0.05929	0.02465	0.01288	0.00411	0.00784	0.16941	0.01052	0.01167
3	0.02376	0.01483	0.01670	0.01576	0.01965	0.01554	0.01192	0.03588	0.18924	0.10417	0.04335	0.16708	0.03806	0.01764	0.01021	0.00333	0.00680	0.01507	0.23822	0.01279
4	0.11252	0.03261	0.16172	0.02358	0.03332	0.02690	0.02287	0.24369	0.08217	0.11834	0.02627	0.02632	0.01845	0.01191	0.01000	0.00328	0.01158	0.00902	0.00894	0.01653
5	0.01822	0.01360	0.01883	0.01790	0.02061	0.01565	0.01407	0.08209	0.02106	0.02978	0.02796	0.03953	0.02538	0.07102	0.51490	0.01527	0.02625	0.01110	0.00628	0.01050
6	0.01582	0.01094	0.01598	0.01617	0.01762	0.01220	0.01224	0.01795	0.01687	0.02370	0.02920	0.04830	0.02875	0.11588	0.40482	0.12913	0.02211	0.04808	0.00586	0.00838
7	0.02342	0.02399	0.03718	0.03044	0.03215	0.03148	0.10315	0.02679	0.01759	0.02679	0.01508	0.02399	0.01422	0.01697	0.03115	0.00446	0.51463	0.00977	0.00474	0.01200
8	0.02827	0.63478	0.05540	0.01809	0.02714	0.04184	0.01809	0.03166	0.02148	0.02488	0.01470	0.01696	0.01357	0.00905	0.00678	0.00226	0.01131	0.00565	0.00452	0.01357
9	0.01363	0.00991	0.01285	0.01390	0.01543	0.00913	0.00975	0.01671	0.02415	0.03287	0.24848	0.38050	0.11673	0.02835	0.01304	0.00388	0.00565	0.02540	0.01050	0.00913
10	0.01272	0.00982	0.01163	0.01307	0.01490	0.00873	0.00908	0.01491	0.02183	0.02764	0.07836	0.40770	0.27078	0.03051	0.01308	0.00400	0.00581	0.02687	0.00982	0.00873
11	0.01510	0.01133	0.01699	0.01699	0.01888	0.01322	0.01322	0.01888	0.01699	0.02454	0.02832	0.04154	0.02643	0.07930	0.58652	0.01699	0.02832	0.01133	0.00566	0.00944
12	0.01332	0.01060	0.01195	0.01191	0.01486	0.00923	0.00882	0.01666	0.02561	0.03284	0.24629	0.14227	0.36685	0.02571	0.01258	0.00356	0.00531	0.02201	0.01040	0.00923
13	0.14203	0.02259	0.02395	0.01970	0.02665	0.02460	0.01594	0.19831	0.16571	0.14535	0.03193	0.03080	0.02287	0.01270	0.00971	0.00325	0.00919	0.00977	0.06905	0.01592
14	0.02923	0.01472	0.01811	0.01543	0.02060	0.01351	0.01216	0.06980	0.02874	0.24120	0.13075	0.09950	0.14192	0.01840	0.01108	0.00331	0.00717	0.01545	0.09562	0.01332
15	0.01910	0.01126	0.01307	0.01236	0.01371	0.01079	0.00769	0.01985	0.01803	0.08955	0.04114	0.06806	0.08470	0.49659	0.04465	0.00877	0.00964	0.01542	0.00755	0.00808
16	0.02069	0.01257	0.01625	0.01483	0.01829	0.01178	0.01128	0.02684	0.06173	0.12542	0.39873	0.11666	0.08114	0.02079	0.01216	0.00342	0.00594	0.01826	0.01166	0.01157
17	0.02167	0.02269	0.04672	0.03516	0.04274	0.02139	0.36012	0.02843	0.02338	0.03151	0.03081	0.12695	0.02975	0.06794	0.01640	0.00436	0.01476	0.05639	0.00647	0.01236
18	0.02110	0.01209	0.01551	0.01422	0.01784	0.01079	0.01080	0.02510	0.02775	0.14889	0.30795	0.14607	0.15592	0.02221	0.01223	0.00348	0.00604	0.01932	0.01140	0.01130
19	0.18263	0.01890	0.02065	0.01772	0.02373	0.01986	0.01408	0.08206	0.13705	0.18474	0.10001	0.08766	0.03639	0.01538	0.01021	0.00343	0.00816	0.01245	0.01044	0.01444
20	0.14037	0.02365	0.02430	0.02055	0.02715	0.02672	0.01644	0.20014	0.26055	0.05179	0.07180	0.03431	0.02943	0.01363	0.01014	0.00338	0.00913	0.01070	0.01008	0.01576

[dist]
# distance from previous block
# <min> <max>
0	1

[block]
# block no. 3 follows, 13 sequences, length 35
# corresponding to MSA columns:
# 111-145
name=unknown_D
#
# <colnr> <probs for GDERKNQSTAVLIFYWHMCP>
#	G	D	E	R	K	N	Q	S	T	A	V	L	I	F	Y	W	H	M	C	P
0	0.02731	0.01634	0.01862	0.01656	0.02137	0.01676	0.01316	0.10825	0.10417	0.13310	0.04431	0.08933	0.06964	0.01680	0.01036	0.00330	0.00769	0.05581	0.21379	0.01332
1	0.01649	0.01081	0.01382	0.01397	0.01553	0.01070	0.00965	0.01858	0.01961	0.06008	0.08216	0.19329	0.09343	0.23554	0.14984	0.00878	0.01230	0.01851	0.00814	0.00878
2	0.03682	0.02794	0.02983	0.02364	0.03150	0.03121	0.01928	0.41288	0.16953	0.06120	0.02967	0.02880	0.02145	0.01309	0.01062	0.00327	0.01084	0.01011	0.01062	0.01768
3	0.02931	0.27773	0.03933	0.02445	0.07569	0.09352	0.01899	0.10288	0.11465	0.03497	0.02524	0.07357	0.02234	0.01269	0.00917	0.00291	0.01139	0.00975	0.00701	0.01443
4	0.01960	0.01430	0.02251	0.10821	0.10130	0.01604	0.01715	0.02006	0.01697	0.02341	0.01975	0.03138	0.01835	0.03393	0.11334	0.33732	0.06332	0.00957	0.00486	0.00864
5	0.09774	0.01293	0.01498	0.01391	0.01654	0.01265	0.00952	0.02505	0.01973	0.14675	0.03699	0.14128	0.03760	0.33159	0.03278	0.00701	0.00911	0.01552	0.00843	0.00988
6	0.01837	0.00918	0.01377	0.01377	0.01377	0.00918	0.00918	0.01377	0.01377	0.01837	0.01837	0.03214	0.01837	0.03673	0.04132	0.69238	0.00918	0.00918	0.00459	0.00459
7	0.01507	0.00990	0.01409	0.01535	0.01624	0.01008	0.01096	0.01597	0.01815	0.02458	0.04109	0.30252	0.04617	0.04460	0.15513	0.17955	0.01236	0.05280	0.00753	0.00787
8	0.02407	0.01613	0.01917	0.01734	0.02181	0.01668	0.01332	0.03767	0.21658	0.12577	0.23180	0.11730	0.06004	0.01886	0.01166	0.00352	0.00699	0.01635	0.01135	0.01358
9	0.06124	0.01322	0.01575	0.01546	0.01783	0.01400	0.01100	0.02540	0.09528	0.06670	0.03901	0.18241	0.03998	0.21085	0.13635	0.00828	0.01233	0.01657	0.00817	0.01015
10	0.01665	0.01030	0.01348	0.01481	0.01652	0.00938	0.01028	0.01881	0.02169	0.08681	0.06084	0.51044	0.10899	0.03035	0.01309	0.00412	0.00638	0.02723	0.01017	0.00965
11	0.02019	0.01330	0.01650	0.01500	0.01850	0.01272	0.01142	0.07751	0.03041	0.08937	0.35217	0.14296	0.11464	0.02178	0.01224	0.00345	0.00626	0.01899	0.01127	0.01131
12	0.01443	0.01079	0.01339	0.01274	0.01547	0.00975	0.00956	0.01892	0.02867	0.03941	0.45961	0.08390	0.19890	0.02273	0.01248	0.00338	0.00507	0.01981	0.01125	0.00975
13	0.02192	0.01879	0.02192	0.01566	0.02506	0.01409	0.01253	0.02662	0.02192	0.03445	0.01879	0.02192	0.01566	0.00783	0.00783	0.00157	0.00783	0.00626	0.00626	0.69305
14	0.27938	0.01686	0.01841	0.01607	0.02190	0.01693	0.01272	0.03555	0.02346	0.25329	0.03566	0.16433	0.03089	0.01652	0.00980	0.00351	0.00804	0.01332	0.00994	0.01343
15	0.01501	0.01085	0.01434	0.01428	0.01565	0.01159	0.01013	0.01742	0.01788	0.02470	0.07546	0.05870	0.07416	0.27107	0.30867	0.01256	0.01836	0.01417	0.00668	0.00834
16	0.04025	0.01693	0.02214	0.01790	0.02474	0.01537	0.01443	0.04644	0.07264	0.43179	0.04256	0.08548	0.03043	0.01480	0.01059	0.00331	0.00834	0.01230	0.07318	0.01637
17	0.19664	0.01622	0.01743	0.01655	0.02098	0.01716	0.01256	0.03322	0.12785	0.12257	0.04145	0.25557	0.04039	0.02016	0.01071	0.00373	0.00757	0.01707	0.00970	0.01248
18	0.01510	0.01133	0.01699	0.01699	0.01888	0.01322	0.01322	0.01888	0.01699	0.02454	0.02832	0.04154	0.02643	0.07930	0.58652	0.01699	0.02832	0.01133	0.00566	0.00944
19	0.02192	0.01768	0.02973	0.03380	0.16502	0.01715	0.09031	0.02713	0.02407	0.06987	0.04125	0.16383	0.04237	0.02082	0.01277	0.00403	0.01091	0.18657	0.00821	0.01256
20	0.01283	0.00942	0.01204	0.01414	0.01518	0.00864	0.00955	0.01479	0.02081	0.02722	0.06542	0.54548	0.14136	0.03220	0.01335	0.00419	0.00602	0.02892	0.00982	0.00864
21	0.02314	0.01314	0.01769	0.01618	0.01915	0.01314	0.01239	0.06609	0.02431	0.11123	0.15367	0.05062	0.04285	0.03344	0.10677	0.22091	0.01127	0.04545	0.00854	0.01006
22	0.02674	0.07004	0.02452	0.02108	0.06770	0.01926	0.01531	0.03768	0.15983	0.15352	0.18211	0.05188	0.09343	0.01628	0.01098	0.00330	0.00793	0.01377	0.01042	0.01422
23	0.02668	0.06597	0.03007	0.03133	0.13906	0.19175	0.02039	0.02944	0.02296	0.02727	0.02494	0.13984	0.02567	0.01785	0.01658	0.05206	0.10781	0.01239	0.00601	0.01192
24	0.01437	0.01064	0.01250	0.01211	0.01427	0.00975	0.00851	0.01743	0.02455	0.03287	0.29527	0.08292	0.21395	0.17857	0.02307	0.00517	0.00644	0.01907	0.00978	0.00876
25	0.01335	0.01016	0.01229	0.01300	0.01512	0.00910	0.00928	0.01636	0.02428	0.03191	0.21673	0.29597	0.23867	0.02775	0.01287	0.00378	0.00555	0.02439	0.01034	0.00910
26	0.01588	0.01343	0.02090	0.02367	0.09316	0.01291	0.05594	0.01925	0.02137	0.02856	0.05398	0.34987	0.12629	0.03202	0.07585	0.00536	0.01031	0.02257	0.00836	0.01031
27	0.02192	0.01879	0.02192	0.01566	0.02506	0.01409	0.01253	0.02662	0.02192	0.03445	0.01879	0.02192	0.01566	0.00783	0.00783	0.00157	0.00783	0.00626	0.00626	0.69305
28	0.07631	0.01577	0.01737	0.01694	0.01906	0.07591	0.01270	0.02100	0.01758	0.02483	0.02300	0.03433	0.02145	0.05373	0.31785	0.20837	0.02012	0.00975	0.00541	0.00852
29	0.01633	0.01085	0.01446	0.06239	0.01915	0.01079	0.01074	0.01652	0.01890	0.02445	0.08359	0.06339	0.14855	0.13727	0.03064	0.26085	0.00868	0.04824	0.00696	0.00723
30	0.02507	0.06380	0.06950	0.02229	0.06945	0.09331	0.01665	0.07188	0.02501	0.07561	0.03912	0.12645	0.08829	0.14407	0.01974	0.00475	0.01104	0.01437	0.00768	0.01190
31	0.03380	0.02206	0.02977	0.02712	0.08830	0.02253	0.06040	0.11847	0.16819	0.20653	0.07862	0.03720	0.03083	0.01332	0.01095	0.00335	0.01002	0.01155	0.01046	0.01654
32	0.08278	0.01918	0.02180	0.01689	0.02486	0.01695	0.01344	0.07245	0.05887	0.09709	0.02649	0.07586	0.02239	0.01157	0.00894	0.00240	0.00820	0.00938	0.00800	0.40247
33	0.08122	0.02191	0.03205	0.29645	0.17784	0.02507	0.02615	0.07538	0.09327	0.03623	0.02250	0.02803	0.01726	0.01091	0.01023	0.00339	0.01226	0.00944	0.00629	0.01413
34	0.02842	0.02431	0.10979	0.02179	0.02996	0.01860	0.04999	0.07746	0.07010	0.16276	0.03465	0.11346	0.02957	0.01520	0.01080	0.00325	0.01020	0.04362	0.00898	0.13709

[dist]
# distance from previous block
# <min> <max>
0	7

[block]
# block no. 4 follows, 13 sequences, length 21
# corresponding to MSA columns:
# 153-173
name=unknown_E
#
# <colnr> <probs for GDERKNQSTAVLIFYWHMCP>
#	G	D	E	R	K	N	Q	S	T	A	V	L	I	F	Y	W	H	M	C	P
0	0.02295	0.04142	0.36545	0.17281	0.05188	0.02383	0.06932	0.03313	0.02275	0.06837	0.02065	0.02515	0.01462	0.01030	0.01039	0.00340	0.01495	0.00873	0.00517	0.01473
1	0.07865	0.07370	0.05880	0.02014	0.02699	0.02337	0.01750	0.07043	0.22467	0.03993	0.03484	0.04631	0.03000	0.01504	0.01035	0.00337	0.00944	0.09927	0.00869	0.10852
2	0.07812	0.06411	0.09881	0.12245	0.14003	0.02216	0.06525	0.03074	0.02380	0.07099	0.09149	0.03215	0.02676	0.01135	0.01007	0.00309	0.01148	0.01000	0.00661	0.08053
3	0.02635	0.02821	0.21390	0.02181	0.03024	0.01676	0.02268	0.03314	0.02513	0.18553	0.07919	0.13582	0.03880	0.01788	0.01153	0.00367	0.01066	0.07571	0.00900	0.01400
4	0.02682	0.33097	0.22003	0.02293	0.03378	0.03385	0.02501	0.07864	0.07544	0.03330	0.01983	0.02167	0.01574	0.01022	0.00858	0.00283	0.01246	0.00732	0.00565	0.01494
5	0.02420	0.08369	0.19128	0.11703	0.31301	0.02616	0.03272	0.03201	0.02301	0.03252	0.01906	0.02457	0.01522	0.00970	0.01005	0.00317	0.01350	0.00865	0.00489	0.01556
6	0.03021	0.02764	0.13512	0.13104	0.23808	0.02207	0.02846	0.03712	0.02501	0.18311	0.02566	0.02852	0.01834	0.01075	0.01045	0.00328	0.01238	0.00946	0.00720	0.01609
7	0.02311	0.02755	0.13120	0.23159	0.09931	0.02487	0.02688	0.03937	0.21169	0.03523	0.02776	0.03099	0.02084	0.01173	0.01053	0.00348	0.01215	0.01003	0.00691	0.01478
8	0.01997	0.01879	0.03171	0.60301	0.07282	0.02349	0.02936	0.02701	0.02114	0.02701	0.01879	0.02819	0.01409	0.01057	0.01057	0.00352	0.01409	0.00940	0.00470	0.01175
9	0.02462	0.03668	0.27783	0.14108	0.19843	0.02377	0.03346	0.03355	0.02328	0.07755	0.02111	0.02562	0.01556	0.01021	0.01031	0.00331	0.01391	0.00880	0.00545	0.01546
10	0.02617	0.02257	0.03789	0.22409	0.36637	0.02378	0.03001	0.03249	0.02373	0.07975	0.02149	0.02765	0.01678	0.01009	0.01051	0.00327	0.01271	0.00952	0.00577	0.01534
11	0.02061	0.01656	0.02341	0.23651	0.04059	0.01864	0.01983	0.10478	0.02601	0.03419	0.03780	0.23078	0.03925	0.02079	0.01208	0.00390	0.01052	0.08424	0.00802	0.01148
12	0.02121	0.05469	0.57364	0.03014	0.04576	0.02455	0.03906	0.03348	0.02232	0.03348	0.01897	0.02232	0.01339	0.01005	0.01005	0.00335	0.01563	0.00781	0.00446	0.01563
13	0.02058	0.01941	0.03281	0.55024	0.12084	0.02365	0.02967	0.02755	0.02143	0.02775	0.01890	0.02799	0.01435	0.01046	0.01056	0.00349	0.01394	0.00940	0.00475	0.01224
14	0.03169	0.02260	0.03495	0.12536	0.09287	0.02335	0.11483	0.07690	0.13604	0.18228	0.03113	0.03232	0.02207	0.01177	0.01097	0.00341	0.01189	0.01085	0.00883	0.01588
15	0.02664	0.08659	0.22245	0.03505	0.09282	0.02666	0.17732	0.06445	0.05874	0.07308	0.02293	0.02632	0.01689	0.01020	0.01066	0.00330	0.01447	0.00974	0.00616	0.01552
16	0.03415	0.02472	0.03801	0.13104	0.08578	0.07667	0.15725	0.04009	0.02673	0.23523	0.02804	0.03018	0.01937	0.01102	0.01100	0.00333	0.01354	0.01045	0.00817	0.01524
17	0.02056	0.01939	0.03278	0.55196	0.11927	0.02365	0.02966	0.02753	0.02142	0.02773	0.01890	0.02800	0.01435	0.01046	0.01056	0.00349	0.01395	0.00940	0.00475	0.01222
18	0.03819	0.01749	0.02500	0.07695	0.06736	0.01620	0.01758	0.04285	0.02855	0.39427	0.08948	0.04417	0.03383	0.01447	0.01105	0.00339	0.00938	0.04240	0.01138	0.01599
19	0.02644	0.03200	0.23332	0.08286	0.04001	0.02042	0.09731	0.03390	0.02319	0.14892	0.02668	0.03452	0.02079	0.11251	0.01779	0.00452	0.01345	0.01051	0.00683	0.01405
20	0.02429	0.02514	0.03203	0.33766	0.15129	0.12786	0.02669	0.03007	0.02293	0.02796	0.01947	0.02742	0.01571	0.01716	0.06687	0.00462	0.01613	0.00911	0.00503	0.01255

[dist]
# distance from previous block
# <min> <max>
0	7

# created by:
# /st0/software/busco_prod/Augustus/scripts/msa2prfl.pl ./align_prep/8871.fa
