[name]
unknown

[dist]
# distance from previous block
# <min> <max>
0	355

[block]
# block no. 0 follows, 13 sequences, length 10
# corresponding to MSA columns:
# 362-371
name=unknown_A
#
# <colnr> <probs for GDERKNQSTAVLIFYWHMCP>
#	G	D	E	R	K	N	Q	S	T	A	V	L	I	F	Y	W	H	M	C	P
0	0.01460	0.01115	0.01364	0.01404	0.01693	0.01019	0.01122	0.01867	0.02612	0.03407	0.24376	0.09903	0.26450	0.02573	0.01308	0.00385	0.00646	0.15303	0.01041	0.00951
1	0.01600	0.01572	0.02523	0.02022	0.02580	0.01393	0.15304	0.02043	0.02434	0.03005	0.08302	0.08117	0.40583	0.02176	0.01249	0.00357	0.00886	0.01955	0.00856	0.01042
2	0.29011	0.01888	0.01909	0.01690	0.02238	0.02032	0.01329	0.13158	0.02672	0.11101	0.03254	0.19105	0.03108	0.01737	0.00984	0.00354	0.00842	0.01396	0.00911	0.01281
3	0.03831	0.01597	0.02161	0.01726	0.02384	0.01398	0.01398	0.04265	0.03017	0.42159	0.18648	0.04807	0.04685	0.01548	0.01115	0.00329	0.00787	0.01302	0.01268	0.01574
4	0.03142	0.47056	0.04826	0.02066	0.02870	0.19474	0.01875	0.03463	0.02387	0.02516	0.01516	0.01755	0.01358	0.00957	0.00756	0.00239	0.01349	0.00598	0.00478	0.01320
5	0.02452	0.02161	0.02610	0.18492	0.04023	0.02551	0.02028	0.04799	0.39661	0.03939	0.03622	0.03628	0.02717	0.01328	0.01071	0.00357	0.00998	0.01124	0.00906	0.01533
6	0.01496	0.01081	0.01413	0.01330	0.01580	0.00998	0.00998	0.01995	0.02993	0.04240	0.55689	0.07898	0.09976	0.02162	0.01247	0.00333	0.00499	0.01912	0.01164	0.00998
7	0.01496	0.01081	0.01413	0.01330	0.01580	0.00998	0.00998	0.01995	0.02993	0.04240	0.55689	0.07898	0.09976	0.02162	0.01247	0.00333	0.00499	0.01912	0.01164	0.00998
8	0.02168	0.05142	0.50968	0.03194	0.04695	0.02483	0.09974	0.03353	0.02265	0.03353	0.01928	0.02310	0.01373	0.00990	0.01035	0.00338	0.01590	0.00840	0.00458	0.01546
9	0.07306	0.01798	0.02238	0.01844	0.02411	0.01810	0.01475	0.11198	0.02948	0.26996	0.10018	0.07401	0.03581	0.05480	0.04799	0.00460	0.04459	0.01260	0.01065	0.01453

[dist]
# distance from previous block
# <min> <max>
0	1

[block]
# block no. 1 follows, 13 sequences, length 34
# corresponding to MSA columns:
# 373-406
name=unknown_B
#
# <colnr> <probs for GDERKNQSTAVLIFYWHMCP>
#	G	D	E	R	K	N	Q	S	T	A	V	L	I	F	Y	W	H	M	C	P
0	0.24944	0.21819	0.07466	0.01750	0.02508	0.02817	0.01622	0.07362	0.02272	0.07413	0.02006	0.02569	0.01706	0.08314	0.01312	0.00377	0.01037	0.00768	0.00652	0.01288
1	0.56126	0.07625	0.08866	0.01628	0.02417	0.02534	0.01546	0.03143	0.01883	0.04380	0.01525	0.01780	0.01187	0.00978	0.00700	0.00320	0.00937	0.00598	0.00611	0.01215
2	0.02830	0.02953	0.09982	0.14920	0.04066	0.09197	0.02377	0.07894	0.15426	0.07991	0.02635	0.02892	0.01974	0.01285	0.01345	0.00351	0.08723	0.00961	0.00742	0.01455
3	0.01396	0.01181	0.01221	0.01192	0.01561	0.01060	0.00899	0.01932	0.07185	0.03118	0.13989	0.09413	0.47097	0.02520	0.01234	0.00355	0.00560	0.02110	0.01006	0.00973
4	0.01391	0.00994	0.01345	0.01590	0.01696	0.00948	0.01161	0.01650	0.02126	0.02814	0.05771	0.49698	0.06768	0.03215	0.01377	0.00444	0.00703	0.14442	0.00980	0.00887
5	0.02121	0.05469	0.57364	0.03014	0.04576	0.02455	0.03906	0.03348	0.02232	0.03348	0.01897	0.02232	0.01339	0.01005	0.01005	0.00335	0.01563	0.00781	0.00446	0.01563
6	0.02617	0.02512	0.04292	0.06490	0.56246	0.02512	0.03245	0.03245	0.02407	0.03454	0.01989	0.02617	0.01675	0.00942	0.01047	0.00314	0.01256	0.00942	0.00523	0.01675
7	0.02192	0.01879	0.02192	0.01566	0.02506	0.01409	0.01253	0.02662	0.02192	0.03445	0.01879	0.02192	0.01566	0.00783	0.00783	0.00157	0.00783	0.00626	0.00626	0.69305
8	0.09064	0.14186	0.03580	0.09915	0.15823	0.07352	0.02200	0.07108	0.02633	0.15004	0.02312	0.02534	0.01723	0.01066	0.00940	0.00302	0.01184	0.00843	0.00723	0.01507
9	0.02827	0.63478	0.05540	0.01809	0.02714	0.04184	0.01809	0.03166	0.02148	0.02488	0.01470	0.01696	0.01357	0.00905	0.00678	0.00226	0.01131	0.00565	0.00452	0.01357
10	0.03791	0.07416	0.10489	0.01943	0.02822	0.01827	0.01827	0.04296	0.02765	0.38261	0.04388	0.04019	0.08611	0.01393	0.01045	0.00323	0.00972	0.01119	0.01074	0.01621
11	0.03615	0.07092	0.15029	0.02579	0.03574	0.07038	0.08193	0.11763	0.03038	0.23334	0.02807	0.02791	0.01912	0.01144	0.01038	0.00320	0.01285	0.00944	0.00875	0.01629
12	0.02665	0.18441	0.20534	0.02579	0.03404	0.07681	0.02635	0.07645	0.02353	0.03158	0.01690	0.02126	0.01401	0.01244	0.01606	0.00337	0.17814	0.00776	0.00516	0.01395
13	0.04744	0.01799	0.02454	0.01881	0.02699	0.01554	0.01554	0.05153	0.03026	0.56979	0.04171	0.03599	0.02617	0.01309	0.01063	0.00327	0.00900	0.01063	0.01309	0.01799
14	0.02467	0.02347	0.10791	0.17942	0.07288	0.02037	0.02320	0.03500	0.10806	0.11115	0.06958	0.04375	0.03041	0.04904	0.01347	0.00393	0.01131	0.05070	0.00792	0.01375
15	0.03135	0.02713	0.11255	0.17448	0.08607	0.06129	0.02445	0.07624	0.02713	0.19183	0.02845	0.06494	0.02147	0.01271	0.01061	0.00335	0.01237	0.01061	0.00802	0.01494
16	0.01633	0.01169	0.01612	0.01792	0.02023	0.01148	0.01513	0.02100	0.02513	0.03340	0.15380	0.14831	0.06910	0.02802	0.01411	0.00453	0.00855	0.36536	0.01011	0.00970
17	0.01332	0.00975	0.01263	0.01476	0.01597	0.00906	0.01044	0.01563	0.02123	0.02775	0.06438	0.49432	0.13261	0.03183	0.01350	0.00427	0.00646	0.08353	0.00981	0.00877
18	0.02445	0.02851	0.14281	0.16717	0.08210	0.02389	0.08846	0.13320	0.02795	0.03806	0.02670	0.11763	0.02380	0.01410	0.01115	0.00351	0.01302	0.01267	0.00680	0.01402
19	0.03530	0.02398	0.02994	0.07407	0.09619	0.02551	0.02111	0.28125	0.03777	0.14425	0.03092	0.03932	0.02433	0.01427	0.01108	0.00343	0.01124	0.06993	0.00981	0.01631
20	0.01409	0.01085	0.01464	0.01626	0.01680	0.01140	0.01139	0.01599	0.01976	0.02681	0.05303	0.55083	0.06331	0.03140	0.01600	0.00433	0.07736	0.02760	0.00920	0.00894
21	0.03785	0.02945	0.03645	0.02744	0.03625	0.03186	0.09766	0.45128	0.04590	0.06159	0.02477	0.02587	0.01768	0.01211	0.01087	0.00323	0.01259	0.00997	0.00977	0.01741
22	0.56255	0.02383	0.01872	0.06908	0.02666	0.09012	0.01414	0.03203	0.01969	0.04303	0.01528	0.01840	0.01195	0.01001	0.00726	0.00323	0.01000	0.00619	0.00625	0.01157
23	0.02828	0.02518	0.03265	0.15169	0.07358	0.08960	0.09330	0.12060	0.06151	0.07557	0.06878	0.03748	0.06826	0.01321	0.01103	0.00333	0.01261	0.01156	0.00783	0.01396
24	0.02495	0.06897	0.07923	0.22346	0.04470	0.02546	0.02347	0.12642	0.11490	0.03817	0.02887	0.07096	0.02449	0.01414	0.01074	0.00350	0.01180	0.04440	0.00746	0.01392
25	0.02615	0.02428	0.03227	0.02715	0.02865	0.03246	0.02260	0.11417	0.02212	0.03273	0.01591	0.02353	0.01460	0.01748	0.03043	0.00437	0.50343	0.00930	0.00568	0.01270
26	0.02614	0.02482	0.04533	0.09059	0.15386	0.02660	0.21594	0.03235	0.02274	0.07447	0.02066	0.02729	0.01631	0.01183	0.01716	0.00371	0.15965	0.01064	0.00571	0.01421
27	0.01496	0.01081	0.01413	0.01330	0.01580	0.00998	0.00998	0.01995	0.02993	0.04240	0.55689	0.07898	0.09976	0.02162	0.01247	0.00333	0.00499	0.01912	0.01164	0.00998
28	0.02285	0.02202	0.03050	0.02626	0.02646	0.03050	0.02181	0.02538	0.01669	0.02662	0.01561	0.02450	0.01499	0.01799	0.03241	0.00445	0.55840	0.00930	0.06186	0.01142
29	0.02630	0.02271	0.02391	0.02152	0.02749	0.02630	0.01674	0.05618	0.54336	0.04423	0.04303	0.03945	0.03228	0.01434	0.01076	0.00359	0.00837	0.01195	0.01076	0.01674
30	0.70310	0.02045	0.01554	0.01390	0.02045	0.02372	0.01145	0.03108	0.01799	0.04744	0.01472	0.01718	0.01145	0.00981	0.00654	0.00327	0.00818	0.00573	0.00654	0.01145
31	0.01496	0.01081	0.01413	0.01330	0.01580	0.00998	0.00998	0.01995	0.02993	0.04240	0.55689	0.07898	0.09976	0.02162	0.01247	0.00333	0.00499	0.01912	0.01164	0.00998
32	0.08855	0.01696	0.02027	0.01664	0.02251	0.01652	0.01338	0.10684	0.03101	0.24757	0.17651	0.04501	0.04391	0.01499	0.01040	0.00318	0.00774	0.01228	0.09141	0.01431
33	0.01327	0.01002	0.01235	0.01380	0.01559	0.00909	0.00988	0.01587	0.02251	0.02910	0.11377	0.38291	0.21568	0.02998	0.01320	0.00405	0.00610	0.06396	0.00996	0.00889

[dist]
# distance from previous block
# <min> <max>
1	32

[block]
# block no. 2 follows, 13 sequences, length 73
# corresponding to MSA columns:
# 439-511
name=unknown_C
#
# <colnr> <probs for GDERKNQSTAVLIFYWHMCP>
#	G	D	E	R	K	N	Q	S	T	A	V	L	I	F	Y	W	H	M	C	P
0	0.01664	0.01998	0.12732	0.05283	0.02503	0.01381	0.01661	0.02114	0.01988	0.02833	0.03716	0.24694	0.03993	0.12829	0.06395	0.00576	0.01101	0.01743	0.05229	0.05566
1	0.11660	0.01444	0.01643	0.01521	0.01885	0.01479	0.01163	0.02405	0.06359	0.03755	0.22634	0.14936	0.10538	0.02018	0.01268	0.00344	0.04652	0.01682	0.00937	0.07678
2	0.02284	0.02159	0.03391	0.23258	0.24329	0.02457	0.02713	0.03093	0.07249	0.03142	0.02662	0.03261	0.05187	0.01256	0.01375	0.00353	0.08813	0.01047	0.00581	0.01391
3	0.03550	0.02605	0.02918	0.02323	0.03009	0.02927	0.01902	0.35062	0.10486	0.09177	0.06279	0.03117	0.02531	0.01412	0.01325	0.00339	0.07304	0.01051	0.01022	0.01662
4	0.01538	0.01025	0.01153	0.01153	0.01153	0.01025	0.00641	0.01538	0.01538	0.02050	0.03331	0.06919	0.03844	0.62842	0.05382	0.01025	0.01025	0.01538	0.00641	0.00641
5	0.03337	0.02355	0.02601	0.02081	0.02733	0.02543	0.01666	0.33451	0.07523	0.09052	0.11420	0.03975	0.03459	0.07128	0.01490	0.00389	0.01004	0.01185	0.01054	0.01553
6	0.02274	0.03497	0.28185	0.02305	0.03284	0.02120	0.02539	0.10202	0.06147	0.04148	0.14124	0.03801	0.03561	0.01347	0.01044	0.00325	0.01119	0.01101	0.07456	0.01423
7	0.02677	0.02237	0.02401	0.02160	0.02747	0.02557	0.01710	0.09925	0.44437	0.04521	0.04255	0.04581	0.03364	0.01562	0.01111	0.00367	0.00882	0.05823	0.01064	0.01618
8	0.02630	0.02271	0.02391	0.02152	0.02749	0.02630	0.01674	0.05618	0.54336	0.04423	0.04303	0.03945	0.03228	0.01434	0.01076	0.00359	0.00837	0.01195	0.01076	0.01674
9	0.02933	0.14064	0.03755	0.11080	0.07094	0.06542	0.07033	0.13146	0.02933	0.07367	0.07697	0.03030	0.02486	0.01232	0.01169	0.00317	0.04985	0.00993	0.00728	0.01417
10	0.01496	0.01081	0.01413	0.01330	0.01580	0.00998	0.00998	0.01995	0.02993	0.04240	0.55689	0.07898	0.09976	0.02162	0.01247	0.00333	0.00499	0.01912	0.01164	0.00998
11	0.02488	0.08303	0.22984	0.02408	0.03324	0.08377	0.02451	0.04046	0.20515	0.03454	0.02820	0.03213	0.02248	0.07158	0.01424	0.00395	0.01259	0.00973	0.00697	0.01461
12	0.01538	0.01025	0.01153	0.01153	0.01153	0.01025	0.00641	0.01538	0.01538	0.02050	0.03331	0.06919	0.03844	0.62842	0.05382	0.01025	0.01025	0.01538	0.00641	0.00641
13	0.03800	0.19331	0.12034	0.02041	0.03002	0.02420	0.01998	0.04320	0.02659	0.33477	0.03067	0.02859	0.02068	0.01149	0.00948	0.00301	0.01069	0.00882	0.00936	0.01640
14	0.02591	0.07451	0.24354	0.08339	0.04175	0.02476	0.07339	0.08254	0.06057	0.07218	0.02264	0.02544	0.01657	0.01040	0.00997	0.00308	0.01310	0.00870	0.00639	0.10118
15	0.01284	0.00936	0.01211	0.01430	0.01523	0.00862	0.00963	0.01477	0.02065	0.02715	0.06338	0.56720	0.12095	0.03246	0.01339	0.00422	0.00605	0.02925	0.00982	0.00862
16	0.07394	0.16898	0.12881	0.02618	0.07430	0.03161	0.02299	0.21452	0.08252	0.04560	0.02248	0.02386	0.01707	0.01113	0.00938	0.00304	0.01178	0.00834	0.00750	0.01595
17	0.02947	0.10963	0.09967	0.08246	0.03436	0.07991	0.02079	0.08340	0.10968	0.11013	0.02873	0.07259	0.02321	0.01302	0.00997	0.00312	0.01153	0.01040	0.00790	0.06001
18	0.03152	0.09611	0.26553	0.02883	0.09146	0.02432	0.02800	0.07618	0.02683	0.19175	0.02577	0.02642	0.01784	0.01097	0.00998	0.00318	0.01264	0.00872	0.00753	0.01641
19	0.09379	0.03606	0.27222	0.02416	0.03499	0.02317	0.02610	0.04256	0.15656	0.14191	0.02913	0.02886	0.02051	0.01171	0.01000	0.00339	0.01176	0.00922	0.00795	0.01596
20	0.01308	0.01073	0.01152	0.01132	0.01464	0.00917	0.00849	0.01630	0.02547	0.03182	0.21309	0.09639	0.45016	0.02556	0.01249	0.00351	0.00527	0.02156	0.01025	0.00917
21	0.03106	0.23063	0.09503	0.10753	0.03977	0.02811	0.09854	0.03687	0.02442	0.17452	0.02402	0.02600	0.01741	0.01043	0.00956	0.00302	0.01250	0.00879	0.00698	0.01481
22	0.04744	0.01799	0.02454	0.01881	0.02699	0.01554	0.01554	0.05153	0.03026	0.56979	0.04171	0.03599	0.02617	0.01309	0.01063	0.00327	0.00900	0.01063	0.01309	0.01799
23	0.01513	0.01122	0.01642	0.01642	0.01811	0.01291	0.01250	0.01851	0.01682	0.02412	0.02884	0.04443	0.02769	0.13668	0.53085	0.01629	0.02643	0.01175	0.00574	0.00912
24	0.01385	0.01060	0.01269	0.01251	0.01520	0.00945	0.00925	0.01767	0.02679	0.03575	0.34105	0.14397	0.26352	0.02470	0.01259	0.00352	0.00524	0.02143	0.01079	0.00945
25	0.04065	0.02240	0.07063	0.03005	0.14893	0.01839	0.02114	0.04586	0.02826	0.40836	0.03506	0.03273	0.02308	0.01203	0.01055	0.00325	0.01031	0.01014	0.01066	0.01753
26	0.03155	0.02740	0.02673	0.02288	0.02951	0.08326	0.01805	0.18871	0.35247	0.04879	0.03539	0.03344	0.02637	0.01354	0.01059	0.00338	0.01035	0.01076	0.01018	0.01665
27	0.58025	0.02395	0.01921	0.01933	0.06457	0.08259	0.01405	0.03235	0.01973	0.04417	0.01530	0.01808	0.01210	0.00990	0.00717	0.00320	0.00966	0.00613	0.00633	0.01195
28	0.02121	0.05469	0.57364	0.03014	0.04576	0.02455	0.03906	0.03348	0.02232	0.03348	0.01897	0.02232	0.01339	0.01005	0.01005	0.00335	0.01563	0.00781	0.00446	0.01563
29	0.02333	0.01884	0.02202	0.01630	0.02463	0.01540	0.01291	0.07386	0.02377	0.03590	0.01939	0.02333	0.01617	0.01132	0.01160	0.07391	0.00834	0.00689	0.00651	0.55559
30	0.01692	0.01254	0.01558	0.07078	0.02022	0.01365	0.01071	0.02128	0.07135	0.02420	0.03219	0.05806	0.03368	0.42396	0.12304	0.00989	0.01307	0.01385	0.00659	0.00845
31	0.40396	0.29278	0.03321	0.01576	0.02341	0.03175	0.01439	0.03134	0.01954	0.03744	0.01471	0.01708	0.01239	0.00947	0.00665	0.00282	0.00957	0.00569	0.00565	0.01239
32	0.02617	0.02512	0.04292	0.06490	0.56246	0.02512	0.03245	0.03245	0.02407	0.03454	0.01989	0.02617	0.01675	0.00942	0.01047	0.00314	0.01256	0.00942	0.00523	0.01675
33	0.04744	0.01799	0.02454	0.01881	0.02699	0.01554	0.01554	0.05153	0.03026	0.56979	0.04171	0.03599	0.02617	0.01309	0.01063	0.00327	0.00900	0.01063	0.01309	0.01799
34	0.70310	0.02045	0.01554	0.01390	0.02045	0.02372	0.01145	0.03108	0.01799	0.04744	0.01472	0.01718	0.01145	0.00981	0.00654	0.00327	0.00818	0.00573	0.00654	0.01145
35	0.29245	0.02193	0.02301	0.01839	0.02603	0.02309	0.01518	0.16699	0.03068	0.24282	0.02732	0.02616	0.01851	0.01175	0.00908	0.00325	0.00937	0.00850	0.00997	0.01553
36	0.01510	0.01133	0.01699	0.01699	0.01888	0.01322	0.01322	0.01888	0.01699	0.02454	0.02832	0.04154	0.02643	0.07930	0.58652	0.01699	0.02832	0.01133	0.00566	0.00944
37	0.63853	0.02021	0.01643	0.01439	0.02109	0.02291	0.01185	0.03309	0.01920	0.09888	0.01738	0.01903	0.01290	0.01014	0.00695	0.00327	0.00826	0.00621	0.00719	0.01209
38	0.01250	0.01071	0.01071	0.01071	0.01428	0.00893	0.00803	0.01517	0.02410	0.02856	0.10711	0.10175	0.55817	0.02678	0.01250	0.00357	0.00536	0.02231	0.00982	0.00893
39	0.02496	0.02852	0.06239	0.04456	0.05526	0.02674	0.52406	0.03387	0.02496	0.03387	0.02139	0.02852	0.01604	0.00891	0.01248	0.00357	0.01783	0.01248	0.00535	0.01426
40	0.70310	0.02045	0.01554	0.01390	0.02045	0.02372	0.01145	0.03108	0.01799	0.04744	0.01472	0.01718	0.01145	0.00981	0.00654	0.00327	0.00818	0.00573	0.00654	0.01145
41	0.02417	0.01478	0.01893	0.01622	0.02176	0.01258	0.01243	0.02772	0.02278	0.15346	0.03760	0.21808	0.03647	0.02455	0.07075	0.00444	0.00970	0.01537	0.00889	0.24934
42	0.04744	0.01799	0.02454	0.01881	0.02699	0.01554	0.01554	0.05153	0.03026	0.56979	0.04171	0.03599	0.02617	0.01309	0.01063	0.00327	0.00900	0.01063	0.01309	0.01799
43	0.47480	0.02081	0.01941	0.01618	0.02332	0.02268	0.01335	0.08789	0.02428	0.17614	0.02238	0.02260	0.01570	0.01091	0.00796	0.00326	0.00874	0.00731	0.00855	0.01372
44	0.03865	0.02230	0.02579	0.02019	0.02751	0.02295	0.01653	0.27820	0.03893	0.23146	0.07378	0.03455	0.02809	0.01349	0.01044	0.00315	0.00957	0.01069	0.07716	0.01656
45	0.01560	0.01017	0.01170	0.01170	0.01170	0.01017	0.00662	0.01525	0.01525	0.02034	0.03217	0.06636	0.03691	0.58321	0.05286	0.06237	0.01017	0.01490	0.00627	0.00627
46	0.01461	0.01079	0.01364	0.01292	0.01558	0.00982	0.00969	0.01926	0.02908	0.04039	0.49144	0.08229	0.16646	0.02237	0.01247	0.00336	0.00504	0.01959	0.01137	0.00982
47	0.02413	0.02472	0.08490	0.24848	0.17691	0.02411	0.02724	0.09358	0.06152	0.03708	0.07136	0.03223	0.02432	0.01178	0.01068	0.00335	0.01233	0.01034	0.00660	0.01431
48	0.43343	0.02116	0.02199	0.17543	0.03625	0.02480	0.01742	0.09276	0.02286	0.04431	0.01718	0.02121	0.01300	0.01038	0.00815	0.00333	0.01022	0.00720	0.00655	0.01236
49	0.01253	0.01057	0.01086	0.01108	0.01438	0.00889	0.00820	0.01513	0.02374	0.02842	0.10259	0.14988	0.51297	0.02737	0.01259	0.00364	0.00543	0.02303	0.00982	0.00889
50	0.02450	0.09732	0.28754	0.07843	0.03960	0.02561	0.02825	0.12501	0.02847	0.03966	0.09803	0.03117	0.02692	0.01218	0.01023	0.00322	0.01275	0.00972	0.00670	0.01469
51	0.70310	0.02045	0.01554	0.01390	0.02045	0.02372	0.01145	0.03108	0.01799	0.04744	0.01472	0.01718	0.01145	0.00981	0.00654	0.00327	0.00818	0.00573	0.00654	0.01145
52	0.02185	0.16609	0.02124	0.01191	0.01602	0.01785	0.01007	0.02639	0.02200	0.03578	0.02954	0.03380	0.02372	0.01150	0.00724	0.00241	0.00652	0.00880	0.51647	0.01078
53	0.01519	0.01098	0.01522	0.01522	0.01649	0.01225	0.01100	0.01774	0.01647	0.02323	0.02994	0.05053	0.03034	0.25779	0.41337	0.01480	0.02245	0.01264	0.00591	0.00845
54	0.01766	0.01435	0.01436	0.01410	0.01499	0.06669	0.00907	0.01865	0.01710	0.02180	0.03071	0.05904	0.03374	0.46357	0.15130	0.01081	0.01456	0.01377	0.00617	0.00755
55	0.03956	0.04835	0.03014	0.02695	0.03270	0.53149	0.02040	0.08998	0.03191	0.02989	0.01723	0.01969	0.01405	0.01107	0.00964	0.00277	0.01834	0.00708	0.00595	0.01282
56	0.01496	0.01081	0.01413	0.01330	0.01580	0.00998	0.00998	0.01995	0.02993	0.04240	0.55689	0.07898	0.09976	0.02162	0.01247	0.00333	0.00499	0.01912	0.01164	0.00998
57	0.01568	0.01128	0.01514	0.01544	0.01791	0.01074	0.01242	0.02063	0.02799	0.03867	0.38337	0.09293	0.08628	0.02425	0.01321	0.00386	0.00663	0.18268	0.01098	0.00989
58	0.70310	0.02045	0.01554	0.01390	0.02045	0.02372	0.01145	0.03108	0.01799	0.04744	0.01472	0.01718	0.01145	0.00981	0.00654	0.00327	0.00818	0.00573	0.00654	0.01145
59	0.01518	0.01017	0.01159	0.01178	0.01183	0.01012	0.00668	0.01532	0.01576	0.02101	0.03529	0.11285	0.04093	0.58136	0.05063	0.00978	0.00993	0.01654	0.00668	0.00658
60	0.02192	0.01879	0.02192	0.01566	0.02506	0.01409	0.01253	0.02662	0.02192	0.03445	0.01879	0.02192	0.01566	0.00783	0.00783	0.00157	0.00783	0.00626	0.00626	0.69305
61	0.01658	0.01093	0.01391	0.01370	0.01631	0.00988	0.01006	0.02028	0.02642	0.07773	0.31026	0.22494	0.15930	0.02486	0.01260	0.00362	0.00567	0.02190	0.01097	0.01007
62	0.02399	0.02457	0.03012	0.02613	0.02667	0.08476	0.02124	0.02612	0.01747	0.02501	0.01601	0.02720	0.01624	0.07695	0.03408	0.00498	0.49285	0.00961	0.00488	0.01113
63	0.03158	0.10958	0.08735	0.19339	0.10978	0.02363	0.02432	0.03750	0.02484	0.21667	0.02633	0.02848	0.01848	0.01103	0.00999	0.00319	0.01189	0.00915	0.00763	0.01519
64	0.01578	0.01021	0.01138	0.01138	0.01160	0.01021	0.00650	0.01623	0.01601	0.02225	0.03342	0.06643	0.03739	0.57138	0.04952	0.00953	0.00976	0.01486	0.06943	0.00673
65	0.11996	0.01970	0.02187	0.01784	0.02427	0.02043	0.01445	0.16836	0.06660	0.19784	0.08052	0.03555	0.02949	0.01331	0.00974	0.00314	0.00851	0.01046	0.12300	0.01498
66	0.02510	0.05861	0.03054	0.17554	0.17438	0.02216	0.02229	0.06452	0.05702	0.07625	0.06448	0.03726	0.06006	0.01269	0.01028	0.00320	0.01060	0.01095	0.07020	0.01388
67	0.02142	0.04014	0.34794	0.02755	0.03909	0.02277	0.07871	0.03504	0.10716	0.03663	0.10706	0.03452	0.03016	0.01243	0.01078	0.00340	0.01302	0.01070	0.00668	0.01479
68	0.07754	0.01081	0.01331	0.01461	0.01633	0.01054	0.01046	0.01793	0.02259	0.03283	0.17228	0.40533	0.07101	0.02799	0.01268	0.00401	0.00628	0.05426	0.00994	0.00925
69	0.07369	0.02333	0.10331	0.02442	0.08273	0.01880	0.01970	0.09517	0.02867	0.16486	0.11572	0.10039	0.03950	0.01639	0.01109	0.00347	0.00975	0.04519	0.00948	0.01434
70	0.02619	0.06264	0.08095	0.17885	0.10870	0.02373	0.02342	0.10415	0.05850	0.07741	0.03210	0.03482	0.07389	0.01252	0.01031	0.00319	0.01144	0.01043	0.00724	0.05953
71	0.07762	0.01102	0.01341	0.01522	0.01707	0.01077	0.01129	0.01779	0.02129	0.03002	0.05887	0.40625	0.11364	0.02948	0.01298	0.00424	0.00700	0.12343	0.00950	0.00913
72	0.07691	0.01136	0.01200	0.01216	0.01529	0.01041	0.00899	0.01735	0.02379	0.03229	0.16326	0.18423	0.34428	0.02551	0.01212	0.00363	0.00570	0.02166	0.00981	0.00927

[dist]
# distance from previous block
# <min> <max>
0	820

# created by:
# /st0/software/busco_prod/Augustus/scripts/msa2prfl.pl ./align_prep/8895.fa
