[name]
unknown

[dist]
# distance from previous block
# <min> <max>
3	95

[block]
# block no. 0 follows, 12 sequences, length 10
# corresponding to MSA columns:
# 164-173
name=unknown_A
#
# <colnr> <probs for GDERKNQSTAVLIFYWHMCP>
#	G	D	E	R	K	N	Q	S	T	A	V	L	I	F	Y	W	H	M	C	P
0	0.04067	0.02763	0.03041	0.02377	0.03210	0.03003	0.01949	0.37575	0.11397	0.14406	0.03140	0.02994	0.02194	0.01339	0.01094	0.00335	0.01110	0.01035	0.01135	0.01837
1	0.02086	0.01998	0.02203	0.02087	0.02312	0.10665	0.01635	0.02435	0.01955	0.02567	0.02501	0.03629	0.02321	0.06111	0.40297	0.01326	0.11193	0.01061	0.00565	0.01053
2	0.02312	0.01950	0.02850	0.03698	0.23040	0.02054	0.02078	0.03236	0.13277	0.03250	0.02861	0.03910	0.02544	0.11236	0.08362	0.08890	0.01302	0.01139	0.00680	0.01332
3	0.02352	0.06225	0.07429	0.31349	0.18700	0.02635	0.09706	0.03095	0.02320	0.03106	0.01978	0.02750	0.01542	0.01024	0.01087	0.00345	0.01459	0.00979	0.00505	0.01413
4	0.02681	0.01901	0.02779	0.14310	0.14427	0.01992	0.02136	0.03605	0.10632	0.13452	0.06670	0.13786	0.03598	0.01657	0.01157	0.00364	0.01023	0.01473	0.00899	0.01458
5	0.02553	0.11810	0.02843	0.02073	0.02667	0.02729	0.01666	0.04773	0.37062	0.03953	0.03980	0.08154	0.03277	0.02029	0.05149	0.00454	0.01043	0.01269	0.00960	0.01553
6	0.28652	0.10542	0.03316	0.12408	0.19468	0.02745	0.02246	0.03190	0.02152	0.03819	0.01751	0.02239	0.01425	0.01001	0.00871	0.00323	0.01127	0.00769	0.00573	0.01386
7	0.02134	0.02669	0.13541	0.27560	0.14250	0.02278	0.02928	0.03015	0.05173	0.03157	0.02668	0.10830	0.02390	0.01402	0.01120	0.00364	0.01309	0.01247	0.00598	0.01366
8	0.02282	0.02012	0.03205	0.03344	0.15426	0.02005	0.08683	0.06445	0.02371	0.03378	0.02474	0.03459	0.02179	0.07078	0.20050	0.00826	0.01816	0.01070	0.00622	0.11275
9	0.01323	0.00972	0.01241	0.01457	0.01565	0.00891	0.00985	0.01525	0.02147	0.02807	0.06757	0.53476	0.14222	0.03319	0.01376	0.00432	0.00621	0.02981	0.01012	0.00891

[dist]
# distance from previous block
# <min> <max>
2	5

[block]
# block no. 1 follows, 12 sequences, length 23
# corresponding to MSA columns:
# 180-202
name=unknown_B
#
# <colnr> <probs for GDERKNQSTAVLIFYWHMCP>
#	G	D	E	R	K	N	Q	S	T	A	V	L	I	F	Y	W	H	M	C	P
0	0.01751	0.01165	0.01439	0.01341	0.01647	0.01052	0.00998	0.02162	0.02828	0.07868	0.36395	0.08245	0.19138	0.07228	0.01627	0.00408	0.00600	0.01946	0.01125	0.01038
1	0.02398	0.33208	0.10590	0.01978	0.02790	0.02959	0.01965	0.02878	0.02258	0.02895	0.02795	0.10733	0.02857	0.01550	0.00957	0.00307	0.01100	0.07901	0.00629	0.07253
2	0.01596	0.01193	0.01422	0.01418	0.01633	0.01164	0.00996	0.02171	0.07605	0.03422	0.23371	0.18686	0.13187	0.14675	0.02166	0.00516	0.00691	0.02090	0.01018	0.00982
3	0.02655	0.07292	0.17922	0.02970	0.03946	0.02831	0.12078	0.09832	0.07125	0.03845	0.02206	0.02598	0.01703	0.01188	0.01431	0.00343	0.10048	0.00953	0.00642	0.08392
4	0.02904	0.14754	0.19686	0.06696	0.07307	0.02790	0.09202	0.03649	0.02427	0.12620	0.02296	0.02606	0.01689	0.01120	0.01207	0.00335	0.05613	0.00912	0.00642	0.01547
5	0.02756	0.01419	0.01845	0.01742	0.02144	0.01331	0.01298	0.03326	0.07670	0.22028	0.05232	0.34484	0.05186	0.02472	0.01256	0.00397	0.00763	0.02186	0.01144	0.01322
6	0.03635	0.01872	0.02357	0.01840	0.02635	0.01652	0.01486	0.04416	0.09147	0.31094	0.08146	0.03772	0.03170	0.01303	0.01040	0.00296	0.00852	0.01074	0.01123	0.19092
7	0.02772	0.03491	0.23035	0.07392	0.17959	0.02340	0.03060	0.06628	0.02707	0.11068	0.06710	0.03154	0.02437	0.01183	0.01084	0.00338	0.01301	0.01011	0.00711	0.01618
8	0.03848	0.01767	0.02367	0.05596	0.02862	0.01680	0.01596	0.04539	0.09135	0.36001	0.08079	0.04032	0.03246	0.01672	0.01438	0.07309	0.00921	0.01163	0.01161	0.01587
9	0.01599	0.01052	0.01331	0.01466	0.01653	0.00949	0.01020	0.01824	0.02250	0.06947	0.06913	0.46107	0.16578	0.03120	0.01347	0.00419	0.00639	0.02779	0.01039	0.00969
10	0.01687	0.01044	0.01402	0.01402	0.01448	0.01090	0.00926	0.01612	0.01567	0.02134	0.02773	0.05126	0.02947	0.28825	0.17213	0.24841	0.01454	0.01264	0.00577	0.00668
11	0.02435	0.09965	0.03066	0.17826	0.07642	0.13598	0.02127	0.02881	0.02300	0.02741	0.02572	0.10556	0.02468	0.02735	0.11827	0.00604	0.01683	0.01188	0.00592	0.01194
12	0.04892	0.01856	0.02530	0.01940	0.02783	0.01603	0.01603	0.05314	0.03121	0.55634	0.04302	0.03711	0.02699	0.01350	0.01096	0.00337	0.00928	0.01096	0.01350	0.01856
13	0.02503	0.02372	0.02371	0.01774	0.02689	0.08899	0.01401	0.02960	0.02371	0.03435	0.01904	0.02222	0.01587	0.00850	0.00831	0.00177	0.00962	0.00653	0.00635	0.59403
14	0.01608	0.01083	0.01265	0.01298	0.01332	0.01083	0.00807	0.01675	0.01709	0.02267	0.03747	0.07824	0.04272	0.53859	0.05011	0.00983	0.01050	0.07712	0.00706	0.00706
15	0.03296	0.01475	0.01939	0.01611	0.02163	0.01316	0.01282	0.03763	0.02997	0.30162	0.22343	0.05367	0.05465	0.01658	0.01121	0.00328	0.00722	0.01403	0.10145	0.01444
16	0.01655	0.01020	0.01160	0.01227	0.01438	0.00965	0.00881	0.02035	0.02352	0.03560	0.11684	0.22957	0.11981	0.02250	0.01092	0.00339	0.00553	0.01949	0.29937	0.00965
17	0.02360	0.01201	0.01587	0.01588	0.01881	0.01092	0.01150	0.02641	0.02386	0.17263	0.05327	0.40349	0.05592	0.02664	0.01256	0.00397	0.00702	0.02370	0.07033	0.01161
18	0.03936	0.02126	0.02546	0.02059	0.02778	0.02140	0.01705	0.21212	0.03682	0.26182	0.03803	0.04432	0.02853	0.01536	0.01112	0.00346	0.00992	0.06880	0.08018	0.01662
19	0.02385	0.02385	0.03340	0.02863	0.02863	0.03340	0.02385	0.02624	0.01670	0.02624	0.01431	0.02385	0.01431	0.01908	0.03578	0.00477	0.59685	0.00954	0.00477	0.01193
20	0.03225	0.35429	0.11125	0.02348	0.03238	0.22440	0.02221	0.03666	0.02529	0.02713	0.01630	0.01894	0.01399	0.01012	0.00840	0.00264	0.01499	0.00652	0.00499	0.01379
21	0.07245	0.02321	0.07459	0.18093	0.07369	0.02199	0.02268	0.07159	0.07911	0.14623	0.09290	0.03688	0.03034	0.01325	0.01085	0.00348	0.01112	0.01110	0.00875	0.01486
22	0.02684	0.02674	0.08952	0.07838	0.03020	0.10386	0.01802	0.08803	0.02533	0.07477	0.02798	0.04456	0.02622	0.26052	0.02901	0.00627	0.01314	0.01173	0.00713	0.01176

[dist]
# distance from previous block
# <min> <max>
0	6

[block]
# block no. 2 follows, 12 sequences, length 30
# corresponding to MSA columns:
# 209-238
name=unknown_C
#
# <colnr> <probs for GDERKNQSTAVLIFYWHMCP>
#	G	D	E	R	K	N	Q	S	T	A	V	L	I	F	Y	W	H	M	C	P
0	0.02703	0.24629	0.03629	0.01839	0.02750	0.08674	0.01594	0.03115	0.02336	0.03090	0.01754	0.02039	0.01512	0.00889	0.00787	0.00201	0.01068	0.00629	0.00570	0.36192
1	0.01882	0.01518	0.02163	0.08134	0.02771	0.01572	0.05494	0.02811	0.10697	0.03865	0.23712	0.14822	0.06304	0.01984	0.01207	0.00360	0.00803	0.01786	0.06942	0.01173
2	0.01581	0.01077	0.01290	0.01290	0.01325	0.01112	0.00786	0.01650	0.01615	0.02189	0.03344	0.06626	0.03743	0.52124	0.14804	0.01181	0.01390	0.01511	0.00647	0.00717
3	0.02570	0.07879	0.02343	0.01868	0.02346	0.17375	0.01452	0.03367	0.10674	0.03482	0.13888	0.05154	0.12716	0.01671	0.01064	0.00315	0.01041	0.01327	0.08250	0.01218
4	0.01558	0.01168	0.01752	0.01752	0.01947	0.01363	0.01363	0.01947	0.01752	0.02531	0.02921	0.04283	0.02726	0.08178	0.57360	0.01752	0.02921	0.01168	0.00584	0.00974
5	0.49236	0.02030	0.01892	0.01592	0.02319	0.02183	0.01313	0.03864	0.02251	0.20744	0.02388	0.02377	0.01655	0.01118	0.00807	0.00337	0.00870	0.00749	0.00886	0.01392
6	0.04073	0.05197	0.03090	0.02809	0.03371	0.57303	0.02107	0.04354	0.03090	0.02669	0.01685	0.01966	0.01404	0.01124	0.00983	0.00281	0.01966	0.00702	0.00562	0.01264
7	0.02659	0.02389	0.04370	0.23521	0.21006	0.02482	0.15393	0.03383	0.02465	0.08285	0.02269	0.02930	0.01709	0.01035	0.01138	0.00350	0.01454	0.01064	0.00602	0.01497
8	0.04636	0.01975	0.02961	0.02233	0.03105	0.01730	0.07044	0.05113	0.03060	0.49881	0.04070	0.03626	0.02584	0.01302	0.01117	0.00341	0.01028	0.01117	0.01261	0.01813
9	0.04892	0.01856	0.02530	0.01940	0.02783	0.01603	0.01603	0.05314	0.03121	0.55634	0.04302	0.03711	0.02699	0.01350	0.01096	0.00337	0.00928	0.01096	0.01350	0.01856
10	0.01328	0.00949	0.01265	0.01518	0.01581	0.00886	0.01012	0.01518	0.02088	0.02783	0.06010	0.60969	0.07212	0.03416	0.01392	0.00443	0.00633	0.03100	0.01012	0.00886
11	0.08554	0.16106	0.28906	0.07859	0.04177	0.06613	0.02981	0.06795	0.02488	0.03532	0.01857	0.02201	0.01409	0.01044	0.00942	0.00318	0.01434	0.00763	0.00535	0.01487
12	0.01348	0.00964	0.01282	0.01505	0.01586	0.00898	0.01014	0.01566	0.02176	0.02925	0.10307	0.56269	0.07485	0.03310	0.01382	0.00434	0.00622	0.02999	0.01029	0.00898
13	0.01719	0.01009	0.01289	0.01289	0.01289	0.01009	0.00785	0.01514	0.01514	0.02019	0.02768	0.05481	0.03068	0.36614	0.04992	0.30163	0.01009	0.01309	0.00580	0.00580
14	0.06407	0.15167	0.40071	0.06771	0.04420	0.02834	0.03402	0.03357	0.02251	0.03337	0.01851	0.02215	0.01377	0.01020	0.00958	0.00326	0.01475	0.00765	0.00476	0.01519
15	0.02459	0.01545	0.02020	0.02155	0.06805	0.01565	0.01484	0.03272	0.10674	0.12587	0.04356	0.17356	0.04102	0.06583	0.06465	0.00543	0.01031	0.05365	0.08345	0.01287
16	0.09098	0.08693	0.10850	0.02287	0.03164	0.02866	0.02099	0.15014	0.20946	0.09282	0.03112	0.03025	0.02279	0.01270	0.01015	0.00338	0.01082	0.00982	0.00930	0.01669
17	0.01867	0.00957	0.01400	0.01400	0.01400	0.00957	0.00922	0.01435	0.01435	0.01913	0.02031	0.03654	0.02078	0.08929	0.04376	0.62307	0.00957	0.01004	0.00490	0.00490
18	0.02861	0.45868	0.15884	0.02201	0.03243	0.08364	0.02332	0.03395	0.02306	0.02757	0.01621	0.01881	0.01396	0.00970	0.00793	0.00260	0.01325	0.00639	0.00473	0.01432
19	0.09139	0.26275	0.27553	0.02385	0.03590	0.03117	0.02745	0.03510	0.02293	0.07509	0.01940	0.02158	0.01476	0.01020	0.00880	0.00302	0.01315	0.00725	0.00556	0.01510
20	0.01457	0.01025	0.01267	0.01409	0.01485	0.00982	0.00932	0.01608	0.01965	0.02587	0.05384	0.33540	0.09177	0.24880	0.02932	0.00670	0.00815	0.06190	0.00882	0.00815
21	0.01539	0.01272	0.01802	0.01607	0.01964	0.01146	0.05757	0.01985	0.02749	0.03675	0.30709	0.13154	0.23734	0.02385	0.01296	0.00363	0.00665	0.02116	0.01059	0.01023
22	0.63405	0.02152	0.01856	0.01905	0.06839	0.02459	0.01375	0.03218	0.01912	0.04773	0.01566	0.01854	0.01230	0.01009	0.00711	0.00336	0.00884	0.00625	0.00663	0.01230
23	0.02254	0.01567	0.01955	0.01962	0.02354	0.01630	0.01611	0.03419	0.16100	0.08561	0.09960	0.12360	0.05605	0.02400	0.01332	0.00432	0.00886	0.23259	0.01084	0.01271
24	0.02445	0.02495	0.08469	0.02303	0.07528	0.01831	0.01840	0.06828	0.02519	0.03813	0.02005	0.02333	0.01619	0.00888	0.00880	0.00210	0.00971	0.00720	0.00652	0.49650
25	0.04145	0.03054	0.03272	0.02509	0.03381	0.03381	0.02072	0.51243	0.05127	0.06872	0.02618	0.02618	0.01854	0.01309	0.01091	0.00327	0.01200	0.00982	0.01091	0.01854
26	0.02434	0.02191	0.02966	0.26673	0.09056	0.02579	0.02410	0.04320	0.27302	0.03727	0.03184	0.03464	0.02403	0.01273	0.01099	0.00363	0.01148	0.01100	0.00798	0.01508
27	0.02161	0.02031	0.03463	0.09724	0.27044	0.02025	0.07766	0.02701	0.02368	0.03234	0.03852	0.17555	0.07927	0.01735	0.01198	0.00365	0.01141	0.01644	0.00694	0.01371
28	0.04145	0.03054	0.03272	0.02509	0.03381	0.03381	0.02072	0.51243	0.05127	0.06872	0.02618	0.02618	0.01854	0.01309	0.01091	0.00327	0.01200	0.00982	0.01091	0.01854
29	0.10898	0.01879	0.02444	0.01893	0.02721	0.01681	0.01563	0.05117	0.03003	0.50909	0.04042	0.03531	0.02558	0.01318	0.01057	0.00337	0.00920	0.01049	0.01287	0.01793

[dist]
# distance from previous block
# <min> <max>
0	3

[block]
# block no. 3 follows, 12 sequences, length 16
# corresponding to MSA columns:
# 242-257
name=unknown_D
#
# <colnr> <probs for GDERKNQSTAVLIFYWHMCP>
#	G	D	E	R	K	N	Q	S	T	A	V	L	I	F	Y	W	H	M	C	P
0	0.02985	0.44876	0.08844	0.01928	0.02842	0.03542	0.01926	0.03430	0.02414	0.09471	0.06598	0.02608	0.02352	0.01109	0.00828	0.00265	0.01113	0.00788	0.00642	0.01440
1	0.08989	0.08037	0.23104	0.02461	0.03566	0.02271	0.06368	0.03588	0.02499	0.13639	0.07008	0.03048	0.02453	0.01162	0.01010	0.00319	0.01222	0.00952	0.00742	0.07564
2	0.03572	0.10575	0.13211	0.02538	0.03542	0.02731	0.06587	0.15300	0.07771	0.18821	0.02957	0.02916	0.02062	0.01204	0.01052	0.00329	0.01221	0.00981	0.00923	0.01707
3	0.02326	0.01504	0.01771	0.01583	0.02050	0.01459	0.01227	0.03303	0.13433	0.13275	0.23534	0.07098	0.18943	0.02051	0.01215	0.00354	0.00672	0.01744	0.01159	0.01296
4	0.02574	0.02941	0.06434	0.04596	0.05699	0.02757	0.50919	0.03493	0.02574	0.03493	0.02206	0.02941	0.01654	0.00919	0.01287	0.00368	0.01838	0.01287	0.00551	0.01471
5	0.03132	0.03490	0.18944	0.03127	0.08427	0.02668	0.07053	0.14867	0.12130	0.10786	0.02866	0.02954	0.02052	0.01199	0.01095	0.00345	0.01294	0.01015	0.00842	0.01714
6	0.02468	0.27523	0.36610	0.02628	0.03978	0.03220	0.03194	0.03380	0.02269	0.03110	0.01787	0.02089	0.01388	0.00996	0.00906	0.00302	0.01440	0.00720	0.00463	0.01530
7	0.02059	0.01938	0.03270	0.59060	0.07510	0.02422	0.03028	0.02786	0.02180	0.02786	0.01938	0.02907	0.01453	0.01090	0.01090	0.00363	0.01453	0.00969	0.00484	0.01211
8	0.02887	0.08041	0.03780	0.22177	0.04949	0.12228	0.11131	0.03454	0.02528	0.09522	0.02527	0.07388	0.02094	0.01270	0.01097	0.00341	0.01457	0.01131	0.00660	0.01340
9	0.15510	0.02880	0.14558	0.02370	0.03356	0.02162	0.06493	0.04401	0.07059	0.25754	0.03105	0.03012	0.02096	0.01192	0.01025	0.00345	0.01140	0.00970	0.00938	0.01634
10	0.02108	0.01147	0.01542	0.01610	0.01844	0.01042	0.01141	0.02348	0.02314	0.14344	0.05636	0.48445	0.06224	0.02964	0.01327	0.00420	0.00697	0.02662	0.01086	0.01098
11	0.01328	0.00949	0.01265	0.01518	0.01581	0.00886	0.01012	0.01518	0.02088	0.02783	0.06010	0.60969	0.07212	0.03416	0.01392	0.00443	0.00633	0.03100	0.01012	0.00886
12	0.03252	0.38767	0.09603	0.02235	0.03224	0.03424	0.06334	0.03750	0.02453	0.14335	0.02226	0.02333	0.01704	0.01032	0.00869	0.00278	0.01213	0.00777	0.00667	0.01524
13	0.02581	0.07845	0.07508	0.27341	0.18578	0.02607	0.07187	0.03282	0.02379	0.07302	0.02143	0.02777	0.01632	0.01048	0.01067	0.00339	0.01389	0.00962	0.00571	0.01462
14	0.04892	0.01856	0.02530	0.01940	0.02783	0.01603	0.01603	0.05314	0.03121	0.55634	0.04302	0.03711	0.02699	0.01350	0.01096	0.00337	0.00928	0.01096	0.01350	0.01856
15	0.03966	0.01783	0.02538	0.02461	0.09118	0.01596	0.01714	0.04373	0.02852	0.39437	0.04330	0.14035	0.03400	0.01679	0.01148	0.00355	0.00920	0.01446	0.01186	0.01662

[dist]
# distance from previous block
# <min> <max>
0	2

[block]
# block no. 4 follows, 12 sequences, length 44
# corresponding to MSA columns:
# 260-303
name=unknown_E
#
# <colnr> <probs for GDERKNQSTAVLIFYWHMCP>
#	G	D	E	R	K	N	Q	S	T	A	V	L	I	F	Y	W	H	M	C	P
0	0.03171	0.03559	0.22710	0.03871	0.19534	0.02387	0.03061	0.07694	0.02786	0.16699	0.02620	0.02798	0.01852	0.01116	0.01069	0.00335	0.01312	0.00943	0.00756	0.01727
1	0.02931	0.12187	0.04198	0.03938	0.20230	0.03030	0.07984	0.10885	0.15656	0.04127	0.02672	0.02911	0.02092	0.01137	0.01052	0.00327	0.01213	0.01014	0.00754	0.01663
2	0.69383	0.02109	0.01603	0.01434	0.02109	0.02446	0.01181	0.03205	0.01856	0.04892	0.01518	0.01771	0.01181	0.01012	0.00675	0.00337	0.00843	0.00590	0.00675	0.01181
3	0.01848	0.01171	0.01563	0.01498	0.01730	0.01156	0.01096	0.02200	0.02403	0.08160	0.23531	0.11413	0.06315	0.14466	0.15690	0.00824	0.01247	0.01727	0.00950	0.01013
4	0.01436	0.01110	0.01309	0.01259	0.01563	0.00983	0.00945	0.01850	0.02834	0.03773	0.36123	0.09132	0.28843	0.02453	0.01287	0.00354	0.00530	0.02110	0.01121	0.00983
5	0.02338	0.10443	0.25033	0.03193	0.11722	0.02566	0.02914	0.03526	0.09688	0.03432	0.02675	0.03535	0.02234	0.01878	0.06113	0.00472	0.01470	0.04629	0.00623	0.01516
6	0.14264	0.20321	0.03568	0.02330	0.03011	0.33992	0.01892	0.03871	0.02652	0.02998	0.01612	0.01876	0.01367	0.01054	0.00856	0.00277	0.01567	0.00652	0.00554	0.01288
7	0.01605	0.01144	0.01632	0.01632	0.01815	0.01303	0.01243	0.01970	0.01787	0.02637	0.03027	0.04522	0.02845	0.12398	0.47360	0.01549	0.02526	0.01192	0.06864	0.00949
8	0.03197	0.04190	0.24090	0.02740	0.03848	0.07812	0.02812	0.22848	0.09318	0.04872	0.02481	0.02601	0.01796	0.01204	0.01061	0.00335	0.01393	0.00916	0.00795	0.01690
9	0.58703	0.02001	0.01654	0.01464	0.02112	0.02258	0.01197	0.03248	0.02056	0.08393	0.06514	0.02487	0.02115	0.01146	0.00760	0.00338	0.00819	0.00751	0.00770	0.01214
10	0.01830	0.06735	0.01807	0.01421	0.01619	0.01285	0.01049	0.01805	0.02105	0.02822	0.19102	0.05265	0.08702	0.02948	0.02754	0.35093	0.00800	0.01344	0.00745	0.00771
11	0.02059	0.01938	0.03270	0.59060	0.07510	0.02422	0.03028	0.02786	0.02180	0.02786	0.01938	0.02907	0.01453	0.01090	0.01090	0.00363	0.01453	0.00969	0.00484	0.01211
12	0.01991	0.01783	0.03023	0.08362	0.13731	0.01753	0.09592	0.02617	0.02797	0.03919	0.30456	0.05716	0.06342	0.01658	0.01226	0.00345	0.00972	0.01565	0.00895	0.01259
13	0.14349	0.02688	0.02810	0.02243	0.03038	0.02979	0.01834	0.32222	0.12623	0.09978	0.02886	0.02817	0.02065	0.01294	0.01028	0.00337	0.01064	0.00971	0.01048	0.01725
14	0.02958	0.02127	0.02670	0.02789	0.11903	0.02221	0.01804	0.20810	0.03274	0.08351	0.03355	0.12962	0.03189	0.14157	0.02066	0.00498	0.01076	0.01452	0.00909	0.01428
15	0.02975	0.12213	0.03860	0.13367	0.18589	0.07891	0.02523	0.11183	0.09770	0.03846	0.02330	0.02693	0.01838	0.01122	0.01018	0.00319	0.01288	0.00923	0.00685	0.01564
16	0.69383	0.02109	0.01603	0.01434	0.02109	0.02446	0.01181	0.03205	0.01856	0.04892	0.01518	0.01771	0.01181	0.01012	0.00675	0.00337	0.00843	0.00590	0.00675	0.01181
17	0.02724	0.02072	0.03230	0.34479	0.13540	0.02340	0.02681	0.03656	0.08224	0.12253	0.02652	0.03147	0.01927	0.01161	0.01092	0.00353	0.01270	0.01022	0.00715	0.01462
18	0.02216	0.02419	0.08273	0.42144	0.18013	0.02471	0.03190	0.02973	0.02260	0.03022	0.01965	0.02805	0.01509	0.01058	0.01083	0.00353	0.01432	0.00955	0.00495	0.01364
19	0.01586	0.01057	0.01189	0.01189	0.01189	0.01057	0.00661	0.01586	0.01586	0.02114	0.03436	0.07135	0.03964	0.61681	0.05550	0.01057	0.01057	0.01586	0.00661	0.00661
20	0.02396	0.02303	0.04049	0.22704	0.29414	0.02436	0.08573	0.03087	0.02399	0.03280	0.02367	0.03655	0.02040	0.01187	0.01145	0.00357	0.01382	0.05191	0.00565	0.01468
21	0.01331	0.01106	0.01164	0.01149	0.01499	0.00939	0.00862	0.01648	0.02586	0.03185	0.18318	0.10099	0.47014	0.02672	0.01288	0.00364	0.00546	0.02246	0.01044	0.00939
22	0.10306	0.03407	0.16144	0.08561	0.24953	0.06940	0.03011	0.03585	0.06340	0.03636	0.02116	0.02561	0.01660	0.01053	0.01018	0.00334	0.01351	0.00887	0.00578	0.01560
23	0.30246	0.25436	0.03504	0.08351	0.03109	0.08148	0.01740	0.03284	0.02143	0.03557	0.01581	0.01911	0.01316	0.01001	0.00760	0.00295	0.01139	0.00641	0.00563	0.01276
24	0.15821	0.01801	0.02124	0.01758	0.02420	0.01764	0.01417	0.04289	0.08606	0.29524	0.14419	0.04336	0.04103	0.01489	0.01060	0.00342	0.00817	0.01205	0.01166	0.01541
25	0.02562	0.02211	0.02464	0.07465	0.03180	0.02557	0.01794	0.05228	0.44369	0.04381	0.08009	0.04271	0.03684	0.01500	0.01121	0.00367	0.00892	0.01264	0.01058	0.01625
26	0.01394	0.00999	0.01324	0.01474	0.01596	0.00929	0.01017	0.01683	0.02392	0.03269	0.20753	0.44843	0.08151	0.03054	0.01359	0.00412	0.00597	0.02755	0.01070	0.00929
27	0.01707	0.01014	0.01281	0.01281	0.01281	0.01014	0.00774	0.01520	0.01520	0.02027	0.02826	0.05626	0.03146	0.38805	0.05041	0.27618	0.01014	0.01333	0.00587	0.00587
28	0.03542	0.03869	0.02860	0.02548	0.03160	0.30706	0.01953	0.09294	0.22965	0.03808	0.02860	0.02858	0.02207	0.01281	0.01043	0.00320	0.01459	0.00938	0.00828	0.01502
29	0.01429	0.01085	0.01323	0.01369	0.01618	0.00979	0.01018	0.01791	0.02618	0.03459	0.25388	0.21228	0.23646	0.02734	0.01328	0.00387	0.00593	0.05970	0.01081	0.00959
30	0.02473	0.02305	0.08468	0.02392	0.06823	0.02021	0.01922	0.08058	0.15582	0.07724	0.15945	0.05741	0.08255	0.01766	0.01186	0.00363	0.00929	0.05588	0.01008	0.01450
31	0.03427	0.35301	0.09368	0.02141	0.03082	0.08386	0.02061	0.08227	0.02739	0.12725	0.02183	0.02259	0.01677	0.01071	0.00866	0.00276	0.01240	0.00745	0.00694	0.01532
32	0.07609	0.01862	0.02630	0.25235	0.08549	0.01951	0.02087	0.02832	0.02248	0.06695	0.03022	0.03707	0.06687	0.05192	0.01311	0.00361	0.01112	0.01045	0.00657	0.15208
33	0.02942	0.22088	0.13011	0.02492	0.03462	0.03317	0.05977	0.12826	0.15606	0.04087	0.02585	0.02680	0.01987	0.01157	0.00977	0.00314	0.01222	0.00912	0.00750	0.01607
34	0.69383	0.02109	0.01603	0.01434	0.02109	0.02446	0.01181	0.03205	0.01856	0.04892	0.01518	0.01771	0.01181	0.01012	0.00675	0.00337	0.00843	0.00590	0.00675	0.01181
35	0.02881	0.18372	0.13287	0.02744	0.07423	0.11696	0.02370	0.04313	0.19139	0.03483	0.02631	0.02726	0.02060	0.01165	0.00972	0.00314	0.01284	0.00888	0.00699	0.01551
36	0.02618	0.02180	0.03590	0.05171	0.38915	0.02143	0.02697	0.03149	0.02460	0.08254	0.03086	0.14938	0.02961	0.01516	0.01146	0.00350	0.01123	0.01427	0.00714	0.01564
37	0.01720	0.01362	0.01579	0.01575	0.01861	0.01405	0.01147	0.02654	0.14308	0.03336	0.11683	0.20777	0.15512	0.08561	0.06908	0.00578	0.00911	0.02042	0.00984	0.01097
38	0.69383	0.02109	0.01603	0.01434	0.02109	0.02446	0.01181	0.03205	0.01856	0.04892	0.01518	0.01771	0.01181	0.01012	0.00675	0.00337	0.00843	0.00590	0.00675	0.01181
39	0.02574	0.02941	0.06434	0.04596	0.05699	0.02757	0.50919	0.03493	0.02574	0.03493	0.02206	0.02941	0.01654	0.00919	0.01287	0.00368	0.01838	0.01287	0.00551	0.01471
40	0.04892	0.01856	0.02530	0.01940	0.02783	0.01603	0.01603	0.05314	0.03121	0.55634	0.04302	0.03711	0.02699	0.01350	0.01096	0.00337	0.00928	0.01096	0.01350	0.01856
41	0.02871	0.01408	0.01883	0.01597	0.02087	0.01256	0.01256	0.03349	0.03100	0.24695	0.34481	0.06387	0.07279	0.01880	0.01211	0.00341	0.00678	0.01625	0.01259	0.01357
42	0.01955	0.01650	0.02416	0.19607	0.08396	0.01805	0.01983	0.02841	0.08441	0.03752	0.24186	0.05905	0.05715	0.01742	0.01204	0.00363	0.00949	0.04967	0.00897	0.01226
43	0.01528	0.01052	0.01187	0.01210	0.01258	0.01025	0.00713	0.01577	0.01736	0.02272	0.04551	0.12540	0.10071	0.49474	0.04672	0.00921	0.00959	0.01809	0.00734	0.00712

[dist]
# distance from previous block
# <min> <max>
0	109

# created by:
# /st0/software/busco_prod/Augustus/scripts/msa2prfl.pl ./align_prep/8898.fa
