[name]
unknown

[dist]
# distance from previous block
# <min> <max>
0	108

[block]
# block no. 0 follows, 14 sequences, length 8
# corresponding to MSA columns:
# 112-119
name=unknown_A
#
# <colnr> <probs for GDERKNQSTAVLIFYWHMCP>
#	G	D	E	R	K	N	Q	S	T	A	V	L	I	F	Y	W	H	M	C	P
0	0.02856	0.58408	0.05123	0.01847	0.02689	0.09802	0.01779	0.03178	0.02170	0.02424	0.01443	0.01667	0.01317	0.00896	0.00686	0.00224	0.01175	0.00560	0.00448	0.01304
1	0.01390	0.01020	0.01460	0.01575	0.01711	0.01090	0.01173	0.01687	0.01831	0.02530	0.04143	0.29058	0.04550	0.05495	0.31469	0.01055	0.01729	0.05404	0.00745	0.00884
2	0.03290	0.02610	0.02939	0.02374	0.02979	0.03047	0.01945	0.33721	0.14444	0.05211	0.02582	0.02695	0.01944	0.01380	0.01508	0.00345	0.13512	0.00966	0.00912	0.01594
3	0.53667	0.07640	0.02099	0.01581	0.02247	0.06802	0.01314	0.08168	0.02167	0.04447	0.01543	0.01758	0.01207	0.00982	0.00697	0.00304	0.00931	0.00599	0.00649	0.01198
4	0.02372	0.02509	0.04990	0.14802	0.20809	0.02495	0.30264	0.03132	0.02333	0.03191	0.01990	0.02696	0.01544	0.00907	0.01122	0.00333	0.01519	0.01073	0.00505	0.01412
5	0.02869	0.48985	0.04895	0.02417	0.09228	0.11522	0.01953	0.03223	0.02228	0.02539	0.01508	0.01780	0.01354	0.00907	0.00738	0.00236	0.01215	0.00608	0.00459	0.01336
6	0.01308	0.00917	0.01174	0.01356	0.01401	0.00872	0.00874	0.01444	0.01853	0.02471	0.05083	0.49895	0.06065	0.17571	0.02235	0.00553	0.00690	0.02580	0.00874	0.00783
7	0.02409	0.02379	0.10449	0.33007	0.05191	0.02264	0.02545	0.03627	0.14222	0.09689	0.02619	0.02993	0.01894	0.01130	0.01024	0.00338	0.01205	0.00961	0.00682	0.01373

[dist]
# distance from previous block
# <min> <max>
0	2

[block]
# block no. 1 follows, 14 sequences, length 11
# corresponding to MSA columns:
# 122-132
name=unknown_B
#
# <colnr> <probs for GDERKNQSTAVLIFYWHMCP>
#	G	D	E	R	K	N	Q	S	T	A	V	L	I	F	Y	W	H	M	C	P
0	0.17711	0.02319	0.03623	0.04726	0.36923	0.02356	0.07016	0.03263	0.02257	0.07502	0.01983	0.02436	0.01572	0.00944	0.00951	0.00312	0.01146	0.00870	0.00591	0.01500
1	0.02608	0.03058	0.17033	0.02828	0.08986	0.08562	0.07125	0.03419	0.07003	0.10905	0.02936	0.10351	0.02559	0.06338	0.01389	0.00383	0.01237	0.01202	0.00711	0.01366
2	0.02013	0.01770	0.02837	0.13515	0.26486	0.01874	0.02181	0.02445	0.01973	0.02741	0.02364	0.03849	0.02254	0.17811	0.10973	0.00688	0.01419	0.01087	0.00534	0.01185
3	0.01411	0.01005	0.01345	0.01415	0.01504	0.01058	0.00975	0.01605	0.01693	0.02328	0.03763	0.22400	0.04185	0.24274	0.25159	0.01077	0.01554	0.01762	0.00692	0.00798
4	0.02554	0.02318	0.02305	0.02092	0.02631	0.07077	0.01621	0.05001	0.46300	0.03968	0.03832	0.03687	0.02932	0.01960	0.06586	0.00464	0.01079	0.01114	0.00956	0.01522
5	0.02540	0.02438	0.04165	0.06299	0.57533	0.02438	0.03149	0.03149	0.02337	0.03353	0.01930	0.02540	0.01626	0.00914	0.01016	0.00305	0.01219	0.00914	0.00508	0.01626
6	0.43799	0.01887	0.01867	0.01545	0.02246	0.01976	0.01275	0.03833	0.02236	0.26667	0.02506	0.02418	0.01699	0.01083	0.00798	0.00318	0.00826	0.00752	0.00896	0.01373
7	0.03356	0.21409	0.09611	0.02303	0.03155	0.14752	0.02096	0.23852	0.03363	0.04155	0.01921	0.02072	0.01489	0.01067	0.00894	0.00275	0.01306	0.00745	0.00693	0.01485
8	0.01321	0.00944	0.01272	0.01510	0.01600	0.00895	0.01076	0.01551	0.02035	0.02699	0.05617	0.54184	0.06632	0.03148	0.01329	0.00427	0.00657	0.11299	0.00951	0.00853
9	0.02180	0.02071	0.03516	0.39250	0.27392	0.02344	0.02971	0.02834	0.02167	0.02916	0.01867	0.02657	0.01472	0.00981	0.01022	0.00327	0.01308	0.00913	0.00477	0.01336
10	0.25656	0.02143	0.03309	0.23598	0.08973	0.02372	0.13891	0.02950	0.02055	0.03506	0.01755	0.02364	0.01344	0.00955	0.00934	0.00332	0.01243	0.00859	0.00535	0.01225

[dist]
# distance from previous block
# <min> <max>
0	1

[block]
# block no. 2 follows, 14 sequences, length 60
# corresponding to MSA columns:
# 134-193
name=unknown_C
#
# <colnr> <probs for GDERKNQSTAVLIFYWHMCP>
#	G	D	E	R	K	N	Q	S	T	A	V	L	I	F	Y	W	H	M	C	P
0	0.03664	0.01956	0.02354	0.01946	0.02642	0.01987	0.01561	0.05208	0.27114	0.33513	0.04107	0.03647	0.02812	0.01326	0.01038	0.00332	0.00845	0.01091	0.01167	0.01690
1	0.03419	0.10054	0.03324	0.07331	0.10634	0.42654	0.02179	0.03766	0.02691	0.02622	0.01634	0.01987	0.01365	0.01019	0.00919	0.00271	0.01659	0.00702	0.00512	0.01256
2	0.01473	0.00994	0.01162	0.01206	0.01228	0.00987	0.00727	0.01525	0.01605	0.02135	0.03666	0.13866	0.04239	0.52714	0.04508	0.00892	0.00943	0.04780	0.00682	0.00668
3	0.07910	0.11084	0.03145	0.10794	0.03504	0.06798	0.01945	0.24647	0.12175	0.04598	0.02384	0.02523	0.01791	0.01149	0.00945	0.00305	0.01132	0.00867	0.00806	0.01497
4	0.37510	0.10242	0.02640	0.02226	0.07531	0.13501	0.01646	0.03192	0.02047	0.03633	0.01498	0.01832	0.01245	0.01035	0.00972	0.00306	0.06542	0.00639	0.00563	0.01200
5	0.04373	0.02118	0.02611	0.02002	0.02805	0.02059	0.01654	0.21156	0.03558	0.41212	0.03527	0.03154	0.02279	0.01258	0.01030	0.00314	0.00957	0.00996	0.01190	0.01746
6	0.03833	0.04891	0.02908	0.02644	0.03173	0.59815	0.01983	0.04098	0.02908	0.02512	0.01586	0.01851	0.01322	0.01058	0.00925	0.00264	0.01851	0.00661	0.00529	0.01190
7	0.01288	0.00920	0.01234	0.01472	0.01548	0.00866	0.01018	0.01494	0.02002	0.02662	0.05635	0.58446	0.06705	0.03180	0.01320	0.00422	0.00628	0.07365	0.00952	0.00844
8	0.03151	0.03653	0.27793	0.02468	0.03579	0.02383	0.02650	0.16323	0.06589	0.17210	0.02677	0.02667	0.01828	0.01136	0.01006	0.00321	0.01221	0.00891	0.00819	0.01635
9	0.65169	0.02244	0.01633	0.01465	0.02091	0.07438	0.01189	0.03113	0.01850	0.04417	0.01443	0.01683	0.01130	0.00962	0.00661	0.00313	0.00888	0.00565	0.00626	0.01118
10	0.01674	0.01111	0.01366	0.01265	0.01590	0.00988	0.00962	0.02082	0.02737	0.08756	0.37987	0.07944	0.23339	0.02172	0.01194	0.00329	0.00531	0.01873	0.01089	0.01010
11	0.03094	0.02457	0.02630	0.02152	0.02868	0.02711	0.01726	0.26169	0.28614	0.05140	0.03213	0.03077	0.02380	0.01263	0.01009	0.00312	0.00944	0.01005	0.00995	0.08243
12	0.01304	0.00927	0.01231	0.01453	0.01526	0.00877	0.00999	0.01500	0.01973	0.02623	0.05481	0.54734	0.06509	0.07025	0.01568	0.00459	0.00654	0.07395	0.00931	0.00831
13	0.01492	0.00995	0.01119	0.01119	0.01119	0.00995	0.00622	0.01492	0.01492	0.01990	0.03233	0.06716	0.03731	0.63935	0.05223	0.00995	0.00995	0.01492	0.00622	0.00622
14	0.71184	0.01985	0.01508	0.01350	0.01985	0.02302	0.01111	0.03017	0.01746	0.04604	0.01429	0.01667	0.01111	0.00953	0.00635	0.00318	0.00794	0.00556	0.00635	0.01111
15	0.09435	0.01952	0.02433	0.01880	0.02666	0.01846	0.01552	0.13033	0.03163	0.45634	0.03590	0.03186	0.02302	0.01240	0.01002	0.00316	0.00910	0.00979	0.01182	0.01699
16	0.02122	0.19061	0.02613	0.01661	0.02047	0.11858	0.01302	0.02348	0.02151	0.02501	0.04026	0.25444	0.08883	0.07806	0.01421	0.00384	0.00978	0.01676	0.00708	0.01011
17	0.02483	0.01405	0.01698	0.01574	0.01940	0.01382	0.01185	0.11095	0.02670	0.14536	0.04369	0.30034	0.04318	0.02117	0.01096	0.00345	0.00717	0.01840	0.14007	0.01190
18	0.02433	0.03486	0.25648	0.02787	0.08476	0.02410	0.02641	0.10872	0.16472	0.04067	0.07822	0.03200	0.02670	0.01221	0.01027	0.00326	0.01153	0.01005	0.00749	0.01534
19	0.19083	0.24415	0.08026	0.02227	0.06668	0.10342	0.01876	0.05934	0.02255	0.03307	0.01674	0.02008	0.01406	0.01456	0.05160	0.00375	0.01290	0.00670	0.00542	0.01284
20	0.04604	0.01746	0.02382	0.01826	0.02620	0.01508	0.01508	0.05001	0.02937	0.58244	0.04049	0.03493	0.02540	0.01270	0.01032	0.00318	0.00873	0.01032	0.01270	0.01746
21	0.02673	0.21462	0.03542	0.02719	0.12928	0.10588	0.01896	0.07017	0.09506	0.03283	0.06204	0.03428	0.08156	0.01259	0.00932	0.00285	0.01090	0.00991	0.00682	0.01360
22	0.01492	0.00995	0.01119	0.01119	0.01119	0.00995	0.00622	0.01492	0.01492	0.01990	0.03233	0.06716	0.03731	0.63935	0.05223	0.00995	0.00995	0.01492	0.00622	0.00622
23	0.02201	0.01847	0.02351	0.09347	0.08962	0.02026	0.01744	0.06739	0.22857	0.04067	0.20908	0.04732	0.04823	0.01518	0.01092	0.00332	0.00835	0.01317	0.00942	0.01359
24	0.66671	0.02179	0.01602	0.01436	0.02064	0.06155	0.01170	0.03089	0.01824	0.04464	0.01439	0.01679	0.01125	0.00960	0.00655	0.00314	0.00865	0.00563	0.00628	0.01117
25	0.04345	0.01891	0.02438	0.01899	0.02675	0.01758	0.01559	0.09430	0.08156	0.48455	0.03919	0.03433	0.02526	0.01278	0.01033	0.00320	0.00890	0.01035	0.01227	0.01735
26	0.03327	0.24270	0.03742	0.02356	0.02951	0.36191	0.01933	0.03609	0.02513	0.02476	0.01511	0.01820	0.01323	0.01067	0.01065	0.00267	0.07216	0.00646	0.00492	0.01225
27	0.01250	0.00893	0.01191	0.01429	0.01488	0.00834	0.00953	0.01429	0.01965	0.02620	0.05656	0.63265	0.06787	0.03215	0.01310	0.00417	0.00595	0.02917	0.00953	0.00834
28	0.02982	0.02902	0.07770	0.19817	0.04523	0.08052	0.05630	0.23606	0.07003	0.04357	0.02238	0.02576	0.01643	0.01122	0.01026	0.00320	0.01314	0.00917	0.00734	0.01466
29	0.08583	0.04021	0.02602	0.02363	0.02883	0.44775	0.01782	0.03867	0.02742	0.08010	0.02174	0.07479	0.01911	0.01263	0.00949	0.00287	0.01568	0.00890	0.00645	0.01205
30	0.04604	0.01746	0.02382	0.01826	0.02620	0.01508	0.01508	0.05001	0.02937	0.58244	0.04049	0.03493	0.02540	0.01270	0.01032	0.00318	0.00873	0.01032	0.01270	0.01746
31	0.03230	0.37952	0.04277	0.02152	0.02874	0.28919	0.01857	0.03530	0.02452	0.02458	0.01498	0.01737	0.01319	0.00958	0.00777	0.00240	0.01433	0.00599	0.00479	0.01260
32	0.01248	0.00904	0.01180	0.01400	0.01481	0.00836	0.00940	0.01432	0.01993	0.02631	0.06008	0.59297	0.10528	0.03169	0.01303	0.00412	0.00590	0.02862	0.00953	0.00836
33	0.32878	0.03826	0.33156	0.02223	0.03346	0.02347	0.02597	0.03146	0.01979	0.03854	0.01658	0.01944	0.01216	0.00965	0.00823	0.00322	0.01194	0.00668	0.00523	0.01336
34	0.02908	0.02578	0.04169	0.03120	0.03942	0.02625	0.24945	0.24826	0.03394	0.04566	0.02692	0.10246	0.02295	0.01318	0.01144	0.00339	0.01330	0.01303	0.00791	0.01470
35	0.19245	0.01472	0.01629	0.01398	0.01908	0.01455	0.01116	0.03265	0.02467	0.21238	0.14857	0.04045	0.03783	0.01359	0.00905	0.00301	0.00680	0.01081	0.16551	0.01245
36	0.03404	0.16218	0.10381	0.02511	0.03230	0.42056	0.02167	0.03797	0.02659	0.02586	0.01588	0.01852	0.01318	0.01013	0.00881	0.00264	0.01666	0.00652	0.00500	0.01255
37	0.01342	0.00951	0.01251	0.01395	0.01461	0.00945	0.00932	0.01511	0.01804	0.02436	0.04616	0.40422	0.05383	0.17896	0.11961	0.00755	0.01046	0.02288	0.00810	0.00799
38	0.02213	0.04136	0.38500	0.02590	0.03745	0.02342	0.02984	0.06786	0.13604	0.03622	0.02687	0.07565	0.02166	0.01264	0.01020	0.00336	0.01268	0.01031	0.00642	0.01498
39	0.38295	0.05812	0.02182	0.02173	0.10068	0.07551	0.01439	0.02865	0.01915	0.03626	0.01843	0.02723	0.01691	0.12338	0.01548	0.00427	0.01008	0.00787	0.00593	0.01117
40	0.04140	0.01850	0.02368	0.01885	0.02631	0.01745	0.01535	0.05103	0.14868	0.46040	0.04078	0.03569	0.02674	0.01298	0.01035	0.00324	0.00859	0.01061	0.01219	0.01719
41	0.02710	0.45174	0.04330	0.01805	0.02547	0.13169	0.01654	0.03018	0.02263	0.02483	0.02745	0.02866	0.09348	0.01156	0.00784	0.00245	0.01144	0.00801	0.00528	0.01230
42	0.01362	0.00940	0.01158	0.01287	0.01319	0.00908	0.00801	0.01458	0.01748	0.02330	0.04542	0.37266	0.05382	0.31132	0.03109	0.00683	0.00779	0.02262	0.00801	0.00736
43	0.02926	0.02407	0.02660	0.02457	0.06629	0.02719	0.01821	0.18802	0.37849	0.04831	0.03545	0.03360	0.02643	0.01314	0.01037	0.00334	0.00929	0.01078	0.01002	0.01658
44	0.08807	0.19713	0.08897	0.02487	0.03251	0.30401	0.06650	0.03596	0.02490	0.02797	0.01600	0.01895	0.01322	0.00978	0.00864	0.00270	0.01530	0.00682	0.00505	0.01264
45	0.04604	0.01746	0.02382	0.01826	0.02620	0.01508	0.01508	0.05001	0.02937	0.58244	0.04049	0.03493	0.02540	0.01270	0.01032	0.00318	0.00873	0.01032	0.01270	0.01746
46	0.02310	0.02538	0.01875	0.01745	0.02128	0.23794	0.01309	0.02645	0.02746	0.03113	0.22324	0.06031	0.19822	0.01835	0.01100	0.00307	0.01025	0.01479	0.00846	0.01025
47	0.01250	0.00893	0.01191	0.01429	0.01488	0.00834	0.00953	0.01429	0.01965	0.02620	0.05656	0.63265	0.06787	0.03215	0.01310	0.00417	0.00595	0.02917	0.00953	0.00834
48	0.02903	0.03598	0.24597	0.02676	0.03747	0.02571	0.07535	0.17700	0.11292	0.09209	0.02594	0.02682	0.01842	0.01126	0.01028	0.00325	0.01264	0.00934	0.00774	0.01604
49	0.65640	0.02224	0.01624	0.01456	0.02082	0.07036	0.01183	0.03106	0.01842	0.04432	0.01442	0.01682	0.01129	0.00961	0.00659	0.00313	0.00881	0.00564	0.00626	0.01118
50	0.04408	0.01790	0.02376	0.01851	0.02624	0.01608	0.01519	0.05044	0.07987	0.53078	0.04061	0.03525	0.02597	0.01282	0.01033	0.00320	0.00867	0.01044	0.01249	0.01735
51	0.01434	0.01186	0.01623	0.01532	0.01823	0.01083	0.05836	0.01720	0.02146	0.02702	0.07004	0.17902	0.28119	0.12787	0.01923	0.00482	0.00778	0.08186	0.00856	0.00878
52	0.01426	0.01026	0.01357	0.01375	0.01576	0.00957	0.01026	0.01841	0.02648	0.03691	0.41017	0.20330	0.08704	0.02411	0.01251	0.00357	0.00550	0.06446	0.01074	0.00936
53	0.03367	0.02951	0.02757	0.02303	0.02982	0.12371	0.01829	0.26922	0.24216	0.04966	0.02982	0.02891	0.02212	0.01265	0.01017	0.00316	0.01126	0.00972	0.00950	0.01606
54	0.19084	0.03791	0.02629	0.02289	0.02906	0.34366	0.01779	0.14838	0.03066	0.03854	0.01743	0.01944	0.01367	0.01072	0.00882	0.00286	0.01453	0.00695	0.00662	0.01294
55	0.04455	0.01780	0.02377	0.01845	0.02623	0.01584	0.01517	0.05034	0.06780	0.54313	0.04058	0.03517	0.02583	0.01279	0.01033	0.00320	0.00869	0.01041	0.01254	0.01738
56	0.02715	0.02967	0.04915	0.09208	0.09885	0.10835	0.32808	0.07515	0.02649	0.03384	0.02001	0.02587	0.01528	0.00942	0.01120	0.00327	0.01618	0.01054	0.00556	0.01387
57	0.01705	0.01319	0.01373	0.01417	0.01502	0.05832	0.00951	0.01775	0.01780	0.02250	0.03589	0.13985	0.04054	0.36333	0.03700	0.07406	0.00997	0.08621	0.00687	0.00726
58	0.06747	0.19288	0.03362	0.06953	0.13096	0.07657	0.01894	0.06054	0.02483	0.03309	0.11234	0.08040	0.03237	0.01334	0.00944	0.00294	0.01047	0.01091	0.00668	0.01267
59	0.07534	0.11399	0.15791	0.19343	0.10257	0.08003	0.02660	0.07644	0.02418	0.03291	0.01793	0.02258	0.01384	0.00999	0.00927	0.00306	0.01331	0.00781	0.00525	0.01357

[dist]
# distance from previous block
# <min> <max>
1	2

[block]
# block no. 3 follows, 14 sequences, length 23
# corresponding to MSA columns:
# 196-218
name=unknown_D
#
# <colnr> <probs for GDERKNQSTAVLIFYWHMCP>
#	G	D	E	R	K	N	Q	S	T	A	V	L	I	F	Y	W	H	M	C	P
0	0.02961	0.11132	0.03508	0.03482	0.20594	0.10146	0.02206	0.15131	0.08254	0.03989	0.06628	0.02855	0.02374	0.01144	0.00977	0.00294	0.01164	0.00935	0.00724	0.01501
1	0.01582	0.01104	0.01197	0.01156	0.01528	0.00933	0.00872	0.01850	0.02374	0.08749	0.09330	0.13479	0.47178	0.02505	0.01201	0.00349	0.00564	0.02104	0.00987	0.00959
2	0.02694	0.08058	0.20036	0.02762	0.06561	0.08716	0.06259	0.04141	0.19036	0.07443	0.02696	0.02775	0.02004	0.01117	0.00992	0.00318	0.01254	0.00920	0.00706	0.01513
3	0.58380	0.08973	0.02039	0.01497	0.02150	0.07116	0.01251	0.03110	0.01876	0.04200	0.01441	0.01680	0.01150	0.00953	0.00661	0.00303	0.00912	0.00563	0.00605	0.01140
4	0.04167	0.02449	0.02816	0.02159	0.02970	0.02550	0.01784	0.35568	0.04112	0.26017	0.03062	0.02852	0.02045	0.01246	0.01029	0.00312	0.01033	0.00965	0.01119	0.01746
5	0.02744	0.64552	0.05378	0.01756	0.02634	0.04061	0.01756	0.03073	0.02085	0.02414	0.01427	0.01646	0.01317	0.00878	0.00658	0.00219	0.01097	0.00549	0.00439	0.01317
6	0.01673	0.00930	0.01255	0.01255	0.01255	0.00930	0.00790	0.01396	0.01396	0.01861	0.02330	0.04477	0.02518	0.26360	0.04469	0.44034	0.00930	0.01118	0.00512	0.00512
7	0.03011	0.02432	0.02579	0.02181	0.02843	0.02767	0.01735	0.22004	0.38381	0.05033	0.03594	0.03364	0.02661	0.01338	0.01038	0.00334	0.00920	0.01080	0.01038	0.01665
8	0.02660	0.53694	0.09214	0.02116	0.03056	0.03784	0.07520	0.03109	0.02127	0.02568	0.01526	0.01804	0.01342	0.00883	0.00741	0.00241	0.01195	0.00635	0.00447	0.01338
9	0.01952	0.01160	0.01532	0.01376	0.01706	0.01054	0.01054	0.02423	0.02910	0.12703	0.48593	0.07004	0.08550	0.01967	0.01182	0.00322	0.00546	0.01725	0.01152	0.01092
10	0.01281	0.01009	0.01156	0.01190	0.01446	0.00884	0.00866	0.01579	0.02396	0.03073	0.20958	0.21324	0.33968	0.02612	0.01234	0.00356	0.00528	0.02257	0.00997	0.00884
11	0.01332	0.00997	0.01212	0.01252	0.01451	0.00903	0.00889	0.01632	0.02376	0.03165	0.25617	0.24536	0.21051	0.06995	0.01528	0.00405	0.00563	0.02225	0.00994	0.00877
12	0.01938	0.01824	0.03078	0.61468	0.07068	0.02280	0.02850	0.02622	0.02052	0.02622	0.01824	0.02736	0.01368	0.01026	0.01026	0.00342	0.01368	0.00912	0.00456	0.01140
13	0.02487	0.02420	0.04240	0.10152	0.49631	0.02439	0.07236	0.03122	0.02323	0.03294	0.01934	0.02573	0.01601	0.00918	0.01033	0.00311	0.01271	0.00938	0.00505	0.01571
14	0.02744	0.64552	0.05378	0.01756	0.02634	0.04061	0.01756	0.03073	0.02085	0.02414	0.01427	0.01646	0.01317	0.00878	0.00658	0.00219	0.01097	0.00549	0.00439	0.01317
15	0.01390	0.01047	0.01286	0.01226	0.01495	0.00942	0.00920	0.01817	0.02759	0.03768	0.44943	0.08237	0.21948	0.02228	0.01211	0.00329	0.00493	0.01936	0.01084	0.00942
16	0.02338	0.02844	0.08257	0.02917	0.03575	0.14409	0.20911	0.02895	0.02383	0.02928	0.03118	0.18821	0.03151	0.01666	0.01170	0.00354	0.01388	0.05040	0.00657	0.01179
17	0.02568	0.10578	0.03725	0.03587	0.19550	0.02393	0.09747	0.03480	0.10429	0.07964	0.03032	0.04352	0.02648	0.01350	0.01074	0.00337	0.01137	0.09888	0.00724	0.01436
18	0.25452	0.02355	0.08101	0.02603	0.10184	0.02165	0.05662	0.07541	0.02381	0.11493	0.02416	0.03122	0.01933	0.01595	0.04823	0.00417	0.01171	0.04501	0.00727	0.01357
19	0.01274	0.00939	0.01199	0.01397	0.01518	0.00865	0.00975	0.01488	0.02058	0.02679	0.06443	0.50396	0.15257	0.03083	0.01301	0.00409	0.00608	0.06312	0.00952	0.00847
20	0.01913	0.00956	0.00956	0.00956	0.01196	0.00956	0.00717	0.02391	0.02152	0.03826	0.03348	0.03826	0.02630	0.01196	0.00717	0.00239	0.00478	0.00956	0.69632	0.00956
21	0.07974	0.01980	0.02964	0.12463	0.19618	0.01958	0.02181	0.03946	0.02541	0.29653	0.02897	0.02970	0.01990	0.01105	0.01000	0.00318	0.01048	0.00947	0.00874	0.01574
22	0.01709	0.01590	0.01707	0.06163	0.05555	0.07468	0.01334	0.02061	0.02410	0.02973	0.14212	0.15892	0.24644	0.02249	0.01187	0.00352	0.00810	0.05831	0.00869	0.00985

[dist]
# distance from previous block
# <min> <max>
0	2

[block]
# block no. 4 follows, 14 sequences, length 7
# corresponding to MSA columns:
# 221-227
name=unknown_E
#
# <colnr> <probs for GDERKNQSTAVLIFYWHMCP>
#	G	D	E	R	K	N	Q	S	T	A	V	L	I	F	Y	W	H	M	C	P
0	0.03263	0.01516	0.01957	0.01569	0.02138	0.01321	0.01208	0.03575	0.02467	0.32873	0.07532	0.04432	0.03240	0.16931	0.02057	0.00465	0.00859	0.01153	0.01010	0.10433
1	0.02448	0.18465	0.03736	0.02843	0.11572	0.02595	0.08661	0.10016	0.05452	0.03404	0.02946	0.17576	0.02925	0.01544	0.01024	0.00319	0.01064	0.01373	0.00705	0.01331
2	0.54026	0.02040	0.01711	0.01534	0.02156	0.02365	0.01240	0.03626	0.15230	0.04526	0.02116	0.02207	0.01617	0.01063	0.00737	0.00325	0.00798	0.00707	0.00737	0.01240
3	0.01635	0.01826	0.09945	0.01662	0.02115	0.01383	0.01464	0.02503	0.10873	0.03464	0.21421	0.20430	0.12925	0.02164	0.01174	0.00354	0.00722	0.01888	0.00945	0.01107
4	0.03358	0.03759	0.02433	0.02201	0.02679	0.40929	0.01664	0.07355	0.02860	0.03132	0.02091	0.02390	0.01680	0.01105	0.00881	0.00261	0.01454	0.00754	0.17841	0.01172
5	0.02666	0.02323	0.07395	0.02925	0.16446	0.01855	0.01998	0.06412	0.02463	0.10777	0.02186	0.02436	0.01677	0.00914	0.00895	0.00236	0.00976	0.00773	0.00683	0.33964
6	0.02498	0.01949	0.02291	0.02171	0.06873	0.02069	0.01565	0.19050	0.13103	0.04736	0.22568	0.05049	0.08432	0.01631	0.01106	0.00323	0.00810	0.01378	0.01019	0.01380

[dist]
# distance from previous block
# <min> <max>
0	1

[block]
# block no. 5 follows, 14 sequences, length 11
# corresponding to MSA columns:
# 229-239
name=unknown_F
#
# <colnr> <probs for GDERKNQSTAVLIFYWHMCP>
#	G	D	E	R	K	N	Q	S	T	A	V	L	I	F	Y	W	H	M	C	P
0	0.02516	0.02073	0.02268	0.02078	0.02615	0.02348	0.01664	0.09851	0.39913	0.04278	0.04246	0.05211	0.03534	0.01659	0.01116	0.00368	0.00871	0.10865	0.01023	0.01503
1	0.57951	0.02160	0.01817	0.01548	0.02220	0.02475	0.01276	0.13066	0.02352	0.04971	0.01632	0.01824	0.01236	0.01008	0.00712	0.00316	0.00860	0.00628	0.00712	0.01236
2	0.02024	0.08409	0.02290	0.01743	0.02172	0.10784	0.04400	0.02553	0.05648	0.03272	0.23206	0.10055	0.15741	0.01870	0.01106	0.00317	0.00874	0.01589	0.00873	0.01073
3	0.02588	0.11704	0.02643	0.01741	0.02415	0.02124	0.01425	0.15603	0.02834	0.06962	0.03337	0.14721	0.06089	0.01525	0.00964	0.00276	0.00866	0.01254	0.00815	0.20114
4	0.02553	0.02204	0.02320	0.02088	0.02669	0.02553	0.01624	0.05453	0.55679	0.04293	0.04177	0.03829	0.03133	0.01392	0.01044	0.00348	0.00812	0.01160	0.01044	0.01624
5	0.02979	0.02508	0.07476	0.20123	0.10234	0.02445	0.09038	0.15911	0.02963	0.12602	0.02380	0.02731	0.01693	0.01080	0.01046	0.00325	0.01272	0.00961	0.00738	0.01495
6	0.01996	0.14870	0.29619	0.02300	0.03246	0.02245	0.02604	0.02747	0.02164	0.02975	0.02997	0.12162	0.02963	0.01631	0.01050	0.00347	0.01201	0.11005	0.00607	0.01273
7	0.03000	0.02545	0.03256	0.02600	0.03219	0.02919	0.08554	0.23523	0.18431	0.04652	0.02685	0.02850	0.02040	0.01342	0.01516	0.00352	0.13099	0.01023	0.00853	0.01542
8	0.01910	0.01061	0.01425	0.01507	0.01711	0.00966	0.01062	0.02132	0.02156	0.13560	0.05340	0.51509	0.05952	0.02833	0.01255	0.00397	0.00650	0.02547	0.01015	0.01013
9	0.01728	0.01719	0.07421	0.01672	0.01925	0.04222	0.01379	0.01942	0.01883	0.02466	0.03848	0.13904	0.06978	0.20542	0.02880	0.09503	0.04500	0.09954	0.00685	0.00848
10	0.01828	0.00948	0.00986	0.01017	0.01233	0.00941	0.00747	0.02268	0.02128	0.03671	0.03643	0.11436	0.03163	0.01454	0.00793	0.00262	0.00493	0.01208	0.60839	0.00941

[dist]
# distance from previous block
# <min> <max>
0	439

# created by:
# /st0/software/busco_prod/Augustus/scripts/msa2prfl.pl ./align_prep/8920.fa
