[name]
unknown

[dist]
# distance from previous block
# <min> <max>
0	21

[block]
# block no. 0 follows, 11 sequences, length 15
# corresponding to MSA columns:
# 21-35
name=unknown_A
#
# <colnr> <probs for GDERKNQSTAVLIFYWHMCP>
#	G	D	E	R	K	N	Q	S	T	A	V	L	I	F	Y	W	H	M	C	P
0	0.06440	0.01941	0.01988	0.01985	0.02355	0.08334	0.01628	0.05616	0.02965	0.03961	0.18303	0.08803	0.06400	0.02390	0.01340	0.00420	0.01020	0.21945	0.01021	0.01145
1	0.19654	0.06902	0.02479	0.01926	0.02467	0.11666	0.01481	0.13099	0.02815	0.04106	0.02407	0.03630	0.02245	0.18059	0.02281	0.00540	0.01237	0.01009	0.00750	0.01248
2	0.18453	0.07299	0.02780	0.02124	0.02580	0.09266	0.04946	0.05632	0.02253	0.03442	0.02259	0.03654	0.02197	0.18122	0.02647	0.00565	0.08930	0.01042	0.00648	0.01159
3	0.03119	0.03069	0.05711	0.04130	0.05200	0.03030	0.35881	0.16738	0.03408	0.04600	0.02398	0.02941	0.01767	0.01063	0.01271	0.00368	0.01710	0.01238	0.00728	0.01631
4	0.02618	0.44008	0.04567	0.01727	0.02415	0.03495	0.01571	0.02876	0.02102	0.02515	0.02130	0.03391	0.02199	0.17920	0.02149	0.00483	0.01172	0.00897	0.00539	0.01227
5	0.01864	0.01010	0.01398	0.01398	0.01398	0.01010	0.00893	0.01515	0.01515	0.02020	0.02409	0.04546	0.02564	0.20027	0.04778	0.48392	0.01010	0.01165	0.00544	0.00544
6	0.02544	0.19990	0.10602	0.03102	0.13813	0.06589	0.02324	0.03140	0.02680	0.03532	0.16372	0.03992	0.04132	0.01381	0.01047	0.00312	0.01162	0.01137	0.00720	0.01428
7	0.02318	0.02595	0.09990	0.02570	0.03363	0.02181	0.10726	0.03854	0.17923	0.04207	0.17349	0.04783	0.04745	0.01521	0.01195	0.00352	0.01075	0.01391	0.00935	0.06926
8	0.01494	0.01100	0.01399	0.01422	0.01646	0.01005	0.01029	0.01897	0.02809	0.03848	0.33972	0.23358	0.15403	0.02724	0.01359	0.00387	0.00571	0.02413	0.01158	0.01005
9	0.02099	0.01682	0.01941	0.01783	0.02204	0.01791	0.01364	0.03742	0.23404	0.04595	0.32593	0.06642	0.07607	0.01976	0.01251	0.00366	0.00682	0.01715	0.01200	0.01364
10	0.01356	0.01040	0.01244	0.01407	0.01590	0.00928	0.00974	0.01585	0.02309	0.02936	0.08150	0.41411	0.24487	0.03273	0.01397	0.00428	0.00622	0.02891	0.01045	0.00928
11	0.11541	0.02312	0.02855	0.12793	0.09469	0.02411	0.02062	0.09417	0.10274	0.04305	0.02445	0.02777	0.01895	0.01108	0.00986	0.00304	0.01079	0.00897	0.00760	0.20310
12	0.02458	0.02223	0.03616	0.05289	0.38544	0.02223	0.02664	0.02936	0.02299	0.03251	0.02525	0.04091	0.02441	0.17948	0.02430	0.00550	0.01267	0.01184	0.00593	0.01469
13	0.02282	0.02146	0.03431	0.12093	0.32492	0.02159	0.02669	0.02852	0.02522	0.03388	0.04748	0.05108	0.16336	0.01546	0.01177	0.00353	0.01140	0.01394	0.00689	0.01474
14	0.02827	0.01899	0.02988	0.13612	0.07895	0.01877	0.07434	0.03285	0.02391	0.15317	0.03074	0.04384	0.02610	0.18049	0.02441	0.00555	0.01238	0.01228	0.00793	0.06103

[dist]
# distance from previous block
# <min> <max>
4	14

[block]
# block no. 1 follows, 11 sequences, length 21
# corresponding to MSA columns:
# 50-70
name=unknown_B
#
# <colnr> <probs for GDERKNQSTAVLIFYWHMCP>
#	G	D	E	R	K	N	Q	S	T	A	V	L	I	F	Y	W	H	M	C	P
0	0.02547	0.24718	0.04332	0.12731	0.17052	0.03042	0.02388	0.03088	0.02514	0.03293	0.10859	0.03441	0.03168	0.01238	0.01003	0.00309	0.01171	0.01031	0.00639	0.01434
1	0.02687	0.09914	0.18544	0.02294	0.03417	0.02405	0.02354	0.03868	0.10816	0.07790	0.02596	0.02727	0.01963	0.01083	0.00969	0.00284	0.01145	0.00851	0.00729	0.23562
2	0.03586	0.02404	0.03591	0.13469	0.22647	0.02464	0.02652	0.11118	0.03130	0.19288	0.02887	0.03124	0.02057	0.01195	0.01123	0.00346	0.01236	0.01043	0.00887	0.01752
3	0.04041	0.12723	0.03274	0.02166	0.02944	0.10789	0.01800	0.12408	0.03419	0.23446	0.08704	0.03524	0.03083	0.01379	0.01065	0.00320	0.01167	0.01059	0.01046	0.01643
4	0.02652	0.02008	0.01989	0.01774	0.02200	0.10564	0.01357	0.03125	0.03193	0.13005	0.35516	0.06505	0.07663	0.01945	0.01239	0.00342	0.00863	0.01651	0.01153	0.01255
5	0.03820	0.14486	0.03857	0.03340	0.11880	0.33218	0.02307	0.04199	0.02925	0.07139	0.01996	0.02268	0.01616	0.01117	0.00990	0.00294	0.01676	0.00784	0.00626	0.01462
6	0.04211	0.08907	0.04007	0.02689	0.03638	0.02274	0.13783	0.04769	0.02972	0.35525	0.03566	0.03400	0.02361	0.01232	0.01135	0.00344	0.01224	0.01122	0.01081	0.01761
7	0.05050	0.01915	0.02612	0.02003	0.02873	0.01654	0.01654	0.05485	0.03221	0.54203	0.04440	0.03831	0.02786	0.01393	0.01132	0.00348	0.00958	0.01132	0.01393	0.01915
8	0.01726	0.01493	0.02270	0.28362	0.04541	0.01678	0.02011	0.02200	0.02264	0.02900	0.04998	0.25029	0.11646	0.02274	0.01271	0.00406	0.01045	0.02020	0.00784	0.01080
9	0.02126	0.02001	0.03376	0.57739	0.07752	0.02501	0.03126	0.02876	0.02251	0.02876	0.02001	0.03001	0.01500	0.01125	0.01125	0.00375	0.01500	0.01000	0.00500	0.01250
10	0.03480	0.02345	0.04106	0.03133	0.04002	0.02207	0.20321	0.07837	0.03060	0.21587	0.03722	0.04997	0.02947	0.01520	0.01283	0.00390	0.01361	0.09112	0.00987	0.01605
11	0.68395	0.02177	0.01654	0.01480	0.02177	0.02525	0.01219	0.03309	0.01915	0.05050	0.01567	0.01828	0.01219	0.01045	0.00697	0.00348	0.00871	0.00609	0.00697	0.01219
12	0.03580	0.01594	0.02181	0.01946	0.02520	0.01434	0.01591	0.03996	0.02875	0.32221	0.05136	0.15702	0.04542	0.02204	0.01294	0.00411	0.00926	0.13089	0.01241	0.01516
13	0.04190	0.02924	0.03864	0.02947	0.03842	0.11445	0.14569	0.09019	0.03262	0.27344	0.03232	0.03202	0.02185	0.01230	0.01164	0.00346	0.01420	0.01104	0.01008	0.01704
14	0.01542	0.01148	0.01433	0.01362	0.01650	0.01040	0.01022	0.02024	0.03065	0.04225	0.44721	0.08882	0.18909	0.02409	0.01328	0.00359	0.00539	0.02102	0.01201	0.01040
15	0.02719	0.26647	0.17873	0.02816	0.03933	0.03416	0.10897	0.03909	0.10786	0.03405	0.02324	0.02580	0.01828	0.01084	0.00991	0.00319	0.01391	0.00904	0.00609	0.01571
16	0.03440	0.02275	0.02564	0.02209	0.02912	0.02474	0.01745	0.05840	0.37683	0.18793	0.04541	0.04094	0.03251	0.01489	0.01141	0.00372	0.00910	0.01232	0.01216	0.01820
17	0.02066	0.01532	0.01850	0.01650	0.02034	0.01540	0.01270	0.09155	0.07204	0.04894	0.42008	0.07275	0.08833	0.02107	0.01285	0.00354	0.00659	0.01832	0.01216	0.01238
18	0.02757	0.02753	0.05022	0.06435	0.43023	0.02712	0.13492	0.03487	0.02583	0.03661	0.02152	0.02840	0.01766	0.00991	0.01161	0.00344	0.01460	0.01074	0.00560	0.01725
19	0.02786	0.02674	0.04568	0.06908	0.53424	0.02674	0.03454	0.03454	0.02563	0.03677	0.02117	0.02786	0.01783	0.01003	0.01114	0.00334	0.01337	0.01003	0.00557	0.01783
20	0.02323	0.16972	0.04209	0.02571	0.03193	0.02527	0.17136	0.02730	0.02140	0.02773	0.02622	0.04518	0.02629	0.25614	0.02998	0.00639	0.01387	0.01272	0.00594	0.01153

[dist]
# distance from previous block
# <min> <max>
5	16

[block]
# block no. 2 follows, 11 sequences, length 38
# corresponding to MSA columns:
# 87-124
name=unknown_C
#
# <colnr> <probs for GDERKNQSTAVLIFYWHMCP>
#	G	D	E	R	K	N	Q	S	T	A	V	L	I	F	Y	W	H	M	C	P
0	0.03240	0.10104	0.03378	0.13268	0.04069	0.18572	0.02136	0.10886	0.03040	0.03668	0.01984	0.02372	0.01583	0.01086	0.00979	0.00281	0.01429	0.00798	0.00660	0.16468
1	0.04412	0.01793	0.02455	0.02016	0.02766	0.01584	0.01686	0.04863	0.03097	0.44179	0.04740	0.05579	0.03514	0.01731	0.01215	0.00382	0.00973	0.09949	0.01323	0.01742
2	0.16445	0.01842	0.02149	0.01823	0.02452	0.01814	0.01447	0.08429	0.02958	0.25467	0.08117	0.14749	0.03969	0.01818	0.01122	0.00369	0.00873	0.01502	0.01147	0.01508
3	0.02786	0.02674	0.04568	0.06908	0.53424	0.02674	0.03454	0.03454	0.02563	0.03677	0.02117	0.02786	0.01783	0.01003	0.01114	0.00334	0.01337	0.01003	0.00557	0.01783
4	0.01371	0.00979	0.01306	0.01567	0.01632	0.00914	0.01045	0.01567	0.02155	0.02873	0.06203	0.59710	0.07444	0.03526	0.01437	0.00457	0.00653	0.03200	0.01045	0.00914
5	0.02345	0.12292	0.48913	0.03058	0.04639	0.02829	0.03897	0.03542	0.02366	0.03457	0.01967	0.02310	0.01428	0.01057	0.01029	0.00343	0.01610	0.00805	0.00476	0.01638
6	0.03543	0.03500	0.03420	0.09286	0.04026	0.25641	0.09287	0.04002	0.02883	0.11927	0.02845	0.09318	0.02426	0.01439	0.01145	0.00343	0.01600	0.01209	0.00765	0.01393
7	0.02465	0.21090	0.41163	0.02854	0.04324	0.03122	0.03542	0.03511	0.02352	0.03311	0.01894	0.02219	0.01431	0.01040	0.00973	0.00324	0.01536	0.00768	0.00477	0.01603
8	0.02824	0.09242	0.02935	0.02248	0.02922	0.02992	0.01798	0.05677	0.45682	0.04469	0.04230	0.03921	0.03204	0.01461	0.01096	0.00365	0.00927	0.01195	0.01068	0.01742
9	0.02333	0.11347	0.49746	0.03080	0.04673	0.02798	0.03935	0.03545	0.02367	0.03473	0.01974	0.02319	0.01428	0.01059	0.01035	0.00345	0.01617	0.00809	0.00476	0.01642
10	0.02817	0.23384	0.24315	0.02604	0.03748	0.09445	0.02815	0.03995	0.10276	0.03352	0.02247	0.02440	0.01756	0.01118	0.00961	0.00315	0.01432	0.00814	0.00597	0.01569
11	0.01501	0.01034	0.01268	0.01401	0.01435	0.01001	0.00868	0.01601	0.01902	0.02536	0.04906	0.34154	0.05808	0.31315	0.03532	0.00767	0.00867	0.02437	0.00868	0.00801
12	0.02725	0.03136	0.11872	0.03404	0.08660	0.03053	0.07350	0.08225	0.12166	0.03854	0.02441	0.02905	0.01952	0.01479	0.02026	0.00407	0.21036	0.01056	0.00694	0.01559
13	0.02462	0.02462	0.03447	0.02955	0.02955	0.03447	0.02462	0.02709	0.01724	0.02709	0.01477	0.02462	0.01477	0.01970	0.03694	0.00492	0.58385	0.00985	0.00492	0.01231
14	0.03111	0.14774	0.20062	0.03824	0.18539	0.02797	0.03024	0.03874	0.02582	0.13424	0.02439	0.02675	0.01804	0.01093	0.01028	0.00326	0.01338	0.00898	0.00682	0.01707
15	0.02455	0.02283	0.03566	0.31664	0.20383	0.02611	0.02958	0.03661	0.12053	0.03476	0.02545	0.03174	0.01967	0.01168	0.01126	0.00364	0.01331	0.01055	0.00645	0.01514
16	0.01593	0.01150	0.01504	0.01416	0.01681	0.01062	0.01062	0.02124	0.03186	0.04513	0.52830	0.08407	0.10620	0.02301	0.01327	0.00354	0.00531	0.02035	0.01239	0.01062
17	0.10275	0.03324	0.03054	0.02430	0.03264	0.12667	0.01962	0.31493	0.04236	0.05707	0.02335	0.02452	0.01733	0.01226	0.01030	0.00310	0.01299	0.00881	0.00931	0.09389
18	0.10164	0.02695	0.02873	0.02324	0.03123	0.02977	0.01887	0.26994	0.18471	0.11660	0.03354	0.03195	0.02402	0.01379	0.01091	0.00353	0.01066	0.01065	0.01121	0.01807
19	0.02578	0.11705	0.37122	0.02897	0.04241	0.07026	0.03387	0.03977	0.09776	0.03566	0.02329	0.02556	0.01731	0.01133	0.01036	0.00342	0.01523	0.00863	0.00585	0.01628
20	0.01459	0.01047	0.01384	0.01508	0.01652	0.00973	0.01052	0.01787	0.02562	0.03521	0.24610	0.39457	0.08698	0.03043	0.01394	0.00416	0.00605	0.02740	0.01121	0.00973
21	0.02786	0.02674	0.04568	0.06908	0.53424	0.02674	0.03454	0.03454	0.02563	0.03677	0.02117	0.02786	0.01783	0.01003	0.01114	0.00334	0.01337	0.01003	0.00557	0.01783
22	0.02743	0.02793	0.05249	0.06198	0.37812	0.02731	0.18521	0.03504	0.02594	0.03654	0.02170	0.02868	0.01758	0.00985	0.01185	0.00349	0.01521	0.01110	0.00561	0.01696
23	0.03539	0.02473	0.04669	0.09862	0.04913	0.02335	0.25106	0.04262	0.02832	0.23495	0.03099	0.03346	0.02109	0.01145	0.01227	0.00367	0.01480	0.01212	0.00886	0.01644
24	0.01330	0.01140	0.01140	0.01140	0.01520	0.00950	0.00855	0.01615	0.02565	0.03041	0.11402	0.10832	0.52967	0.02850	0.01330	0.00380	0.00570	0.02375	0.01045	0.00950
25	0.01897	0.01692	0.02953	0.02510	0.03004	0.01593	0.14613	0.02476	0.02692	0.03605	0.16206	0.14322	0.10876	0.02349	0.01404	0.00421	0.01068	0.14212	0.00955	0.01153
26	0.02823	0.02937	0.05680	0.04493	0.10102	0.02878	0.35203	0.07741	0.08571	0.04035	0.02566	0.03119	0.01935	0.01056	0.01268	0.00372	0.01668	0.01263	0.00682	0.01609
27	0.30057	0.02019	0.02234	0.01796	0.02598	0.01998	0.01482	0.04626	0.02706	0.34799	0.03306	0.03040	0.02167	0.01256	0.00960	0.00348	0.00923	0.00926	0.01118	0.01640
28	0.02126	0.02001	0.03376	0.57739	0.07752	0.02501	0.03126	0.02876	0.02251	0.02876	0.02001	0.03001	0.01500	0.01125	0.01125	0.00375	0.01500	0.01000	0.00500	0.01250
29	0.01840	0.01452	0.01713	0.01805	0.02058	0.01533	0.01287	0.03017	0.18323	0.03476	0.05671	0.41481	0.06128	0.02870	0.01341	0.00432	0.00731	0.02567	0.01078	0.01199
30	0.04519	0.08309	0.09026	0.02136	0.03109	0.02047	0.01974	0.05048	0.03029	0.43109	0.03869	0.03458	0.02492	0.01312	0.01083	0.00338	0.01065	0.01044	0.01194	0.01839
31	0.02786	0.02674	0.04568	0.06908	0.53424	0.02674	0.03454	0.03454	0.02563	0.03677	0.02117	0.02786	0.01783	0.01003	0.01114	0.00334	0.01337	0.01003	0.00557	0.01783
32	0.02786	0.02674	0.04568	0.06908	0.53424	0.02674	0.03454	0.03454	0.02563	0.03677	0.02117	0.02786	0.01783	0.01003	0.01114	0.00334	0.01337	0.01003	0.00557	0.01783
33	0.01560	0.01114	0.01522	0.01782	0.01930	0.01077	0.01372	0.01893	0.02341	0.03084	0.06100	0.39698	0.07033	0.03349	0.01487	0.00483	0.00816	0.21353	0.01041	0.00966
34	0.02800	0.02418	0.02545	0.02291	0.02927	0.02800	0.01782	0.05981	0.51390	0.04708	0.04581	0.04199	0.03436	0.01527	0.01145	0.00382	0.00891	0.01273	0.01145	0.01782
35	0.02657	0.03036	0.06641	0.04744	0.05882	0.02846	0.49336	0.03605	0.02657	0.03605	0.02277	0.03036	0.01708	0.00949	0.01328	0.00380	0.01898	0.01328	0.00569	0.01518
36	0.05050	0.01915	0.02612	0.02003	0.02873	0.01654	0.01654	0.05485	0.03221	0.54203	0.04440	0.03831	0.02786	0.01393	0.01132	0.00348	0.00958	0.01132	0.01393	0.01915
37	0.02657	0.03036	0.06641	0.04744	0.05882	0.02846	0.49336	0.03605	0.02657	0.03605	0.02277	0.03036	0.01708	0.00949	0.01328	0.00380	0.01898	0.01328	0.00569	0.01518

[dist]
# distance from previous block
# <min> <max>
0	6

[block]
# block no. 3 follows, 11 sequences, length 40
# corresponding to MSA columns:
# 131-170
name=unknown_D
#
# <colnr> <probs for GDERKNQSTAVLIFYWHMCP>
#	G	D	E	R	K	N	Q	S	T	A	V	L	I	F	Y	W	H	M	C	P
0	0.01392	0.00995	0.01324	0.01553	0.01637	0.00928	0.01046	0.01618	0.02249	0.03023	0.10466	0.55020	0.07735	0.03414	0.01427	0.00448	0.00642	0.03093	0.01063	0.00928
1	0.14041	0.01953	0.02476	0.01928	0.02774	0.01778	0.01592	0.05176	0.03036	0.47226	0.04033	0.03547	0.02564	0.01344	0.01070	0.00348	0.00945	0.01058	0.01294	0.01817
2	0.02657	0.03036	0.06641	0.04744	0.05882	0.02846	0.49336	0.03605	0.02657	0.03605	0.02277	0.03036	0.01708	0.00949	0.01328	0.00380	0.01898	0.01328	0.00569	0.01518
3	0.03037	0.01930	0.03327	0.02711	0.03383	0.01784	0.14695	0.03600	0.02752	0.19924	0.04489	0.13830	0.04103	0.02016	0.01338	0.00416	0.01193	0.13008	0.01026	0.01438
4	0.01374	0.01154	0.01201	0.01224	0.01593	0.00981	0.00941	0.01680	0.02568	0.03070	0.10912	0.11000	0.48785	0.02874	0.01350	0.00392	0.00612	0.06286	0.01044	0.00958
5	0.04204	0.05364	0.03190	0.02900	0.03480	0.55926	0.02175	0.04494	0.03190	0.02755	0.01740	0.02030	0.01450	0.01160	0.01015	0.00290	0.02030	0.00725	0.00580	0.01305
6	0.02257	0.05822	0.54613	0.03208	0.04871	0.02614	0.04158	0.03564	0.02376	0.03564	0.02020	0.02376	0.01426	0.01069	0.01069	0.00356	0.01663	0.00832	0.00475	0.01663
7	0.02726	0.02613	0.04460	0.11535	0.49267	0.02658	0.03424	0.03402	0.02534	0.03604	0.02106	0.02805	0.01757	0.01014	0.01115	0.00338	0.01352	0.01003	0.00552	0.01734
8	0.02334	0.02001	0.02334	0.01667	0.02667	0.01500	0.01334	0.02834	0.02334	0.03668	0.02001	0.02334	0.01667	0.00834	0.00834	0.00167	0.00834	0.00667	0.00667	0.67325
9	0.02876	0.03367	0.06151	0.04482	0.05541	0.10380	0.42642	0.03732	0.02732	0.03485	0.02201	0.02893	0.01671	0.00979	0.01284	0.00367	0.01916	0.01243	0.00571	0.01488
10	0.01436	0.01117	0.01305	0.01315	0.01600	0.00986	0.00965	0.01799	0.02732	0.03569	0.26187	0.18050	0.29395	0.02755	0.01347	0.00383	0.00569	0.02384	0.01118	0.00986
11	0.01354	0.01141	0.01174	0.01165	0.01535	0.00960	0.00874	0.01662	0.02622	0.03175	0.15190	0.10610	0.49095	0.02800	0.01330	0.00378	0.00567	0.02344	0.01063	0.00960
12	0.02914	0.03423	0.06067	0.04437	0.05483	0.11679	0.41488	0.03753	0.02745	0.03464	0.02188	0.02869	0.01665	0.00984	0.01276	0.00365	0.01920	0.01228	0.00571	0.01483
13	0.02257	0.05822	0.54613	0.03208	0.04871	0.02614	0.04158	0.03564	0.02376	0.03564	0.02020	0.02376	0.01426	0.01069	0.01069	0.00356	0.01663	0.00832	0.00475	0.01663
14	0.01608	0.01206	0.01809	0.01809	0.02010	0.01407	0.01407	0.02010	0.01809	0.02613	0.03015	0.04422	0.02814	0.08441	0.55984	0.01809	0.03015	0.01206	0.00603	0.01005
15	0.02257	0.05822	0.54613	0.03208	0.04871	0.02614	0.04158	0.03564	0.02376	0.03564	0.02020	0.02376	0.01426	0.01069	0.01069	0.00356	0.01663	0.00832	0.00475	0.01663
16	0.04131	0.03457	0.03626	0.02815	0.03691	0.10879	0.06127	0.39372	0.04771	0.06183	0.02530	0.02635	0.01831	0.01290	0.01127	0.00335	0.01406	0.00999	0.01001	0.01794
17	0.68395	0.02177	0.01654	0.01480	0.02177	0.02525	0.01219	0.03309	0.01915	0.05050	0.01567	0.01828	0.01219	0.01045	0.00697	0.00348	0.00871	0.00609	0.00697	0.01219
18	0.02786	0.02674	0.04568	0.06908	0.53424	0.02674	0.03454	0.03454	0.02563	0.03677	0.02117	0.02786	0.01783	0.01003	0.01114	0.00334	0.01337	0.01003	0.00557	0.01783
19	0.05050	0.01915	0.02612	0.02003	0.02873	0.01654	0.01654	0.05485	0.03221	0.54203	0.04440	0.03831	0.02786	0.01393	0.01132	0.00348	0.00958	0.01132	0.01393	0.01915
20	0.01330	0.01140	0.01140	0.01140	0.01520	0.00950	0.00855	0.01615	0.02565	0.03041	0.11402	0.10832	0.52967	0.02850	0.01330	0.00380	0.00570	0.02375	0.01045	0.00950
21	0.02334	0.02001	0.02334	0.01667	0.02667	0.01500	0.01334	0.02834	0.02334	0.03668	0.02001	0.02334	0.01667	0.00834	0.00834	0.00167	0.00834	0.00667	0.00667	0.67325
22	0.04214	0.10005	0.03357	0.02683	0.03339	0.43487	0.02078	0.04532	0.03111	0.10047	0.02107	0.02265	0.01639	0.01175	0.01005	0.00294	0.01802	0.00771	0.00686	0.01404
23	0.02452	0.02379	0.03910	0.02793	0.03844	0.01993	0.18896	0.03116	0.02452	0.03645	0.02102	0.02591	0.01682	0.00876	0.01015	0.00245	0.01223	0.00909	0.00631	0.43248
24	0.03008	0.02844	0.05879	0.04554	0.09830	0.02661	0.38346	0.03858	0.02728	0.10794	0.02569	0.03126	0.01868	0.01017	0.01281	0.00371	0.01713	0.01270	0.00685	0.01599
25	0.01429	0.01144	0.01278	0.01244	0.01581	0.00992	0.00933	0.01807	0.02800	0.03597	0.27052	0.09916	0.36970	0.02643	0.01329	0.00370	0.00555	0.02247	0.01118	0.00992
26	0.01371	0.00979	0.01306	0.01567	0.01632	0.00914	0.01045	0.01567	0.02155	0.02873	0.06203	0.59710	0.07444	0.03526	0.01437	0.00457	0.00653	0.03200	0.01045	0.00914
27	0.16116	0.02750	0.02924	0.02281	0.03139	0.02981	0.01883	0.33198	0.04300	0.15266	0.02810	0.02748	0.01945	0.01303	0.01049	0.00342	0.01120	0.00961	0.01096	0.01788
28	0.02786	0.02674	0.04568	0.06908	0.53424	0.02674	0.03454	0.03454	0.02563	0.03677	0.02117	0.02786	0.01783	0.01003	0.01114	0.00334	0.01337	0.01003	0.00557	0.01783
29	0.01485	0.01061	0.01436	0.01697	0.01812	0.01012	0.01242	0.01763	0.02267	0.03000	0.06141	0.47657	0.07196	0.03419	0.01467	0.00473	0.00751	0.14133	0.01043	0.00946
30	0.03539	0.04129	0.22123	0.02816	0.03996	0.03170	0.02878	0.32802	0.04225	0.05802	0.02453	0.02583	0.01735	0.01248	0.01105	0.00345	0.01394	0.00947	0.00888	0.01822
31	0.02126	0.02001	0.03376	0.57739	0.07752	0.02501	0.03126	0.02876	0.02251	0.02876	0.02001	0.03001	0.01500	0.01125	0.01125	0.00375	0.01500	0.01000	0.00500	0.01250
32	0.02055	0.01270	0.01550	0.01410	0.01815	0.01117	0.01082	0.02481	0.02965	0.11994	0.29908	0.08554	0.24805	0.02355	0.01297	0.00363	0.00614	0.02014	0.01193	0.01159
33	0.01371	0.00979	0.01306	0.01567	0.01632	0.00914	0.01045	0.01567	0.02155	0.02873	0.06203	0.59710	0.07444	0.03526	0.01437	0.00457	0.00653	0.03200	0.01045	0.00914
34	0.68395	0.02177	0.01654	0.01480	0.02177	0.02525	0.01219	0.03309	0.01915	0.05050	0.01567	0.01828	0.01219	0.01045	0.00697	0.00348	0.00871	0.00609	0.00697	0.01219
35	0.01593	0.01150	0.01504	0.01416	0.01681	0.01062	0.01062	0.02124	0.03186	0.04513	0.52830	0.08407	0.10620	0.02301	0.01327	0.00354	0.00531	0.02035	0.01239	0.01062
36	0.02490	0.02301	0.03621	0.04122	0.21528	0.02351	0.08974	0.03810	0.15241	0.04128	0.14731	0.04509	0.04280	0.01436	0.01203	0.00358	0.01112	0.01362	0.00870	0.01575
37	0.01371	0.00979	0.01306	0.01567	0.01632	0.00914	0.01045	0.01567	0.02155	0.02873	0.06203	0.59710	0.07444	0.03526	0.01437	0.00457	0.00653	0.03200	0.01045	0.00914
38	0.02756	0.02496	0.03963	0.24893	0.29626	0.02727	0.03147	0.09802	0.02836	0.03869	0.02157	0.02853	0.01698	0.01097	0.01120	0.00350	0.01383	0.01003	0.00617	0.01607
39	0.26621	0.02276	0.03067	0.04143	0.27329	0.02391	0.02297	0.03212	0.02414	0.04298	0.09114	0.03233	0.02831	0.01202	0.00992	0.00342	0.01052	0.01005	0.00705	0.01474

[dist]
# distance from previous block
# <min> <max>
0	5

# created by:
# /st0/software/busco_prod/Augustus/scripts/msa2prfl.pl ./align_prep/8925.fa
