[name]
unknown

[dist]
# distance from previous block
# <min> <max>
0	380

[block]
# block no. 0 follows, 13 sequences, length 56
# corresponding to MSA columns:
# 380-412,416-438
name=unknown_A
#
# <colnr> <probs for GDERKNQSTAVLIFYWHMCP>
#	G	D	E	R	K	N	Q	S	T	A	V	L	I	F	Y	W	H	M	C	P
0	0.09132	0.01226	0.01504	0.01588	0.01869	0.01204	0.01259	0.02173	0.02375	0.06249	0.13445	0.22885	0.10315	0.02588	0.01271	0.00411	0.00747	0.17768	0.00990	0.01003
1	0.03413	0.03078	0.02754	0.02336	0.02972	0.15835	0.01833	0.26044	0.14159	0.04808	0.03055	0.09408	0.02572	0.01491	0.01070	0.00328	0.01209	0.01170	0.00933	0.01533
2	0.10465	0.13059	0.11850	0.19241	0.04379	0.06991	0.02417	0.09218	0.02580	0.07523	0.02000	0.02371	0.01493	0.01062	0.00933	0.00314	0.01291	0.00802	0.00623	0.01388
3	0.01961	0.01364	0.01650	0.01508	0.01854	0.01321	0.01109	0.02729	0.10676	0.07627	0.25372	0.12197	0.06341	0.11671	0.01837	0.00442	0.00703	0.01685	0.01012	0.06942
4	0.01473	0.01361	0.05894	0.01547	0.01751	0.01075	0.01202	0.01755	0.02053	0.02786	0.09807	0.34217	0.05980	0.17450	0.02301	0.00562	0.00811	0.06218	0.00872	0.00887
5	0.02290	0.28419	0.09319	0.20840	0.04252	0.02988	0.02308	0.02841	0.02078	0.02637	0.01850	0.02483	0.01566	0.02022	0.09564	0.00500	0.01520	0.00793	0.00475	0.01256
6	0.02031	0.01405	0.01901	0.05529	0.06699	0.01402	0.01400	0.02634	0.06826	0.09371	0.17447	0.14789	0.10398	0.07100	0.05805	0.00506	0.00928	0.01733	0.00945	0.01150
7	0.01696	0.01123	0.01364	0.01315	0.01629	0.00993	0.00980	0.02052	0.02632	0.08712	0.26499	0.16991	0.25178	0.02447	0.01246	0.00356	0.00570	0.02118	0.01084	0.01017
8	0.01440	0.01073	0.01298	0.01285	0.01473	0.01051	0.00904	0.01686	0.02060	0.02726	0.13623	0.07380	0.19758	0.22789	0.16001	0.00878	0.01222	0.01705	0.00806	0.00842
9	0.02020	0.01135	0.01451	0.01467	0.01726	0.01022	0.01043	0.02248	0.02251	0.13925	0.06034	0.37146	0.13455	0.07896	0.01620	0.00448	0.00696	0.02356	0.01020	0.01040
10	0.07975	0.01433	0.01758	0.01495	0.01995	0.01310	0.01164	0.03217	0.02678	0.24876	0.18637	0.05983	0.13118	0.07814	0.01538	0.00402	0.00741	0.01486	0.01102	0.01276
11	0.01528	0.01062	0.01339	0.01339	0.01403	0.01126	0.00873	0.01657	0.01593	0.02188	0.03161	0.05977	0.03435	0.44144	0.23521	0.01255	0.01640	0.01400	0.00615	0.00744
12	0.01489	0.01005	0.01167	0.01215	0.01227	0.00993	0.00707	0.01525	0.01632	0.02176	0.03814	0.17592	0.04452	0.51338	0.04602	0.00910	0.00946	0.01821	0.00707	0.00683
13	0.07688	0.01227	0.01374	0.01329	0.01674	0.01128	0.00974	0.02212	0.02269	0.11360	0.06950	0.20356	0.25687	0.08999	0.01642	0.00439	0.00688	0.02016	0.00968	0.01021
14	0.02545	0.02031	0.02188	0.01908	0.02458	0.02213	0.01495	0.16379	0.23961	0.04605	0.10617	0.08657	0.12832	0.01799	0.01136	0.00349	0.00819	0.01499	0.01059	0.01448
15	0.02313	0.02313	0.03238	0.02776	0.02776	0.03238	0.02313	0.02545	0.01619	0.02545	0.01388	0.02313	0.01388	0.01851	0.03470	0.00463	0.60907	0.00925	0.00463	0.01157
16	0.01291	0.01073	0.01128	0.01114	0.01453	0.00910	0.00836	0.01597	0.02507	0.03086	0.18182	0.09797	0.48203	0.02592	0.01249	0.00353	0.00529	0.02178	0.01012	0.00910
17	0.02192	0.01879	0.02192	0.01566	0.02506	0.01409	0.01253	0.02662	0.02192	0.03445	0.01879	0.02192	0.01566	0.00783	0.00783	0.00157	0.00783	0.00626	0.00626	0.69305
18	0.02702	0.01586	0.01826	0.01585	0.02147	0.01511	0.01249	0.03648	0.14696	0.20735	0.07103	0.06597	0.26361	0.01945	0.01149	0.00348	0.00723	0.01612	0.01109	0.01368
19	0.02630	0.02271	0.02391	0.02152	0.02749	0.02630	0.01674	0.05618	0.54336	0.04423	0.04303	0.03945	0.03228	0.01434	0.01076	0.00359	0.00837	0.01195	0.01076	0.01674
20	0.01566	0.01079	0.01260	0.01293	0.01579	0.00942	0.00939	0.01831	0.02363	0.07348	0.11239	0.27552	0.31652	0.02754	0.01269	0.00378	0.00590	0.02385	0.01020	0.00962
21	0.01402	0.00999	0.01224	0.01357	0.01449	0.00949	0.00907	0.01560	0.01942	0.02540	0.05561	0.33116	0.11752	0.23152	0.02698	0.00625	0.00772	0.06328	0.00867	0.00799
22	0.01444	0.01082	0.01353	0.01378	0.01633	0.00991	0.01058	0.01849	0.02653	0.03555	0.31065	0.14993	0.20581	0.02536	0.01292	0.00374	0.00595	0.09548	0.01068	0.00952
23	0.02827	0.63478	0.05540	0.01809	0.02714	0.04184	0.01809	0.03166	0.02148	0.02488	0.01470	0.01696	0.01357	0.00905	0.00678	0.00226	0.01131	0.00565	0.00452	0.01357
24	0.04098	0.02835	0.03095	0.02373	0.03216	0.03092	0.01960	0.47559	0.04760	0.12124	0.02716	0.02654	0.01887	0.01274	0.01058	0.00318	0.01135	0.00964	0.01085	0.01798
25	0.02496	0.02852	0.06239	0.04456	0.05526	0.02674	0.52406	0.03387	0.02496	0.03387	0.02139	0.02852	0.01604	0.00891	0.01248	0.00357	0.01783	0.01248	0.00535	0.01426
26	0.04245	0.02110	0.02597	0.02011	0.02791	0.02057	0.01653	0.20038	0.03643	0.36612	0.07898	0.03616	0.02963	0.01366	0.01077	0.00324	0.00951	0.01098	0.01217	0.01733
27	0.01428	0.01054	0.01335	0.01316	0.01551	0.00961	0.00967	0.01845	0.02757	0.03800	0.41409	0.16768	0.16057	0.02417	0.01264	0.00351	0.00522	0.02130	0.01109	0.00961
28	0.01410	0.00986	0.01241	0.01341	0.01421	0.00940	0.00876	0.01600	0.02067	0.02807	0.15219	0.33419	0.06597	0.22096	0.02617	0.00600	0.00722	0.02313	0.00910	0.00817
29	0.02373	0.01986	0.02289	0.01652	0.02582	0.01594	0.01328	0.07611	0.02467	0.03763	0.01944	0.02227	0.01589	0.00831	0.00810	0.00172	0.00821	0.00659	0.00669	0.62631
30	0.10012	0.02255	0.07118	0.13266	0.03699	0.01984	0.01969	0.07852	0.02690	0.24209	0.02774	0.02838	0.01897	0.01116	0.00972	0.00305	0.01049	0.00889	0.00881	0.12225
31	0.03266	0.03165	0.14954	0.07821	0.08494	0.02616	0.08597	0.20502	0.03334	0.12998	0.02515	0.02710	0.01766	0.01129	0.01069	0.00330	0.01308	0.00968	0.00812	0.01642
32	0.01559	0.01011	0.01429	0.01467	0.01586	0.01039	0.01053	0.01613	0.01802	0.02450	0.07546	0.15127	0.08192	0.04760	0.20426	0.24541	0.01406	0.01548	0.00683	0.00761
33	0.01518	0.01069	0.01370	0.01343	0.01470	0.01088	0.00922	0.01771	0.02048	0.02857	0.20153	0.06564	0.05537	0.29869	0.16981	0.00965	0.01294	0.01560	0.00792	0.00830
34	0.02436	0.01962	0.02432	0.01844	0.02578	0.01801	0.01499	0.02851	0.02145	0.07843	0.01974	0.02338	0.01619	0.01049	0.01364	0.00235	0.13262	0.00726	0.00651	0.49391
35	0.08783	0.07533	0.03147	0.02447	0.07314	0.02412	0.05500	0.16651	0.03080	0.09684	0.05429	0.02765	0.02189	0.01097	0.00949	0.00276	0.01028	0.00897	0.00815	0.18005
36	0.07959	0.01432	0.01801	0.01930	0.07050	0.01474	0.01213	0.02551	0.07560	0.06900	0.06831	0.04689	0.03238	0.21786	0.03154	0.16595	0.00936	0.01208	0.00725	0.00970
37	0.03555	0.01521	0.02009	0.01694	0.02293	0.01341	0.01369	0.03939	0.02745	0.37156	0.05064	0.11335	0.08653	0.01792	0.01122	0.00349	0.00808	0.05456	0.06324	0.01476
38	0.02167	0.02024	0.03325	0.23281	0.29400	0.02153	0.02685	0.02770	0.02361	0.03207	0.07498	0.03956	0.08173	0.01273	0.01089	0.00333	0.01164	0.01164	0.00610	0.01366
39	0.10307	0.08268	0.21419	0.02927	0.07695	0.07478	0.06811	0.11763	0.02795	0.07838	0.02097	0.02340	0.01539	0.01054	0.00974	0.00317	0.01359	0.00834	0.00656	0.01527
40	0.02566	0.01390	0.01826	0.01776	0.02162	0.01329	0.01394	0.03167	0.07597	0.19429	0.05121	0.26787	0.05080	0.02427	0.01262	0.00405	0.00807	0.13135	0.01088	0.01252
41	0.01654	0.01372	0.01971	0.01940	0.02137	0.01455	0.05094	0.02196	0.07219	0.02939	0.04902	0.41661	0.05541	0.02757	0.01553	0.00425	0.07293	0.05968	0.00901	0.01023
42	0.02905	0.08001	0.13898	0.13779	0.11977	0.02419	0.11369	0.03628	0.02460	0.15677	0.02443	0.02774	0.01745	0.01048	0.01049	0.00328	0.01339	0.00962	0.00678	0.01522
43	0.01816	0.01095	0.01525	0.01475	0.01475	0.01196	0.01003	0.01543	0.01442	0.01965	0.02148	0.04010	0.02272	0.17746	0.04362	0.45322	0.07454	0.01068	0.00503	0.00579
44	0.01957	0.01790	0.02556	0.02298	0.02382	0.02388	0.01873	0.02253	0.01655	0.02505	0.02029	0.03130	0.01945	0.04548	0.27951	0.01011	0.35143	0.01017	0.00509	0.01062
45	0.01396	0.01028	0.01168	0.01205	0.01420	0.00930	0.00844	0.01661	0.02284	0.03017	0.15721	0.19623	0.26190	0.11677	0.01855	0.00460	0.00616	0.02142	0.05890	0.00872
46	0.02163	0.03036	0.19191	0.19243	0.22164	0.02273	0.03111	0.02938	0.02237	0.03141	0.02349	0.09019	0.02083	0.01248	0.01070	0.00343	0.01317	0.01118	0.00536	0.01420
47	0.02532	0.02398	0.03599	0.02888	0.03618	0.02562	0.18140	0.04694	0.34483	0.04013	0.03677	0.04056	0.02868	0.01345	0.01154	0.00365	0.01152	0.04010	0.00894	0.01552
48	0.02991	0.03475	0.02606	0.02385	0.02727	0.33451	0.01814	0.03255	0.02395	0.02508	0.01991	0.02863	0.01844	0.07911	0.13677	0.00661	0.10909	0.00885	0.00545	0.01107
49	0.27151	0.07773	0.06246	0.08764	0.07443	0.07211	0.05727	0.07558	0.02443	0.07838	0.01931	0.02241	0.01458	0.01032	0.00883	0.00318	0.01183	0.00779	0.00659	0.01361
50	0.02827	0.63478	0.05540	0.01809	0.02714	0.04184	0.01809	0.03166	0.02148	0.02488	0.01470	0.01696	0.01357	0.00905	0.00678	0.00226	0.01131	0.00565	0.00452	0.01357
51	0.02108	0.01843	0.02285	0.01794	0.02379	0.01769	0.01427	0.02486	0.02070	0.03184	0.06322	0.03086	0.02408	0.06339	0.01831	0.00315	0.14774	0.00878	0.00634	0.42067
52	0.01288	0.00920	0.01227	0.01472	0.01534	0.00859	0.00981	0.01472	0.02024	0.02699	0.05828	0.62152	0.06993	0.03312	0.01350	0.00429	0.00613	0.03006	0.00981	0.00859
53	0.01638	0.01174	0.01611	0.01751	0.01996	0.01147	0.01479	0.02128	0.02612	0.03507	0.21547	0.10644	0.07324	0.02679	0.01392	0.00438	0.00822	0.34096	0.01034	0.00981
54	0.03148	0.02163	0.02609	0.02482	0.07304	0.02294	0.01842	0.19324	0.14054	0.12990	0.03851	0.09407	0.03293	0.01701	0.01146	0.00362	0.00987	0.08447	0.01036	0.01559
55	0.07665	0.17382	0.07877	0.02280	0.05947	0.02800	0.01927	0.06554	0.12482	0.03622	0.02234	0.02437	0.01796	0.01093	0.01060	0.00283	0.05557	0.00793	0.00667	0.15542

[dist]
# distance from previous block
# <min> <max>
0	1

[block]
# block no. 1 follows, 13 sequences, length 31
# corresponding to MSA columns:
# 440-470
name=unknown_B
#
# <colnr> <probs for GDERKNQSTAVLIFYWHMCP>
#	G	D	E	R	K	N	Q	S	T	A	V	L	I	F	Y	W	H	M	C	P
0	0.02623	0.02709	0.03269	0.02632	0.03281	0.14883	0.14101	0.07621	0.02618	0.03295	0.02604	0.10441	0.02417	0.02298	0.09474	0.00508	0.01599	0.01207	0.00663	0.11759
1	0.02421	0.01916	0.02355	0.01923	0.06152	0.01495	0.01411	0.02896	0.02272	0.07634	0.02066	0.02331	0.01656	0.00835	0.00823	0.00181	0.00824	0.00682	0.00673	0.59455
2	0.02112	0.01693	0.02089	0.08127	0.02806	0.01756	0.01572	0.07596	0.13161	0.03806	0.11008	0.15173	0.04628	0.01914	0.01154	0.00351	0.00855	0.08115	0.00925	0.11161
3	0.01837	0.00918	0.01377	0.01377	0.01377	0.00918	0.00918	0.01377	0.01377	0.01837	0.01837	0.03214	0.01837	0.03673	0.04132	0.69238	0.00918	0.00918	0.00459	0.00459
4	0.01476	0.00999	0.01171	0.01232	0.01247	0.00984	0.00725	0.01521	0.01658	0.02210	0.03947	0.20548	0.04621	0.48153	0.04387	0.00878	0.00923	0.01900	0.00725	0.00694
5	0.01988	0.01739	0.02770	0.09064	0.25269	0.01746	0.02129	0.02515	0.02521	0.03538	0.20624	0.13095	0.05221	0.01709	0.01159	0.00341	0.00922	0.01569	0.00801	0.01281
6	0.03783	0.02785	0.03008	0.02329	0.03120	0.03065	0.01915	0.47967	0.04786	0.06436	0.07520	0.03041	0.02565	0.01353	0.01075	0.00319	0.01101	0.01042	0.01068	0.01723
7	0.01361	0.00951	0.01205	0.01379	0.01422	0.00908	0.00882	0.01491	0.01882	0.02509	0.05096	0.45965	0.06070	0.20758	0.02531	0.00604	0.00734	0.02576	0.00882	0.00795
8	0.01424	0.01078	0.01313	0.01254	0.01535	0.00967	0.00941	0.01855	0.02822	0.03834	0.42508	0.08565	0.23410	0.02313	0.01248	0.00340	0.00510	0.02006	0.01111	0.00967
9	0.01929	0.01266	0.01656	0.01611	0.01839	0.01332	0.01184	0.02516	0.11118	0.05722	0.10663	0.13304	0.04205	0.03738	0.13415	0.20065	0.01177	0.01477	0.00810	0.00973
10	0.06591	0.01926	0.01777	0.01576	0.01983	0.07056	0.01195	0.12731	0.06784	0.04147	0.03030	0.03802	0.02526	0.10747	0.01561	0.00397	0.00887	0.01028	0.29077	0.01179
11	0.02121	0.05469	0.57364	0.03014	0.04576	0.02455	0.03906	0.03348	0.02232	0.03348	0.01897	0.02232	0.01339	0.01005	0.01005	0.00335	0.01563	0.00781	0.00446	0.01563
12	0.01526	0.01178	0.01417	0.01465	0.01718	0.01140	0.01085	0.02165	0.08559	0.03381	0.19912	0.25743	0.17818	0.02618	0.01277	0.00384	0.00621	0.05943	0.01040	0.01008
13	0.01743	0.01070	0.01426	0.01486	0.01671	0.01006	0.01049	0.02012	0.02260	0.08946	0.14560	0.37707	0.06543	0.07225	0.05624	0.00530	0.00809	0.02355	0.00999	0.00980
14	0.01396	0.00983	0.01261	0.01382	0.01461	0.00949	0.00914	0.01586	0.02011	0.02728	0.11902	0.36692	0.06322	0.19067	0.05786	0.00648	0.00837	0.02358	0.00893	0.00826
15	0.02496	0.02852	0.06239	0.04456	0.05526	0.02674	0.52406	0.03387	0.02496	0.03387	0.02139	0.02852	0.01604	0.00891	0.01248	0.00357	0.01783	0.01248	0.00535	0.01426
16	0.01315	0.00931	0.01219	0.01438	0.01492	0.00877	0.00945	0.01479	0.01972	0.02629	0.05557	0.56175	0.06652	0.09755	0.01786	0.00494	0.00658	0.02847	0.00945	0.00835
17	0.02192	0.01879	0.02192	0.01566	0.02506	0.01409	0.01253	0.02662	0.02192	0.03445	0.01879	0.02192	0.01566	0.00783	0.00783	0.00157	0.00783	0.00626	0.00626	0.69305
18	0.01561	0.01052	0.01229	0.01263	0.01297	0.01052	0.00788	0.01628	0.01662	0.02204	0.03645	0.07613	0.04154	0.54541	0.04838	0.00950	0.01018	0.08131	0.00687	0.00687
19	0.01538	0.01025	0.01153	0.01153	0.01153	0.01025	0.00641	0.01538	0.01538	0.02050	0.03331	0.06919	0.03844	0.62842	0.05382	0.01025	0.01025	0.01538	0.00641	0.00641
20	0.01534	0.01040	0.01229	0.01229	0.01255	0.01066	0.00735	0.01586	0.01560	0.02106	0.03262	0.06536	0.03678	0.55235	0.12761	0.01118	0.01275	0.01482	0.00630	0.00683
21	0.01704	0.01121	0.01472	0.01410	0.01682	0.01049	0.01058	0.02122	0.02680	0.07855	0.35635	0.14435	0.12080	0.02913	0.07458	0.00495	0.00801	0.01931	0.01071	0.01028
22	0.29884	0.01726	0.01860	0.01594	0.02205	0.01743	0.01276	0.03626	0.02402	0.25354	0.06778	0.11256	0.03135	0.01514	0.00954	0.00342	0.00801	0.01196	0.00996	0.01358
23	0.03101	0.01703	0.02057	0.01760	0.02290	0.01663	0.01362	0.11837	0.06586	0.22856	0.04885	0.16659	0.09295	0.07063	0.01507	0.00411	0.00852	0.01626	0.01089	0.01398
24	0.02025	0.01674	0.02477	0.14482	0.07799	0.01963	0.01955	0.07713	0.02195	0.03051	0.02444	0.03460	0.02137	0.04821	0.32235	0.01078	0.05700	0.01044	0.00590	0.01159
25	0.08828	0.01915	0.02648	0.02487	0.10074	0.01741	0.01761	0.04752	0.02859	0.46075	0.03689	0.03337	0.02388	0.01236	0.01034	0.00325	0.00944	0.01014	0.01156	0.01738
26	0.01476	0.00999	0.01171	0.01232	0.01247	0.00984	0.00725	0.01521	0.01658	0.02210	0.03947	0.20548	0.04621	0.48153	0.04387	0.00878	0.00923	0.01900	0.00725	0.00694
27	0.01792	0.01258	0.01634	0.07841	0.02353	0.01257	0.01279	0.02288	0.05874	0.07927	0.06132	0.28001	0.17808	0.02976	0.06075	0.00495	0.00909	0.02117	0.00929	0.01054
28	0.07762	0.02272	0.07590	0.25109	0.13233	0.02148	0.02527	0.03607	0.02422	0.19274	0.02556	0.02892	0.01789	0.01104	0.01024	0.00335	0.01203	0.00938	0.00741	0.01473
29	0.08529	0.02027	0.03254	0.43518	0.17038	0.02385	0.02833	0.02853	0.02146	0.03050	0.01864	0.02673	0.01440	0.01026	0.01017	0.00342	0.01322	0.00906	0.00498	0.01276
30	0.02751	0.09434	0.14887	0.18569	0.17292	0.02468	0.02846	0.03454	0.02376	0.12641	0.02273	0.02664	0.01668	0.01046	0.01004	0.00321	0.01283	0.00889	0.00625	0.01508

[dist]
# distance from previous block
# <min> <max>
0	1

[block]
# block no. 2 follows, 13 sequences, length 29
# corresponding to MSA columns:
# 472-500
name=unknown_C
#
# <colnr> <probs for GDERKNQSTAVLIFYWHMCP>
#	G	D	E	R	K	N	Q	S	T	A	V	L	I	F	Y	W	H	M	C	P
0	0.03377	0.04467	0.09778	0.08401	0.03772	0.39647	0.02324	0.04119	0.08611	0.02902	0.01993	0.02268	0.01574	0.01115	0.00984	0.00298	0.01693	0.00777	0.00585	0.01314
1	0.10680	0.01525	0.01582	0.01531	0.01675	0.07615	0.01074	0.01916	0.01613	0.02287	0.01768	0.02878	0.01696	0.03043	0.03336	0.52789	0.01017	0.00848	0.00493	0.00632
2	0.01716	0.01164	0.01283	0.01201	0.01605	0.00987	0.00919	0.02027	0.02552	0.09811	0.14851	0.09098	0.44074	0.02449	0.01226	0.00351	0.00577	0.02049	0.01043	0.01018
3	0.01997	0.01879	0.03171	0.60301	0.07282	0.02349	0.02936	0.02701	0.02114	0.02701	0.01879	0.02819	0.01409	0.01057	0.01057	0.00352	0.01409	0.00940	0.00470	0.01175
4	0.10160	0.01354	0.01736	0.01525	0.01931	0.01275	0.06006	0.01966	0.02322	0.03262	0.15202	0.07221	0.29829	0.02314	0.01500	0.08128	0.00732	0.01724	0.00868	0.00946
5	0.02093	0.01684	0.02035	0.01585	0.02328	0.01326	0.01262	0.02448	0.02117	0.03211	0.02294	0.03420	0.02110	0.01388	0.01280	0.08875	0.00822	0.06141	0.00645	0.52936
6	0.19889	0.01685	0.01879	0.01595	0.02184	0.01679	0.01275	0.06654	0.02584	0.25471	0.03498	0.10488	0.02771	0.01465	0.00945	0.00326	0.00792	0.01167	0.12267	0.01386
7	0.01316	0.01057	0.01174	0.01180	0.01478	0.00915	0.00872	0.01633	0.02514	0.03187	0.21479	0.15337	0.38907	0.02618	0.01260	0.00359	0.00535	0.02237	0.01028	0.00915
8	0.09933	0.01330	0.01559	0.01447	0.01850	0.01265	0.01133	0.02681	0.02511	0.14422	0.16459	0.09945	0.13660	0.05511	0.01374	0.00391	0.00711	0.06826	0.05863	0.01128
9	0.01510	0.01133	0.01699	0.01699	0.01888	0.01322	0.01322	0.01888	0.01699	0.02454	0.02832	0.04154	0.02643	0.07930	0.58652	0.01699	0.02832	0.01133	0.00566	0.00944
10	0.50457	0.02192	0.01961	0.01643	0.02352	0.02454	0.01355	0.12778	0.02539	0.10872	0.01973	0.02081	0.01432	0.01072	0.00776	0.00325	0.00893	0.00699	0.00803	0.01342
11	0.04000	0.02241	0.02648	0.02073	0.02834	0.02281	0.01696	0.24777	0.06728	0.27730	0.08601	0.03600	0.03038	0.01384	0.01080	0.00325	0.00967	0.01108	0.01176	0.01712
12	0.02247	0.01987	0.02600	0.02250	0.02334	0.02572	0.01776	0.07212	0.01927	0.02803	0.02091	0.03731	0.02173	0.20269	0.03810	0.00619	0.36846	0.01113	0.00576	0.01064
13	0.01901	0.01506	0.01762	0.01624	0.01997	0.01581	0.01239	0.03289	0.21329	0.04305	0.37337	0.06486	0.07566	0.01902	0.01186	0.00342	0.00620	0.01656	0.01132	0.01239
14	0.03457	0.01728	0.02196	0.01884	0.02494	0.01671	0.01519	0.04445	0.14450	0.31619	0.07643	0.09414	0.03936	0.01726	0.01144	0.00361	0.00847	0.06724	0.01184	0.01556
15	0.03270	0.02128	0.02410	0.02070	0.02734	0.02304	0.01637	0.05477	0.38793	0.20344	0.04263	0.03840	0.03043	0.01396	0.01072	0.00349	0.00856	0.01155	0.01146	0.01712
16	0.02630	0.02271	0.02391	0.02152	0.02749	0.02630	0.01674	0.05618	0.54336	0.04423	0.04303	0.03945	0.03228	0.01434	0.01076	0.00359	0.00837	0.01195	0.01076	0.01674
17	0.01608	0.01148	0.01593	0.01837	0.02039	0.01134	0.01537	0.02024	0.02339	0.03057	0.05651	0.23552	0.06295	0.03011	0.01435	0.00474	0.00890	0.38454	0.00975	0.00947
18	0.01826	0.01110	0.01384	0.01369	0.01649	0.01001	0.01005	0.02166	0.02510	0.10077	0.20279	0.25103	0.16393	0.02456	0.01218	0.00361	0.00593	0.02151	0.06318	0.01032
19	0.02192	0.01879	0.02192	0.01566	0.02506	0.01409	0.01253	0.02662	0.02192	0.03445	0.01879	0.02192	0.01566	0.00783	0.00783	0.00157	0.00783	0.00626	0.00626	0.69305
20	0.01250	0.01071	0.01071	0.01071	0.01428	0.00893	0.00803	0.01517	0.02410	0.02856	0.10711	0.10175	0.55817	0.02678	0.01250	0.00357	0.00536	0.02231	0.00982	0.00893
21	0.01316	0.00932	0.01219	0.01437	0.01492	0.00877	0.00944	0.01479	0.01971	0.02627	0.05552	0.56058	0.06646	0.09880	0.01794	0.00495	0.00659	0.02844	0.00944	0.00835
22	0.10089	0.02046	0.02726	0.02169	0.02865	0.02062	0.07858	0.07295	0.14255	0.24238	0.03487	0.03698	0.02566	0.08038	0.01525	0.00414	0.01018	0.01113	0.01006	0.01532
23	0.02301	0.14410	0.37787	0.02537	0.03743	0.02623	0.03011	0.06613	0.02326	0.03278	0.02052	0.02754	0.01690	0.08778	0.01504	0.00402	0.01395	0.00852	0.00515	0.01429
24	0.01282	0.01008	0.01139	0.01237	0.01454	0.00887	0.00865	0.01500	0.02202	0.02745	0.08304	0.30876	0.33062	0.06552	0.01538	0.00426	0.00596	0.02501	0.00961	0.00864
25	0.01964	0.01236	0.01721	0.01677	0.01839	0.01315	0.01243	0.02112	0.02027	0.08895	0.08932	0.24895	0.04621	0.03373	0.08567	0.13474	0.08520	0.01809	0.00827	0.00953
26	0.02273	0.09361	0.02759	0.08501	0.02811	0.02037	0.05415	0.02560	0.01984	0.08739	0.02928	0.09966	0.02929	0.22224	0.02832	0.00583	0.09011	0.01335	0.00677	0.01075
27	0.10869	0.02318	0.02814	0.08829	0.03293	0.02754	0.01993	0.14924	0.07844	0.07914	0.02241	0.02599	0.01739	0.01377	0.01726	0.00361	0.19174	0.00910	0.00757	0.05563
28	0.10379	0.01930	0.02430	0.06757	0.08747	0.01841	0.01676	0.03500	0.08315	0.13589	0.02834	0.06976	0.02293	0.01198	0.00945	0.00283	0.00904	0.00996	0.00811	0.23596

[dist]
# distance from previous block
# <min> <max>
0	8

[block]
# block no. 3 follows, 13 sequences, length 24
# corresponding to MSA columns:
# 509-532
name=unknown_D
#
# <colnr> <probs for GDERKNQSTAVLIFYWHMCP>
#	G	D	E	R	K	N	Q	S	T	A	V	L	I	F	Y	W	H	M	C	P
0	0.02577	0.02053	0.02964	0.37000	0.05517	0.02296	0.02413	0.11206	0.02672	0.07693	0.02167	0.02735	0.01592	0.01069	0.01015	0.00314	0.01231	0.00903	0.00657	0.11925
1	0.06732	0.01363	0.01741	0.01628	0.01909	0.01411	0.01217	0.02398	0.05355	0.07594	0.07248	0.15487	0.03661	0.03049	0.08097	0.17626	0.04907	0.01426	0.00772	0.06378
2	0.02619	0.02273	0.06110	0.02758	0.11351	0.02202	0.01983	0.08266	0.22136	0.08325	0.08154	0.04898	0.07067	0.01573	0.01123	0.00353	0.00950	0.05386	0.00954	0.01520
3	0.01359	0.00975	0.01290	0.01424	0.01549	0.00906	0.00987	0.01650	0.02353	0.03221	0.22731	0.43760	0.08004	0.02922	0.01315	0.00397	0.00575	0.02635	0.01043	0.00906
4	0.02343	0.01499	0.01764	0.01624	0.01969	0.01521	0.01204	0.07179	0.10057	0.11083	0.07745	0.12171	0.07680	0.20435	0.02459	0.00569	0.00879	0.05712	0.00957	0.01150
5	0.08971	0.01872	0.02154	0.01832	0.02358	0.01929	0.01421	0.18598	0.03091	0.16578	0.03622	0.17118	0.03316	0.06711	0.01597	0.04082	0.00919	0.01472	0.00998	0.01358
6	0.01366	0.01052	0.01104	0.01104	0.01317	0.00946	0.00738	0.01526	0.02058	0.02531	0.07731	0.08860	0.34828	0.26975	0.02918	0.00627	0.00733	0.01951	0.00844	0.00791
7	0.01510	0.01133	0.01699	0.01699	0.01888	0.01322	0.01322	0.01888	0.01699	0.02454	0.02832	0.04154	0.02643	0.07930	0.58652	0.01699	0.02832	0.01133	0.00566	0.00944
8	0.02813	0.01321	0.01753	0.01593	0.01981	0.01188	0.01179	0.03088	0.02447	0.25894	0.08016	0.25850	0.04876	0.10743	0.01787	0.00463	0.00786	0.01899	0.01085	0.01239
9	0.02192	0.01879	0.02192	0.01566	0.02506	0.01409	0.01253	0.02662	0.02192	0.03445	0.01879	0.02192	0.01566	0.00783	0.00783	0.00157	0.00783	0.00626	0.00626	0.69305
10	0.01545	0.01110	0.01665	0.01665	0.01834	0.01279	0.01279	0.01834	0.01665	0.02389	0.02727	0.04054	0.02558	0.07480	0.52886	0.08842	0.02630	0.01110	0.00555	0.00893
11	0.01675	0.01022	0.01350	0.01488	0.01624	0.00947	0.01012	0.01867	0.02088	0.08383	0.05435	0.51150	0.06256	0.08284	0.01670	0.00470	0.00680	0.02672	0.00986	0.00939
12	0.01607	0.01045	0.01320	0.01396	0.01583	0.00953	0.00972	0.01850	0.02257	0.07187	0.13270	0.37146	0.14199	0.08078	0.01648	0.00448	0.00644	0.02452	0.01004	0.00939
13	0.01488	0.01057	0.01348	0.01307	0.01494	0.00992	0.00928	0.01866	0.02636	0.03696	0.41652	0.12010	0.08559	0.13941	0.02052	0.00474	0.00609	0.01927	0.01049	0.00918
14	0.02192	0.01879	0.02192	0.01566	0.02506	0.01409	0.01253	0.02662	0.02192	0.03445	0.01879	0.02192	0.01566	0.00783	0.00783	0.00157	0.00783	0.00626	0.00626	0.69305
15	0.01861	0.01073	0.01437	0.01530	0.01725	0.00980	0.01075	0.02102	0.02247	0.11594	0.08683	0.49261	0.06471	0.02916	0.01297	0.00407	0.00653	0.02622	0.01046	0.01020
16	0.02256	0.01326	0.01665	0.01615	0.01895	0.01317	0.01176	0.06648	0.06384	0.10928	0.04373	0.30481	0.04490	0.02624	0.01681	0.11762	0.00760	0.01930	0.05609	0.01079
17	0.01345	0.01010	0.01261	0.01437	0.01611	0.00926	0.01049	0.01601	0.02198	0.02818	0.07154	0.39500	0.20476	0.03072	0.01340	0.00418	0.00650	0.10266	0.00980	0.00887
18	0.02963	0.01389	0.01800	0.01536	0.01996	0.01241	0.01167	0.03284	0.02614	0.27851	0.14747	0.09462	0.09197	0.13590	0.01967	0.00472	0.00795	0.01548	0.01102	0.01279
19	0.01769	0.01119	0.01443	0.01449	0.01713	0.01074	0.01103	0.02137	0.02355	0.07863	0.15228	0.18538	0.13139	0.03356	0.11001	0.00593	0.01001	0.05972	0.08137	0.01010
20	0.02458	0.02313	0.07389	0.37461	0.05679	0.02502	0.02726	0.07289	0.02376	0.07598	0.02057	0.02739	0.01535	0.01209	0.01407	0.00362	0.10068	0.00936	0.00588	0.01309
21	0.02042	0.01396	0.01782	0.01863	0.02179	0.01429	0.01505	0.02928	0.12380	0.07949	0.05282	0.22183	0.05461	0.02593	0.01324	0.00434	0.00851	0.24244	0.01024	0.01151
22	0.09685	0.01687	0.02193	0.01778	0.02468	0.01517	0.01433	0.04425	0.02772	0.44407	0.04197	0.12307	0.03157	0.01585	0.01073	0.00343	0.00850	0.01316	0.01205	0.01602
23	0.07827	0.01357	0.01658	0.06076	0.02170	0.01397	0.01194	0.02558	0.06899	0.07671	0.22302	0.12511	0.05844	0.13667	0.01960	0.00480	0.00774	0.01648	0.00946	0.01060

[dist]
# distance from previous block
# <min> <max>
1	4

[block]
# block no. 4 follows, 13 sequences, length 12
# corresponding to MSA columns:
# 537-548
name=unknown_E
#
# <colnr> <probs for GDERKNQSTAVLIFYWHMCP>
#	G	D	E	R	K	N	Q	S	T	A	V	L	I	F	Y	W	H	M	C	P
0	0.02391	0.09423	0.04412	0.07046	0.15137	0.02601	0.17911	0.02991	0.02218	0.03090	0.01969	0.02655	0.01645	0.01634	0.06449	0.00442	0.07897	0.00975	0.00524	0.08590
1	0.01913	0.01598	0.01877	0.01474	0.02179	0.01247	0.01145	0.02332	0.02286	0.03383	0.09086	0.10092	0.09319	0.01418	0.00947	0.00228	0.00706	0.01202	0.00763	0.46806
2	0.01538	0.01025	0.01153	0.01153	0.01153	0.01025	0.00641	0.01538	0.01538	0.02050	0.03331	0.06919	0.03844	0.62842	0.05382	0.01025	0.01025	0.01538	0.00641	0.00641
3	0.28538	0.02370	0.08160	0.06141	0.07714	0.02074	0.01840	0.03383	0.02203	0.12964	0.02125	0.02335	0.01559	0.01004	0.00848	0.00297	0.00984	0.00746	0.00714	0.14001
4	0.03737	0.02551	0.03540	0.08875	0.03967	0.05960	0.12288	0.17646	0.03357	0.22789	0.02896	0.02961	0.01974	0.01171	0.01092	0.00330	0.01272	0.01033	0.00942	0.01619
5	0.02848	0.05926	0.03363	0.10271	0.22045	0.02359	0.02318	0.06659	0.09063	0.10418	0.02528	0.02803	0.01929	0.01056	0.00990	0.00296	0.01087	0.00916	0.00731	0.12395
6	0.08947	0.05656	0.02738	0.14786	0.03644	0.02170	0.01869	0.03901	0.07921	0.21763	0.02831	0.02937	0.02008	0.01190	0.01136	0.00319	0.05079	0.00918	0.00855	0.09331
7	0.12796	0.02042	0.02799	0.19333	0.13186	0.02194	0.02163	0.08716	0.02548	0.10023	0.02535	0.07940	0.02113	0.01262	0.01003	0.00328	0.01092	0.01064	0.00729	0.06137
8	0.11106	0.02258	0.02875	0.16273	0.04019	0.02447	0.04604	0.16281	0.08506	0.11729	0.02587	0.02791	0.01861	0.01145	0.00999	0.00321	0.01111	0.00933	0.00840	0.07314
9	0.03038	0.12206	0.03752	0.07487	0.24726	0.07276	0.02375	0.03539	0.02479	0.12303	0.02228	0.02541	0.01729	0.01000	0.00953	0.00283	0.01186	0.00844	0.00656	0.09399
10	0.09951	0.02097	0.02676	0.16168	0.08273	0.02277	0.01997	0.12654	0.08428	0.08995	0.08659	0.03366	0.02782	0.01251	0.01019	0.00322	0.01031	0.01032	0.00836	0.06184
11	0.11256	0.01981	0.02799	0.10028	0.06594	0.02075	0.07115	0.11583	0.02648	0.12275	0.02674	0.07889	0.02219	0.01710	0.01543	0.11318	0.01096	0.01122	0.00780	0.01295

[dist]
# distance from previous block
# <min> <max>
0	9

# created by:
# /st0/software/busco_prod/Augustus/scripts/msa2prfl.pl ./align_prep/8926.fa
