[name]
unknown

[dist]
# distance from previous block
# <min> <max>
0	0

[block]
# block no. 0 follows, 13 sequences, length 32
# corresponding to MSA columns:
# 0-31
name=unknown_A
#
# <colnr> <probs for GDERKNQSTAVLIFYWHMCP>
#	G	D	E	R	K	N	Q	S	T	A	V	L	I	F	Y	W	H	M	C	P
0	0.01704	0.01217	0.01704	0.01947	0.02191	0.01217	0.01704	0.02191	0.02434	0.03164	0.05598	0.11926	0.06085	0.02921	0.01460	0.00487	0.00974	0.49130	0.00974	0.00974
1	0.04272	0.02556	0.02922	0.02240	0.03076	0.02677	0.01851	0.36117	0.04292	0.24227	0.03108	0.02909	0.02084	0.01283	0.01060	0.00321	0.01071	0.00991	0.01145	0.01799
2	0.01811	0.01668	0.02482	0.18157	0.17551	0.01708	0.02016	0.02289	0.02331	0.02974	0.06059	0.06222	0.27049	0.01788	0.01145	0.00344	0.00958	0.01547	0.00725	0.01175
3	0.01856	0.01689	0.02881	0.36215	0.05305	0.01996	0.06219	0.02452	0.02027	0.02689	0.02432	0.07369	0.02147	0.03031	0.16407	0.00716	0.01761	0.01161	0.00537	0.01111
4	0.70310	0.02045	0.01554	0.01390	0.02045	0.02372	0.01145	0.03108	0.01799	0.04744	0.01472	0.01718	0.01145	0.00981	0.00654	0.00327	0.00818	0.00573	0.00654	0.01145
5	0.01465	0.01080	0.01370	0.01297	0.01560	0.00984	0.00973	0.01934	0.02919	0.04063	0.49952	0.08188	0.15823	0.02227	0.01247	0.00336	0.00503	0.01953	0.01141	0.00984
6	0.02033	0.01114	0.01539	0.01432	0.01605	0.01063	0.00998	0.01859	0.01633	0.06337	0.02291	0.03689	0.02190	0.11086	0.08073	0.42887	0.01070	0.00996	0.00573	0.07531
7	0.02285	0.02417	0.05033	0.03789	0.04639	0.02286	0.38924	0.03069	0.02479	0.03328	0.03059	0.05265	0.02796	0.01431	0.01304	0.00391	0.01567	0.13980	0.00651	0.01306
8	0.01284	0.00935	0.01211	0.01432	0.01523	0.00862	0.00964	0.01477	0.02063	0.02715	0.06317	0.56938	0.11891	0.03249	0.01340	0.00422	0.00606	0.02928	0.00982	0.00862
9	0.02271	0.02969	0.17713	0.20492	0.04920	0.02323	0.09490	0.09200	0.02579	0.03508	0.02636	0.08398	0.02314	0.01388	0.01126	0.00361	0.01367	0.04965	0.00631	0.01348
10	0.02946	0.02259	0.03529	0.17042	0.29272	0.02361	0.02701	0.06697	0.05851	0.13055	0.02531	0.02914	0.01888	0.01084	0.01054	0.00328	0.01195	0.00979	0.00719	0.01594
11	0.01288	0.00920	0.01227	0.01472	0.01534	0.00859	0.00981	0.01472	0.02024	0.02699	0.05828	0.62152	0.06993	0.03312	0.01350	0.00429	0.00613	0.03006	0.00981	0.00859
12	0.02300	0.02118	0.06402	0.06356	0.02730	0.06465	0.01641	0.03284	0.12887	0.08950	0.18023	0.11781	0.09039	0.01836	0.01148	0.00347	0.00897	0.01566	0.00962	0.01266
13	0.01390	0.01003	0.01240	0.01318	0.01451	0.00934	0.00891	0.01626	0.02218	0.02977	0.18712	0.30000	0.13180	0.15585	0.02167	0.00522	0.00662	0.02316	0.00956	0.00852
14	0.02548	0.02500	0.03198	0.03446	0.16739	0.10573	0.06375	0.07131	0.02678	0.03548	0.13010	0.03726	0.03397	0.02043	0.07151	0.00472	0.08291	0.01146	0.00701	0.01326
15	0.01613	0.01283	0.01896	0.01837	0.02001	0.01566	0.01448	0.01972	0.01689	0.02466	0.02648	0.03919	0.02483	0.07154	0.51614	0.01542	0.10239	0.01106	0.00553	0.00971
16	0.01971	0.00985	0.00985	0.00985	0.01232	0.00985	0.00739	0.02464	0.02217	0.03942	0.03449	0.03942	0.02710	0.01232	0.00739	0.00246	0.00493	0.00985	0.68712	0.00985
17	0.02700	0.41747	0.08766	0.06904	0.03259	0.07385	0.02014	0.03151	0.02218	0.02702	0.01602	0.01911	0.01387	0.00923	0.00769	0.00240	0.01198	0.00630	0.00482	0.10014
18	0.01818	0.01666	0.01822	0.01681	0.01893	0.06350	0.01281	0.02110	0.02289	0.03000	0.18358	0.06453	0.17743	0.10665	0.05599	0.00534	0.13364	0.01587	0.00814	0.00972
19	0.22997	0.07831	0.07257	0.02034	0.02813	0.02819	0.01795	0.15229	0.18622	0.04774	0.02616	0.02627	0.01964	0.01181	0.00907	0.00327	0.00992	0.00866	0.00840	0.01509
20	0.70310	0.02045	0.01554	0.01390	0.02045	0.02372	0.01145	0.03108	0.01799	0.04744	0.01472	0.01718	0.01145	0.00981	0.00654	0.00327	0.00818	0.00573	0.00654	0.01145
21	0.03735	0.02820	0.03013	0.02375	0.03170	0.03146	0.01941	0.43073	0.15083	0.06205	0.02900	0.02827	0.02091	0.01303	0.01061	0.00326	0.01097	0.01002	0.01061	0.01773
22	0.04019	0.02962	0.03173	0.02433	0.03279	0.03279	0.02010	0.52721	0.04971	0.06663	0.02538	0.02538	0.01798	0.01269	0.01058	0.00317	0.01163	0.00952	0.01058	0.01798
23	0.02180	0.02106	0.03687	0.43298	0.18289	0.02414	0.07208	0.02883	0.02213	0.02931	0.01926	0.02776	0.01486	0.01017	0.01071	0.00344	0.01406	0.00966	0.00488	0.01310
24	0.59311	0.02045	0.01765	0.01543	0.02159	0.02372	0.01273	0.03237	0.01889	0.09004	0.01695	0.01925	0.01289	0.01079	0.00914	0.00338	0.05624	0.00642	0.00695	0.01202
25	0.02367	0.01393	0.01708	0.01622	0.02053	0.01311	0.01283	0.03011	0.08510	0.16533	0.06613	0.16701	0.19452	0.02342	0.01238	0.00385	0.00753	0.10436	0.01072	0.01218
26	0.02356	0.02395	0.03348	0.43400	0.15467	0.09552	0.02877	0.02992	0.02279	0.02821	0.01867	0.02667	0.01451	0.01041	0.01042	0.00335	0.01446	0.00907	0.00489	0.01270
27	0.02374	0.03399	0.23439	0.02607	0.03520	0.06501	0.08830	0.03292	0.06098	0.07875	0.07168	0.13808	0.03312	0.01561	0.01123	0.00351	0.01256	0.01377	0.00736	0.01375
28	0.01538	0.01025	0.01153	0.01153	0.01153	0.01025	0.00641	0.01538	0.01538	0.02050	0.03331	0.06919	0.03844	0.62842	0.05382	0.01025	0.01025	0.01538	0.00641	0.00641
29	0.01724	0.01077	0.01429	0.01453	0.01670	0.00988	0.01046	0.02064	0.02538	0.08801	0.26921	0.33146	0.07826	0.02621	0.01277	0.00378	0.00593	0.02345	0.01092	0.01012
30	0.02363	0.10828	0.21831	0.08489	0.08203	0.02472	0.02626	0.09904	0.02692	0.03717	0.09105	0.07655	0.02980	0.01355	0.01038	0.00326	0.01202	0.01124	0.00675	0.01414
31	0.03061	0.13205	0.14014	0.03223	0.07997	0.14563	0.12533	0.12270	0.02931	0.03661	0.01946	0.02290	0.01507	0.01026	0.01005	0.00305	0.01516	0.00863	0.00600	0.01484

[dist]
# distance from previous block
# <min> <max>
0	1

[block]
# block no. 1 follows, 13 sequences, length 9
# corresponding to MSA columns:
# 33-41
name=unknown_B
#
# <colnr> <probs for GDERKNQSTAVLIFYWHMCP>
#	G	D	E	R	K	N	Q	S	T	A	V	L	I	F	Y	W	H	M	C	P
0	0.09178	0.01775	0.02249	0.02266	0.07530	0.01890	0.01599	0.06659	0.05694	0.13742	0.04235	0.15650	0.08865	0.02213	0.04443	0.00440	0.07856	0.01510	0.00897	0.01309
1	0.01446	0.00954	0.01280	0.01452	0.01508	0.00916	0.00982	0.01516	0.01881	0.02501	0.04800	0.41350	0.05630	0.10514	0.02338	0.12749	0.00744	0.05824	0.00847	0.00770
2	0.02545	0.08346	0.09425	0.02362	0.08981	0.01945	0.01885	0.03105	0.02300	0.08596	0.02079	0.02336	0.01634	0.00891	0.00857	0.00220	0.00976	0.00718	0.00643	0.40155
3	0.03139	0.03172	0.18974	0.02432	0.03335	0.02422	0.02410	0.09069	0.14672	0.18053	0.03063	0.03029	0.02164	0.01302	0.01309	0.00350	0.07609	0.00984	0.00882	0.01630
4	0.01461	0.00993	0.01176	0.01251	0.01270	0.00974	0.00745	0.01518	0.01687	0.02249	0.04096	0.23847	0.04809	0.44597	0.04146	0.00842	0.00899	0.01988	0.00745	0.00708
5	0.02483	0.02128	0.03650	0.18717	0.18131	0.02216	0.11513	0.03295	0.06569	0.08487	0.02851	0.10082	0.02451	0.01324	0.01126	0.00350	0.01245	0.01278	0.00688	0.01413
6	0.02978	0.02401	0.09638	0.15861	0.04462	0.02022	0.13269	0.03642	0.02549	0.21319	0.03574	0.03739	0.07148	0.01257	0.01114	0.00343	0.01252	0.01157	0.00815	0.01459
7	0.07813	0.09467	0.13302	0.21420	0.08503	0.02664	0.15929	0.03109	0.02231	0.03181	0.01881	0.02505	0.01439	0.00975	0.01024	0.00332	0.01446	0.00924	0.00499	0.01355
8	0.03424	0.03348	0.02592	0.02296	0.02811	0.28702	0.01755	0.09729	0.07920	0.08429	0.02390	0.02716	0.01898	0.02135	0.07017	0.08371	0.01593	0.00872	0.00724	0.01278

[dist]
# distance from previous block
# <min> <max>
3	16

[block]
# block no. 2 follows, 13 sequences, length 54
# corresponding to MSA columns:
# 58-111
name=unknown_C
#
# <colnr> <probs for GDERKNQSTAVLIFYWHMCP>
#	G	D	E	R	K	N	Q	S	T	A	V	L	I	F	Y	W	H	M	C	P
0	0.10776	0.11917	0.16248	0.02167	0.03078	0.02238	0.06109	0.03375	0.02456	0.14827	0.08922	0.03727	0.07196	0.01311	0.00994	0.00319	0.01083	0.01069	0.00786	0.01402
1	0.01940	0.01177	0.01444	0.01321	0.01633	0.01063	0.00970	0.02278	0.02588	0.11502	0.27657	0.07577	0.18113	0.13734	0.02009	0.00470	0.00668	0.01785	0.01045	0.01027
2	0.02502	0.03326	0.22425	0.02889	0.08021	0.02329	0.05520	0.04097	0.19749	0.08037	0.03228	0.07838	0.02577	0.01348	0.01079	0.00349	0.01176	0.01164	0.00782	0.01564
3	0.02265	0.02658	0.13339	0.02240	0.02979	0.02181	0.04915	0.07051	0.23780	0.03981	0.08768	0.08720	0.09266	0.01641	0.01124	0.00354	0.00981	0.01407	0.00907	0.01442
4	0.02074	0.07437	0.13043	0.02616	0.07454	0.02129	0.07537	0.02880	0.06408	0.03485	0.18744	0.04555	0.04414	0.06469	0.01625	0.00393	0.05436	0.01281	0.00750	0.01270
5	0.01762	0.01470	0.02065	0.01837	0.02214	0.01458	0.06734	0.02700	0.12526	0.03767	0.26577	0.17527	0.10775	0.02152	0.01235	0.00361	0.00730	0.01944	0.01028	0.01138
6	0.02215	0.02245	0.04158	0.35503	0.10433	0.02522	0.17274	0.02933	0.02213	0.02950	0.01928	0.02775	0.01486	0.01058	0.01288	0.00359	0.05855	0.01028	0.00493	0.01287
7	0.02329	0.01942	0.03082	0.40388	0.11514	0.02154	0.02593	0.02964	0.02236	0.07520	0.02086	0.02767	0.01565	0.01024	0.01014	0.00316	0.01253	0.00902	0.00571	0.11780
8	0.52357	0.01970	0.01784	0.01596	0.02089	0.02357	0.01296	0.02862	0.01752	0.04132	0.01649	0.02252	0.01427	0.05145	0.04742	0.00468	0.09681	0.00713	0.00621	0.01105
9	0.07475	0.02025	0.03368	0.31748	0.17871	0.02259	0.06875	0.02792	0.02183	0.03101	0.02315	0.08989	0.02062	0.01249	0.01070	0.00350	0.01273	0.01157	0.00557	0.01280
10	0.02452	0.18791	0.03859	0.02515	0.02759	0.03493	0.02177	0.02712	0.01762	0.02529	0.01410	0.02147	0.01380	0.01596	0.02718	0.00399	0.44803	0.00828	0.00460	0.01211
11	0.02192	0.01879	0.02192	0.01566	0.02506	0.01409	0.01253	0.02662	0.02192	0.03445	0.01879	0.02192	0.01566	0.00783	0.00783	0.00157	0.00783	0.00626	0.00626	0.69305
12	0.11142	0.02151	0.02677	0.02822	0.10169	0.06462	0.02013	0.02675	0.01969	0.03023	0.02279	0.03742	0.02193	0.02835	0.12837	0.00648	0.21977	0.06631	0.00583	0.01172
13	0.01394	0.00999	0.01333	0.01480	0.01617	0.00938	0.01063	0.01704	0.02356	0.03206	0.20614	0.40702	0.07783	0.02929	0.01331	0.00407	0.00618	0.07580	0.01035	0.00912
14	0.02000	0.01776	0.02734	0.24220	0.08542	0.01975	0.05337	0.02923	0.10096	0.03283	0.12202	0.08106	0.03810	0.06698	0.01493	0.00409	0.01089	0.01357	0.00741	0.01209
15	0.30467	0.01896	0.02101	0.01689	0.02442	0.01875	0.01394	0.04351	0.02545	0.36486	0.03112	0.02861	0.02040	0.01180	0.00903	0.00327	0.00868	0.00871	0.01052	0.01543
16	0.02036	0.02888	0.19821	0.02404	0.03186	0.02005	0.05944	0.03335	0.14589	0.03485	0.06593	0.11360	0.03615	0.02240	0.06053	0.00486	0.01275	0.06565	0.00776	0.01345
17	0.01518	0.01103	0.01546	0.01546	0.01681	0.01238	0.01130	0.01790	0.01654	0.02341	0.02972	0.04931	0.02981	0.23364	0.43680	0.01510	0.02324	0.01247	0.00587	0.00859
18	0.02237	0.01584	0.02468	0.32509	0.04753	0.01770	0.02105	0.02766	0.02338	0.11553	0.08939	0.15595	0.03678	0.01678	0.01138	0.00362	0.01066	0.01487	0.00784	0.01191
19	0.03884	0.04475	0.02994	0.02634	0.03239	0.44643	0.02014	0.13587	0.06464	0.03478	0.01968	0.02150	0.01558	0.01145	0.00981	0.00286	0.01700	0.00764	0.00675	0.01362
20	0.54012	0.02100	0.02014	0.05847	0.08364	0.02403	0.01526	0.03261	0.05324	0.04448	0.01741	0.02034	0.01357	0.01012	0.00751	0.00329	0.00906	0.00678	0.00656	0.01240
21	0.02368	0.02648	0.08867	0.37424	0.05756	0.07093	0.02775	0.06345	0.05759	0.03120	0.02024	0.02698	0.01541	0.01155	0.01234	0.00351	0.06083	0.00918	0.00551	0.01292
22	0.02571	0.02762	0.12904	0.02321	0.03103	0.02339	0.05877	0.13629	0.18322	0.04521	0.11176	0.03866	0.03457	0.01374	0.01070	0.00332	0.01030	0.01165	0.06685	0.01496
23	0.02440	0.02332	0.03972	0.21817	0.42300	0.02466	0.03157	0.03090	0.02324	0.03240	0.01958	0.02674	0.01599	0.00975	0.01050	0.00325	0.01300	0.00941	0.00508	0.01532
24	0.02660	0.08638	0.02789	0.02022	0.02681	0.02469	0.01652	0.04143	0.24176	0.07840	0.02974	0.03005	0.02304	0.01252	0.01269	0.00303	0.08714	0.00933	0.00830	0.19347
25	0.01434	0.01078	0.01327	0.01265	0.01541	0.00971	0.00948	0.01874	0.02845	0.03890	0.44299	0.08475	0.21585	0.02292	0.01248	0.00339	0.00508	0.01993	0.01118	0.00971
26	0.31380	0.19941	0.02792	0.01552	0.02227	0.02753	0.01359	0.08280	0.02313	0.04145	0.01936	0.02193	0.01554	0.01034	0.00719	0.00282	0.00888	0.00684	0.12719	0.01248
27	0.01396	0.01003	0.01324	0.01399	0.01557	0.00931	0.00990	0.01743	0.02526	0.03498	0.31676	0.34026	0.08540	0.02716	0.01296	0.00379	0.00554	0.02439	0.01076	0.00931
28	0.02465	0.02357	0.04017	0.19659	0.44263	0.02472	0.03169	0.03112	0.02336	0.03270	0.01962	0.02666	0.01610	0.00970	0.01049	0.00323	0.01294	0.00941	0.00510	0.01552
29	0.03742	0.04704	0.03015	0.08839	0.03695	0.52623	0.02138	0.04060	0.02903	0.02600	0.01660	0.02004	0.01367	0.01086	0.00964	0.00281	0.01854	0.00708	0.00537	0.01220
30	0.02187	0.02341	0.11288	0.03554	0.20360	0.01832	0.05540	0.02719	0.02227	0.06576	0.03340	0.19695	0.03393	0.08208	0.01599	0.00429	0.01111	0.01584	0.00704	0.01312
31	0.03343	0.13412	0.07282	0.02066	0.02887	0.02570	0.01839	0.15908	0.08764	0.17107	0.03111	0.07580	0.02445	0.01345	0.00995	0.00308	0.01019	0.01068	0.00931	0.06022
32	0.02902	0.03004	0.18473	0.02134	0.03221	0.01907	0.02161	0.07687	0.02629	0.15753	0.02457	0.02550	0.01756	0.01008	0.00934	0.00261	0.01070	0.00798	0.00764	0.28531
33	0.02869	0.12782	0.20444	0.09263	0.03852	0.06944	0.02544	0.08663	0.02653	0.11092	0.02524	0.07305	0.02045	0.01262	0.00999	0.00320	0.01290	0.00999	0.00690	0.01460
34	0.07929	0.08167	0.41335	0.02988	0.08084	0.02486	0.03321	0.03452	0.02268	0.07628	0.02023	0.02295	0.01451	0.01016	0.00964	0.00325	0.01401	0.00786	0.00537	0.01544
35	0.01380	0.01067	0.01163	0.01139	0.01456	0.00931	0.00854	0.01733	0.02563	0.03346	0.23173	0.09006	0.38185	0.02410	0.01207	0.00341	0.00521	0.02037	0.06553	0.00931
36	0.02029	0.02280	0.15391	0.06536	0.03014	0.01531	0.02092	0.02609	0.02294	0.08915	0.04322	0.23908	0.04471	0.02256	0.01239	0.00403	0.01029	0.13648	0.00845	0.01187
37	0.01954	0.06107	0.13668	0.23348	0.04397	0.02124	0.02364	0.02774	0.06179	0.02883	0.03242	0.04064	0.07842	0.08335	0.05933	0.00517	0.01352	0.01125	0.00593	0.01198
38	0.02258	0.02328	0.03949	0.03154	0.03493	0.02803	0.17700	0.02688	0.01935	0.02823	0.02107	0.09028	0.02068	0.01713	0.02549	0.00426	0.35976	0.01253	0.00542	0.01208
39	0.02357	0.01246	0.01551	0.01417	0.01822	0.01102	0.01081	0.02712	0.02609	0.18592	0.15815	0.16883	0.18783	0.02189	0.01173	0.00348	0.00643	0.01879	0.06628	0.01172
40	0.06156	0.02603	0.12709	0.12803	0.03568	0.06247	0.02156	0.06928	0.02675	0.03665	0.14377	0.05244	0.07757	0.01637	0.01118	0.00351	0.01113	0.06896	0.00776	0.01222
41	0.02154	0.01524	0.01717	0.01678	0.01873	0.07405	0.01236	0.02202	0.01910	0.06745	0.02952	0.08624	0.02915	0.08668	0.16130	0.24230	0.01469	0.05059	0.00657	0.00852
42	0.01307	0.00954	0.01231	0.01414	0.01527	0.00878	0.00964	0.01534	0.02171	0.02884	0.11802	0.50694	0.12505	0.03119	0.01328	0.00411	0.00593	0.02804	0.01001	0.00878
43	0.02316	0.01644	0.02554	0.33759	0.04915	0.01853	0.02198	0.02873	0.02344	0.11549	0.08480	0.04795	0.03211	0.06169	0.01455	0.00413	0.01154	0.06382	0.00746	0.01193
44	0.03894	0.03447	0.03067	0.02487	0.03236	0.17556	0.01992	0.36539	0.08255	0.05436	0.02440	0.02483	0.01795	0.01235	0.01032	0.00309	0.01331	0.00900	0.00926	0.01640
45	0.03219	0.04002	0.27636	0.02651	0.03819	0.02767	0.02831	0.26528	0.03574	0.09238	0.02381	0.02486	0.01657	0.01153	0.01034	0.00326	0.01323	0.00884	0.00801	0.01692
46	0.02537	0.02176	0.03326	0.04168	0.26801	0.02418	0.02452	0.03157	0.05997	0.07522	0.02679	0.10498	0.02485	0.01556	0.01726	0.00372	0.16781	0.01236	0.00671	0.01442
47	0.70310	0.02045	0.01554	0.01390	0.02045	0.02372	0.01145	0.03108	0.01799	0.04744	0.01472	0.01718	0.01145	0.00981	0.00654	0.00327	0.00818	0.00573	0.00654	0.01145
48	0.02065	0.01910	0.03195	0.45494	0.14575	0.02255	0.02855	0.02734	0.02195	0.02871	0.02292	0.03754	0.01948	0.01237	0.01098	0.00361	0.01339	0.06058	0.00532	0.01233
49	0.14930	0.07478	0.03284	0.03565	0.23320	0.02410	0.02146	0.07336	0.02518	0.09716	0.02119	0.02412	0.01649	0.00987	0.00906	0.00285	0.01045	0.00808	0.00686	0.12397
50	0.13930	0.02412	0.03032	0.02425	0.03128	0.08111	0.11908	0.07542	0.06985	0.14860	0.08662	0.03871	0.03037	0.01343	0.01068	0.00339	0.01149	0.03896	0.00891	0.01411
51	0.03419	0.08250	0.12993	0.02856	0.09112	0.02813	0.02407	0.21730	0.03344	0.14057	0.02473	0.02593	0.01779	0.01210	0.01211	0.00326	0.06032	0.00905	0.00836	0.01654
52	0.02141	0.01564	0.02320	0.07352	0.12598	0.01634	0.01771	0.02767	0.06225	0.08799	0.07742	0.15808	0.03883	0.03446	0.16260	0.00711	0.01420	0.01524	0.00801	0.01234
53	0.02342	0.02351	0.04170	0.04235	0.22146	0.02253	0.18470	0.02967	0.02356	0.03312	0.02939	0.03434	0.07542	0.01143	0.01234	0.00316	0.04770	0.01130	0.00590	0.12298

[dist]
# distance from previous block
# <min> <max>
7	22

[block]
# block no. 3 follows, 13 sequences, length 15
# corresponding to MSA columns:
# 134-148
name=unknown_D
#
# <colnr> <probs for GDERKNQSTAVLIFYWHMCP>
#	G	D	E	R	K	N	Q	S	T	A	V	L	I	F	Y	W	H	M	C	P
0	0.02371	0.06076	0.03395	0.20726	0.16632	0.02191	0.06131	0.02970	0.02362	0.07194	0.02999	0.05028	0.02740	0.01492	0.01144	0.00367	0.01234	0.12954	0.00676	0.01320
1	0.02774	0.02456	0.02994	0.17007	0.06705	0.08670	0.05650	0.12196	0.09721	0.06427	0.03466	0.04152	0.06887	0.01421	0.01107	0.00345	0.01232	0.04605	0.00792	0.01391
2	0.02278	0.01834	0.02137	0.01630	0.02384	0.01572	0.01296	0.09583	0.02785	0.04099	0.15379	0.03663	0.03694	0.01195	0.00938	0.00223	0.00766	0.00993	0.00821	0.42728
3	0.03594	0.02800	0.03189	0.02518	0.03154	0.03269	0.02085	0.40219	0.04136	0.05637	0.02252	0.02482	0.01696	0.01414	0.01659	0.00354	0.16049	0.00945	0.00909	0.01638
4	0.01575	0.02171	0.15247	0.01669	0.02279	0.01328	0.01662	0.02184	0.02622	0.03587	0.28277	0.07196	0.22102	0.02034	0.01187	0.00341	0.00775	0.01730	0.00928	0.01106
5	0.03056	0.02590	0.05296	0.03815	0.04822	0.02395	0.39736	0.03827	0.02628	0.16739	0.02645	0.03038	0.01857	0.00995	0.01202	0.00349	0.01563	0.01202	0.00728	0.01519
6	0.53290	0.02004	0.01957	0.16068	0.03350	0.02366	0.01591	0.03007	0.01878	0.04235	0.01574	0.01992	0.01211	0.01000	0.00755	0.00333	0.00965	0.00664	0.00608	0.01152
7	0.02849	0.01964	0.02928	0.12136	0.07090	0.01946	0.07052	0.03753	0.09809	0.16754	0.03328	0.04303	0.02657	0.01361	0.01095	0.00335	0.01081	0.07503	0.00865	0.11190
8	0.01876	0.01158	0.01824	0.16058	0.02849	0.01275	0.01421	0.01707	0.01561	0.02052	0.01847	0.03116	0.01730	0.03021	0.03366	0.52075	0.01041	0.00924	0.00462	0.00637
9	0.02463	0.02128	0.03005	0.10014	0.03593	0.02297	0.10045	0.11465	0.18318	0.04338	0.16152	0.04379	0.04176	0.01451	0.01141	0.00344	0.01035	0.01310	0.00926	0.01419
10	0.02047	0.01770	0.02156	0.01674	0.02338	0.01577	0.01339	0.02475	0.02247	0.03405	0.10675	0.03561	0.06010	0.01260	0.01267	0.00239	0.09337	0.00962	0.00707	0.44952
11	0.11536	0.07201	0.24391	0.02587	0.03580	0.11457	0.06897	0.07061	0.02458	0.03494	0.01988	0.02624	0.01624	0.07118	0.01390	0.00387	0.01432	0.00855	0.00564	0.01358
12	0.08064	0.01558	0.01789	0.01761	0.02137	0.01654	0.01352	0.03323	0.18532	0.07751	0.08316	0.23803	0.05062	0.02237	0.01189	0.00391	0.00762	0.08066	0.01019	0.01235
13	0.02230	0.01414	0.02189	0.01819	0.02169	0.01327	0.08331	0.02488	0.02260	0.11768	0.16147	0.05549	0.04586	0.20979	0.02887	0.09609	0.00968	0.01430	0.00842	0.01008
14	0.09399	0.10789	0.09837	0.01890	0.02559	0.02049	0.01719	0.07381	0.02519	0.14895	0.03618	0.21953	0.03478	0.01828	0.01054	0.00346	0.00943	0.01530	0.00880	0.01334

[dist]
# distance from previous block
# <min> <max>
0	172

# created by:
# /st0/software/busco_prod/Augustus/scripts/msa2prfl.pl ./align_prep/8937.fa
