[name]
unknown

[dist]
# distance from previous block
# <min> <max>
0	29

[block]
# block no. 0 follows, 14 sequences, length 31
# corresponding to MSA columns:
# 34-64
name=unknown_A
#
# <colnr> <probs for GDERKNQSTAVLIFYWHMCP>
#	G	D	E	R	K	N	Q	S	T	A	V	L	I	F	Y	W	H	M	C	P
0	0.01377	0.01111	0.01626	0.01640	0.01859	0.01023	0.05667	0.01655	0.02112	0.02744	0.06301	0.43016	0.16662	0.02851	0.01289	0.00400	0.00707	0.06149	0.00914	0.00898
1	0.02653	0.02024	0.02385	0.01775	0.02594	0.01815	0.01441	0.11402	0.02609	0.08682	0.02093	0.02314	0.01636	0.00961	0.01022	0.00215	0.05378	0.00720	0.00725	0.47556
2	0.02770	0.02030	0.02840	0.02093	0.02951	0.01772	0.09790	0.09263	0.02663	0.13625	0.02981	0.03094	0.05862	0.01063	0.00948	0.00246	0.00963	0.00936	0.00790	0.33320
3	0.01567	0.01174	0.01589	0.01563	0.01751	0.01319	0.01166	0.02099	0.06516	0.02607	0.06990	0.04784	0.03361	0.17218	0.40088	0.01313	0.02081	0.01234	0.00650	0.00928
4	0.03555	0.04151	0.02951	0.02602	0.03145	0.46125	0.05701	0.03866	0.02790	0.06595	0.02162	0.07497	0.01913	0.01250	0.00988	0.00288	0.01660	0.00929	0.00619	0.01213
5	0.02536	0.26416	0.30562	0.02527	0.03716	0.02944	0.06933	0.03325	0.02218	0.07235	0.01881	0.02129	0.01424	0.00954	0.00883	0.00288	0.01331	0.00740	0.00508	0.01451
6	0.02357	0.31098	0.35441	0.02416	0.03655	0.03113	0.02905	0.03173	0.02131	0.02886	0.01661	0.01940	0.01307	0.00933	0.00837	0.00279	0.01334	0.00667	0.00436	0.01430
7	0.05907	0.01308	0.01802	0.01713	0.02026	0.01266	0.04724	0.02466	0.06070	0.10552	0.09407	0.38263	0.05522	0.02430	0.01199	0.00379	0.00728	0.02189	0.00970	0.01080
8	0.01480	0.01059	0.01348	0.01338	0.01536	0.01002	0.00997	0.01852	0.02502	0.03447	0.35417	0.08210	0.10344	0.14824	0.02060	0.00485	0.00663	0.09560	0.00988	0.00889
9	0.02012	0.01870	0.02987	0.54312	0.06538	0.02313	0.02702	0.02963	0.08515	0.02823	0.02108	0.02868	0.01581	0.01070	0.01028	0.00343	0.01301	0.00942	0.00527	0.01198
10	0.07482	0.02039	0.02216	0.09083	0.02956	0.05382	0.01628	0.10300	0.19360	0.07104	0.03672	0.17691	0.03341	0.01712	0.01067	0.00350	0.00930	0.01447	0.00903	0.01335
11	0.01473	0.01184	0.01331	0.01270	0.01601	0.01112	0.00959	0.02144	0.09001	0.03511	0.28905	0.08234	0.31007	0.02246	0.01192	0.00337	0.00540	0.01917	0.01037	0.01000
12	0.01595	0.01046	0.01273	0.01285	0.01500	0.00951	0.00901	0.01840	0.02236	0.07356	0.16263	0.24656	0.18779	0.13286	0.01927	0.00474	0.00648	0.02125	0.00955	0.00905
13	0.11029	0.28938	0.16121	0.02094	0.03055	0.03223	0.02155	0.12172	0.06119	0.03697	0.01884	0.02053	0.01484	0.01005	0.00816	0.00279	0.01140	0.00702	0.00604	0.01432
14	0.02067	0.04407	0.43388	0.03023	0.04309	0.02272	0.11494	0.03120	0.02231	0.03234	0.02312	0.03396	0.01896	0.01182	0.01066	0.00346	0.01482	0.06840	0.00509	0.01427
15	0.01809	0.01274	0.01453	0.01344	0.01673	0.01276	0.01026	0.05517	0.09139	0.04053	0.29525	0.06264	0.12342	0.01811	0.01066	0.00308	0.00565	0.01545	0.16932	0.01079
16	0.08493	0.13879	0.03631	0.02948	0.10759	0.18209	0.05765	0.06971	0.02539	0.07627	0.01863	0.02185	0.01496	0.01098	0.01185	0.00301	0.08308	0.00784	0.00603	0.01357
17	0.02277	0.20710	0.27817	0.02211	0.03198	0.02471	0.02473	0.02961	0.02161	0.07021	0.02668	0.14553	0.02515	0.01426	0.00959	0.00314	0.01164	0.01160	0.00603	0.01339
18	0.02187	0.02214	0.03556	0.02900	0.03133	0.02808	0.12621	0.02559	0.01754	0.02626	0.01664	0.02567	0.01537	0.02318	0.09738	0.00573	0.42634	0.00986	0.00475	0.01151
19	0.08458	0.02863	0.02824	0.07012	0.03121	0.16550	0.02009	0.12649	0.02568	0.03415	0.01765	0.02317	0.01490	0.01826	0.06176	0.00449	0.21832	0.00834	0.00601	0.01242
20	0.02951	0.02818	0.18671	0.10136	0.03826	0.01956	0.06221	0.06059	0.02650	0.22119	0.09283	0.03414	0.02781	0.01221	0.01050	0.00325	0.01151	0.01046	0.00840	0.01480
21	0.02912	0.02734	0.12106	0.14822	0.04543	0.02354	0.14816	0.10329	0.06393	0.14720	0.02582	0.02849	0.01811	0.01081	0.01065	0.00331	0.01309	0.01003	0.00748	0.01492
22	0.01784	0.01564	0.01598	0.01635	0.01930	0.05716	0.01213	0.02666	0.15107	0.03084	0.05968	0.28924	0.15969	0.02453	0.01205	0.00379	0.00755	0.06041	0.00942	0.01067
23	0.02111	0.02683	0.12442	0.06809	0.03343	0.08807	0.09713	0.02986	0.08526	0.03268	0.12386	0.11924	0.07403	0.01611	0.01115	0.00338	0.01137	0.01433	0.00749	0.01217
24	0.02937	0.02344	0.06591	0.21086	0.04282	0.02391	0.02206	0.13552	0.16043	0.13517	0.02918	0.03048	0.02077	0.01195	0.01028	0.00332	0.01109	0.00986	0.00851	0.01507
25	0.01278	0.00978	0.01173	0.01260	0.01461	0.00873	0.00893	0.01548	0.02291	0.02979	0.17817	0.32635	0.25586	0.02765	0.01255	0.00372	0.00545	0.02429	0.00989	0.00873
26	0.02431	0.01431	0.01789	0.01608	0.02027	0.01404	0.01269	0.06391	0.06159	0.16281	0.13969	0.06335	0.11468	0.08091	0.08248	0.00555	0.01007	0.07351	0.00993	0.01195
27	0.15022	0.07170	0.07197	0.09661	0.08273	0.08981	0.05467	0.09276	0.02571	0.03757	0.06283	0.02625	0.02076	0.01073	0.00919	0.00295	0.01174	0.00856	0.00639	0.06684
28	0.02250	0.16837	0.31653	0.03028	0.07989	0.02673	0.10523	0.03120	0.02251	0.03148	0.05592	0.02553	0.01943	0.01011	0.00963	0.00304	0.01367	0.00869	0.00501	0.01426
29	0.02483	0.01526	0.01834	0.01653	0.02092	0.01501	0.01288	0.12931	0.02819	0.14482	0.05490	0.21020	0.15301	0.02574	0.05091	0.00445	0.00905	0.04344	0.01003	0.01219
30	0.02573	0.02819	0.07229	0.25956	0.19415	0.11051	0.05826	0.07079	0.02502	0.03182	0.01883	0.02493	0.01466	0.01004	0.01016	0.00317	0.01413	0.00883	0.00528	0.01364

[dist]
# distance from previous block
# <min> <max>
0	32

[block]
# block no. 1 follows, 14 sequences, length 41
# corresponding to MSA columns:
# 97-137
name=unknown_B
#
# <colnr> <probs for GDERKNQSTAVLIFYWHMCP>
#	G	D	E	R	K	N	Q	S	T	A	V	L	I	F	Y	W	H	M	C	P
0	0.02657	0.10055	0.06882	0.02194	0.02830	0.08823	0.06147	0.03749	0.16179	0.09367	0.02885	0.03313	0.02317	0.06328	0.11178	0.00579	0.01439	0.01001	0.00739	0.01339
1	0.07097	0.07546	0.23599	0.02252	0.03280	0.02038	0.06185	0.02821	0.02115	0.03248	0.02230	0.09094	0.01997	0.01151	0.00921	0.00278	0.01124	0.00965	0.00565	0.21491
2	0.09066	0.13603	0.12357	0.01942	0.02785	0.02231	0.01874	0.07364	0.02634	0.23852	0.06523	0.06234	0.02643	0.01281	0.00948	0.00306	0.00994	0.01008	0.00880	0.01474
3	0.02708	0.09783	0.16733	0.02065	0.02907	0.02174	0.02040	0.03890	0.15560	0.15866	0.03882	0.07928	0.07195	0.01436	0.01014	0.00326	0.00996	0.01173	0.00858	0.01468
4	0.03913	0.01826	0.02472	0.10434	0.03266	0.01776	0.01718	0.04727	0.10731	0.42150	0.03748	0.03435	0.02461	0.01253	0.01033	0.00326	0.00935	0.01034	0.01119	0.01641
5	0.03589	0.02045	0.02414	0.01968	0.02658	0.02106	0.01586	0.13613	0.20429	0.27702	0.07561	0.03716	0.03098	0.01362	0.01048	0.00326	0.00871	0.01113	0.01144	0.01651
6	0.13289	0.02596	0.12859	0.02041	0.02912	0.02067	0.01926	0.07272	0.12029	0.27726	0.03189	0.02982	0.02161	0.01188	0.00966	0.00324	0.00987	0.00929	0.00968	0.01590
7	0.01405	0.01036	0.01313	0.01415	0.01613	0.00968	0.01075	0.01731	0.02322	0.03063	0.18092	0.23411	0.17044	0.06686	0.01549	0.00433	0.00668	0.14321	0.00970	0.00885
8	0.01573	0.01149	0.01642	0.01565	0.01815	0.01089	0.05463	0.01958	0.02286	0.03245	0.16756	0.21583	0.09216	0.06744	0.01465	0.00402	0.00709	0.07367	0.13042	0.00932
9	0.01918	0.01218	0.01503	0.01412	0.01750	0.01138	0.01063	0.02499	0.07134	0.11388	0.26969	0.16964	0.16609	0.02211	0.01189	0.00345	0.00594	0.01924	0.01078	0.01093
10	0.02010	0.01899	0.02692	0.02379	0.02434	0.02581	0.01954	0.02277	0.01595	0.02443	0.01770	0.02785	0.01715	0.03578	0.20433	0.00812	0.44143	0.00959	0.00479	0.01060
11	0.01990	0.01906	0.02640	0.02321	0.02393	0.02556	0.01908	0.02244	0.01673	0.02489	0.02626	0.03430	0.07921	0.02928	0.13085	0.00649	0.44582	0.01078	0.00524	0.01057
12	0.02642	0.03358	0.20213	0.03224	0.04240	0.02560	0.21717	0.09162	0.06042	0.07815	0.02276	0.02639	0.01663	0.01082	0.01281	0.00342	0.06618	0.01004	0.00636	0.01484
13	0.12227	0.01621	0.01820	0.01545	0.02077	0.01629	0.01229	0.10946	0.02723	0.21162	0.03440	0.10005	0.02740	0.01422	0.00918	0.00305	0.00755	0.01145	0.20962	0.01328
14	0.01640	0.01122	0.01248	0.01172	0.01552	0.00957	0.00895	0.01953	0.02503	0.09323	0.17514	0.08776	0.42911	0.02363	0.01192	0.00339	0.00554	0.01984	0.01019	0.00984
15	0.01519	0.01215	0.01751	0.02296	0.11432	0.01160	0.01400	0.01817	0.02118	0.02818	0.05514	0.40577	0.11515	0.02696	0.01259	0.00395	0.00737	0.07917	0.00873	0.00990
16	0.02007	0.01894	0.03202	0.55179	0.12821	0.02298	0.02884	0.02682	0.02084	0.02705	0.01836	0.02714	0.01397	0.01013	0.01025	0.00338	0.01351	0.00912	0.00462	0.01195
17	0.03535	0.04452	0.02695	0.02461	0.02969	0.53095	0.01846	0.03799	0.02843	0.02541	0.02591	0.02766	0.07683	0.01233	0.00958	0.00274	0.01699	0.00832	0.00577	0.01153
18	0.02540	0.02438	0.04165	0.06299	0.57533	0.02438	0.03149	0.03149	0.02337	0.03353	0.01930	0.02540	0.01626	0.00914	0.01016	0.00305	0.01219	0.00914	0.00508	0.01626
19	0.02058	0.01946	0.03295	0.50476	0.17123	0.02312	0.02910	0.02727	0.02109	0.02768	0.01845	0.02697	0.01419	0.01004	0.01024	0.00335	0.01338	0.00912	0.00466	0.01237
20	0.02423	0.01222	0.01613	0.01552	0.01907	0.01092	0.01171	0.02705	0.02367	0.21728	0.05631	0.33210	0.11010	0.02453	0.01211	0.00379	0.00706	0.05404	0.01061	0.01158
21	0.01331	0.00951	0.01284	0.01522	0.01617	0.00903	0.01094	0.01569	0.02045	0.02710	0.05611	0.52873	0.06610	0.03139	0.01331	0.00428	0.00666	0.12509	0.00951	0.00856
22	0.01330	0.00937	0.01217	0.01410	0.01473	0.00894	0.00950	0.01500	0.01910	0.02540	0.05182	0.48226	0.06137	0.14600	0.02055	0.00530	0.00700	0.06716	0.00890	0.00803
23	0.02250	0.01755	0.01793	0.01621	0.02074	0.05947	0.01249	0.03352	0.18107	0.09865	0.19188	0.06209	0.18734	0.01850	0.01121	0.00331	0.00737	0.01550	0.01029	0.01238
24	0.01466	0.01100	0.01649	0.01649	0.01833	0.01283	0.01283	0.01833	0.01649	0.02382	0.02749	0.04032	0.02566	0.07697	0.59868	0.01649	0.02749	0.01100	0.00550	0.00916
25	0.01459	0.01058	0.01411	0.01558	0.01754	0.01010	0.01232	0.01834	0.02370	0.03155	0.17519	0.25323	0.10912	0.02759	0.01324	0.00413	0.00709	0.22297	0.00989	0.00912
26	0.03069	0.03399	0.03185	0.03828	0.22931	0.28213	0.02291	0.06819	0.02720	0.03099	0.02236	0.09147	0.02085	0.01263	0.01009	0.00300	0.01427	0.01029	0.00603	0.01346
27	0.02068	0.04315	0.41904	0.02949	0.04150	0.02328	0.09133	0.03067	0.02173	0.03174	0.02240	0.03314	0.01858	0.01237	0.01235	0.00354	0.06088	0.06506	0.00503	0.01406
28	0.01938	0.01824	0.03078	0.61468	0.07068	0.02280	0.02850	0.02622	0.02052	0.02622	0.01824	0.02736	0.01368	0.01026	0.01026	0.00342	0.01368	0.00912	0.00456	0.01140
29	0.02039	0.01197	0.01625	0.01623	0.01933	0.01122	0.01313	0.02464	0.02586	0.12768	0.22110	0.15670	0.06684	0.02376	0.01270	0.00390	0.00736	0.19959	0.01062	0.01075
30	0.07473	0.29247	0.10879	0.06176	0.08247	0.07307	0.11319	0.03182	0.02209	0.02918	0.01666	0.02058	0.01372	0.00917	0.00861	0.00278	0.01316	0.00750	0.00480	0.01344
31	0.01883	0.01736	0.02883	0.54608	0.06437	0.02130	0.02635	0.02544	0.02149	0.02792	0.08113	0.03298	0.02316	0.01148	0.01047	0.00340	0.01267	0.01020	0.00533	0.01120
32	0.01268	0.00999	0.01145	0.01199	0.01443	0.00876	0.00865	0.01546	0.02335	0.02976	0.17621	0.24970	0.33747	0.02685	0.01241	0.00363	0.00535	0.02327	0.00985	0.00876
33	0.02267	0.02408	0.08064	0.18051	0.24886	0.02259	0.12834	0.02973	0.02252	0.03214	0.02089	0.02749	0.01641	0.00968	0.01020	0.00316	0.01293	0.00965	0.08373	0.01379
34	0.02962	0.20390	0.16816	0.06188	0.03523	0.09535	0.02387	0.13448	0.02762	0.06609	0.01920	0.02164	0.01473	0.01074	0.01030	0.00293	0.04619	0.00756	0.00614	0.01437
35	0.01392	0.01014	0.01341	0.01551	0.01707	0.00963	0.01186	0.01686	0.02151	0.02800	0.06116	0.38508	0.12208	0.03007	0.01338	0.00429	0.00713	0.20063	0.00950	0.00878
36	0.01938	0.01824	0.03078	0.61468	0.07068	0.02280	0.02850	0.02622	0.02052	0.02622	0.01824	0.02736	0.01368	0.01026	0.01026	0.00342	0.01368	0.00912	0.00456	0.01140
37	0.01783	0.00891	0.01337	0.01337	0.01337	0.00891	0.00891	0.01337	0.01337	0.01783	0.01783	0.03119	0.01783	0.03565	0.04011	0.70143	0.00891	0.00891	0.00446	0.00446
38	0.02628	0.03029	0.15706	0.02561	0.03439	0.02529	0.09306	0.13441	0.23142	0.04287	0.02983	0.03052	0.02208	0.01182	0.01026	0.00328	0.01135	0.01018	0.05456	0.01544
39	0.01972	0.02005	0.03821	0.02939	0.03527	0.01984	0.27048	0.02555	0.02346	0.03218	0.13238	0.12574	0.07810	0.01651	0.01466	0.00363	0.08001	0.01603	0.00716	0.01164
40	0.25735	0.01949	0.02664	0.34577	0.11080	0.02306	0.02288	0.02817	0.01980	0.03385	0.01701	0.02347	0.01309	0.00988	0.00891	0.00329	0.01154	0.00790	0.00523	0.01186

[dist]
# distance from previous block
# <min> <max>
0	1

[block]
# block no. 2 follows, 14 sequences, length 7
# corresponding to MSA columns:
# 139-145
name=unknown_C
#
# <colnr> <probs for GDERKNQSTAVLIFYWHMCP>
#	G	D	E	R	K	N	Q	S	T	A	V	L	I	F	Y	W	H	M	C	P
0	0.18873	0.02418	0.02416	0.12346	0.03377	0.10822	0.01767	0.06978	0.10140	0.17144	0.02616	0.02684	0.01864	0.01138	0.00926	0.00318	0.01095	0.00859	0.00825	0.01394
1	0.01702	0.01593	0.01491	0.01642	0.01783	0.11155	0.01133	0.01896	0.02130	0.02601	0.04944	0.52518	0.05831	0.02837	0.01243	0.00390	0.00815	0.02522	0.00878	0.00896
2	0.02394	0.01982	0.02271	0.01646	0.02545	0.01640	0.01326	0.10316	0.02533	0.03813	0.01920	0.02178	0.01554	0.00831	0.00800	0.00175	0.00815	0.00655	0.00671	0.59935
3	0.02361	0.19836	0.30662	0.03144	0.13118	0.02840	0.02973	0.03370	0.06631	0.03139	0.01945	0.02236	0.01514	0.00974	0.00906	0.00296	0.01298	0.00765	0.00499	0.01493
4	0.02950	0.21565	0.03363	0.01982	0.02582	0.06099	0.01697	0.12779	0.02651	0.10787	0.02445	0.06320	0.02096	0.02262	0.09969	0.00500	0.06938	0.00955	0.00719	0.01341
5	0.01949	0.01580	0.02183	0.01861	0.02339	0.01553	0.08275	0.02957	0.14924	0.06832	0.16977	0.10725	0.19733	0.01942	0.01169	0.00345	0.00772	0.01724	0.00972	0.01186
6	0.08230	0.13122	0.03516	0.14895	0.16545	0.02668	0.02252	0.11736	0.02690	0.11647	0.02179	0.02482	0.01634	0.01038	0.00930	0.00301	0.01130	0.00841	0.00692	0.01472

[dist]
# distance from previous block
# <min> <max>
0	3

[block]
# block no. 3 follows, 14 sequences, length 20
# corresponding to MSA columns:
# 149-168
name=unknown_D
#
# <colnr> <probs for GDERKNQSTAVLIFYWHMCP>
#	G	D	E	R	K	N	Q	S	T	A	V	L	I	F	Y	W	H	M	C	P
0	0.03222	0.02278	0.02453	0.01953	0.02591	0.02479	0.01588	0.37698	0.04061	0.05663	0.08592	0.03313	0.02794	0.01319	0.00982	0.00295	0.00924	0.01032	0.15265	0.01497
1	0.02432	0.02358	0.03691	0.02847	0.03444	0.02587	0.16745	0.06953	0.08066	0.03371	0.02040	0.02562	0.01665	0.01245	0.01823	0.00341	0.21818	0.00963	0.00608	0.14441
2	0.12757	0.02190	0.02600	0.02096	0.02780	0.02312	0.05056	0.21542	0.09034	0.16166	0.03208	0.10233	0.02585	0.01439	0.01023	0.00332	0.00969	0.01187	0.00983	0.01508
3	0.02058	0.05308	0.58618	0.02925	0.04442	0.02383	0.03792	0.03250	0.02167	0.03250	0.01842	0.02167	0.01300	0.00975	0.00975	0.00325	0.01517	0.00758	0.00433	0.01517
4	0.01544	0.01363	0.01980	0.28154	0.03948	0.01493	0.01739	0.01979	0.02139	0.02676	0.05659	0.16837	0.22597	0.02012	0.01148	0.00358	0.00914	0.01748	0.00731	0.00983
5	0.08760	0.13257	0.16479	0.02876	0.03882	0.02687	0.19326	0.03609	0.09173	0.06889	0.02257	0.02535	0.01687	0.00994	0.00983	0.00316	0.01321	0.00925	0.00613	0.01432
6	0.01506	0.01023	0.01319	0.01319	0.01382	0.01086	0.00871	0.01597	0.01534	0.02108	0.02952	0.05507	0.03175	0.39792	0.23930	0.06708	0.01590	0.01309	0.00583	0.00709
7	0.01824	0.01106	0.01402	0.01342	0.01479	0.01130	0.00900	0.01968	0.01693	0.08230	0.03189	0.05628	0.03281	0.41674	0.19759	0.01101	0.01463	0.01334	0.00673	0.00825
8	0.02752	0.09600	0.03470	0.10288	0.11375	0.14635	0.06794	0.04038	0.19790	0.03285	0.02536	0.02763	0.01982	0.01105	0.00986	0.00309	0.01270	0.00928	0.00674	0.01419
9	0.07482	0.11585	0.13651	0.03061	0.10966	0.02682	0.09906	0.10798	0.06897	0.09780	0.02317	0.02519	0.01716	0.01037	0.00968	0.00309	0.01219	0.00889	0.00695	0.01523
10	0.01466	0.01100	0.01649	0.01649	0.01833	0.01283	0.01283	0.01833	0.01649	0.02382	0.02749	0.04032	0.02566	0.07697	0.59868	0.01649	0.02749	0.01100	0.00550	0.00916
11	0.03519	0.25907	0.03889	0.02095	0.02935	0.03387	0.01845	0.31340	0.03658	0.08789	0.02193	0.02234	0.01644	0.01102	0.00889	0.00276	0.01098	0.00791	0.00824	0.01585
12	0.02534	0.02524	0.11150	0.26177	0.18731	0.02247	0.06905	0.03241	0.02298	0.11041	0.02197	0.02720	0.01610	0.01013	0.01032	0.00327	0.01307	0.00933	0.00590	0.01423
13	0.02377	0.01480	0.01690	0.01627	0.01969	0.04904	0.01201	0.02842	0.06336	0.17021	0.08290	0.33348	0.08031	0.02344	0.01183	0.00367	0.00751	0.02056	0.01024	0.01158
14	0.01269	0.00907	0.01207	0.01416	0.01492	0.00846	0.00954	0.01475	0.02050	0.02755	0.10292	0.58244	0.07049	0.03114	0.01301	0.00408	0.00585	0.02822	0.00969	0.00846
15	0.03760	0.04056	0.03181	0.02662	0.03325	0.36536	0.05503	0.21157	0.03531	0.03918	0.01920	0.02123	0.01483	0.01104	0.00979	0.00285	0.01596	0.00788	0.00698	0.01393
16	0.07928	0.02911	0.10856	0.15821	0.13761	0.08677	0.06396	0.03631	0.13336	0.03380	0.02295	0.02670	0.01759	0.01061	0.00993	0.00324	0.01281	0.00910	0.00611	0.01400
17	0.01468	0.01091	0.01608	0.01608	0.01777	0.01260	0.01231	0.01806	0.01637	0.02352	0.02786	0.04240	0.02656	0.12073	0.55615	0.01598	0.02612	0.01130	0.00555	0.00893
18	0.01771	0.01383	0.02207	0.02124	0.02459	0.01358	0.09103	0.02265	0.02291	0.03071	0.04640	0.09411	0.04891	0.07055	0.01628	0.00478	0.01032	0.36414	0.05435	0.00985
19	0.23911	0.02162	0.02593	0.26642	0.04428	0.02534	0.02065	0.16871	0.02718	0.04291	0.01877	0.02330	0.01392	0.01060	0.00905	0.00325	0.01125	0.00805	0.00668	0.01297

[dist]
# distance from previous block
# <min> <max>
0	4

[block]
# block no. 4 follows, 14 sequences, length 32
# corresponding to MSA columns:
# 173-204
name=unknown_E
#
# <colnr> <probs for GDERKNQSTAVLIFYWHMCP>
#	G	D	E	R	K	N	Q	S	T	A	V	L	I	F	Y	W	H	M	C	P
0	0.60912	0.02215	0.05848	0.01504	0.02217	0.02247	0.01342	0.03186	0.01869	0.08611	0.01660	0.01844	0.01235	0.00979	0.00691	0.00318	0.00854	0.00607	0.00669	0.01190
1	0.01386	0.01046	0.01280	0.01222	0.01493	0.00940	0.00916	0.01808	0.02749	0.03744	0.44117	0.08276	0.22789	0.02236	0.01211	0.00329	0.00494	0.01942	0.01081	0.00940
2	0.47251	0.11849	0.02654	0.01819	0.02515	0.08959	0.05993	0.03169	0.01986	0.03924	0.01504	0.01782	0.01205	0.00945	0.00722	0.00299	0.01040	0.00625	0.00583	0.01175
3	0.01418	0.01027	0.01374	0.01592	0.01750	0.00984	0.01235	0.01728	0.02165	0.02824	0.05957	0.36898	0.10609	0.03002	0.01347	0.00435	0.00737	0.23084	0.00949	0.00884
4	0.03116	0.44189	0.04535	0.02059	0.02818	0.23090	0.01833	0.03423	0.02366	0.02448	0.01481	0.01716	0.01319	0.00939	0.00750	0.00235	0.01355	0.00587	0.00470	0.01274
5	0.01262	0.00917	0.01191	0.01386	0.01483	0.00846	0.00939	0.01469	0.02064	0.02741	0.09772	0.54785	0.11192	0.03083	0.01295	0.00404	0.00581	0.02778	0.00965	0.00846
6	0.02404	0.02076	0.02179	0.01972	0.02527	0.02366	0.01531	0.05013	0.49776	0.04125	0.04865	0.04498	0.09107	0.01526	0.01063	0.00348	0.00780	0.01272	0.01034	0.01540
7	0.01942	0.01156	0.01496	0.01556	0.01788	0.01102	0.01108	0.02400	0.06910	0.12317	0.05249	0.47718	0.05733	0.02719	0.01239	0.00394	0.00662	0.02437	0.01015	0.01061
8	0.02744	0.64552	0.05378	0.01756	0.02634	0.04061	0.01756	0.03073	0.02085	0.02414	0.01427	0.01646	0.01317	0.00878	0.00658	0.00219	0.01097	0.00549	0.00439	0.01317
9	0.01898	0.01867	0.05953	0.08617	0.06785	0.01624	0.01671	0.02736	0.10464	0.03177	0.03953	0.17940	0.08411	0.01683	0.01043	0.00309	0.00858	0.01467	0.00756	0.18789
10	0.02576	0.09601	0.11630	0.14051	0.07091	0.02745	0.02416	0.13418	0.10588	0.03758	0.02399	0.03011	0.01923	0.01247	0.01207	0.00334	0.06600	0.03300	0.00678	0.01426
11	0.02128	0.01824	0.02128	0.01520	0.02432	0.01368	0.01216	0.02584	0.02128	0.03344	0.01824	0.02128	0.01520	0.00760	0.00760	0.00152	0.00760	0.00608	0.00608	0.70208
12	0.02128	0.01824	0.02128	0.01520	0.02432	0.01368	0.01216	0.02584	0.02128	0.03344	0.01824	0.02128	0.01520	0.00760	0.00760	0.00152	0.00760	0.00608	0.00608	0.70208
13	0.02486	0.09462	0.11944	0.05200	0.40384	0.02615	0.06970	0.03166	0.02293	0.03234	0.01876	0.02411	0.01543	0.00915	0.00987	0.00302	0.01286	0.00877	0.00491	0.01559
14	0.02837	0.37729	0.15060	0.02128	0.03029	0.07689	0.02181	0.03328	0.02208	0.08009	0.01768	0.01987	0.01435	0.01017	0.00979	0.00270	0.05775	0.00671	0.00526	0.01373
15	0.02629	0.02350	0.02681	0.02236	0.02667	0.07982	0.01810	0.03345	0.10388	0.07929	0.02166	0.02536	0.01771	0.01366	0.01934	0.00332	0.26500	0.00858	0.00661	0.17858
16	0.02277	0.06343	0.02909	0.03526	0.25093	0.07551	0.01978	0.02668	0.02101	0.02851	0.02356	0.03563	0.02210	0.14666	0.09062	0.00596	0.01349	0.01009	0.06683	0.01210
17	0.01430	0.01057	0.01341	0.01294	0.01552	0.00967	0.00987	0.01879	0.02782	0.03840	0.46402	0.08268	0.16606	0.02224	0.01225	0.00337	0.00521	0.05246	0.01090	0.00951
18	0.02447	0.02957	0.08432	0.03673	0.08978	0.11222	0.28867	0.03118	0.02374	0.03043	0.02364	0.08522	0.02085	0.01604	0.05163	0.00424	0.01648	0.01224	0.00558	0.01299
19	0.01452	0.01049	0.01372	0.01291	0.01533	0.00968	0.00968	0.01937	0.02905	0.04115	0.56992	0.07666	0.09683	0.02098	0.01210	0.00323	0.00484	0.01856	0.01130	0.00968
20	0.01996	0.01884	0.03184	0.56112	0.11968	0.02295	0.02879	0.02673	0.02080	0.02693	0.01834	0.02717	0.01393	0.01015	0.01025	0.00338	0.01354	0.00912	0.00461	0.01187
21	0.08595	0.01161	0.01325	0.01228	0.01547	0.01133	0.00941	0.02409	0.02553	0.07993	0.30550	0.05549	0.06070	0.01637	0.00983	0.00295	0.00541	0.01381	0.23073	0.01035
22	0.01394	0.01038	0.01316	0.01502	0.01619	0.01024	0.01027	0.01874	0.07909	0.02805	0.05492	0.56688	0.06383	0.03013	0.01280	0.00409	0.00619	0.02723	0.00963	0.00921
23	0.02260	0.03269	0.21593	0.15626	0.26471	0.02403	0.07520	0.03092	0.02235	0.03174	0.01894	0.02477	0.01466	0.00951	0.01021	0.00322	0.01386	0.00889	0.00475	0.01477
24	0.03011	0.44446	0.09211	0.01970	0.02886	0.03607	0.01947	0.12697	0.02652	0.06521	0.01808	0.01950	0.01467	0.00975	0.00775	0.00251	0.01125	0.00664	0.00597	0.01439
25	0.02270	0.01903	0.02898	0.11738	0.03419	0.02279	0.06974	0.07534	0.02150	0.06213	0.02199	0.03027	0.01861	0.03343	0.20091	0.00776	0.18546	0.01004	0.00593	0.01183
26	0.66787	0.02043	0.01611	0.01416	0.02063	0.02360	0.01166	0.06356	0.01948	0.04726	0.01497	0.01719	0.01153	0.00971	0.00661	0.00317	0.00816	0.00580	0.00661	0.01153
27	0.02306	0.17666	0.35618	0.02437	0.03610	0.02667	0.02867	0.07590	0.02467	0.03448	0.07909	0.02687	0.02271	0.01101	0.00936	0.00300	0.01276	0.00848	0.00564	0.01432
28	0.01382	0.01046	0.01290	0.01344	0.01590	0.00954	0.01033	0.01744	0.02476	0.03258	0.24486	0.17889	0.23583	0.02571	0.01265	0.00373	0.00599	0.11196	0.01011	0.00910
29	0.01939	0.01168	0.01499	0.01408	0.01709	0.01097	0.01073	0.02287	0.02416	0.11817	0.22243	0.07186	0.13894	0.12099	0.08302	0.00589	0.00924	0.06371	0.00965	0.01014
30	0.01759	0.01342	0.01506	0.01493	0.01686	0.01434	0.01011	0.02694	0.18256	0.02852	0.04116	0.19671	0.04295	0.29856	0.02981	0.00655	0.00841	0.01739	0.00833	0.00982
31	0.03069	0.02465	0.03155	0.20941	0.10361	0.02786	0.02341	0.29841	0.06635	0.04816	0.02307	0.02635	0.01696	0.01143	0.01026	0.00320	0.01194	0.00933	0.00795	0.01539

[dist]
# distance from previous block
# <min> <max>
0	1

[block]
# block no. 5 follows, 14 sequences, length 28
# corresponding to MSA columns:
# 206-233
name=unknown_F
#
# <colnr> <probs for GDERKNQSTAVLIFYWHMCP>
#	G	D	E	R	K	N	Q	S	T	A	V	L	I	F	Y	W	H	M	C	P
0	0.02527	0.20382	0.03105	0.01864	0.02428	0.02637	0.01585	0.14544	0.07971	0.03540	0.02671	0.03713	0.02403	0.07680	0.14322	0.00650	0.01423	0.04569	0.00711	0.01275
1	0.64259	0.01960	0.01599	0.01399	0.02051	0.02220	0.01153	0.03223	0.01870	0.10183	0.01701	0.01857	0.01260	0.00986	0.00676	0.00318	0.00802	0.00605	0.00701	0.01177
2	0.02589	0.02292	0.03476	0.16811	0.21967	0.02469	0.06566	0.13215	0.08231	0.03948	0.06153	0.03081	0.02311	0.01130	0.01052	0.00323	0.01182	0.01031	0.00698	0.01476
3	0.02402	0.01259	0.01676	0.01452	0.01860	0.01131	0.01131	0.02859	0.02915	0.20416	0.41048	0.06409	0.07532	0.01849	0.01157	0.00321	0.00601	0.01608	0.01172	0.01203
4	0.02784	0.16200	0.07326	0.02060	0.02786	0.02823	0.01835	0.19167	0.14831	0.04267	0.06599	0.03103	0.02590	0.01883	0.06867	0.00434	0.01196	0.00967	0.00816	0.01467
5	0.01260	0.00926	0.01183	0.01362	0.01477	0.00849	0.00929	0.01474	0.02091	0.02756	0.10257	0.51265	0.14327	0.03040	0.01288	0.00399	0.00576	0.02727	0.00966	0.00849
6	0.02137	0.01868	0.03168	0.03305	0.15842	0.01810	0.13521	0.02822	0.06322	0.06287	0.04238	0.17682	0.09031	0.01797	0.01181	0.00361	0.01051	0.05534	0.00774	0.01269
7	0.02085	0.01836	0.02940	0.22796	0.22993	0.01963	0.02365	0.02667	0.02200	0.03142	0.06289	0.03212	0.02322	0.01588	0.05576	0.00406	0.01226	0.00983	0.07488	0.05920
8	0.51187	0.07071	0.02097	0.01669	0.02298	0.15362	0.01353	0.03264	0.02032	0.03978	0.01464	0.01707	0.01173	0.00971	0.00702	0.00299	0.01053	0.00579	0.00597	0.01144
9	0.02986	0.02474	0.02982	0.03127	0.15217	0.02730	0.02074	0.20673	0.27191	0.04784	0.03116	0.03096	0.02344	0.01233	0.01032	0.00325	0.01007	0.01028	0.00917	0.01664
10	0.02209	0.01699	0.01923	0.01697	0.02137	0.01793	0.01316	0.14398	0.14674	0.04461	0.25506	0.10253	0.09938	0.01877	0.01141	0.00334	0.00713	0.01603	0.01060	0.01267
11	0.02016	0.01978	0.02677	0.02328	0.02404	0.02639	0.01920	0.02249	0.01742	0.02537	0.03352	0.03936	0.13707	0.01974	0.02890	0.00426	0.48419	0.01179	0.00561	0.01066
12	0.02244	0.01755	0.01816	0.01718	0.01978	0.07513	0.01243	0.13366	0.02520	0.03226	0.03473	0.25678	0.03748	0.07087	0.02104	0.16155	0.00940	0.01679	0.00786	0.00970
13	0.01342	0.00959	0.01296	0.01534	0.01633	0.00913	0.01112	0.01587	0.02055	0.02722	0.05606	0.51517	0.06587	0.03129	0.01334	0.00429	0.00675	0.13761	0.00951	0.00859
14	0.02067	0.01712	0.02426	0.06018	0.02819	0.01453	0.06729	0.02379	0.01975	0.02936	0.01841	0.02461	0.01572	0.01421	0.01557	0.15927	0.00933	0.00756	0.00551	0.42466
15	0.02475	0.01786	0.02698	0.33318	0.08638	0.02009	0.02237	0.06937	0.02494	0.11207	0.06747	0.03315	0.02377	0.01172	0.01009	0.00321	0.01105	0.01010	0.07869	0.01276
16	0.02682	0.25991	0.29664	0.02367	0.03530	0.03002	0.02704	0.08605	0.02471	0.07323	0.01920	0.02109	0.01443	0.00989	0.00871	0.00285	0.01279	0.00721	0.00558	0.01486
17	0.02058	0.05308	0.58618	0.02925	0.04442	0.02383	0.03792	0.03250	0.02167	0.03250	0.01842	0.02167	0.01300	0.00975	0.00975	0.00325	0.01517	0.00758	0.00433	0.01517
18	0.04007	0.01600	0.02148	0.01693	0.02376	0.01399	0.01381	0.04421	0.02874	0.47370	0.10629	0.04041	0.03442	0.01368	0.01031	0.00312	0.00795	0.01130	0.06394	0.01590
19	0.02258	0.08215	0.26644	0.03201	0.04187	0.02741	0.18085	0.03072	0.02102	0.03024	0.01769	0.02324	0.01388	0.01121	0.01562	0.00351	0.15212	0.00908	0.00463	0.01374
20	0.02377	0.01816	0.02153	0.01551	0.02451	0.01382	0.01245	0.02827	0.02209	0.08856	0.02047	0.02265	0.01622	0.00811	0.00787	0.00169	0.00771	0.00651	0.00674	0.63335
21	0.01250	0.00893	0.01191	0.01429	0.01488	0.00834	0.00953	0.01429	0.01965	0.02620	0.05656	0.63265	0.06787	0.03215	0.01310	0.00417	0.00595	0.02917	0.00953	0.00834
22	0.01239	0.01003	0.01102	0.01156	0.01423	0.00865	0.00837	0.01494	0.02284	0.02828	0.12479	0.23311	0.40956	0.02720	0.01237	0.00363	0.00537	0.02335	0.00965	0.00865
23	0.02084	0.01846	0.02937	0.36158	0.05299	0.02135	0.06279	0.06369	0.05398	0.03141	0.02837	0.04776	0.02533	0.01458	0.01129	0.00370	0.01251	0.12169	0.00645	0.01185
24	0.02415	0.31509	0.29140	0.02753	0.09155	0.03139	0.02814	0.03160	0.02148	0.02887	0.01665	0.01973	0.01341	0.00925	0.00838	0.00276	0.01298	0.00681	0.00444	0.01439
25	0.64422	0.02276	0.01649	0.01479	0.02104	0.08077	0.01199	0.03125	0.01863	0.04394	0.01445	0.01685	0.01133	0.00963	0.00664	0.00312	0.00900	0.00566	0.00624	0.01119
26	0.02057	0.01477	0.01758	0.01590	0.01985	0.01521	0.01222	0.03313	0.19902	0.08477	0.35774	0.06098	0.07006	0.01805	0.01143	0.00330	0.00621	0.01566	0.01113	0.01241
27	0.01323	0.00949	0.01256	0.01380	0.01504	0.00882	0.00958	0.01611	0.02301	0.03155	0.24037	0.43358	0.07824	0.02815	0.01274	0.00383	0.00556	0.02537	0.01016	0.00882

[dist]
# distance from previous block
# <min> <max>
0	537

# created by:
# /st0/software/busco_prod/Augustus/scripts/msa2prfl.pl ./align_prep/8977.fa
