[name]
unknown

[dist]
# distance from previous block
# <min> <max>
0	190

[block]
# block no. 0 follows, 14 sequences, length 24
# corresponding to MSA columns:
# 219-242
name=unknown_A
#
# <colnr> <probs for GDERKNQSTAVLIFYWHMCP>
#	G	D	E	R	K	N	Q	S	T	A	V	L	I	F	Y	W	H	M	C	P
0	0.01967	0.01714	0.01834	0.01998	0.02277	0.09610	0.01701	0.02410	0.02441	0.02991	0.04880	0.10178	0.05247	0.02579	0.01347	0.00443	0.01075	0.43443	0.00885	0.00980
1	0.01528	0.01160	0.01451	0.01302	0.01649	0.01017	0.00987	0.01989	0.02743	0.03886	0.44955	0.07064	0.12689	0.01950	0.01146	0.00300	0.00527	0.01704	0.01039	0.10913
2	0.03033	0.48950	0.04768	0.01943	0.02774	0.10229	0.01810	0.10525	0.02572	0.03008	0.01594	0.01787	0.01379	0.00949	0.00742	0.00237	0.01187	0.00615	0.00534	0.01364
3	0.01402	0.01026	0.01316	0.01289	0.01514	0.00940	0.00949	0.01823	0.02720	0.03782	0.45506	0.15853	0.13447	0.02303	0.01225	0.00338	0.00503	0.02036	0.01089	0.00940
4	0.22545	0.02338	0.02364	0.01941	0.02600	0.02596	0.01570	0.32091	0.03543	0.05388	0.02630	0.10979	0.02291	0.01438	0.00957	0.00326	0.00958	0.01106	0.00905	0.01435
5	0.18182	0.06759	0.14241	0.02876	0.03810	0.02587	0.20150	0.06174	0.02313	0.06699	0.01931	0.02326	0.01445	0.01009	0.01119	0.00331	0.05201	0.00891	0.00591	0.01367
6	0.02540	0.02438	0.04165	0.06299	0.57533	0.02438	0.03149	0.03149	0.02337	0.03353	0.01930	0.02540	0.01626	0.00914	0.01016	0.00305	0.01219	0.00914	0.00508	0.01626
7	0.02994	0.05741	0.07535	0.05729	0.03003	0.01994	0.01799	0.06153	0.05364	0.20241	0.05266	0.02946	0.02270	0.01166	0.01138	0.00285	0.05963	0.00897	0.00833	0.18683
8	0.02459	0.14774	0.02775	0.06655	0.02699	0.02319	0.01560	0.11483	0.10400	0.06783	0.11760	0.11800	0.07129	0.01643	0.01030	0.00318	0.00877	0.01365	0.00875	0.01297
9	0.02662	0.02290	0.02625	0.02664	0.09914	0.02589	0.01851	0.09148	0.44499	0.04348	0.03741	0.03547	0.02821	0.01316	0.01039	0.00339	0.00892	0.01109	0.00972	0.01634
10	0.02845	0.02197	0.03128	0.03317	0.17880	0.02258	0.06268	0.13597	0.11556	0.10401	0.12155	0.03742	0.03379	0.01294	0.01074	0.00320	0.01012	0.01156	0.00890	0.01529
11	0.01938	0.01824	0.03078	0.61468	0.07068	0.02280	0.02850	0.02622	0.02052	0.02622	0.01824	0.02736	0.01368	0.01026	0.01026	0.00342	0.01368	0.00912	0.00456	0.01140
12	0.02517	0.03023	0.20385	0.02212	0.03075	0.02176	0.02224	0.10387	0.16801	0.08638	0.13813	0.03858	0.03629	0.01369	0.01052	0.00328	0.01020	0.01129	0.00881	0.01484
13	0.04604	0.01746	0.02382	0.01826	0.02620	0.01508	0.01508	0.05001	0.02937	0.58244	0.04049	0.03493	0.02540	0.01270	0.01032	0.00318	0.00873	0.01032	0.01270	0.01746
14	0.01910	0.01652	0.02427	0.05377	0.02723	0.01697	0.09311	0.03083	0.16313	0.03950	0.31932	0.05654	0.06290	0.01668	0.01157	0.00334	0.00809	0.01525	0.00976	0.01210
15	0.04604	0.01746	0.02382	0.01826	0.02620	0.01508	0.01508	0.05001	0.02937	0.58244	0.04049	0.03493	0.02540	0.01270	0.01032	0.00318	0.00873	0.01032	0.01270	0.01746
16	0.06953	0.02294	0.02635	0.09853	0.03308	0.02535	0.01824	0.29597	0.08375	0.08628	0.10413	0.03389	0.02974	0.01330	0.01033	0.00319	0.01005	0.01064	0.00962	0.01508
17	0.07434	0.01693	0.02099	0.01666	0.02338	0.01581	0.01361	0.08679	0.02877	0.39497	0.03626	0.03377	0.02415	0.01235	0.00945	0.00300	0.00809	0.00982	0.15537	0.01548
18	0.02060	0.01728	0.02493	0.27545	0.07557	0.01931	0.02035	0.09767	0.02734	0.03656	0.18293	0.04671	0.08379	0.01482	0.01093	0.00330	0.01004	0.01285	0.00773	0.01185
19	0.01421	0.01048	0.01328	0.01258	0.01514	0.00955	0.00944	0.01876	0.02831	0.03939	0.50874	0.07956	0.15910	0.02164	0.01211	0.00326	0.00489	0.01897	0.01106	0.00955
20	0.02483	0.01635	0.02190	0.02304	0.09364	0.01654	0.01544	0.12267	0.02739	0.11547	0.09919	0.18768	0.04150	0.02620	0.07548	0.04500	0.01051	0.01568	0.00903	0.01244
21	0.01311	0.00929	0.01207	0.01368	0.01446	0.00874	0.00911	0.01510	0.02038	0.02752	0.12718	0.47848	0.06802	0.11026	0.01809	0.00479	0.00632	0.02578	0.00935	0.00825
22	0.62156	0.02087	0.02105	0.01740	0.02428	0.02341	0.08030	0.03052	0.01835	0.04431	0.01514	0.01812	0.01170	0.00941	0.00711	0.00321	0.00917	0.00642	0.00620	0.01147
23	0.03026	0.13579	0.06156	0.02453	0.10567	0.02217	0.01849	0.06675	0.02526	0.17055	0.02363	0.02463	0.01755	0.00972	0.00874	0.00247	0.00979	0.00775	0.00745	0.22723

[dist]
# distance from previous block
# <min> <max>
0	6

[block]
# block no. 1 follows, 14 sequences, length 9
# corresponding to MSA columns:
# 249-257
name=unknown_B
#
# <colnr> <probs for GDERKNQSTAVLIFYWHMCP>
#	G	D	E	R	K	N	Q	S	T	A	V	L	I	F	Y	W	H	M	C	P
0	0.03318	0.01738	0.02457	0.02527	0.12316	0.01625	0.01684	0.03961	0.06749	0.31235	0.16428	0.04350	0.04139	0.01414	0.01073	0.00319	0.00838	0.01219	0.01081	0.01528
1	0.09617	0.01127	0.01250	0.01231	0.01335	0.01194	0.00785	0.01725	0.01547	0.02358	0.02945	0.05695	0.03238	0.47544	0.13476	0.01021	0.01254	0.01320	0.00612	0.00726
2	0.09371	0.17440	0.12106	0.02012	0.02892	0.02622	0.01948	0.09176	0.02470	0.10939	0.02034	0.02208	0.01549	0.01042	0.01020	0.00274	0.05589	0.00729	0.00669	0.13911
3	0.02091	0.01395	0.02005	0.02382	0.11914	0.01281	0.01463	0.02408	0.02200	0.11507	0.04366	0.37118	0.04688	0.02261	0.01161	0.00356	0.00767	0.02041	0.00889	0.07708
4	0.01996	0.01174	0.01516	0.01359	0.01713	0.01054	0.01044	0.02438	0.02845	0.13771	0.41959	0.07167	0.13921	0.02006	0.01178	0.00325	0.00559	0.01743	0.01135	0.01097
5	0.03145	0.02195	0.03170	0.17027	0.04182	0.02334	0.08972	0.17578	0.06356	0.16401	0.02894	0.06280	0.02172	0.01261	0.01069	0.00332	0.01162	0.01110	0.00869	0.01489
6	0.03015	0.07133	0.05519	0.05256	0.10760	0.02054	0.01879	0.11321	0.02933	0.19051	0.12762	0.07370	0.03623	0.01424	0.01045	0.00315	0.00949	0.01205	0.00929	0.01457
7	0.03311	0.09571	0.02807	0.02287	0.02752	0.44119	0.01716	0.03533	0.02577	0.02408	0.01870	0.02714	0.01758	0.12440	0.01680	0.00393	0.01628	0.00802	0.00538	0.01098
8	0.12019	0.02321	0.03728	0.10062	0.16768	0.02365	0.14640	0.09031	0.02624	0.13066	0.02305	0.02654	0.01681	0.01015	0.01018	0.00323	0.01234	0.00959	0.00708	0.01480

[dist]
# distance from previous block
# <min> <max>
0	1

[block]
# block no. 2 follows, 14 sequences, length 35
# corresponding to MSA columns:
# 259-293
name=unknown_C
#
# <colnr> <probs for GDERKNQSTAVLIFYWHMCP>
#	G	D	E	R	K	N	Q	S	T	A	V	L	I	F	Y	W	H	M	C	P
0	0.01977	0.01726	0.01742	0.01708	0.02015	0.09185	0.01338	0.06234	0.02774	0.03565	0.23697	0.14454	0.09247	0.02235	0.01220	0.00363	0.00849	0.13678	0.00963	0.01031
1	0.08799	0.02207	0.07148	0.03603	0.23411	0.01938	0.06002	0.03106	0.02350	0.12585	0.03688	0.08318	0.09662	0.01387	0.01045	0.00327	0.01039	0.01238	0.00739	0.01408
2	0.02524	0.02483	0.04423	0.06030	0.50428	0.02460	0.10049	0.03168	0.02348	0.03344	0.01950	0.02571	0.01616	0.00908	0.01043	0.00310	0.01289	0.00955	0.00509	0.01593
3	0.61818	0.02091	0.02128	0.01755	0.02445	0.02342	0.08288	0.03053	0.01838	0.04425	0.01517	0.01817	0.01172	0.00941	0.00714	0.00321	0.00921	0.00645	0.00619	0.01149
4	0.03000	0.50732	0.04840	0.01919	0.02758	0.09006	0.01803	0.10117	0.02533	0.02975	0.01582	0.01776	0.01376	0.00942	0.00733	0.00236	0.01170	0.00610	0.00527	0.01364
5	0.01882	0.01144	0.01509	0.01364	0.01681	0.01042	0.01042	0.02354	0.02909	0.11488	0.49781	0.07097	0.08710	0.01985	0.01186	0.00322	0.00537	0.01744	0.01149	0.01074
6	0.01281	0.00917	0.01171	0.01361	0.01431	0.00858	0.00896	0.01440	0.01925	0.02544	0.05636	0.52077	0.09657	0.11445	0.01837	0.00491	0.00645	0.02674	0.00908	0.00807
7	0.03100	0.01978	0.02577	0.02705	0.12518	0.02025	0.01799	0.07959	0.18758	0.20545	0.03803	0.11485	0.03072	0.01504	0.01070	0.00337	0.00899	0.01298	0.01002	0.01563
8	0.01964	0.01230	0.01580	0.01423	0.01766	0.01160	0.01091	0.02616	0.06847	0.11501	0.45840	0.06811	0.08221	0.01933	0.01174	0.00324	0.00562	0.01692	0.01142	0.01123
9	0.04558	0.01821	0.02427	0.01861	0.02657	0.01618	0.01537	0.08234	0.03061	0.54836	0.03944	0.03425	0.02488	0.01268	0.01032	0.00317	0.00890	0.01025	0.01254	0.01746
10	0.02327	0.02541	0.05276	0.16746	0.09601	0.02516	0.39101	0.03134	0.02336	0.03149	0.02011	0.02744	0.01522	0.00903	0.01157	0.00342	0.01614	0.01125	0.00505	0.01350
11	0.01238	0.00940	0.01143	0.01305	0.01456	0.00844	0.00898	0.01443	0.02083	0.02668	0.07160	0.46330	0.22752	0.03020	0.01279	0.00394	0.00571	0.02679	0.00953	0.00844
12	0.04604	0.01746	0.02382	0.01826	0.02620	0.01508	0.01508	0.05001	0.02937	0.58244	0.04049	0.03493	0.02540	0.01270	0.01032	0.00318	0.00873	0.01032	0.01270	0.01746
13	0.71184	0.01985	0.01508	0.01350	0.01985	0.02302	0.01111	0.03017	0.01746	0.04604	0.01429	0.01667	0.01111	0.00953	0.00635	0.00318	0.00794	0.00556	0.00635	0.01111
14	0.01267	0.01042	0.01114	0.01096	0.01419	0.00889	0.00822	0.01577	0.02466	0.03074	0.20850	0.09380	0.46474	0.02487	0.01212	0.00341	0.00512	0.02096	0.00993	0.00889
15	0.02448	0.02337	0.02342	0.02646	0.09933	0.15679	0.01900	0.05764	0.02621	0.03214	0.03730	0.07006	0.03779	0.01954	0.01180	0.00376	0.01185	0.25960	0.04802	0.01144
16	0.41022	0.01877	0.01904	0.01565	0.02272	0.01943	0.01291	0.03916	0.02286	0.28904	0.02616	0.02494	0.01759	0.01096	0.00815	0.00318	0.00830	0.00771	0.00923	0.01399
17	0.04604	0.01746	0.02382	0.01826	0.02620	0.01508	0.01508	0.05001	0.02937	0.58244	0.04049	0.03493	0.02540	0.01270	0.01032	0.00318	0.00873	0.01032	0.01270	0.01746
18	0.02540	0.02438	0.04165	0.06299	0.57533	0.02438	0.03149	0.03149	0.02337	0.03353	0.01930	0.02540	0.01626	0.00914	0.01016	0.00305	0.01219	0.00914	0.00508	0.01626
19	0.02448	0.02061	0.02862	0.11904	0.07464	0.06541	0.05872	0.02891	0.02254	0.09741	0.05966	0.08621	0.03039	0.01682	0.01642	0.00377	0.14810	0.07901	0.00712	0.01210
20	0.02739	0.02163	0.02326	0.02065	0.02664	0.02458	0.01614	0.05412	0.50888	0.09194	0.04165	0.03798	0.03079	0.01381	0.01043	0.00345	0.00818	0.01149	0.01065	0.01635
21	0.03489	0.02286	0.02826	0.02241	0.02821	0.02552	0.01854	0.20975	0.03127	0.20054	0.02549	0.02673	0.01842	0.01373	0.01693	0.00340	0.18838	0.00924	0.00897	0.06645
22	0.02541	0.11142	0.02837	0.02098	0.02592	0.13309	0.05380	0.10803	0.05470	0.03387	0.06131	0.22693	0.03745	0.01830	0.01073	0.00329	0.01082	0.01562	0.00792	0.01202
23	0.01250	0.00893	0.01191	0.01429	0.01488	0.00834	0.00953	0.01429	0.01965	0.02620	0.05656	0.63265	0.06787	0.03215	0.01310	0.00417	0.00595	0.02917	0.00953	0.00834
24	0.01213	0.01040	0.01040	0.01040	0.01386	0.00866	0.00780	0.01473	0.02339	0.02772	0.10396	0.09876	0.57117	0.02599	0.01213	0.00347	0.00520	0.02166	0.00953	0.00866
25	0.02128	0.01824	0.02128	0.01520	0.02432	0.01368	0.01216	0.02584	0.02128	0.03344	0.01824	0.02128	0.01520	0.00760	0.00760	0.00152	0.00760	0.00608	0.00608	0.70208
26	0.01250	0.00893	0.01191	0.01429	0.01488	0.00834	0.00953	0.01429	0.01965	0.02620	0.05656	0.63265	0.06787	0.03215	0.01310	0.00417	0.00595	0.02917	0.00953	0.00834
27	0.01913	0.00956	0.00956	0.00956	0.01196	0.00956	0.00717	0.02391	0.02152	0.03826	0.03348	0.03826	0.02630	0.01196	0.00717	0.00239	0.00478	0.00956	0.69632	0.00956
28	0.02245	0.02245	0.03143	0.02694	0.02694	0.03143	0.02245	0.02470	0.01572	0.02470	0.01347	0.02245	0.01347	0.01796	0.03368	0.00449	0.62057	0.00898	0.00449	0.01123
29	0.03602	0.03435	0.02999	0.02472	0.03166	0.27025	0.05838	0.13548	0.07970	0.11372	0.02388	0.02468	0.01770	0.01113	0.00980	0.00286	0.01393	0.00846	0.00778	0.06550
30	0.01237	0.01008	0.01095	0.01143	0.01419	0.00866	0.00831	0.01494	0.02293	0.02827	0.12412	0.21646	0.42755	0.02703	0.01234	0.00361	0.00534	0.02313	0.00965	0.00866
31	0.02613	0.01923	0.01983	0.01783	0.02266	0.09274	0.01365	0.06184	0.02527	0.13767	0.03869	0.24418	0.03869	0.01941	0.01093	0.00326	0.00911	0.05236	0.00898	0.13755
32	0.01241	0.00931	0.01152	0.01329	0.01462	0.00842	0.00908	0.01440	0.02061	0.02659	0.06873	0.49563	0.19704	0.03057	0.01285	0.00399	0.00576	0.02724	0.00953	0.00842
33	0.03436	0.11407	0.03408	0.06889	0.03362	0.03232	0.02020	0.38253	0.03929	0.05236	0.02167	0.02350	0.01620	0.01217	0.01187	0.00311	0.06678	0.00868	0.00847	0.01582
34	0.02961	0.07208	0.03802	0.08395	0.34232	0.07032	0.02645	0.10465	0.02737	0.07703	0.02092	0.02493	0.01647	0.01001	0.00986	0.00299	0.01230	0.00878	0.00631	0.01563

[dist]
# distance from previous block
# <min> <max>
0	20

[block]
# block no. 3 follows, 14 sequences, length 10
# corresponding to MSA columns:
# 314-323
name=unknown_D
#
# <colnr> <probs for GDERKNQSTAVLIFYWHMCP>
#	G	D	E	R	K	N	Q	S	T	A	V	L	I	F	Y	W	H	M	C	P
0	0.01681	0.01111	0.01378	0.01275	0.01595	0.00991	0.00969	0.02098	0.02760	0.08758	0.39936	0.07858	0.21414	0.02152	0.01195	0.00328	0.00529	0.01861	0.01096	0.01013
1	0.02622	0.23650	0.10403	0.08006	0.06793	0.03246	0.02330	0.10316	0.02378	0.03192	0.01674	0.02130	0.01409	0.01183	0.01473	0.00318	0.16218	0.00770	0.00532	0.01357
2	0.01390	0.01047	0.01285	0.01225	0.01495	0.00942	0.00919	0.01815	0.02757	0.03764	0.44821	0.08243	0.22073	0.02229	0.01211	0.00329	0.00493	0.01937	0.01084	0.00942
3	0.02879	0.24602	0.09431	0.05037	0.03510	0.03110	0.10453	0.09988	0.02535	0.08870	0.01982	0.02288	0.01541	0.01085	0.01195	0.00303	0.08328	0.00830	0.00616	0.01416
4	0.01305	0.00916	0.01175	0.01359	0.01405	0.00870	0.00878	0.01443	0.01858	0.02477	0.05109	0.50485	0.06097	0.16938	0.02194	0.00547	0.00686	0.02595	0.00878	0.00786
5	0.02473	0.02151	0.06210	0.04891	0.03085	0.02087	0.08950	0.07863	0.15975	0.09374	0.11139	0.10766	0.03818	0.01588	0.01244	0.00350	0.04380	0.01389	0.00898	0.01371
6	0.01770	0.01041	0.01403	0.01526	0.01707	0.00961	0.01093	0.02006	0.02140	0.10712	0.05404	0.50190	0.06097	0.02901	0.01279	0.00407	0.00666	0.06724	0.00998	0.00975
7	0.02976	0.29506	0.06914	0.02030	0.02805	0.13211	0.01844	0.03359	0.02296	0.08769	0.01818	0.02034	0.01484	0.01016	0.01000	0.00253	0.06132	0.00671	0.00572	0.11312
8	0.02287	0.02981	0.19683	0.02689	0.06899	0.01975	0.08347	0.03006	0.02226	0.06639	0.02285	0.03140	0.01894	0.01113	0.01112	0.00290	0.04567	0.05063	0.00600	0.23202
9	0.08095	0.07299	0.24762	0.13629	0.04163	0.02390	0.02666	0.06571	0.05663	0.08930	0.02181	0.02453	0.01574	0.01038	0.00940	0.00312	0.01235	0.00813	0.00621	0.04663

[dist]
# distance from previous block
# <min> <max>
0	1

[block]
# block no. 4 follows, 14 sequences, length 39
# corresponding to MSA columns:
# 325-363
name=unknown_E
#
# <colnr> <probs for GDERKNQSTAVLIFYWHMCP>
#	G	D	E	R	K	N	Q	S	T	A	V	L	I	F	Y	W	H	M	C	P
0	0.03111	0.06523	0.10025	0.02211	0.02883	0.02443	0.01998	0.14927	0.06171	0.17038	0.02941	0.08955	0.02390	0.01498	0.01435	0.00345	0.11644	0.01121	0.00864	0.01478
1	0.02585	0.13308	0.07925	0.15296	0.03726	0.06779	0.02232	0.03046	0.02089	0.08405	0.01929	0.02442	0.01544	0.01254	0.01599	0.00335	0.18556	0.00829	0.04868	0.01252
2	0.03782	0.02494	0.12199	0.02061	0.02939	0.01891	0.01933	0.12533	0.03111	0.35614	0.07831	0.03441	0.02791	0.01282	0.01036	0.00318	0.00995	0.01035	0.01073	0.01641
3	0.01395	0.01047	0.01292	0.01231	0.01498	0.00944	0.00923	0.01826	0.02770	0.03795	0.45874	0.08193	0.21000	0.02217	0.01211	0.00328	0.00493	0.01930	0.01088	0.00944
4	0.02377	0.23177	0.08136	0.08990	0.03138	0.02800	0.01988	0.03014	0.05995	0.05870	0.10976	0.03166	0.02898	0.01321	0.01338	0.00314	0.11640	0.00954	0.00643	0.01266
5	0.01327	0.01044	0.01198	0.01160	0.01456	0.00915	0.00870	0.01694	0.02609	0.03414	0.32647	0.08821	0.34465	0.02360	0.01212	0.00335	0.00503	0.02018	0.01037	0.00915
6	0.01787	0.01553	0.02488	0.28203	0.04308	0.01739	0.06216	0.02419	0.05001	0.02891	0.06676	0.17850	0.03532	0.05571	0.01368	0.00395	0.01055	0.01529	0.04359	0.01060
7	0.12672	0.02037	0.02411	0.01893	0.02658	0.02018	0.01557	0.14836	0.06562	0.37457	0.03404	0.03075	0.02236	0.01230	0.00982	0.00318	0.00912	0.00958	0.01126	0.01659
8	0.02416	0.02365	0.08949	0.02073	0.02689	0.02203	0.01798	0.12971	0.25421	0.04226	0.07348	0.13241	0.03804	0.01718	0.01105	0.00354	0.00906	0.04027	0.00954	0.01432
9	0.04278	0.01674	0.02277	0.01771	0.02507	0.01452	0.01452	0.04684	0.02934	0.52647	0.09523	0.03924	0.03279	0.01356	0.01050	0.00318	0.00833	0.01117	0.01256	0.01666
10	0.02512	0.02023	0.02788	0.16204	0.12759	0.02272	0.02133	0.06953	0.17234	0.08180	0.05835	0.07068	0.02799	0.01385	0.01207	0.00344	0.04920	0.01166	0.00799	0.01417
11	0.02827	0.01963	0.02154	0.01896	0.02469	0.02164	0.01487	0.04978	0.39563	0.13621	0.04047	0.03770	0.02964	0.01346	0.01000	0.00329	0.00780	0.01112	0.09973	0.01559
12	0.02157	0.15594	0.06302	0.02177	0.06954	0.02214	0.01721	0.06120	0.09756	0.03432	0.11791	0.14797	0.04354	0.01780	0.01063	0.00333	0.00898	0.06495	0.00815	0.01248
13	0.71184	0.01985	0.01508	0.01350	0.01985	0.02302	0.01111	0.03017	0.01746	0.04604	0.01429	0.01667	0.01111	0.00953	0.00635	0.00318	0.00794	0.00556	0.00635	0.01111
14	0.08145	0.02451	0.04541	0.08018	0.19719	0.02379	0.26296	0.03110	0.02287	0.03379	0.01938	0.02543	0.01523	0.00886	0.01049	0.00312	0.01383	0.00990	0.00531	0.08520
15	0.02553	0.02204	0.02320	0.02088	0.02669	0.02553	0.01624	0.05453	0.55679	0.04293	0.04177	0.03829	0.03133	0.01392	0.01044	0.00348	0.00812	0.01160	0.01044	0.01624
16	0.71184	0.01985	0.01508	0.01350	0.01985	0.02302	0.01111	0.03017	0.01746	0.04604	0.01429	0.01667	0.01111	0.00953	0.00635	0.00318	0.00794	0.00556	0.00635	0.01111
17	0.01452	0.01049	0.01372	0.01291	0.01533	0.00968	0.00968	0.01937	0.02905	0.04115	0.56992	0.07666	0.09683	0.02098	0.01210	0.00323	0.00484	0.01856	0.01130	0.00968
18	0.02058	0.05308	0.58618	0.02925	0.04442	0.02383	0.03792	0.03250	0.02167	0.03250	0.01842	0.02167	0.01300	0.00975	0.00975	0.00325	0.01517	0.00758	0.00433	0.01517
19	0.01654	0.01181	0.01654	0.01890	0.02126	0.01181	0.01654	0.02126	0.02362	0.03071	0.05433	0.11576	0.05906	0.02835	0.01417	0.00472	0.00945	0.50626	0.00945	0.00945
20	0.02058	0.05308	0.58618	0.02925	0.04442	0.02383	0.03792	0.03250	0.02167	0.03250	0.01842	0.02167	0.01300	0.00975	0.00975	0.00325	0.01517	0.00758	0.00433	0.01517
21	0.04604	0.01746	0.02382	0.01826	0.02620	0.01508	0.01508	0.05001	0.02937	0.58244	0.04049	0.03493	0.02540	0.01270	0.01032	0.00318	0.00873	0.01032	0.01270	0.01746
22	0.01284	0.00917	0.01229	0.01467	0.01542	0.00863	0.01011	0.01487	0.01998	0.02657	0.05637	0.58942	0.06714	0.03183	0.01319	0.00421	0.00625	0.06907	0.00952	0.00843
23	0.02581	0.02105	0.02275	0.01987	0.02546	0.02366	0.01558	0.13263	0.36959	0.04638	0.13756	0.04309	0.04116	0.01496	0.01072	0.00336	0.00806	0.01249	0.01057	0.01523
24	0.11488	0.01771	0.02291	0.01777	0.02554	0.01590	0.01467	0.04796	0.02814	0.52698	0.03778	0.03304	0.02393	0.01237	0.00991	0.00318	0.00865	0.00983	0.01204	0.01681
25	0.04209	0.01659	0.02255	0.01759	0.02484	0.01441	0.01441	0.04617	0.02933	0.51461	0.10684	0.04016	0.03435	0.01374	0.01054	0.00318	0.00824	0.01135	0.01253	0.01649
26	0.04005	0.02214	0.02611	0.02056	0.02822	0.02266	0.01681	0.21971	0.12765	0.31047	0.03526	0.03197	0.02370	0.01278	0.01032	0.00320	0.00951	0.01017	0.01147	0.01725
27	0.01538	0.01122	0.01395	0.01318	0.01542	0.01086	0.00955	0.02110	0.06417	0.03758	0.43875	0.07227	0.08181	0.12809	0.01897	0.00442	0.00596	0.01743	0.01035	0.00955
28	0.04318	0.02206	0.02666	0.02044	0.02849	0.02190	0.01688	0.24990	0.03706	0.37170	0.03404	0.03074	0.02217	0.01255	0.01030	0.00314	0.00977	0.00988	0.01171	0.01746
29	0.17392	0.01980	0.02328	0.01822	0.02590	0.01940	0.01505	0.12768	0.03020	0.39253	0.03278	0.02968	0.02131	0.01202	0.00954	0.00316	0.00900	0.00922	0.01107	0.01623
30	0.01250	0.00893	0.01191	0.01429	0.01488	0.00834	0.00953	0.01429	0.01965	0.02620	0.05656	0.63265	0.06787	0.03215	0.01310	0.00417	0.00595	0.02917	0.00953	0.00834
31	0.02619	0.01872	0.02015	0.01803	0.02327	0.02080	0.01405	0.04707	0.38003	0.09764	0.03974	0.03793	0.02957	0.01335	0.00968	0.00320	0.00742	0.01100	0.16729	0.01484
32	0.01386	0.01021	0.01297	0.01282	0.01506	0.00932	0.00941	0.01788	0.02668	0.03681	0.42019	0.17628	0.15327	0.02357	0.01228	0.00342	0.00508	0.02081	0.01076	0.00932
33	0.01428	0.01064	0.01569	0.01611	0.01773	0.01205	0.01225	0.01762	0.01704	0.02424	0.03255	0.14340	0.03300	0.06917	0.49677	0.01435	0.02374	0.01416	0.00620	0.00902
34	0.02484	0.53474	0.04649	0.01699	0.02435	0.03499	0.01616	0.02787	0.02064	0.02450	0.02163	0.12369	0.02269	0.01285	0.00772	0.00254	0.01010	0.00961	0.00528	0.01233
35	0.02033	0.01827	0.01872	0.02021	0.02308	0.11385	0.01711	0.02469	0.02457	0.02974	0.04764	0.09883	0.05108	0.02526	0.01332	0.00436	0.01103	0.41931	0.00873	0.00988
36	0.02002	0.01272	0.01844	0.01543	0.01921	0.01242	0.09956	0.02547	0.02199	0.03732	0.03126	0.03642	0.02444	0.01138	0.00803	0.00258	0.00696	0.01001	0.57604	0.01031
37	0.14486	0.02359	0.03703	0.05438	0.47866	0.02415	0.02795	0.03126	0.02234	0.03570	0.01843	0.02388	0.01536	0.00921	0.00950	0.00307	0.01145	0.00852	0.00530	0.01536
38	0.11366	0.01967	0.02413	0.01870	0.02652	0.01882	0.01544	0.13342	0.03143	0.43688	0.03502	0.03125	0.02254	0.01231	0.00990	0.00316	0.00910	0.00964	0.01162	0.01681

[dist]
# distance from previous block
# <min> <max>
0	4

[block]
# block no. 5 follows, 14 sequences, length 24
# corresponding to MSA columns:
# 368-391
name=unknown_F
#
# <colnr> <probs for GDERKNQSTAVLIFYWHMCP>
#	G	D	E	R	K	N	Q	S	T	A	V	L	I	F	Y	W	H	M	C	P
0	0.10367	0.01329	0.01648	0.01490	0.01900	0.01252	0.01143	0.02861	0.02562	0.20053	0.22764	0.18684	0.05881	0.01978	0.01114	0.00343	0.00662	0.01707	0.01074	0.01187
1	0.03358	0.02284	0.02940	0.22827	0.04422	0.02534	0.02175	0.26384	0.03483	0.15468	0.02558	0.02764	0.01773	0.01168	0.01027	0.00322	0.01161	0.00941	0.00877	0.01535
2	0.02330	0.01836	0.02892	0.09415	0.30077	0.01856	0.02210	0.02889	0.02366	0.06617	0.08702	0.03502	0.02814	0.01147	0.00971	0.00296	0.00956	0.01039	0.16730	0.01355
3	0.13448	0.23515	0.14813	0.01880	0.02653	0.02648	0.01921	0.02801	0.02208	0.03346	0.14461	0.03196	0.03232	0.01248	0.01007	0.00295	0.04543	0.00919	0.00631	0.01233
4	0.09496	0.01144	0.01296	0.01360	0.01639	0.01089	0.01020	0.01898	0.02189	0.05746	0.08854	0.28507	0.21731	0.02576	0.01195	0.00380	0.00641	0.07362	0.00939	0.00939
5	0.02035	0.01339	0.01836	0.01939	0.07046	0.01349	0.01331	0.02653	0.06259	0.09778	0.21719	0.07780	0.05158	0.03110	0.14789	0.00628	0.01154	0.01408	0.07541	0.01148
6	0.01563	0.01350	0.01836	0.02349	0.14507	0.01245	0.01381	0.01929	0.02382	0.03095	0.15006	0.13966	0.31140	0.02200	0.01178	0.00341	0.00686	0.01913	0.00876	0.01055
7	0.19497	0.02661	0.06698	0.02561	0.09138	0.02710	0.01959	0.23200	0.13142	0.05022	0.02430	0.02516	0.01807	0.01140	0.00931	0.00319	0.01028	0.00867	0.00833	0.01540
8	0.05599	0.16864	0.14830	0.02101	0.02862	0.02363	0.07140	0.05053	0.02082	0.02930	0.02168	0.03291	0.02012	0.16101	0.06145	0.00544	0.01312	0.00941	0.00544	0.05120
9	0.02005	0.01511	0.01732	0.01597	0.01963	0.01543	0.01209	0.14129	0.06800	0.04024	0.17983	0.22701	0.14211	0.02251	0.01185	0.00352	0.00696	0.01947	0.01019	0.01141
10	0.02068	0.01953	0.03253	0.23586	0.12779	0.01973	0.09966	0.02656	0.02159	0.03001	0.02319	0.09528	0.02094	0.01174	0.01023	0.00301	0.01169	0.01117	0.00566	0.17314
11	0.01242	0.00927	0.01156	0.01338	0.01465	0.00841	0.00912	0.01439	0.02052	0.02655	0.06761	0.50821	0.18518	0.03071	0.01287	0.00400	0.00578	0.02742	0.00953	0.00841
12	0.01913	0.17830	0.17062	0.05357	0.02862	0.02142	0.01991	0.02488	0.02270	0.03079	0.15379	0.15942	0.04393	0.01677	0.01024	0.00318	0.00974	0.01416	0.00705	0.01177
13	0.02866	0.02271	0.06729	0.16103	0.06096	0.02257	0.02117	0.18992	0.02977	0.11573	0.02548	0.03097	0.01952	0.05213	0.10086	0.00554	0.01418	0.00978	0.00771	0.01403
14	0.02296	0.02102	0.03455	0.05092	0.44384	0.02102	0.02560	0.02763	0.02140	0.03035	0.02234	0.03513	0.02116	0.15604	0.01997	0.00466	0.01167	0.01049	0.00535	0.01392
15	0.02879	0.02248	0.03190	0.02496	0.03179	0.02343	0.13704	0.15531	0.17165	0.10047	0.05653	0.03742	0.02758	0.08443	0.01566	0.00408	0.01112	0.01175	0.00897	0.01463
16	0.55115	0.02045	0.01889	0.01663	0.02150	0.02498	0.01376	0.02889	0.01706	0.04107	0.01410	0.01802	0.01166	0.01149	0.01272	0.00348	0.15073	0.00635	0.00592	0.01114
17	0.54883	0.01730	0.01434	0.01368	0.01869	0.01960	0.01074	0.02647	0.01797	0.04142	0.02414	0.16025	0.02434	0.01480	0.00792	0.00341	0.00748	0.01106	0.00709	0.01047
18	0.02177	0.02242	0.09303	0.17822	0.22063	0.01960	0.02479	0.02775	0.02292	0.06993	0.04020	0.04324	0.14526	0.01367	0.01061	0.00327	0.01102	0.01196	0.00645	0.01326
19	0.03143	0.02268	0.02482	0.01980	0.02611	0.02457	0.01606	0.37083	0.04126	0.05671	0.15257	0.03804	0.03679	0.01430	0.01040	0.00305	0.00918	0.01144	0.07508	0.01490
20	0.49060	0.08081	0.02239	0.01624	0.02325	0.02673	0.01368	0.14931	0.02496	0.04832	0.01670	0.01851	0.01278	0.01011	0.00729	0.00306	0.00901	0.00641	0.00708	0.01278
21	0.02676	0.14443	0.03179	0.02189	0.02610	0.05509	0.01838	0.03491	0.12703	0.09207	0.02380	0.02736	0.01948	0.01995	0.07306	0.00473	0.22423	0.00905	0.00673	0.01316
22	0.01550	0.01016	0.01401	0.01401	0.01481	0.01095	0.00973	0.01603	0.01523	0.02111	0.02677	0.04692	0.02760	0.25112	0.28656	0.17784	0.01732	0.01178	0.00548	0.00708
23	0.02994	0.09831	0.03006	0.10655	0.05876	0.15816	0.01929	0.11402	0.02738	0.08420	0.02483	0.09029	0.02215	0.04100	0.01311	0.00343	0.04794	0.01064	0.00702	0.01293

[dist]
# distance from previous block
# <min> <max>
0	174

# created by:
# /st0/software/busco_prod/Augustus/scripts/msa2prfl.pl ./align_prep/8987.fa
