[name]
unknown

[dist]
# distance from previous block
# <min> <max>
0	136

[block]
# block no. 0 follows, 14 sequences, length 54
# corresponding to MSA columns:
# 166-219
name=unknown_A
#
# <colnr> <probs for GDERKNQSTAVLIFYWHMCP>
#	G	D	E	R	K	N	Q	S	T	A	V	L	I	F	Y	W	H	M	C	P
0	0.05612	0.22659	0.03594	0.02116	0.02762	0.07324	0.06666	0.08940	0.02446	0.05531	0.02283	0.03092	0.01997	0.02641	0.14478	0.00599	0.01572	0.03809	0.00624	0.01259
1	0.17698	0.16586	0.14128	0.01843	0.02658	0.02340	0.01846	0.03220	0.02211	0.13497	0.07382	0.02783	0.02335	0.01295	0.01079	0.05267	0.01001	0.00833	0.00701	0.01296
2	0.15160	0.01572	0.01990	0.01689	0.02168	0.01568	0.04907	0.06619	0.02722	0.11960	0.26353	0.10175	0.05614	0.01711	0.01072	0.00330	0.00746	0.01473	0.00990	0.01184
3	0.09800	0.02210	0.08955	0.02292	0.07554	0.01829	0.01867	0.07935	0.02658	0.25246	0.03645	0.04042	0.06093	0.01864	0.05525	0.00431	0.01119	0.04547	0.00921	0.01466
4	0.22489	0.01366	0.01607	0.01559	0.01878	0.01590	0.01231	0.02190	0.01679	0.03052	0.02351	0.03319	0.02127	0.05663	0.42007	0.01248	0.02159	0.00936	0.00575	0.00975
5	0.02717	0.07501	0.07965	0.02400	0.03014	0.26457	0.07941	0.03206	0.02729	0.03146	0.18364	0.03727	0.03869	0.01329	0.01032	0.00294	0.01344	0.01087	0.00694	0.01184
6	0.08916	0.01754	0.02009	0.01520	0.02324	0.01424	0.01207	0.02723	0.02143	0.07842	0.02292	0.07406	0.02012	0.01029	0.00817	0.00204	0.00758	0.00834	0.00694	0.52093
7	0.09202	0.06475	0.02545	0.02200	0.06181	0.07086	0.01627	0.06330	0.18150	0.16581	0.03442	0.10108	0.02804	0.01437	0.00997	0.00326	0.00948	0.01172	0.00928	0.01461
8	0.24591	0.07032	0.15476	0.02136	0.03072	0.02225	0.06381	0.03700	0.02285	0.20338	0.02375	0.02429	0.01641	0.01042	0.00884	0.00315	0.01084	0.00802	0.00759	0.01434
9	0.44957	0.02968	0.18800	0.01863	0.02777	0.02262	0.01952	0.03247	0.01969	0.08532	0.01765	0.01965	0.01284	0.00985	0.00770	0.00320	0.01018	0.00655	0.00626	0.01285
10	0.03352	0.14642	0.11625	0.02011	0.02850	0.02299	0.01907	0.10838	0.02802	0.24967	0.03161	0.09837	0.02499	0.01372	0.00982	0.00310	0.01020	0.01102	0.00906	0.01519
11	0.09335	0.17262	0.17243	0.02122	0.03039	0.02709	0.02142	0.04058	0.18335	0.09994	0.02671	0.02656	0.01985	0.01111	0.00897	0.00306	0.01062	0.00844	0.00737	0.01491
12	0.02146	0.01486	0.01729	0.01446	0.01938	0.01337	0.01070	0.02741	0.08457	0.09576	0.08516	0.05001	0.08536	0.18657	0.02144	0.00462	0.00797	0.01230	0.00821	0.21911
13	0.01265	0.00921	0.01192	0.01379	0.01483	0.00849	0.00937	0.01479	0.02085	0.02768	0.10706	0.53140	0.11902	0.03056	0.01292	0.00402	0.00578	0.02750	0.00968	0.00849
14	0.02504	0.02538	0.04735	0.05704	0.41802	0.02486	0.18425	0.03191	0.02362	0.03333	0.01974	0.02609	0.01605	0.00899	0.01075	0.00317	0.01373	0.01004	0.00511	0.01553
15	0.03440	0.03887	0.03084	0.02642	0.03262	0.35729	0.06538	0.10220	0.14410	0.03430	0.02289	0.02429	0.01781	0.01133	0.00988	0.00295	0.01532	0.00848	0.00697	0.01366
16	0.02135	0.01163	0.01540	0.01447	0.01751	0.01057	0.01070	0.02479	0.02551	0.16253	0.26212	0.23118	0.06801	0.05835	0.01432	0.00389	0.00638	0.01956	0.01081	0.01091
17	0.11457	0.01657	0.01965	0.01608	0.02147	0.01609	0.01237	0.08447	0.02543	0.29954	0.03341	0.04150	0.02654	0.20125	0.02248	0.00521	0.00925	0.01104	0.00976	0.01332
18	0.71184	0.01985	0.01508	0.01350	0.01985	0.02302	0.01111	0.03017	0.01746	0.04604	0.01429	0.01667	0.01111	0.00953	0.00635	0.00318	0.00794	0.00556	0.00635	0.01111
19	0.01760	0.01083	0.01378	0.01300	0.01541	0.01008	0.00947	0.02142	0.02569	0.08509	0.36027	0.11589	0.07395	0.10691	0.01724	0.00418	0.00599	0.01749	0.06593	0.00977
20	0.03630	0.01592	0.02103	0.01738	0.02352	0.01446	0.01384	0.04217	0.07287	0.40208	0.09405	0.12750	0.03907	0.01648	0.01091	0.00335	0.00789	0.01401	0.01190	0.01526
21	0.01474	0.01068	0.01489	0.01489	0.01617	0.01196	0.01083	0.01730	0.01602	0.02264	0.02895	0.04841	0.02917	0.24655	0.43390	0.01452	0.02220	0.01218	0.00571	0.00827
22	0.09936	0.01490	0.01574	0.01490	0.01888	0.01565	0.01135	0.02961	0.18452	0.03751	0.18050	0.11711	0.18128	0.01981	0.01103	0.00345	0.00639	0.01672	0.00985	0.01145
23	0.22280	0.01432	0.01539	0.01446	0.01887	0.01434	0.01135	0.02675	0.02259	0.13916	0.09426	0.16663	0.12265	0.01963	0.01046	0.00354	0.00712	0.05519	0.00936	0.01113
24	0.01335	0.00933	0.01180	0.01327	0.01380	0.00890	0.00854	0.01478	0.01879	0.02519	0.07995	0.42888	0.06039	0.21458	0.02484	0.00585	0.00709	0.02424	0.00863	0.00778
25	0.01875	0.01302	0.01556	0.01443	0.01744	0.01300	0.01089	0.10345	0.02935	0.04177	0.31127	0.16626	0.06875	0.02039	0.01130	0.00326	0.00608	0.01777	0.10657	0.01067
26	0.33153	0.01611	0.01618	0.01435	0.01952	0.01672	0.01124	0.03040	0.02145	0.17085	0.06474	0.10609	0.06177	0.06280	0.01230	0.00383	0.00771	0.01194	0.00874	0.01173
27	0.01624	0.01124	0.01327	0.01293	0.01479	0.01110	0.00896	0.01947	0.08202	0.02606	0.09696	0.06249	0.18364	0.15860	0.02897	0.21530	0.00765	0.01491	0.00756	0.00786
28	0.01480	0.01045	0.01372	0.01372	0.01460	0.01132	0.00938	0.01655	0.01567	0.02177	0.03002	0.05433	0.03174	0.37064	0.31333	0.01308	0.01833	0.01305	0.00587	0.00762
29	0.01680	0.01024	0.01259	0.01298	0.01391	0.00981	0.00824	0.01783	0.01798	0.07257	0.04210	0.27517	0.04764	0.35684	0.03389	0.00719	0.00835	0.01983	0.00803	0.00801
30	0.01703	0.01054	0.01354	0.01324	0.01475	0.01019	0.00906	0.01891	0.02063	0.06988	0.18349	0.14461	0.05494	0.24417	0.07558	0.05648	0.00921	0.01690	0.00841	0.00845
31	0.02069	0.01928	0.03093	0.49136	0.11418	0.02327	0.02734	0.03007	0.08410	0.02890	0.02112	0.02846	0.01601	0.01058	0.01027	0.00339	0.01288	0.00942	0.00530	0.01244
32	0.01694	0.01133	0.01446	0.01481	0.01703	0.01092	0.01065	0.02246	0.07509	0.07493	0.21093	0.35951	0.06996	0.02549	0.01233	0.00374	0.00604	0.02279	0.01040	0.01021
33	0.01473	0.00982	0.01233	0.01249	0.01333	0.00947	0.00814	0.01597	0.01980	0.02714	0.19685	0.16207	0.05816	0.27822	0.03204	0.08856	0.00761	0.01774	0.00810	0.00742
34	0.02485	0.02453	0.03552	0.30202	0.12807	0.07994	0.09570	0.07344	0.07246	0.03264	0.02112	0.02703	0.01614	0.01041	0.01042	0.00328	0.01374	0.00952	0.00578	0.01338
35	0.02326	0.02220	0.03779	0.25893	0.39610	0.02382	0.03043	0.02962	0.02236	0.03093	0.01893	0.02610	0.01534	0.00954	0.01020	0.00318	0.01272	0.00914	0.00490	0.01453
36	0.01938	0.01824	0.03078	0.61468	0.07068	0.02280	0.02850	0.02622	0.02052	0.02622	0.01824	0.02736	0.01368	0.01026	0.01026	0.00342	0.01368	0.00912	0.00456	0.01140
37	0.19534	0.01886	0.02238	0.01760	0.02520	0.01815	0.01453	0.08311	0.02814	0.42212	0.03338	0.03003	0.02158	0.01196	0.00942	0.00317	0.00875	0.00917	0.01109	0.01603
38	0.08321	0.02625	0.03538	0.09573	0.23151	0.11078	0.08442	0.03613	0.02480	0.13979	0.02260	0.02599	0.01685	0.01014	0.01000	0.00310	0.01291	0.00906	0.00666	0.01467
39	0.02486	0.02257	0.03581	0.23589	0.19015	0.06030	0.10441	0.03065	0.02267	0.07597	0.02191	0.03050	0.01774	0.06622	0.01421	0.00384	0.01341	0.01004	0.00569	0.01315
40	0.04604	0.01746	0.02382	0.01826	0.02620	0.01508	0.01508	0.05001	0.02937	0.58244	0.04049	0.03493	0.02540	0.01270	0.01032	0.00318	0.00873	0.01032	0.01270	0.01746
41	0.02517	0.02283	0.03467	0.21161	0.21074	0.02514	0.06208	0.09496	0.13619	0.03694	0.02438	0.02873	0.01871	0.01081	0.01040	0.00328	0.01205	0.00987	0.00666	0.01478
42	0.02868	0.03880	0.25951	0.02914	0.08275	0.06015	0.02776	0.20333	0.09230	0.04397	0.02307	0.02468	0.01686	0.01107	0.01001	0.00317	0.01302	0.00867	0.00711	0.01595
43	0.10077	0.03410	0.30289	0.02308	0.03224	0.01972	0.06562	0.02695	0.01934	0.03033	0.02232	0.03528	0.02032	0.19949	0.02235	0.00528	0.01291	0.00992	0.00521	0.01188
44	0.02077	0.02244	0.07270	0.44018	0.12910	0.02344	0.08965	0.02807	0.02138	0.02832	0.01868	0.02678	0.01418	0.00990	0.01043	0.00337	0.01402	0.00937	0.00468	0.01254
45	0.01469	0.01189	0.01629	0.08703	0.05876	0.01160	0.01285	0.01848	0.02376	0.03158	0.21605	0.22120	0.19102	0.02314	0.01203	0.00355	0.00676	0.02041	0.00918	0.00971
46	0.08828	0.09176	0.02677	0.01786	0.02579	0.01863	0.01511	0.04641	0.02757	0.48074	0.03564	0.03153	0.02301	0.01203	0.00961	0.00306	0.00894	0.00943	0.01130	0.01653
47	0.24251	0.03086	0.02547	0.09114	0.03271	0.19884	0.01809	0.17307	0.02977	0.04250	0.01807	0.02067	0.01379	0.01069	0.00876	0.00302	0.01272	0.00730	0.00689	0.01312
48	0.02667	0.06277	0.03803	0.18968	0.04579	0.02292	0.17377	0.07534	0.02641	0.12103	0.08789	0.03351	0.02619	0.01151	0.01079	0.00326	0.01254	0.01108	0.00730	0.01351
49	0.09172	0.01439	0.01813	0.05579	0.02296	0.01445	0.01293	0.06808	0.02330	0.16948	0.03769	0.23835	0.03683	0.04864	0.01621	0.08624	0.00831	0.01621	0.00900	0.01129
50	0.02633	0.09364	0.02901	0.09202	0.07989	0.02142	0.01764	0.10870	0.02611	0.08276	0.02387	0.07291	0.02036	0.01135	0.00912	0.00256	0.00967	0.00937	0.00711	0.25617
51	0.13282	0.02132	0.06508	0.02116	0.07133	0.01883	0.01644	0.09370	0.04950	0.09701	0.14585	0.03592	0.03484	0.01258	0.00953	0.00287	0.00860	0.01024	0.00845	0.14393
52	0.11146	0.03102	0.24893	0.12037	0.03873	0.02007	0.02579	0.03069	0.02194	0.09748	0.02725	0.07541	0.02343	0.01384	0.01021	0.00349	0.01194	0.06820	0.00657	0.01316
53	0.02822	0.03344	0.15775	0.02418	0.03289	0.14005	0.06309	0.03815	0.10763	0.10292	0.06231	0.02947	0.02369	0.01134	0.00990	0.00294	0.01244	0.00927	0.00731	0.10299

[dist]
# distance from previous block
# <min> <max>
7	23

[block]
# block no. 1 follows, 14 sequences, length 42
# corresponding to MSA columns:
# 243-284
name=unknown_B
#
# <colnr> <probs for GDERKNQSTAVLIFYWHMCP>
#	G	D	E	R	K	N	Q	S	T	A	V	L	I	F	Y	W	H	M	C	P
0	0.02949	0.06970	0.08506	0.08596	0.07205	0.02259	0.04928	0.12229	0.06256	0.15731	0.07379	0.03636	0.06231	0.01294	0.01033	0.00317	0.01063	0.01088	0.00857	0.01473
1	0.05890	0.02548	0.08866	0.08708	0.23605	0.02255	0.06154	0.06132	0.05745	0.06612	0.02170	0.02558	0.01677	0.00971	0.00972	0.00293	0.01156	0.00877	0.00624	0.12186
2	0.02493	0.03410	0.24460	0.08079	0.25467	0.02336	0.03126	0.03471	0.06049	0.07992	0.02227	0.02583	0.01668	0.01009	0.01004	0.00319	0.01284	0.00882	0.00579	0.01562
3	0.02437	0.01286	0.01698	0.01520	0.01937	0.01131	0.01154	0.02799	0.02566	0.20566	0.20243	0.22640	0.05878	0.02061	0.01146	0.00335	0.00663	0.01811	0.01076	0.07052
4	0.02944	0.02895	0.02594	0.02294	0.02834	0.16054	0.01789	0.09134	0.34295	0.03911	0.03181	0.03112	0.02436	0.01334	0.01212	0.00334	0.06285	0.01001	0.00872	0.01491
5	0.03291	0.01788	0.02247	0.01664	0.02520	0.01434	0.01353	0.03719	0.02508	0.29122	0.02869	0.02769	0.01999	0.01000	0.00888	0.00230	0.00813	0.00807	0.00919	0.38062
6	0.01800	0.01447	0.02099	0.02171	0.06931	0.01388	0.05353	0.05821	0.02315	0.03162	0.07143	0.30028	0.04924	0.07432	0.01541	0.00420	0.00857	0.07423	0.00838	0.06907
7	0.02979	0.13405	0.04432	0.02947	0.03769	0.11791	0.23321	0.07042	0.02639	0.08709	0.02217	0.02570	0.01680	0.00992	0.00998	0.00297	0.01408	0.00951	0.06487	0.01366
8	0.03799	0.02147	0.02513	0.01955	0.02715	0.02150	0.01599	0.22766	0.07278	0.26801	0.03235	0.03045	0.02209	0.01216	0.00986	0.00297	0.00926	0.00960	0.05908	0.07497
9	0.01751	0.01075	0.01308	0.01299	0.01448	0.01023	0.00872	0.01910	0.01948	0.07951	0.08912	0.15585	0.08547	0.34655	0.03324	0.00701	0.00842	0.05191	0.00825	0.00834
10	0.01563	0.01227	0.01497	0.06456	0.02066	0.01239	0.01131	0.02176	0.09524	0.03038	0.14492	0.17394	0.20273	0.06705	0.01663	0.05127	0.00699	0.01878	0.00895	0.00958
11	0.59792	0.01876	0.01554	0.01376	0.01983	0.02117	0.01124	0.03044	0.01941	0.08188	0.07092	0.02383	0.02054	0.01087	0.00719	0.00318	0.00769	0.00716	0.00727	0.01140
12	0.24288	0.01961	0.02133	0.01725	0.02431	0.02017	0.01414	0.11179	0.06093	0.28398	0.03006	0.02838	0.02040	0.01173	0.00895	0.00314	0.00859	0.00877	0.04859	0.01503
13	0.06053	0.01302	0.01535	0.01411	0.01814	0.01226	0.01079	0.02744	0.06290	0.15271	0.16405	0.15471	0.17506	0.02054	0.01117	0.00339	0.00635	0.01751	0.04853	0.01145
14	0.02461	0.02598	0.04930	0.03651	0.04551	0.02582	0.38083	0.03940	0.18469	0.03590	0.02709	0.03088	0.02032	0.01024	0.01161	0.00347	0.01454	0.01196	0.00677	0.01456
15	0.19550	0.01800	0.02185	0.01719	0.02477	0.01686	0.01419	0.04556	0.02670	0.46203	0.03461	0.03083	0.02220	0.01199	0.00943	0.00318	0.00855	0.00925	0.01128	0.01604
16	0.26338	0.01508	0.01458	0.01409	0.01810	0.01594	0.01071	0.07203	0.02250	0.03737	0.04854	0.23966	0.15041	0.02084	0.01022	0.00356	0.00702	0.01721	0.00847	0.01029
17	0.22187	0.01449	0.01596	0.01443	0.01877	0.01456	0.01107	0.02839	0.02320	0.16378	0.16298	0.14263	0.04655	0.06183	0.01307	0.00384	0.00718	0.01444	0.00954	0.01142
18	0.01268	0.00983	0.01104	0.01185	0.01381	0.00874	0.00815	0.01461	0.02083	0.02602	0.07686	0.27742	0.31762	0.12073	0.01852	0.00469	0.00618	0.02322	0.00903	0.00818
19	0.13196	0.01992	0.02241	0.01781	0.02472	0.02034	0.01459	0.19102	0.03214	0.26431	0.03095	0.02983	0.02117	0.01203	0.00925	0.00302	0.00876	0.00921	0.12126	0.01531
20	0.01832	0.01144	0.01537	0.01450	0.01703	0.01156	0.01086	0.02159	0.02125	0.09580	0.16175	0.05717	0.08605	0.14817	0.25217	0.00967	0.01523	0.01416	0.00816	0.00976
21	0.34925	0.01589	0.01588	0.01446	0.01939	0.01671	0.01133	0.02915	0.02174	0.14117	0.10554	0.15265	0.03723	0.01628	0.00926	0.00338	0.00725	0.01303	0.00887	0.01153
22	0.01324	0.00946	0.01276	0.01514	0.01606	0.00897	0.01081	0.01557	0.02038	0.02703	0.05615	0.53772	0.06625	0.03145	0.01330	0.00427	0.00660	0.11679	0.00951	0.00854
23	0.01527	0.01026	0.01395	0.01395	0.01478	0.01109	0.00965	0.01622	0.01539	0.02135	0.02781	0.04922	0.02890	0.28751	0.29835	0.12350	0.01774	0.01218	0.00561	0.00727
24	0.01852	0.01784	0.06768	0.02081	0.02599	0.01474	0.12841	0.02308	0.02200	0.06372	0.09157	0.09655	0.15799	0.12319	0.07621	0.00578	0.01185	0.01587	0.00759	0.01059
25	0.01885	0.01085	0.01295	0.01244	0.01357	0.01048	0.00773	0.01956	0.01732	0.09583	0.03582	0.11867	0.03873	0.49551	0.04276	0.00847	0.00939	0.01571	0.00741	0.00793
26	0.03868	0.02413	0.02731	0.02150	0.02920	0.02564	0.01758	0.30475	0.13494	0.21673	0.03252	0.03022	0.02237	0.01273	0.01031	0.00318	0.00995	0.00999	0.01103	0.01724
27	0.02860	0.02390	0.03138	0.08310	0.03587	0.02619	0.09541	0.21982	0.19655	0.04743	0.07634	0.03410	0.02800	0.01282	0.01075	0.00331	0.01088	0.01119	0.00909	0.01527
28	0.03043	0.02622	0.03394	0.04346	0.32067	0.10551	0.02452	0.08459	0.02795	0.10954	0.07027	0.03008	0.02420	0.01117	0.01023	0.00303	0.01191	0.00977	0.00719	0.01533
29	0.01412	0.01058	0.01316	0.01281	0.01548	0.00962	0.00981	0.01842	0.02725	0.03709	0.41606	0.08517	0.20658	0.02279	0.01228	0.00341	0.00531	0.05993	0.01072	0.00942
30	0.08827	0.21456	0.08489	0.02762	0.03703	0.03124	0.18629	0.14400	0.02774	0.03839	0.01894	0.02226	0.01469	0.00965	0.00938	0.00296	0.01311	0.00860	0.00611	0.01429
31	0.26488	0.02171	0.06998	0.01782	0.02570	0.01927	0.01584	0.04218	0.06365	0.31525	0.02989	0.02791	0.01998	0.01147	0.00895	0.00320	0.00898	0.00858	0.00968	0.01505
32	0.08085	0.01868	0.02155	0.01781	0.02311	0.01961	0.01401	0.19894	0.03060	0.15744	0.07432	0.03983	0.02972	0.12802	0.09386	0.00603	0.01185	0.01117	0.00927	0.01335
33	0.01418	0.01025	0.01139	0.01158	0.01287	0.00970	0.00758	0.01539	0.01832	0.02326	0.05673	0.08116	0.20733	0.39519	0.03643	0.00747	0.00841	0.05798	0.00753	0.00726
34	0.02526	0.25031	0.21428	0.02423	0.03406	0.06931	0.06771	0.07309	0.02414	0.03116	0.02128	0.08071	0.01908	0.01180	0.00919	0.00293	0.01289	0.00944	0.00550	0.01365
35	0.22813	0.02309	0.02133	0.09506	0.02917	0.11910	0.01560	0.07064	0.02577	0.10384	0.10929	0.03494	0.05822	0.01307	0.00934	0.00313	0.01023	0.00994	0.00793	0.01218
36	0.02425	0.02533	0.05015	0.17770	0.08906	0.02554	0.34765	0.06873	0.02507	0.03369	0.02036	0.02724	0.01531	0.00933	0.01141	0.00340	0.01568	0.01101	0.00541	0.01369
37	0.09150	0.02105	0.02307	0.01832	0.02562	0.05424	0.01472	0.12674	0.02912	0.24376	0.03055	0.07983	0.02355	0.01283	0.00957	0.00285	0.00924	0.01023	0.00957	0.16364
38	0.01418	0.01037	0.01369	0.01491	0.01674	0.00955	0.01095	0.01721	0.02210	0.03012	0.14356	0.40231	0.06767	0.02778	0.01272	0.00391	0.00648	0.10786	0.00958	0.05832
39	0.02128	0.01824	0.02128	0.01520	0.02432	0.01368	0.01216	0.02584	0.02128	0.03344	0.01824	0.02128	0.01520	0.00760	0.00760	0.00152	0.00760	0.00608	0.00608	0.70208
40	0.02491	0.46374	0.17021	0.01983	0.02955	0.03446	0.02152	0.03025	0.02166	0.02733	0.05789	0.02225	0.01956	0.00993	0.00772	0.00251	0.01144	0.00696	0.00491	0.01335
41	0.16321	0.02257	0.02956	0.02265	0.03050	0.02303	0.10225	0.18920	0.03159	0.19960	0.03147	0.03118	0.05277	0.01215	0.00997	0.00321	0.01056	0.01011	0.00933	0.01512

[dist]
# distance from previous block
# <min> <max>
0	3

[block]
# block no. 2 follows, 14 sequences, length 31
# corresponding to MSA columns:
# 288-318
name=unknown_C
#
# <colnr> <probs for GDERKNQSTAVLIFYWHMCP>
#	G	D	E	R	K	N	Q	S	T	A	V	L	I	F	Y	W	H	M	C	P
0	0.01505	0.01388	0.05614	0.01681	0.01967	0.01309	0.01408	0.01949	0.01890	0.02725	0.11504	0.04491	0.03634	0.06313	0.46186	0.01340	0.02294	0.01198	0.00636	0.00967
1	0.02233	0.02000	0.02511	0.02158	0.02723	0.02171	0.08045	0.04268	0.36743	0.03809	0.05019	0.08580	0.11950	0.01641	0.01110	0.00352	0.00867	0.01446	0.00957	0.01419
2	0.04152	0.01649	0.02219	0.01735	0.02459	0.01427	0.01421	0.04546	0.02894	0.50664	0.08207	0.04220	0.06752	0.01419	0.01057	0.00320	0.00822	0.01167	0.01239	0.01632
3	0.02061	0.02038	0.03571	0.43678	0.06158	0.02456	0.11047	0.02708	0.02043	0.02708	0.01796	0.02670	0.01396	0.01111	0.01395	0.00358	0.10204	0.00959	0.00465	0.01177
4	0.03258	0.03943	0.03927	0.03673	0.12578	0.35673	0.15589	0.03734	0.02689	0.02849	0.01769	0.02200	0.01432	0.00984	0.01014	0.00292	0.01717	0.00845	0.00523	0.01311
5	0.01286	0.01042	0.01142	0.01117	0.01431	0.00898	0.00838	0.01615	0.02513	0.03185	0.24710	0.09197	0.42545	0.02445	0.01212	0.00339	0.00509	0.02071	0.01007	0.00898
6	0.03914	0.02343	0.02688	0.02117	0.02885	0.02459	0.01731	0.27443	0.13304	0.24945	0.03350	0.03085	0.02285	0.01275	0.01032	0.00319	0.00979	0.01006	0.01119	0.01724
7	0.01656	0.01585	0.02078	0.01755	0.02196	0.05182	0.09537	0.02080	0.02554	0.03225	0.21849	0.07539	0.30647	0.02068	0.01192	0.00334	0.00797	0.01819	0.00904	0.01002
8	0.02344	0.01791	0.02008	0.01843	0.02309	0.01966	0.01412	0.04264	0.35248	0.08198	0.12968	0.13022	0.04680	0.01761	0.01109	0.00352	0.00732	0.01518	0.01062	0.01413
9	0.01434	0.01048	0.01346	0.01272	0.01522	0.00960	0.00954	0.01901	0.02861	0.04011	0.53385	0.07837	0.13355	0.02137	0.01211	0.00325	0.00487	0.01880	0.01116	0.00960
10	0.02593	0.02029	0.03395	0.38932	0.05797	0.02270	0.09931	0.07091	0.02464	0.12059	0.02272	0.02843	0.01615	0.01058	0.01054	0.00336	0.01321	0.00976	0.00642	0.01321
11	0.02553	0.02204	0.02320	0.02088	0.02669	0.02553	0.01624	0.05453	0.55679	0.04293	0.04177	0.03829	0.03133	0.01392	0.01044	0.00348	0.00812	0.01160	0.01044	0.01624
12	0.12627	0.01181	0.01178	0.01162	0.01514	0.01111	0.00877	0.01787	0.02290	0.03250	0.15239	0.13155	0.36501	0.02316	0.01128	0.00345	0.00566	0.01929	0.00927	0.00918
13	0.01623	0.01070	0.01308	0.01256	0.01541	0.00965	0.00938	0.02011	0.02607	0.07315	0.32150	0.13745	0.20034	0.02219	0.01172	0.00332	0.00531	0.01924	0.06278	0.00981
14	0.01933	0.02554	0.13960	0.25131	0.04675	0.05320	0.07182	0.02584	0.02163	0.02813	0.03192	0.14693	0.06444	0.01536	0.01095	0.00349	0.01250	0.01369	0.00593	0.01162
15	0.59921	0.01817	0.01419	0.01286	0.01856	0.02083	0.01047	0.02915	0.01812	0.04478	0.01741	0.02018	0.01358	0.00992	0.00648	0.00305	0.00743	0.00621	0.11853	0.01086
16	0.01355	0.00917	0.01139	0.01316	0.01431	0.00857	0.00898	0.01589	0.02030	0.02830	0.05719	0.48668	0.10762	0.02830	0.01205	0.00381	0.00569	0.02529	0.12119	0.00857
17	0.02931	0.01613	0.01928	0.01629	0.02139	0.01600	0.01288	0.11980	0.06743	0.20012	0.14709	0.08595	0.04247	0.01570	0.01029	0.00311	0.00736	0.01315	0.14266	0.01359
18	0.01495	0.01080	0.01620	0.01620	0.01787	0.01247	0.01247	0.01787	0.01620	0.02327	0.02659	0.03947	0.02493	0.07315	0.54707	0.07978	0.02577	0.01080	0.00540	0.00873
19	0.01250	0.00893	0.01191	0.01429	0.01488	0.00834	0.00953	0.01429	0.01965	0.02620	0.05656	0.63265	0.06787	0.03215	0.01310	0.00417	0.00595	0.02917	0.00953	0.00834
20	0.03623	0.01539	0.02010	0.01613	0.02267	0.01327	0.01307	0.03996	0.02802	0.42009	0.09291	0.05212	0.15175	0.01625	0.01085	0.00324	0.00767	0.01343	0.01190	0.01495
21	0.02687	0.02174	0.02324	0.02071	0.02665	0.02484	0.01617	0.05423	0.52217	0.07835	0.04168	0.03807	0.03094	0.01384	0.01043	0.00346	0.00816	0.01152	0.01059	0.01632
22	0.01492	0.00995	0.01119	0.01119	0.01119	0.00995	0.00622	0.01492	0.01492	0.01990	0.03233	0.06716	0.03731	0.63935	0.05223	0.00995	0.00995	0.01492	0.00622	0.00622
23	0.01265	0.01018	0.01128	0.01151	0.01431	0.00880	0.00844	0.01554	0.02386	0.03004	0.18522	0.18134	0.39877	0.02603	0.01228	0.00353	0.00525	0.02229	0.00987	0.00880
24	0.01479	0.01031	0.01298	0.01284	0.01371	0.01065	0.00849	0.01653	0.01763	0.02437	0.11848	0.06175	0.04397	0.39322	0.18718	0.01055	0.01366	0.01450	0.00686	0.00754
25	0.37005	0.01872	0.01872	0.01550	0.02217	0.01968	0.01272	0.07341	0.02417	0.23122	0.02582	0.02552	0.01789	0.01105	0.00808	0.00310	0.00816	0.00783	0.07257	0.01361
26	0.04604	0.01746	0.02382	0.01826	0.02620	0.01508	0.01508	0.05001	0.02937	0.58244	0.04049	0.03493	0.02540	0.01270	0.01032	0.00318	0.00873	0.01032	0.01270	0.01746
27	0.03833	0.04891	0.02908	0.02644	0.03173	0.59815	0.01983	0.04098	0.02908	0.02512	0.01586	0.01851	0.01322	0.01058	0.00925	0.00264	0.01851	0.00661	0.00529	0.01190
28	0.34391	0.01991	0.02048	0.01680	0.02389	0.02096	0.01379	0.08677	0.06394	0.25384	0.02731	0.02599	0.01866	0.01132	0.00854	0.00319	0.00857	0.00817	0.00945	0.01451
29	0.02089	0.01297	0.01642	0.01489	0.01850	0.01246	0.01138	0.02841	0.09515	0.12825	0.37804	0.10724	0.07473	0.01959	0.01168	0.00332	0.00597	0.01715	0.01128	0.01168
30	0.66864	0.01923	0.01484	0.01335	0.01931	0.02221	0.01081	0.02922	0.01731	0.04442	0.01541	0.01980	0.01274	0.04856	0.00919	0.00360	0.00806	0.00614	0.00634	0.01081

[dist]
# distance from previous block
# <min> <max>
0	99

# created by:
# /st0/software/busco_prod/Augustus/scripts/msa2prfl.pl ./align_prep/8989.fa
