[name]
unknown

[dist]
# distance from previous block
# <min> <max>
0	172

[block]
# block no. 0 follows, 11 sequences, length 27
# corresponding to MSA columns:
# 200-226
name=unknown_A
#
# <colnr> <probs for GDERKNQSTAVLIFYWHMCP>
#	G	D	E	R	K	N	Q	S	T	A	V	L	I	F	Y	W	H	M	C	P
0	0.01749	0.01854	0.07774	0.01710	0.02274	0.01289	0.01460	0.02205	0.02400	0.03373	0.10591	0.25453	0.11665	0.02296	0.01207	0.00346	0.00793	0.02010	0.00900	0.18650
1	0.02698	0.02576	0.09398	0.02019	0.03030	0.01893	0.01825	0.03768	0.11016	0.09287	0.02718	0.02827	0.02065	0.01047	0.00952	0.00249	0.00968	0.00845	0.00803	0.40017
2	0.02971	0.02362	0.03725	0.33043	0.06075	0.02648	0.08940	0.12718	0.03031	0.09789	0.02463	0.03042	0.01761	0.01178	0.01153	0.00365	0.01438	0.01062	0.00739	0.01497
3	0.02345	0.01780	0.01915	0.01803	0.02242	0.01968	0.01371	0.04248	0.28553	0.04343	0.08634	0.11007	0.04367	0.01768	0.01099	0.00356	0.00735	0.01502	0.18540	0.01425
4	0.48652	0.02851	0.02076	0.01838	0.02524	0.14138	0.01467	0.03764	0.02312	0.08962	0.01863	0.02052	0.01410	0.01101	0.00805	0.00336	0.01132	0.00682	0.00734	0.01300
5	0.03592	0.33940	0.04578	0.02401	0.03177	0.29546	0.02047	0.03918	0.02727	0.02700	0.01650	0.01915	0.01447	0.01059	0.00865	0.00265	0.01606	0.00662	0.00529	0.01376
6	0.03801	0.14084	0.07083	0.02651	0.08794	0.02568	0.02098	0.09165	0.03025	0.23892	0.02973	0.02918	0.02091	0.01172	0.01010	0.00304	0.01113	0.00925	0.00943	0.09391
7	0.02602	0.01768	0.02019	0.01831	0.02350	0.01820	0.01410	0.04087	0.22197	0.12803	0.11560	0.12364	0.14316	0.02083	0.01234	0.00381	0.00771	0.01775	0.01168	0.01459
8	0.02126	0.02001	0.03376	0.57739	0.07752	0.02501	0.03126	0.02876	0.02251	0.02876	0.02001	0.03001	0.01500	0.01125	0.01125	0.00375	0.01500	0.01000	0.00500	0.01250
9	0.03009	0.61122	0.05898	0.01926	0.02889	0.04454	0.01926	0.03370	0.02287	0.02648	0.01565	0.01805	0.01444	0.00963	0.00722	0.00241	0.01204	0.00602	0.00481	0.01444
10	0.02345	0.02196	0.03691	0.27903	0.28136	0.02401	0.03041	0.02994	0.02384	0.03245	0.02531	0.09339	0.02306	0.01341	0.01156	0.00366	0.01329	0.01251	0.00588	0.01458
11	0.02460	0.01756	0.01917	0.01714	0.02171	0.01889	0.01330	0.09765	0.17245	0.04817	0.16855	0.05115	0.04968	0.01642	0.01080	0.00332	0.00728	0.01371	0.21463	0.01381
12	0.02126	0.02001	0.03376	0.57739	0.07752	0.02501	0.03126	0.02876	0.02251	0.02876	0.02001	0.03001	0.01500	0.01125	0.01125	0.00375	0.01500	0.01000	0.00500	0.01250
13	0.06837	0.16378	0.18750	0.02593	0.03628	0.02917	0.07528	0.06740	0.08228	0.03958	0.09001	0.03315	0.02929	0.01266	0.01043	0.00334	0.01268	0.01042	0.00723	0.01521
14	0.02075	0.01881	0.01971	0.01955	0.02268	0.07413	0.01549	0.02771	0.08143	0.03434	0.12206	0.14241	0.13947	0.02514	0.01555	0.00423	0.05993	0.13539	0.00981	0.01141
15	0.01466	0.01043	0.01254	0.01382	0.01465	0.00986	0.00883	0.01600	0.02015	0.02635	0.05898	0.33452	0.12274	0.24875	0.03039	0.00686	0.00807	0.02501	0.00908	0.00832
16	0.05050	0.01915	0.02612	0.02003	0.02873	0.01654	0.01654	0.05485	0.03221	0.54203	0.04440	0.03831	0.02786	0.01393	0.01132	0.00348	0.00958	0.01132	0.01393	0.01915
17	0.02908	0.13788	0.23359	0.02719	0.03848	0.02606	0.07768	0.03714	0.02485	0.13498	0.02589	0.02915	0.01920	0.02090	0.08399	0.00531	0.01647	0.00956	0.00689	0.01572
18	0.13528	0.01950	0.02484	0.01933	0.02780	0.01771	0.01596	0.05194	0.03047	0.47625	0.04056	0.03563	0.02576	0.01346	0.01074	0.00348	0.00946	0.01062	0.01300	0.01822
19	0.01395	0.01010	0.01278	0.01481	0.01576	0.00937	0.00984	0.01580	0.02147	0.02818	0.06521	0.48384	0.12372	0.09587	0.01887	0.00517	0.00691	0.02935	0.01006	0.00893
20	0.04178	0.01884	0.02592	0.06915	0.03135	0.01854	0.01773	0.04630	0.02876	0.38443	0.03818	0.03652	0.02543	0.01422	0.01368	0.00356	0.07151	0.01095	0.08630	0.01685
21	0.01824	0.01604	0.02782	0.07240	0.03201	0.01561	0.12123	0.02356	0.02589	0.03517	0.17307	0.24168	0.06390	0.02374	0.01366	0.00411	0.01009	0.06108	0.00941	0.01129
22	0.21087	0.01757	0.01947	0.01613	0.02277	0.01726	0.01310	0.04154	0.02648	0.27998	0.03475	0.03396	0.02396	0.01279	0.00926	0.00326	0.00821	0.00971	0.18391	0.01503
23	0.01642	0.01316	0.01713	0.01643	0.01848	0.01415	0.01248	0.01993	0.02394	0.03290	0.20122	0.11780	0.15855	0.07641	0.12747	0.00724	0.08821	0.01877	0.00919	0.01011
24	0.14454	0.02710	0.12467	0.01984	0.02695	0.05551	0.01866	0.03427	0.06676	0.08560	0.09767	0.09767	0.03747	0.01600	0.01046	0.00350	0.01004	0.01293	0.09687	0.01348
25	0.07581	0.14138	0.26229	0.02547	0.03760	0.02828	0.02824	0.07149	0.05857	0.12964	0.02559	0.02642	0.01824	0.01156	0.01003	0.00335	0.01322	0.00871	0.00745	0.01665
26	0.44925	0.01987	0.01817	0.01579	0.02262	0.02111	0.01269	0.03337	0.02160	0.10993	0.02515	0.08717	0.02180	0.01347	0.00853	0.00340	0.00853	0.00978	0.00823	0.08956

[dist]
# distance from previous block
# <min> <max>
1	26

[block]
# block no. 1 follows, 11 sequences, length 14
# corresponding to MSA columns:
# 253-266
name=unknown_B
#
# <colnr> <probs for GDERKNQSTAVLIFYWHMCP>
#	G	D	E	R	K	N	Q	S	T	A	V	L	I	F	Y	W	H	M	C	P
0	0.03224	0.12753	0.08664	0.01909	0.02700	0.02063	0.01774	0.03753	0.02890	0.22991	0.15562	0.05007	0.08789	0.01624	0.01115	0.00334	0.00947	0.01327	0.01058	0.01516
1	0.03688	0.02904	0.14646	0.02706	0.03743	0.02025	0.10723	0.04415	0.02931	0.29407	0.07985	0.03791	0.03017	0.01326	0.01172	0.00356	0.01242	0.01185	0.01029	0.01710
2	0.01475	0.01162	0.01341	0.01341	0.01669	0.01028	0.01036	0.01870	0.02777	0.03574	0.24716	0.10232	0.33325	0.02696	0.01355	0.00387	0.00611	0.07300	0.01109	0.00998
3	0.02257	0.05822	0.54613	0.03208	0.04871	0.02614	0.04158	0.03564	0.02376	0.03564	0.02020	0.02376	0.01426	0.01069	0.01069	0.00356	0.01663	0.00832	0.00475	0.01663
4	0.03301	0.16593	0.23464	0.02723	0.03829	0.19074	0.02831	0.04012	0.02695	0.08543	0.02100	0.02310	0.01582	0.01110	0.00988	0.00312	0.01605	0.00784	0.00606	0.01537
5	0.04280	0.03017	0.14849	0.02374	0.03434	0.02162	0.02313	0.11863	0.03344	0.35125	0.03608	0.03318	0.02334	0.01311	0.01116	0.00349	0.01166	0.01044	0.01138	0.01857
6	0.01536	0.01120	0.01481	0.01711	0.01888	0.01065	0.01317	0.01866	0.02370	0.03083	0.06719	0.35955	0.12407	0.03287	0.01469	0.00472	0.00790	0.19458	0.01042	0.00965
7	0.02760	0.02109	0.02748	0.08730	0.03282	0.02521	0.01995	0.08708	0.11288	0.09036	0.02955	0.03661	0.02422	0.06339	0.12042	0.00702	0.15349	0.01137	0.00810	0.01408
8	0.03619	0.10773	0.16905	0.08876	0.04039	0.08714	0.02581	0.04295	0.02765	0.22407	0.02842	0.02886	0.01954	0.01195	0.01050	0.00333	0.01363	0.00923	0.00838	0.01641
9	0.02512	0.02374	0.04211	0.04268	0.18352	0.02330	0.17520	0.07921	0.02772	0.03797	0.03362	0.18602	0.03338	0.01720	0.01274	0.00383	0.01319	0.01717	0.00757	0.01471
10	0.02082	0.01685	0.01870	0.01878	0.01984	0.07702	0.01366	0.02054	0.01991	0.02521	0.03488	0.21657	0.03882	0.03189	0.02792	0.26061	0.07655	0.04590	0.00713	0.00842
11	0.37444	0.02266	0.02350	0.02274	0.08217	0.02365	0.01615	0.07664	0.02492	0.09368	0.02076	0.02291	0.01571	0.01062	0.00847	0.00313	0.00958	0.00749	0.00779	0.13297
12	0.36389	0.20883	0.07610	0.01870	0.02751	0.03223	0.01775	0.07770	0.02392	0.04373	0.01713	0.01951	0.01373	0.01051	0.00777	0.00315	0.01076	0.00664	0.00652	0.01393
13	0.26620	0.01887	0.01923	0.01707	0.02264	0.02024	0.01345	0.07591	0.07197	0.10091	0.14722	0.10387	0.04544	0.01726	0.01054	0.00364	0.00812	0.01387	0.01017	0.01338

[dist]
# distance from previous block
# <min> <max>
0	10

[block]
# block no. 2 follows, 11 sequences, length 69
# corresponding to MSA columns:
# 277-345
name=unknown_C
#
# <colnr> <probs for GDERKNQSTAVLIFYWHMCP>
#	G	D	E	R	K	N	Q	S	T	A	V	L	I	F	Y	W	H	M	C	P
0	0.33718	0.02563	0.02423	0.02019	0.02776	0.02914	0.01646	0.20005	0.12356	0.05700	0.02528	0.02577	0.01877	0.01242	0.00931	0.00351	0.01003	0.00875	0.00931	0.01567
1	0.14205	0.02779	0.09234	0.04161	0.22305	0.02404	0.07182	0.03966	0.02609	0.16555	0.02613	0.02868	0.01894	0.01110	0.01065	0.00347	0.01254	0.00983	0.00782	0.01683
2	0.10138	0.14735	0.29633	0.02547	0.03820	0.02749	0.02934	0.03883	0.02478	0.13627	0.02369	0.02502	0.01677	0.01112	0.00978	0.00333	0.01353	0.00825	0.00683	0.01625
3	0.01608	0.01206	0.01809	0.01809	0.02010	0.01407	0.01407	0.02010	0.01809	0.02613	0.03015	0.04422	0.02814	0.08441	0.55984	0.01809	0.03015	0.01206	0.00603	0.01005
4	0.02786	0.02674	0.04568	0.06908	0.53424	0.02674	0.03454	0.03454	0.02563	0.03677	0.02117	0.02786	0.01783	0.01003	0.01114	0.00334	0.01337	0.01003	0.00557	0.01783
5	0.05050	0.01915	0.02612	0.02003	0.02873	0.01654	0.01654	0.05485	0.03221	0.54203	0.04440	0.03831	0.02786	0.01393	0.01132	0.00348	0.00958	0.01132	0.01393	0.01915
6	0.02719	0.02606	0.04448	0.12058	0.48797	0.02657	0.03421	0.03396	0.02531	0.03596	0.02105	0.02807	0.01754	0.01015	0.01115	0.00338	0.01354	0.01003	0.00551	0.01729
7	0.02678	0.01350	0.01724	0.01543	0.01874	0.01245	0.01097	0.02934	0.02476	0.19115	0.13103	0.12064	0.05230	0.25069	0.03013	0.00654	0.00900	0.01718	0.01047	0.01166
8	0.02126	0.02001	0.03376	0.57739	0.07752	0.02501	0.03126	0.02876	0.02251	0.02876	0.02001	0.03001	0.01500	0.01125	0.01125	0.00375	0.01500	0.01000	0.00500	0.01250
9	0.03588	0.02972	0.04848	0.03552	0.04562	0.02999	0.24467	0.23354	0.03833	0.10212	0.02677	0.02975	0.01905	0.01165	0.01222	0.00359	0.01523	0.01175	0.00889	0.01726
10	0.01371	0.00979	0.01306	0.01567	0.01632	0.00914	0.01045	0.01567	0.02155	0.02873	0.06203	0.59710	0.07444	0.03526	0.01437	0.00457	0.00653	0.03200	0.01045	0.00914
11	0.03452	0.01992	0.02434	0.02005	0.02517	0.02178	0.01636	0.12664	0.03056	0.18961	0.03269	0.03454	0.02387	0.01474	0.01531	0.00348	0.12294	0.01053	0.21789	0.01505
12	0.01637	0.01091	0.01228	0.01228	0.01228	0.01091	0.00682	0.01637	0.01637	0.02182	0.03546	0.07365	0.04092	0.60445	0.05729	0.01091	0.01091	0.01637	0.00682	0.00682
13	0.04204	0.05364	0.03190	0.02900	0.03480	0.55926	0.02175	0.04494	0.03190	0.02755	0.01740	0.02030	0.01450	0.01160	0.01015	0.00290	0.02030	0.00725	0.00580	0.01305
14	0.01462	0.01045	0.01410	0.01671	0.01776	0.00993	0.01203	0.01725	0.02245	0.02975	0.06153	0.50033	0.07245	0.03440	0.01461	0.00470	0.00732	0.11978	0.01043	0.00939
15	0.02721	0.02608	0.04451	0.11908	0.48931	0.02657	0.03422	0.03397	0.02532	0.03598	0.02106	0.02807	0.01755	0.01015	0.01115	0.00338	0.01353	0.01003	0.00552	0.01730
16	0.03009	0.61122	0.05898	0.01926	0.02889	0.04454	0.01926	0.03370	0.02287	0.02648	0.01565	0.01805	0.01444	0.00963	0.00722	0.00241	0.01204	0.00602	0.00481	0.01444
17	0.03655	0.02345	0.07881	0.08084	0.03546	0.01798	0.01974	0.04231	0.02771	0.28710	0.03216	0.03155	0.02181	0.01167	0.01038	0.00299	0.01052	0.00951	0.00991	0.20954
18	0.03150	0.02873	0.04238	0.06024	0.43434	0.07969	0.03149	0.03758	0.02691	0.08512	0.02305	0.02811	0.01847	0.01057	0.01106	0.00331	0.01370	0.00987	0.00641	0.01747
19	0.04204	0.05364	0.03190	0.02900	0.03480	0.55926	0.02175	0.04494	0.03190	0.02755	0.01740	0.02030	0.01450	0.01160	0.01015	0.00290	0.02030	0.00725	0.00580	0.01305
20	0.02334	0.02001	0.02334	0.01667	0.02667	0.01500	0.01334	0.02834	0.02334	0.03668	0.02001	0.02334	0.01667	0.00834	0.00834	0.00167	0.00834	0.00667	0.00667	0.67325
21	0.03009	0.61122	0.05898	0.01926	0.02889	0.04454	0.01926	0.03370	0.02287	0.02648	0.01565	0.01805	0.01444	0.00963	0.00722	0.00241	0.01204	0.00602	0.00481	0.01444
22	0.01371	0.00979	0.01306	0.01567	0.01632	0.00914	0.01045	0.01567	0.02155	0.02873	0.06203	0.59710	0.07444	0.03526	0.01437	0.00457	0.00653	0.03200	0.01045	0.00914
23	0.02126	0.02001	0.03376	0.57739	0.07752	0.02501	0.03126	0.02876	0.02251	0.02876	0.02001	0.03001	0.01500	0.01125	0.01125	0.00375	0.01500	0.01000	0.00500	0.01250
24	0.02290	0.03284	0.19410	0.30400	0.05962	0.02591	0.03207	0.03660	0.11253	0.03428	0.02477	0.03022	0.01830	0.01181	0.01111	0.00370	0.01441	0.00997	0.00610	0.01478
25	0.03142	0.02844	0.03506	0.26482	0.15497	0.12275	0.02776	0.07630	0.02854	0.08901	0.02300	0.02843	0.01723	0.01155	0.01104	0.00345	0.01482	0.00966	0.00677	0.01499
26	0.01524	0.01118	0.01429	0.01414	0.01655	0.01023	0.01037	0.01968	0.02931	0.04056	0.39874	0.18025	0.14592	0.02584	0.01348	0.00376	0.00557	0.02284	0.01183	0.01023
27	0.02757	0.01332	0.01798	0.01731	0.02100	0.01193	0.01274	0.03043	0.02557	0.22204	0.05540	0.38666	0.05690	0.02723	0.01322	0.00416	0.00768	0.02421	0.01176	0.01291
28	0.03213	0.07596	0.03192	0.02750	0.08353	0.02894	0.02013	0.22746	0.12986	0.05017	0.03309	0.04377	0.02822	0.07473	0.01602	0.00432	0.01144	0.05500	0.00959	0.01623
29	0.61273	0.02158	0.01839	0.07526	0.02776	0.02522	0.01424	0.03262	0.01951	0.04816	0.01614	0.01954	0.01249	0.01053	0.00743	0.00351	0.00938	0.00651	0.00675	0.01222
30	0.02689	0.04086	0.28171	0.08773	0.04423	0.02677	0.03110	0.14451	0.06883	0.04357	0.02744	0.07638	0.02230	0.01391	0.01127	0.00365	0.01397	0.01133	0.00734	0.01622
31	0.01419	0.01144	0.01263	0.01233	0.01575	0.00988	0.00925	0.01787	0.02775	0.03538	0.25388	0.10013	0.38670	0.02665	0.01329	0.00371	0.00557	0.02261	0.01111	0.00988
32	0.03765	0.08638	0.03083	0.02046	0.02976	0.02401	0.01713	0.16312	0.03398	0.20020	0.02893	0.02837	0.02054	0.01159	0.00992	0.00277	0.01020	0.00896	0.00994	0.22527
33	0.03357	0.01968	0.02439	0.01793	0.02745	0.01558	0.01454	0.03833	0.02668	0.22706	0.02920	0.02898	0.02089	0.01044	0.00946	0.00235	0.00880	0.00842	0.00940	0.42683
34	0.08627	0.21258	0.19952	0.02347	0.03456	0.03006	0.02505	0.04105	0.07737	0.13055	0.02574	0.02626	0.01886	0.01145	0.00952	0.00322	0.01241	0.00847	0.00740	0.01619
35	0.02637	0.02117	0.07381	0.01960	0.02563	0.01804	0.01686	0.07238	0.11765	0.12696	0.22016	0.11410	0.06073	0.01946	0.01232	0.00368	0.00850	0.01673	0.01140	0.01444
36	0.01371	0.00979	0.01306	0.01567	0.01632	0.00914	0.01045	0.01567	0.02155	0.02873	0.06203	0.59710	0.07444	0.03526	0.01437	0.00457	0.00653	0.03200	0.01045	0.00914
37	0.01582	0.01261	0.01571	0.01499	0.01755	0.01249	0.01137	0.01985	0.02774	0.03768	0.31769	0.12980	0.21727	0.02534	0.01569	0.00384	0.06195	0.02133	0.01093	0.01033
38	0.02824	0.30628	0.04473	0.19691	0.04487	0.08677	0.02313	0.03607	0.07700	0.02954	0.02047	0.02465	0.01679	0.01095	0.00924	0.00303	0.01344	0.00813	0.00569	0.01406
39	0.01445	0.01032	0.01391	0.01651	0.01749	0.00978	0.01173	0.01694	0.02227	0.02956	0.06163	0.51884	0.07283	0.03457	0.01456	0.00467	0.00717	0.10299	0.01043	0.00935
40	0.04027	0.02834	0.03111	0.02406	0.03288	0.03029	0.01973	0.36003	0.09313	0.11645	0.03008	0.02936	0.02134	0.01323	0.01100	0.00327	0.01134	0.01018	0.01112	0.08281
41	0.03676	0.02089	0.02562	0.01906	0.02842	0.01778	0.01554	0.08973	0.03022	0.25119	0.03094	0.02998	0.02160	0.01123	0.00989	0.00261	0.00929	0.00898	0.01019	0.33007
42	0.02257	0.05822	0.54613	0.03208	0.04871	0.02614	0.04158	0.03564	0.02376	0.03564	0.02020	0.02376	0.01426	0.01069	0.01069	0.00356	0.01663	0.00832	0.00475	0.01663
43	0.02561	0.05397	0.48961	0.03077	0.04654	0.02510	0.03886	0.03773	0.02468	0.09068	0.02283	0.02534	0.01574	0.01105	0.01076	0.00356	0.01587	0.00864	0.00575	0.01691
44	0.01476	0.01054	0.01426	0.01687	0.01798	0.01004	0.01226	0.01748	0.02258	0.02990	0.06146	0.48601	0.07216	0.03428	0.01464	0.00472	0.00744	0.13277	0.01043	0.00943
45	0.28905	0.02014	0.02251	0.01806	0.02611	0.01982	0.01490	0.04665	0.02730	0.35692	0.03358	0.03077	0.02196	0.01262	0.00968	0.00348	0.00925	0.00935	0.01131	0.01653
46	0.04279	0.03153	0.03378	0.02590	0.03490	0.03490	0.02139	0.49671	0.05292	0.07093	0.02702	0.02702	0.01914	0.01351	0.01126	0.00338	0.01239	0.01013	0.01126	0.01914
47	0.03227	0.50952	0.05404	0.02103	0.02997	0.13842	0.01971	0.03575	0.02452	0.02667	0.01597	0.01846	0.01445	0.00999	0.00776	0.00250	0.01354	0.00624	0.00499	0.01419
48	0.03116	0.04621	0.38622	0.02837	0.04257	0.02319	0.03388	0.04155	0.02636	0.19137	0.02764	0.02824	0.01844	0.01169	0.01089	0.00354	0.01446	0.00924	0.00757	0.01741
49	0.02415	0.02506	0.04879	0.30281	0.11413	0.02664	0.22777	0.03242	0.02453	0.03264	0.02129	0.02995	0.01616	0.01038	0.01210	0.00373	0.01653	0.01140	0.00535	0.01416
50	0.02401	0.02282	0.03873	0.36533	0.26806	0.02573	0.03263	0.03117	0.02381	0.03210	0.02049	0.02911	0.01618	0.01074	0.01121	0.00358	0.01432	0.01001	0.00524	0.01472
51	0.02896	0.03453	0.14117	0.12641	0.11925	0.11456	0.07402	0.03600	0.02618	0.08704	0.02693	0.08511	0.02279	0.01356	0.01145	0.00356	0.01495	0.01188	0.00675	0.01488
52	0.03485	0.09066	0.14353	0.03844	0.19309	0.02617	0.02809	0.08066	0.02924	0.18491	0.02765	0.02898	0.01977	0.01156	0.01071	0.00334	0.01272	0.00965	0.00824	0.01774
53	0.04204	0.05364	0.03190	0.02900	0.03480	0.55926	0.02175	0.04494	0.03190	0.02755	0.01740	0.02030	0.01450	0.01160	0.01015	0.00290	0.02030	0.00725	0.00580	0.01305
54	0.03417	0.02834	0.12874	0.15708	0.09070	0.02240	0.07729	0.04159	0.02727	0.23385	0.03006	0.03199	0.02041	0.01191	0.01139	0.00358	0.01345	0.01057	0.00860	0.01663
55	0.02521	0.03456	0.19782	0.25178	0.14838	0.02675	0.03407	0.08229	0.02675	0.03695	0.02104	0.02732	0.01574	0.01109	0.01106	0.00358	0.01494	0.00949	0.00570	0.01551
56	0.01378	0.01115	0.01233	0.01315	0.01611	0.00969	0.00976	0.01661	0.02470	0.03027	0.09740	0.22530	0.38510	0.03031	0.01373	0.00409	0.00627	0.06030	0.01044	0.00949
57	0.02334	0.02213	0.03753	0.41682	0.22179	0.02555	0.03230	0.03058	0.02349	0.03129	0.02037	0.02933	0.01590	0.01087	0.01122	0.00362	0.01449	0.01001	0.00518	0.01419
58	0.02382	0.14967	0.46557	0.02996	0.04544	0.02918	0.03789	0.03532	0.02362	0.03413	0.01945	0.02282	0.01429	0.01052	0.01012	0.00337	0.01587	0.00794	0.00476	0.01627
59	0.02229	0.01799	0.02768	0.03414	0.17723	0.01985	0.02004	0.02344	0.01928	0.02730	0.02426	0.08157	0.02481	0.08168	0.03134	0.21589	0.12221	0.01238	0.00576	0.01086
60	0.03192	0.01853	0.02801	0.03374	0.18026	0.01734	0.02015	0.03623	0.02682	0.22451	0.04283	0.21161	0.03949	0.01947	0.01223	0.00378	0.00978	0.01745	0.01026	0.01558
61	0.02914	0.02804	0.17277	0.02243	0.03075	0.01804	0.02204	0.03767	0.06827	0.19447	0.04293	0.20625	0.03881	0.01967	0.01209	0.00387	0.01063	0.01693	0.00998	0.01523
62	0.02647	0.02030	0.02645	0.03294	0.18132	0.06387	0.01846	0.02841	0.02203	0.08253	0.02744	0.04357	0.02603	0.19868	0.03126	0.12770	0.01215	0.01183	0.00675	0.01181
63	0.02489	0.22827	0.39632	0.02814	0.04262	0.03180	0.03472	0.03505	0.02349	0.03283	0.01880	0.02201	0.01431	0.01037	0.00963	0.00321	0.01522	0.00761	0.00477	0.01596
64	0.04966	0.02050	0.02695	0.02066	0.02940	0.01854	0.01707	0.10287	0.03446	0.49083	0.04251	0.03708	0.02691	0.01389	0.01131	0.00347	0.00988	0.01119	0.01364	0.01915
65	0.02857	0.01597	0.02018	0.01742	0.02255	0.01533	0.01364	0.03800	0.11221	0.19826	0.29917	0.06300	0.07015	0.01893	0.01237	0.00357	0.00722	0.01631	0.01271	0.01444
66	0.02124	0.01912	0.02876	0.35616	0.05657	0.02055	0.02394	0.02749	0.02268	0.03119	0.02366	0.07722	0.02068	0.01244	0.01063	0.00318	0.01222	0.01089	0.00599	0.21540
67	0.48678	0.02477	0.02184	0.01821	0.02581	0.02822	0.01502	0.17566	0.02954	0.05678	0.01916	0.02097	0.01433	0.01139	0.00829	0.00345	0.00984	0.00734	0.00829	0.01433
68	0.08451	0.02336	0.03927	0.02967	0.03809	0.02239	0.19524	0.08308	0.03013	0.18281	0.07235	0.08483	0.03200	0.01452	0.01213	0.00369	0.01272	0.01405	0.00960	0.01556

[dist]
# distance from previous block
# <min> <max>
1	2

[block]
# block no. 3 follows, 11 sequences, length 21
# corresponding to MSA columns:
# 348-368
name=unknown_D
#
# <colnr> <probs for GDERKNQSTAVLIFYWHMCP>
#	G	D	E	R	K	N	Q	S	T	A	V	L	I	F	Y	W	H	M	C	P
0	0.03284	0.03781	0.03956	0.04398	0.20675	0.26285	0.08685	0.03782	0.02821	0.03190	0.02307	0.07178	0.02092	0.01274	0.01125	0.00331	0.01663	0.01103	0.00609	0.01464
1	0.02894	0.03554	0.19948	0.03302	0.08158	0.02590	0.09937	0.04575	0.18068	0.10471	0.03191	0.03276	0.02310	0.01232	0.01145	0.00365	0.01337	0.01100	0.00827	0.01721
2	0.04805	0.01923	0.02587	0.01972	0.02855	0.01640	0.01625	0.05246	0.03141	0.49643	0.04220	0.03696	0.02685	0.01343	0.01105	0.00332	0.00947	0.01090	0.01328	0.07818
3	0.03372	0.02702	0.02867	0.02406	0.03145	0.03067	0.01920	0.22893	0.33545	0.05632	0.03854	0.03620	0.02847	0.01459	0.01138	0.00365	0.01025	0.01172	0.01138	0.01833
4	0.02800	0.02418	0.02545	0.02291	0.02927	0.02800	0.01782	0.05981	0.51390	0.04708	0.04581	0.04199	0.03436	0.01527	0.01145	0.00382	0.00891	0.01273	0.01145	0.01782
5	0.02983	0.53745	0.05477	0.01972	0.02894	0.04246	0.01908	0.03698	0.08457	0.02907	0.01944	0.02106	0.01695	0.01034	0.00775	0.00258	0.01164	0.00686	0.00565	0.01487
6	0.03044	0.01903	0.03205	0.02679	0.03341	0.01775	0.12954	0.03637	0.02807	0.19631	0.04608	0.07595	0.04177	0.02053	0.01367	0.00431	0.01214	0.21107	0.01040	0.01430
7	0.01637	0.01091	0.01228	0.01228	0.01228	0.01091	0.00682	0.01637	0.01637	0.02182	0.03546	0.07365	0.04092	0.60445	0.05729	0.01091	0.01091	0.01637	0.00682	0.00682
8	0.02698	0.02921	0.05980	0.05434	0.21040	0.02791	0.34708	0.03557	0.02627	0.03628	0.02226	0.02956	0.01732	0.00966	0.01260	0.00365	0.01719	0.01225	0.00565	0.01602
9	0.02063	0.01031	0.01153	0.01153	0.01350	0.01031	0.00834	0.02335	0.02138	0.03639	0.03245	0.04004	0.02654	0.01957	0.01684	0.16907	0.00637	0.01031	0.50243	0.00910
10	0.51797	0.01922	0.01617	0.01464	0.02054	0.02161	0.01180	0.03014	0.02231	0.04917	0.14304	0.03463	0.03555	0.01357	0.00853	0.00350	0.00786	0.00964	0.00831	0.01180
11	0.03218	0.02353	0.03847	0.15714	0.31857	0.02387	0.02942	0.03845	0.02665	0.16073	0.02671	0.03088	0.01976	0.01124	0.01121	0.00346	0.01275	0.01034	0.00754	0.01711
12	0.02831	0.01264	0.01437	0.01286	0.01699	0.01199	0.01002	0.03334	0.02574	0.16621	0.03863	0.04105	0.02860	0.01332	0.00873	0.00284	0.00632	0.01070	0.50468	0.01264
13	0.10752	0.02328	0.03700	0.27637	0.27747	0.02582	0.03035	0.03192	0.02350	0.03512	0.01999	0.02756	0.01593	0.01060	0.01066	0.00353	0.01347	0.00952	0.00551	0.01488
14	0.18990	0.02823	0.05402	0.03933	0.04962	0.02766	0.37380	0.03532	0.02472	0.03964	0.02101	0.02736	0.01586	0.00973	0.01171	0.00372	0.01642	0.01150	0.00601	0.01444
15	0.02126	0.02001	0.03376	0.57739	0.07752	0.02501	0.03126	0.02876	0.02251	0.02876	0.02001	0.03001	0.01500	0.01125	0.01125	0.00375	0.01500	0.01000	0.00500	0.01250
16	0.02939	0.03361	0.16757	0.05373	0.35008	0.02531	0.03403	0.03737	0.02599	0.09998	0.02385	0.02815	0.01820	0.01068	0.01105	0.00342	0.01371	0.00977	0.00642	0.01770
17	0.18740	0.01659	0.01560	0.01455	0.01916	0.01838	0.01134	0.03602	0.14067	0.04532	0.03368	0.03609	0.02604	0.01297	0.00851	0.00312	0.00699	0.00994	0.34497	0.01268
18	0.19098	0.02358	0.02324	0.02089	0.02740	0.02731	0.01642	0.05317	0.39097	0.04793	0.03832	0.03610	0.02885	0.01407	0.01034	0.00373	0.00886	0.01108	0.01034	0.01642
19	0.18206	0.01433	0.01697	0.01654	0.01953	0.01645	0.01269	0.02286	0.01814	0.03164	0.02722	0.04147	0.02578	0.13138	0.35932	0.01356	0.02240	0.01112	0.00636	0.01018
20	0.01904	0.01507	0.01992	0.01929	0.02238	0.01753	0.01500	0.02996	0.14128	0.03133	0.03404	0.04366	0.02968	0.06723	0.42359	0.01454	0.02487	0.01222	0.00738	0.01198

[dist]
# distance from previous block
# <min> <max>
0	11

[block]
# block no. 4 follows, 11 sequences, length 11
# corresponding to MSA columns:
# 380-390
name=unknown_E
#
# <colnr> <probs for GDERKNQSTAVLIFYWHMCP>
#	G	D	E	R	K	N	Q	S	T	A	V	L	I	F	Y	W	H	M	C	P
0	0.18077	0.02018	0.02052	0.01861	0.02412	0.02264	0.01453	0.04302	0.26584	0.04737	0.16913	0.04773	0.04851	0.01622	0.01088	0.00366	0.00789	0.01321	0.01064	0.01453
1	0.18175	0.01971	0.02041	0.01875	0.02353	0.02241	0.01430	0.04124	0.26119	0.04045	0.03154	0.03425	0.02508	0.02057	0.01918	0.18459	0.00909	0.01035	0.00861	0.01298
2	0.02497	0.01288	0.01621	0.01518	0.01769	0.01201	0.01031	0.02661	0.02189	0.16416	0.04420	0.18861	0.04536	0.30934	0.03464	0.00739	0.00951	0.01872	0.00961	0.01071
3	0.18419	0.01601	0.01840	0.01590	0.02122	0.01570	0.01260	0.03315	0.02893	0.18080	0.27548	0.05605	0.06265	0.01757	0.01124	0.00351	0.00727	0.01452	0.01152	0.01330
4	0.20608	0.02550	0.03336	0.02676	0.03466	0.02784	0.12966	0.07711	0.23232	0.04703	0.03088	0.03178	0.02320	0.01247	0.01066	0.00369	0.01149	0.01089	0.00886	0.01576
5	0.35799	0.01622	0.01357	0.01268	0.01751	0.01799	0.01006	0.02971	0.02134	0.04630	0.02602	0.02993	0.02038	0.01176	0.00741	0.00306	0.00700	0.00826	0.33145	0.01135
6	0.01939	0.02433	0.14340	0.02165	0.02788	0.01683	0.02128	0.02908	0.07767	0.03824	0.17071	0.10980	0.06091	0.02273	0.01331	0.00419	0.01017	0.16613	0.00967	0.01263
7	0.18593	0.03447	0.05353	0.02220	0.02752	0.25195	0.01759	0.03366	0.02559	0.03381	0.02922	0.17602	0.03015	0.01767	0.01056	0.00353	0.01360	0.01373	0.00727	0.01200
8	0.02162	0.01306	0.01397	0.01216	0.01678	0.01171	0.00935	0.02680	0.02353	0.04053	0.03220	0.03693	0.02556	0.01182	0.00799	0.00236	0.00608	0.00946	0.48836	0.18974
9	0.31470	0.05522	0.04985	0.01988	0.02589	0.09014	0.04315	0.03022	0.02229	0.03884	0.02908	0.17606	0.02983	0.01722	0.00995	0.00367	0.01078	0.01378	0.00746	0.01199
10	0.03827	0.03185	0.03404	0.15842	0.04547	0.19798	0.07156	0.04343	0.02921	0.19817	0.02747	0.02959	0.01929	0.01206	0.01112	0.00339	0.01537	0.00987	0.00828	0.01515

[dist]
# distance from previous block
# <min> <max>
0	23

# created by:
# /st0/software/busco_prod/Augustus/scripts/msa2prfl.pl ./align_prep/8991.fa
