[name]
unknown

[dist]
# distance from previous block
# <min> <max>
0	58

[block]
# block no. 0 follows, 13 sequences, length 15
# corresponding to MSA columns:
# 64-78
name=unknown_A
#
# <colnr> <probs for GDERKNQSTAVLIFYWHMCP>
#	G	D	E	R	K	N	Q	S	T	A	V	L	I	F	Y	W	H	M	C	P
0	0.01605	0.01147	0.01591	0.01835	0.02035	0.01132	0.01532	0.02020	0.02337	0.03054	0.05653	0.23840	0.06300	0.03014	0.01434	0.00473	0.00888	0.38189	0.00975	0.00946
1	0.15070	0.02275	0.02516	0.02014	0.02778	0.02396	0.01646	0.19578	0.11712	0.24273	0.03240	0.03015	0.02218	0.01262	0.00996	0.00329	0.00957	0.00969	0.01085	0.01670
2	0.02476	0.01558	0.02343	0.01992	0.02429	0.01493	0.08910	0.03034	0.06064	0.14838	0.04025	0.14692	0.03805	0.15012	0.02078	0.00508	0.00979	0.05643	0.06938	0.01184
3	0.29796	0.02564	0.10487	0.01916	0.02785	0.02178	0.01796	0.08743	0.02619	0.23599	0.02616	0.02556	0.01771	0.01131	0.00895	0.00327	0.00994	0.00819	0.00899	0.01509
4	0.02013	0.01126	0.01409	0.01363	0.01654	0.01035	0.01011	0.02397	0.02537	0.11654	0.20583	0.21191	0.09679	0.02185	0.01142	0.00342	0.00592	0.01908	0.15109	0.01072
5	0.01711	0.01069	0.01334	0.01387	0.01583	0.01002	0.00995	0.01995	0.02255	0.06955	0.12801	0.26572	0.10450	0.11704	0.01861	0.00477	0.00691	0.06160	0.08059	0.00941
6	0.02078	0.04780	0.48887	0.02766	0.04092	0.02223	0.03454	0.03050	0.02103	0.03120	0.01888	0.02381	0.01415	0.01409	0.01478	0.10767	0.01465	0.00802	0.00448	0.01396
7	0.01648	0.07208	0.01911	0.01545	0.01747	0.01512	0.01164	0.01907	0.01694	0.02336	0.02849	0.04747	0.02880	0.23811	0.36898	0.01351	0.02120	0.01199	0.00578	0.00893
8	0.14404	0.01537	0.01654	0.01445	0.01897	0.01519	0.01083	0.05894	0.02214	0.08230	0.03482	0.08177	0.06583	0.15694	0.05467	0.00545	0.00952	0.01221	0.06612	0.11390
9	0.02079	0.01175	0.01516	0.01440	0.01736	0.01066	0.01052	0.02400	0.02529	0.14140	0.22084	0.22186	0.10951	0.08695	0.01671	0.00433	0.00670	0.02032	0.01072	0.01075
10	0.12548	0.04269	0.38250	0.02540	0.03764	0.02364	0.03016	0.07559	0.02490	0.03948	0.07512	0.02774	0.02253	0.01145	0.00982	0.00332	0.01303	0.00883	0.00607	0.01461
11	0.02552	0.08045	0.02374	0.07422	0.02622	0.01940	0.01504	0.09187	0.02646	0.10863	0.07215	0.15197	0.03614	0.01717	0.01176	0.00331	0.04529	0.01411	0.14410	0.01244
12	0.02649	0.01465	0.02027	0.02024	0.05991	0.01478	0.01430	0.03164	0.07270	0.17541	0.03358	0.07653	0.02789	0.03515	0.16311	0.12184	0.01370	0.01188	0.05375	0.01217
13	0.08804	0.01148	0.01420	0.01544	0.01756	0.01121	0.01135	0.02023	0.02193	0.06711	0.08856	0.41245	0.06185	0.02799	0.01265	0.00413	0.00694	0.08729	0.00981	0.00977
14	0.01800	0.01127	0.01465	0.01505	0.01735	0.01052	0.01126	0.02118	0.02388	0.08732	0.16670	0.24198	0.10192	0.09947	0.01799	0.00475	0.00730	0.10945	0.01013	0.00985

[dist]
# distance from previous block
# <min> <max>
4	56

[block]
# block no. 1 follows, 13 sequences, length 77
# corresponding to MSA columns:
# 135-211
name=unknown_B
#
# <colnr> <probs for GDERKNQSTAVLIFYWHMCP>
#	G	D	E	R	K	N	Q	S	T	A	V	L	I	F	Y	W	H	M	C	P
0	0.19180	0.02038	0.02833	0.10260	0.03557	0.02077	0.08288	0.04138	0.06182	0.26547	0.02968	0.02979	0.02018	0.01152	0.00992	0.00337	0.01062	0.00965	0.00922	0.01502
1	0.06686	0.01607	0.02000	0.06492	0.02539	0.01622	0.01395	0.06438	0.05300	0.03236	0.02488	0.07146	0.02271	0.02902	0.11509	0.14763	0.01239	0.01026	0.00658	0.18685
2	0.02559	0.01511	0.01806	0.01595	0.02089	0.01450	0.01241	0.03463	0.13232	0.18562	0.16712	0.09711	0.17755	0.01973	0.01168	0.00348	0.00695	0.01674	0.01130	0.01324
3	0.03030	0.02196	0.02631	0.02378	0.06153	0.02400	0.01771	0.15821	0.16898	0.11336	0.03137	0.03449	0.02442	0.06004	0.06190	0.00491	0.06087	0.01064	0.00918	0.05602
4	0.08350	0.01726	0.02431	0.14266	0.07702	0.01821	0.01816	0.06539	0.02349	0.17042	0.02549	0.03078	0.01932	0.02193	0.05623	0.16463	0.01181	0.00951	0.00751	0.01237
5	0.01361	0.00975	0.01184	0.01319	0.01463	0.00897	0.00901	0.01590	0.02142	0.02866	0.09718	0.39228	0.16855	0.07769	0.01605	0.00443	0.00615	0.02513	0.05689	0.00866
6	0.56887	0.02090	0.01720	0.01541	0.02184	0.02423	0.01250	0.03606	0.12219	0.04680	0.02034	0.02159	0.01558	0.01071	0.00738	0.00333	0.00822	0.00696	0.00738	0.01250
7	0.02244	0.01198	0.01577	0.01520	0.01844	0.01074	0.01122	0.02557	0.02514	0.17440	0.15653	0.31566	0.10456	0.02500	0.01245	0.00377	0.00660	0.02209	0.01105	0.01139
8	0.02868	0.01434	0.01835	0.01593	0.02015	0.01334	0.01195	0.06120	0.02674	0.23845	0.14174	0.14055	0.04927	0.14628	0.02044	0.00489	0.00820	0.01619	0.01075	0.01257
9	0.02309	0.01367	0.01824	0.01866	0.02221	0.01337	0.01543	0.02934	0.06768	0.13858	0.05249	0.18555	0.05323	0.02548	0.01330	0.00434	0.00884	0.27425	0.01050	0.01175
10	0.02173	0.01198	0.01414	0.01279	0.01674	0.01072	0.00988	0.02580	0.02638	0.14198	0.19361	0.06844	0.21161	0.01939	0.01094	0.00319	0.00588	0.01630	0.16728	0.01121
11	0.01378	0.01024	0.01284	0.01329	0.01535	0.00930	0.00955	0.01725	0.02550	0.03448	0.30015	0.26888	0.17744	0.02654	0.01283	0.00370	0.00545	0.02347	0.01067	0.00930
12	0.02549	0.01252	0.01663	0.01534	0.01862	0.01140	0.01120	0.02780	0.02379	0.20898	0.11761	0.22392	0.05121	0.11326	0.02037	0.05418	0.00776	0.01832	0.01029	0.01132
13	0.57307	0.01996	0.01732	0.01488	0.02175	0.02210	0.01226	0.03514	0.02043	0.15103	0.02008	0.02091	0.01437	0.01046	0.00735	0.00327	0.00834	0.00670	0.00784	0.01275
14	0.02738	0.12678	0.39383	0.02624	0.03949	0.02513	0.03153	0.03681	0.02378	0.13867	0.02290	0.02430	0.01595	0.01051	0.00972	0.00318	0.01372	0.00808	0.00618	0.01581
15	0.18203	0.01553	0.01704	0.01584	0.01995	0.01615	0.01199	0.05817	0.06548	0.11193	0.04001	0.18939	0.07021	0.02214	0.01512	0.10570	0.00793	0.01525	0.00887	0.01127
16	0.02046	0.01241	0.01485	0.01441	0.01802	0.01125	0.01070	0.02489	0.05769	0.13638	0.07310	0.26439	0.24971	0.02545	0.01236	0.00376	0.00654	0.02200	0.01053	0.01111
17	0.15545	0.01912	0.02851	0.48617	0.06243	0.02354	0.02581	0.02782	0.02052	0.03106	0.01799	0.02600	0.01357	0.01042	0.00977	0.00347	0.01292	0.00867	0.00506	0.01169
18	0.02395	0.02228	0.03721	0.05466	0.45404	0.02212	0.02799	0.02997	0.02524	0.03610	0.12639	0.03664	0.03321	0.01184	0.01086	0.00318	0.01106	0.01134	0.00650	0.01540
19	0.03042	0.02033	0.02333	0.01971	0.02531	0.02163	0.01550	0.20606	0.13583	0.11945	0.09549	0.10882	0.03766	0.01857	0.01373	0.06039	0.00899	0.01372	0.01049	0.01457
20	0.28052	0.01714	0.01912	0.01602	0.02199	0.01726	0.01279	0.03659	0.02252	0.27014	0.02725	0.02837	0.01926	0.01658	0.01523	0.13994	0.00874	0.00856	0.00902	0.01295
21	0.02425	0.02077	0.10391	0.02272	0.02883	0.01571	0.05645	0.03035	0.02526	0.13880	0.04520	0.08192	0.04375	0.02172	0.01299	0.00423	0.01104	0.29019	0.00931	0.01257
22	0.01373	0.01020	0.01201	0.01259	0.01487	0.00915	0.00905	0.01687	0.02421	0.03229	0.20021	0.25754	0.25096	0.02652	0.01246	0.00366	0.00548	0.02314	0.05592	0.00915
23	0.02338	0.02007	0.02230	0.02069	0.02510	0.02329	0.01589	0.04542	0.39604	0.03926	0.04365	0.15354	0.03822	0.01841	0.01328	0.00381	0.05757	0.01532	0.01006	0.01469
24	0.04600	0.02030	0.02596	0.01991	0.02814	0.01896	0.01644	0.14587	0.03412	0.47000	0.03847	0.03388	0.02455	0.01301	0.01062	0.00325	0.00952	0.01041	0.01259	0.01799
25	0.12714	0.02751	0.03264	0.21221	0.15713	0.13582	0.05434	0.03427	0.06030	0.03305	0.01981	0.02514	0.01558	0.01045	0.00987	0.00325	0.01369	0.00871	0.00570	0.01337
26	0.06958	0.02324	0.02986	0.13910	0.03735	0.02856	0.02192	0.14713	0.06863	0.07488	0.02181	0.02648	0.01704	0.01435	0.01904	0.00381	0.22661	0.00944	0.00721	0.01394
27	0.03638	0.03639	0.02620	0.02325	0.02821	0.35387	0.01755	0.07695	0.02839	0.09730	0.02072	0.02434	0.01652	0.01644	0.01606	0.13961	0.01522	0.00799	0.00667	0.01193
28	0.01538	0.01025	0.01153	0.01153	0.01153	0.01025	0.00641	0.01538	0.01538	0.02050	0.03331	0.06919	0.03844	0.62842	0.05382	0.01025	0.01025	0.01538	0.00641	0.00641
29	0.02905	0.02408	0.02546	0.02207	0.02854	0.02759	0.01740	0.14960	0.44546	0.04867	0.03953	0.03666	0.02944	0.01402	0.01072	0.00350	0.00902	0.01147	0.01072	0.01698
30	0.15799	0.02260	0.02904	0.02501	0.02631	0.03067	0.02082	0.02656	0.01655	0.02981	0.01405	0.02195	0.01340	0.01678	0.02911	0.00436	0.48990	0.00855	0.00501	0.01154
31	0.02674	0.02591	0.07034	0.02473	0.06016	0.11883	0.05446	0.03353	0.06305	0.10743	0.17701	0.08182	0.04498	0.01606	0.01255	0.00337	0.04368	0.01349	0.00874	0.01311
32	0.01321	0.01063	0.01177	0.01171	0.01478	0.00920	0.00870	0.01648	0.02546	0.03232	0.22925	0.13164	0.39617	0.02578	0.01256	0.00355	0.00531	0.02196	0.01033	0.00920
33	0.02410	0.02299	0.04462	0.31733	0.06189	0.02435	0.24476	0.03175	0.02346	0.06850	0.02155	0.02889	0.01580	0.01002	0.01141	0.00352	0.01536	0.01083	0.00558	0.01329
34	0.02267	0.01790	0.01996	0.01847	0.02257	0.01956	0.01388	0.10452	0.24044	0.04100	0.10392	0.19496	0.04835	0.06399	0.01474	0.00416	0.00799	0.01738	0.01028	0.01327
35	0.02624	0.03085	0.12802	0.11012	0.08175	0.02679	0.24730	0.10964	0.06144	0.03865	0.02261	0.02762	0.01678	0.01026	0.01134	0.00344	0.01513	0.01070	0.00627	0.01503
36	0.02149	0.02022	0.03306	0.38070	0.12964	0.02204	0.05468	0.02807	0.02192	0.02992	0.01909	0.02669	0.01488	0.00977	0.01012	0.00309	0.01285	0.00895	0.00512	0.14770
37	0.02208	0.06340	0.13892	0.30934	0.05299	0.02517	0.02762	0.05835	0.05970	0.03155	0.02277	0.06265	0.01881	0.01261	0.01190	0.00351	0.04949	0.01029	0.00571	0.01313
38	0.02810	0.10338	0.13111	0.13587	0.03908	0.02175	0.02219	0.03436	0.02371	0.15516	0.02360	0.02586	0.01709	0.01015	0.00930	0.00277	0.01123	0.00810	0.00697	0.19021
39	0.16433	0.02471	0.02415	0.09645	0.03263	0.09689	0.01766	0.04493	0.23319	0.11268	0.03059	0.03042	0.02249	0.01233	0.00972	0.00336	0.01056	0.00953	0.00876	0.01462
40	0.02313	0.02313	0.03238	0.02776	0.02776	0.03238	0.02313	0.02545	0.01619	0.02545	0.01388	0.02313	0.01388	0.01851	0.03470	0.00463	0.60907	0.00925	0.00463	0.01157
41	0.02887	0.01817	0.02507	0.10273	0.03213	0.01851	0.04419	0.10311	0.06457	0.17944	0.21005	0.04780	0.04813	0.01542	0.01135	0.00335	0.00918	0.01337	0.01047	0.01409
42	0.01358	0.00974	0.01289	0.01425	0.01549	0.00905	0.00987	0.01648	0.02349	0.03215	0.22538	0.43969	0.07993	0.02927	0.01315	0.00397	0.00575	0.02639	0.01043	0.00905
43	0.01591	0.01062	0.01328	0.01262	0.01511	0.00995	0.00946	0.02088	0.02839	0.04181	0.45328	0.07113	0.08535	0.01977	0.01146	0.00315	0.00498	0.01728	0.14560	0.00995
44	0.02917	0.02372	0.02721	0.07164	0.06906	0.02684	0.01925	0.17774	0.30300	0.04795	0.03422	0.03381	0.02558	0.01314	0.01049	0.00338	0.00982	0.01080	0.04688	0.01629
45	0.02845	0.07535	0.11276	0.09701	0.03547	0.02627	0.02345	0.06230	0.02285	0.13687	0.02179	0.02633	0.01674	0.01504	0.01983	0.04142	0.20874	0.00905	0.00664	0.01364
46	0.70310	0.02045	0.01554	0.01390	0.02045	0.02372	0.01145	0.03108	0.01799	0.04744	0.01472	0.01718	0.01145	0.00981	0.00654	0.00327	0.00818	0.00573	0.00654	0.01145
47	0.01821	0.01350	0.01578	0.01340	0.01860	0.01113	0.01036	0.02222	0.02559	0.07068	0.20765	0.06832	0.23763	0.01904	0.01105	0.00292	0.00619	0.01610	0.00957	0.20207
48	0.01510	0.01133	0.01699	0.01699	0.01888	0.01322	0.01322	0.01888	0.01699	0.02454	0.02832	0.04154	0.02643	0.07930	0.58652	0.01699	0.02832	0.01133	0.00566	0.00944
49	0.08041	0.01910	0.02849	0.27232	0.09040	0.02031	0.02256	0.03801	0.02498	0.25620	0.02819	0.03050	0.01918	0.01147	0.01030	0.00337	0.01142	0.00966	0.00838	0.01475
50	0.01586	0.01173	0.01574	0.01536	0.01650	0.01317	0.01112	0.01762	0.01677	0.02321	0.03455	0.05320	0.07263	0.24267	0.28485	0.06130	0.06619	0.01321	0.00608	0.00825
51	0.02281	0.01307	0.01642	0.01497	0.01876	0.01242	0.01159	0.02833	0.05737	0.14922	0.20964	0.06670	0.11595	0.07401	0.05521	0.00493	0.00848	0.04921	0.05927	0.01161
52	0.01997	0.01879	0.03171	0.60301	0.07282	0.02349	0.02936	0.02701	0.02114	0.02701	0.01879	0.02819	0.01409	0.01057	0.01057	0.00352	0.01409	0.00940	0.00470	0.01175
53	0.02313	0.02313	0.03238	0.02776	0.02776	0.03238	0.02313	0.02545	0.01619	0.02545	0.01388	0.02313	0.01388	0.01851	0.03470	0.00463	0.60907	0.00925	0.00463	0.01157
54	0.02192	0.01879	0.02192	0.01566	0.02506	0.01409	0.01253	0.02662	0.02192	0.03445	0.01879	0.02192	0.01566	0.00783	0.00783	0.00157	0.00783	0.00626	0.00626	0.69305
55	0.57307	0.01996	0.01732	0.01488	0.02175	0.02210	0.01226	0.03514	0.02043	0.15103	0.02008	0.02091	0.01437	0.01046	0.00735	0.00327	0.00834	0.00670	0.00784	0.01275
56	0.01510	0.01133	0.01699	0.01699	0.01888	0.01322	0.01322	0.01888	0.01699	0.02454	0.02832	0.04154	0.02643	0.07930	0.58652	0.01699	0.02832	0.01133	0.00566	0.00944
57	0.02257	0.01173	0.01546	0.01534	0.01789	0.01071	0.01084	0.02473	0.02220	0.17214	0.05001	0.37971	0.05335	0.11845	0.01887	0.00493	0.00753	0.02259	0.01018	0.01079
58	0.57307	0.01996	0.01732	0.01488	0.02175	0.02210	0.01226	0.03514	0.02043	0.15103	0.02008	0.02091	0.01437	0.01046	0.00735	0.00327	0.00834	0.00670	0.00784	0.01275
59	0.01837	0.00918	0.01377	0.01377	0.01377	0.00918	0.00918	0.01377	0.01377	0.01837	0.01837	0.03214	0.01837	0.03673	0.04132	0.69238	0.00918	0.00918	0.00459	0.00459
60	0.01675	0.01071	0.01402	0.01444	0.01568	0.01078	0.00984	0.01857	0.01845	0.06260	0.04107	0.24527	0.04522	0.25267	0.16589	0.00939	0.01315	0.01898	0.00784	0.00869
61	0.01438	0.01104	0.01333	0.01419	0.01642	0.01042	0.01031	0.01922	0.06090	0.03174	0.16092	0.31332	0.20047	0.02777	0.01292	0.00391	0.00610	0.05286	0.01021	0.00959
62	0.01967	0.01302	0.02342	0.01988	0.02200	0.01266	0.11130	0.01776	0.01599	0.02144	0.01897	0.03142	0.01790	0.03121	0.03560	0.55577	0.01090	0.00984	0.00474	0.00651
63	0.03743	0.01799	0.02202	0.01786	0.02437	0.01739	0.01465	0.13712	0.03181	0.30947	0.03780	0.04050	0.02719	0.01395	0.01014	0.00318	0.00862	0.04375	0.16925	0.01552
64	0.01603	0.01271	0.01529	0.01375	0.01801	0.01066	0.01029	0.01987	0.02464	0.03444	0.22015	0.17483	0.15864	0.02102	0.01137	0.00307	0.00608	0.01829	0.00942	0.20143
65	0.57307	0.01996	0.01732	0.01488	0.02175	0.02210	0.01226	0.03514	0.02043	0.15103	0.02008	0.02091	0.01437	0.01046	0.00735	0.00327	0.00834	0.00670	0.00784	0.01275
66	0.02529	0.02905	0.13293	0.02323	0.03112	0.02595	0.02116	0.05168	0.44003	0.04210	0.03826	0.03605	0.02853	0.01349	0.01062	0.00354	0.00981	0.01113	0.00951	0.01652
67	0.02391	0.02482	0.05197	0.03768	0.04674	0.02339	0.42159	0.03204	0.02440	0.03497	0.02399	0.03068	0.01824	0.00959	0.01147	0.00335	0.01527	0.01196	0.14056	0.01339
68	0.01463	0.01054	0.01390	0.01399	0.01607	0.00980	0.01037	0.01892	0.02746	0.03836	0.41675	0.20068	0.09083	0.02461	0.01283	0.00363	0.00553	0.05033	0.01112	0.00966
69	0.01346	0.00978	0.01277	0.01453	0.01579	0.00908	0.01021	0.01606	0.02230	0.02976	0.13687	0.46200	0.11320	0.03060	0.01334	0.00413	0.00616	0.06096	0.01008	0.00891
70	0.01322	0.00944	0.01265	0.01511	0.01587	0.00888	0.01040	0.01530	0.02057	0.02737	0.05809	0.58094	0.06920	0.03281	0.01358	0.00434	0.00643	0.06732	0.00981	0.00868
71	0.16892	0.01878	0.02711	0.05935	0.03085	0.01920	0.11502	0.03352	0.06040	0.11978	0.09022	0.04162	0.03179	0.01355	0.01026	0.00339	0.00998	0.04543	0.08792	0.01291
72	0.03963	0.04627	0.03031	0.02666	0.03271	0.47626	0.02036	0.13841	0.03388	0.03396	0.01814	0.02032	0.01448	0.01125	0.00974	0.00281	0.01759	0.00735	0.00647	0.01339
73	0.02592	0.01900	0.02223	0.01721	0.02467	0.01691	0.01370	0.12607	0.02919	0.08475	0.10549	0.07482	0.03344	0.01308	0.00970	0.00248	0.00813	0.01088	0.00873	0.35361
74	0.02148	0.01180	0.01542	0.01399	0.01706	0.01075	0.01040	0.02380	0.02514	0.13435	0.26137	0.06399	0.12694	0.06005	0.02033	0.14042	0.00694	0.01574	0.00996	0.01007
75	0.03358	0.01954	0.02170	0.01754	0.02359	0.02035	0.01420	0.23525	0.03503	0.15572	0.03220	0.03301	0.02319	0.01262	0.00934	0.00291	0.00847	0.00987	0.27710	0.01479
76	0.16150	0.01685	0.01831	0.01586	0.02104	0.01739	0.01240	0.06138	0.09893	0.15468	0.13804	0.04735	0.07083	0.06588	0.01369	0.00387	0.00777	0.01247	0.04877	0.01300

[dist]
# distance from previous block
# <min> <max>
0	1

[block]
# block no. 2 follows, 13 sequences, length 26
# corresponding to MSA columns:
# 213-238
name=unknown_C
#
# <colnr> <probs for GDERKNQSTAVLIFYWHMCP>
#	G	D	E	R	K	N	Q	S	T	A	V	L	I	F	Y	W	H	M	C	P
0	0.19839	0.01660	0.01952	0.01638	0.02252	0.01597	0.01312	0.03801	0.02617	0.30773	0.11262	0.09984	0.03805	0.01567	0.01021	0.00339	0.00791	0.01275	0.01094	0.01423
1	0.01490	0.01005	0.01167	0.01214	0.01226	0.00993	0.00706	0.01525	0.01631	0.02175	0.03810	0.17513	0.04448	0.51424	0.04608	0.00911	0.00946	0.01819	0.00706	0.00682
2	0.16460	0.01640	0.01967	0.01636	0.02232	0.01557	0.01291	0.03846	0.02550	0.32834	0.07539	0.08622	0.03366	0.07998	0.01480	0.00410	0.00844	0.01239	0.01075	0.01416
3	0.07267	0.01349	0.01728	0.05718	0.02229	0.01331	0.01245	0.02643	0.02546	0.13795	0.23974	0.06003	0.10640	0.06886	0.07542	0.00530	0.00955	0.01501	0.00984	0.01133
4	0.02649	0.01436	0.01848	0.01592	0.02060	0.01348	0.01246	0.03383	0.08450	0.21027	0.33859	0.06112	0.06921	0.01813	0.01170	0.00334	0.00662	0.01566	0.01201	0.01324
5	0.08202	0.02017	0.02522	0.13130	0.03525	0.02154	0.01827	0.10469	0.13135	0.21715	0.07497	0.03591	0.02886	0.01325	0.01049	0.00337	0.00981	0.01084	0.01011	0.01543
6	0.01804	0.00931	0.01286	0.01312	0.01366	0.00925	0.00891	0.01596	0.01607	0.02332	0.02569	0.09605	0.02551	0.03167	0.03186	0.48706	0.00804	0.01153	0.13606	0.00602
7	0.02519	0.01826	0.02869	0.30004	0.10375	0.02057	0.02354	0.03069	0.02352	0.13310	0.07100	0.07641	0.02792	0.01407	0.01269	0.00355	0.05468	0.01194	0.00731	0.01308
8	0.01745	0.01273	0.01436	0.01391	0.01521	0.01358	0.00896	0.02350	0.11678	0.02539	0.03476	0.06116	0.03625	0.46452	0.09029	0.00954	0.01141	0.01438	0.00718	0.00864
9	0.01490	0.01005	0.01167	0.01214	0.01226	0.00993	0.00706	0.01525	0.01631	0.02175	0.03810	0.17513	0.04448	0.51424	0.04608	0.00911	0.00946	0.01819	0.00706	0.00682
10	0.02514	0.01947	0.03129	0.16771	0.16789	0.02030	0.05873	0.05865	0.02630	0.10285	0.12644	0.03928	0.03398	0.01785	0.05401	0.00435	0.01252	0.01180	0.00767	0.01378
11	0.05662	0.05888	0.05603	0.16683	0.07942	0.02404	0.05774	0.09994	0.09305	0.03980	0.12581	0.03737	0.03350	0.01310	0.01065	0.00332	0.01106	0.01135	0.00776	0.01372
12	0.01997	0.01879	0.03171	0.60301	0.07282	0.02349	0.02936	0.02701	0.02114	0.02701	0.01879	0.02819	0.01409	0.01057	0.01057	0.00352	0.01409	0.00940	0.00470	0.01175
13	0.01942	0.01203	0.01373	0.01271	0.01690	0.01026	0.00974	0.02250	0.02552	0.13339	0.12784	0.11829	0.39015	0.02411	0.01220	0.00354	0.00607	0.02028	0.01059	0.01073
14	0.03267	0.08943	0.09899	0.02153	0.03043	0.02162	0.04304	0.04013	0.06865	0.23448	0.02885	0.02859	0.02040	0.01145	0.01112	0.00295	0.04599	0.00899	0.00865	0.15205
15	0.01538	0.01120	0.01454	0.01476	0.01618	0.01180	0.01038	0.01936	0.04907	0.02738	0.10726	0.16559	0.04838	0.21592	0.21431	0.01003	0.01463	0.01716	0.00777	0.00890
16	0.02121	0.05469	0.57364	0.03014	0.04576	0.02455	0.03906	0.03348	0.02232	0.03348	0.01897	0.02232	0.01339	0.01005	0.01005	0.00335	0.01563	0.00781	0.00446	0.01563
17	0.02313	0.21263	0.43254	0.02686	0.04069	0.02926	0.03335	0.03299	0.02209	0.03114	0.01781	0.02086	0.01344	0.00977	0.00916	0.00305	0.01445	0.00723	0.00448	0.01507
18	0.06212	0.02067	0.06439	0.18084	0.03916	0.02056	0.02094	0.08405	0.05466	0.11649	0.02836	0.03666	0.02253	0.02799	0.14191	0.00657	0.01553	0.03578	0.00753	0.01328
19	0.01752	0.01356	0.02103	0.02167	0.05912	0.01436	0.05021	0.01926	0.01838	0.02531	0.03338	0.18296	0.03614	0.10928	0.11874	0.13899	0.06298	0.04148	0.00662	0.00901
20	0.01288	0.00920	0.01227	0.01472	0.01534	0.00859	0.00981	0.01472	0.02024	0.02699	0.05828	0.62152	0.06993	0.03312	0.01350	0.00429	0.00613	0.03006	0.00981	0.00859
21	0.02098	0.02252	0.07193	0.30390	0.10621	0.02489	0.02720	0.02667	0.02016	0.02788	0.02080	0.07394	0.01876	0.01432	0.01713	0.00382	0.17060	0.01091	0.00513	0.01226
22	0.02813	0.03120	0.12530	0.19313	0.05131	0.07255	0.15100	0.10926	0.02805	0.07509	0.02193	0.02670	0.01590	0.01061	0.01088	0.00337	0.01494	0.00980	0.00639	0.01444
23	0.02056	0.01860	0.01693	0.01723	0.01910	0.12133	0.01269	0.02273	0.02121	0.02530	0.03773	0.07652	0.04126	0.30718	0.03205	0.00699	0.01177	0.17480	0.00735	0.00866
24	0.01490	0.01005	0.01167	0.01214	0.01226	0.00993	0.00706	0.01525	0.01631	0.02175	0.03810	0.17513	0.04448	0.51424	0.04608	0.00911	0.00946	0.01819	0.00706	0.00682
25	0.32199	0.02043	0.01995	0.01562	0.02369	0.01988	0.01269	0.07062	0.02254	0.04285	0.01756	0.02013	0.01401	0.00911	0.00750	0.00245	0.00830	0.00630	0.00675	0.33765

[dist]
# distance from previous block
# <min> <max>
0	2

[block]
# block no. 3 follows, 13 sequences, length 16
# corresponding to MSA columns:
# 241-256
name=unknown_D
#
# <colnr> <probs for GDERKNQSTAVLIFYWHMCP>
#	G	D	E	R	K	N	Q	S	T	A	V	L	I	F	Y	W	H	M	C	P
0	0.12623	0.07464	0.24254	0.02855	0.03968	0.02572	0.14029	0.03688	0.08557	0.06747	0.02284	0.02549	0.01674	0.01038	0.00999	0.00334	0.01348	0.00909	0.00624	0.01483
1	0.01515	0.01114	0.01605	0.01605	0.01761	0.01270	0.01204	0.01828	0.01671	0.02385	0.02918	0.04631	0.02850	0.17402	0.49463	0.01583	0.02520	0.01203	0.00579	0.00892
2	0.02824	0.15952	0.11098	0.10973	0.03708	0.06784	0.02325	0.03648	0.08538	0.10111	0.02288	0.02583	0.01761	0.01235	0.01380	0.00334	0.11532	0.00864	0.00651	0.01412
3	0.02886	0.03465	0.27523	0.09429	0.04040	0.02088	0.02766	0.03859	0.05524	0.19548	0.06152	0.03176	0.02393	0.01201	0.01048	0.00336	0.01234	0.00982	0.00791	0.01557
4	0.01510	0.01133	0.01699	0.01699	0.01888	0.01322	0.01322	0.01888	0.01699	0.02454	0.02832	0.04154	0.02643	0.07930	0.58652	0.01699	0.02832	0.01133	0.00566	0.00944
5	0.04045	0.01932	0.02857	0.09727	0.12489	0.01815	0.02013	0.04528	0.02809	0.41195	0.03518	0.03335	0.02309	0.01215	0.01060	0.00328	0.01023	0.01027	0.01072	0.01702
6	0.03846	0.07547	0.03344	0.02709	0.09036	0.02011	0.07916	0.04337	0.02772	0.35779	0.03536	0.03810	0.02518	0.01293	0.01077	0.00331	0.01072	0.04397	0.01026	0.01642
7	0.02477	0.02200	0.03408	0.38955	0.16932	0.02544	0.02842	0.11444	0.02669	0.03544	0.02016	0.02728	0.01533	0.01069	0.01055	0.00338	0.01335	0.00942	0.00583	0.01388
8	0.02108	0.01723	0.01940	0.01773	0.02210	0.01878	0.01362	0.03949	0.30680	0.04339	0.27979	0.05766	0.06337	0.01769	0.01155	0.00347	0.00681	0.01526	0.01116	0.01362
9	0.02176	0.01956	0.02783	0.22372	0.10636	0.01866	0.02073	0.02746	0.02191	0.03190	0.01892	0.02459	0.01525	0.00897	0.00909	0.00243	0.01056	0.00772	0.00560	0.37698
10	0.02703	0.02221	0.02423	0.02133	0.02712	0.02547	0.01679	0.13187	0.37980	0.04516	0.03780	0.03733	0.02894	0.02374	0.09649	0.00551	0.01190	0.01144	0.00997	0.01586
11	0.13647	0.01343	0.01827	0.15496	0.02917	0.01507	0.01445	0.02000	0.01672	0.02606	0.02064	0.06993	0.01977	0.02557	0.02601	0.36033	0.00997	0.01010	0.00532	0.00777
12	0.01258	0.01040	0.01103	0.01153	0.01450	0.00886	0.00840	0.01508	0.02331	0.02824	0.09711	0.20820	0.45818	0.02808	0.01270	0.00372	0.00551	0.02390	0.00982	0.00886
13	0.01933	0.01595	0.01910	0.01515	0.02200	0.01253	0.01168	0.02358	0.02283	0.03435	0.10576	0.13385	0.03755	0.01425	0.00950	0.00230	0.00711	0.01228	0.00768	0.47324
14	0.30809	0.01576	0.01485	0.01344	0.01767	0.01639	0.00976	0.02366	0.01789	0.03459	0.02546	0.08886	0.02637	0.22078	0.02334	0.00547	0.00865	0.01122	0.00674	0.11103
15	0.01341	0.01035	0.01131	0.01153	0.01430	0.00893	0.00837	0.01492	0.02221	0.02690	0.08947	0.13842	0.43358	0.02883	0.01688	0.10624	0.00600	0.02106	0.00904	0.00825

[dist]
# distance from previous block
# <min> <max>
0	2

# created by:
# /st0/software/busco_prod/Augustus/scripts/msa2prfl.pl ./align_prep/8997.fa
