[name]
unknown

[dist]
# distance from previous block
# <min> <max>
0	257

[block]
# block no. 0 follows, 10 sequences, length 36
# corresponding to MSA columns:
# 286-321
name=unknown_A
#
# <colnr> <probs for GDERKNQSTAVLIFYWHMCP>
#	G	D	E	R	K	N	Q	S	T	A	V	L	I	F	Y	W	H	M	C	P
0	0.01684	0.01274	0.01594	0.01773	0.01984	0.01264	0.01314	0.02336	0.08104	0.03319	0.06681	0.38011	0.11257	0.03238	0.01462	0.00468	0.00777	0.11284	0.01090	0.01082
1	0.08343	0.02484	0.03533	0.14890	0.10239	0.02885	0.06874	0.04207	0.18187	0.03952	0.02886	0.03307	0.02247	0.01386	0.01528	0.00400	0.09193	0.01123	0.00771	0.01564
2	0.02674	0.01332	0.01796	0.01768	0.02111	0.01198	0.01288	0.02958	0.02591	0.19408	0.05808	0.40373	0.06100	0.02915	0.01380	0.00435	0.00779	0.02600	0.01199	0.01287
3	0.02407	0.01285	0.01678	0.01642	0.01916	0.01180	0.01158	0.02663	0.02491	0.14926	0.09931	0.30174	0.06175	0.14075	0.02284	0.00566	0.00828	0.02350	0.01111	0.01160
4	0.01417	0.01012	0.01350	0.01619	0.01687	0.00945	0.01080	0.01619	0.02227	0.02969	0.06410	0.58367	0.07692	0.03644	0.01484	0.00472	0.00675	0.03306	0.01080	0.00945
5	0.03181	0.40844	0.05003	0.02141	0.03020	0.03950	0.02015	0.11716	0.02993	0.03708	0.02485	0.03642	0.02324	0.01386	0.00947	0.00308	0.01226	0.06881	0.00705	0.01524
6	0.02659	0.01358	0.01677	0.01561	0.01967	0.01215	0.01158	0.02976	0.02625	0.17979	0.06491	0.20581	0.15052	0.07806	0.01707	0.00460	0.00777	0.02068	0.08625	0.01256
7	0.02363	0.01274	0.01722	0.01778	0.02063	0.01165	0.01309	0.02657	0.02533	0.14785	0.05954	0.40943	0.06453	0.03079	0.01422	0.00452	0.00789	0.06894	0.01164	0.01202
8	0.01711	0.01360	0.01566	0.01533	0.01902	0.01294	0.01189	0.02484	0.08571	0.03922	0.24088	0.09712	0.26297	0.02613	0.01377	0.00400	0.00671	0.07013	0.01162	0.01136
9	0.01687	0.01144	0.01354	0.01354	0.01384	0.01174	0.00811	0.01746	0.01717	0.02318	0.03586	0.07178	0.04040	0.51953	0.12836	0.01233	0.01410	0.01628	0.00693	0.00752
10	0.03396	0.01963	0.02702	0.15806	0.04019	0.02093	0.02031	0.10068	0.03028	0.19815	0.03349	0.03722	0.02429	0.02655	0.10657	0.00626	0.01508	0.01123	0.07466	0.01547
11	0.01752	0.01114	0.01334	0.01450	0.01571	0.01095	0.01004	0.02014	0.02162	0.03126	0.04836	0.22140	0.05275	0.21623	0.02828	0.00653	0.00851	0.08037	0.16220	0.00915
12	0.03815	0.02957	0.03149	0.02553	0.03376	0.03324	0.02064	0.31411	0.23038	0.06352	0.03562	0.03406	0.02601	0.01468	0.01171	0.00367	0.01137	0.01153	0.01171	0.01924
13	0.01916	0.01498	0.01774	0.01650	0.02026	0.01511	0.01253	0.03088	0.14232	0.04568	0.36516	0.07895	0.13037	0.02242	0.01327	0.00375	0.00641	0.01950	0.01238	0.01262
14	0.09485	0.01194	0.01557	0.01607	0.01733	0.01226	0.01153	0.01859	0.01811	0.02702	0.03098	0.12306	0.03304	0.03541	0.03311	0.41260	0.00957	0.06492	0.00680	0.00723
15	0.02901	0.02906	0.11894	0.17057	0.09374	0.02435	0.02724	0.10531	0.03103	0.09137	0.08151	0.03590	0.02874	0.01320	0.01150	0.00350	0.01287	0.01113	0.00818	0.07287
16	0.40917	0.08677	0.02663	0.02045	0.02705	0.15152	0.01669	0.03665	0.02312	0.04219	0.01654	0.01989	0.01360	0.01177	0.01051	0.00347	0.05754	0.00689	0.00652	0.01304
17	0.02950	0.02202	0.03598	0.32751	0.06048	0.02561	0.06377	0.03597	0.02501	0.13868	0.02564	0.03212	0.01855	0.01333	0.01559	0.00399	0.09352	0.01088	0.00723	0.01462
18	0.03340	0.02038	0.02507	0.01837	0.02827	0.01603	0.01488	0.03835	0.02715	0.19958	0.02901	0.02923	0.02105	0.01053	0.00963	0.00234	0.00904	0.00848	0.00937	0.44985
19	0.02490	0.02093	0.02281	0.02163	0.02660	0.02362	0.01633	0.04936	0.36805	0.04348	0.05191	0.19072	0.04680	0.02141	0.01266	0.00416	0.00853	0.01858	0.01155	0.01596
20	0.02412	0.02067	0.02412	0.01723	0.02756	0.01550	0.01378	0.02929	0.02412	0.03790	0.02067	0.02412	0.01723	0.00861	0.00861	0.00172	0.00861	0.00689	0.00689	0.66236
21	0.67341	0.02249	0.01709	0.01529	0.02249	0.02609	0.01260	0.03419	0.01979	0.05218	0.01619	0.01889	0.01260	0.01080	0.00720	0.00360	0.00900	0.00630	0.00720	0.01260
22	0.03023	0.02342	0.03139	0.02694	0.03343	0.02462	0.07542	0.21246	0.03829	0.05087	0.04319	0.07682	0.04166	0.02199	0.01397	0.00442	0.01264	0.21270	0.01051	0.01503
23	0.03331	0.04307	0.28868	0.03160	0.04516	0.02566	0.09604	0.08386	0.03006	0.16636	0.02835	0.02971	0.01924	0.01201	0.01165	0.00368	0.01524	0.01030	0.00812	0.01789
24	0.01417	0.01012	0.01350	0.01619	0.01687	0.00945	0.01080	0.01619	0.02227	0.02969	0.06410	0.58367	0.07692	0.03644	0.01484	0.00472	0.00675	0.03306	0.01080	0.00945
25	0.01723	0.01231	0.01701	0.01969	0.02171	0.01208	0.01611	0.02148	0.02528	0.03311	0.06241	0.28084	0.07024	0.03355	0.01566	0.00515	0.00940	0.30570	0.01074	0.01029
26	0.04345	0.05543	0.03296	0.02996	0.03596	0.54457	0.02247	0.04644	0.03296	0.02846	0.01798	0.02097	0.01498	0.01199	0.01049	0.00300	0.02097	0.00749	0.00599	0.01348
27	0.01417	0.01012	0.01350	0.01619	0.01687	0.00945	0.01080	0.01619	0.02227	0.02969	0.06410	0.58367	0.07692	0.03644	0.01484	0.00472	0.00675	0.03306	0.01080	0.00945
28	0.02196	0.02067	0.03488	0.56331	0.08010	0.02584	0.03230	0.02972	0.02326	0.02972	0.02067	0.03101	0.01550	0.01163	0.01163	0.00388	0.01550	0.01034	0.00517	0.01292
29	0.01640	0.01193	0.01678	0.01709	0.01855	0.01324	0.01247	0.01940	0.01872	0.02634	0.03617	0.11467	0.03751	0.19147	0.37754	0.01545	0.02398	0.01582	0.00694	0.00955
30	0.02196	0.02067	0.03488	0.56331	0.08010	0.02584	0.03230	0.02972	0.02326	0.02972	0.02067	0.03101	0.01550	0.01163	0.01163	0.00388	0.01550	0.01034	0.00517	0.01292
31	0.03708	0.33538	0.04739	0.02477	0.03281	0.28745	0.02115	0.04045	0.02815	0.02790	0.01704	0.01978	0.01495	0.01094	0.00893	0.00273	0.01657	0.00683	0.00547	0.01423
32	0.02333	0.06016	0.53100	0.03315	0.05034	0.02701	0.04297	0.03683	0.02455	0.03683	0.02087	0.02455	0.01473	0.01105	0.01105	0.00368	0.01719	0.00859	0.00491	0.01719
33	0.02700	0.01901	0.03069	0.39033	0.06204	0.02207	0.02648	0.03236	0.02386	0.11535	0.02502	0.03313	0.01850	0.01621	0.01645	0.09743	0.01375	0.01054	0.00677	0.01300
34	0.11229	0.02132	0.02945	0.08709	0.03693	0.01981	0.05397	0.04317	0.02800	0.26393	0.03200	0.03205	0.02185	0.01199	0.01064	0.00324	0.01095	0.00999	0.01010	0.16122
35	0.03002	0.08615	0.02997	0.02576	0.09510	0.02109	0.01791	0.07007	0.03193	0.14046	0.20629	0.05056	0.05356	0.01616	0.01162	0.00329	0.00925	0.01374	0.01056	0.07651

[dist]
# distance from previous block
# <min> <max>
2	45

[block]
# block no. 1 follows, 10 sequences, length 25
# corresponding to MSA columns:
# 367-391
name=unknown_B
#
# <colnr> <probs for GDERKNQSTAVLIFYWHMCP>
#	G	D	E	R	K	N	Q	S	T	A	V	L	I	F	Y	W	H	M	C	P
0	0.45242	0.02247	0.02069	0.01799	0.02522	0.02489	0.01494	0.09015	0.02645	0.11414	0.02592	0.03375	0.02092	0.01375	0.00919	0.00376	0.00974	0.05039	0.00901	0.01421
1	0.02784	0.02255	0.03498	0.24830	0.16074	0.02427	0.02752	0.03413	0.02489	0.09312	0.02355	0.02991	0.01805	0.01191	0.01335	0.00349	0.06022	0.00991	0.00671	0.12458
2	0.03514	0.02807	0.02979	0.02492	0.03261	0.03183	0.01991	0.23163	0.31776	0.05866	0.03945	0.03711	0.02912	0.01504	0.01175	0.00376	0.01066	0.01206	0.01175	0.01897
3	0.67341	0.02249	0.01709	0.01529	0.02249	0.02609	0.01260	0.03419	0.01979	0.05218	0.01619	0.01889	0.01260	0.01080	0.00720	0.00360	0.00900	0.00630	0.00720	0.01260
4	0.01650	0.01189	0.01573	0.01565	0.01816	0.01111	0.01193	0.02160	0.03101	0.04334	0.40800	0.14576	0.10086	0.02618	0.01413	0.00398	0.00628	0.07480	0.01233	0.01078
5	0.27056	0.04583	0.33556	0.02636	0.03975	0.02666	0.03142	0.03583	0.02274	0.04267	0.01909	0.02240	0.01392	0.01095	0.00958	0.00365	0.01407	0.00772	0.00578	0.01544
6	0.67341	0.02249	0.01709	0.01529	0.02249	0.02609	0.01260	0.03419	0.01979	0.05218	0.01619	0.01889	0.01260	0.01080	0.00720	0.00360	0.00900	0.00630	0.00720	0.01260
7	0.03154	0.09485	0.02953	0.01838	0.02835	0.01980	0.01534	0.03637	0.02619	0.15019	0.02595	0.02701	0.01962	0.01013	0.00918	0.00226	0.00940	0.00792	0.00839	0.42960
8	0.53325	0.02202	0.02054	0.02239	0.08407	0.02478	0.01532	0.03275	0.02085	0.04838	0.02123	0.07111	0.01913	0.01306	0.00843	0.00368	0.00940	0.00922	0.00734	0.01304
9	0.01417	0.01012	0.01350	0.01619	0.01687	0.00945	0.01080	0.01619	0.02227	0.02969	0.06410	0.58367	0.07692	0.03644	0.01484	0.00472	0.00675	0.03306	0.01080	0.00945
10	0.04175	0.03182	0.03185	0.02569	0.03401	0.08680	0.02073	0.29046	0.14680	0.11809	0.03329	0.03198	0.02380	0.01420	0.01156	0.00355	0.01254	0.01089	0.01141	0.01880
11	0.02586	0.01572	0.02239	0.14199	0.03501	0.01578	0.01777	0.03104	0.02862	0.15171	0.16882	0.11557	0.10215	0.02128	0.01308	0.00397	0.00944	0.05571	0.01086	0.01322
12	0.08939	0.02377	0.02658	0.02188	0.02981	0.02446	0.01785	0.15206	0.13690	0.13481	0.03669	0.04302	0.02881	0.01522	0.01128	0.00352	0.01025	0.05648	0.01088	0.12633
13	0.02745	0.03137	0.06863	0.04902	0.06078	0.02941	0.47647	0.03725	0.02745	0.03725	0.02353	0.03137	0.01765	0.00980	0.01373	0.00392	0.01961	0.01373	0.00588	0.01569
14	0.02279	0.02152	0.03638	0.50364	0.13330	0.02606	0.03271	0.03044	0.02365	0.03072	0.02082	0.03074	0.01586	0.01147	0.01161	0.00382	0.01530	0.01034	0.00524	0.01359
15	0.02321	0.01540	0.01834	0.01734	0.02135	0.01505	0.01299	0.06632	0.07998	0.09888	0.14247	0.24005	0.14994	0.02620	0.01347	0.00407	0.00753	0.02279	0.01175	0.01287
16	0.02826	0.01537	0.01998	0.01871	0.02316	0.01462	0.01452	0.03539	0.07915	0.18629	0.13860	0.21470	0.06267	0.02469	0.01351	0.00418	0.00822	0.07165	0.01236	0.01398
17	0.01620	0.01207	0.01781	0.01827	0.02011	0.01368	0.01391	0.02000	0.01929	0.02745	0.03671	0.13647	0.03715	0.07866	0.45568	0.01633	0.02703	0.01594	0.00700	0.01023
18	0.56936	0.02063	0.01610	0.01458	0.02106	0.02366	0.01188	0.03306	0.02053	0.05077	0.01967	0.02280	0.01534	0.01124	0.00735	0.00346	0.00843	0.00702	0.11075	0.01232
19	0.02091	0.01323	0.01683	0.01771	0.02019	0.01287	0.01256	0.02711	0.08317	0.09607	0.05966	0.44601	0.06554	0.03101	0.01406	0.00448	0.00746	0.02782	0.01139	0.01190
20	0.44972	0.02052	0.01911	0.01642	0.02344	0.02213	0.01339	0.03765	0.02451	0.15773	0.08676	0.03228	0.02873	0.01327	0.00904	0.00361	0.00875	0.00940	0.00953	0.01400
21	0.02952	0.02005	0.02558	0.02644	0.08860	0.02100	0.01781	0.04384	0.19257	0.13569	0.09092	0.04973	0.04022	0.09412	0.06604	0.00603	0.01178	0.01376	0.01055	0.01574
22	0.02097	0.01238	0.01554	0.01433	0.01765	0.01151	0.01090	0.02635	0.03101	0.09048	0.36122	0.07258	0.08403	0.02058	0.01226	0.00344	0.00588	0.01785	0.15928	0.01176
23	0.10548	0.01448	0.01767	0.01626	0.02042	0.01381	0.01239	0.02942	0.02925	0.14183	0.26695	0.16669	0.07462	0.02274	0.01271	0.00385	0.00707	0.01966	0.01203	0.01267
24	0.18177	0.01344	0.01461	0.01581	0.01835	0.01382	0.01127	0.02133	0.02269	0.03707	0.09625	0.39120	0.06383	0.02868	0.01279	0.00433	0.00719	0.02508	0.01008	0.01040

[dist]
# distance from previous block
# <min> <max>
0	62

[block]
# block no. 2 follows, 10 sequences, length 64
# corresponding to MSA columns:
# 468-510,512-532
name=unknown_C
#
# <colnr> <probs for GDERKNQSTAVLIFYWHMCP>
#	G	D	E	R	K	N	Q	S	T	A	V	L	I	F	Y	W	H	M	C	P
0	0.02264	0.02067	0.03149	0.39128	0.06355	0.02258	0.02647	0.02958	0.02353	0.03229	0.02067	0.02884	0.01605	0.01068	0.01068	0.00320	0.01333	0.00925	0.00571	0.21751
1	0.03748	0.02923	0.03112	0.02540	0.03350	0.03292	0.02048	0.29584	0.24973	0.06245	0.03647	0.03473	0.02670	0.01476	0.01172	0.00369	0.01122	0.01165	0.01172	0.01918
2	0.01458	0.01044	0.01387	0.01591	0.01696	0.00972	0.01083	0.01723	0.02419	0.03275	0.14497	0.49409	0.08284	0.03415	0.01464	0.00453	0.00652	0.03089	0.01116	0.00972
3	0.01648	0.01233	0.01561	0.01762	0.01923	0.01231	0.01248	0.02277	0.08396	0.03259	0.06172	0.47401	0.07070	0.03339	0.01456	0.00468	0.00741	0.06651	0.01092	0.01071
4	0.02333	0.06016	0.53100	0.03315	0.05034	0.02701	0.04297	0.03683	0.02455	0.03683	0.02087	0.02455	0.01473	0.01105	0.01105	0.00368	0.01719	0.00859	0.00491	0.01719
5	0.02196	0.02067	0.03488	0.56331	0.08010	0.02584	0.03230	0.02972	0.02326	0.02972	0.02067	0.03101	0.01550	0.01163	0.01163	0.00388	0.01550	0.01034	0.00517	0.01292
6	0.02335	0.01260	0.01666	0.01673	0.01941	0.01151	0.01186	0.02600	0.02506	0.14416	0.09205	0.36684	0.06481	0.08875	0.01870	0.00507	0.00785	0.02553	0.01138	0.01168
7	0.01535	0.01072	0.01345	0.01486	0.01650	0.00993	0.01035	0.01851	0.02505	0.03464	0.15591	0.37948	0.12487	0.03083	0.01381	0.00422	0.00627	0.02748	0.07782	0.00993
8	0.42239	0.02179	0.02395	0.22646	0.04469	0.02599	0.02019	0.03246	0.02113	0.04352	0.01792	0.02356	0.01372	0.01112	0.00890	0.00371	0.01150	0.00785	0.00642	0.01272
9	0.04918	0.02046	0.02690	0.02108	0.02976	0.01862	0.01726	0.05734	0.09317	0.46512	0.04607	0.04008	0.02966	0.01457	0.01171	0.00364	0.00981	0.01188	0.01406	0.01961
10	0.02253	0.02178	0.03837	0.51019	0.07811	0.02621	0.07818	0.03049	0.02369	0.03049	0.02097	0.03105	0.01573	0.01144	0.01184	0.00388	0.01593	0.01069	0.00524	0.01321
11	0.01522	0.01124	0.01462	0.01630	0.01800	0.01009	0.01111	0.01758	0.02246	0.03056	0.05950	0.52437	0.07060	0.03349	0.01418	0.00441	0.00695	0.03029	0.01038	0.07864
12	0.01618	0.01188	0.01516	0.01434	0.01720	0.01085	0.01075	0.02140	0.03226	0.04507	0.47180	0.08946	0.15150	0.02436	0.01372	0.00369	0.00553	0.02140	0.01260	0.01085
13	0.01733	0.01199	0.01799	0.01799	0.01966	0.01366	0.01366	0.01966	0.01799	0.02565	0.02898	0.04364	0.02732	0.07795	0.44620	0.14602	0.02698	0.01199	0.00600	0.00933
14	0.11180	0.02583	0.04010	0.13682	0.04758	0.02819	0.14991	0.12481	0.03111	0.04543	0.07411	0.03440	0.02659	0.01346	0.01394	0.00384	0.05752	0.01192	0.00777	0.01486
15	0.02593	0.03250	0.11912	0.15488	0.11020	0.02819	0.28432	0.03549	0.02612	0.03573	0.02243	0.03015	0.01691	0.01040	0.01272	0.00383	0.01786	0.01202	0.00560	0.01559
16	0.09943	0.02105	0.02450	0.01876	0.02797	0.01849	0.01515	0.04149	0.07663	0.18781	0.03064	0.03029	0.02217	0.01134	0.00974	0.00272	0.00910	0.00894	0.00971	0.33409
17	0.03665	0.02677	0.03103	0.02516	0.03129	0.03096	0.02063	0.24768	0.08539	0.09718	0.02952	0.03152	0.02213	0.01564	0.01753	0.00384	0.14230	0.01082	0.07690	0.01706
18	0.03182	0.01589	0.02197	0.02113	0.02628	0.01484	0.01810	0.03684	0.02932	0.22721	0.05544	0.09536	0.05202	0.02519	0.01436	0.00467	0.01039	0.27275	0.01215	0.01426
19	0.04020	0.02181	0.03220	0.09370	0.03943	0.02063	0.06921	0.04870	0.07835	0.30781	0.03766	0.03633	0.02532	0.01307	0.01160	0.00351	0.01148	0.01138	0.01121	0.08641
20	0.02196	0.02067	0.03488	0.56331	0.08010	0.02584	0.03230	0.02972	0.02326	0.02972	0.02067	0.03101	0.01550	0.01163	0.01163	0.00388	0.01550	0.01034	0.00517	0.01292
21	0.02895	0.01493	0.01899	0.01686	0.02223	0.01317	0.01356	0.03330	0.03033	0.21546	0.16543	0.08291	0.19654	0.02315	0.01329	0.00394	0.00789	0.07276	0.01251	0.01380
22	0.01470	0.01165	0.01322	0.01319	0.01638	0.01017	0.00975	0.01840	0.02822	0.03633	0.24430	0.15176	0.33419	0.02827	0.01385	0.00392	0.00584	0.02424	0.01147	0.01017
23	0.04152	0.14875	0.04025	0.02535	0.03479	0.03811	0.02165	0.38852	0.04831	0.06386	0.02551	0.02602	0.01878	0.01314	0.01078	0.00328	0.01272	0.00960	0.01027	0.01878
24	0.01684	0.01155	0.01410	0.01410	0.01458	0.01204	0.00881	0.01782	0.01733	0.02360	0.03536	0.06896	0.03918	0.47286	0.17336	0.01302	0.01594	0.01587	0.00686	0.00783
25	0.02333	0.06016	0.53100	0.03315	0.05034	0.02701	0.04297	0.03683	0.02455	0.03683	0.02087	0.02455	0.01473	0.01105	0.01105	0.00368	0.01719	0.00859	0.00491	0.01719
26	0.01661	0.01246	0.01869	0.01869	0.02077	0.01454	0.01454	0.02077	0.01869	0.02700	0.03115	0.04569	0.02908	0.08723	0.54517	0.01869	0.03115	0.01246	0.00623	0.01038
27	0.01417	0.01012	0.01350	0.01619	0.01687	0.00945	0.01080	0.01619	0.02227	0.02969	0.06410	0.58367	0.07692	0.03644	0.01484	0.00472	0.00675	0.03306	0.01080	0.00945
28	0.04345	0.05543	0.03296	0.02996	0.03596	0.54457	0.02247	0.04644	0.03296	0.02846	0.01798	0.02097	0.01498	0.01199	0.01049	0.00300	0.02097	0.00749	0.00599	0.01348
29	0.02352	0.02371	0.04445	0.41750	0.07463	0.02685	0.15823	0.03185	0.02445	0.03185	0.02148	0.03111	0.01611	0.01111	0.01222	0.00389	0.01667	0.01130	0.00537	0.01370
30	0.02745	0.03137	0.06863	0.04902	0.06078	0.02941	0.47647	0.03725	0.02745	0.03725	0.02353	0.03137	0.01765	0.00980	0.01373	0.00392	0.01961	0.01373	0.00588	0.01569
31	0.01417	0.01012	0.01350	0.01619	0.01687	0.00945	0.01080	0.01619	0.02227	0.02969	0.06410	0.58367	0.07692	0.03644	0.01484	0.00472	0.00675	0.03306	0.01080	0.00945
32	0.02355	0.01332	0.01767	0.01605	0.01985	0.01206	0.01221	0.02845	0.03183	0.14339	0.36756	0.13164	0.08952	0.02324	0.01343	0.00376	0.00653	0.02043	0.01291	0.01262
33	0.02020	0.01010	0.01515	0.01515	0.01515	0.01010	0.01010	0.01515	0.01515	0.02020	0.02020	0.03535	0.02020	0.04040	0.04545	0.66162	0.01010	0.01010	0.00505	0.00505
34	0.09649	0.02644	0.04325	0.21201	0.05623	0.02954	0.16177	0.10261	0.02851	0.04100	0.02164	0.02878	0.01649	0.01225	0.01450	0.00392	0.07229	0.01093	0.00660	0.01477
35	0.02378	0.05700	0.48030	0.03489	0.05148	0.02727	0.09050	0.03688	0.02487	0.03688	0.02116	0.02530	0.01505	0.01091	0.01134	0.00371	0.01745	0.00916	0.00502	0.01702
36	0.01608	0.01198	0.01516	0.01681	0.01840	0.01178	0.01165	0.02194	0.07577	0.03395	0.12009	0.46038	0.07661	0.03254	0.01437	0.00450	0.00685	0.02933	0.01117	0.01063
37	0.04509	0.03118	0.03404	0.02609	0.03537	0.03399	0.02156	0.43352	0.05234	0.12302	0.02989	0.02920	0.02077	0.01401	0.01164	0.00350	0.01248	0.01061	0.01194	0.01978
38	0.02333	0.06016	0.53100	0.03315	0.05034	0.02701	0.04297	0.03683	0.02455	0.03683	0.02087	0.02455	0.01473	0.01105	0.01105	0.00368	0.01719	0.00859	0.00491	0.01719
39	0.02217	0.01237	0.01671	0.01762	0.02015	0.01137	0.01286	0.02503	0.02492	0.12866	0.06023	0.42918	0.06636	0.03163	0.01435	0.00457	0.00778	0.07091	0.01150	0.01163
40	0.01954	0.01173	0.01566	0.01645	0.01863	0.01075	0.01164	0.02260	0.02588	0.09726	0.15386	0.41149	0.07746	0.03100	0.01421	0.00436	0.00689	0.02784	0.01167	0.01109
41	0.01417	0.01012	0.01350	0.01619	0.01687	0.00945	0.01080	0.01619	0.02227	0.02969	0.06410	0.58367	0.07692	0.03644	0.01484	0.00472	0.00675	0.03306	0.01080	0.00945
42	0.01637	0.01105	0.01285	0.01338	0.01351	0.01091	0.00779	0.01677	0.01797	0.02396	0.04208	0.17663	0.04914	0.48138	0.05041	0.00998	0.01038	0.02011	0.00779	0.00752
43	0.01774	0.01359	0.01661	0.01736	0.01973	0.01381	0.01240	0.02691	0.12241	0.03757	0.16601	0.35601	0.07613	0.02922	0.01396	0.00431	0.00696	0.02615	0.01148	0.01165
44	0.01417	0.01012	0.01350	0.01619	0.01687	0.00945	0.01080	0.01619	0.02227	0.02969	0.06410	0.58367	0.07692	0.03644	0.01484	0.00472	0.00675	0.03306	0.01080	0.00945
45	0.02412	0.02067	0.02412	0.01723	0.02756	0.01550	0.01378	0.02929	0.02412	0.03790	0.02067	0.02412	0.01723	0.00861	0.00861	0.00172	0.00861	0.00689	0.00689	0.66236
46	0.01576	0.01138	0.01581	0.01795	0.01939	0.01143	0.01346	0.01902	0.02261	0.03036	0.05673	0.36523	0.06471	0.04584	0.12405	0.00774	0.01270	0.12602	0.00984	0.00994
47	0.01514	0.01097	0.01388	0.01488	0.01647	0.01016	0.01025	0.01814	0.02551	0.03448	0.20869	0.32437	0.12830	0.09051	0.01908	0.00500	0.00674	0.02667	0.01103	0.00971
48	0.03431	0.20723	0.03871	0.02420	0.03101	0.21992	0.02002	0.09356	0.03002	0.03361	0.02142	0.02625	0.01848	0.02708	0.11953	0.00613	0.01944	0.00851	0.00646	0.01409
49	0.02645	0.01953	0.02059	0.01890	0.02333	0.07040	0.01473	0.07405	0.03278	0.10486	0.21995	0.12766	0.10789	0.02310	0.01329	0.00389	0.00916	0.06492	0.01156	0.01296
50	0.16590	0.02797	0.03360	0.03192	0.10901	0.07154	0.07015	0.08724	0.07639	0.09655	0.02612	0.02826	0.01963	0.01166	0.01047	0.00334	0.01244	0.00963	0.00838	0.09980
51	0.11374	0.02275	0.03263	0.30022	0.10544	0.02578	0.02665	0.08283	0.02804	0.11572	0.02493	0.03023	0.01796	0.01207	0.01106	0.00371	0.01333	0.01004	0.00762	0.01525
52	0.01477	0.01110	0.01369	0.01457	0.01673	0.01002	0.01035	0.01811	0.02668	0.03541	0.21761	0.30711	0.20007	0.03069	0.01421	0.00419	0.00613	0.02712	0.01142	0.01002
53	0.02445	0.02321	0.03937	0.38407	0.23991	0.02649	0.03354	0.03189	0.02443	0.03273	0.02111	0.03020	0.01657	0.01117	0.01159	0.00372	0.01489	0.01035	0.00538	0.01492
54	0.03301	0.02331	0.03332	0.30003	0.05683	0.02691	0.02655	0.12758	0.03135	0.14066	0.02692	0.03170	0.01909	0.01336	0.01371	0.00383	0.05708	0.01063	0.00839	0.01573
55	0.03288	0.01881	0.02274	0.01950	0.02514	0.01883	0.01506	0.08788	0.12023	0.19761	0.12982	0.10709	0.05013	0.07923	0.01740	0.00459	0.00910	0.01627	0.01219	0.01553
56	0.03100	0.01465	0.01973	0.01781	0.02249	0.01305	0.01354	0.03481	0.02922	0.24708	0.14926	0.24656	0.06302	0.02433	0.01326	0.00402	0.00784	0.02138	0.01276	0.01422
57	0.15986	0.01985	0.02440	0.16140	0.03908	0.02185	0.01958	0.08832	0.02826	0.09202	0.04154	0.09712	0.07884	0.01831	0.01171	0.00398	0.01096	0.06028	0.00905	0.01358
58	0.03166	0.02181	0.03161	0.29891	0.05570	0.02474	0.02551	0.11599	0.03055	0.13942	0.02824	0.03371	0.02039	0.02034	0.06616	0.00526	0.01546	0.01086	0.00834	0.01532
59	0.02432	0.01408	0.01893	0.01802	0.02056	0.01446	0.01321	0.02689	0.02256	0.13562	0.04466	0.21900	0.04578	0.15464	0.12136	0.00840	0.05681	0.01955	0.00953	0.01162
60	0.08533	0.01306	0.01505	0.01640	0.01826	0.01339	0.01126	0.02275	0.06896	0.03303	0.05384	0.40470	0.06154	0.10320	0.01946	0.00537	0.00781	0.02617	0.01004	0.01037
61	0.11068	0.02244	0.02528	0.07478	0.03287	0.02158	0.01675	0.12122	0.02999	0.04550	0.03151	0.03391	0.06774	0.01243	0.00989	0.00278	0.00996	0.00971	0.00813	0.31286
62	0.02726	0.02184	0.03516	0.32619	0.06019	0.02448	0.07400	0.07962	0.02928	0.08807	0.08774	0.03880	0.02969	0.01353	0.01213	0.00378	0.01379	0.01223	0.00785	0.01439
63	0.10570	0.07676	0.02359	0.01740	0.02363	0.01937	0.01368	0.02977	0.07372	0.03854	0.08300	0.17640	0.04308	0.01852	0.01078	0.00325	0.00832	0.01561	0.00886	0.21001

[dist]
# distance from previous block
# <min> <max>
0	49

[block]
# block no. 3 follows, 10 sequences, length 14
# corresponding to MSA columns:
# 611-624
name=unknown_D
#
# <colnr> <probs for GDERKNQSTAVLIFYWHMCP>
#	G	D	E	R	K	N	Q	S	T	A	V	L	I	F	Y	W	H	M	C	P
0	0.30075	0.02520	0.08342	0.02430	0.07971	0.02210	0.01922	0.03637	0.02577	0.12991	0.11141	0.03640	0.03368	0.01373	0.01007	0.00360	0.01003	0.01058	0.00902	0.01473
1	0.18402	0.02379	0.02698	0.07466	0.03395	0.02540	0.01861	0.17875	0.03593	0.18415	0.07325	0.03467	0.02830	0.01402	0.01083	0.00360	0.01076	0.01080	0.01084	0.01668
2	0.16248	0.07476	0.02120	0.01520	0.02089	0.01865	0.01235	0.03033	0.02639	0.07941	0.16530	0.04572	0.04602	0.01505	0.00977	0.00311	0.00758	0.01195	0.15122	0.08263
3	0.03024	0.02732	0.04518	0.15145	0.05279	0.02872	0.18936	0.17044	0.03551	0.04771	0.07625	0.03613	0.02762	0.01297	0.01262	0.00375	0.01511	0.01275	0.00823	0.01584
4	0.11453	0.02412	0.03710	0.13545	0.04623	0.02457	0.11799	0.08944	0.03069	0.21775	0.03060	0.03240	0.02085	0.01238	0.01157	0.00371	0.01329	0.01108	0.00958	0.01668
5	0.21962	0.02471	0.03676	0.02860	0.03640	0.02611	0.16017	0.03562	0.07001	0.04118	0.02332	0.02878	0.01867	0.01838	0.06034	0.00500	0.06503	0.01027	0.00694	0.08408
6	0.09710	0.02221	0.03072	0.11970	0.04025	0.02182	0.07035	0.08082	0.02791	0.08959	0.02821	0.08418	0.02394	0.01349	0.01085	0.00324	0.01153	0.01173	0.00816	0.20422
7	0.02168	0.01084	0.01084	0.01084	0.01355	0.01084	0.00813	0.02710	0.02439	0.04336	0.03794	0.04336	0.02981	0.01355	0.00813	0.00271	0.00542	0.01084	0.65583	0.01084
8	0.22740	0.01852	0.01965	0.01620	0.02315	0.01762	0.01291	0.03139	0.02633	0.09443	0.16893	0.04282	0.04462	0.01441	0.01001	0.00308	0.00793	0.01142	0.00951	0.19967
9	0.02341	0.01986	0.07873	0.01839	0.02415	0.01498	0.01593	0.03062	0.07323	0.12201	0.07084	0.21731	0.19384	0.02519	0.01318	0.00407	0.00854	0.02164	0.01084	0.01324
10	0.02168	0.01084	0.01084	0.01084	0.01355	0.01084	0.00813	0.02710	0.02439	0.04336	0.03794	0.04336	0.02981	0.01355	0.00813	0.00271	0.00542	0.01084	0.65583	0.01084
11	0.53959	0.02690	0.02069	0.01805	0.02537	0.07866	0.01465	0.08594	0.02505	0.05222	0.01770	0.02012	0.01365	0.01127	0.00803	0.00353	0.01062	0.00689	0.00758	0.01350
12	0.11689	0.02184	0.02453	0.01992	0.02736	0.02246	0.01617	0.13994	0.08731	0.23191	0.03722	0.03571	0.02586	0.01388	0.01052	0.00346	0.00953	0.01080	0.12754	0.01717
13	0.03534	0.08592	0.09037	0.07019	0.03530	0.02296	0.02184	0.08495	0.03174	0.21746	0.09027	0.04886	0.03683	0.01621	0.01186	0.00370	0.01142	0.05782	0.01058	0.01637

[dist]
# distance from previous block
# <min> <max>
0	1

[block]
# block no. 4 follows, 10 sequences, length 25
# corresponding to MSA columns:
# 626-630,635-654
name=unknown_E
#
# <colnr> <probs for GDERKNQSTAVLIFYWHMCP>
#	G	D	E	R	K	N	Q	S	T	A	V	L	I	F	Y	W	H	M	C	P
0	0.02491	0.14440	0.31153	0.02652	0.04059	0.02726	0.03104	0.03444	0.02427	0.03545	0.01999	0.02340	0.01544	0.01020	0.00976	0.00294	0.01404	0.00772	0.00546	0.19063
1	0.02444	0.01631	0.01949	0.01603	0.02278	0.01325	0.01248	0.02861	0.02692	0.11913	0.09963	0.11159	0.16578	0.01929	0.01159	0.00310	0.00764	0.01630	0.01013	0.25554
2	0.12726	0.01392	0.01612	0.01676	0.01899	0.01480	0.01225	0.02088	0.02283	0.03507	0.09776	0.34669	0.10561	0.02881	0.01544	0.00439	0.05758	0.02454	0.00986	0.01045
3	0.03129	0.02171	0.02981	0.02496	0.03044	0.02376	0.05940	0.04385	0.16141	0.15958	0.08231	0.09564	0.03923	0.01853	0.01739	0.00412	0.11508	0.01497	0.01064	0.01588
4	0.02897	0.02051	0.02648	0.11057	0.03688	0.01755	0.01754	0.03445	0.02568	0.12744	0.02536	0.02816	0.01908	0.01020	0.00970	0.00244	0.01002	0.00837	0.00799	0.43260
5	0.02051	0.01265	0.01749	0.01669	0.01900	0.01312	0.01232	0.02334	0.02214	0.07903	0.12221	0.05752	0.04573	0.15862	0.25665	0.07114	0.01862	0.01460	0.00831	0.01032
6	0.03436	0.01702	0.02222	0.01934	0.02501	0.01586	0.01539	0.07745	0.03245	0.25440	0.13689	0.15773	0.05593	0.02198	0.01309	0.00398	0.00882	0.05996	0.01281	0.01531
7	0.05083	0.02196	0.02833	0.02172	0.03077	0.02031	0.01794	0.12853	0.03692	0.44979	0.04284	0.03761	0.02726	0.01432	0.01169	0.00358	0.01039	0.01149	0.01393	0.01979
8	0.01965	0.07186	0.07027	0.01860	0.02357	0.01822	0.01587	0.02916	0.10648	0.03792	0.17341	0.21168	0.11014	0.02411	0.01289	0.00393	0.00828	0.02093	0.01039	0.01265
9	0.02412	0.02067	0.02412	0.01723	0.02756	0.01550	0.01378	0.02929	0.02412	0.03790	0.02067	0.02412	0.01723	0.00861	0.00861	0.00172	0.00861	0.00689	0.00689	0.66236
10	0.02168	0.01084	0.01084	0.01084	0.01355	0.01084	0.00813	0.02710	0.02439	0.04336	0.03794	0.04336	0.02981	0.01355	0.00813	0.00271	0.00542	0.01084	0.65583	0.01084
11	0.48745	0.02197	0.02217	0.17173	0.03894	0.02602	0.01822	0.03291	0.02078	0.04577	0.01747	0.02235	0.01343	0.01103	0.00846	0.00368	0.01085	0.00745	0.00662	0.01269
12	0.02545	0.02545	0.03562	0.03053	0.03053	0.03562	0.02545	0.02799	0.01781	0.02799	0.01527	0.02545	0.01527	0.02036	0.03817	0.00509	0.56997	0.01018	0.00509	0.01272
13	0.03047	0.02003	0.02919	0.11217	0.03811	0.01919	0.05945	0.03881	0.07013	0.17008	0.12800	0.04426	0.04011	0.01442	0.01170	0.00336	0.01053	0.01274	0.01013	0.13711
14	0.01768	0.01302	0.01663	0.01612	0.01669	0.01460	0.01095	0.01908	0.01749	0.02432	0.03300	0.06267	0.03595	0.39533	0.19113	0.01270	0.07246	0.01501	0.00663	0.00853
15	0.02168	0.01084	0.01084	0.01084	0.01355	0.01084	0.00813	0.02710	0.02439	0.04336	0.03794	0.04336	0.02981	0.01355	0.00813	0.00271	0.00542	0.01084	0.65583	0.01084
16	0.01661	0.01246	0.01869	0.01869	0.02077	0.01454	0.01454	0.02077	0.01869	0.02700	0.03115	0.04569	0.02908	0.08723	0.54517	0.01869	0.03115	0.01246	0.00623	0.01038
17	0.01661	0.01246	0.01869	0.01869	0.02077	0.01454	0.01454	0.02077	0.01869	0.02700	0.03115	0.04569	0.02908	0.08723	0.54517	0.01869	0.03115	0.01246	0.00623	0.01038
18	0.02168	0.01084	0.01084	0.01084	0.01355	0.01084	0.00813	0.02710	0.02439	0.04336	0.03794	0.04336	0.02981	0.01355	0.00813	0.00271	0.00542	0.01084	0.65583	0.01084
19	0.02062	0.01176	0.01579	0.01696	0.01905	0.01074	0.01187	0.02307	0.02414	0.11407	0.06101	0.49131	0.06875	0.03270	0.01431	0.00453	0.00728	0.02944	0.01141	0.01120
20	0.02709	0.02052	0.03354	0.47120	0.07155	0.02436	0.02972	0.03429	0.02496	0.11409	0.02495	0.03246	0.01776	0.01210	0.01164	0.00383	0.01455	0.01057	0.00673	0.01409
21	0.10892	0.02676	0.03017	0.02335	0.03233	0.02793	0.01928	0.27645	0.04319	0.24241	0.03355	0.03144	0.02248	0.01381	0.01122	0.00354	0.01133	0.01052	0.01224	0.01908
22	0.02354	0.02283	0.03522	0.32209	0.05766	0.03027	0.02920	0.02893	0.02079	0.02893	0.01822	0.02849	0.01540	0.01558	0.02364	0.00443	0.26655	0.01026	0.00513	0.01283
23	0.02817	0.01754	0.01989	0.01834	0.02318	0.01843	0.01401	0.04311	0.20329	0.12484	0.04773	0.14423	0.04063	0.01883	0.01139	0.00370	0.00785	0.01603	0.18387	0.01494
24	0.13399	0.01911	0.02944	0.02805	0.07737	0.01876	0.10252	0.02971	0.02536	0.08614	0.08554	0.22662	0.04739	0.02106	0.01259	0.00404	0.01046	0.01934	0.00930	0.01322

[dist]
# distance from previous block
# <min> <max>
0	2

[block]
# block no. 5 follows, 10 sequences, length 24
# corresponding to MSA columns:
# 661-675,712-720
name=unknown_F
#
# <colnr> <probs for GDERKNQSTAVLIFYWHMCP>
#	G	D	E	R	K	N	Q	S	T	A	V	L	I	F	Y	W	H	M	C	P
0	0.12096	0.02290	0.03210	0.08589	0.03868	0.02263	0.06893	0.09546	0.03222	0.30852	0.03495	0.03390	0.02308	0.01309	0.01135	0.00365	0.01181	0.01097	0.01123	0.01768
1	0.02954	0.46918	0.05271	0.01930	0.02934	0.03920	0.01853	0.03359	0.02374	0.02972	0.01718	0.01988	0.01544	0.00965	0.00772	0.00232	0.01158	0.00637	0.00540	0.15961
2	0.02841	0.02048	0.02637	0.08624	0.03377	0.02006	0.01799	0.03657	0.07757	0.12122	0.08361	0.03701	0.03136	0.01370	0.01350	0.00312	0.06740	0.01077	0.00899	0.26188
3	0.10956	0.09051	0.03694	0.08747	0.03880	0.02912	0.08639	0.17478	0.03291	0.04663	0.02677	0.08396	0.02341	0.01657	0.01386	0.05441	0.01278	0.01222	0.00815	0.01477
4	0.01835	0.01158	0.01436	0.01436	0.01603	0.01237	0.01024	0.02169	0.02002	0.03101	0.03499	0.05392	0.03322	0.21210	0.22677	0.01130	0.01690	0.01325	0.21799	0.00955
5	0.03451	0.02780	0.08095	0.02835	0.08580	0.02457	0.02212	0.15163	0.09257	0.13999	0.08707	0.03807	0.03275	0.01408	0.01149	0.00340	0.01106	0.01163	0.01043	0.09173
6	0.02168	0.01084	0.01084	0.01084	0.01355	0.01084	0.00813	0.02710	0.02439	0.04336	0.03794	0.04336	0.02981	0.01355	0.00813	0.00271	0.00542	0.01084	0.65583	0.01084
7	0.08873	0.01889	0.02148	0.01645	0.02477	0.01557	0.01303	0.02815	0.02564	0.04131	0.13015	0.03761	0.03743	0.01222	0.00961	0.00235	0.00795	0.00999	0.00824	0.45042
8	0.02119	0.01905	0.03203	0.14064	0.14663	0.01947	0.07212	0.02741	0.02739	0.03782	0.18519	0.12947	0.05558	0.01867	0.01297	0.00384	0.01109	0.01747	0.00865	0.01332
9	0.02446	0.18433	0.02564	0.01352	0.01836	0.02123	0.01161	0.02938	0.02417	0.03864	0.03151	0.03606	0.02541	0.01249	0.00793	0.00264	0.00749	0.00948	0.46360	0.01205
10	0.36015	0.02502	0.02242	0.08513	0.03164	0.07835	0.01685	0.08328	0.02593	0.04611	0.02529	0.10441	0.02345	0.01514	0.00971	0.00372	0.01113	0.01132	0.00786	0.01309
11	0.02930	0.09317	0.09651	0.18238	0.09950	0.02751	0.02699	0.07290	0.07717	0.09278	0.06438	0.03486	0.02680	0.01308	0.01126	0.00358	0.01292	0.01093	0.00798	0.01599
12	0.09473	0.02076	0.02979	0.26060	0.10022	0.02218	0.02454	0.03008	0.02381	0.03557	0.02500	0.03931	0.02180	0.01305	0.01092	0.00346	0.01243	0.05846	0.00650	0.16678
13	0.01616	0.01188	0.01513	0.01432	0.01719	0.01085	0.01074	0.02137	0.03221	0.04496	0.46899	0.08964	0.15437	0.02440	0.01372	0.00369	0.00553	0.02142	0.01258	0.01085
14	0.03277	0.17400	0.04515	0.09260	0.04189	0.02973	0.11905	0.08607	0.02994	0.12828	0.03565	0.03748	0.07029	0.01341	0.01123	0.00343	0.01326	0.01173	0.00829	0.01576
15	0.18291	0.02580	0.08294	0.08875	0.09224	0.02241	0.02278	0.04395	0.02736	0.25337	0.03082	0.03106	0.02090	0.01244	0.01058	0.00362	0.01158	0.00983	0.00969	0.01694
16	0.01740	0.01269	0.01699	0.01893	0.02156	0.01227	0.01583	0.02214	0.02699	0.03523	0.12048	0.16997	0.12742	0.03128	0.01539	0.00492	0.00912	0.29991	0.01097	0.01050
17	0.02293	0.02161	0.03857	0.41330	0.06979	0.02496	0.11065	0.03082	0.02414	0.03248	0.02296	0.03234	0.01736	0.01149	0.01165	0.00377	0.01522	0.01100	0.07176	0.01321
18	0.02364	0.02393	0.04517	0.40653	0.07421	0.02693	0.16771	0.03201	0.02453	0.03201	0.02154	0.03112	0.01616	0.01107	0.01227	0.00389	0.01675	0.01137	0.00539	0.01376
19	0.01758	0.01250	0.01754	0.07856	0.02469	0.01224	0.01338	0.01969	0.02314	0.03170	0.13636	0.26015	0.05972	0.02975	0.02031	0.14460	0.00836	0.02111	0.00902	0.05959
20	0.19025	0.02278	0.02750	0.14732	0.03963	0.02635	0.02079	0.11908	0.02883	0.09768	0.02758	0.08483	0.02338	0.01574	0.01392	0.00393	0.07552	0.01184	0.00850	0.01453
21	0.02569	0.01914	0.02598	0.17865	0.04154	0.01915	0.01957	0.03423	0.07710	0.09607	0.07029	0.09910	0.03423	0.01536	0.01134	0.00332	0.01040	0.01328	0.00875	0.19680
22	0.16840	0.02516	0.08412	0.02038	0.02840	0.02195	0.01839	0.07426	0.07845	0.13774	0.03104	0.03289	0.02301	0.02122	0.07135	0.00515	0.01264	0.00990	0.07606	0.05948
23	0.10290	0.02030	0.02867	0.10515	0.09092	0.02106	0.06525	0.03320	0.07556	0.03966	0.03140	0.09314	0.02747	0.01439	0.01068	0.00344	0.01066	0.01271	0.12549	0.08796

[dist]
# distance from previous block
# <min> <max>
0	79

# created by:
# /st0/software/busco_prod/Augustus/scripts/msa2prfl.pl ./align_prep/9005.fa
