[name]
unknown

[dist]
# distance from previous block
# <min> <max>
0	73

[block]
# block no. 0 follows, 12 sequences, length 19
# corresponding to MSA columns:
# 101-107,114-125
name=unknown_A
#
# <colnr> <probs for GDERKNQSTAVLIFYWHMCP>
#	G	D	E	R	K	N	Q	S	T	A	V	L	I	F	Y	W	H	M	C	P
0	0.03087	0.02057	0.07040	0.02010	0.02598	0.01828	0.01737	0.07931	0.02691	0.21777	0.07527	0.04174	0.03158	0.07989	0.14519	0.00731	0.05610	0.01180	0.00940	0.01417
1	0.01422	0.01021	0.01349	0.01455	0.01602	0.00948	0.01019	0.01753	0.02522	0.03474	0.26992	0.38018	0.08548	0.02900	0.01346	0.00399	0.00581	0.02610	0.01094	0.00948
2	0.01435	0.01082	0.01327	0.01326	0.01578	0.00973	0.00972	0.01825	0.02741	0.03695	0.33753	0.18455	0.21672	0.02591	0.01306	0.00368	0.00546	0.02268	0.01115	0.00973
3	0.01387	0.01025	0.01296	0.01404	0.01577	0.00935	0.00986	0.01689	0.02457	0.03291	0.21445	0.36467	0.16142	0.02947	0.01342	0.00400	0.00583	0.02624	0.01069	0.00935
4	0.01328	0.00949	0.01265	0.01518	0.01581	0.00886	0.01012	0.01518	0.02088	0.02783	0.06010	0.60969	0.07212	0.03416	0.01392	0.00443	0.00633	0.03100	0.01012	0.00886
5	0.04073	0.05197	0.03090	0.02809	0.03371	0.57303	0.02107	0.04354	0.03090	0.02669	0.01685	0.01966	0.01404	0.01124	0.00983	0.00281	0.01966	0.00702	0.00562	0.01264
6	0.01668	0.01078	0.01541	0.01541	0.01637	0.01174	0.01098	0.01713	0.01617	0.02252	0.02699	0.04528	0.02704	0.17068	0.30852	0.22381	0.01947	0.01179	0.00564	0.00757
7	0.02582	0.13732	0.03210	0.02455	0.07202	0.02779	0.01852	0.07499	0.14595	0.03891	0.10622	0.03728	0.03408	0.01484	0.01434	0.00340	0.10613	0.01114	0.06038	0.01423
8	0.01352	0.00967	0.01286	0.01502	0.01587	0.00901	0.01014	0.01577	0.02196	0.02957	0.11272	0.55213	0.07547	0.03287	0.01380	0.00432	0.00620	0.02977	0.01033	0.00901
9	0.02261	0.01938	0.02261	0.01615	0.02584	0.01453	0.01292	0.02745	0.02261	0.03553	0.01938	0.02261	0.01615	0.00807	0.00807	0.00161	0.00807	0.00646	0.00646	0.68346
10	0.03688	0.02180	0.02671	0.02394	0.07121	0.02181	0.01765	0.14101	0.12284	0.23208	0.03530	0.03378	0.02477	0.01280	0.01042	0.00318	0.00955	0.01042	0.07034	0.07350
11	0.17687	0.02306	0.06397	0.01837	0.02324	0.07826	0.01538	0.02841	0.02292	0.07767	0.08189	0.11745	0.08403	0.07436	0.01685	0.00429	0.05931	0.01406	0.00806	0.01156
12	0.03222	0.01839	0.02216	0.01953	0.02529	0.01874	0.01516	0.04634	0.22402	0.23526	0.04746	0.16946	0.03978	0.01873	0.01169	0.00374	0.00835	0.01608	0.01178	0.01583
13	0.02649	0.01649	0.02153	0.07079	0.02826	0.01428	0.01457	0.03060	0.02422	0.16331	0.03635	0.18608	0.03389	0.01677	0.01065	0.00301	0.00851	0.01455	0.00907	0.27057
14	0.10051	0.02952	0.08215	0.14703	0.04091	0.08055	0.02473	0.11131	0.02575	0.03704	0.01823	0.02422	0.01472	0.01376	0.01820	0.00381	0.19908	0.00884	0.00610	0.01354
15	0.01378	0.00987	0.01309	0.01485	0.01592	0.00918	0.01016	0.01642	0.02316	0.03147	0.17055	0.48888	0.07915	0.03145	0.01368	0.00420	0.00606	0.02842	0.01055	0.00918
16	0.01839	0.00947	0.01405	0.01430	0.01436	0.00941	0.00953	0.01430	0.01485	0.01980	0.02293	0.08910	0.02410	0.03752	0.03983	0.61692	0.00916	0.01156	0.00526	0.00513
17	0.02630	0.02427	0.07434	0.02605	0.03304	0.02236	0.10162	0.07267	0.06122	0.08551	0.03125	0.08732	0.02797	0.01609	0.01518	0.00364	0.09902	0.06241	0.00796	0.12179
18	0.02304	0.02105	0.03473	0.30162	0.16252	0.02337	0.06568	0.06858	0.02511	0.03353	0.02647	0.11483	0.02419	0.01416	0.01149	0.00364	0.01307	0.01313	0.00631	0.01348

[dist]
# distance from previous block
# <min> <max>
0	7

[block]
# block no. 1 follows, 12 sequences, length 21
# corresponding to MSA columns:
# 134-154
name=unknown_B
#
# <colnr> <probs for GDERKNQSTAVLIFYWHMCP>
#	G	D	E	R	K	N	Q	S	T	A	V	L	I	F	Y	W	H	M	C	P
0	0.02915	0.62337	0.05714	0.01866	0.02799	0.04314	0.01866	0.03265	0.02215	0.02565	0.01516	0.01749	0.01399	0.00933	0.00700	0.00233	0.01166	0.00583	0.00466	0.01399
1	0.69383	0.02109	0.01603	0.01434	0.02109	0.02446	0.01181	0.03205	0.01856	0.04892	0.01518	0.01771	0.01181	0.01012	0.00675	0.00337	0.00843	0.00590	0.00675	0.01181
2	0.69383	0.02109	0.01603	0.01434	0.02109	0.02446	0.01181	0.03205	0.01856	0.04892	0.01518	0.01771	0.01181	0.01012	0.00675	0.00337	0.00843	0.00590	0.00675	0.01181
3	0.04249	0.01868	0.02369	0.01879	0.02623	0.01747	0.01531	0.08110	0.07765	0.40542	0.04098	0.03718	0.02713	0.01348	0.01052	0.00328	0.00883	0.01090	0.10359	0.01729
4	0.04073	0.05197	0.03090	0.02809	0.03371	0.57303	0.02107	0.04354	0.03090	0.02669	0.01685	0.01966	0.01404	0.01124	0.00983	0.00281	0.01966	0.00702	0.00562	0.01264
5	0.02059	0.01938	0.03270	0.59060	0.07510	0.02422	0.03028	0.02786	0.02180	0.02786	0.01938	0.02907	0.01453	0.01090	0.01090	0.00363	0.01453	0.00969	0.00484	0.01211
6	0.01382	0.00990	0.01313	0.01482	0.01593	0.00921	0.01016	0.01653	0.02337	0.03180	0.18062	0.47786	0.07979	0.03120	0.01365	0.00418	0.00603	0.02818	0.01059	0.00921
7	0.01927	0.01710	0.02701	0.09826	0.03135	0.02015	0.07390	0.02295	0.01846	0.02595	0.02514	0.04236	0.02458	0.18147	0.19132	0.00963	0.14304	0.01212	0.00563	0.01033
8	0.02836	0.56771	0.05488	0.07137	0.03233	0.04140	0.01973	0.03221	0.02212	0.02586	0.01555	0.01856	0.01404	0.00947	0.00736	0.00245	0.01193	0.00619	0.00468	0.01382
9	0.02291	0.09332	0.32771	0.02488	0.03580	0.02199	0.02852	0.03126	0.02317	0.08047	0.03145	0.17023	0.02960	0.01650	0.01099	0.00359	0.01263	0.01385	0.00681	0.01433
10	0.01639	0.01380	0.02213	0.08596	0.02837	0.01366	0.07925	0.02007	0.02187	0.02873	0.05163	0.33114	0.09096	0.08094	0.01728	0.00480	0.00956	0.06495	0.00856	0.00994
11	0.02654	0.09984	0.02753	0.01686	0.02636	0.01852	0.01405	0.03113	0.02355	0.09472	0.02156	0.02361	0.01712	0.00887	0.00827	0.00191	0.00869	0.00690	0.00704	0.51692
12	0.18528	0.02644	0.09626	0.07342	0.03415	0.02353	0.02041	0.11050	0.07551	0.20554	0.02912	0.02886	0.02002	0.01214	0.00993	0.00342	0.01082	0.00928	0.00939	0.01599
13	0.01566	0.01133	0.01594	0.01783	0.01958	0.01160	0.01414	0.01938	0.02182	0.02923	0.05139	0.26305	0.05697	0.04434	0.15407	0.00795	0.01360	0.21352	0.00902	0.00957
14	0.02301	0.08991	0.09466	0.01901	0.02419	0.01835	0.01712	0.02746	0.02397	0.10715	0.11947	0.17257	0.04854	0.07549	0.01740	0.00437	0.04858	0.04774	0.00886	0.01214
15	0.15160	0.01954	0.02326	0.09306	0.03192	0.01795	0.01563	0.03334	0.02342	0.13807	0.02319	0.02538	0.01724	0.00988	0.00877	0.00255	0.00924	0.00766	0.00766	0.34063
16	0.11725	0.11436	0.02733	0.01721	0.02539	0.02044	0.01457	0.03853	0.02585	0.25361	0.03656	0.03491	0.06884	0.01262	0.00940	0.00288	0.00896	0.00972	0.00950	0.15206
17	0.03128	0.02809	0.09729	0.02474	0.03320	0.02540	0.05226	0.12979	0.15527	0.11923	0.03006	0.03050	0.02201	0.01284	0.01292	0.00335	0.06494	0.01010	0.00902	0.10770
18	0.20380	0.06472	0.02820	0.02507	0.08686	0.07510	0.01807	0.03451	0.05274	0.07042	0.02024	0.02340	0.01628	0.01140	0.01219	0.00308	0.08868	0.00775	0.00672	0.15076
19	0.02943	0.03012	0.17230	0.02204	0.03223	0.02046	0.02196	0.07199	0.09436	0.15468	0.03561	0.03503	0.06153	0.01268	0.01033	0.00307	0.01072	0.01021	0.00873	0.16252
20	0.02356	0.15958	0.11686	0.02316	0.03036	0.07497	0.05830	0.02902	0.02424	0.03170	0.09524	0.10465	0.03620	0.01625	0.01244	0.00335	0.05244	0.04328	0.00691	0.05750

[dist]
# distance from previous block
# <min> <max>
0	118

[block]
# block no. 2 follows, 12 sequences, length 29
# corresponding to MSA columns:
# 278-296,306-314,318
name=unknown_C
#
# <colnr> <probs for GDERKNQSTAVLIFYWHMCP>
#	G	D	E	R	K	N	Q	S	T	A	V	L	I	F	Y	W	H	M	C	P
0	0.18820	0.02020	0.05875	0.01753	0.02482	0.01714	0.01515	0.03643	0.02596	0.22751	0.11100	0.07523	0.03610	0.01464	0.01011	0.00327	0.00860	0.01178	0.01004	0.08756
1	0.02188	0.15726	0.02752	0.07918	0.02708	0.02101	0.01525	0.02818	0.06835	0.06834	0.15418	0.16462	0.08655	0.01958	0.01121	0.00344	0.00855	0.01668	0.00899	0.01215
2	0.02712	0.09291	0.03482	0.39436	0.05952	0.02670	0.02623	0.08714	0.02627	0.09009	0.02224	0.02823	0.01629	0.01125	0.01044	0.00341	0.01332	0.00938	0.00647	0.01378
3	0.02723	0.02348	0.06857	0.02257	0.02876	0.05809	0.07043	0.10764	0.03097	0.11168	0.15539	0.16046	0.04965	0.01887	0.01209	0.00359	0.01042	0.01666	0.00989	0.01357
4	0.03715	0.01756	0.02567	0.06504	0.03003	0.01626	0.05200	0.04099	0.02644	0.34927	0.03753	0.04395	0.02819	0.15487	0.02158	0.00511	0.01068	0.01216	0.01059	0.01494
5	0.02133	0.01865	0.02754	0.03134	0.14533	0.02215	0.02013	0.02491	0.01917	0.02868	0.02360	0.03676	0.02251	0.11245	0.15324	0.00794	0.20259	0.01098	0.05888	0.01182
6	0.01615	0.01316	0.01787	0.01808	0.01891	0.01488	0.01338	0.01875	0.02167	0.03029	0.13546	0.37769	0.06401	0.02850	0.01887	0.00433	0.14501	0.02394	0.00920	0.00983
7	0.02261	0.01938	0.02261	0.01615	0.02584	0.01453	0.01292	0.02745	0.02261	0.03553	0.01938	0.02261	0.01615	0.00807	0.00807	0.00161	0.00807	0.00646	0.00646	0.68346
8	0.03062	0.39337	0.04685	0.02170	0.02919	0.10118	0.01960	0.07120	0.06500	0.03066	0.01840	0.02100	0.01591	0.01143	0.01139	0.00286	0.08245	0.00723	0.00577	0.01419
9	0.02479	0.01467	0.02094	0.15100	0.03293	0.01467	0.01630	0.02928	0.02612	0.17059	0.14470	0.17523	0.09342	0.02035	0.01213	0.00370	0.00874	0.01781	0.01014	0.01249
10	0.01363	0.01107	0.01208	0.01183	0.01518	0.00952	0.00887	0.01709	0.02661	0.03362	0.23686	0.09807	0.41536	0.02606	0.01288	0.00361	0.00541	0.02205	0.01067	0.00952
11	0.01588	0.01303	0.01909	0.01964	0.05499	0.01202	0.04890	0.02002	0.02604	0.03519	0.24603	0.22921	0.16818	0.02488	0.01303	0.00377	0.00708	0.02239	0.01016	0.01047
12	0.69383	0.02109	0.01603	0.01434	0.02109	0.02446	0.01181	0.03205	0.01856	0.04892	0.01518	0.01771	0.01181	0.01012	0.00675	0.00337	0.00843	0.00590	0.00675	0.01181
13	0.02915	0.62337	0.05714	0.01866	0.02799	0.04314	0.01866	0.03265	0.02215	0.02565	0.01516	0.01749	0.01399	0.00933	0.00700	0.00233	0.01166	0.00583	0.00466	0.01399
14	0.01476	0.01054	0.01435	0.01687	0.01815	0.01013	0.01269	0.01773	0.02233	0.02949	0.05928	0.44200	0.06889	0.03277	0.01431	0.00463	0.00761	0.18411	0.01009	0.00926
15	0.02915	0.62337	0.05714	0.01866	0.02799	0.04314	0.01866	0.03265	0.02215	0.02565	0.01516	0.01749	0.01399	0.00933	0.00700	0.00233	0.01166	0.00583	0.00466	0.01399
16	0.04145	0.03054	0.03272	0.02509	0.03381	0.03381	0.02072	0.51243	0.05127	0.06872	0.02618	0.02618	0.01854	0.01309	0.01091	0.00327	0.01200	0.00982	0.01091	0.01854
17	0.01440	0.01078	0.01336	0.01340	0.01583	0.00974	0.00979	0.01832	0.02741	0.03712	0.34268	0.19570	0.19953	0.02598	0.01308	0.00369	0.00548	0.02281	0.01118	0.00974
18	0.02374	0.08552	0.03316	0.39375	0.05789	0.02563	0.02541	0.08269	0.02433	0.03127	0.01965	0.02796	0.01547	0.01421	0.01427	0.08478	0.01332	0.00926	0.00551	0.01218
19	0.10870	0.06674	0.07356	0.02355	0.08481	0.02023	0.01838	0.03435	0.02394	0.13176	0.02304	0.02483	0.01738	0.00978	0.00886	0.00254	0.00982	0.00767	0.00738	0.30268
20	0.03017	0.33774	0.18113	0.02337	0.03431	0.03635	0.02472	0.14598	0.02923	0.03807	0.01889	0.02096	0.01502	0.01048	0.00878	0.00284	0.01289	0.00734	0.00612	0.01561
21	0.01636	0.01212	0.01538	0.01439	0.01725	0.01163	0.01084	0.02355	0.07051	0.04387	0.50336	0.07820	0.09734	0.02169	0.01272	0.00345	0.00542	0.01913	0.01193	0.01084
22	0.02120	0.01520	0.02339	0.26473	0.04364	0.01678	0.02039	0.02606	0.02300	0.09169	0.04020	0.23421	0.04077	0.02118	0.01239	0.00403	0.01065	0.07070	0.00824	0.01156
23	0.03810	0.02893	0.13213	0.02588	0.03593	0.02233	0.08359	0.10274	0.07434	0.28942	0.03404	0.03248	0.02271	0.01242	0.01110	0.00344	0.01199	0.01064	0.01029	0.01749
24	0.01541	0.01078	0.01387	0.01474	0.01557	0.01103	0.01011	0.01722	0.01841	0.02485	0.04190	0.19483	0.04722	0.30654	0.14690	0.00994	0.01334	0.07153	0.00765	0.00816
25	0.01558	0.01168	0.01752	0.01752	0.01947	0.01363	0.01363	0.01947	0.01752	0.02531	0.02921	0.04283	0.02726	0.08178	0.57360	0.01752	0.02921	0.01168	0.00584	0.00974
26	0.02399	0.02193	0.03450	0.24138	0.05029	0.02435	0.11442	0.07621	0.13116	0.03859	0.09838	0.03856	0.03141	0.01315	0.01159	0.00360	0.01252	0.01224	0.00778	0.01397
27	0.10301	0.25131	0.04709	0.07112	0.03865	0.03415	0.12802	0.13507	0.02874	0.03962	0.01938	0.02293	0.01533	0.01031	0.00942	0.00305	0.01310	0.00856	0.00643	0.01473
28	0.07262	0.09566	0.03661	0.15705	0.14058	0.09506	0.02538	0.03122	0.02187	0.02998	0.01710	0.02395	0.01470	0.01277	0.01701	0.00361	0.17774	0.00863	0.00514	0.01333

[dist]
# distance from previous block
# <min> <max>
0	3

[block]
# block no. 3 follows, 12 sequences, length 26
# corresponding to MSA columns:
# 322-347
name=unknown_D
#
# <colnr> <probs for GDERKNQSTAVLIFYWHMCP>
#	G	D	E	R	K	N	Q	S	T	A	V	L	I	F	Y	W	H	M	C	P
0	0.58767	0.07651	0.02074	0.01572	0.02261	0.06598	0.01309	0.03294	0.01977	0.04525	0.01530	0.01783	0.01216	0.01013	0.00699	0.00324	0.00954	0.00598	0.00648	0.01206
1	0.02218	0.01334	0.01604	0.01433	0.01799	0.01294	0.01105	0.07005	0.03063	0.09174	0.31415	0.06141	0.06816	0.01808	0.01110	0.00317	0.00613	0.01545	0.19031	0.01176
2	0.02574	0.01781	0.02197	0.06865	0.02861	0.01584	0.01458	0.03285	0.07027	0.11411	0.03055	0.08182	0.02545	0.01259	0.00953	0.00260	0.00843	0.01056	0.07577	0.33228
3	0.01565	0.01078	0.01234	0.01260	0.01469	0.01009	0.00899	0.01867	0.02316	0.03201	0.14780	0.12917	0.18599	0.16059	0.02206	0.00520	0.00695	0.05276	0.12154	0.00899
4	0.01847	0.12916	0.02620	0.01800	0.02200	0.01769	0.04968	0.02277	0.02578	0.03460	0.23774	0.20268	0.06809	0.02254	0.01220	0.00363	0.00811	0.06024	0.00947	0.01094
5	0.02915	0.62337	0.05714	0.01866	0.02799	0.04314	0.01866	0.03265	0.02215	0.02565	0.01516	0.01749	0.01399	0.00933	0.00700	0.00233	0.01166	0.00583	0.00466	0.01399
6	0.01605	0.01357	0.02297	0.02150	0.02429	0.01276	0.10612	0.01962	0.02218	0.02962	0.05262	0.45524	0.06066	0.02903	0.01382	0.00434	0.00896	0.06735	0.00923	0.01008
7	0.03935	0.02942	0.03272	0.08210	0.03798	0.03285	0.02169	0.46358	0.04829	0.06460	0.02549	0.02647	0.01814	0.01287	0.01091	0.00331	0.01225	0.00980	0.01030	0.01789
8	0.03319	0.07711	0.08281	0.02241	0.02867	0.02316	0.02019	0.03771	0.02396	0.24610	0.02914	0.03167	0.02152	0.02489	0.10507	0.00585	0.15311	0.00998	0.00852	0.01493
9	0.02915	0.62337	0.05714	0.01866	0.02799	0.04314	0.01866	0.03265	0.02215	0.02565	0.01516	0.01749	0.01399	0.00933	0.00700	0.00233	0.01166	0.00583	0.00466	0.01399
10	0.02574	0.02941	0.06434	0.04596	0.05699	0.02757	0.50919	0.03493	0.02574	0.03493	0.02206	0.02941	0.01654	0.00919	0.01287	0.00368	0.01838	0.01287	0.00551	0.01471
11	0.02915	0.62337	0.05714	0.01866	0.02799	0.04314	0.01866	0.03265	0.02215	0.02565	0.01516	0.01749	0.01399	0.00933	0.00700	0.00233	0.01166	0.00583	0.00466	0.01399
12	0.03569	0.02768	0.02948	0.02392	0.03162	0.03112	0.01933	0.32968	0.24340	0.05943	0.03350	0.03201	0.02447	0.01377	0.01098	0.00344	0.01064	0.01083	0.01098	0.01803
13	0.02848	0.02702	0.02505	0.02294	0.02872	0.11191	0.01788	0.05276	0.40907	0.04156	0.04114	0.04416	0.03268	0.01550	0.01122	0.00367	0.01048	0.04967	0.01015	0.01594
14	0.02915	0.62337	0.05714	0.01866	0.02799	0.04314	0.01866	0.03265	0.02215	0.02565	0.01516	0.01749	0.01399	0.00933	0.00700	0.00233	0.01166	0.00583	0.00466	0.01399
15	0.01417	0.00998	0.01296	0.01500	0.01569	0.00952	0.01013	0.01599	0.02031	0.02700	0.05496	0.46211	0.06505	0.14509	0.02196	0.00566	0.00748	0.06896	0.00944	0.00854
16	0.08513	0.07661	0.03271	0.02411	0.02987	0.02527	0.09379	0.03683	0.13267	0.08454	0.12570	0.03940	0.03654	0.01503	0.01508	0.00364	0.10847	0.01207	0.00857	0.01397
17	0.02699	0.02591	0.04426	0.06693	0.54879	0.02591	0.03346	0.03346	0.02483	0.03562	0.02051	0.02699	0.01727	0.00972	0.01079	0.00324	0.01295	0.00972	0.00540	0.01727
18	0.03345	0.01518	0.01805	0.01507	0.02046	0.01445	0.01205	0.07659	0.02853	0.24817	0.03776	0.03805	0.02679	0.01305	0.00922	0.00293	0.00732	0.01045	0.35824	0.01419
19	0.01381	0.01065	0.01270	0.01370	0.01604	0.00954	0.01006	0.01681	0.02432	0.03118	0.14871	0.28153	0.27179	0.02940	0.01344	0.00403	0.00616	0.06644	0.01038	0.00931
20	0.03266	0.02224	0.03579	0.13556	0.04381	0.02259	0.13501	0.08293	0.07459	0.19688	0.03350	0.04070	0.02513	0.01354	0.01177	0.00366	0.01267	0.05219	0.00922	0.01555
21	0.02549	0.01512	0.02091	0.01906	0.02194	0.01648	0.01477	0.02845	0.02169	0.16804	0.03773	0.17052	0.03612	0.08117	0.15907	0.00792	0.11886	0.01586	0.00874	0.01206
22	0.01760	0.01190	0.01438	0.01425	0.01769	0.01062	0.01115	0.02136	0.02657	0.08159	0.19104	0.13361	0.27976	0.02600	0.01314	0.00388	0.00660	0.09761	0.01085	0.01043
23	0.02090	0.12314	0.15090	0.11520	0.03602	0.02269	0.02242	0.02983	0.06447	0.03618	0.21141	0.04577	0.04790	0.01497	0.01087	0.00331	0.01056	0.01254	0.00785	0.01307
24	0.02831	0.12868	0.17961	0.07758	0.09119	0.02866	0.14805	0.07745	0.02679	0.07884	0.02207	0.02599	0.01639	0.01039	0.01063	0.00330	0.01464	0.00957	0.00622	0.01564
25	0.02313	0.02414	0.07280	0.15687	0.04129	0.02639	0.06027	0.07064	0.02359	0.03319	0.06063	0.08159	0.02652	0.01682	0.02051	0.00406	0.22608	0.01238	0.00639	0.01271

[dist]
# distance from previous block
# <min> <max>
3	65

[block]
# block no. 4 follows, 12 sequences, length 29
# corresponding to MSA columns:
# 413-441
name=unknown_E
#
# <colnr> <probs for GDERKNQSTAVLIFYWHMCP>
#	G	D	E	R	K	N	Q	S	T	A	V	L	I	F	Y	W	H	M	C	P
0	0.08626	0.08207	0.14190	0.13899	0.03958	0.07777	0.02436	0.02974	0.02299	0.03223	0.07047	0.03483	0.06503	0.01409	0.01372	0.00352	0.09331	0.01033	0.00607	0.01273
1	0.02425	0.02231	0.03204	0.08665	0.11924	0.02762	0.02369	0.07205	0.02318	0.03338	0.05934	0.07667	0.02638	0.01761	0.02340	0.00414	0.29644	0.01209	0.00642	0.01310
2	0.02581	0.02308	0.03883	0.25578	0.05487	0.02523	0.15760	0.03922	0.14945	0.07501	0.02814	0.03266	0.02070	0.01160	0.01149	0.00364	0.01372	0.01132	0.00725	0.01460
3	0.01359	0.01095	0.01210	0.01208	0.01523	0.00946	0.00896	0.01690	0.02611	0.03307	0.21993	0.13957	0.39032	0.02675	0.01296	0.00368	0.00549	0.02279	0.01062	0.00946
4	0.01510	0.01069	0.01294	0.01295	0.01433	0.01012	0.00862	0.01755	0.02303	0.03137	0.23883	0.14874	0.11179	0.26202	0.03005	0.00644	0.00750	0.01994	0.00944	0.00853
5	0.03031	0.01607	0.02041	0.01733	0.02277	0.01533	0.01367	0.03942	0.11489	0.24162	0.26635	0.05749	0.06191	0.01764	0.01183	0.00345	0.00732	0.01510	0.01243	0.01465
6	0.01744	0.01096	0.01456	0.01503	0.01712	0.01007	0.01074	0.02078	0.02559	0.08352	0.23966	0.35765	0.07941	0.02776	0.01324	0.00395	0.00616	0.02488	0.01114	0.01031
7	0.69383	0.02109	0.01603	0.01434	0.02109	0.02446	0.01181	0.03205	0.01856	0.04892	0.01518	0.01771	0.01181	0.01012	0.00675	0.00337	0.00843	0.00590	0.00675	0.01181
8	0.04892	0.01856	0.02530	0.01940	0.02783	0.01603	0.01603	0.05314	0.03121	0.55634	0.04302	0.03711	0.02699	0.01350	0.01096	0.00337	0.00928	0.01096	0.01350	0.01856
9	0.01465	0.01111	0.01503	0.01687	0.01761	0.01149	0.01206	0.01686	0.02085	0.02810	0.05558	0.51242	0.06587	0.03239	0.01607	0.00451	0.06221	0.06747	0.00961	0.00925
10	0.69383	0.02109	0.01603	0.01434	0.02109	0.02446	0.01181	0.03205	0.01856	0.04892	0.01518	0.01771	0.01181	0.01012	0.00675	0.00337	0.00843	0.00590	0.00675	0.01181
11	0.69383	0.02109	0.01603	0.01434	0.02109	0.02446	0.01181	0.03205	0.01856	0.04892	0.01518	0.01771	0.01181	0.01012	0.00675	0.00337	0.00843	0.00590	0.00675	0.01181
12	0.02059	0.01938	0.03270	0.59060	0.07510	0.02422	0.03028	0.02786	0.02180	0.02786	0.01938	0.02907	0.01453	0.01090	0.01090	0.00363	0.01453	0.00969	0.00484	0.01211
13	0.01363	0.00964	0.01255	0.01474	0.01528	0.00909	0.00965	0.01527	0.02020	0.02693	0.05662	0.53691	0.06772	0.11293	0.01954	0.00526	0.00690	0.02895	0.00965	0.00855
14	0.02915	0.62337	0.05714	0.01866	0.02799	0.04314	0.01866	0.03265	0.02215	0.02565	0.01516	0.01749	0.01399	0.00933	0.00700	0.00233	0.01166	0.00583	0.00466	0.01399
15	0.02411	0.02461	0.03758	0.03097	0.03246	0.03261	0.08947	0.02741	0.01792	0.02741	0.01536	0.02461	0.01461	0.01775	0.03268	0.00462	0.51864	0.00999	0.00487	0.01230
16	0.02461	0.02374	0.07341	0.02008	0.02673	0.02226	0.01727	0.12156	0.22982	0.04445	0.09817	0.05576	0.16043	0.01787	0.01158	0.00357	0.00887	0.01474	0.01028	0.01479
17	0.01386	0.00990	0.01332	0.01584	0.01673	0.00936	0.01113	0.01618	0.02145	0.02848	0.05978	0.54389	0.07085	0.03361	0.01407	0.00451	0.00683	0.09108	0.01011	0.00902
18	0.14320	0.02205	0.02465	0.02011	0.02686	0.02367	0.01639	0.22484	0.03481	0.15205	0.06601	0.03379	0.02674	0.02492	0.10513	0.00572	0.01328	0.01044	0.00996	0.01536
19	0.03801	0.04089	0.03186	0.02731	0.03286	0.32350	0.02145	0.17613	0.03433	0.03876	0.01911	0.02227	0.01539	0.01313	0.01464	0.00328	0.11756	0.00827	0.00700	0.01422
20	0.01471	0.01052	0.01421	0.01628	0.01767	0.01003	0.01212	0.01787	0.02334	0.03125	0.12476	0.40948	0.07380	0.03149	0.01408	0.00445	0.00715	0.14708	0.01035	0.00936
21	0.03876	0.03730	0.03402	0.03319	0.12049	0.22234	0.02299	0.26668	0.03964	0.04834	0.02194	0.02402	0.01674	0.01187	0.01051	0.00310	0.01486	0.00882	0.00812	0.01625
22	0.03540	0.02157	0.02490	0.02113	0.02816	0.02290	0.01679	0.05611	0.33989	0.23969	0.04386	0.03932	0.03089	0.01430	0.01105	0.00357	0.00888	0.01181	0.01201	0.01775
23	0.01825	0.01083	0.01450	0.01565	0.01747	0.00992	0.01093	0.02069	0.02296	0.10039	0.09122	0.49571	0.06814	0.03054	0.01344	0.00422	0.00664	0.02751	0.01071	0.01027
24	0.02084	0.01919	0.02711	0.07808	0.02878	0.02543	0.01989	0.02354	0.01718	0.02539	0.02062	0.03546	0.02072	0.12922	0.12481	0.00773	0.34909	0.01097	0.00526	0.01069
25	0.02899	0.13105	0.15732	0.02527	0.03472	0.02652	0.06557	0.07606	0.11133	0.10928	0.03194	0.04090	0.02594	0.01406	0.01088	0.00351	0.01225	0.07066	0.00820	0.01555
26	0.01784	0.01387	0.01723	0.01604	0.01604	0.01623	0.01089	0.01843	0.01607	0.02241	0.02938	0.05957	0.03336	0.46853	0.05061	0.00913	0.15601	0.01429	0.00615	0.00793
27	0.11628	0.07940	0.02905	0.15998	0.03881	0.02390	0.01879	0.10073	0.02607	0.03942	0.01942	0.02359	0.01531	0.00992	0.00891	0.00267	0.01065	0.00762	0.00659	0.26290
28	0.02649	0.25620	0.08859	0.02463	0.03141	0.03379	0.05919	0.06936	0.02423	0.03256	0.06755	0.02751	0.02319	0.01364	0.01654	0.00339	0.17283	0.00925	0.00597	0.01368

[dist]
# distance from previous block
# <min> <max>
0	4

[block]
# block no. 5 follows, 12 sequences, length 15
# corresponding to MSA columns:
# 450-461,468-470
name=unknown_F
#
# <colnr> <probs for GDERKNQSTAVLIFYWHMCP>
#	G	D	E	R	K	N	Q	S	T	A	V	L	I	F	Y	W	H	M	C	P
0	0.02036	0.01288	0.01625	0.01684	0.01940	0.01264	0.01203	0.02699	0.09982	0.10421	0.05532	0.44311	0.05990	0.02833	0.01308	0.00417	0.00709	0.02536	0.01074	0.01149
1	0.02990	0.12437	0.12568	0.11520	0.07931	0.12563	0.02634	0.07025	0.02596	0.06471	0.01968	0.02404	0.01549	0.01201	0.01350	0.00335	0.09580	0.00843	0.00593	0.01441
2	0.01372	0.01073	0.01243	0.01275	0.01543	0.00944	0.00928	0.01698	0.02572	0.03326	0.22549	0.21055	0.31028	0.02752	0.01311	0.00377	0.00559	0.02383	0.01067	0.00944
3	0.01909	0.01441	0.01659	0.01545	0.01908	0.01485	0.01176	0.03117	0.16726	0.04292	0.31454	0.06678	0.10402	0.01941	0.01174	0.00341	0.00613	0.01673	0.09253	0.01213
4	0.01328	0.00949	0.01265	0.01518	0.01581	0.00886	0.01012	0.01518	0.02088	0.02783	0.06010	0.60969	0.07212	0.03416	0.01392	0.00443	0.00633	0.03100	0.01012	0.00886
5	0.01502	0.01011	0.01226	0.01304	0.01479	0.00923	0.00910	0.01582	0.02086	0.02713	0.06711	0.23846	0.23304	0.03114	0.02019	0.17177	0.00672	0.02124	0.05492	0.00806
6	0.69383	0.02109	0.01603	0.01434	0.02109	0.02446	0.01181	0.03205	0.01856	0.04892	0.01518	0.01771	0.01181	0.01012	0.00675	0.00337	0.00843	0.00590	0.00675	0.01181
7	0.03005	0.40409	0.08702	0.10692	0.03660	0.03513	0.02170	0.03492	0.02343	0.10063	0.02002	0.02241	0.01587	0.01023	0.00840	0.00276	0.01210	0.00730	0.00592	0.01450
8	0.38782	0.02338	0.02393	0.02038	0.02535	0.02864	0.01688	0.10352	0.02297	0.04495	0.01659	0.02090	0.01361	0.01334	0.01633	0.00379	0.19036	0.00762	0.00677	0.01287
9	0.04106	0.04209	0.03174	0.02671	0.03376	0.32459	0.02091	0.25958	0.04028	0.04605	0.02115	0.02266	0.01612	0.01209	0.01033	0.00302	0.01613	0.00831	0.00806	0.01536
10	0.01618	0.01194	0.01560	0.01764	0.01949	0.01196	0.01352	0.02199	0.07129	0.03129	0.05772	0.37753	0.06497	0.03082	0.01406	0.00457	0.00790	0.19122	0.01019	0.01010
11	0.03822	0.01698	0.02239	0.01811	0.02480	0.01540	0.01460	0.04486	0.07179	0.37809	0.17630	0.04921	0.04772	0.01594	0.01148	0.00342	0.00812	0.01341	0.01290	0.01625
12	0.02047	0.01792	0.02657	0.36761	0.05308	0.02145	0.02272	0.02962	0.09776	0.02898	0.02672	0.04080	0.02331	0.15421	0.02143	0.00528	0.01270	0.01154	0.00621	0.01160
13	0.01960	0.01125	0.01506	0.01569	0.01791	0.01027	0.01114	0.02234	0.02401	0.11930	0.12452	0.43937	0.06878	0.02902	0.01327	0.00411	0.00666	0.02604	0.01095	0.01069
14	0.01689	0.01133	0.01415	0.01381	0.01668	0.01017	0.01021	0.02074	0.02744	0.07523	0.30598	0.19150	0.19435	0.02531	0.01294	0.00369	0.00578	0.02214	0.01129	0.01036

[dist]
# distance from previous block
# <min> <max>
0	1

[block]
# block no. 6 follows, 12 sequences, length 28
# corresponding to MSA columns:
# 472-499
name=unknown_G
#
# <colnr> <probs for GDERKNQSTAVLIFYWHMCP>
#	G	D	E	R	K	N	Q	S	T	A	V	L	I	F	Y	W	H	M	C	P
0	0.08196	0.01866	0.02363	0.14600	0.03574	0.01739	0.01669	0.03089	0.02315	0.09872	0.02325	0.02692	0.01772	0.00993	0.00892	0.00251	0.00947	0.00800	0.06282	0.33763
1	0.03550	0.07175	0.03040	0.09212	0.07164	0.02147	0.01902	0.08678	0.02888	0.24278	0.02912	0.02936	0.02037	0.01128	0.00995	0.00290	0.01038	0.00915	0.00926	0.16788
2	0.61271	0.02137	0.01708	0.01529	0.02197	0.02478	0.01247	0.03520	0.08067	0.04852	0.01873	0.02051	0.01442	0.01069	0.00728	0.00341	0.00846	0.00669	0.00728	0.01247
3	0.02353	0.02811	0.13319	0.35911	0.09750	0.02557	0.03071	0.07300	0.05945	0.03439	0.02179	0.02832	0.01622	0.01117	0.01080	0.00354	0.01410	0.00957	0.00578	0.01415
4	0.03353	0.01960	0.02277	0.01905	0.02534	0.02024	0.01519	0.11118	0.17761	0.20613	0.10086	0.04250	0.03700	0.01478	0.01077	0.00335	0.00839	0.01215	0.10357	0.01602
5	0.01918	0.01402	0.01800	0.10369	0.02723	0.01426	0.01412	0.02610	0.08558	0.07643	0.10267	0.22731	0.18144	0.02380	0.01250	0.00385	0.00781	0.02074	0.00987	0.01141
6	0.01375	0.01119	0.01224	0.01230	0.01568	0.00969	0.00944	0.01713	0.02596	0.03230	0.18388	0.10225	0.42368	0.02687	0.01307	0.00375	0.00584	0.06107	0.01046	0.00947
7	0.02488	0.02316	0.06724	0.19746	0.14911	0.02349	0.02560	0.03486	0.09771	0.07691	0.08844	0.03649	0.02951	0.01348	0.01324	0.00360	0.06165	0.01128	0.00741	0.01448
8	0.02219	0.01938	0.02469	0.13458	0.03599	0.01653	0.01650	0.02754	0.02244	0.03395	0.01938	0.02394	0.01582	0.00866	0.00866	0.00203	0.00941	0.00713	0.00613	0.54505
9	0.02678	0.38768	0.04298	0.01879	0.02552	0.03398	0.01712	0.06901	0.02402	0.03086	0.02404	0.10375	0.02373	0.01420	0.01067	0.00292	0.05757	0.01036	0.06288	0.01316
10	0.02048	0.02005	0.06275	0.14236	0.07309	0.01884	0.02049	0.03090	0.11309	0.03638	0.13908	0.09847	0.04591	0.01743	0.01173	0.00360	0.00991	0.05996	0.00852	0.06696
11	0.07716	0.09630	0.06886	0.29860	0.05221	0.02608	0.02503	0.07478	0.02576	0.12040	0.02306	0.02751	0.01662	0.01123	0.01010	0.00337	0.01276	0.00906	0.00689	0.01420
12	0.01891	0.01600	0.01667	0.01673	0.01886	0.07975	0.01240	0.02225	0.02244	0.02989	0.11343	0.12970	0.04764	0.12351	0.18190	0.00865	0.01524	0.05270	0.06365	0.00968
13	0.02242	0.05315	0.50527	0.03490	0.10069	0.02538	0.03956	0.03442	0.02321	0.03465	0.01967	0.02344	0.01418	0.01029	0.01041	0.00343	0.01578	0.00823	0.00469	0.01624
14	0.55490	0.02008	0.01652	0.01521	0.02125	0.02306	0.01217	0.03283	0.06960	0.04634	0.02288	0.08314	0.02038	0.01315	0.00794	0.00352	0.00823	0.00922	0.00754	0.01204
15	0.02136	0.01783	0.02127	0.01633	0.02454	0.01390	0.01315	0.02625	0.02370	0.03604	0.07558	0.03917	0.02975	0.01184	0.00930	0.00216	0.00799	0.05780	0.00739	0.54465
16	0.02952	0.02631	0.06491	0.02480	0.03038	0.02874	0.02109	0.10569	0.24211	0.08546	0.03151	0.03242	0.02402	0.01540	0.01815	0.00391	0.17987	0.01079	0.00900	0.01591
17	0.02033	0.01016	0.01016	0.01016	0.01270	0.01016	0.00762	0.02541	0.02287	0.04065	0.03557	0.04065	0.02795	0.01270	0.00762	0.00254	0.00508	0.01016	0.67734	0.01016
18	0.69383	0.02109	0.01603	0.01434	0.02109	0.02446	0.01181	0.03205	0.01856	0.04892	0.01518	0.01771	0.01181	0.01012	0.00675	0.00337	0.00843	0.00590	0.00675	0.01181
19	0.01328	0.00949	0.01265	0.01518	0.01581	0.00886	0.01012	0.01518	0.02088	0.02783	0.06010	0.60969	0.07212	0.03416	0.01392	0.00443	0.00633	0.03100	0.01012	0.00886
20	0.01451	0.01111	0.01329	0.01275	0.01572	0.00989	0.00956	0.01879	0.02868	0.03854	0.38600	0.08997	0.26315	0.02422	0.01287	0.00352	0.00528	0.02091	0.01132	0.00989
21	0.02261	0.01938	0.02261	0.01615	0.02584	0.01453	0.01292	0.02745	0.02261	0.03553	0.01938	0.02261	0.01615	0.00807	0.00807	0.00161	0.00807	0.00646	0.00646	0.68346
22	0.01558	0.01130	0.01427	0.01572	0.01762	0.01099	0.01161	0.02060	0.05752	0.03263	0.11965	0.35517	0.10345	0.02902	0.01336	0.00420	0.00684	0.10218	0.04838	0.00990
23	0.03316	0.01976	0.03008	0.02346	0.03051	0.01919	0.11622	0.07465	0.06882	0.22158	0.03489	0.03623	0.02495	0.01830	0.05829	0.00448	0.01213	0.01128	0.14684	0.01519
24	0.69383	0.02109	0.01603	0.01434	0.02109	0.02446	0.01181	0.03205	0.01856	0.04892	0.01518	0.01771	0.01181	0.01012	0.00675	0.00337	0.00843	0.00590	0.00675	0.01181
25	0.02716	0.14380	0.03006	0.01706	0.02652	0.02061	0.01448	0.03165	0.02356	0.09686	0.02139	0.02332	0.01702	0.00899	0.00820	0.00198	0.00896	0.00688	0.00695	0.46455
26	0.04181	0.01779	0.02355	0.01873	0.02605	0.01604	0.01522	0.04839	0.07260	0.43277	0.12219	0.04442	0.03951	0.01499	0.01128	0.00341	0.00857	0.01246	0.01306	0.01714
27	0.01975	0.02112	0.08675	0.13650	0.03480	0.01873	0.01950	0.03190	0.14048	0.03880	0.22925	0.05589	0.08787	0.01715	0.01175	0.00355	0.00923	0.01478	0.00929	0.01288

[dist]
# distance from previous block
# <min> <max>
0	1

[block]
# block no. 7 follows, 12 sequences, length 16
# corresponding to MSA columns:
# 501-516
name=unknown_H
#
# <colnr> <probs for GDERKNQSTAVLIFYWHMCP>
#	G	D	E	R	K	N	Q	S	T	A	V	L	I	F	Y	W	H	M	C	P
0	0.08414	0.01638	0.02046	0.01710	0.02298	0.01550	0.01364	0.03960	0.07460	0.27720	0.23048	0.05273	0.05514	0.01668	0.01137	0.00342	0.00759	0.01401	0.01219	0.01479
1	0.03450	0.02700	0.03015	0.08894	0.03680	0.03058	0.02072	0.31226	0.19998	0.05668	0.03119	0.03113	0.02278	0.01338	0.01097	0.00345	0.01122	0.01060	0.01027	0.01740
2	0.03474	0.02721	0.02894	0.02373	0.03126	0.03068	0.01910	0.29957	0.27506	0.05790	0.03470	0.03297	0.02545	0.01389	0.01100	0.00347	0.01042	0.01099	0.01100	0.01794
3	0.02810	0.02332	0.03019	0.19829	0.08906	0.02652	0.02299	0.17035	0.15321	0.04564	0.07378	0.03551	0.02824	0.01335	0.01111	0.00350	0.01143	0.01125	0.00873	0.01544
4	0.69383	0.02109	0.01603	0.01434	0.02109	0.02446	0.01181	0.03205	0.01856	0.04892	0.01518	0.01771	0.01181	0.01012	0.00675	0.00337	0.00843	0.00590	0.00675	0.01181
5	0.01328	0.00949	0.01265	0.01518	0.01581	0.00886	0.01012	0.01518	0.02088	0.02783	0.06010	0.60969	0.07212	0.03416	0.01392	0.00443	0.00633	0.03100	0.01012	0.00886
6	0.02378	0.02306	0.04089	0.19916	0.30288	0.02404	0.09596	0.03040	0.02376	0.03270	0.02424	0.08402	0.02172	0.01232	0.01141	0.00352	0.01349	0.01219	0.00572	0.01473
7	0.01831	0.00988	0.01482	0.01482	0.01518	0.01024	0.01024	0.01518	0.01482	0.02012	0.02085	0.03494	0.02048	0.04603	0.14124	0.55920	0.01314	0.00988	0.00494	0.00566
8	0.03593	0.28861	0.04177	0.02418	0.03134	0.35358	0.02007	0.03903	0.02728	0.02626	0.01615	0.01876	0.01402	0.01045	0.00866	0.00261	0.01635	0.00653	0.00522	0.01320
9	0.01473	0.01054	0.01421	0.01615	0.01759	0.01003	0.01201	0.01797	0.02368	0.03181	0.14413	0.39591	0.07517	0.03107	0.01402	0.00440	0.00704	0.13971	0.01043	0.00940
10	0.03352	0.32115	0.04479	0.02296	0.03127	0.13011	0.05662	0.04057	0.08334	0.10446	0.02331	0.02425	0.01826	0.01088	0.00899	0.00283	0.01291	0.00806	0.00689	0.01483
11	0.15333	0.27682	0.08562	0.10874	0.03657	0.07539	0.02141	0.07064	0.02447	0.03460	0.01720	0.02066	0.01402	0.01025	0.00838	0.00294	0.01254	0.00704	0.00564	0.01373
12	0.10190	0.07774	0.07303	0.02148	0.02837	0.02609	0.01884	0.04585	0.31232	0.04148	0.03806	0.04563	0.03140	0.01547	0.01071	0.00370	0.00973	0.07363	0.00931	0.01526
13	0.09955	0.02928	0.15257	0.02832	0.07420	0.02218	0.09597	0.03465	0.10171	0.03974	0.11602	0.03670	0.03324	0.01268	0.01069	0.00332	0.01147	0.01123	0.00753	0.07894
14	0.01562	0.01116	0.01534	0.01785	0.01951	0.01087	0.01419	0.01922	0.02318	0.03045	0.05881	0.34412	0.06701	0.03196	0.01454	0.00475	0.00835	0.27349	0.01008	0.00950
15	0.02700	0.02840	0.13344	0.33306	0.05830	0.02542	0.02927	0.11719	0.02808	0.08250	0.02268	0.02810	0.01619	0.01141	0.01080	0.00351	0.01393	0.00951	0.00663	0.01458

[dist]
# distance from previous block
# <min> <max>
0	2

[block]
# block no. 8 follows, 12 sequences, length 13
# corresponding to MSA columns:
# 527-539
name=unknown_I
#
# <colnr> <probs for GDERKNQSTAVLIFYWHMCP>
#	G	D	E	R	K	N	Q	S	T	A	V	L	I	F	Y	W	H	M	C	P
0	0.02048	0.01330	0.01679	0.01594	0.01865	0.01324	0.01205	0.05865	0.02613	0.07570	0.19692	0.07521	0.05987	0.19162	0.07135	0.00684	0.01034	0.09681	0.00969	0.01044
1	0.56704	0.02196	0.01922	0.06383	0.02699	0.02545	0.01432	0.08349	0.02235	0.04929	0.01672	0.01958	0.01276	0.01051	0.00754	0.00338	0.00933	0.00664	0.00704	0.01256
2	0.54321	0.02070	0.01976	0.14326	0.03317	0.02441	0.01594	0.03111	0.01928	0.04421	0.01612	0.02025	0.01242	0.01030	0.00768	0.00343	0.00980	0.00675	0.00632	0.01188
3	0.01363	0.00964	0.01255	0.01474	0.01528	0.00909	0.00964	0.01527	0.02020	0.02693	0.05661	0.53671	0.06771	0.11314	0.01955	0.00526	0.00690	0.02894	0.00964	0.00855
4	0.01399	0.01109	0.01257	0.01220	0.01540	0.00967	0.00915	0.01778	0.02745	0.03563	0.29755	0.09478	0.35342	0.02531	0.01288	0.00357	0.00536	0.02159	0.01094	0.00967
5	0.04145	0.03054	0.03272	0.02509	0.03381	0.03381	0.02072	0.51243	0.05127	0.06872	0.02618	0.02618	0.01854	0.01309	0.01091	0.00327	0.01200	0.00982	0.01091	0.01854
6	0.02954	0.02462	0.02602	0.02268	0.02927	0.02825	0.01784	0.13464	0.44845	0.04951	0.04131	0.03823	0.03080	0.01451	0.01106	0.00363	0.00920	0.01190	0.01106	0.01748
7	0.03731	0.02655	0.02831	0.02217	0.02968	0.02918	0.01816	0.41711	0.04571	0.06322	0.02802	0.02901	0.02038	0.01301	0.01026	0.00313	0.01064	0.00988	0.14135	0.01690
8	0.04073	0.05197	0.03090	0.02809	0.03371	0.57303	0.02107	0.04354	0.03090	0.02669	0.01685	0.01966	0.01404	0.01124	0.00983	0.00281	0.01966	0.00702	0.00562	0.01264
9	0.02441	0.02308	0.10231	0.07512	0.03664	0.01815	0.12367	0.03088	0.02582	0.12303	0.09609	0.11662	0.08172	0.01786	0.01234	0.00377	0.01157	0.05490	0.00870	0.01332
10	0.01407	0.01082	0.01243	0.01336	0.01561	0.00979	0.00971	0.01651	0.02260	0.02825	0.08005	0.21934	0.29278	0.11909	0.01990	0.00508	0.00709	0.08510	0.00958	0.00884
11	0.11900	0.12698	0.17442	0.02105	0.03059	0.02420	0.02170	0.03736	0.06790	0.14213	0.06395	0.03569	0.06456	0.01324	0.00986	0.00328	0.01083	0.01023	0.00814	0.01489
12	0.22126	0.03023	0.16777	0.07143	0.03490	0.02310	0.02262	0.08645	0.02665	0.12477	0.06884	0.02973	0.02374	0.01218	0.00974	0.00341	0.01127	0.00926	0.00798	0.01465

[dist]
# distance from previous block
# <min> <max>
0	7

[block]
# block no. 9 follows, 12 sequences, length 17
# corresponding to MSA columns:
# 548-564
name=unknown_J
#
# <colnr> <probs for GDERKNQSTAVLIFYWHMCP>
#	G	D	E	R	K	N	Q	S	T	A	V	L	I	F	Y	W	H	M	C	P
0	0.16253	0.33190	0.09029	0.01997	0.02906	0.03529	0.01940	0.08699	0.07019	0.03759	0.01939	0.02108	0.01576	0.01048	0.00805	0.00287	0.01120	0.00707	0.00633	0.01454
1	0.02417	0.04338	0.37698	0.03068	0.08734	0.02237	0.03279	0.03427	0.02469	0.08248	0.07446	0.03051	0.02443	0.01164	0.01057	0.00331	0.01361	0.00955	0.00633	0.05644
2	0.01474	0.01112	0.01362	0.01299	0.01587	0.00999	0.00974	0.01924	0.02923	0.03985	0.42561	0.08782	0.22273	0.02374	0.01287	0.00350	0.00525	0.02061	0.01149	0.00999
3	0.01871	0.08851	0.14853	0.05110	0.02794	0.01815	0.01923	0.02409	0.02403	0.03271	0.17776	0.05387	0.12202	0.02371	0.05081	0.07499	0.01103	0.01382	0.00761	0.01139
4	0.01457	0.01111	0.01338	0.01281	0.01576	0.00992	0.00961	0.01890	0.02882	0.03888	0.39606	0.08943	0.25289	0.02410	0.01287	0.00352	0.00527	0.02084	0.01136	0.00992
5	0.02532	0.09002	0.14268	0.13660	0.04289	0.02731	0.05495	0.08144	0.16892	0.03816	0.02934	0.06502	0.02364	0.01324	0.01076	0.00350	0.01241	0.01122	0.00746	0.01513
6	0.02867	0.01953	0.02171	0.01894	0.02477	0.02084	0.01488	0.07594	0.27315	0.13170	0.09155	0.04930	0.08992	0.01625	0.01109	0.00349	0.00802	0.01348	0.07130	0.01549
7	0.03024	0.51213	0.05162	0.01997	0.02864	0.09928	0.01880	0.03591	0.06475	0.02740	0.01774	0.01963	0.01558	0.00998	0.00764	0.00250	0.01228	0.00649	0.00530	0.01411
8	0.13063	0.02306	0.08259	0.07741	0.08555	0.02020	0.02027	0.03822	0.07694	0.17696	0.12060	0.03907	0.03519	0.01370	0.01059	0.00344	0.00997	0.01132	0.00935	0.01494
9	0.02491	0.24163	0.08528	0.01845	0.02861	0.02590	0.01755	0.03000	0.02248	0.03186	0.01787	0.02079	0.01515	0.00874	0.00790	0.00205	0.01012	0.00638	0.00564	0.37869
10	0.01398	0.00969	0.01226	0.01431	0.01540	0.00902	0.00970	0.01629	0.02142	0.02931	0.06183	0.50744	0.10776	0.03137	0.01317	0.00417	0.00613	0.02815	0.07958	0.00902
11	0.01370	0.01020	0.01276	0.01396	0.01569	0.00926	0.00977	0.01653	0.02404	0.03186	0.18279	0.37993	0.17961	0.03002	0.01345	0.00404	0.00588	0.02668	0.01056	0.00926
12	0.01834	0.00968	0.01376	0.01376	0.01376	0.00968	0.00892	0.01452	0.01452	0.01936	0.02191	0.04052	0.02293	0.14961	0.04510	0.55303	0.00968	0.01070	0.00510	0.00510
13	0.02642	0.02200	0.02313	0.02038	0.02643	0.02452	0.01597	0.11827	0.35499	0.04585	0.05495	0.05144	0.13414	0.01712	0.01143	0.00363	0.00851	0.01410	0.01087	0.01583
14	0.03058	0.02369	0.02553	0.02222	0.02885	0.02677	0.01749	0.10326	0.43502	0.09508	0.04242	0.03889	0.03122	0.01450	0.01106	0.00363	0.00903	0.01195	0.01130	0.01751
15	0.03095	0.12115	0.23221	0.02897	0.04078	0.02943	0.10026	0.15736	0.03124	0.09071	0.02319	0.02532	0.01668	0.01103	0.01046	0.00328	0.01415	0.00919	0.00718	0.01645
16	0.01658	0.01211	0.01456	0.01380	0.01703	0.01065	0.00991	0.02002	0.02360	0.03388	0.16697	0.21050	0.09938	0.08667	0.01630	0.00405	0.00664	0.01909	0.07894	0.13932

[dist]
# distance from previous block
# <min> <max>
0	465

# created by:
# /st0/software/busco_prod/Augustus/scripts/msa2prfl.pl ./align_prep/9021.fa
