[name]
unknown

[dist]
# distance from previous block
# <min> <max>
0	446

[block]
# block no. 0 follows, 12 sequences, length 25
# corresponding to MSA columns:
# 521-545
name=unknown_A
#
# <colnr> <probs for GDERKNQSTAVLIFYWHMCP>
#	G	D	E	R	K	N	Q	S	T	A	V	L	I	F	Y	W	H	M	C	P
0	0.01743	0.03214	0.26731	0.02049	0.02953	0.01689	0.02301	0.02448	0.02292	0.03082	0.05894	0.06270	0.23637	0.09027	0.01682	0.00440	0.01107	0.01518	0.00713	0.01212
1	0.02837	0.55089	0.05299	0.01836	0.02773	0.03971	0.01797	0.03203	0.02221	0.02684	0.01567	0.01810	0.01425	0.00918	0.00713	0.00225	0.01123	0.00591	0.00488	0.09433
2	0.02441	0.02602	0.04111	0.37465	0.06519	0.09099	0.15971	0.03167	0.02397	0.02964	0.01981	0.02803	0.01502	0.01048	0.01131	0.00355	0.01620	0.01024	0.00512	0.01288
3	0.09588	0.01214	0.01352	0.01316	0.01636	0.01153	0.00987	0.01996	0.02661	0.03855	0.30389	0.13437	0.21815	0.02360	0.01224	0.00360	0.00577	0.02017	0.01063	0.01001
4	0.08406	0.02187	0.07284	0.01893	0.02685	0.01814	0.01686	0.09122	0.02998	0.32235	0.03574	0.03404	0.02404	0.01277	0.00996	0.00321	0.00932	0.01007	0.14150	0.01623
5	0.02582	0.02499	0.10620	0.10599	0.22389	0.02070	0.02663	0.03263	0.02613	0.10571	0.11610	0.04388	0.03561	0.01400	0.01141	0.00349	0.01155	0.04255	0.00776	0.01497
6	0.01764	0.01281	0.01887	0.01820	0.01935	0.01530	0.01396	0.01902	0.01652	0.02374	0.02436	0.03756	0.02321	0.06119	0.35565	0.19373	0.10400	0.01079	0.00539	0.00871
7	0.01500	0.01051	0.01244	0.01278	0.01370	0.01006	0.00810	0.01654	0.02034	0.02723	0.13650	0.18149	0.10469	0.34236	0.03582	0.00746	0.00831	0.02017	0.00858	0.00794
8	0.02583	0.02509	0.04385	0.15225	0.43321	0.02575	0.06870	0.03264	0.02439	0.03428	0.02044	0.02751	0.01676	0.00987	0.01097	0.00334	0.01362	0.00995	0.00531	0.01622
9	0.09926	0.02447	0.03581	0.11007	0.08924	0.02558	0.11623	0.16452	0.03194	0.10869	0.03090	0.03344	0.05558	0.01249	0.01100	0.00345	0.01253	0.01108	0.00832	0.01541
10	0.01603	0.00948	0.01340	0.01471	0.01503	0.00915	0.00981	0.01471	0.01764	0.02352	0.04015	0.33023	0.04634	0.03596	0.02783	0.33323	0.00785	0.02056	0.00751	0.00686
11	0.01756	0.01211	0.01470	0.01557	0.01812	0.01208	0.01215	0.02423	0.07192	0.03588	0.12038	0.19206	0.09388	0.02444	0.01235	0.00392	0.00706	0.14280	0.15833	0.01047
12	0.03037	0.02736	0.10991	0.13689	0.27864	0.02323	0.02980	0.03731	0.02558	0.15640	0.02547	0.02915	0.01862	0.01089	0.01079	0.00337	0.01279	0.00977	0.00710	0.01656
13	0.02313	0.15473	0.47304	0.02892	0.04386	0.02841	0.03653	0.03420	0.02287	0.03299	0.01880	0.02206	0.01384	0.01018	0.00978	0.00326	0.01534	0.00767	0.00461	0.01575
14	0.01894	0.00947	0.01420	0.01420	0.01420	0.00947	0.00947	0.01420	0.01420	0.01894	0.01894	0.03314	0.01894	0.03788	0.04261	0.68277	0.00947	0.00947	0.00473	0.00473
15	0.15130	0.04446	0.38310	0.02630	0.03958	0.02385	0.03154	0.03669	0.02334	0.11083	0.02206	0.02402	0.01530	0.01076	0.00977	0.00343	0.01371	0.00806	0.00626	0.01565
16	0.02886	0.14695	0.18626	0.10243	0.03932	0.02467	0.02577	0.03591	0.02490	0.15406	0.02957	0.04019	0.02394	0.01376	0.01058	0.00346	0.01256	0.07446	0.00750	0.01486
17	0.02614	0.38885	0.26527	0.02379	0.03593	0.03577	0.02760	0.03343	0.02251	0.02932	0.01698	0.01978	0.01392	0.00975	0.00839	0.00280	0.01350	0.00675	0.00464	0.01487
18	0.01323	0.00971	0.01243	0.01460	0.01566	0.00891	0.00986	0.01525	0.02144	0.02806	0.06720	0.53849	0.13873	0.03324	0.01377	0.00432	0.00621	0.02987	0.01012	0.00891
19	0.02446	0.25792	0.38147	0.02666	0.04036	0.03166	0.03260	0.03386	0.02271	0.03138	0.01800	0.02105	0.01388	0.00999	0.00916	0.00305	0.01453	0.00727	0.00463	0.01536
20	0.19344	0.02068	0.02668	0.21494	0.04287	0.02337	0.02077	0.07019	0.02532	0.18010	0.02494	0.02794	0.01754	0.01215	0.01166	0.00355	0.05238	0.00912	0.00810	0.01424
21	0.02326	0.02173	0.03472	0.36768	0.19762	0.02509	0.02931	0.03363	0.09419	0.03248	0.02321	0.03014	0.01793	0.01113	0.01090	0.00354	0.01327	0.01007	0.00588	0.01424
22	0.02639	0.02217	0.02736	0.02481	0.10095	0.01937	0.01713	0.10966	0.02773	0.04111	0.02068	0.02383	0.01671	0.00915	0.00893	0.00212	0.00942	0.00748	0.00706	0.47795
23	0.02417	0.19630	0.24162	0.02290	0.03270	0.02738	0.02485	0.07814	0.02444	0.03308	0.02495	0.08390	0.02347	0.09815	0.01621	0.00423	0.01279	0.01089	0.00606	0.01376
24	0.02951	0.26454	0.22342	0.02279	0.03383	0.02933	0.02510	0.03646	0.02484	0.13360	0.05924	0.02775	0.02272	0.01141	0.00936	0.00300	0.01229	0.00859	0.00688	0.01536

[dist]
# distance from previous block
# <min> <max>
5	9

[block]
# block no. 1 follows, 12 sequences, length 43
# corresponding to MSA columns:
# 555-597
name=unknown_B
#
# <colnr> <probs for GDERKNQSTAVLIFYWHMCP>
#	G	D	E	R	K	N	Q	S	T	A	V	L	I	F	Y	W	H	M	C	P
0	0.02233	0.02205	0.02868	0.21793	0.12181	0.08360	0.02348	0.02741	0.02313	0.02910	0.03578	0.04613	0.09723	0.02200	0.06713	0.00500	0.06528	0.04352	0.00624	0.01216
1	0.02593	0.02961	0.05754	0.04207	0.05184	0.06937	0.43048	0.03403	0.02576	0.03370	0.02469	0.07511	0.02080	0.01135	0.01271	0.00367	0.01752	0.01386	0.00589	0.01407
2	0.08993	0.02360	0.03267	0.02493	0.03353	0.02344	0.09893	0.14943	0.07704	0.28038	0.03387	0.03229	0.02281	0.01255	0.01096	0.00343	0.01127	0.01077	0.01089	0.01729
3	0.02375	0.07653	0.02412	0.01850	0.02398	0.02267	0.01476	0.08013	0.24861	0.04300	0.16942	0.05602	0.11845	0.01772	0.01136	0.00346	0.00794	0.01477	0.01055	0.01425
4	0.02694	0.01559	0.01929	0.01716	0.02156	0.01523	0.01335	0.09568	0.02860	0.16215	0.10277	0.11116	0.10182	0.10696	0.06275	0.00575	0.01036	0.05984	0.01042	0.01262
5	0.03279	0.02817	0.03182	0.14090	0.04177	0.15447	0.07646	0.04164	0.09774	0.14521	0.03100	0.03837	0.02415	0.01356	0.01127	0.00351	0.01386	0.05055	0.00830	0.01446
6	0.01649	0.01075	0.01285	0.01278	0.01375	0.01104	0.00834	0.01843	0.01849	0.02684	0.07436	0.06206	0.04058	0.37512	0.13820	0.00997	0.01263	0.01449	0.11481	0.00804
7	0.02601	0.03086	0.16521	0.21128	0.17090	0.02438	0.08629	0.03429	0.02426	0.08897	0.02254	0.02804	0.01656	0.01058	0.01098	0.00348	0.01442	0.00980	0.00592	0.01526
8	0.02214	0.02925	0.14700	0.03219	0.04107	0.02254	0.22492	0.03331	0.09445	0.03463	0.03384	0.16952	0.03172	0.01623	0.01236	0.00382	0.01365	0.01618	0.00722	0.01394
9	0.02413	0.01942	0.02073	0.01935	0.02418	0.02194	0.01477	0.04693	0.37971	0.04236	0.04522	0.12030	0.03789	0.01718	0.01095	0.00362	0.00776	0.01461	0.11396	0.01499
10	0.02732	0.02242	0.03947	0.08874	0.23454	0.02209	0.12421	0.03381	0.02569	0.10518	0.03126	0.04828	0.02735	0.01431	0.01210	0.00373	0.01310	0.10392	0.00741	0.01506
11	0.02621	0.02755	0.04516	0.15901	0.09607	0.07030	0.22713	0.03857	0.12586	0.03494	0.02539	0.03060	0.01932	0.01089	0.01167	0.00356	0.01523	0.01133	0.00648	0.01471
12	0.02418	0.02488	0.02581	0.02339	0.02517	0.14141	0.01833	0.02683	0.01990	0.02549	0.02146	0.03385	0.02089	0.10346	0.18836	0.00870	0.24124	0.01034	0.00547	0.01084
13	0.01536	0.01103	0.01418	0.01592	0.01748	0.01062	0.01204	0.01816	0.02194	0.02852	0.05991	0.26401	0.11590	0.14530	0.02232	0.00576	0.00846	0.19476	0.00941	0.00890
14	0.02445	0.03105	0.15621	0.09373	0.35928	0.02441	0.03291	0.03226	0.02468	0.03544	0.06169	0.03058	0.02309	0.01095	0.01087	0.00333	0.01316	0.01014	0.00570	0.01607
15	0.02261	0.01938	0.02261	0.01615	0.02584	0.01453	0.01292	0.02745	0.02261	0.03553	0.01938	0.02261	0.01615	0.00807	0.00807	0.00161	0.00807	0.00646	0.00646	0.68346
16	0.01328	0.00949	0.01265	0.01518	0.01581	0.00886	0.01012	0.01518	0.02088	0.02783	0.06010	0.60969	0.07212	0.03416	0.01392	0.00443	0.00633	0.03100	0.01012	0.00886
17	0.01657	0.01257	0.01709	0.01657	0.01757	0.01459	0.01206	0.01882	0.01680	0.02382	0.02956	0.05165	0.03058	0.27881	0.31835	0.01350	0.08323	0.01304	0.00602	0.00878
18	0.03209	0.20518	0.04431	0.04268	0.28548	0.02912	0.02544	0.03721	0.02531	0.13830	0.02346	0.02617	0.01825	0.01037	0.00968	0.00299	0.01182	0.00879	0.00682	0.01654
19	0.02173	0.02108	0.03729	0.48351	0.11395	0.02475	0.08495	0.02915	0.02251	0.02933	0.01978	0.02893	0.01500	0.01060	0.01112	0.00360	0.01484	0.01005	0.00497	0.01285
20	0.01354	0.01021	0.01260	0.01439	0.01608	0.00928	0.01022	0.01596	0.02241	0.02873	0.07472	0.41899	0.21040	0.03188	0.01371	0.00426	0.00641	0.06702	0.01012	0.00906
21	0.02543	0.02431	0.04144	0.19464	0.43327	0.02550	0.03269	0.03210	0.02409	0.03373	0.02023	0.02749	0.01660	0.01000	0.01082	0.00333	0.01334	0.00971	0.00526	0.01601
22	0.02741	0.02986	0.03786	0.22051	0.13218	0.15346	0.08199	0.03293	0.02399	0.02937	0.01844	0.02573	0.01505	0.01195	0.01500	0.00357	0.11277	0.00941	0.00518	0.01333
23	0.02132	0.02012	0.03402	0.53112	0.12890	0.02442	0.03064	0.02850	0.02215	0.02874	0.01951	0.02883	0.01485	0.01077	0.01089	0.00359	0.01436	0.00969	0.00491	0.01270
24	0.08359	0.14205	0.08048	0.02754	0.03580	0.02738	0.16328	0.07792	0.06356	0.03707	0.02879	0.12970	0.02680	0.01463	0.01088	0.00347	0.01255	0.01344	0.00714	0.01393
25	0.01344	0.01002	0.01251	0.01409	0.01563	0.00910	0.00973	0.01590	0.02290	0.03000	0.12619	0.43707	0.18098	0.03135	0.01357	0.00415	0.00601	0.02793	0.01034	0.00910
26	0.02698	0.08293	0.08708	0.02184	0.02984	0.02470	0.01973	0.07079	0.05908	0.07110	0.02183	0.02492	0.01742	0.01187	0.01440	0.00291	0.12779	0.00816	0.00690	0.26970
27	0.12119	0.15070	0.02791	0.01688	0.02403	0.06937	0.01408	0.02900	0.02459	0.03652	0.14151	0.03446	0.03539	0.01228	0.00893	0.00256	0.00921	0.00943	0.00735	0.22461
28	0.02514	0.26921	0.31761	0.02550	0.03808	0.03228	0.02985	0.03604	0.07092	0.03221	0.02025	0.02260	0.01574	0.01039	0.00915	0.00305	0.01370	0.00762	0.00525	0.01542
29	0.01444	0.01077	0.01362	0.01506	0.01712	0.00996	0.01135	0.01769	0.02417	0.03151	0.13929	0.30646	0.18814	0.03003	0.01377	0.00424	0.00679	0.12582	0.01037	0.00940
30	0.01766	0.02858	0.22342	0.07096	0.03303	0.01678	0.02340	0.02485	0.02398	0.03390	0.14797	0.21886	0.05171	0.02045	0.01207	0.00377	0.01051	0.01791	0.00798	0.01222
31	0.03343	0.01992	0.02798	0.23757	0.04595	0.02154	0.02172	0.04454	0.13496	0.24494	0.03431	0.03482	0.02360	0.01279	0.01097	0.00354	0.01114	0.01077	0.00968	0.01582
32	0.37794	0.02114	0.02136	0.01742	0.02503	0.02225	0.01437	0.09181	0.02690	0.24432	0.02697	0.02601	0.01832	0.01173	0.00880	0.00336	0.00914	0.00825	0.00977	0.01510
33	0.01328	0.00949	0.01265	0.01518	0.01581	0.00886	0.01012	0.01518	0.02088	0.02783	0.06010	0.60969	0.07212	0.03416	0.01392	0.00443	0.00633	0.03100	0.01012	0.00886
34	0.01788	0.01223	0.01776	0.02012	0.07274	0.01264	0.01250	0.01862	0.01818	0.02524	0.07537	0.04875	0.03386	0.18399	0.17407	0.21424	0.01470	0.01257	0.00623	0.00833
35	0.01548	0.01105	0.01517	0.01769	0.01928	0.01075	0.01393	0.01897	0.02304	0.03029	0.05889	0.36077	0.06733	0.03209	0.01450	0.00473	0.00823	0.25828	0.01008	0.00946
36	0.01508	0.01175	0.01411	0.01528	0.01842	0.01077	0.01264	0.01890	0.02497	0.03094	0.08573	0.11340	0.31849	0.02879	0.01391	0.00431	0.00764	0.23518	0.01009	0.00960
37	0.01600	0.01144	0.01508	0.01514	0.01747	0.01087	0.01177	0.02067	0.02814	0.03903	0.37895	0.09086	0.08748	0.07557	0.01709	0.00444	0.00682	0.13221	0.01105	0.00991
38	0.02686	0.09810	0.14942	0.04006	0.08672	0.02926	0.29326	0.07603	0.02701	0.03685	0.02111	0.02651	0.01600	0.00980	0.01145	0.00342	0.01629	0.01074	0.00572	0.01541
39	0.04541	0.02085	0.02718	0.02113	0.02880	0.02034	0.01747	0.11927	0.03282	0.43289	0.03776	0.03421	0.02452	0.01397	0.01332	0.00349	0.06568	0.01066	0.01228	0.01792
40	0.01707	0.01200	0.01580	0.01742	0.02008	0.01170	0.01478	0.02185	0.02548	0.03423	0.11386	0.10862	0.11846	0.02733	0.01387	0.00446	0.00853	0.33061	0.07386	0.00998
41	0.02506	0.02778	0.09733	0.17596	0.39266	0.02548	0.03351	0.03237	0.02398	0.03383	0.02016	0.02701	0.01631	0.01004	0.01077	0.00335	0.01363	0.00953	0.00519	0.01603
42	0.03147	0.04060	0.23154	0.03202	0.04355	0.09962	0.15095	0.07689	0.02839	0.12313	0.02426	0.02678	0.01711	0.01092	0.01107	0.00339	0.01571	0.00976	0.00695	0.01588

[dist]
# distance from previous block
# <min> <max>
0	12

[block]
# block no. 2 follows, 12 sequences, length 40
# corresponding to MSA columns:
# 610-633,636-651
name=unknown_C
#
# <colnr> <probs for GDERKNQSTAVLIFYWHMCP>
#	G	D	E	R	K	N	Q	S	T	A	V	L	I	F	Y	W	H	M	C	P
0	0.02059	0.01938	0.03270	0.59060	0.07510	0.02422	0.03028	0.02786	0.02180	0.02786	0.01938	0.02907	0.01453	0.01090	0.01090	0.00363	0.01453	0.00969	0.00484	0.01211
1	0.03958	0.10885	0.03351	0.02715	0.03314	0.52028	0.02083	0.04246	0.03003	0.02658	0.01669	0.01945	0.01404	0.01105	0.00955	0.00276	0.01887	0.00690	0.00552	0.01278
2	0.01558	0.01168	0.01752	0.01752	0.01947	0.01363	0.01363	0.01947	0.01752	0.02531	0.02921	0.04283	0.02726	0.08178	0.57360	0.01752	0.02921	0.01168	0.00584	0.00974
3	0.01803	0.01536	0.02413	0.12274	0.16372	0.01579	0.01947	0.02200	0.02205	0.02986	0.04317	0.36360	0.04847	0.02402	0.01261	0.00399	0.00939	0.02199	0.00803	0.01157
4	0.02747	0.02415	0.03978	0.09559	0.16566	0.02776	0.09984	0.03259	0.02225	0.09094	0.02082	0.02751	0.01686	0.01381	0.02081	0.00395	0.23943	0.01027	0.00605	0.01445
5	0.04892	0.01856	0.02530	0.01940	0.02783	0.01603	0.01603	0.05314	0.03121	0.55634	0.04302	0.03711	0.02699	0.01350	0.01096	0.00337	0.00928	0.01096	0.01350	0.01856
6	0.03461	0.02644	0.02452	0.02158	0.02708	0.17362	0.01686	0.04098	0.07665	0.19943	0.03170	0.03423	0.02404	0.03312	0.17656	0.00742	0.01802	0.01020	0.00878	0.01416
7	0.02811	0.50193	0.11373	0.02463	0.07927	0.03947	0.02254	0.03294	0.02251	0.02761	0.01617	0.01902	0.01428	0.00948	0.00774	0.00255	0.01229	0.00645	0.00473	0.01455
8	0.02305	0.01314	0.01588	0.01443	0.01906	0.01144	0.01142	0.02677	0.02750	0.16868	0.15877	0.08509	0.29664	0.02330	0.01257	0.00368	0.00683	0.05856	0.01130	0.01188
9	0.01558	0.01168	0.01752	0.01752	0.01947	0.01363	0.01363	0.01947	0.01752	0.02531	0.02921	0.04283	0.02726	0.08178	0.57360	0.01752	0.02921	0.01168	0.00584	0.00974
10	0.01524	0.01108	0.01461	0.01578	0.01788	0.01046	0.01221	0.01922	0.02582	0.03473	0.22614	0.24482	0.12063	0.02841	0.01381	0.00420	0.00695	0.15755	0.01073	0.00972
11	0.44789	0.02230	0.02542	0.07860	0.17465	0.02485	0.01950	0.03209	0.02060	0.04336	0.01705	0.02130	0.01358	0.01007	0.00825	0.00336	0.01023	0.00730	0.00620	0.01338
12	0.01381	0.01036	0.01282	0.01374	0.01569	0.00936	0.00972	0.01687	0.02477	0.03286	0.21322	0.33139	0.19746	0.02909	0.01336	0.00395	0.00578	0.02574	0.01067	0.00936
13	0.04806	0.01993	0.02616	0.02005	0.02852	0.01807	0.01657	0.10590	0.03351	0.50032	0.04108	0.03586	0.02602	0.01345	0.01096	0.00336	0.00959	0.01083	0.01320	0.01855
14	0.01364	0.01108	0.01209	0.01184	0.01519	0.00953	0.00888	0.01711	0.02663	0.03368	0.23841	0.09799	0.41378	0.02604	0.01288	0.00361	0.00541	0.02204	0.01068	0.00953
15	0.69383	0.02109	0.01603	0.01434	0.02109	0.02446	0.01181	0.03205	0.01856	0.04892	0.01518	0.01771	0.01181	0.01012	0.00675	0.00337	0.00843	0.00590	0.00675	0.01181
16	0.04073	0.05197	0.03090	0.02809	0.03371	0.57303	0.02107	0.04354	0.03090	0.02669	0.01685	0.01966	0.01404	0.01124	0.00983	0.00281	0.01966	0.00702	0.00562	0.01264
17	0.04695	0.02345	0.02704	0.02111	0.02935	0.06681	0.01725	0.13018	0.03458	0.42825	0.03792	0.03376	0.02445	0.01323	0.01086	0.00331	0.01063	0.01043	0.01238	0.01805
18	0.03672	0.01894	0.02405	0.01789	0.02691	0.01533	0.01459	0.04123	0.02722	0.31478	0.03205	0.03039	0.02196	0.01098	0.00962	0.00256	0.00872	0.00888	0.01023	0.32696
19	0.01894	0.00947	0.01420	0.01420	0.01420	0.00947	0.00947	0.01420	0.01420	0.01894	0.01894	0.03314	0.01894	0.03788	0.04261	0.68277	0.00947	0.00947	0.00473	0.00473
20	0.02261	0.01938	0.02261	0.01615	0.02584	0.01453	0.01292	0.02745	0.02261	0.03553	0.01938	0.02261	0.01615	0.00807	0.00807	0.00161	0.00807	0.00646	0.00646	0.68346
21	0.01289	0.01105	0.01105	0.01105	0.01473	0.00920	0.00828	0.01565	0.02485	0.02946	0.11046	0.10493	0.54437	0.02761	0.01289	0.00368	0.00552	0.02301	0.01013	0.00920
22	0.69383	0.02109	0.01603	0.01434	0.02109	0.02446	0.01181	0.03205	0.01856	0.04892	0.01518	0.01771	0.01181	0.01012	0.00675	0.00337	0.00843	0.00590	0.00675	0.01181
23	0.01543	0.01115	0.01457	0.01372	0.01629	0.01029	0.01029	0.02058	0.03086	0.04372	0.54304	0.08145	0.10288	0.02229	0.01286	0.00343	0.00514	0.01972	0.01200	0.01029
24	0.02712	0.02342	0.02465	0.02219	0.02835	0.02712	0.01726	0.05794	0.52909	0.04561	0.04438	0.04068	0.03328	0.01479	0.01109	0.00370	0.00863	0.01233	0.01109	0.01726
25	0.03316	0.02735	0.03929	0.03022	0.03861	0.02864	0.15915	0.29837	0.03982	0.05334	0.03005	0.04256	0.02504	0.01470	0.01213	0.00367	0.01350	0.08506	0.00924	0.01609
26	0.01543	0.01115	0.01457	0.01372	0.01629	0.01029	0.01029	0.02058	0.03086	0.04372	0.54304	0.08145	0.10288	0.02229	0.01286	0.00343	0.00514	0.01972	0.01200	0.01029
27	0.69383	0.02109	0.01603	0.01434	0.02109	0.02446	0.01181	0.03205	0.01856	0.04892	0.01518	0.01771	0.01181	0.01012	0.00675	0.00337	0.00843	0.00590	0.00675	0.01181
28	0.01297	0.01072	0.01138	0.01191	0.01495	0.00913	0.00867	0.01555	0.02402	0.02912	0.09993	0.21048	0.44561	0.02898	0.01310	0.00384	0.00569	0.02468	0.01012	0.00913
29	0.02385	0.02385	0.03340	0.02863	0.02863	0.03340	0.02385	0.02624	0.01670	0.02624	0.01431	0.02385	0.01431	0.01908	0.03578	0.00477	0.59685	0.00954	0.00477	0.01193
30	0.02692	0.10680	0.42475	0.02798	0.04219	0.02561	0.03426	0.03732	0.02424	0.11701	0.02287	0.02472	0.01594	0.01076	0.01012	0.00333	0.01458	0.00830	0.00603	0.01629
31	0.02059	0.01938	0.03270	0.59060	0.07510	0.02422	0.03028	0.02786	0.02180	0.02786	0.01938	0.02907	0.01453	0.01090	0.01090	0.00363	0.01453	0.00969	0.00484	0.01211
32	0.04145	0.03054	0.03272	0.02509	0.03381	0.03381	0.02072	0.51243	0.05127	0.06872	0.02618	0.02618	0.01854	0.01309	0.01091	0.00327	0.01200	0.00982	0.01091	0.01854
33	0.04892	0.01856	0.02530	0.01940	0.02783	0.01603	0.01603	0.05314	0.03121	0.55634	0.04302	0.03711	0.02699	0.01350	0.01096	0.00337	0.00928	0.01096	0.01350	0.01856
34	0.02059	0.01938	0.03270	0.59060	0.07510	0.02422	0.03028	0.02786	0.02180	0.02786	0.01938	0.02907	0.01453	0.01090	0.01090	0.00363	0.01453	0.00969	0.00484	0.01211
35	0.02187	0.05640	0.56031	0.03108	0.04719	0.02532	0.04029	0.03453	0.02302	0.03453	0.01957	0.02302	0.01381	0.01036	0.01036	0.00345	0.01611	0.00806	0.00460	0.01611
36	0.02699	0.02591	0.04426	0.06693	0.54879	0.02591	0.03346	0.03346	0.02483	0.03562	0.02051	0.02699	0.01727	0.00972	0.01079	0.00324	0.01295	0.00972	0.00540	0.01727
37	0.01289	0.01105	0.01105	0.01105	0.01473	0.00920	0.00828	0.01565	0.02485	0.02946	0.11046	0.10493	0.54437	0.02761	0.01289	0.00368	0.00552	0.02301	0.01013	0.00920
38	0.25000	0.02620	0.02732	0.08658	0.03444	0.02969	0.01894	0.30143	0.03730	0.05762	0.02184	0.02377	0.01590	0.01188	0.00956	0.00335	0.01114	0.00854	0.00887	0.01563
39	0.03249	0.01871	0.02556	0.02160	0.02524	0.02108	0.01734	0.03537	0.02324	0.25013	0.03360	0.10124	0.02870	0.07477	0.02463	0.00469	0.22528	0.01320	0.00925	0.01388

[dist]
# distance from previous block
# <min> <max>
1	5

[block]
# block no. 3 follows, 12 sequences, length 41
# corresponding to MSA columns:
# 657-697
name=unknown_D
#
# <colnr> <probs for GDERKNQSTAVLIFYWHMCP>
#	G	D	E	R	K	N	Q	S	T	A	V	L	I	F	Y	W	H	M	C	P
0	0.25157	0.02495	0.02441	0.02053	0.02772	0.02840	0.01658	0.19588	0.20676	0.05415	0.02889	0.02843	0.02145	0.01270	0.00960	0.00345	0.00965	0.00940	0.00960	0.01588
1	0.07811	0.02437	0.04576	0.03701	0.08523	0.02430	0.28499	0.03047	0.02459	0.03556	0.07750	0.04009	0.07699	0.01332	0.01439	0.00370	0.07021	0.01336	0.00660	0.01346
2	0.04892	0.01856	0.02530	0.01940	0.02783	0.01603	0.01603	0.05314	0.03121	0.55634	0.04302	0.03711	0.02699	0.01350	0.01096	0.00337	0.00928	0.01096	0.01350	0.01856
3	0.02385	0.02385	0.03340	0.02863	0.02863	0.03340	0.02385	0.02624	0.01670	0.02624	0.01431	0.02385	0.01431	0.01908	0.03578	0.00477	0.59685	0.00954	0.00477	0.01193
4	0.02718	0.01403	0.01670	0.01436	0.01993	0.01191	0.01136	0.03052	0.02737	0.23852	0.08370	0.07802	0.33908	0.02201	0.01212	0.00356	0.00701	0.01823	0.01146	0.01292
5	0.01757	0.01255	0.01757	0.02008	0.02259	0.01255	0.01757	0.02259	0.02510	0.03263	0.05773	0.12299	0.06275	0.03012	0.01506	0.00502	0.01004	0.47540	0.01004	0.01004
6	0.03403	0.04081	0.03189	0.02830	0.03169	0.35891	0.02217	0.03668	0.02526	0.02651	0.01585	0.02133	0.01415	0.01435	0.02013	0.00359	0.24868	0.00802	0.00528	0.01236
7	0.02915	0.62337	0.05714	0.01866	0.02799	0.04314	0.01866	0.03265	0.02215	0.02565	0.01516	0.01749	0.01399	0.00933	0.00700	0.00233	0.01166	0.00583	0.00466	0.01399
8	0.02187	0.05640	0.56031	0.03108	0.04719	0.02532	0.04029	0.03453	0.02302	0.03453	0.01957	0.02302	0.01381	0.01036	0.01036	0.00345	0.01611	0.00806	0.00460	0.01611
9	0.03819	0.03357	0.23759	0.02403	0.03551	0.01971	0.02565	0.04575	0.02796	0.34929	0.03371	0.03152	0.02176	0.01225	0.01072	0.00341	0.01199	0.00981	0.00997	0.01759
10	0.02712	0.02342	0.02465	0.02219	0.02835	0.02712	0.01726	0.05794	0.52909	0.04561	0.04438	0.04068	0.03328	0.01479	0.01109	0.00370	0.00863	0.01233	0.01109	0.01726
11	0.02059	0.01938	0.03270	0.59060	0.07510	0.02422	0.03028	0.02786	0.02180	0.02786	0.01938	0.02907	0.01453	0.01090	0.01090	0.00363	0.01453	0.00969	0.00484	0.01211
12	0.02699	0.02591	0.04426	0.06693	0.54879	0.02591	0.03346	0.03346	0.02483	0.03562	0.02051	0.02699	0.01727	0.00972	0.01079	0.00324	0.01295	0.00972	0.00540	0.01727
13	0.01563	0.01149	0.01652	0.01652	0.01813	0.01309	0.01238	0.01883	0.01723	0.02457	0.03012	0.04789	0.02945	0.17666	0.48172	0.01629	0.02590	0.01242	0.00598	0.00918
14	0.01410	0.01014	0.01211	0.01332	0.01427	0.00951	0.00859	0.01550	0.01985	0.02582	0.06017	0.33498	0.14469	0.23344	0.02804	0.00641	0.00764	0.02437	0.00891	0.00814
15	0.02574	0.02941	0.06434	0.04596	0.05699	0.02757	0.50919	0.03493	0.02574	0.03493	0.02206	0.02941	0.01654	0.00919	0.01287	0.00368	0.01838	0.01287	0.00551	0.01471
16	0.10686	0.02532	0.02845	0.02201	0.03044	0.02652	0.01818	0.30105	0.04091	0.24220	0.03118	0.02930	0.02093	0.01295	0.01053	0.00332	0.01068	0.00985	0.01144	0.01790
17	0.01488	0.01125	0.01390	0.01426	0.01700	0.01027	0.01108	0.01898	0.02700	0.03574	0.27153	0.14195	0.23008	0.02650	0.01339	0.00391	0.00633	0.11130	0.01087	0.00978
18	0.02699	0.02591	0.04426	0.06693	0.54879	0.02591	0.03346	0.03346	0.02483	0.03562	0.02051	0.02699	0.01727	0.00972	0.01079	0.00324	0.01295	0.00972	0.00540	0.01727
19	0.02059	0.01938	0.03270	0.59060	0.07510	0.02422	0.03028	0.02786	0.02180	0.02786	0.01938	0.02907	0.01453	0.01090	0.01090	0.00363	0.01453	0.00969	0.00484	0.01211
20	0.01328	0.00949	0.01265	0.01518	0.01581	0.00886	0.01012	0.01518	0.02088	0.02783	0.06010	0.60969	0.07212	0.03416	0.01392	0.00443	0.00633	0.03100	0.01012	0.00886
21	0.01489	0.01143	0.01392	0.01480	0.01766	0.01046	0.01182	0.01872	0.02563	0.03280	0.16293	0.14816	0.27260	0.02806	0.01368	0.00414	0.00700	0.17125	0.01042	0.00963
22	0.02712	0.02342	0.02465	0.02219	0.02835	0.02712	0.01726	0.05794	0.52909	0.04561	0.04438	0.04068	0.03328	0.01479	0.01109	0.00370	0.00863	0.01233	0.01109	0.01726
23	0.01701	0.01348	0.01998	0.01727	0.01940	0.01318	0.08139	0.01893	0.01831	0.02430	0.03946	0.06618	0.08380	0.42901	0.08539	0.00943	0.01269	0.01578	0.00672	0.00829
24	0.03097	0.01556	0.01979	0.01690	0.02204	0.01458	0.01325	0.08105	0.03079	0.24027	0.18244	0.13311	0.05403	0.01888	0.01161	0.00346	0.00757	0.01617	0.07349	0.01405
25	0.02574	0.02941	0.06434	0.04596	0.05699	0.02757	0.50919	0.03493	0.02574	0.03493	0.02206	0.02941	0.01654	0.00919	0.01287	0.00368	0.01838	0.01287	0.00551	0.01471
26	0.02059	0.01938	0.03270	0.59060	0.07510	0.02422	0.03028	0.02786	0.02180	0.02786	0.01938	0.02907	0.01453	0.01090	0.01090	0.00363	0.01453	0.00969	0.00484	0.01211
27	0.03129	0.01666	0.02302	0.11953	0.03258	0.01651	0.01690	0.07104	0.02851	0.24535	0.09194	0.17876	0.04275	0.01892	0.01186	0.00367	0.00928	0.01641	0.01079	0.01422
28	0.01558	0.01168	0.01752	0.01752	0.01947	0.01363	0.01363	0.01947	0.01752	0.02531	0.02921	0.04283	0.02726	0.08178	0.57360	0.01752	0.02921	0.01168	0.00584	0.00974
29	0.02261	0.01938	0.02261	0.01615	0.02584	0.01453	0.01292	0.02745	0.02261	0.03553	0.01938	0.02261	0.01615	0.00807	0.00807	0.00161	0.00807	0.00646	0.00646	0.68346
30	0.02712	0.02342	0.02465	0.02219	0.02835	0.02712	0.01726	0.05794	0.52909	0.04561	0.04438	0.04068	0.03328	0.01479	0.01109	0.00370	0.00863	0.01233	0.01109	0.01726
31	0.02795	0.38630	0.04337	0.01938	0.02687	0.08793	0.01744	0.03572	0.10042	0.03143	0.09805	0.03068	0.03008	0.01226	0.00876	0.00275	0.01102	0.00898	0.00681	0.01380
32	0.02261	0.01938	0.02261	0.01615	0.02584	0.01453	0.01292	0.02745	0.02261	0.03553	0.01938	0.02261	0.01615	0.00807	0.00807	0.00161	0.00807	0.00646	0.00646	0.68346
33	0.04145	0.03054	0.03272	0.02509	0.03381	0.03381	0.02072	0.51243	0.05127	0.06872	0.02618	0.02618	0.01854	0.01309	0.01091	0.00327	0.01200	0.00982	0.01091	0.01854
34	0.01769	0.01546	0.02475	0.36228	0.05157	0.01813	0.02228	0.02283	0.02143	0.02785	0.03554	0.25945	0.03738	0.02013	0.01210	0.00395	0.01128	0.01814	0.00694	0.01082
35	0.04024	0.02749	0.02992	0.02315	0.03128	0.02989	0.01906	0.42244	0.04668	0.11404	0.02870	0.02859	0.02024	0.01309	0.01061	0.00321	0.01109	0.00996	0.07256	0.01777
36	0.01462	0.01059	0.01345	0.01376	0.01559	0.00980	0.00971	0.01810	0.02592	0.03559	0.31347	0.24008	0.12362	0.08468	0.01737	0.00445	0.00606	0.02298	0.01076	0.00941
37	0.03031	0.56596	0.05450	0.01960	0.02856	0.09638	0.01890	0.03374	0.02303	0.02576	0.01533	0.01771	0.01400	0.00952	0.00728	0.00238	0.01246	0.00595	0.00476	0.01386
38	0.01613	0.01057	0.01266	0.01266	0.01285	0.01076	0.00756	0.01604	0.01585	0.02133	0.03235	0.06486	0.03642	0.50849	0.10404	0.07728	0.01225	0.01483	0.00635	0.00672
39	0.03439	0.28828	0.04521	0.02595	0.03366	0.29699	0.06910	0.03813	0.02673	0.02708	0.01667	0.01974	0.01427	0.01023	0.00895	0.00270	0.01619	0.00711	0.00521	0.01341
40	0.26862	0.02373	0.02348	0.01878	0.02677	0.02510	0.01529	0.17694	0.08060	0.05124	0.02242	0.02374	0.01703	0.01098	0.00875	0.00295	0.00943	0.00785	0.00836	0.17794

[dist]
# distance from previous block
# <min> <max>
0	104

# created by:
# /st0/software/busco_prod/Augustus/scripts/msa2prfl.pl ./align_prep/9042.fa
