[name]
unknown

[dist]
# distance from previous block
# <min> <max>
0	153

[block]
# block no. 0 follows, 12 sequences, length 40
# corresponding to MSA columns:
# 178-217
name=unknown_A
#
# <colnr> <probs for GDERKNQSTAVLIFYWHMCP>
#	G	D	E	R	K	N	Q	S	T	A	V	L	I	F	Y	W	H	M	C	P
0	0.02311	0.06549	0.20011	0.02457	0.03333	0.02217	0.06650	0.10647	0.02905	0.04038	0.13291	0.13296	0.04248	0.01700	0.01157	0.00354	0.01155	0.01480	0.00813	0.01388
1	0.02955	0.02855	0.14947	0.07031	0.14286	0.02076	0.06137	0.03593	0.02469	0.16071	0.02559	0.02901	0.01869	0.01316	0.01346	0.06367	0.01245	0.00953	0.00722	0.08299
2	0.02682	0.03648	0.24944	0.06591	0.04341	0.02350	0.10692	0.03897	0.08955	0.10628	0.02631	0.02859	0.01883	0.01097	0.01075	0.00334	0.01368	0.00973	0.00699	0.08352
3	0.02369	0.02234	0.08163	0.24323	0.04715	0.02045	0.05466	0.06432	0.02618	0.09021	0.04639	0.04891	0.15430	0.01553	0.01150	0.00358	0.01184	0.01335	0.00763	0.01311
4	0.02086	0.01314	0.01627	0.01604	0.01908	0.01248	0.01173	0.07086	0.02672	0.10163	0.10566	0.36177	0.12603	0.02741	0.01300	0.00399	0.00706	0.02419	0.01081	0.01126
5	0.03567	0.14008	0.07479	0.02601	0.07692	0.02404	0.05570	0.06520	0.02888	0.25323	0.08199	0.03471	0.02909	0.01267	0.01046	0.00319	0.01096	0.01061	0.00953	0.01626
6	0.02591	0.02396	0.11553	0.12160	0.03978	0.01859	0.09272	0.03216	0.02483	0.15150	0.04167	0.15160	0.07781	0.01729	0.01189	0.00371	0.01170	0.01562	0.00842	0.01371
7	0.04461	0.01760	0.02392	0.01867	0.02635	0.01529	0.01529	0.04895	0.03116	0.49040	0.10734	0.04282	0.03675	0.01463	0.01121	0.00338	0.00875	0.01209	0.01330	0.01749
8	0.02650	0.08248	0.38951	0.02763	0.04102	0.02547	0.03278	0.03989	0.09078	0.10256	0.02558	0.02682	0.01809	0.01128	0.01032	0.00341	0.01397	0.00886	0.00661	0.01645
9	0.10049	0.02765	0.16475	0.09467	0.03557	0.02039	0.02262	0.03460	0.09035	0.10057	0.07039	0.12678	0.03390	0.01612	0.01095	0.00365	0.01081	0.01353	0.00827	0.01395
10	0.01597	0.01302	0.01897	0.01881	0.02061	0.01334	0.04864	0.01879	0.02135	0.02847	0.05514	0.35946	0.10219	0.07224	0.01914	0.00486	0.06759	0.08282	0.00898	0.00962
11	0.02699	0.02591	0.04426	0.06693	0.54879	0.02591	0.03346	0.03346	0.02483	0.03562	0.02051	0.02699	0.01727	0.00972	0.01079	0.00324	0.01295	0.00972	0.00540	0.01727
12	0.03143	0.09993	0.03715	0.20842	0.16627	0.02674	0.02552	0.09861	0.02827	0.13694	0.02457	0.02826	0.01805	0.01121	0.01039	0.00328	0.01244	0.00946	0.00742	0.01567
13	0.02307	0.04624	0.36652	0.08464	0.04406	0.09539	0.03262	0.03262	0.02417	0.03217	0.03088	0.03373	0.08216	0.01275	0.01067	0.00342	0.01506	0.01001	0.00547	0.01436
14	0.69383	0.02109	0.01603	0.01434	0.02109	0.02446	0.01181	0.03205	0.01856	0.04892	0.01518	0.01771	0.01181	0.01012	0.00675	0.00337	0.00843	0.00590	0.00675	0.01181
15	0.04073	0.05197	0.03090	0.02809	0.03371	0.57303	0.02107	0.04354	0.03090	0.02669	0.01685	0.01966	0.01404	0.01124	0.00983	0.00281	0.01966	0.00702	0.00562	0.01264
16	0.02948	0.11732	0.32556	0.03012	0.08656	0.02552	0.03132	0.03847	0.02496	0.15334	0.02448	0.02592	0.01718	0.01089	0.01011	0.00327	0.01368	0.00859	0.00673	0.01651
17	0.01943	0.01443	0.01915	0.02277	0.08812	0.01445	0.01431	0.08259	0.02551	0.03542	0.04803	0.40027	0.05353	0.02606	0.01248	0.00393	0.00780	0.02336	0.07701	0.01134
18	0.01573	0.01108	0.01447	0.01447	0.01535	0.01197	0.00982	0.01751	0.01662	0.02305	0.03200	0.05832	0.03398	0.37234	0.29223	0.01375	0.01909	0.01395	0.00626	0.00804
19	0.30786	0.02046	0.02212	0.01778	0.02556	0.02073	0.01468	0.07853	0.02760	0.31621	0.03057	0.02850	0.02026	0.01211	0.00926	0.00337	0.00914	0.00884	0.01059	0.01584
20	0.02338	0.02495	0.08276	0.27713	0.08311	0.02456	0.08318	0.06790	0.09189	0.03522	0.03167	0.03650	0.06476	0.01274	0.01128	0.00359	0.01327	0.01146	0.00667	0.01397
21	0.37020	0.03276	0.13264	0.02243	0.03151	0.07487	0.05213	0.09713	0.02534	0.04573	0.01812	0.02084	0.01361	0.01060	0.00870	0.00335	0.01211	0.00741	0.00668	0.01383
22	0.02931	0.07759	0.08914	0.11714	0.06713	0.02329	0.09412	0.03524	0.02466	0.16735	0.03014	0.09865	0.02498	0.01446	0.01298	0.00360	0.05527	0.01252	0.00781	0.01461
23	0.01713	0.01044	0.01427	0.01427	0.01534	0.01083	0.01004	0.01689	0.01696	0.02359	0.03328	0.04790	0.07146	0.12405	0.19115	0.29300	0.01459	0.01220	0.05539	0.00721
24	0.15919	0.17021	0.21244	0.02237	0.03316	0.02765	0.02412	0.03832	0.05256	0.13008	0.02337	0.02429	0.01696	0.01090	0.00904	0.00318	0.01194	0.00790	0.00701	0.01530
25	0.08714	0.10231	0.33626	0.02749	0.04045	0.02567	0.06594	0.03722	0.02409	0.12119	0.02279	0.02479	0.01603	0.01067	0.00998	0.00334	0.01402	0.00847	0.00634	0.01582
26	0.04892	0.01856	0.02530	0.01940	0.02783	0.01603	0.01603	0.05314	0.03121	0.55634	0.04302	0.03711	0.02699	0.01350	0.01096	0.00337	0.00928	0.01096	0.01350	0.01856
27	0.02580	0.01404	0.01837	0.01756	0.02132	0.01324	0.01348	0.06328	0.02734	0.17694	0.09562	0.30137	0.05743	0.02541	0.01295	0.00404	0.00792	0.08015	0.01126	0.01249
28	0.03738	0.02215	0.06696	0.08399	0.10194	0.01911	0.02120	0.04454	0.05979	0.32676	0.07255	0.03739	0.02942	0.01323	0.01104	0.00341	0.01045	0.01118	0.01064	0.01687
29	0.02721	0.02211	0.03571	0.08852	0.32418	0.02302	0.02694	0.03244	0.02408	0.10006	0.02792	0.10499	0.02526	0.01446	0.01376	0.00360	0.07071	0.01266	0.00696	0.01541
30	0.01558	0.01168	0.01752	0.01752	0.01947	0.01363	0.01363	0.01947	0.01752	0.02531	0.02921	0.04283	0.02726	0.08178	0.57360	0.01752	0.02921	0.01168	0.00584	0.00974
31	0.11912	0.15094	0.08246	0.02447	0.03273	0.17935	0.05230	0.07513	0.07842	0.07464	0.02229	0.02382	0.01712	0.01117	0.00942	0.00307	0.01382	0.00815	0.00700	0.01458
32	0.02716	0.19185	0.25896	0.02560	0.03689	0.02710	0.06228	0.03485	0.02398	0.10832	0.02614	0.08339	0.02189	0.01287	0.01011	0.00326	0.01312	0.01057	0.00655	0.01508
33	0.13399	0.01889	0.02408	0.01873	0.02694	0.01714	0.01547	0.05036	0.02954	0.48941	0.03934	0.03455	0.02499	0.01305	0.01041	0.00337	0.00917	0.01030	0.01261	0.01767
34	0.01348	0.01005	0.01255	0.01408	0.01564	0.00912	0.00974	0.01600	0.02307	0.03029	0.13493	0.42852	0.18048	0.03115	0.01355	0.00413	0.00599	0.02775	0.01037	0.00912
35	0.02750	0.26816	0.27368	0.02656	0.03890	0.03151	0.07146	0.03556	0.02368	0.07929	0.02026	0.02277	0.01534	0.01015	0.00935	0.00304	0.01398	0.00790	0.00553	0.01540
36	0.03856	0.02145	0.06459	0.02399	0.07412	0.01785	0.01871	0.04618	0.07592	0.35717	0.10539	0.04136	0.03575	0.01421	0.01117	0.00340	0.00950	0.01192	0.01171	0.01705
37	0.03745	0.01560	0.02070	0.01713	0.02324	0.01380	0.01364	0.04156	0.02874	0.37300	0.09044	0.11719	0.04007	0.01693	0.01110	0.00341	0.00797	0.01431	0.09831	0.01543
38	0.11311	0.02408	0.02386	0.01820	0.02701	0.06987	0.01456	0.09350	0.02663	0.04081	0.01950	0.02218	0.01571	0.00929	0.00844	0.00217	0.00971	0.00688	0.00701	0.44747
39	0.02935	0.03245	0.20130	0.17371	0.04834	0.02301	0.05605	0.07149	0.02675	0.15338	0.02544	0.02836	0.01763	0.01120	0.01068	0.00337	0.01349	0.00945	0.00731	0.05727

[dist]
# distance from previous block
# <min> <max>
1	59

[block]
# block no. 1 follows, 12 sequences, length 22
# corresponding to MSA columns:
# 277-298
name=unknown_B
#
# <colnr> <probs for GDERKNQSTAVLIFYWHMCP>
#	G	D	E	R	K	N	Q	S	T	A	V	L	I	F	Y	W	H	M	C	P
0	0.09524	0.02514	0.09167	0.08189	0.03457	0.02318	0.02134	0.04056	0.09493	0.19141	0.02873	0.02995	0.02062	0.01325	0.01444	0.00356	0.10852	0.00963	0.00856	0.06281
1	0.02271	0.02045	0.03042	0.19221	0.17820	0.02084	0.02334	0.03088	0.06632	0.03523	0.08579	0.03431	0.02803	0.01161	0.01044	0.00301	0.01089	0.01035	0.00679	0.17820
2	0.02330	0.09402	0.16656	0.08589	0.04584	0.02603	0.19817	0.03353	0.06804	0.03326	0.02711	0.09857	0.02371	0.01319	0.01145	0.00357	0.01445	0.01287	0.00620	0.01422
3	0.01941	0.01725	0.02899	0.36859	0.05517	0.01992	0.06392	0.02547	0.02202	0.02957	0.02990	0.15666	0.02843	0.01599	0.01143	0.00371	0.01224	0.01464	0.06522	0.01145
4	0.04822	0.01968	0.02600	0.01993	0.02839	0.01769	0.01646	0.09606	0.03308	0.51077	0.04144	0.03609	0.02620	0.01346	0.01096	0.00336	0.00953	0.01086	0.01325	0.01855
5	0.01608	0.01262	0.01472	0.01393	0.01728	0.01201	0.01052	0.02362	0.08992	0.03955	0.34864	0.08371	0.23055	0.02302	0.01265	0.00354	0.00569	0.01983	0.01131	0.01081
6	0.01510	0.01112	0.01602	0.01657	0.01808	0.01235	0.01231	0.01825	0.01812	0.02553	0.03634	0.16863	0.03801	0.11366	0.41069	0.01412	0.02275	0.01622	0.00683	0.00930
7	0.01713	0.01355	0.01826	0.01755	0.01827	0.01608	0.01286	0.01912	0.01711	0.02428	0.03123	0.10848	0.03371	0.25410	0.22095	0.01107	0.13619	0.01475	0.00634	0.00898
8	0.16226	0.02111	0.02496	0.01950	0.02769	0.02065	0.01610	0.13009	0.03248	0.38045	0.03511	0.03174	0.02281	0.01282	0.01021	0.00336	0.00961	0.00986	0.01184	0.01735
9	0.04073	0.05197	0.03090	0.02809	0.03371	0.57303	0.02107	0.04354	0.03090	0.02669	0.01685	0.01966	0.01404	0.01124	0.00983	0.00281	0.01966	0.00702	0.00562	0.01264
10	0.02057	0.01431	0.02160	0.21534	0.03844	0.01540	0.01852	0.02490	0.02285	0.09291	0.04369	0.29322	0.04579	0.02320	0.01262	0.00408	0.00988	0.06270	0.00870	0.01128
11	0.16878	0.01903	0.02358	0.01846	0.02658	0.01759	0.01524	0.04922	0.02886	0.46204	0.03784	0.03351	0.02417	0.01287	0.01018	0.00337	0.00912	0.01002	0.01224	0.01730
12	0.04892	0.01856	0.02530	0.01940	0.02783	0.01603	0.01603	0.05314	0.03121	0.55634	0.04302	0.03711	0.02699	0.01350	0.01096	0.00337	0.00928	0.01096	0.01350	0.01856
13	0.02033	0.01016	0.01016	0.01016	0.01270	0.01016	0.00762	0.02541	0.02287	0.04065	0.03557	0.04065	0.02795	0.01270	0.00762	0.00254	0.00508	0.01016	0.67734	0.01016
14	0.02851	0.02688	0.02522	0.08163	0.03038	0.18103	0.01825	0.03169	0.02378	0.07836	0.02768	0.10182	0.02604	0.06924	0.01966	0.00421	0.13213	0.01220	0.06953	0.01178
15	0.01433	0.01078	0.01346	0.01489	0.01702	0.00991	0.01123	0.01750	0.02400	0.03102	0.12487	0.30101	0.21108	0.03013	0.01375	0.00423	0.00678	0.12434	0.01030	0.00937
16	0.02688	0.02619	0.04591	0.06520	0.50842	0.02604	0.07252	0.03358	0.02490	0.03556	0.02064	0.02719	0.01721	0.00967	0.01096	0.00327	0.01340	0.00997	0.00541	0.01706
17	0.01759	0.01140	0.01442	0.01563	0.01770	0.01085	0.01123	0.02183	0.05204	0.07184	0.06044	0.42138	0.10252	0.02931	0.01315	0.00417	0.00682	0.05797	0.04940	0.01030
18	0.09429	0.13071	0.18085	0.11713	0.08473	0.02741	0.09576	0.03228	0.02271	0.03378	0.01877	0.02367	0.01461	0.00983	0.00970	0.00314	0.01370	0.00839	0.00523	0.07331
19	0.08701	0.03202	0.12424	0.08832	0.04883	0.02806	0.23840	0.14235	0.03012	0.04309	0.02176	0.02666	0.01598	0.01050	0.01132	0.00352	0.01535	0.01054	0.00665	0.01529
20	0.01965	0.01601	0.02155	0.02154	0.06589	0.01723	0.01446	0.02175	0.01810	0.02630	0.02510	0.04369	0.02582	0.23403	0.11236	0.05103	0.12248	0.01152	0.00590	0.12559
21	0.03466	0.08067	0.18024	0.08489	0.04087	0.02280	0.07053	0.04193	0.02669	0.26368	0.02977	0.03002	0.01998	0.01161	0.01064	0.00336	0.01277	0.00978	0.00865	0.01646

[dist]
# distance from previous block
# <min> <max>
0	1

[block]
# block no. 2 follows, 12 sequences, length 51
# corresponding to MSA columns:
# 300-350
name=unknown_C
#
# <colnr> <probs for GDERKNQSTAVLIFYWHMCP>
#	G	D	E	R	K	N	Q	S	T	A	V	L	I	F	Y	W	H	M	C	P
0	0.03037	0.08884	0.20680	0.02514	0.03528	0.02198	0.06927	0.03755	0.02520	0.19940	0.03102	0.07821	0.02422	0.01871	0.05461	0.00452	0.01391	0.01142	0.00810	0.01546
1	0.04242	0.01665	0.02186	0.01730	0.02439	0.01469	0.01412	0.04683	0.02931	0.43911	0.04132	0.03792	0.02721	0.01332	0.01020	0.00318	0.00832	0.01078	0.16440	0.01665
2	0.02532	0.01842	0.06860	0.01724	0.02292	0.01461	0.01498	0.06470	0.03125	0.15969	0.31149	0.06372	0.10419	0.01892	0.01206	0.00343	0.00762	0.01618	0.01144	0.01322
3	0.02517	0.03615	0.20190	0.10238	0.05453	0.02699	0.28323	0.06878	0.02636	0.03647	0.02133	0.02729	0.01567	0.01001	0.01177	0.00358	0.01682	0.01089	0.00557	0.01510
4	0.03199	0.25590	0.07839	0.08830	0.03641	0.15575	0.02243	0.06419	0.02608	0.06803	0.01895	0.02217	0.01530	0.01135	0.01125	0.00300	0.06290	0.00762	0.00592	0.01405
5	0.02235	0.01212	0.01233	0.01160	0.01473	0.01243	0.00888	0.07218	0.02559	0.04335	0.03467	0.03926	0.02704	0.01274	0.00794	0.00261	0.00575	0.01013	0.61333	0.01097
6	0.03226	0.09368	0.03109	0.02278	0.03018	0.03122	0.01860	0.21077	0.30811	0.05127	0.03484	0.03309	0.02605	0.01359	0.01057	0.00340	0.01013	0.01073	0.01030	0.01733
7	0.03312	0.02956	0.17933	0.09195	0.09696	0.02024	0.02583	0.04042	0.02639	0.24542	0.03047	0.03133	0.02080	0.01181	0.01049	0.00334	0.01189	0.00978	0.06459	0.01628
8	0.04892	0.01856	0.02530	0.01940	0.02783	0.01603	0.01603	0.05314	0.03121	0.55634	0.04302	0.03711	0.02699	0.01350	0.01096	0.00337	0.00928	0.01096	0.01350	0.01856
9	0.01323	0.01044	0.01194	0.01288	0.01527	0.00915	0.00916	0.01583	0.02373	0.02988	0.12276	0.30277	0.32475	0.02981	0.01329	0.00396	0.00581	0.02592	0.01026	0.00915
10	0.02968	0.07903	0.25952	0.11854	0.04589	0.02412	0.06558	0.03830	0.02514	0.17185	0.02565	0.02783	0.01766	0.01112	0.01055	0.00340	0.01389	0.00929	0.00708	0.01586
11	0.01807	0.01499	0.06466	0.01678	0.01999	0.01122	0.01343	0.02130	0.02257	0.08833	0.05862	0.44842	0.10112	0.02907	0.01317	0.00416	0.00750	0.02594	0.00999	0.01065
12	0.02867	0.42636	0.08961	0.02340	0.03199	0.08086	0.05623	0.03307	0.02253	0.02711	0.01601	0.01965	0.01420	0.01066	0.01117	0.00283	0.07997	0.00701	0.00481	0.01386
13	0.17508	0.07778	0.02625	0.01766	0.02648	0.02299	0.01467	0.11989	0.02705	0.04380	0.01934	0.02172	0.01544	0.00958	0.00821	0.00238	0.00922	0.00691	0.00719	0.34836
14	0.20144	0.08296	0.03455	0.08906	0.03751	0.02971	0.08875	0.17765	0.07733	0.04788	0.02262	0.02531	0.01700	0.01132	0.00976	0.00335	0.01194	0.00909	0.00780	0.01498
15	0.01560	0.01158	0.01700	0.01700	0.01877	0.01335	0.01298	0.01914	0.01737	0.02493	0.02968	0.04548	0.02841	0.13132	0.52562	0.01688	0.02748	0.01207	0.00591	0.00945
16	0.14882	0.01887	0.05284	0.01858	0.02442	0.01694	0.05066	0.03116	0.06184	0.11540	0.19277	0.09595	0.09272	0.01789	0.01125	0.00355	0.00837	0.01529	0.00994	0.01274
17	0.02699	0.02591	0.04426	0.06693	0.54879	0.02591	0.03346	0.03346	0.02483	0.03562	0.02051	0.02699	0.01727	0.00972	0.01079	0.00324	0.01295	0.00972	0.00540	0.01727
18	0.04654	0.01803	0.02454	0.01900	0.02701	0.01562	0.01562	0.05083	0.03118	0.51996	0.07850	0.04026	0.03238	0.01412	0.01110	0.00338	0.00898	0.01159	0.01339	0.01797
19	0.01582	0.01161	0.01674	0.01720	0.01836	0.01306	0.01277	0.01799	0.01817	0.02547	0.03692	0.22314	0.03984	0.05689	0.29387	0.08757	0.06101	0.01750	0.00702	0.00905
20	0.01995	0.01229	0.01665	0.01792	0.02039	0.01185	0.01440	0.02358	0.02376	0.09006	0.05396	0.22189	0.05826	0.09549	0.01889	0.00532	0.00914	0.26578	0.01007	0.01035
21	0.02059	0.01938	0.03270	0.59060	0.07510	0.02422	0.03028	0.02786	0.02180	0.02786	0.01938	0.02907	0.01453	0.01090	0.01090	0.00363	0.01453	0.00969	0.00484	0.01211
22	0.02059	0.01938	0.03270	0.59060	0.07510	0.02422	0.03028	0.02786	0.02180	0.02786	0.01938	0.02907	0.01453	0.01090	0.01090	0.00363	0.01453	0.00969	0.00484	0.01211
23	0.03893	0.02235	0.02541	0.02002	0.02726	0.02315	0.01636	0.26485	0.03885	0.20876	0.03335	0.03272	0.02320	0.01312	0.01018	0.00314	0.00962	0.01024	0.16183	0.01666
24	0.02963	0.03086	0.18222	0.09078	0.04166	0.02221	0.08121	0.04103	0.09776	0.17169	0.03270	0.03900	0.02453	0.01339	0.01136	0.00364	0.01283	0.04925	0.00844	0.01579
25	0.04892	0.01856	0.02530	0.01940	0.02783	0.01603	0.01603	0.05314	0.03121	0.55634	0.04302	0.03711	0.02699	0.01350	0.01096	0.00337	0.00928	0.01096	0.01350	0.01856
26	0.01704	0.01283	0.01845	0.13318	0.02819	0.01466	0.01455	0.02057	0.01830	0.02573	0.02916	0.04823	0.02833	0.21944	0.26437	0.01153	0.01895	0.01239	0.05477	0.00934
27	0.02187	0.05640	0.56031	0.03108	0.04719	0.02532	0.04029	0.03453	0.02302	0.03453	0.01957	0.02302	0.01381	0.01036	0.01036	0.00345	0.01611	0.00806	0.00460	0.01611
28	0.02815	0.02755	0.09269	0.17777	0.17629	0.02527	0.14034	0.06876	0.02672	0.09468	0.02345	0.02876	0.01729	0.01061	0.01128	0.00347	0.01441	0.01043	0.00652	0.01555
29	0.01377	0.00983	0.01321	0.01574	0.01658	0.00927	0.01096	0.01602	0.02135	0.02838	0.05983	0.55468	0.07106	0.03370	0.01405	0.00450	0.00675	0.08123	0.01011	0.00899
30	0.02915	0.62337	0.05714	0.01866	0.02799	0.04314	0.01866	0.03265	0.02215	0.02565	0.01516	0.01749	0.01399	0.00933	0.00700	0.00233	0.01166	0.00583	0.00466	0.01399
31	0.02708	0.46190	0.20043	0.02219	0.03345	0.03807	0.02482	0.03318	0.02240	0.02818	0.01641	0.01907	0.01394	0.00962	0.00795	0.00265	0.01293	0.00646	0.00465	0.01460
32	0.01394	0.00997	0.01334	0.01549	0.01652	0.00937	0.01086	0.01651	0.02242	0.03011	0.11506	0.50257	0.07473	0.03242	0.01391	0.00437	0.00655	0.07239	0.01033	0.00913
33	0.02508	0.30658	0.33828	0.02560	0.03872	0.03319	0.03074	0.03370	0.02264	0.03061	0.01762	0.02058	0.01389	0.00990	0.00888	0.00296	0.01415	0.00707	0.00463	0.01518
34	0.16055	0.02180	0.02959	0.21200	0.04248	0.02852	0.02351	0.02797	0.01877	0.03144	0.01617	0.02432	0.01387	0.01453	0.02156	0.00411	0.28279	0.00884	0.00520	0.01196
35	0.04820	0.01971	0.02602	0.01995	0.02841	0.01773	0.01648	0.09725	0.03313	0.50951	0.04140	0.03606	0.02618	0.01346	0.01096	0.00336	0.00954	0.01085	0.01325	0.01855
36	0.01328	0.00949	0.01265	0.01518	0.01581	0.00886	0.01012	0.01518	0.02088	0.02783	0.06010	0.60969	0.07212	0.03416	0.01392	0.00443	0.00633	0.03100	0.01012	0.00886
37	0.16680	0.02459	0.08517	0.02039	0.02923	0.02080	0.01843	0.08085	0.06558	0.32707	0.03389	0.03126	0.02243	0.01256	0.01010	0.00340	0.01005	0.00968	0.01083	0.01689
38	0.02915	0.62337	0.05714	0.01866	0.02799	0.04314	0.01866	0.03265	0.02215	0.02565	0.01516	0.01749	0.01399	0.00933	0.00700	0.00233	0.01166	0.00583	0.00466	0.01399
39	0.03782	0.01752	0.02335	0.01904	0.02554	0.01671	0.01545	0.08687	0.02999	0.34591	0.08008	0.04107	0.03259	0.02971	0.13902	0.00659	0.01372	0.01175	0.01138	0.01586
40	0.02478	0.03841	0.24936	0.04939	0.27017	0.02596	0.11597	0.03413	0.02427	0.03508	0.02040	0.02584	0.01580	0.00988	0.01097	0.00340	0.01510	0.00960	0.00511	0.01639
41	0.03123	0.02394	0.04060	0.10296	0.34642	0.02366	0.06903	0.03750	0.02606	0.15216	0.02561	0.02966	0.01915	0.01063	0.01102	0.00334	0.01273	0.01026	0.00718	0.01687
42	0.02553	0.01304	0.01746	0.01595	0.01985	0.01172	0.01208	0.02946	0.02813	0.20320	0.24553	0.21770	0.06984	0.02286	0.01255	0.00370	0.00680	0.02013	0.01194	0.01253
43	0.02082	0.01169	0.01532	0.01548	0.01824	0.01053	0.01118	0.02365	0.02452	0.13849	0.11662	0.38309	0.11171	0.02793	0.01309	0.00403	0.00672	0.02482	0.01103	0.01105
44	0.03029	0.04293	0.36105	0.02873	0.04214	0.02271	0.06950	0.04015	0.02569	0.19126	0.02680	0.02775	0.01798	0.01121	0.01074	0.00345	0.01424	0.00930	0.00734	0.01674
45	0.01601	0.01046	0.01354	0.01490	0.01660	0.00953	0.01036	0.01842	0.02286	0.06782	0.10220	0.46910	0.12519	0.03098	0.01350	0.00419	0.00636	0.02774	0.01051	0.00972
46	0.10470	0.18805	0.26209	0.02407	0.03585	0.02911	0.02696	0.07184	0.02549	0.10559	0.02156	0.02313	0.01573	0.01069	0.00923	0.00314	0.01291	0.00777	0.00651	0.01560
47	0.02433	0.02774	0.14504	0.01978	0.03084	0.01709	0.01936	0.03091	0.02332	0.07269	0.02112	0.02374	0.01640	0.00898	0.00880	0.00216	0.00999	0.00715	0.00654	0.48402
48	0.19054	0.12804	0.07318	0.02492	0.08800	0.02711	0.01973	0.10941	0.02743	0.11008	0.02194	0.02355	0.01648	0.01063	0.00888	0.00297	0.01072	0.00783	0.00757	0.09099
49	0.03883	0.04491	0.09205	0.02737	0.03529	0.32012	0.02314	0.20801	0.03719	0.04242	0.02045	0.02235	0.01561	0.01179	0.01027	0.00305	0.01655	0.00813	0.00737	0.01512
50	0.03693	0.02550	0.02785	0.06994	0.03295	0.08647	0.01911	0.14649	0.08082	0.20751	0.03672	0.03609	0.05972	0.01460	0.01327	0.00349	0.06558	0.01103	0.01002	0.01592

[dist]
# distance from previous block
# <min> <max>
0	15

[block]
# block no. 3 follows, 12 sequences, length 61
# corresponding to MSA columns:
# 366-426
name=unknown_D
#
# <colnr> <probs for GDERKNQSTAVLIFYWHMCP>
#	G	D	E	R	K	N	Q	S	T	A	V	L	I	F	Y	W	H	M	C	P
0	0.08355	0.02374	0.03424	0.14783	0.22673	0.02505	0.02564	0.12214	0.02971	0.13833	0.02511	0.02842	0.01837	0.01129	0.01056	0.00336	0.01205	0.00967	0.00790	0.01632
1	0.03420	0.02857	0.10042	0.09548	0.11313	0.06557	0.06462	0.04336	0.08181	0.21533	0.03049	0.03134	0.02132	0.01187	0.01094	0.00341	0.01277	0.01027	0.00869	0.01641
2	0.02874	0.02762	0.09324	0.04054	0.23821	0.02505	0.02609	0.09167	0.14346	0.08033	0.06817	0.03449	0.02795	0.01255	0.01100	0.00340	0.01135	0.01099	0.00831	0.01683
3	0.02532	0.01333	0.01774	0.01540	0.01970	0.01198	0.01198	0.03019	0.03097	0.19515	0.39533	0.06835	0.08046	0.01969	0.01230	0.00341	0.00637	0.01713	0.01244	0.01273
4	0.03571	0.02758	0.08804	0.09146	0.07695	0.08968	0.05457	0.04133	0.02755	0.25639	0.03270	0.07625	0.02462	0.01363	0.01109	0.00343	0.01259	0.01161	0.00913	0.01569
5	0.02935	0.01848	0.02892	0.36177	0.05531	0.02051	0.02414	0.03547	0.02554	0.19990	0.06713	0.03568	0.02533	0.01261	0.01107	0.00353	0.01212	0.01087	0.00819	0.01406
6	0.01485	0.01106	0.01401	0.01597	0.01723	0.01092	0.01093	0.02002	0.07836	0.02984	0.05832	0.54533	0.06772	0.03197	0.01360	0.00435	0.00659	0.02889	0.01023	0.00981
7	0.02532	0.02878	0.09065	0.10130	0.11426	0.02671	0.24871	0.03905	0.13665	0.03658	0.02632	0.03104	0.01991	0.01078	0.01179	0.00360	0.01492	0.01160	0.00659	0.01543
8	0.02261	0.01938	0.02261	0.01615	0.02584	0.01453	0.01292	0.02745	0.02261	0.03553	0.01938	0.02261	0.01615	0.00807	0.00807	0.00161	0.00807	0.00646	0.00646	0.68346
9	0.01794	0.01483	0.02205	0.02847	0.16247	0.01418	0.01647	0.02256	0.02655	0.03692	0.26043	0.18536	0.10502	0.02186	0.01253	0.00362	0.00758	0.01971	0.00963	0.01181
10	0.01922	0.01198	0.01579	0.01436	0.01760	0.01094	0.01094	0.02426	0.03090	0.10171	0.48648	0.07643	0.09430	0.02130	0.01265	0.00342	0.00561	0.01873	0.01217	0.01122
11	0.02624	0.20030	0.26031	0.03004	0.07895	0.02875	0.06918	0.03442	0.02391	0.07050	0.02330	0.03105	0.01908	0.01168	0.01009	0.00326	0.01387	0.04401	0.00583	0.01522
12	0.02539	0.04884	0.44380	0.03386	0.10183	0.02438	0.03688	0.03643	0.02411	0.09136	0.02222	0.02500	0.01564	0.01063	0.01047	0.00342	0.01501	0.00856	0.00566	0.01651
13	0.02263	0.02146	0.03638	0.42377	0.22600	0.02476	0.03129	0.02964	0.02277	0.03033	0.01974	0.02841	0.01541	0.01052	0.01087	0.00351	0.01403	0.00970	0.00502	0.01376
14	0.02343	0.02238	0.03539	0.30596	0.05573	0.02629	0.09916	0.03701	0.16038	0.03364	0.02619	0.03186	0.01994	0.01238	0.01332	0.00375	0.06177	0.01088	0.00665	0.01390
15	0.02187	0.05640	0.56031	0.03108	0.04719	0.02532	0.04029	0.03453	0.02302	0.03453	0.01957	0.02302	0.01381	0.01036	0.01036	0.00345	0.01611	0.00806	0.00460	0.01611
16	0.02520	0.03654	0.22426	0.05442	0.37383	0.02570	0.03584	0.03384	0.02420	0.03524	0.02018	0.02560	0.01606	0.00994	0.01064	0.00331	0.01406	0.00914	0.00512	0.01687
17	0.01633	0.01218	0.01565	0.01754	0.01944	0.01229	0.01327	0.02284	0.08670	0.03153	0.05739	0.39115	0.06437	0.03049	0.01390	0.00451	0.00773	0.16218	0.01022	0.01028
18	0.02629	0.02520	0.04300	0.12383	0.49732	0.02572	0.03312	0.03285	0.02450	0.03478	0.02039	0.02721	0.01697	0.00984	0.01081	0.00328	0.01313	0.00971	0.00534	0.01671
19	0.03168	0.16854	0.13142	0.02865	0.09811	0.07356	0.02387	0.04278	0.12717	0.12812	0.02767	0.02807	0.02061	0.01157	0.00986	0.00315	0.01225	0.00906	0.00771	0.01616
20	0.02187	0.05640	0.56031	0.03108	0.04719	0.02532	0.04029	0.03453	0.02302	0.03453	0.01957	0.02302	0.01381	0.01036	0.01036	0.00345	0.01611	0.00806	0.00460	0.01611
21	0.01757	0.01255	0.01757	0.02008	0.02259	0.01255	0.01757	0.02259	0.02510	0.03263	0.05773	0.12299	0.06275	0.03012	0.01506	0.00502	0.01004	0.47540	0.01004	0.01004
22	0.01522	0.01081	0.01344	0.01480	0.01603	0.01042	0.01056	0.01734	0.02063	0.02689	0.05620	0.24191	0.11183	0.23603	0.02862	0.00664	0.00865	0.13670	0.00887	0.00841
23	0.44865	0.02273	0.02293	0.02306	0.09062	0.02502	0.01625	0.10108	0.02526	0.10511	0.02041	0.02217	0.01509	0.01085	0.00830	0.00334	0.00959	0.00748	0.00789	0.01417
24	0.02683	0.02635	0.04681	0.06426	0.48632	0.02612	0.09389	0.03365	0.02494	0.03553	0.02071	0.02729	0.01718	0.00965	0.01106	0.00329	0.01364	0.01012	0.00541	0.01695
25	0.01377	0.00984	0.01321	0.01574	0.01658	0.00927	0.01096	0.01602	0.02135	0.02838	0.05983	0.55464	0.07106	0.03370	0.01405	0.00450	0.00675	0.08127	0.01011	0.00899
26	0.02617	0.02508	0.04279	0.13345	0.48862	0.02569	0.03306	0.03275	0.02444	0.03464	0.02037	0.02725	0.01692	0.00987	0.01081	0.00329	0.01315	0.00971	0.00533	0.01662
27	0.02966	0.29795	0.21619	0.02424	0.03565	0.03511	0.02623	0.14635	0.02930	0.03871	0.01920	0.02135	0.01501	0.01055	0.00902	0.00292	0.01320	0.00750	0.00612	0.01576
28	0.01328	0.00949	0.01265	0.01518	0.01581	0.00886	0.01012	0.01518	0.02088	0.02783	0.06010	0.60969	0.07212	0.03416	0.01392	0.00443	0.00633	0.03100	0.01012	0.00886
29	0.69383	0.02109	0.01603	0.01434	0.02109	0.02446	0.01181	0.03205	0.01856	0.04892	0.01518	0.01771	0.01181	0.01012	0.00675	0.00337	0.00843	0.00590	0.00675	0.01181
30	0.03926	0.12455	0.03423	0.02689	0.03298	0.50572	0.02076	0.04216	0.02979	0.02655	0.01664	0.01939	0.01404	0.01099	0.00947	0.00275	0.01865	0.00687	0.00550	0.01281
31	0.03070	0.02354	0.02621	0.02286	0.02914	0.02606	0.01883	0.24364	0.18767	0.05203	0.04017	0.05669	0.03491	0.01820	0.01209	0.00387	0.01046	0.13635	0.01073	0.01586
32	0.01390	0.01055	0.01281	0.01337	0.01564	0.00946	0.00960	0.01720	0.02559	0.03386	0.24345	0.26726	0.23179	0.02798	0.01323	0.00385	0.00566	0.02457	0.01077	0.00946
33	0.01328	0.00949	0.01265	0.01518	0.01581	0.00886	0.01012	0.01518	0.02088	0.02783	0.06010	0.60969	0.07212	0.03416	0.01392	0.00443	0.00633	0.03100	0.01012	0.00886
34	0.69383	0.02109	0.01603	0.01434	0.02109	0.02446	0.01181	0.03205	0.01856	0.04892	0.01518	0.01771	0.01181	0.01012	0.00675	0.00337	0.00843	0.00590	0.00675	0.01181
35	0.03210	0.03607	0.03781	0.09438	0.29796	0.25050	0.02811	0.03714	0.02707	0.03131	0.01891	0.02415	0.01572	0.01044	0.01041	0.00309	0.01584	0.00861	0.00544	0.01494
36	0.01582	0.01062	0.01210	0.01204	0.01224	0.01055	0.00690	0.01623	0.01704	0.02292	0.07441	0.07215	0.04462	0.56999	0.05214	0.01001	0.01014	0.01616	0.00703	0.00690
37	0.69383	0.02109	0.01603	0.01434	0.02109	0.02446	0.01181	0.03205	0.01856	0.04892	0.01518	0.01771	0.01181	0.01012	0.00675	0.00337	0.00843	0.00590	0.00675	0.01181
38	0.01392	0.00994	0.01338	0.01591	0.01682	0.00940	0.01122	0.01628	0.02150	0.02854	0.05975	0.53769	0.07073	0.03356	0.01409	0.00452	0.00688	0.09674	0.01011	0.00903
39	0.04145	0.03054	0.03272	0.02509	0.03381	0.03381	0.02072	0.51243	0.05127	0.06872	0.02618	0.02618	0.01854	0.01309	0.01091	0.00327	0.01200	0.00982	0.01091	0.01854
40	0.01888	0.01420	0.01643	0.01635	0.01935	0.01491	0.01202	0.03074	0.17833	0.03847	0.16134	0.24454	0.06162	0.02285	0.01202	0.00374	0.00660	0.02011	0.09560	0.01191
41	0.02915	0.62337	0.05714	0.01866	0.02799	0.04314	0.01866	0.03265	0.02215	0.02565	0.01516	0.01749	0.01399	0.00933	0.00700	0.00233	0.01166	0.00583	0.00466	0.01399
42	0.04073	0.05197	0.03090	0.02809	0.03371	0.57303	0.02107	0.04354	0.03090	0.02669	0.01685	0.01966	0.01404	0.01124	0.00983	0.00281	0.01966	0.00702	0.00562	0.01264
43	0.01586	0.01057	0.01189	0.01189	0.01189	0.01057	0.00661	0.01586	0.01586	0.02114	0.03436	0.07135	0.03964	0.61681	0.05550	0.01057	0.01057	0.01586	0.00661	0.00661
44	0.02699	0.02591	0.04426	0.06693	0.54879	0.02591	0.03346	0.03346	0.02483	0.03562	0.02051	0.02699	0.01727	0.00972	0.01079	0.00324	0.01295	0.00972	0.00540	0.01727
45	0.03990	0.01638	0.02164	0.01735	0.02348	0.01454	0.01346	0.04297	0.02702	0.41033	0.04065	0.04645	0.03044	0.17809	0.02311	0.00534	0.00963	0.01230	0.01162	0.01530
46	0.02429	0.20803	0.36693	0.02937	0.04306	0.03044	0.08742	0.03406	0.02309	0.03215	0.01865	0.02223	0.01417	0.00995	0.00973	0.00317	0.01516	0.00799	0.00472	0.01538
47	0.02672	0.02667	0.04861	0.06238	0.44220	0.02627	0.13657	0.03378	0.02502	0.03547	0.02085	0.02751	0.01711	0.00960	0.01124	0.00333	0.01413	0.01040	0.00542	0.01672
48	0.02915	0.62337	0.05714	0.01866	0.02799	0.04314	0.01866	0.03265	0.02215	0.02565	0.01516	0.01749	0.01399	0.00933	0.00700	0.00233	0.01166	0.00583	0.00466	0.01399
49	0.02314	0.09390	0.15549	0.02001	0.03120	0.02023	0.02011	0.02972	0.02266	0.03422	0.01897	0.02215	0.01535	0.00876	0.00851	0.00213	0.01040	0.00678	0.00582	0.45046
50	0.03866	0.03736	0.07455	0.02990	0.09122	0.24690	0.02249	0.07857	0.06927	0.16456	0.02677	0.02719	0.01941	0.01196	0.01044	0.00315	0.01463	0.00900	0.00827	0.01570
51	0.02941	0.02456	0.02594	0.02265	0.02922	0.02819	0.01781	0.13043	0.45289	0.04930	0.04148	0.03837	0.03093	0.01452	0.01106	0.00363	0.00917	0.01193	0.01106	0.01746
52	0.69383	0.02109	0.01603	0.01434	0.02109	0.02446	0.01181	0.03205	0.01856	0.04892	0.01518	0.01771	0.01181	0.01012	0.00675	0.00337	0.00843	0.00590	0.00675	0.01181
53	0.27639	0.02714	0.02671	0.02122	0.02923	0.03044	0.01751	0.33943	0.03949	0.06159	0.02222	0.02313	0.01612	0.01202	0.00941	0.00331	0.01071	0.00841	0.00941	0.01612
54	0.01561	0.01154	0.01681	0.01681	0.01851	0.01324	0.01274	0.01901	0.01731	0.02478	0.02986	0.04646	0.02883	0.14974	0.50779	0.01664	0.02684	0.01221	0.00594	0.00934
55	0.04137	0.03287	0.03252	0.02541	0.03380	0.09241	0.02076	0.46148	0.04905	0.06415	0.02516	0.02547	0.01805	0.01289	0.01079	0.00322	0.01283	0.00951	0.01033	0.01790
56	0.01294	0.01085	0.01125	0.01157	0.01487	0.00916	0.00852	0.01559	0.02435	0.02925	0.10406	0.16905	0.48438	0.02845	0.01302	0.00378	0.00562	0.02403	0.01012	0.00916
57	0.02644	0.02736	0.04522	0.16965	0.29927	0.06901	0.13732	0.03340	0.02487	0.03313	0.02033	0.02739	0.01628	0.00997	0.01120	0.00339	0.01502	0.01020	0.00532	0.01525
58	0.01586	0.01057	0.01189	0.01189	0.01189	0.01057	0.00661	0.01586	0.01586	0.02114	0.03436	0.07135	0.03964	0.61681	0.05550	0.01057	0.01057	0.01586	0.00661	0.00661
59	0.02372	0.02890	0.14675	0.02839	0.03719	0.02202	0.16187	0.10259	0.03084	0.04306	0.20388	0.04572	0.04639	0.01460	0.01204	0.00348	0.01231	0.01378	0.00841	0.01405
60	0.02514	0.02780	0.05855	0.12069	0.09709	0.02700	0.40845	0.03387	0.02514	0.03403	0.02158	0.02918	0.01633	0.00946	0.01244	0.00364	0.01745	0.01220	0.00542	0.01455

[dist]
# distance from previous block
# <min> <max>
0	29

# created by:
# /st0/software/busco_prod/Augustus/scripts/msa2prfl.pl ./align_prep/9051.fa
