[name]
unknown

[dist]
# distance from previous block
# <min> <max>
0	1478

[block]
# block no. 0 follows, 12 sequences, length 8
# corresponding to MSA columns:
# 1568-1575
name=unknown_A
#
# <colnr> <probs for GDERKNQSTAVLIFYWHMCP>
#	G	D	E	R	K	N	Q	S	T	A	V	L	I	F	Y	W	H	M	C	P
0	0.01413	0.01056	0.01325	0.01460	0.01655	0.00968	0.01072	0.01720	0.02409	0.03154	0.15277	0.33244	0.19085	0.03003	0.01365	0.00416	0.00644	0.08758	0.01043	0.00934
1	0.27430	0.01944	0.02206	0.01763	0.02548	0.01897	0.01455	0.04577	0.02679	0.37901	0.03329	0.03033	0.02168	0.01232	0.00949	0.00337	0.00898	0.00920	0.01114	0.01620
2	0.01837	0.01849	0.07004	0.01695	0.02191	0.01556	0.01453	0.02991	0.14707	0.04067	0.29448	0.07032	0.15810	0.02031	0.01220	0.00354	0.00712	0.01742	0.01072	0.01232
3	0.03007	0.02405	0.02941	0.02493	0.02915	0.02942	0.02030	0.10620	0.20042	0.09560	0.02942	0.03142	0.02282	0.01618	0.02119	0.00405	0.25057	0.01070	0.00873	0.01538
4	0.03364	0.22356	0.08849	0.02376	0.03246	0.13167	0.02149	0.16991	0.10070	0.04120	0.02287	0.02394	0.01786	0.01154	0.00945	0.00297	0.01319	0.00823	0.00742	0.01564
5	0.69383	0.02109	0.01603	0.01434	0.02109	0.02446	0.01181	0.03205	0.01856	0.04892	0.01518	0.01771	0.01181	0.01012	0.00675	0.00337	0.00843	0.00590	0.00675	0.01181
6	0.01586	0.01057	0.01189	0.01189	0.01189	0.01057	0.00661	0.01586	0.01586	0.02114	0.03436	0.07135	0.03964	0.61681	0.05550	0.01057	0.01057	0.01586	0.00661	0.00661
7	0.01587	0.01255	0.01449	0.01417	0.01734	0.01201	0.01054	0.02325	0.09518	0.03697	0.26257	0.15700	0.23793	0.02471	0.01278	0.00369	0.00591	0.02139	0.01099	0.01067

[dist]
# distance from previous block
# <min> <max>
2	3

[block]
# block no. 1 follows, 12 sequences, length 18
# corresponding to MSA columns:
# 1579-1596
name=unknown_B
#
# <colnr> <probs for GDERKNQSTAVLIFYWHMCP>
#	G	D	E	R	K	N	Q	S	T	A	V	L	I	F	Y	W	H	M	C	P
0	0.02374	0.01705	0.02076	0.01620	0.02366	0.01346	0.01257	0.02734	0.02261	0.08860	0.02792	0.11222	0.02584	0.01485	0.01194	0.05525	0.00805	0.01082	0.00762	0.45952
1	0.01557	0.01064	0.01283	0.01346	0.01403	0.01047	0.00865	0.01682	0.01883	0.02521	0.07989	0.16797	0.05237	0.41125	0.04096	0.00840	0.00939	0.06766	0.00797	0.00763
2	0.52120	0.02057	0.01972	0.11472	0.03104	0.02369	0.01538	0.03315	0.02021	0.08922	0.01832	0.02136	0.01360	0.01055	0.00783	0.00342	0.00957	0.00700	0.00700	0.01245
3	0.01306	0.01037	0.01174	0.01284	0.01520	0.00905	0.00908	0.01545	0.02313	0.02875	0.08863	0.32375	0.33964	0.03045	0.01333	0.00401	0.00587	0.02647	0.01012	0.00905
4	0.01580	0.01129	0.01554	0.01806	0.01980	0.01103	0.01450	0.01953	0.02336	0.03065	0.05871	0.32377	0.06661	0.03179	0.01459	0.00478	0.00851	0.29207	0.01007	0.00955
5	0.02385	0.02385	0.03340	0.02863	0.02863	0.03340	0.02385	0.02624	0.01670	0.02624	0.01431	0.02385	0.01431	0.01908	0.03578	0.00477	0.59685	0.00954	0.00477	0.01193
6	0.01844	0.01061	0.01236	0.01340	0.01560	0.01050	0.01043	0.02296	0.02305	0.03651	0.04512	0.15931	0.04393	0.02059	0.01049	0.00346	0.00648	0.12476	0.40207	0.00991
7	0.02915	0.62337	0.05714	0.01866	0.02799	0.04314	0.01866	0.03265	0.02215	0.02565	0.01516	0.01749	0.01399	0.00933	0.00700	0.00233	0.01166	0.00583	0.00466	0.01399
8	0.03314	0.02641	0.02805	0.02341	0.03065	0.02993	0.01872	0.24901	0.32821	0.05533	0.03673	0.03458	0.02709	0.01408	0.01102	0.00352	0.01005	0.01127	0.01102	0.01780
9	0.01536	0.01097	0.01504	0.01756	0.01910	0.01065	0.01373	0.01878	0.02292	0.03016	0.05895	0.37363	0.06757	0.03220	0.01447	0.00472	0.00813	0.24654	0.01008	0.00943
10	0.02320	0.02815	0.10414	0.26906	0.06341	0.02595	0.26165	0.03197	0.02382	0.03197	0.02069	0.02859	0.01542	0.01002	0.01179	0.00364	0.01655	0.01104	0.00514	0.01379
11	0.01459	0.01111	0.01340	0.01283	0.01577	0.00993	0.00962	0.01894	0.02886	0.03898	0.39916	0.08926	0.24972	0.02406	0.01287	0.00351	0.00527	0.02081	0.01138	0.00993
12	0.01574	0.01103	0.01422	0.01422	0.01502	0.01183	0.00950	0.01735	0.01654	0.02286	0.03223	0.05959	0.03453	0.39609	0.26923	0.01344	0.01826	0.01413	0.00629	0.00790
13	0.03273	0.03520	0.02723	0.02462	0.03056	0.25233	0.01883	0.05200	0.32357	0.03780	0.03302	0.03201	0.02535	0.01333	0.01057	0.00333	0.01318	0.01014	0.00884	0.01535
14	0.03319	0.02641	0.03379	0.21653	0.09544	0.02990	0.02508	0.30714	0.03903	0.05209	0.02340	0.02721	0.01710	0.01205	0.01089	0.00339	0.01293	0.00977	0.00838	0.01629
15	0.41713	0.02145	0.02479	0.16679	0.12050	0.02464	0.01995	0.03123	0.02039	0.04150	0.01710	0.02206	0.01338	0.01025	0.00844	0.00342	0.01069	0.00747	0.00605	0.01277
16	0.01568	0.01246	0.01854	0.01745	0.02033	0.01155	0.05711	0.01998	0.02629	0.03575	0.26435	0.24162	0.12568	0.02585	0.01337	0.00392	0.00719	0.06227	0.01048	0.01014
17	0.03006	0.02599	0.03464	0.26579	0.17219	0.07975	0.02728	0.11608	0.02927	0.08110	0.02256	0.02783	0.01687	0.01125	0.01078	0.00337	0.01379	0.00956	0.00682	0.01503

[dist]
# distance from previous block
# <min> <max>
0	4

[block]
# block no. 2 follows, 12 sequences, length 8
# corresponding to MSA columns:
# 1601-1608
name=unknown_C
#
# <colnr> <probs for GDERKNQSTAVLIFYWHMCP>
#	G	D	E	R	K	N	Q	S	T	A	V	L	I	F	Y	W	H	M	C	P
0	0.02673	0.28489	0.27554	0.02489	0.03695	0.03342	0.02828	0.07198	0.06054	0.03428	0.02001	0.02224	0.01562	0.01046	0.00907	0.00300	0.01344	0.00758	0.00557	0.01551
1	0.37917	0.11113	0.10665	0.07836	0.03220	0.02739	0.01942	0.03397	0.05755	0.04102	0.01843	0.02136	0.01428	0.01047	0.00808	0.00329	0.01070	0.00709	0.00625	0.01320
2	0.07582	0.04476	0.35098	0.03337	0.04691	0.02642	0.16207	0.06618	0.02528	0.03801	0.02033	0.02453	0.01470	0.01021	0.01079	0.00349	0.01586	0.00929	0.00543	0.01557
3	0.02149	0.02030	0.03433	0.51696	0.14171	0.02446	0.03073	0.02865	0.02223	0.02895	0.01954	0.02878	0.01492	0.01073	0.01089	0.00358	0.01431	0.00969	0.00492	0.01284
4	0.09937	0.01945	0.02419	0.02522	0.10311	0.01965	0.01695	0.10148	0.06777	0.15369	0.07135	0.12303	0.09370	0.01763	0.01124	0.00355	0.00901	0.01487	0.01007	0.01466
5	0.02270	0.02020	0.02928	0.28422	0.10313	0.02347	0.02490	0.03639	0.17000	0.03455	0.03257	0.04646	0.02757	0.01482	0.01158	0.00382	0.01197	0.08102	0.00751	0.01383
6	0.25978	0.01688	0.01776	0.01778	0.02212	0.01830	0.01470	0.07266	0.02469	0.04122	0.03988	0.14984	0.04173	0.02196	0.01152	0.00417	0.00910	0.19562	0.00897	0.01132
7	0.26304	0.02207	0.02852	0.25108	0.12363	0.02550	0.02326	0.07752	0.02398	0.04052	0.01872	0.02443	0.01437	0.01066	0.00941	0.00345	0.01188	0.00836	0.00620	0.01341

[dist]
# distance from previous block
# <min> <max>
0	1

[block]
# block no. 3 follows, 12 sequences, length 56
# corresponding to MSA columns:
# 1610-1665
name=unknown_D
#
# <colnr> <probs for GDERKNQSTAVLIFYWHMCP>
#	G	D	E	R	K	N	Q	S	T	A	V	L	I	F	Y	W	H	M	C	P
0	0.02108	0.01713	0.01958	0.01761	0.02227	0.01798	0.01354	0.03746	0.24879	0.04396	0.28639	0.05930	0.06607	0.01797	0.01174	0.00342	0.00688	0.01552	0.01120	0.06212
1	0.01444	0.00997	0.01231	0.01370	0.01405	0.00963	0.00854	0.01549	0.01862	0.02483	0.04853	0.36783	0.05753	0.29593	0.03260	0.00719	0.00823	0.02419	0.00854	0.00785
2	0.69383	0.02109	0.01603	0.01434	0.02109	0.02446	0.01181	0.03205	0.01856	0.04892	0.01518	0.01771	0.01181	0.01012	0.00675	0.00337	0.00843	0.00590	0.00675	0.01181
3	0.01340	0.01005	0.01243	0.01398	0.01558	0.00909	0.00967	0.01584	0.02289	0.02983	0.12097	0.42795	0.19611	0.03130	0.01355	0.00414	0.00600	0.02783	0.01031	0.00909
4	0.40193	0.02340	0.02233	0.01825	0.02584	0.02579	0.01506	0.17369	0.03001	0.13658	0.02284	0.02328	0.01620	0.01152	0.00863	0.00334	0.00960	0.00785	0.00903	0.01484
5	0.01311	0.01019	0.01193	0.01332	0.01533	0.00901	0.00930	0.01539	0.02266	0.02856	0.08272	0.38291	0.28429	0.03122	0.01345	0.00409	0.00597	0.02741	0.01012	0.00901
6	0.01328	0.00949	0.01265	0.01518	0.01581	0.00886	0.01012	0.01518	0.02088	0.02783	0.06010	0.60969	0.07212	0.03416	0.01392	0.00443	0.00633	0.03100	0.01012	0.00886
7	0.01430	0.01021	0.01381	0.01634	0.01741	0.00973	0.01188	0.01693	0.02187	0.02897	0.05954	0.49486	0.06991	0.03321	0.01419	0.00457	0.00720	0.13585	0.01010	0.00914
8	0.69383	0.02109	0.01603	0.01434	0.02109	0.02446	0.01181	0.03205	0.01856	0.04892	0.01518	0.01771	0.01181	0.01012	0.00675	0.00337	0.00843	0.00590	0.00675	0.01181
9	0.29774	0.01998	0.01993	0.01718	0.02377	0.02165	0.01382	0.04320	0.15284	0.17191	0.03152	0.03064	0.02264	0.01240	0.00898	0.00337	0.00836	0.00922	0.07613	0.01470
10	0.03706	0.02226	0.07708	0.02120	0.02901	0.01848	0.01892	0.04726	0.12322	0.32368	0.04332	0.05026	0.03264	0.01611	0.01159	0.00371	0.00996	0.08595	0.01160	0.01669
11	0.03090	0.02377	0.02607	0.02191	0.02836	0.02624	0.01767	0.25329	0.19406	0.05473	0.12108	0.04699	0.04051	0.01640	0.01159	0.00356	0.00966	0.04599	0.01109	0.01614
12	0.08193	0.01203	0.01375	0.01369	0.01529	0.01194	0.00890	0.02073	0.01887	0.07611	0.04009	0.20352	0.04430	0.35083	0.03586	0.00761	0.00914	0.01841	0.00819	0.00881
13	0.03238	0.01748	0.02286	0.07562	0.02933	0.01732	0.01617	0.11463	0.03003	0.23684	0.04381	0.23484	0.04012	0.02040	0.01198	0.00375	0.00922	0.01766	0.01102	0.01452
14	0.01703	0.01602	0.06173	0.01806	0.02039	0.01462	0.01489	0.02032	0.01915	0.02647	0.03722	0.11997	0.04009	0.22430	0.15797	0.00944	0.06399	0.10180	0.00711	0.00944
15	0.52175	0.02041	0.01850	0.01569	0.02289	0.02221	0.01293	0.03768	0.02193	0.18431	0.02261	0.02289	0.01586	0.01102	0.00787	0.00337	0.00866	0.00725	0.00855	0.01361
16	0.02492	0.01963	0.02818	0.17538	0.08139	0.02329	0.02169	0.06580	0.02338	0.07562	0.02648	0.07981	0.02386	0.06609	0.02087	0.00440	0.15787	0.01206	0.05660	0.01267
17	0.03254	0.15039	0.20972	0.07198	0.03922	0.02803	0.02652	0.11820	0.02934	0.15503	0.02507	0.02615	0.01766	0.01137	0.00998	0.00320	0.01289	0.00871	0.00769	0.01632
18	0.03485	0.01748	0.02544	0.19648	0.04035	0.01761	0.01929	0.04017	0.02754	0.30483	0.07707	0.03863	0.02957	0.01336	0.01082	0.00339	0.01022	0.01124	0.06654	0.01514
19	0.69383	0.02109	0.01603	0.01434	0.02109	0.02446	0.01181	0.03205	0.01856	0.04892	0.01518	0.01771	0.01181	0.01012	0.00675	0.00337	0.00843	0.00590	0.00675	0.01181
20	0.02273	0.01087	0.01144	0.01094	0.01398	0.01066	0.00833	0.02774	0.02357	0.08405	0.03620	0.04035	0.02787	0.01277	0.00790	0.00261	0.00543	0.01023	0.62146	0.01087
21	0.02819	0.02281	0.03269	0.22130	0.16700	0.02539	0.02558	0.07999	0.15458	0.08761	0.02880	0.03204	0.02145	0.01204	0.01093	0.00350	0.01195	0.01050	0.00789	0.01578
22	0.02614	0.02460	0.04041	0.05922	0.46558	0.02485	0.03038	0.03456	0.06758	0.03706	0.06133	0.03218	0.02497	0.01108	0.01097	0.00329	0.01201	0.01068	0.00637	0.01675
23	0.03819	0.01594	0.02112	0.01744	0.02381	0.01421	0.01428	0.04271	0.02925	0.37541	0.09013	0.04997	0.03765	0.01576	0.01099	0.00340	0.00828	0.05558	0.12026	0.01562
24	0.02187	0.05640	0.56031	0.03108	0.04719	0.02532	0.04029	0.03453	0.02302	0.03453	0.01957	0.02302	0.01381	0.01036	0.01036	0.00345	0.01611	0.00806	0.00460	0.01611
25	0.01309	0.01023	0.01188	0.01320	0.01529	0.00902	0.00924	0.01540	0.02278	0.02861	0.08418	0.36828	0.29798	0.03103	0.01342	0.00407	0.00594	0.02718	0.01012	0.00902
26	0.01328	0.00949	0.01265	0.01518	0.01581	0.00886	0.01012	0.01518	0.02088	0.02783	0.06010	0.60969	0.07212	0.03416	0.01392	0.00443	0.00633	0.03100	0.01012	0.00886
27	0.04748	0.02087	0.02674	0.02050	0.02899	0.01946	0.01693	0.14186	0.03508	0.46214	0.03976	0.03500	0.02536	0.01342	0.01095	0.00335	0.00980	0.01074	0.01300	0.01855
28	0.01313	0.01106	0.01138	0.01130	0.01488	0.00931	0.00847	0.01611	0.02542	0.03080	0.15137	0.10271	0.50262	0.02711	0.01288	0.00366	0.00549	0.02270	0.01030	0.00931
29	0.03437	0.30649	0.04381	0.02712	0.07446	0.28895	0.02103	0.03780	0.02646	0.02697	0.01640	0.01930	0.01429	0.01025	0.00864	0.00263	0.01550	0.00671	0.00517	0.01364
30	0.02915	0.62337	0.05714	0.01866	0.02799	0.04314	0.01866	0.03265	0.02215	0.02565	0.01516	0.01749	0.01399	0.00933	0.00700	0.00233	0.01166	0.00583	0.00466	0.01399
31	0.32778	0.35278	0.03867	0.01672	0.02489	0.03475	0.01558	0.03238	0.02054	0.03611	0.01517	0.01759	0.01301	0.00968	0.00688	0.00280	0.01021	0.00586	0.00560	0.01301
32	0.03376	0.32039	0.08640	0.02391	0.03212	0.27976	0.02150	0.03770	0.02615	0.02684	0.01628	0.01892	0.01400	0.01027	0.00854	0.00264	0.01562	0.00655	0.00509	0.01356
33	0.14122	0.08005	0.17965	0.02147	0.03149	0.02192	0.02213	0.04030	0.02602	0.24257	0.06566	0.03149	0.02515	0.01234	0.00991	0.00331	0.01101	0.00951	0.00900	0.01578
34	0.01743	0.01046	0.01570	0.01570	0.01657	0.01134	0.01134	0.01657	0.01570	0.02180	0.02355	0.03750	0.02268	0.05760	0.28117	0.38389	0.01834	0.01046	0.00523	0.00698
35	0.03512	0.02147	0.02976	0.02448	0.02827	0.02559	0.02034	0.03832	0.02322	0.26440	0.02721	0.02981	0.02001	0.01657	0.02463	0.00414	0.33287	0.01018	0.00869	0.01491
36	0.02728	0.03992	0.31741	0.02912	0.08179	0.02163	0.03009	0.03640	0.02456	0.12808	0.02380	0.02579	0.01691	0.01042	0.01006	0.00307	0.01307	0.00841	0.00662	0.14557
37	0.02346	0.02231	0.03789	0.35532	0.28792	0.02498	0.03171	0.03038	0.02316	0.03135	0.01989	0.02813	0.01576	0.01037	0.01085	0.00346	0.01382	0.00970	0.00509	0.01443
38	0.01328	0.00949	0.01265	0.01518	0.01581	0.00886	0.01012	0.01518	0.02088	0.02783	0.06010	0.60969	0.07212	0.03416	0.01392	0.00443	0.00633	0.03100	0.01012	0.00886
39	0.01543	0.01115	0.01457	0.01372	0.01629	0.01029	0.01029	0.02058	0.03086	0.04372	0.54304	0.08145	0.10288	0.02229	0.01286	0.00343	0.00514	0.01972	0.01200	0.01029
40	0.02634	0.02358	0.03688	0.30823	0.23940	0.02641	0.02986	0.10975	0.02775	0.03740	0.02091	0.02784	0.01618	0.01083	0.01086	0.00343	0.01355	0.00972	0.00604	0.01504
41	0.01558	0.01168	0.01752	0.01752	0.01947	0.01363	0.01363	0.01947	0.01752	0.02531	0.02921	0.04283	0.02726	0.08178	0.57360	0.01752	0.02921	0.01168	0.00584	0.00974
42	0.01558	0.01168	0.01752	0.01752	0.01947	0.01363	0.01363	0.01947	0.01752	0.02531	0.02921	0.04283	0.02726	0.08178	0.57360	0.01752	0.02921	0.01168	0.00584	0.00974
43	0.20493	0.03011	0.08021	0.02270	0.03145	0.03004	0.02011	0.30520	0.07909	0.05838	0.02420	0.02489	0.01756	0.01220	0.00981	0.00335	0.01122	0.00885	0.00923	0.01648
44	0.01861	0.01623	0.02623	0.36159	0.05235	0.01977	0.02312	0.02424	0.01997	0.02653	0.02368	0.03668	0.02053	0.07892	0.19687	0.00866	0.01900	0.01079	0.00530	0.01093
45	0.01470	0.01008	0.01223	0.01337	0.01365	0.00980	0.00819	0.01555	0.01811	0.02415	0.04592	0.31322	0.05423	0.35504	0.03682	0.00781	0.00866	0.02266	0.00819	0.00762
46	0.69383	0.02109	0.01603	0.01434	0.02109	0.02446	0.01181	0.03205	0.01856	0.04892	0.01518	0.01771	0.01181	0.01012	0.00675	0.00337	0.00843	0.00590	0.00675	0.01181
47	0.01586	0.01057	0.01189	0.01189	0.01189	0.01057	0.00661	0.01586	0.01586	0.02114	0.03436	0.07135	0.03964	0.61681	0.05550	0.01057	0.01057	0.01586	0.00661	0.00661
48	0.02369	0.03509	0.21884	0.17167	0.23069	0.02546	0.07388	0.03268	0.02360	0.03343	0.02006	0.02631	0.01542	0.01016	0.01084	0.00344	0.01483	0.00940	0.00501	0.01550
49	0.02705	0.01945	0.02329	0.06605	0.02986	0.01829	0.01555	0.03844	0.15392	0.12443	0.03880	0.03840	0.07470	0.01289	0.01005	0.00282	0.00871	0.01064	0.00906	0.27762
50	0.01543	0.01115	0.01457	0.01372	0.01629	0.01029	0.01029	0.02058	0.03086	0.04372	0.54304	0.08145	0.10288	0.02229	0.01286	0.00343	0.00514	0.01972	0.01200	0.01029
51	0.02117	0.01922	0.03190	0.49277	0.11432	0.02320	0.02868	0.02818	0.02218	0.02966	0.02084	0.02985	0.01592	0.01094	0.01062	0.00350	0.01359	0.00973	0.06131	0.01243
52	0.02228	0.02030	0.07421	0.07417	0.11856	0.01748	0.01987	0.03062	0.07028	0.08340	0.27524	0.05496	0.06001	0.01666	0.01179	0.00343	0.00896	0.01469	0.00961	0.01348
53	0.01543	0.01115	0.01457	0.01372	0.01629	0.01029	0.01029	0.02058	0.03086	0.04372	0.54304	0.08145	0.10288	0.02229	0.01286	0.00343	0.00514	0.01972	0.01200	0.01029
54	0.59184	0.02114	0.01861	0.06236	0.02602	0.02507	0.01416	0.03130	0.01869	0.04561	0.01546	0.01907	0.01221	0.01081	0.00913	0.00349	0.05027	0.00647	0.00645	0.01184
55	0.40155	0.23825	0.07589	0.01727	0.02571	0.03118	0.01661	0.03247	0.02021	0.03945	0.01554	0.01807	0.01275	0.00986	0.00714	0.00301	0.01022	0.00606	0.00583	0.01294

[dist]
# distance from previous block
# <min> <max>
3	4

[block]
# block no. 4 follows, 12 sequences, length 36
# corresponding to MSA columns:
# 1670-1705
name=unknown_E
#
# <colnr> <probs for GDERKNQSTAVLIFYWHMCP>
#	G	D	E	R	K	N	Q	S	T	A	V	L	I	F	Y	W	H	M	C	P
0	0.03463	0.02415	0.07353	0.19934	0.04507	0.02295	0.02328	0.10858	0.07939	0.22929	0.03146	0.03224	0.02144	0.01249	0.01090	0.00348	0.01181	0.01030	0.00946	0.01621
1	0.02915	0.62337	0.05714	0.01866	0.02799	0.04314	0.01866	0.03265	0.02215	0.02565	0.01516	0.01749	0.01399	0.00933	0.00700	0.00233	0.01166	0.00583	0.00466	0.01399
2	0.01412	0.00994	0.01303	0.01450	0.01570	0.00921	0.00996	0.01621	0.02265	0.03042	0.15643	0.42143	0.11068	0.03159	0.01585	0.05661	0.00627	0.02648	0.01008	0.00885
3	0.02305	0.01978	0.02281	0.01674	0.02609	0.01577	0.01335	0.03045	0.07244	0.03652	0.02184	0.02439	0.01784	0.00874	0.00837	0.00182	0.00813	0.00704	0.00692	0.61792
4	0.02603	0.26955	0.04313	0.02454	0.02836	0.03739	0.02172	0.02887	0.01893	0.02600	0.01466	0.02125	0.01418	0.01509	0.02399	0.00377	0.35703	0.00802	0.00473	0.01277
5	0.01524	0.01089	0.01490	0.01742	0.01891	0.01054	0.01352	0.01857	0.02280	0.03002	0.05902	0.38744	0.06784	0.03232	0.01444	0.00470	0.00802	0.23393	0.01008	0.00940
6	0.01328	0.00949	0.01265	0.01518	0.01581	0.00886	0.01012	0.01518	0.02088	0.02783	0.06010	0.60969	0.07212	0.03416	0.01392	0.00443	0.00633	0.03100	0.01012	0.00886
7	0.01543	0.01115	0.01457	0.01372	0.01629	0.01029	0.01029	0.02058	0.03086	0.04372	0.54304	0.08145	0.10288	0.02229	0.01286	0.00343	0.00514	0.01972	0.01200	0.01029
8	0.01894	0.00947	0.01420	0.01420	0.01420	0.00947	0.00947	0.01420	0.01420	0.01894	0.01894	0.03314	0.01894	0.03788	0.04261	0.68277	0.00947	0.00947	0.00473	0.00473
9	0.69383	0.02109	0.01603	0.01434	0.02109	0.02446	0.01181	0.03205	0.01856	0.04892	0.01518	0.01771	0.01181	0.01012	0.00675	0.00337	0.00843	0.00590	0.00675	0.01181
10	0.69383	0.02109	0.01603	0.01434	0.02109	0.02446	0.01181	0.03205	0.01856	0.04892	0.01518	0.01771	0.01181	0.01012	0.00675	0.00337	0.00843	0.00590	0.00675	0.01181
11	0.02446	0.02902	0.20212	0.02574	0.08101	0.01784	0.02360	0.03209	0.02770	0.12762	0.23068	0.04893	0.05163	0.01555	0.01149	0.00341	0.01029	0.01333	0.00913	0.01434
12	0.69383	0.02109	0.01603	0.01434	0.02109	0.02446	0.01181	0.03205	0.01856	0.04892	0.01518	0.01771	0.01181	0.01012	0.00675	0.00337	0.00843	0.00590	0.00675	0.01181
13	0.02631	0.02250	0.02405	0.02201	0.02786	0.02588	0.01728	0.05494	0.48635	0.04451	0.04551	0.04766	0.03578	0.01609	0.01143	0.00381	0.00875	0.05160	0.01101	0.01665
14	0.02059	0.01938	0.03270	0.59060	0.07510	0.02422	0.03028	0.02786	0.02180	0.02786	0.01938	0.02907	0.01453	0.01090	0.01090	0.00363	0.01453	0.00969	0.00484	0.01211
15	0.01757	0.01255	0.01757	0.02008	0.02259	0.01255	0.01757	0.02259	0.02510	0.03263	0.05773	0.12299	0.06275	0.03012	0.01506	0.00502	0.01004	0.47540	0.01004	0.01004
16	0.03291	0.43766	0.04861	0.02172	0.02984	0.21536	0.01944	0.03619	0.02500	0.02599	0.01571	0.01820	0.01401	0.00995	0.00792	0.00249	0.01426	0.00622	0.00497	0.01355
17	0.31270	0.01959	0.02151	0.01733	0.02507	0.01948	0.01430	0.04451	0.02603	0.34880	0.03163	0.02918	0.02078	0.01212	0.00924	0.00337	0.00893	0.00889	0.01074	0.01580
18	0.02915	0.62337	0.05714	0.01866	0.02799	0.04314	0.01866	0.03265	0.02215	0.02565	0.01516	0.01749	0.01399	0.00933	0.00700	0.00233	0.01166	0.00583	0.00466	0.01399
19	0.01401	0.01083	0.01278	0.01284	0.01556	0.00960	0.00942	0.01762	0.02670	0.03512	0.28197	0.17825	0.28313	0.02648	0.01305	0.00370	0.00550	0.02296	0.01090	0.00960
20	0.15907	0.12366	0.16995	0.07101	0.03874	0.11922	0.06523	0.03610	0.02406	0.07105	0.01946	0.02263	0.01471	0.01048	0.00937	0.00319	0.01415	0.00788	0.00592	0.01411
21	0.09982	0.07842	0.12485	0.06953	0.03690	0.02399	0.06284	0.04312	0.09633	0.21080	0.03027	0.03023	0.02105	0.01186	0.01027	0.00339	0.01169	0.00976	0.00880	0.01604
22	0.01545	0.01104	0.01514	0.01766	0.01924	0.01073	0.01389	0.01893	0.02301	0.03026	0.05890	0.36334	0.06738	0.03212	0.01450	0.00473	0.00821	0.25594	0.01008	0.00946
23	0.01328	0.00949	0.01265	0.01518	0.01581	0.00886	0.01012	0.01518	0.02088	0.02783	0.06010	0.60969	0.07212	0.03416	0.01392	0.00443	0.00633	0.03100	0.01012	0.00886
24	0.07955	0.02989	0.16047	0.27876	0.09024	0.02480	0.02955	0.07289	0.02526	0.07611	0.02157	0.02691	0.01563	0.01101	0.01043	0.00349	0.01370	0.00910	0.00616	0.01447
25	0.02655	0.02428	0.03905	0.23658	0.33042	0.02627	0.03091	0.08783	0.02692	0.03692	0.02080	0.02759	0.01651	0.01051	0.01084	0.00337	0.01337	0.00972	0.00586	0.01570
26	0.02072	0.01251	0.01648	0.01594	0.01728	0.01331	0.01116	0.02372	0.12625	0.02474	0.02448	0.03478	0.02206	0.03286	0.03575	0.53499	0.00929	0.01009	0.00612	0.00746
27	0.23730	0.02182	0.02205	0.01916	0.02553	0.02421	0.01521	0.12425	0.17700	0.09979	0.03382	0.09745	0.02795	0.01519	0.01003	0.00358	0.00896	0.01195	0.00984	0.01493
28	0.19222	0.02624	0.02553	0.06376	0.06669	0.11385	0.01832	0.09033	0.02745	0.08453	0.02467	0.03340	0.02058	0.01267	0.00971	0.00318	0.01165	0.05464	0.00768	0.11288
29	0.03031	0.07739	0.02839	0.01989	0.02642	0.01766	0.07167	0.03521	0.02901	0.23108	0.20594	0.05435	0.09259	0.01662	0.01157	0.00335	0.00893	0.01453	0.01091	0.01417
30	0.01851	0.01610	0.06870	0.01547	0.02003	0.01170	0.01316	0.02259	0.02537	0.09364	0.14810	0.20944	0.24570	0.02501	0.01266	0.00377	0.00716	0.02156	0.01026	0.01108
31	0.02186	0.02115	0.03723	0.47454	0.12890	0.02476	0.07864	0.02922	0.02255	0.02948	0.01978	0.02886	0.01506	0.01059	0.01109	0.00359	0.01473	0.01001	0.00498	0.01298
32	0.02394	0.02336	0.04137	0.30219	0.27602	0.02534	0.08787	0.03109	0.02356	0.03202	0.02018	0.02822	0.01594	0.01019	0.01109	0.00347	0.01431	0.01007	0.00516	0.01463
33	0.08303	0.02870	0.03850	0.03325	0.09756	0.06636	0.13868	0.17686	0.08214	0.04654	0.02411	0.02701	0.01828	0.01105	0.01071	0.00322	0.01320	0.00995	0.00783	0.08302
34	0.08075	0.07216	0.02621	0.08650	0.03082	0.06590	0.01718	0.11215	0.02823	0.11765	0.03401	0.17114	0.03191	0.02217	0.05009	0.00450	0.01199	0.01446	0.00877	0.01341
35	0.03761	0.12951	0.07112	0.07466	0.08560	0.08971	0.02202	0.07876	0.02920	0.23442	0.02808	0.02824	0.01969	0.01168	0.01009	0.00314	0.01239	0.00911	0.00873	0.01625

[dist]
# distance from previous block
# <min> <max>
0	251

# created by:
# /st0/software/busco_prod/Augustus/scripts/msa2prfl.pl ./align_prep/9073.fa
