[name]
unknown

[dist]
# distance from previous block
# <min> <max>
0	37

[block]
# block no. 0 follows, 11 sequences, length 66
# corresponding to MSA columns:
# 37-90,97-108
name=unknown_A
#
# <colnr> <probs for GDERKNQSTAVLIFYWHMCP>
#	G	D	E	R	K	N	Q	S	T	A	V	L	I	F	Y	W	H	M	C	P
0	0.01430	0.01022	0.01374	0.01635	0.01726	0.00965	0.01147	0.01669	0.02213	0.02939	0.06171	0.53443	0.07315	0.03471	0.01452	0.00465	0.00704	0.08884	0.01044	0.00930
1	0.01395	0.01143	0.01230	0.01208	0.01560	0.00978	0.00906	0.01741	0.02719	0.03405	0.21661	0.10231	0.42480	0.02714	0.01330	0.00374	0.00560	0.02291	0.01093	0.00978
2	0.02988	0.55304	0.05566	0.01962	0.02893	0.04290	0.01912	0.03629	0.07153	0.02852	0.01864	0.02043	0.01642	0.01019	0.00764	0.00255	0.01173	0.00668	0.00547	0.01478
3	0.04920	0.02124	0.02741	0.02102	0.02977	0.01964	0.01736	0.12945	0.03571	0.46250	0.04147	0.03640	0.02639	0.01386	0.01131	0.00346	0.01005	0.01112	0.01348	0.01915
4	0.01371	0.00979	0.01306	0.01567	0.01632	0.00914	0.01045	0.01567	0.02155	0.02873	0.06203	0.59710	0.07444	0.03526	0.01437	0.00457	0.00653	0.03200	0.01045	0.00914
5	0.02928	0.01982	0.02395	0.01740	0.02712	0.01534	0.01404	0.03414	0.02528	0.14722	0.02534	0.02661	0.01912	0.00956	0.00899	0.00206	0.00861	0.00769	0.00826	0.53017
6	0.01608	0.01206	0.01809	0.01809	0.02010	0.01407	0.01407	0.02010	0.01809	0.02613	0.03015	0.04422	0.02814	0.08441	0.55984	0.01809	0.03015	0.01206	0.00603	0.01005
7	0.02195	0.01299	0.01606	0.01443	0.01866	0.01143	0.01112	0.02626	0.02991	0.13911	0.29715	0.08288	0.22858	0.02300	0.01289	0.00361	0.00629	0.01967	0.01206	0.01195
8	0.03009	0.61122	0.05898	0.01926	0.02889	0.04454	0.01926	0.03370	0.02287	0.02648	0.01565	0.01805	0.01444	0.00963	0.00722	0.00241	0.01204	0.00602	0.00481	0.01444
9	0.13567	0.01844	0.02161	0.01835	0.02343	0.01949	0.01467	0.03170	0.06405	0.09123	0.19170	0.04581	0.04785	0.01644	0.01474	0.00345	0.09724	0.01255	0.00944	0.12214
10	0.01465	0.01048	0.01405	0.01611	0.01733	0.00988	0.01150	0.01756	0.02374	0.03195	0.13436	0.45450	0.07810	0.03280	0.01435	0.00449	0.00685	0.08703	0.01074	0.00954
11	0.11827	0.02329	0.02506	0.01993	0.02832	0.02336	0.01603	0.12283	0.15370	0.08852	0.02924	0.02929	0.02193	0.01176	0.00971	0.00291	0.00936	0.00913	0.00934	0.24800
12	0.02915	0.10340	0.08491	0.02178	0.03229	0.02148	0.05855	0.03504	0.02513	0.12275	0.02391	0.02587	0.01811	0.00981	0.00936	0.00245	0.01079	0.00812	0.00740	0.34970
13	0.09444	0.22093	0.25641	0.02639	0.03873	0.03106	0.06350	0.03660	0.02402	0.08152	0.02078	0.02329	0.01559	0.01055	0.00949	0.00321	0.01392	0.00803	0.00592	0.01563
14	0.02216	0.10455	0.15697	0.02079	0.02766	0.02089	0.02034	0.07066	0.02436	0.03268	0.03745	0.16668	0.07113	0.02367	0.01798	0.13662	0.01099	0.01527	0.00722	0.01193
15	0.02486	0.02369	0.04027	0.29971	0.32702	0.02595	0.03305	0.03192	0.02421	0.03314	0.02064	0.02883	0.01655	0.01058	0.01119	0.00353	0.01411	0.01002	0.00531	0.01541
16	0.03453	0.02721	0.08708	0.03002	0.07651	0.02259	0.10248	0.07997	0.07119	0.19581	0.03089	0.03146	0.02175	0.01164	0.01107	0.00324	0.01217	0.01047	0.00924	0.13068
17	0.03058	0.02133	0.03463	0.10629	0.12241	0.02125	0.09628	0.03916	0.07637	0.17184	0.07162	0.09275	0.03380	0.01512	0.01205	0.00369	0.01174	0.01408	0.00933	0.01567
18	0.02256	0.01302	0.01691	0.01507	0.01903	0.01169	0.01160	0.02745	0.03135	0.14254	0.39349	0.07724	0.13010	0.02172	0.01289	0.00355	0.00619	0.01888	0.01252	0.01221
19	0.02713	0.39339	0.25087	0.02431	0.03670	0.03729	0.02805	0.03447	0.02322	0.03009	0.01744	0.02030	0.01437	0.01005	0.00859	0.00286	0.01385	0.00692	0.00479	0.01531
20	0.03457	0.02455	0.04290	0.14306	0.08691	0.02435	0.17723	0.07733	0.02961	0.19941	0.02937	0.03238	0.02034	0.01162	0.01193	0.00362	0.01423	0.01151	0.00863	0.01644
21	0.01415	0.01010	0.01356	0.01617	0.01701	0.00952	0.01120	0.01642	0.02198	0.02922	0.06180	0.55100	0.07349	0.03485	0.01448	0.00463	0.00691	0.07382	0.01044	0.00926
22	0.01409	0.01143	0.01249	0.01222	0.01568	0.00983	0.00917	0.01767	0.02750	0.03479	0.23743	0.10110	0.40352	0.02687	0.01329	0.00372	0.00558	0.02274	0.01103	0.00983
23	0.02392	0.04234	0.29417	0.03773	0.05090	0.02601	0.23438	0.03477	0.02515	0.03565	0.02467	0.03543	0.01979	0.01192	0.01222	0.00380	0.01711	0.04892	0.00564	0.01547
24	0.02551	0.10665	0.45916	0.02992	0.04527	0.02709	0.03750	0.03700	0.02435	0.07526	0.02171	0.02439	0.01536	0.01085	0.01042	0.00345	0.01564	0.00834	0.00549	0.01663
25	0.02257	0.05822	0.54613	0.03208	0.04871	0.02614	0.04158	0.03564	0.02376	0.03564	0.02020	0.02376	0.01426	0.01069	0.01069	0.00356	0.01663	0.00832	0.00475	0.01663
26	0.01849	0.01427	0.02109	0.02693	0.10109	0.01410	0.01867	0.02305	0.02472	0.03286	0.05425	0.23534	0.06001	0.02891	0.01455	0.00473	0.00982	0.27628	0.00964	0.01121
27	0.02914	0.02091	0.03394	0.36437	0.14120	0.02332	0.02838	0.03577	0.02527	0.14936	0.02587	0.03158	0.01846	0.01167	0.01125	0.00362	0.01347	0.01031	0.00717	0.01492
28	0.12006	0.02871	0.03236	0.19534	0.12174	0.11463	0.02478	0.11403	0.03002	0.08168	0.02235	0.02668	0.01672	0.01162	0.01049	0.00343	0.01391	0.00916	0.00727	0.01503
29	0.03789	0.02783	0.03067	0.02487	0.03260	0.03054	0.02075	0.40261	0.04755	0.06353	0.03350	0.04689	0.02821	0.01701	0.01211	0.00374	0.01198	0.09926	0.01108	0.01740
30	0.11998	0.08242	0.02883	0.02125	0.02854	0.02866	0.01739	0.15941	0.20691	0.08804	0.07522	0.03603	0.03128	0.01419	0.01053	0.00347	0.00980	0.01108	0.01041	0.01655
31	0.02786	0.02674	0.04568	0.06908	0.53424	0.02674	0.03454	0.03454	0.02563	0.03677	0.02117	0.02786	0.01783	0.01003	0.01114	0.00334	0.01337	0.01003	0.00557	0.01783
32	0.02177	0.01987	0.03155	0.35642	0.13373	0.02310	0.02719	0.03069	0.07154	0.03181	0.02929	0.11923	0.02662	0.01520	0.01174	0.00382	0.01283	0.01370	0.00658	0.01333
33	0.02696	0.01989	0.02371	0.01712	0.02695	0.01521	0.01376	0.03187	0.02452	0.10404	0.02326	0.02533	0.01816	0.00908	0.00873	0.00191	0.00850	0.00729	0.00764	0.58607
34	0.09162	0.02593	0.03492	0.03368	0.13312	0.02669	0.06206	0.18069	0.07200	0.17915	0.03047	0.03080	0.02154	0.01247	0.01109	0.00348	0.01186	0.01055	0.01001	0.01788
35	0.03009	0.61122	0.05898	0.01926	0.02889	0.04454	0.01926	0.03370	0.02287	0.02648	0.01565	0.01805	0.01444	0.00963	0.00722	0.00241	0.01204	0.00602	0.00481	0.01444
36	0.01608	0.01206	0.01809	0.01809	0.02010	0.01407	0.01407	0.02010	0.01809	0.02613	0.03015	0.04422	0.02814	0.08441	0.55984	0.01809	0.03015	0.01206	0.00603	0.01005
37	0.01430	0.01022	0.01374	0.01635	0.01726	0.00965	0.01147	0.01669	0.02213	0.02939	0.06171	0.53443	0.07315	0.03471	0.01452	0.00465	0.00704	0.08884	0.01044	0.00930
38	0.09728	0.02511	0.03171	0.15989	0.12440	0.06451	0.02361	0.10149	0.03037	0.19054	0.02780	0.02990	0.01955	0.01210	0.01077	0.00346	0.01258	0.00984	0.00883	0.01626
39	0.02328	0.10977	0.50072	0.03088	0.04687	0.02785	0.03950	0.03546	0.02368	0.03479	0.01977	0.02323	0.01428	0.01059	0.01037	0.00346	0.01621	0.00810	0.00476	0.01643
40	0.01532	0.01094	0.01490	0.01751	0.01886	0.01053	0.01324	0.01845	0.02313	0.03053	0.06115	0.42642	0.07093	0.03375	0.01479	0.00479	0.00792	0.18683	0.01042	0.00959
41	0.02645	0.02414	0.07455	0.02358	0.07870	0.01735	0.01837	0.03230	0.02450	0.08749	0.02259	0.02533	0.01769	0.00928	0.00913	0.00219	0.00973	0.00762	0.00711	0.48189
42	0.02762	0.01986	0.02483	0.07280	0.03205	0.01625	0.01564	0.03277	0.02472	0.11946	0.02404	0.02648	0.01836	0.00955	0.00912	0.00217	0.00920	0.00777	0.00770	0.49961
43	0.02172	0.01217	0.01637	0.01670	0.01942	0.01114	0.01229	0.02493	0.02562	0.13371	0.13099	0.36903	0.06937	0.02878	0.01368	0.00424	0.00725	0.05968	0.01144	0.01146
44	0.02208	0.01927	0.02574	0.06466	0.08014	0.01784	0.01751	0.02683	0.02232	0.03349	0.02486	0.08330	0.02336	0.01978	0.06584	0.00415	0.05826	0.01055	0.00660	0.37342
45	0.02908	0.08530	0.22104	0.02791	0.07694	0.02387	0.02687	0.03906	0.06384	0.12384	0.02606	0.02748	0.01902	0.01097	0.01010	0.00305	0.01237	0.00878	0.00735	0.15707
46	0.03044	0.02200	0.02463	0.02040	0.02720	0.02251	0.01634	0.18508	0.10932	0.08763	0.04290	0.05163	0.07956	0.06674	0.01540	0.00405	0.01000	0.05596	0.01024	0.11797
47	0.02781	0.08408	0.03810	0.29606	0.09550	0.07265	0.06132	0.03674	0.07284	0.07186	0.02409	0.02966	0.01819	0.01149	0.01092	0.00350	0.01430	0.00998	0.00648	0.01441
48	0.01617	0.01070	0.01323	0.01371	0.01403	0.01078	0.00850	0.01643	0.01732	0.02329	0.03824	0.16340	0.04370	0.39146	0.09730	0.07709	0.01187	0.01817	0.00722	0.00737
49	0.03166	0.18289	0.16746	0.03646	0.16918	0.03059	0.02864	0.08386	0.02810	0.10466	0.02321	0.02567	0.01756	0.01096	0.01007	0.00318	0.01322	0.00877	0.00687	0.01698
50	0.24038	0.18908	0.12412	0.02518	0.08093	0.02966	0.02205	0.03675	0.02336	0.10550	0.02083	0.02280	0.01582	0.01069	0.00868	0.00319	0.01158	0.00755	0.00678	0.01507
51	0.09201	0.14678	0.03281	0.02210	0.02586	0.07982	0.01867	0.03056	0.02124	0.03228	0.01965	0.02567	0.01722	0.01461	0.01948	0.00361	0.23985	0.00856	0.13678	0.01245
52	0.08938	0.02574	0.06466	0.01981	0.02980	0.02143	0.01724	0.13818	0.02986	0.04585	0.02125	0.02376	0.01664	0.00991	0.00907	0.00238	0.00994	0.00754	0.00762	0.40997
53	0.01993	0.01201	0.01618	0.01678	0.01933	0.01116	0.01266	0.02359	0.02623	0.10198	0.17175	0.31569	0.07419	0.02873	0.01391	0.00429	0.00732	0.10186	0.01137	0.01105
54	0.01389	0.01012	0.01309	0.01510	0.01626	0.00932	0.01028	0.01627	0.02297	0.03052	0.11334	0.49833	0.12223	0.03339	0.01415	0.00439	0.00633	0.03003	0.01064	0.00932
55	0.03070	0.02881	0.12340	0.03869	0.20250	0.02300	0.02667	0.09720	0.03036	0.13116	0.07645	0.07961	0.03192	0.01453	0.01157	0.00353	0.01184	0.01269	0.00870	0.01666
56	0.02937	0.02689	0.03964	0.11314	0.17589	0.06693	0.10895	0.03991	0.10229	0.07962	0.02671	0.03064	0.02037	0.01120	0.01124	0.00336	0.01361	0.01058	0.00728	0.08240
57	0.02630	0.05301	0.47682	0.03047	0.04605	0.02486	0.03825	0.03820	0.02489	0.10314	0.02342	0.02570	0.01607	0.01112	0.01078	0.00355	0.01569	0.00872	0.00598	0.01697
58	0.01613	0.01157	0.01589	0.01719	0.01868	0.01206	0.01301	0.01926	0.02067	0.02798	0.04637	0.20007	0.05097	0.15213	0.19758	0.01021	0.01593	0.13661	0.00836	0.00934
59	0.02777	0.09290	0.36698	0.08393	0.04662	0.02591	0.03450	0.03803	0.02499	0.11970	0.02389	0.02638	0.01664	0.01121	0.01057	0.00347	0.01490	0.00881	0.00633	0.01646
60	0.10959	0.02024	0.03146	0.50241	0.07009	0.02504	0.02872	0.02933	0.02206	0.03166	0.01943	0.02844	0.01463	0.01115	0.01068	0.00372	0.01416	0.00948	0.00526	0.01246
61	0.02054	0.01252	0.01652	0.01494	0.01840	0.01141	0.01141	0.02572	0.03191	0.11137	0.46380	0.07797	0.09576	0.02180	0.01301	0.00353	0.00588	0.01915	0.01260	0.01176
62	0.03489	0.02871	0.13382	0.11662	0.12330	0.02236	0.02685	0.04408	0.06726	0.23888	0.03213	0.03272	0.02206	0.01234	0.01117	0.00354	0.01238	0.01042	0.00915	0.01730
63	0.04129	0.02365	0.03256	0.08639	0.13550	0.02372	0.02272	0.15190	0.03480	0.28019	0.03329	0.03276	0.02255	0.01279	0.01126	0.00346	0.01153	0.01065	0.01076	0.01823
64	0.47705	0.02279	0.02476	0.07250	0.14646	0.02558	0.01896	0.03308	0.02094	0.04554	0.01731	0.02147	0.01374	0.01041	0.00829	0.00347	0.01030	0.00733	0.00648	0.01354
65	0.02569	0.03817	0.24619	0.03311	0.04514	0.02468	0.17908	0.03781	0.07488	0.07632	0.03471	0.03716	0.06880	0.01277	0.01191	0.00368	0.01498	0.01211	0.00701	0.01579

[dist]
# distance from previous block
# <min> <max>
0	2

[block]
# block no. 1 follows, 11 sequences, length 19
# corresponding to MSA columns:
# 111-123,139-144
name=unknown_B
#
# <colnr> <probs for GDERKNQSTAVLIFYWHMCP>
#	G	D	E	R	K	N	Q	S	T	A	V	L	I	F	Y	W	H	M	C	P
0	0.08005	0.02374	0.03292	0.03159	0.13709	0.02161	0.06768	0.07631	0.02669	0.04108	0.02086	0.02496	0.01683	0.00948	0.00961	0.00255	0.01091	0.00834	0.00681	0.35089
1	0.01685	0.01223	0.01653	0.01886	0.02123	0.01192	0.01577	0.02121	0.02511	0.03246	0.06572	0.20829	0.11516	0.03156	0.01510	0.00493	0.00920	0.33742	0.01039	0.01006
2	0.03903	0.02287	0.03467	0.02560	0.03516	0.02048	0.11564	0.08826	0.03118	0.28423	0.03306	0.03240	0.02241	0.01178	0.01109	0.00315	0.01155	0.01063	0.01042	0.15638
3	0.03045	0.02571	0.08588	0.02498	0.03561	0.01911	0.10933	0.03698	0.02615	0.15858	0.02645	0.02835	0.01921	0.01015	0.01025	0.00271	0.01153	0.00923	0.00804	0.32130
4	0.01726	0.01303	0.01697	0.01762	0.02091	0.01169	0.01370	0.02097	0.02343	0.03211	0.05236	0.31466	0.05897	0.02817	0.01350	0.00417	0.00823	0.17345	0.00962	0.14920
5	0.03009	0.61122	0.05898	0.01926	0.02889	0.04454	0.01926	0.03370	0.02287	0.02648	0.01565	0.01805	0.01444	0.00963	0.00722	0.00241	0.01204	0.00602	0.00481	0.01444
6	0.02841	0.02547	0.02473	0.02241	0.02831	0.08076	0.01766	0.09580	0.31023	0.04434	0.04955	0.05437	0.08623	0.01782	0.01194	0.00382	0.01029	0.06149	0.01062	0.01577
7	0.03183	0.02048	0.02376	0.02049	0.02662	0.02155	0.01610	0.09441	0.22971	0.16741	0.12500	0.09095	0.04634	0.01765	0.01194	0.00370	0.00865	0.01492	0.01211	0.01639
8	0.02126	0.02001	0.03376	0.57739	0.07752	0.02501	0.03126	0.02876	0.02251	0.02876	0.02001	0.03001	0.01500	0.01125	0.01125	0.00375	0.01500	0.01000	0.00500	0.01250
9	0.01611	0.01194	0.01748	0.01748	0.01927	0.01374	0.01330	0.01970	0.01791	0.02567	0.03071	0.04732	0.02949	0.13927	0.50683	0.01733	0.02812	0.01251	0.00611	0.00971
10	0.08286	0.03047	0.03186	0.32514	0.05694	0.17068	0.02610	0.08289	0.02799	0.03464	0.01969	0.02611	0.01508	0.01152	0.01061	0.00346	0.01565	0.00895	0.00604	0.01333
11	0.01371	0.00979	0.01306	0.01567	0.01632	0.00914	0.01045	0.01567	0.02155	0.02873	0.06203	0.59710	0.07444	0.03526	0.01437	0.00457	0.00653	0.03200	0.01045	0.00914
12	0.02796	0.44445	0.14715	0.02140	0.03240	0.03795	0.02285	0.03350	0.02309	0.02929	0.01697	0.01969	0.01464	0.00969	0.00799	0.00255	0.01251	0.00652	0.00500	0.08441
13	0.02622	0.02326	0.06946	0.01839	0.02883	0.01615	0.01616	0.03186	0.02434	0.09151	0.02267	0.02500	0.01768	0.00915	0.00887	0.00203	0.00920	0.00732	0.00729	0.54461
14	0.02334	0.02001	0.02334	0.01667	0.02667	0.01500	0.01334	0.02834	0.02334	0.03668	0.02001	0.02334	0.01667	0.00834	0.00834	0.00167	0.00834	0.00667	0.00667	0.67325
15	0.02828	0.02109	0.02471	0.01798	0.02774	0.01721	0.01451	0.07922	0.02734	0.09511	0.02338	0.02534	0.01814	0.00947	0.00896	0.00204	0.00889	0.00753	0.00793	0.53512
16	0.02909	0.02413	0.03919	0.03653	0.14152	0.02241	0.13831	0.07883	0.02831	0.09410	0.02796	0.07831	0.02354	0.01245	0.01130	0.00317	0.01242	0.01209	0.00776	0.17859
17	0.03856	0.03112	0.02991	0.02475	0.03236	0.11004	0.01974	0.23611	0.20118	0.10612	0.03366	0.03218	0.02443	0.01385	0.01116	0.00346	0.01213	0.01069	0.01078	0.01778
18	0.02903	0.02586	0.04005	0.19932	0.30980	0.02790	0.03102	0.12522	0.03022	0.04140	0.02202	0.02828	0.01732	0.01106	0.01120	0.00346	0.01362	0.01004	0.00655	0.01664

[dist]
# distance from previous block
# <min> <max>
0	2

[block]
# block no. 2 follows, 11 sequences, length 62
# corresponding to MSA columns:
# 147-208
name=unknown_C
#
# <colnr> <probs for GDERKNQSTAVLIFYWHMCP>
#	G	D	E	R	K	N	Q	S	T	A	V	L	I	F	Y	W	H	M	C	P
0	0.03285	0.48542	0.05351	0.02070	0.03019	0.04245	0.01972	0.13418	0.02939	0.03613	0.01812	0.02000	0.01546	0.01047	0.00810	0.00262	0.01211	0.00691	0.00621	0.01546
1	0.02174	0.01713	0.02097	0.01754	0.02243	0.01677	0.01362	0.07675	0.02808	0.04045	0.20160	0.05180	0.05159	0.07825	0.06438	0.00506	0.05512	0.01351	0.00902	0.19418
2	0.15223	0.09576	0.13245	0.02346	0.03311	0.10907	0.02237	0.09334	0.02956	0.16873	0.02541	0.02573	0.01796	0.01182	0.00981	0.00328	0.01305	0.00849	0.00838	0.01599
3	0.04984	0.02021	0.02677	0.02053	0.02926	0.01811	0.01696	0.09256	0.03398	0.50183	0.04292	0.03735	0.02712	0.01389	0.01131	0.00347	0.00982	0.01122	0.01370	0.01915
4	0.01955	0.00978	0.01466	0.01466	0.01466	0.00978	0.00978	0.01466	0.01466	0.01955	0.01955	0.03421	0.01955	0.03910	0.04399	0.67253	0.00978	0.00978	0.00489	0.00489
5	0.02330	0.02989	0.14070	0.31987	0.15476	0.02591	0.08205	0.03195	0.02376	0.03237	0.02055	0.02841	0.01560	0.01073	0.01133	0.00364	0.01544	0.01002	0.00513	0.01459
6	0.03764	0.02400	0.03983	0.03352	0.08920	0.02288	0.15842	0.04804	0.10547	0.26444	0.03591	0.03549	0.02469	0.01244	0.01190	0.00361	0.01262	0.01198	0.01027	0.01764
7	0.04976	0.02033	0.02685	0.02058	0.02932	0.01829	0.01700	0.09694	0.03419	0.49716	0.04275	0.03723	0.02703	0.01389	0.01131	0.00347	0.00984	0.01121	0.01368	0.01915
8	0.02000	0.01535	0.01642	0.01709	0.01931	0.06613	0.01213	0.02289	0.02544	0.07325	0.14512	0.39509	0.07063	0.02878	0.01348	0.00412	0.00795	0.02558	0.01063	0.01063
9	0.02923	0.36138	0.17563	0.02820	0.08279	0.09078	0.02651	0.03541	0.02428	0.02984	0.01748	0.02064	0.01473	0.01013	0.00876	0.00283	0.01415	0.00710	0.00497	0.01517
10	0.04204	0.05364	0.03190	0.02900	0.03480	0.55926	0.02175	0.04494	0.03190	0.02755	0.01740	0.02030	0.01450	0.01160	0.01015	0.00290	0.02030	0.00725	0.00580	0.01305
11	0.04969	0.02044	0.02692	0.02064	0.02937	0.01846	0.01705	0.10088	0.03437	0.49296	0.04259	0.03713	0.02695	0.01389	0.01131	0.00347	0.00987	0.01120	0.01365	0.01915
12	0.02519	0.02518	0.03352	0.03510	0.12793	0.07032	0.02433	0.02889	0.02130	0.03042	0.05908	0.03140	0.02389	0.02294	0.07245	0.00546	0.33292	0.01072	0.00582	0.01313
13	0.04705	0.02469	0.02954	0.02265	0.03149	0.02475	0.01871	0.25243	0.04147	0.33137	0.03663	0.03326	0.02396	0.01374	0.01129	0.00344	0.01083	0.01079	0.01274	0.01915
14	0.02657	0.03036	0.06641	0.04744	0.05882	0.02846	0.49336	0.03605	0.02657	0.03605	0.02277	0.03036	0.01708	0.00949	0.01328	0.00380	0.01898	0.01328	0.00569	0.01518
15	0.01371	0.00979	0.01306	0.01567	0.01632	0.00914	0.01045	0.01567	0.02155	0.02873	0.06203	0.59710	0.07444	0.03526	0.01437	0.00457	0.00653	0.03200	0.01045	0.00914
16	0.02257	0.05822	0.54613	0.03208	0.04871	0.02614	0.04158	0.03564	0.02376	0.03564	0.02020	0.02376	0.01426	0.01069	0.01069	0.00356	0.01663	0.00832	0.00475	0.01663
17	0.02462	0.02462	0.03447	0.02955	0.02955	0.03447	0.02462	0.02709	0.01724	0.02709	0.01477	0.02462	0.01477	0.01970	0.03694	0.00492	0.58385	0.00985	0.00492	0.01231
18	0.02657	0.03036	0.06641	0.04744	0.05882	0.02846	0.49336	0.03605	0.02657	0.03605	0.02277	0.03036	0.01708	0.00949	0.01328	0.00380	0.01898	0.01328	0.00569	0.01518
19	0.02016	0.01741	0.02556	0.08847	0.08109	0.02075	0.01983	0.02710	0.06697	0.02987	0.02967	0.08090	0.02772	0.04794	0.26463	0.01047	0.10985	0.01290	0.00656	0.01215
20	0.02488	0.02608	0.02084	0.02069	0.02388	0.19438	0.01500	0.03064	0.07745	0.03210	0.09810	0.28940	0.05390	0.02392	0.01254	0.00382	0.01122	0.02044	0.00922	0.01151
21	0.02126	0.02001	0.03376	0.57739	0.07752	0.02501	0.03126	0.02876	0.02251	0.02876	0.02001	0.03001	0.01500	0.01125	0.01125	0.00375	0.01500	0.01000	0.00500	0.01250
22	0.01345	0.01083	0.01200	0.01293	0.01561	0.00937	0.00923	0.01598	0.02418	0.02980	0.09537	0.28369	0.36633	0.03093	0.01368	0.00408	0.00600	0.02671	0.01045	0.00937
23	0.02184	0.02074	0.07614	0.02166	0.02729	0.01739	0.06169	0.03243	0.12685	0.07568	0.09445	0.23044	0.10096	0.02271	0.01284	0.00398	0.00929	0.02031	0.01006	0.01324
24	0.04204	0.05364	0.03190	0.02900	0.03480	0.55926	0.02175	0.04494	0.03190	0.02755	0.01740	0.02030	0.01450	0.01160	0.01015	0.00290	0.02030	0.00725	0.00580	0.01305
25	0.01613	0.01331	0.02190	0.02112	0.02364	0.01252	0.08703	0.01957	0.02273	0.03033	0.05564	0.46545	0.06455	0.03083	0.01430	0.00450	0.00883	0.06770	0.00969	0.01020
26	0.02257	0.05822	0.54613	0.03208	0.04871	0.02614	0.04158	0.03564	0.02376	0.03564	0.02020	0.02376	0.01426	0.01069	0.01069	0.00356	0.01663	0.00832	0.00475	0.01663
27	0.01371	0.00979	0.01306	0.01567	0.01632	0.00914	0.01045	0.01567	0.02155	0.02873	0.06203	0.59710	0.07444	0.03526	0.01437	0.00457	0.00653	0.03200	0.01045	0.00914
28	0.01501	0.01072	0.01455	0.01715	0.01837	0.01026	0.01270	0.01791	0.02283	0.03018	0.06132	0.45934	0.07161	0.03404	0.01471	0.00475	0.00765	0.15696	0.01042	0.00950
29	0.01416	0.01012	0.01358	0.01619	0.01704	0.00953	0.01123	0.01645	0.02199	0.02924	0.06179	0.54915	0.07346	0.03484	0.01449	0.00463	0.00692	0.07550	0.01044	0.00927
30	0.02759	0.02748	0.04990	0.06468	0.43752	0.02709	0.12788	0.03485	0.02582	0.03662	0.02150	0.02837	0.01768	0.00992	0.01158	0.00343	0.01451	0.01069	0.00560	0.01729
31	0.01758	0.01342	0.01753	0.01676	0.01737	0.01557	0.01182	0.01919	0.01703	0.02396	0.03060	0.05701	0.03293	0.35455	0.20679	0.01215	0.10679	0.01403	0.00628	0.00866
32	0.61934	0.02150	0.01752	0.01533	0.02248	0.02436	0.01263	0.03531	0.02049	0.10063	0.01860	0.02033	0.01379	0.01080	0.00741	0.00348	0.00880	0.00663	0.00768	0.01290
33	0.02504	0.16922	0.03233	0.01732	0.02723	0.02246	0.01483	0.02969	0.02322	0.03410	0.01891	0.02201	0.01611	0.00866	0.00805	0.00185	0.00927	0.00650	0.00620	0.50698
34	0.03406	0.19146	0.04410	0.03978	0.20453	0.17940	0.02543	0.08933	0.02970	0.03532	0.01931	0.02305	0.01615	0.01075	0.00983	0.00297	0.01481	0.00820	0.00607	0.01575
35	0.04445	0.02582	0.03166	0.02464	0.03319	0.07312	0.06355	0.12097	0.07253	0.33285	0.03718	0.03437	0.02471	0.01332	0.01140	0.00347	0.01188	0.01105	0.01176	0.01809
36	0.01955	0.00978	0.01466	0.01466	0.01466	0.00978	0.00978	0.01466	0.01466	0.01955	0.01955	0.03421	0.01955	0.03910	0.04399	0.67253	0.00978	0.00978	0.00489	0.00489
37	0.02174	0.02094	0.03672	0.52938	0.07583	0.02532	0.07313	0.02942	0.02287	0.02942	0.02026	0.03004	0.01519	0.01109	0.01144	0.00375	0.01536	0.01030	0.00506	0.01275
38	0.03759	0.01639	0.02236	0.01921	0.02544	0.01463	0.01576	0.04202	0.03009	0.34914	0.09921	0.10462	0.04700	0.01996	0.01260	0.00391	0.00905	0.10250	0.01279	0.01574
39	0.02702	0.02422	0.04245	0.09036	0.04323	0.02752	0.17836	0.03269	0.02264	0.08823	0.02278	0.03050	0.01832	0.02099	0.07362	0.00553	0.22002	0.01138	0.00631	0.01384
40	0.09714	0.03746	0.02548	0.02302	0.02848	0.32992	0.01749	0.03826	0.03014	0.07300	0.10838	0.03951	0.07641	0.01500	0.01071	0.00318	0.01468	0.01101	0.00800	0.01274
41	0.03202	0.09934	0.18016	0.08059	0.04612	0.02605	0.14524	0.04021	0.02659	0.17384	0.02700	0.02936	0.01881	0.01121	0.01118	0.00349	0.01461	0.01029	0.00755	0.01634
42	0.09987	0.02001	0.02640	0.02319	0.02759	0.02224	0.05730	0.07581	0.07657	0.07839	0.03889	0.18355	0.03844	0.02140	0.01648	0.00422	0.10562	0.06155	0.00918	0.01330
43	0.01877	0.10616	0.02209	0.01689	0.01980	0.01686	0.01270	0.05666	0.02519	0.03324	0.09642	0.41265	0.06371	0.02837	0.01290	0.00404	0.00774	0.02510	0.00981	0.01090
44	0.03316	0.09445	0.26145	0.02608	0.03819	0.02612	0.02847	0.07957	0.07937	0.17870	0.02966	0.02940	0.02051	0.01219	0.01066	0.00344	0.01311	0.00953	0.00851	0.01744
45	0.03983	0.02047	0.02527	0.02027	0.02759	0.02000	0.01641	0.12865	0.09023	0.30433	0.13567	0.04560	0.04228	0.01577	0.01170	0.00351	0.00918	0.01302	0.01287	0.01734
46	0.09204	0.01926	0.02581	0.02127	0.02746	0.01911	0.06389	0.04181	0.11792	0.21697	0.04003	0.09539	0.03313	0.11230	0.01898	0.00490	0.01028	0.01411	0.01047	0.01488
47	0.01898	0.01297	0.01597	0.01505	0.01802	0.01276	0.01148	0.02290	0.02684	0.07615	0.22658	0.13525	0.19619	0.02386	0.01483	0.00375	0.05830	0.01991	0.07927	0.01095
48	0.03127	0.02777	0.09138	0.09298	0.30682	0.02462	0.03013	0.04020	0.06491	0.13694	0.02752	0.03079	0.02052	0.01138	0.01116	0.00346	0.01274	0.01032	0.00756	0.01754
49	0.02776	0.02237	0.03630	0.27736	0.05559	0.02449	0.10599	0.10480	0.02889	0.09012	0.02887	0.09445	0.02406	0.01429	0.01196	0.00376	0.01376	0.01321	0.00765	0.01432
50	0.01647	0.01187	0.01489	0.01607	0.01789	0.01202	0.01139	0.02265	0.07802	0.03349	0.10230	0.37632	0.06438	0.03432	0.06526	0.00548	0.00880	0.02468	0.07320	0.01049
51	0.02690	0.04349	0.31139	0.03903	0.10018	0.02593	0.16353	0.03748	0.02554	0.08437	0.02333	0.02741	0.01671	0.01060	0.01152	0.00360	0.01627	0.01016	0.00598	0.01660
52	0.03244	0.08117	0.07842	0.14115	0.09549	0.02905	0.06121	0.15117	0.07860	0.10043	0.02688	0.02959	0.01965	0.01204	0.01102	0.00346	0.01317	0.01020	0.00823	0.01663
53	0.02858	0.03226	0.14572	0.09214	0.04998	0.02582	0.21414	0.08783	0.02904	0.08739	0.02786	0.03816	0.02189	0.01275	0.01235	0.00379	0.01568	0.05175	0.00728	0.01558
54	0.01742	0.01105	0.01433	0.01545	0.01744	0.01004	0.01084	0.02005	0.02409	0.07975	0.11377	0.43611	0.12458	0.03121	0.01384	0.00427	0.00660	0.02790	0.01098	0.01029
55	0.04474	0.02082	0.02766	0.08370	0.03487	0.02013	0.01876	0.09460	0.06984	0.40125	0.04009	0.03657	0.02607	0.01369	0.01132	0.00353	0.01041	0.01116	0.01248	0.01830
56	0.03493	0.18526	0.19322	0.02564	0.03717	0.02763	0.06328	0.04211	0.02681	0.21618	0.02797	0.02807	0.01945	0.01149	0.01023	0.00325	0.01308	0.00921	0.00816	0.01686
57	0.02097	0.01807	0.02540	0.02517	0.07674	0.01836	0.06102	0.03336	0.15670	0.04148	0.23145	0.10542	0.09941	0.01976	0.01267	0.00372	0.00852	0.01781	0.01050	0.01349
58	0.02505	0.02804	0.09815	0.23520	0.32645	0.02609	0.03424	0.03273	0.02437	0.03396	0.02067	0.02812	0.01648	0.01051	0.01113	0.00350	0.01429	0.00983	0.00529	0.01591
59	0.03397	0.02418	0.04044	0.09608	0.30661	0.02368	0.06498	0.04024	0.02741	0.18720	0.02815	0.03136	0.02053	0.01126	0.01137	0.00346	0.01282	0.01067	0.00803	0.01756
60	0.03152	0.03667	0.23149	0.07901	0.04796	0.02386	0.14740	0.04070	0.02680	0.18118	0.02781	0.03015	0.01896	0.01137	0.01157	0.00361	0.01505	0.01058	0.00766	0.01664
61	0.02088	0.01743	0.01893	0.01751	0.02222	0.01848	0.01343	0.03796	0.25666	0.04199	0.18745	0.07098	0.18909	0.02089	0.01243	0.00374	0.00711	0.01771	0.01142	0.01369

[dist]
# distance from previous block
# <min> <max>
0	30

[block]
# block no. 3 follows, 11 sequences, length 31
# corresponding to MSA columns:
# 239-269
name=unknown_D
#
# <colnr> <probs for GDERKNQSTAVLIFYWHMCP>
#	G	D	E	R	K	N	Q	S	T	A	V	L	I	F	Y	W	H	M	C	P
0	0.02750	0.22985	0.20986	0.02347	0.03388	0.02911	0.02515	0.03651	0.06507	0.08947	0.02911	0.10149	0.02556	0.01436	0.01015	0.00332	0.01231	0.01141	0.00712	0.01528
1	0.03425	0.12209	0.22838	0.02631	0.03816	0.02566	0.05633	0.04363	0.05460	0.21640	0.02981	0.02958	0.02047	0.01188	0.01061	0.00339	0.01314	0.00961	0.00849	0.01719
2	0.01411	0.01035	0.01325	0.01482	0.01628	0.00949	0.01024	0.01686	0.02416	0.03225	0.16264	0.43067	0.13963	0.03192	0.01401	0.00426	0.00618	0.02859	0.01084	0.00949
3	0.04204	0.05364	0.03190	0.02900	0.03480	0.55926	0.02175	0.04494	0.03190	0.02755	0.01740	0.02030	0.01450	0.01160	0.01015	0.00290	0.02030	0.00725	0.00580	0.01305
4	0.02478	0.01960	0.03010	0.39625	0.06070	0.02312	0.02613	0.03460	0.08698	0.08876	0.02959	0.07987	0.02391	0.01408	0.01155	0.00380	0.01290	0.01234	0.00729	0.01366
5	0.02347	0.04062	0.30663	0.16405	0.05129	0.02494	0.03423	0.07324	0.02632	0.03683	0.02584	0.03891	0.02140	0.01372	0.01151	0.00380	0.01505	0.06703	0.00612	0.01503
6	0.02126	0.02001	0.03376	0.57739	0.07752	0.02501	0.03126	0.02876	0.02251	0.02876	0.02001	0.03001	0.01500	0.01125	0.01125	0.00375	0.01500	0.01000	0.00500	0.01250
7	0.02978	0.02736	0.04415	0.06351	0.46975	0.02780	0.03284	0.09423	0.02915	0.04118	0.02193	0.02775	0.01800	0.01048	0.01116	0.00335	0.01324	0.01004	0.00631	0.01800
8	0.01442	0.01034	0.01370	0.01519	0.01648	0.00962	0.01050	0.01746	0.02486	0.03399	0.21163	0.43250	0.08463	0.03133	0.01402	0.00424	0.00614	0.02826	0.01107	0.00962
9	0.02895	0.03269	0.11732	0.10325	0.11603	0.02887	0.22450	0.13010	0.03106	0.04247	0.02279	0.02843	0.01699	0.01075	0.01202	0.00361	0.01613	0.01118	0.00662	0.01623
10	0.02657	0.03036	0.06641	0.04744	0.05882	0.02846	0.49336	0.03605	0.02657	0.03605	0.02277	0.03036	0.01708	0.00949	0.01328	0.00380	0.01898	0.01328	0.00569	0.01518
11	0.02099	0.01845	0.02698	0.02860	0.09132	0.01992	0.05730	0.03033	0.11875	0.03415	0.04468	0.26698	0.04691	0.02384	0.01598	0.00429	0.07584	0.05278	0.00898	0.01292
12	0.04057	0.03063	0.14515	0.02666	0.03745	0.02249	0.07882	0.10739	0.03247	0.30928	0.03426	0.03270	0.02246	0.01265	0.01141	0.00352	0.01260	0.01074	0.01060	0.01814
13	0.04662	0.01830	0.02488	0.01937	0.02739	0.01588	0.01588	0.05108	0.03217	0.48623	0.09875	0.04345	0.03666	0.01495	0.01154	0.00349	0.00910	0.01233	0.01376	0.01820
14	0.52200	0.02243	0.02370	0.01934	0.02706	0.02447	0.06946	0.03634	0.02177	0.11436	0.02034	0.02238	0.01486	0.01080	0.00829	0.00352	0.01003	0.00764	0.00774	0.01347
15	0.02998	0.03386	0.15328	0.14879	0.04834	0.06958	0.08964	0.10027	0.02978	0.09962	0.03109	0.03418	0.05523	0.01283	0.01146	0.00356	0.01464	0.01102	0.00747	0.01537
16	0.02452	0.12598	0.38241	0.03589	0.10149	0.02887	0.07787	0.03530	0.02410	0.03458	0.01993	0.02405	0.01493	0.01037	0.01051	0.00341	0.01586	0.00864	0.00494	0.01635
17	0.01418	0.01037	0.01344	0.01572	0.01700	0.00964	0.01111	0.01663	0.02259	0.02953	0.06846	0.47859	0.13209	0.03390	0.01437	0.00454	0.00687	0.08118	0.01044	0.00933
18	0.10792	0.10271	0.03615	0.11162	0.04005	0.02903	0.07326	0.11121	0.12718	0.10814	0.02863	0.03013	0.02101	0.01224	0.01050	0.00347	0.01201	0.01012	0.00868	0.01596
19	0.02941	0.09418	0.04257	0.16186	0.30604	0.02860	0.02984	0.07542	0.02746	0.06663	0.02216	0.02769	0.01755	0.01077	0.01072	0.00333	0.01324	0.00964	0.00636	0.01652
20	0.02094	0.01374	0.01751	0.01768	0.02028	0.01378	0.01284	0.08363	0.02622	0.07695	0.05213	0.40923	0.05772	0.03637	0.07796	0.00591	0.01035	0.02500	0.01033	0.01142
21	0.02338	0.09657	0.39480	0.10512	0.05181	0.02772	0.07841	0.03460	0.02377	0.03400	0.02002	0.02471	0.01462	0.01057	0.01071	0.00351	0.01624	0.00879	0.00487	0.01577
22	0.10807	0.06632	0.03724	0.17344	0.10986	0.02569	0.08606	0.03927	0.06613	0.13945	0.02683	0.03021	0.01951	0.01153	0.01074	0.00352	0.01274	0.01018	0.00775	0.01546
23	0.02339	0.04570	0.35187	0.09942	0.05305	0.02702	0.13516	0.03438	0.02380	0.03438	0.02038	0.02595	0.01498	0.01107	0.01296	0.00372	0.05254	0.00967	0.00499	0.01557
24	0.02182	0.01214	0.01741	0.01660	0.01863	0.01267	0.01221	0.02257	0.01868	0.09235	0.02925	0.04353	0.02678	0.11887	0.26473	0.22531	0.01871	0.01171	0.00681	0.00925
25	0.02550	0.02205	0.09418	0.02331	0.02965	0.01786	0.05877	0.03365	0.06776	0.13038	0.04030	0.11489	0.03655	0.03523	0.14482	0.00745	0.01597	0.07897	0.00897	0.01373
26	0.16074	0.03044	0.12851	0.02400	0.03285	0.06186	0.06261	0.04047	0.08414	0.13783	0.09476	0.03599	0.03136	0.01341	0.01070	0.00353	0.01176	0.01094	0.00892	0.01518
27	0.09692	0.01918	0.03054	0.02548	0.03106	0.01903	0.14473	0.03133	0.08145	0.07328	0.04282	0.26959	0.04351	0.02146	0.01267	0.00407	0.01070	0.02014	0.00913	0.01291
28	0.01786	0.01239	0.01644	0.08841	0.02402	0.01251	0.01271	0.02345	0.02862	0.04218	0.34180	0.06669	0.07536	0.01905	0.01170	0.00335	0.00659	0.01659	0.16944	0.01084
29	0.02980	0.01725	0.02485	0.15815	0.03698	0.01861	0.01910	0.03427	0.02504	0.20192	0.03810	0.15620	0.03334	0.01849	0.01463	0.00388	0.07620	0.01524	0.06413	0.01382
30	0.02742	0.02936	0.08724	0.06601	0.49392	0.02669	0.03513	0.03463	0.02547	0.03668	0.02109	0.02752	0.01753	0.01008	0.01111	0.00336	0.01364	0.00989	0.00550	0.01773

[dist]
# distance from previous block
# <min> <max>
0	5

[block]
# block no. 4 follows, 11 sequences, length 14
# corresponding to MSA columns:
# 275-288
name=unknown_E
#
# <colnr> <probs for GDERKNQSTAVLIFYWHMCP>
#	G	D	E	R	K	N	Q	S	T	A	V	L	I	F	Y	W	H	M	C	P
0	0.20005	0.04165	0.02606	0.02372	0.02951	0.37469	0.01806	0.04023	0.02794	0.03462	0.01878	0.02183	0.01527	0.01145	0.00914	0.00302	0.01600	0.00727	0.06811	0.01259
1	0.02386	0.01290	0.01748	0.04567	0.02183	0.01212	0.01266	0.02513	0.02365	0.13335	0.09675	0.10621	0.13687	0.02809	0.02258	0.21286	0.00855	0.03979	0.00931	0.01032
2	0.19256	0.16071	0.24513	0.02353	0.03527	0.02857	0.02636	0.03705	0.02350	0.10201	0.02120	0.02305	0.01552	0.01082	0.00911	0.00329	0.01279	0.00766	0.00649	0.01539
3	0.01344	0.01086	0.01196	0.01284	0.01558	0.00938	0.00919	0.01599	0.02427	0.02984	0.09650	0.27305	0.37625	0.03078	0.01366	0.00406	0.00598	0.02653	0.01045	0.00938
4	0.02463	0.19309	0.23986	0.02365	0.03428	0.02795	0.02617	0.07011	0.02798	0.03850	0.14618	0.03753	0.03763	0.01371	0.01045	0.00323	0.01222	0.01085	0.00722	0.01476
5	0.03031	0.01772	0.02631	0.24529	0.04571	0.01870	0.02124	0.03553	0.02589	0.20951	0.03984	0.05035	0.06193	0.06713	0.01582	0.00441	0.01169	0.04951	0.00914	0.01396
6	0.04597	0.09776	0.03222	0.02139	0.03029	0.02469	0.01810	0.16228	0.03618	0.35886	0.03640	0.03291	0.02398	0.01328	0.01078	0.00332	0.01059	0.01035	0.01210	0.01855
7	0.01807	0.01094	0.01182	0.01160	0.01449	0.01031	0.00870	0.02281	0.02610	0.04026	0.17588	0.06675	0.15597	0.01889	0.01039	0.00310	0.00536	0.01581	0.36243	0.01031
8	0.02363	0.06594	0.07896	0.16434	0.08919	0.02359	0.08367	0.03202	0.05468	0.03394	0.02490	0.06934	0.02143	0.01205	0.01069	0.00316	0.01262	0.01096	0.00633	0.17856
9	0.08854	0.02842	0.10924	0.17762	0.13064	0.02807	0.02884	0.03306	0.05776	0.03420	0.02041	0.02712	0.01647	0.01328	0.01715	0.00392	0.15568	0.00954	0.00571	0.01434
10	0.02152	0.01561	0.01887	0.01887	0.02185	0.01605	0.01416	0.13654	0.02992	0.03988	0.05300	0.39505	0.05943	0.02931	0.01374	0.00435	0.00848	0.08095	0.01064	0.01179
11	0.02309	0.04985	0.41861	0.03145	0.04394	0.02822	0.03736	0.03351	0.02214	0.03351	0.01885	0.02398	0.01439	0.01294	0.01723	0.00390	0.15800	0.00870	0.00480	0.01556
12	0.03238	0.02217	0.05934	0.07554	0.06825	0.01868	0.01955	0.07069	0.02826	0.20041	0.03385	0.10259	0.02760	0.01450	0.01090	0.00318	0.01031	0.01231	0.00948	0.18002
13	0.02512	0.19138	0.34441	0.03146	0.04546	0.03111	0.11165	0.03523	0.02401	0.03343	0.01949	0.02344	0.01478	0.01023	0.01026	0.00331	0.01588	0.00858	0.00493	0.01584

[dist]
# distance from previous block
# <min> <max>
0	103

# created by:
# /st0/software/busco_prod/Augustus/scripts/msa2prfl.pl ./align_prep/9101.fa
