[name]
unknown

[dist]
# distance from previous block
# <min> <max>
0	36

[block]
# block no. 0 follows, 14 sequences, length 16
# corresponding to MSA columns:
# 41-56
name=unknown_A
#
# <colnr> <probs for GDERKNQSTAVLIFYWHMCP>
#	G	D	E	R	K	N	Q	S	T	A	V	L	I	F	Y	W	H	M	C	P
0	0.06770	0.01597	0.01857	0.01623	0.02076	0.04429	0.01251	0.03324	0.02448	0.26731	0.08921	0.08558	0.03895	0.15073	0.01976	0.00481	0.00900	0.05856	0.00995	0.01239
1	0.17690	0.02068	0.02166	0.05226	0.02649	0.04484	0.01516	0.13250	0.10170	0.12270	0.08887	0.03819	0.03047	0.04920	0.01217	0.00365	0.00932	0.03061	0.00912	0.01351
2	0.02466	0.01925	0.02725	0.32449	0.04824	0.02256	0.02227	0.13714	0.02672	0.06718	0.02519	0.08361	0.02101	0.01341	0.01162	0.00339	0.04522	0.01109	0.05306	0.01264
3	0.09873	0.01902	0.02509	0.02680	0.14205	0.01866	0.01744	0.09942	0.02819	0.22608	0.07360	0.07282	0.07869	0.01448	0.01034	0.00322	0.00898	0.01215	0.00956	0.01472
4	0.02225	0.01419	0.01764	0.01648	0.01968	0.01503	0.01244	0.03051	0.13516	0.11656	0.03653	0.05364	0.03324	0.20442	0.17112	0.00863	0.01375	0.05921	0.00829	0.01122
5	0.03220	0.01983	0.02401	0.05902	0.02860	0.02007	0.01611	0.21599	0.03276	0.18750	0.03467	0.15818	0.02995	0.01612	0.01064	0.00322	0.00929	0.01352	0.00998	0.07836
6	0.02679	0.02023	0.02177	0.01884	0.02474	0.02198	0.01486	0.12681	0.30822	0.09315	0.05218	0.04872	0.14473	0.01614	0.01076	0.00338	0.00808	0.01325	0.01042	0.01493
7	0.01409	0.01015	0.01333	0.01321	0.01524	0.00939	0.00965	0.01827	0.02702	0.03793	0.45935	0.19640	0.09059	0.02339	0.01232	0.00343	0.00508	0.02085	0.01092	0.00939
8	0.01860	0.02133	0.15351	0.01665	0.02230	0.01332	0.01591	0.02295	0.02123	0.08810	0.05333	0.14745	0.18236	0.15358	0.02013	0.00488	0.00917	0.01665	0.00789	0.01065
9	0.02751	0.06798	0.23563	0.02705	0.07934	0.02165	0.05362	0.03666	0.06131	0.15145	0.02476	0.02598	0.01772	0.01019	0.00958	0.00292	0.01177	0.00849	0.00694	0.11945
10	0.64521	0.02305	0.07013	0.01501	0.02221	0.02310	0.01370	0.03039	0.01787	0.04474	0.01469	0.01715	0.01130	0.00955	0.00668	0.00318	0.00864	0.00575	0.00616	0.01150
11	0.01705	0.01061	0.01404	0.01430	0.01574	0.01066	0.00991	0.01899	0.01830	0.07725	0.03991	0.24516	0.04327	0.22896	0.17892	0.00909	0.01312	0.01819	0.00775	0.00878
12	0.02742	0.02423	0.03721	0.05107	0.41868	0.02485	0.02736	0.14004	0.02846	0.03972	0.02308	0.06813	0.02016	0.01145	0.01039	0.00313	0.01156	0.01058	0.00651	0.01595
13	0.01472	0.01077	0.01535	0.01535	0.01679	0.01221	0.01140	0.01759	0.01615	0.02298	0.02853	0.04610	0.02817	0.19809	0.48099	0.01508	0.02371	0.01184	0.00565	0.00853
14	0.03247	0.01524	0.01989	0.01718	0.02220	0.01420	0.01374	0.06372	0.02606	0.31107	0.04088	0.05904	0.03491	0.15108	0.02019	0.00497	0.00930	0.12014	0.01045	0.01328
15	0.02754	0.02407	0.09448	0.15883	0.15909	0.02074	0.05173	0.03518	0.05287	0.15329	0.02482	0.02781	0.01801	0.01028	0.00997	0.00303	0.01156	0.00913	0.00699	0.10058

[dist]
# distance from previous block
# <min> <max>
0	1

[block]
# block no. 1 follows, 14 sequences, length 97
# corresponding to MSA columns:
# 58-154
name=unknown_B
#
# <colnr> <probs for GDERKNQSTAVLIFYWHMCP>
#	G	D	E	R	K	N	Q	S	T	A	V	L	I	F	Y	W	H	M	C	P
0	0.03614	0.08940	0.03309	0.07450	0.03466	0.03191	0.02009	0.44531	0.04310	0.05728	0.02305	0.02406	0.01670	0.01179	0.00990	0.00302	0.01147	0.00885	0.00918	0.01650
1	0.02384	0.02476	0.03123	0.02690	0.02736	0.08080	0.02222	0.02612	0.01688	0.02473	0.01368	0.02211	0.01345	0.01732	0.03155	0.00433	0.56812	0.00877	0.00456	0.01128
2	0.02213	0.05272	0.53764	0.02900	0.04331	0.07387	0.03634	0.03324	0.02231	0.03186	0.01819	0.02139	0.01302	0.00982	0.00971	0.00320	0.01546	0.00750	0.00442	0.01488
3	0.01798	0.01040	0.01473	0.01453	0.01534	0.01100	0.01019	0.01776	0.06122	0.02099	0.02148	0.03330	0.02028	0.04048	0.12844	0.52914	0.01187	0.00949	0.00515	0.00625
4	0.03960	0.01662	0.02213	0.01756	0.02446	0.01487	0.01428	0.04531	0.06303	0.45983	0.12677	0.04194	0.03741	0.01413	0.01062	0.00320	0.00806	0.01174	0.01233	0.01612
5	0.02540	0.02438	0.04165	0.06299	0.57533	0.02438	0.03149	0.03149	0.02337	0.03353	0.01930	0.02540	0.01626	0.00914	0.01016	0.00305	0.01219	0.00914	0.00508	0.01626
6	0.01586	0.01078	0.01339	0.01278	0.01566	0.00966	0.00956	0.01978	0.02672	0.07303	0.36632	0.13485	0.20762	0.02278	0.01209	0.00338	0.00531	0.01983	0.01077	0.00982
7	0.02471	0.41009	0.26535	0.02220	0.03352	0.03394	0.02565	0.03143	0.02118	0.02746	0.01592	0.01853	0.01310	0.00917	0.00784	0.00261	0.01264	0.00632	0.00437	0.01396
8	0.71184	0.01985	0.01508	0.01350	0.01985	0.02302	0.01111	0.03017	0.01746	0.04604	0.01429	0.01667	0.01111	0.00953	0.00635	0.00318	0.00794	0.00556	0.00635	0.01111
9	0.02744	0.64552	0.05378	0.01756	0.02634	0.04061	0.01756	0.03073	0.02085	0.02414	0.01427	0.01646	0.01317	0.00878	0.00658	0.00219	0.01097	0.00549	0.00439	0.01317
10	0.01831	0.01478	0.01681	0.01555	0.01937	0.01545	0.01188	0.03186	0.22495	0.04004	0.31172	0.06527	0.13493	0.01901	0.01149	0.00335	0.00611	0.01638	0.01075	0.01199
11	0.08597	0.01717	0.02262	0.01762	0.02510	0.01524	0.01449	0.04681	0.02860	0.51410	0.07263	0.03644	0.02906	0.01303	0.01018	0.00318	0.00843	0.01055	0.01221	0.01657
12	0.02443	0.02089	0.02226	0.02009	0.02555	0.02394	0.01559	0.05102	0.50411	0.04275	0.09449	0.04212	0.03786	0.01463	0.01061	0.00346	0.00779	0.01230	0.01053	0.01559
13	0.01354	0.01032	0.01244	0.01220	0.01480	0.00922	0.00904	0.01735	0.02630	0.03530	0.36735	0.13497	0.25250	0.02368	0.01220	0.00339	0.00506	0.02057	0.01054	0.00922
14	0.71184	0.01985	0.01508	0.01350	0.01985	0.02302	0.01111	0.03017	0.01746	0.04604	0.01429	0.01667	0.01111	0.00953	0.00635	0.00318	0.00794	0.00556	0.00635	0.01111
15	0.01213	0.01040	0.01040	0.01040	0.01386	0.00866	0.00780	0.01473	0.02339	0.02772	0.10396	0.09876	0.57117	0.02599	0.01213	0.00347	0.00520	0.02166	0.00953	0.00866
16	0.03185	0.02519	0.02676	0.02216	0.02909	0.02848	0.01777	0.28268	0.31835	0.05312	0.03374	0.03189	0.02482	0.01317	0.01036	0.00329	0.00961	0.01049	0.01036	0.01681
17	0.02744	0.64552	0.05378	0.01756	0.02634	0.04061	0.01756	0.03073	0.02085	0.02414	0.01427	0.01646	0.01317	0.00878	0.00658	0.00219	0.01097	0.00549	0.00439	0.01317
18	0.02047	0.01917	0.02612	0.02281	0.02281	0.02579	0.01819	0.02213	0.01551	0.02344	0.01842	0.03419	0.01973	0.18113	0.03855	0.00592	0.46023	0.01054	0.00494	0.00991
19	0.04604	0.01746	0.02382	0.01826	0.02620	0.01508	0.01508	0.05001	0.02937	0.58244	0.04049	0.03493	0.02540	0.01270	0.01032	0.00318	0.00873	0.01032	0.01270	0.01746
20	0.02422	0.02768	0.06055	0.04325	0.05363	0.02595	0.53806	0.03287	0.02422	0.03287	0.02076	0.02768	0.01557	0.00865	0.01211	0.00346	0.01730	0.01211	0.00519	0.01384
21	0.16163	0.02449	0.08002	0.01996	0.02826	0.02213	0.01779	0.16442	0.06425	0.27000	0.02974	0.02799	0.02000	0.01181	0.00954	0.00318	0.00981	0.00900	0.00998	0.01600
22	0.02083	0.05136	0.55051	0.03020	0.04504	0.02398	0.07185	0.03252	0.02184	0.03252	0.01858	0.02207	0.01317	0.00968	0.00991	0.00326	0.01531	0.00789	0.00439	0.01508
23	0.01250	0.00893	0.01191	0.01429	0.01488	0.00834	0.00953	0.01429	0.01965	0.02620	0.05656	0.63265	0.06787	0.03215	0.01310	0.00417	0.00595	0.02917	0.00953	0.00834
24	0.71184	0.01985	0.01508	0.01350	0.01985	0.02302	0.01111	0.03017	0.01746	0.04604	0.01429	0.01667	0.01111	0.00953	0.00635	0.00318	0.00794	0.00556	0.00635	0.01111
25	0.02744	0.64552	0.05378	0.01756	0.02634	0.04061	0.01756	0.03073	0.02085	0.02414	0.01427	0.01646	0.01317	0.00878	0.00658	0.00219	0.01097	0.00549	0.00439	0.01317
26	0.01364	0.01031	0.01259	0.01233	0.01487	0.00926	0.00913	0.01754	0.02651	0.03585	0.38649	0.13843	0.22850	0.02352	0.01221	0.00339	0.00505	0.02050	0.01062	0.00926
27	0.01452	0.01049	0.01372	0.01291	0.01533	0.00968	0.00968	0.01937	0.02905	0.04115	0.56992	0.07666	0.09683	0.02098	0.01210	0.00323	0.00484	0.01856	0.01130	0.00968
28	0.01466	0.01100	0.01649	0.01649	0.01833	0.01283	0.01283	0.01833	0.01649	0.02382	0.02749	0.04032	0.02566	0.07697	0.59868	0.01649	0.02749	0.01100	0.00550	0.00916
29	0.01452	0.01049	0.01372	0.01291	0.01533	0.00968	0.00968	0.01937	0.02905	0.04115	0.56992	0.07666	0.09683	0.02098	0.01210	0.00323	0.00484	0.01856	0.01130	0.00968
30	0.02058	0.05308	0.58618	0.02925	0.04442	0.02383	0.03792	0.03250	0.02167	0.03250	0.01842	0.02167	0.01300	0.00975	0.00975	0.00325	0.01517	0.00758	0.00433	0.01517
31	0.01269	0.00907	0.01207	0.01416	0.01493	0.00846	0.00954	0.01475	0.02051	0.02757	0.10359	0.58171	0.07053	0.03113	0.01301	0.00408	0.00585	0.02820	0.00969	0.00846
32	0.02128	0.01824	0.02128	0.01520	0.02432	0.01368	0.01216	0.02584	0.02128	0.03344	0.01824	0.02128	0.01520	0.00760	0.00760	0.00152	0.00760	0.00608	0.00608	0.70208
33	0.02276	0.24100	0.41730	0.02554	0.03868	0.02915	0.03146	0.03194	0.02141	0.02985	0.01710	0.02002	0.01305	0.00944	0.00875	0.00292	0.01384	0.00692	0.00435	0.01453
34	0.01435	0.01048	0.01348	0.01273	0.01523	0.00961	0.00955	0.01903	0.02864	0.04018	0.53625	0.07825	0.13111	0.02134	0.01211	0.00324	0.00487	0.01878	0.01117	0.00961
35	0.71184	0.01985	0.01508	0.01350	0.01985	0.02302	0.01111	0.03017	0.01746	0.04604	0.01429	0.01667	0.01111	0.00953	0.00635	0.00318	0.00794	0.00556	0.00635	0.01111
36	0.03496	0.02594	0.03292	0.07036	0.17192	0.02783	0.02271	0.33414	0.03845	0.10177	0.02433	0.02595	0.01764	0.01142	0.01024	0.00310	0.01144	0.00931	0.00881	0.01677
37	0.02885	0.02729	0.10908	0.02991	0.10163	0.02427	0.08450	0.08989	0.22851	0.11872	0.03141	0.03134	0.02286	0.01178	0.01048	0.00331	0.01110	0.01040	0.00859	0.01609
38	0.01454	0.01042	0.01361	0.01343	0.01551	0.00976	0.01002	0.01874	0.02669	0.03734	0.43912	0.13032	0.08658	0.06733	0.01528	0.00393	0.00571	0.06176	0.01061	0.00929
39	0.02752	0.03059	0.14794	0.03094	0.13144	0.02639	0.02437	0.15646	0.23020	0.04395	0.02882	0.02930	0.02153	0.01180	0.01020	0.00326	0.01108	0.00976	0.00813	0.01629
40	0.03398	0.02098	0.03361	0.07668	0.22299	0.02066	0.05940	0.03911	0.02544	0.27859	0.02846	0.02978	0.01996	0.01134	0.01187	0.00325	0.04963	0.00987	0.00843	0.01598
41	0.47867	0.02118	0.02250	0.02664	0.16074	0.02358	0.01671	0.03262	0.06594	0.04261	0.01795	0.02076	0.01417	0.00981	0.00767	0.00317	0.00903	0.00699	0.00639	0.01286
42	0.02682	0.04271	0.38211	0.03011	0.08662	0.02459	0.03178	0.13027	0.02755	0.08906	0.02169	0.02377	0.01526	0.01045	0.00994	0.00319	0.01358	0.00828	0.00629	0.01590
43	0.03071	0.02788	0.02701	0.08181	0.03331	0.12019	0.01895	0.18357	0.27725	0.04435	0.03048	0.03022	0.02279	0.01257	0.01018	0.00323	0.01124	0.00989	0.00897	0.01539
44	0.01470	0.00986	0.01126	0.01148	0.01153	0.00980	0.00652	0.01487	0.01536	0.02048	0.03455	0.11897	0.04011	0.58372	0.04865	0.00942	0.00958	0.01623	0.00652	0.00641
45	0.64467	0.02073	0.01665	0.01451	0.02104	0.02390	0.01195	0.08117	0.02054	0.04790	0.01532	0.01747	0.01175	0.00980	0.00674	0.00317	0.00827	0.00592	0.00674	0.01175
46	0.01452	0.01049	0.01372	0.01291	0.01533	0.00968	0.00968	0.01937	0.02905	0.04115	0.56992	0.07666	0.09683	0.02098	0.01210	0.00323	0.00484	0.01856	0.01130	0.00968
47	0.01452	0.01049	0.01372	0.01291	0.01533	0.00968	0.00968	0.01937	0.02905	0.04115	0.56992	0.07666	0.09683	0.02098	0.01210	0.00323	0.00484	0.01856	0.01130	0.00968
48	0.02058	0.05308	0.58618	0.02925	0.04442	0.02383	0.03792	0.03250	0.02167	0.03250	0.01842	0.02167	0.01300	0.00975	0.00975	0.00325	0.01517	0.00758	0.00433	0.01517
49	0.03901	0.02874	0.03080	0.02361	0.03182	0.03182	0.01951	0.54111	0.04825	0.06468	0.02464	0.02464	0.01745	0.01232	0.01027	0.00308	0.01129	0.00924	0.01027	0.01745
50	0.01452	0.01049	0.01372	0.01291	0.01533	0.00968	0.00968	0.01937	0.02905	0.04115	0.56992	0.07666	0.09683	0.02098	0.01210	0.00323	0.00484	0.01856	0.01130	0.00968
51	0.02540	0.02438	0.04165	0.06299	0.57533	0.02438	0.03149	0.03149	0.02337	0.03353	0.01930	0.02540	0.01626	0.00914	0.01016	0.00305	0.01219	0.00914	0.00508	0.01626
52	0.04604	0.01746	0.02382	0.01826	0.02620	0.01508	0.01508	0.05001	0.02937	0.58244	0.04049	0.03493	0.02540	0.01270	0.01032	0.00318	0.00873	0.01032	0.01270	0.01746
53	0.04604	0.01746	0.02382	0.01826	0.02620	0.01508	0.01508	0.05001	0.02937	0.58244	0.04049	0.03493	0.02540	0.01270	0.01032	0.00318	0.00873	0.01032	0.01270	0.01746
54	0.03901	0.02874	0.03080	0.02361	0.03182	0.03182	0.01951	0.54111	0.04825	0.06468	0.02464	0.02464	0.01745	0.01232	0.01027	0.00308	0.01129	0.00924	0.01027	0.01745
55	0.02744	0.64552	0.05378	0.01756	0.02634	0.04061	0.01756	0.03073	0.02085	0.02414	0.01427	0.01646	0.01317	0.00878	0.00658	0.00219	0.01097	0.00549	0.00439	0.01317
56	0.01430	0.01048	0.01341	0.01268	0.01520	0.00959	0.00951	0.01894	0.02853	0.03992	0.52723	0.07868	0.14029	0.02144	0.01211	0.00325	0.00487	0.01884	0.01113	0.00959
57	0.01441	0.01094	0.01588	0.01588	0.01788	0.01241	0.01233	0.01797	0.01718	0.02421	0.03512	0.04615	0.08011	0.07188	0.54013	0.01519	0.02526	0.01206	0.00590	0.00911
58	0.04008	0.02702	0.02973	0.02279	0.03096	0.02927	0.01883	0.46608	0.04537	0.14379	0.02706	0.02621	0.01867	0.01238	0.01027	0.00309	0.01090	0.00940	0.01064	0.01745
59	0.02128	0.01824	0.02128	0.01520	0.02432	0.01368	0.01216	0.02584	0.02128	0.03344	0.01824	0.02128	0.01520	0.00760	0.00760	0.00152	0.00760	0.00608	0.00608	0.70208
60	0.01308	0.00998	0.01202	0.01247	0.01469	0.00892	0.00899	0.01622	0.02424	0.03198	0.25319	0.25372	0.25114	0.02611	0.01242	0.00360	0.00530	0.02286	0.01015	0.00892
61	0.03681	0.02765	0.02956	0.02317	0.03099	0.03080	0.01897	0.46173	0.13121	0.06113	0.02743	0.02686	0.01972	0.01258	0.01029	0.00315	0.01078	0.00962	0.01029	0.01725
62	0.71184	0.01985	0.01508	0.01350	0.01985	0.02302	0.01111	0.03017	0.01746	0.04604	0.01429	0.01667	0.01111	0.00953	0.00635	0.00318	0.00794	0.00556	0.00635	0.01111
63	0.02141	0.04788	0.49179	0.02785	0.04144	0.02412	0.03428	0.03619	0.11138	0.03425	0.02233	0.02445	0.01607	0.01045	0.00987	0.00329	0.01399	0.00826	0.00536	0.01535
64	0.01452	0.01049	0.01372	0.01291	0.01533	0.00968	0.00968	0.01937	0.02905	0.04115	0.56992	0.07666	0.09683	0.02098	0.01210	0.00323	0.00484	0.01856	0.01130	0.00968
65	0.01536	0.01233	0.01398	0.01362	0.01678	0.01199	0.01016	0.02334	0.12090	0.03457	0.23596	0.15297	0.25341	0.02304	0.01195	0.00349	0.00571	0.01987	0.01026	0.01031
66	0.02744	0.04349	0.43480	0.02629	0.03951	0.02148	0.03177	0.03721	0.02374	0.18053	0.02436	0.02524	0.01634	0.01054	0.00990	0.00323	0.01343	0.00832	0.00659	0.01578
67	0.01558	0.01196	0.01444	0.01356	0.01657	0.01156	0.01024	0.02318	0.09598	0.03936	0.43199	0.07505	0.15978	0.02083	0.01189	0.00330	0.00532	0.01813	0.01092	0.01037
68	0.03833	0.04891	0.02908	0.02644	0.03173	0.59815	0.01983	0.04098	0.02908	0.02512	0.01586	0.01851	0.01322	0.01058	0.00925	0.00264	0.01851	0.00661	0.00529	0.01190
69	0.02785	0.07513	0.23915	0.03035	0.04166	0.02797	0.16044	0.19550	0.03080	0.04239	0.02076	0.02386	0.01510	0.01023	0.01033	0.00319	0.01422	0.00916	0.00646	0.01543
70	0.03617	0.10135	0.06730	0.01914	0.02665	0.05628	0.01681	0.04225	0.06467	0.33510	0.06532	0.06715	0.02910	0.01352	0.01000	0.00310	0.00968	0.01090	0.01014	0.01535
71	0.01250	0.00893	0.01191	0.01429	0.01488	0.00834	0.00953	0.01429	0.01965	0.02620	0.05656	0.63265	0.06787	0.03215	0.01310	0.00417	0.00595	0.02917	0.00953	0.00834
72	0.02959	0.02363	0.02330	0.02206	0.06381	0.14018	0.01589	0.08525	0.06817	0.14259	0.21970	0.04474	0.04707	0.01497	0.01072	0.00308	0.00989	0.01235	0.00967	0.01335
73	0.02678	0.55335	0.09068	0.02205	0.07184	0.03811	0.02013	0.03092	0.02111	0.02549	0.01497	0.01755	0.01341	0.00888	0.00710	0.00234	0.01137	0.00593	0.00444	0.01356
74	0.02892	0.18972	0.08361	0.03429	0.20280	0.02928	0.02359	0.11236	0.09361	0.07162	0.02287	0.02486	0.01783	0.01040	0.00925	0.00291	0.01125	0.00846	0.00678	0.01561
75	0.02504	0.01923	0.02243	0.01629	0.02522	0.01560	0.01313	0.07922	0.02462	0.08077	0.02067	0.02271	0.01625	0.00848	0.00809	0.00181	0.00806	0.00674	0.00703	0.57861
76	0.49362	0.02019	0.01863	0.01559	0.02248	0.02210	0.01285	0.08567	0.02324	0.16960	0.02127	0.02161	0.01499	0.01053	0.00764	0.00317	0.00845	0.00701	0.00818	0.01319
77	0.02600	0.02130	0.02961	0.03683	0.23979	0.02252	0.02213	0.04102	0.23956	0.08118	0.03449	0.04271	0.02845	0.01377	0.01079	0.00344	0.00992	0.07258	0.00841	0.01549
78	0.01394	0.01047	0.01291	0.01230	0.01497	0.00943	0.00922	0.01823	0.02767	0.03787	0.45603	0.08206	0.21277	0.02220	0.01211	0.00329	0.00493	0.01932	0.01086	0.00943
79	0.03833	0.04891	0.02908	0.02644	0.03173	0.59815	0.01983	0.04098	0.02908	0.02512	0.01586	0.01851	0.01322	0.01058	0.00925	0.00264	0.01851	0.00661	0.00529	0.01190
80	0.02847	0.08428	0.17160	0.02423	0.03352	0.02509	0.06385	0.07204	0.21674	0.12750	0.03060	0.03001	0.02209	0.01170	0.01004	0.00324	0.01117	0.00975	0.00831	0.01578
81	0.15844	0.13663	0.12697	0.02129	0.03044	0.02915	0.02048	0.23655	0.03194	0.08556	0.02100	0.02198	0.01535	0.01078	0.00883	0.00298	0.01110	0.00771	0.00768	0.01515
82	0.02665	0.01946	0.02280	0.01664	0.02550	0.01613	0.01345	0.09354	0.02569	0.10716	0.02187	0.02344	0.01678	0.00884	0.00828	0.00193	0.00821	0.00702	0.00745	0.52917
83	0.01485	0.01025	0.01270	0.01270	0.01322	0.01077	0.00810	0.01589	0.01537	0.02101	0.03096	0.05952	0.03399	0.47936	0.20769	0.01181	0.01494	0.01381	0.00601	0.00706
84	0.19352	0.03146	0.19977	0.02940	0.13307	0.02331	0.02465	0.07156	0.05799	0.10872	0.02232	0.02411	0.01621	0.01041	0.00916	0.00319	0.01132	0.00811	0.00683	0.01491
85	0.14957	0.27003	0.19560	0.02110	0.03119	0.03132	0.02253	0.10912	0.02467	0.03664	0.01704	0.01924	0.01341	0.00973	0.00801	0.00281	0.01168	0.00667	0.00562	0.01403
86	0.71184	0.01985	0.01508	0.01350	0.01985	0.02302	0.01111	0.03017	0.01746	0.04604	0.01429	0.01667	0.01111	0.00953	0.00635	0.00318	0.00794	0.00556	0.00635	0.01111
87	0.01783	0.00891	0.01337	0.01337	0.01337	0.00891	0.00891	0.01337	0.01337	0.01783	0.01783	0.03119	0.01783	0.03565	0.04011	0.70143	0.00891	0.00891	0.00446	0.00446
88	0.01356	0.01037	0.01269	0.01411	0.01638	0.00950	0.01093	0.01654	0.02232	0.02815	0.07475	0.26621	0.26542	0.02857	0.01303	0.00405	0.00670	0.16841	0.00950	0.00880
89	0.01792	0.01184	0.01537	0.01609	0.01925	0.01110	0.01351	0.02205	0.02463	0.08155	0.11709	0.10015	0.18935	0.02558	0.01310	0.00411	0.00785	0.28950	0.00995	0.01001
90	0.02540	0.02438	0.04165	0.06299	0.57533	0.02438	0.03149	0.03149	0.02337	0.03353	0.01930	0.02540	0.01626	0.00914	0.01016	0.00305	0.01219	0.00914	0.00508	0.01626
91	0.01411	0.01047	0.01315	0.01248	0.01508	0.00951	0.00936	0.01857	0.02807	0.03884	0.48970	0.08046	0.17849	0.02184	0.01211	0.00327	0.00490	0.01909	0.01099	0.00951
92	0.02501	0.02669	0.08551	0.06027	0.53258	0.02434	0.03201	0.03158	0.02323	0.03344	0.01923	0.02510	0.01599	0.00919	0.01013	0.00306	0.01243	0.00902	0.00502	0.01617
93	0.01412	0.01010	0.01368	0.01555	0.01700	0.00966	0.01180	0.01733	0.02242	0.03003	0.13767	0.37841	0.06966	0.02915	0.01328	0.00420	0.00690	0.18035	0.00978	0.00891
94	0.03692	0.02623	0.02853	0.02251	0.03020	0.02885	0.01839	0.39125	0.15176	0.11185	0.02977	0.02849	0.02112	0.01269	0.01031	0.00317	0.01038	0.00984	0.01055	0.01720
95	0.03207	0.34201	0.04213	0.02453	0.06595	0.28376	0.01950	0.03527	0.02463	0.02521	0.01531	0.01796	0.01340	0.00959	0.00800	0.00245	0.01436	0.00623	0.00483	0.01282
96	0.02613	0.01953	0.02797	0.03177	0.21143	0.01720	0.01900	0.03114	0.02399	0.12371	0.07029	0.02973	0.02434	0.01012	0.00931	0.00246	0.00911	0.00890	0.00727	0.29659

[dist]
# distance from previous block
# <min> <max>
0	2

[block]
# block no. 2 follows, 14 sequences, length 14
# corresponding to MSA columns:
# 157-170
name=unknown_C
#
# <colnr> <probs for GDERKNQSTAVLIFYWHMCP>
#	G	D	E	R	K	N	Q	S	T	A	V	L	I	F	Y	W	H	M	C	P
0	0.01973	0.01224	0.01563	0.01535	0.01839	0.01136	0.01116	0.02465	0.06619	0.11692	0.11174	0.37677	0.05769	0.02439	0.01190	0.00364	0.00656	0.02174	0.01005	0.06389
1	0.08133	0.37558	0.04048	0.01838	0.02590	0.07238	0.01665	0.11938	0.02689	0.03494	0.08010	0.02497	0.02339	0.01098	0.00803	0.00257	0.01061	0.00773	0.00642	0.01327
2	0.24769	0.02599	0.02586	0.02300	0.06721	0.06857	0.01734	0.25766	0.03351	0.10709	0.02202	0.02283	0.01590	0.01113	0.00897	0.00308	0.01058	0.00801	0.00856	0.01499
3	0.01313	0.00938	0.01263	0.01500	0.01587	0.00887	0.01061	0.01537	0.02026	0.02690	0.05622	0.55243	0.06651	0.03156	0.01327	0.00425	0.00650	0.10321	0.00951	0.00851
4	0.01446	0.01033	0.01415	0.01653	0.01798	0.01002	0.01293	0.01767	0.02158	0.02839	0.05548	0.38192	0.06360	0.03031	0.01362	0.00444	0.00765	0.26059	0.00949	0.00888
5	0.02869	0.57691	0.05094	0.01858	0.02696	0.10473	0.01782	0.03191	0.02180	0.02426	0.01445	0.01670	0.01318	0.00899	0.00689	0.00225	0.01184	0.00562	0.00449	0.01302
6	0.04383	0.02102	0.02602	0.01995	0.02797	0.02036	0.01648	0.20484	0.03532	0.41920	0.03549	0.03168	0.02290	0.01258	0.01030	0.00315	0.00954	0.00998	0.01193	0.01746
7	0.03667	0.20363	0.03561	0.02522	0.09611	0.13474	0.01875	0.04046	0.02613	0.24796	0.02565	0.02533	0.01844	0.01073	0.00903	0.00278	0.01167	0.00809	0.00796	0.01502
8	0.11966	0.02183	0.08749	0.01897	0.02756	0.01700	0.01725	0.04572	0.02712	0.45752	0.03494	0.03130	0.02233	0.01200	0.00980	0.00318	0.00938	0.00946	0.01101	0.01647
9	0.01466	0.01100	0.01649	0.01649	0.01833	0.01283	0.01283	0.01833	0.01649	0.02382	0.02749	0.04032	0.02566	0.07697	0.59868	0.01649	0.02749	0.01100	0.00550	0.00916
10	0.08304	0.03519	0.27611	0.02815	0.07730	0.02225	0.06211	0.03859	0.08483	0.15420	0.02578	0.02675	0.01807	0.01073	0.00987	0.00325	0.01230	0.00890	0.00713	0.01545
11	0.03230	0.09338	0.03581	0.03994	0.29087	0.02334	0.02337	0.03924	0.06803	0.21023	0.02737	0.02848	0.02007	0.01063	0.00982	0.00303	0.01061	0.00930	0.00789	0.01629
12	0.02627	0.03403	0.22779	0.02488	0.03297	0.02636	0.02518	0.19335	0.02828	0.03987	0.02102	0.02802	0.01733	0.08464	0.01966	0.00422	0.13630	0.00925	0.00650	0.01408
13	0.01860	0.01056	0.01125	0.01102	0.01355	0.01062	0.00822	0.02424	0.06066	0.03634	0.07886	0.04524	0.07320	0.01579	0.01085	0.05957	0.00540	0.01127	0.48517	0.00958

[dist]
# distance from previous block
# <min> <max>
0	5

# created by:
# /st0/software/busco_prod/Augustus/scripts/msa2prfl.pl ./align_prep/9109.fa
