[name]
unknown

[dist]
# distance from previous block
# <min> <max>
0	7

[block]
# block no. 0 follows, 13 sequences, length 36
# corresponding to MSA columns:
# 7-42
name=unknown_A
#
# <colnr> <probs for GDERKNQSTAVLIFYWHMCP>
#	G	D	E	R	K	N	Q	S	T	A	V	L	I	F	Y	W	H	M	C	P
0	0.02689	0.19495	0.07096	0.02420	0.07437	0.02483	0.02033	0.07540	0.02634	0.09498	0.03413	0.05731	0.03242	0.01708	0.01089	0.00354	0.01093	0.17898	0.00796	0.01354
1	0.08852	0.06321	0.09815	0.02169	0.03129	0.07084	0.06348	0.06416	0.02445	0.03636	0.01867	0.02183	0.01487	0.00906	0.00869	0.00238	0.01120	0.00720	0.00610	0.33783
2	0.03071	0.02596	0.03530	0.07976	0.23369	0.02865	0.02537	0.21838	0.07860	0.04602	0.02335	0.02691	0.01813	0.01200	0.01279	0.00336	0.06734	0.00966	0.00762	0.01638
3	0.08950	0.07938	0.03757	0.06946	0.18484	0.02738	0.09219	0.06580	0.17179	0.03883	0.02594	0.02867	0.02019	0.01099	0.01014	0.00328	0.01162	0.00988	0.00713	0.01540
4	0.02310	0.01900	0.02147	0.01794	0.02414	0.01901	0.01390	0.06889	0.20726	0.03839	0.06082	0.03761	0.02952	0.07272	0.06712	0.00469	0.01023	0.01051	0.00841	0.24528
5	0.01426	0.01078	0.01316	0.01257	0.01537	0.00968	0.00943	0.01860	0.02828	0.03848	0.42942	0.08543	0.22967	0.02308	0.01248	0.00339	0.00509	0.02003	0.01112	0.00968
6	0.02623	0.02400	0.03408	0.04474	0.31391	0.02567	0.02515	0.04348	0.26534	0.03904	0.03064	0.03234	0.02396	0.01171	0.01060	0.00335	0.01061	0.01060	0.00780	0.01674
7	0.01288	0.00920	0.01227	0.01472	0.01534	0.00859	0.00981	0.01472	0.02024	0.02699	0.05828	0.62152	0.06993	0.03312	0.01350	0.00429	0.00613	0.03006	0.00981	0.00859
8	0.01429	0.01078	0.01319	0.01259	0.01538	0.00969	0.00944	0.01864	0.02833	0.03860	0.43354	0.08522	0.22547	0.02303	0.01248	0.00339	0.00509	0.02000	0.01114	0.00969
9	0.04019	0.02962	0.03173	0.02433	0.03279	0.03279	0.02010	0.52721	0.04971	0.06663	0.02538	0.02538	0.01798	0.01269	0.01058	0.00317	0.01163	0.00952	0.01058	0.01798
10	0.04116	0.01987	0.02696	0.13027	0.03653	0.01961	0.01883	0.11750	0.03142	0.39230	0.03495	0.03294	0.02267	0.01255	0.01061	0.00330	0.01035	0.01023	0.01113	0.01681
11	0.02306	0.15703	0.40284	0.03007	0.04376	0.02804	0.10723	0.03321	0.02256	0.03196	0.01855	0.02226	0.01382	0.00969	0.00981	0.00318	0.01516	0.00811	0.00461	0.01505
12	0.70310	0.02045	0.01554	0.01390	0.02045	0.02372	0.01145	0.03108	0.01799	0.04744	0.01472	0.01718	0.01145	0.00981	0.00654	0.00327	0.00818	0.00573	0.00654	0.01145
13	0.01720	0.10319	0.01915	0.01350	0.01544	0.01531	0.00957	0.01890	0.01847	0.02467	0.10050	0.05892	0.04135	0.37831	0.11526	0.00907	0.01221	0.01388	0.00673	0.00837
14	0.02121	0.05469	0.57364	0.03014	0.04576	0.02455	0.03906	0.03348	0.02232	0.03348	0.01897	0.02232	0.01339	0.01005	0.01005	0.00335	0.01563	0.00781	0.00446	0.01563
15	0.01535	0.01035	0.01201	0.01201	0.01218	0.01051	0.00701	0.01569	0.01552	0.02086	0.03287	0.06675	0.03738	0.57990	0.10088	0.01085	0.01185	0.01502	0.00634	0.00667
16	0.01546	0.01237	0.01401	0.01332	0.01674	0.01174	0.01007	0.02283	0.09676	0.03682	0.29832	0.08323	0.28352	0.02281	0.01225	0.00346	0.00560	0.01950	0.01075	0.01045
17	0.01444	0.01079	0.01341	0.01275	0.01547	0.00975	0.00956	0.01894	0.02869	0.03946	0.46132	0.08382	0.19717	0.02271	0.01248	0.00338	0.00507	0.01980	0.01125	0.00975
18	0.02886	0.36951	0.12431	0.02134	0.03085	0.03573	0.02134	0.11431	0.09653	0.03543	0.02086	0.02214	0.01677	0.01049	0.00841	0.00275	0.01160	0.00744	0.00632	0.01501
19	0.01715	0.01774	0.07232	0.11276	0.03062	0.01768	0.01897	0.02179	0.01849	0.02621	0.02817	0.11358	0.02755	0.04806	0.29472	0.01032	0.09454	0.01296	0.00583	0.01053
20	0.11637	0.19499	0.22337	0.03385	0.17238	0.02914	0.02809	0.03241	0.02198	0.03338	0.01751	0.02122	0.01405	0.00959	0.00882	0.00300	0.01268	0.00738	0.00496	0.01481
21	0.04231	0.01669	0.02272	0.01820	0.02526	0.01451	0.01469	0.04606	0.02877	0.48920	0.04417	0.12292	0.03267	0.01606	0.01106	0.00342	0.00857	0.01352	0.01260	0.01660
22	0.03764	0.01550	0.02106	0.01765	0.02369	0.01357	0.01392	0.04110	0.02742	0.41596	0.04641	0.20192	0.03857	0.01877	0.01144	0.00356	0.00819	0.01614	0.01216	0.01533
23	0.02079	0.01389	0.01821	0.17960	0.03148	0.01561	0.01502	0.05963	0.02332	0.03645	0.02885	0.03545	0.02272	0.01789	0.06078	0.00412	0.01010	0.00983	0.38533	0.01092
24	0.01979	0.01187	0.01568	0.01412	0.01746	0.01080	0.01080	0.02464	0.02998	0.12069	0.48040	0.07260	0.08884	0.02035	0.01220	0.00332	0.00558	0.01786	0.01185	0.01117
25	0.04019	0.02962	0.03173	0.02433	0.03279	0.03279	0.02010	0.52721	0.04971	0.06663	0.02538	0.02538	0.01798	0.01269	0.01058	0.00317	0.01163	0.00952	0.01058	0.01798
26	0.22632	0.03956	0.02708	0.02696	0.07842	0.37455	0.01900	0.03816	0.02602	0.03279	0.01621	0.01919	0.01330	0.01045	0.00877	0.00292	0.01538	0.00674	0.00574	0.01245
27	0.02141	0.01743	0.01989	0.01882	0.02317	0.01911	0.01487	0.03970	0.30380	0.04143	0.19100	0.06512	0.05658	0.01910	0.01194	0.00374	0.00766	0.10085	0.01082	0.01355
28	0.01261	0.01028	0.01115	0.01185	0.01458	0.00883	0.00854	0.01505	0.02301	0.02812	0.09327	0.24905	0.41981	0.02858	0.01278	0.00378	0.00558	0.02451	0.00982	0.00883
29	0.02686	0.02450	0.03924	0.16347	0.39631	0.02584	0.03019	0.09816	0.02697	0.03742	0.02042	0.02645	0.01640	0.01008	0.01050	0.00322	0.01273	0.00943	0.00585	0.01595
30	0.03315	0.03471	0.03310	0.19085	0.04562	0.24902	0.05702	0.15977	0.03211	0.03703	0.01966	0.02389	0.01502	0.01112	0.01029	0.00312	0.01570	0.00861	0.00652	0.01369
31	0.01586	0.01133	0.01569	0.01813	0.02004	0.01115	0.01499	0.01987	0.02318	0.03032	0.05663	0.26160	0.06342	0.03032	0.01429	0.00471	0.00872	0.36059	0.00976	0.00941
32	0.01434	0.01004	0.01292	0.01468	0.01545	0.00971	0.01016	0.01621	0.01961	0.02599	0.05079	0.37397	0.05936	0.20112	0.02512	0.00609	0.00795	0.10948	0.00883	0.00818
33	0.03766	0.12336	0.03552	0.02357	0.03186	0.05993	0.06501	0.19810	0.07988	0.19520	0.02898	0.02822	0.02043	0.01191	0.01012	0.00310	0.01155	0.00955	0.00956	0.01650
34	0.03848	0.03188	0.08064	0.02485	0.03396	0.03205	0.02181	0.48265	0.04724	0.06364	0.02481	0.02511	0.01757	0.01245	0.01053	0.00319	0.01199	0.00937	0.01003	0.01777
35	0.03340	0.02821	0.08120	0.03295	0.04288	0.02555	0.25602	0.15684	0.03194	0.16141	0.02673	0.02901	0.01859	0.01083	0.01144	0.00339	0.01421	0.01104	0.00828	0.01608

[dist]
# distance from previous block
# <min> <max>
0	2

[block]
# block no. 1 follows, 13 sequences, length 37
# corresponding to MSA columns:
# 45-81
name=unknown_B
#
# <colnr> <probs for GDERKNQSTAVLIFYWHMCP>
#	G	D	E	R	K	N	Q	S	T	A	V	L	I	F	Y	W	H	M	C	P
0	0.50667	0.01985	0.01931	0.10778	0.02962	0.02258	0.01484	0.03319	0.02014	0.11458	0.01900	0.02145	0.01385	0.01038	0.00773	0.00331	0.00923	0.00697	0.00713	0.01238
1	0.20436	0.20740	0.07498	0.02029	0.02862	0.06849	0.01855	0.15690	0.05990	0.04292	0.01951	0.02102	0.01525	0.01067	0.00833	0.00294	0.01125	0.00725	0.00698	0.01438
2	0.01538	0.01025	0.01153	0.01153	0.01153	0.01025	0.00641	0.01538	0.01538	0.02050	0.03331	0.06919	0.03844	0.62842	0.05382	0.01025	0.01025	0.01538	0.00641	0.00641
3	0.02359	0.02977	0.18327	0.02270	0.03097	0.02208	0.02271	0.11324	0.15356	0.04040	0.04390	0.05424	0.09907	0.01704	0.01142	0.00367	0.01085	0.09458	0.00858	0.01436
4	0.02121	0.05469	0.57364	0.03014	0.04576	0.02455	0.03906	0.03348	0.02232	0.03348	0.01897	0.02232	0.01339	0.01005	0.01005	0.00335	0.01563	0.00781	0.00446	0.01563
5	0.02666	0.02572	0.03615	0.07714	0.03939	0.06565	0.16649	0.08879	0.22343	0.03931	0.03219	0.07648	0.02612	0.01345	0.01135	0.00353	0.01253	0.01266	0.00820	0.01478
6	0.02074	0.04117	0.36948	0.24595	0.05596	0.02415	0.03541	0.03105	0.02188	0.03105	0.01891	0.02453	0.01366	0.01024	0.01024	0.00341	0.01505	0.00841	0.00455	0.01416
7	0.02596	0.07292	0.03047	0.02323	0.02931	0.02473	0.08308	0.14020	0.20036	0.04177	0.03778	0.17424	0.03468	0.01739	0.01128	0.00356	0.01001	0.01537	0.00925	0.01443
8	0.28336	0.03076	0.02658	0.11842	0.10583	0.21065	0.02010	0.03432	0.02329	0.03531	0.01660	0.02076	0.01330	0.01024	0.00870	0.00311	0.01332	0.00716	0.00571	0.01248
9	0.02186	0.03599	0.27622	0.07413	0.08508	0.02305	0.07741	0.03471	0.10610	0.03602	0.09555	0.03403	0.02861	0.01216	0.01080	0.00340	0.01289	0.01070	0.00659	0.01471
10	0.01384	0.01076	0.01258	0.01212	0.01511	0.00950	0.00909	0.01778	0.02728	0.03611	0.35230	0.08934	0.30828	0.02396	0.01248	0.00344	0.00516	0.02057	0.01081	0.00950
11	0.02485	0.02248	0.03320	0.24830	0.21099	0.02533	0.02648	0.06910	0.15785	0.03638	0.02578	0.03026	0.01984	0.01132	0.01059	0.00340	0.01199	0.01007	0.00681	0.01499
12	0.01465	0.00994	0.01175	0.01247	0.01265	0.00976	0.00741	0.01518	0.01680	0.02240	0.04063	0.23100	0.04766	0.45402	0.04200	0.00851	0.00904	0.01968	0.00741	0.00705
13	0.02135	0.01879	0.02479	0.18773	0.03905	0.01685	0.01746	0.02674	0.02170	0.03227	0.01879	0.02376	0.01520	0.00863	0.00863	0.00214	0.00967	0.00718	0.00581	0.49346
14	0.09091	0.21941	0.32658	0.02459	0.03686	0.03016	0.02880	0.07012	0.02373	0.03483	0.01779	0.02048	0.01360	0.00993	0.00879	0.00301	0.01334	0.00711	0.00515	0.01480
15	0.01289	0.01073	0.01125	0.01112	0.01452	0.00909	0.00834	0.01593	0.02502	0.03075	0.17828	0.09815	0.48564	0.02596	0.01249	0.00353	0.00530	0.02181	0.01011	0.00909
16	0.03619	0.02773	0.03095	0.02656	0.07168	0.03034	0.02017	0.39596	0.11925	0.05934	0.02725	0.02735	0.01988	0.01245	0.01046	0.00315	0.01104	0.00971	0.00999	0.05054
17	0.20182	0.02311	0.02287	0.01996	0.02644	0.02656	0.01586	0.11643	0.33876	0.04822	0.03328	0.03175	0.02491	0.01295	0.00965	0.00345	0.00878	0.01001	0.00965	0.01556
18	0.03609	0.01889	0.02510	0.02149	0.07112	0.01580	0.01583	0.04059	0.02662	0.32429	0.03129	0.02989	0.02144	0.01081	0.00957	0.00262	0.00886	0.00889	0.00987	0.27093
19	0.01325	0.01074	0.01176	0.01150	0.01474	0.00925	0.00863	0.01663	0.02588	0.03279	0.24443	0.09480	0.41822	0.02520	0.01249	0.00350	0.00524	0.02134	0.01037	0.00925
20	0.01351	0.00967	0.01291	0.01484	0.01588	0.00906	0.01036	0.01607	0.02207	0.02976	0.13700	0.49963	0.07400	0.03102	0.01341	0.00418	0.00621	0.06143	0.01010	0.00889
21	0.02084	0.04417	0.41487	0.19796	0.05369	0.02424	0.03622	0.03159	0.02198	0.03159	0.01892	0.02404	0.01360	0.01020	0.01020	0.00340	0.01518	0.00828	0.00453	0.01449
22	0.02314	0.02165	0.03632	0.19175	0.36840	0.02271	0.02871	0.02944	0.02412	0.03371	0.09075	0.03367	0.02709	0.01132	0.01076	0.00326	0.01194	0.01070	0.00595	0.01461
23	0.01388	0.01062	0.01272	0.01251	0.01521	0.00946	0.00926	0.01773	0.02690	0.03594	0.34712	0.13982	0.26133	0.02458	0.01258	0.00351	0.00523	0.02133	0.01081	0.00946
24	0.01799	0.01012	0.01065	0.01052	0.01313	0.00975	0.00789	0.02262	0.02366	0.03843	0.12693	0.05408	0.11015	0.01574	0.00888	0.00275	0.00499	0.01300	0.48898	0.00975
25	0.02472	0.11562	0.17340	0.04046	0.11653	0.02807	0.28212	0.03330	0.02378	0.03266	0.01975	0.02526	0.01521	0.00925	0.01090	0.00328	0.01576	0.01011	0.00502	0.01480
26	0.01510	0.01133	0.01699	0.01699	0.01888	0.01322	0.01322	0.01888	0.01699	0.02454	0.02832	0.04154	0.02643	0.07930	0.58652	0.01699	0.02832	0.01133	0.00566	0.00944
27	0.01707	0.01010	0.01088	0.01088	0.01184	0.01010	0.00679	0.01899	0.01803	0.02788	0.03377	0.05758	0.03402	0.38812	0.03571	0.00721	0.00817	0.01322	0.27191	0.00775
28	0.01689	0.02403	0.18007	0.02084	0.02676	0.01654	0.02079	0.02316	0.01855	0.02716	0.02558	0.03591	0.02261	0.05901	0.41763	0.01300	0.02460	0.01030	0.00531	0.01125
29	0.01510	0.01133	0.01699	0.01699	0.01888	0.01322	0.01322	0.01888	0.01699	0.02454	0.02832	0.04154	0.02643	0.07930	0.58652	0.01699	0.02832	0.01133	0.00566	0.00944
30	0.02519	0.02412	0.04114	0.15004	0.48499	0.02486	0.03196	0.03159	0.02361	0.03335	0.01971	0.02649	0.01633	0.00960	0.01048	0.00320	0.01280	0.00942	0.00515	0.01596
31	0.01595	0.01371	0.02300	0.09857	0.02944	0.01360	0.09383	0.01992	0.02205	0.02958	0.09552	0.39508	0.05678	0.02514	0.01284	0.00398	0.00895	0.02343	0.00860	0.01005
32	0.02569	0.02073	0.03317	0.33328	0.10554	0.02329	0.06724	0.03603	0.10560	0.10417	0.02604	0.03085	0.01902	0.01126	0.01076	0.00347	0.01267	0.01023	0.00689	0.01407
33	0.01679	0.01381	0.02023	0.01926	0.02075	0.01725	0.01530	0.02026	0.01682	0.02473	0.02528	0.03767	0.02379	0.06651	0.47045	0.01439	0.15047	0.01089	0.00545	0.00989
34	0.02528	0.03075	0.19272	0.02845	0.03790	0.02168	0.14543	0.03689	0.10700	0.10556	0.03303	0.09388	0.02782	0.01455	0.01151	0.00364	0.01276	0.04877	0.00774	0.01466
35	0.18993	0.08602	0.02928	0.02348	0.02822	0.28060	0.01876	0.03484	0.02326	0.03073	0.01526	0.01939	0.01317	0.01225	0.01444	0.00325	0.15264	0.00703	0.00544	0.01202
36	0.03469	0.02934	0.06644	0.02714	0.07256	0.03018	0.02151	0.34912	0.15928	0.05688	0.02860	0.02847	0.02087	0.01265	0.01058	0.00328	0.01122	0.00996	0.00981	0.01745

[dist]
# distance from previous block
# <min> <max>
0	1

[block]
# block no. 2 follows, 13 sequences, length 26
# corresponding to MSA columns:
# 83-108
name=unknown_C
#
# <colnr> <probs for GDERKNQSTAVLIFYWHMCP>
#	G	D	E	R	K	N	Q	S	T	A	V	L	I	F	Y	W	H	M	C	P
0	0.03381	0.02926	0.03110	0.07775	0.09518	0.09796	0.02160	0.26732	0.14829	0.04978	0.02689	0.02796	0.02005	0.01228	0.01047	0.00323	0.01216	0.00969	0.00888	0.01634
1	0.02861	0.08113	0.09976	0.04579	0.31848	0.06644	0.02803	0.03730	0.07795	0.08050	0.02336	0.02665	0.01828	0.01039	0.01008	0.00312	0.01253	0.00909	0.00635	0.01613
2	0.04319	0.03004	0.02810	0.02268	0.03022	0.17227	0.01819	0.18952	0.03593	0.27663	0.03015	0.02836	0.02042	0.01239	0.01032	0.00310	0.01245	0.00929	0.01031	0.01647
3	0.01485	0.01235	0.01367	0.01249	0.01693	0.01013	0.00940	0.01808	0.02367	0.03087	0.12003	0.14108	0.34308	0.02284	0.01157	0.00319	0.00596	0.01935	0.00918	0.16128
4	0.02192	0.01879	0.02192	0.01566	0.02506	0.01409	0.01253	0.02662	0.02192	0.03445	0.01879	0.02192	0.01566	0.00783	0.00783	0.00157	0.00783	0.00626	0.00626	0.69305
5	0.02259	0.12548	0.32069	0.08517	0.04435	0.02584	0.08695	0.03178	0.02234	0.03179	0.01861	0.02280	0.01407	0.00955	0.00964	0.00302	0.01415	0.00800	0.00482	0.09835
6	0.01538	0.01025	0.01153	0.01153	0.01153	0.01025	0.00641	0.01538	0.01538	0.02050	0.03331	0.06919	0.03844	0.62842	0.05382	0.01025	0.01025	0.01538	0.00641	0.00641
7	0.02493	0.02933	0.11168	0.05169	0.32081	0.02625	0.14581	0.03211	0.02317	0.03322	0.01944	0.02589	0.01585	0.01041	0.01363	0.00343	0.08190	0.00991	0.00510	0.01545
8	0.01403	0.01049	0.01302	0.01299	0.01537	0.00948	0.00951	0.01792	0.02683	0.03645	0.36396	0.18502	0.19627	0.02491	0.01267	0.00356	0.00528	0.02187	0.01089	0.00948
9	0.03234	0.08322	0.07528	0.01960	0.02808	0.02019	0.01762	0.03709	0.02450	0.23642	0.02663	0.02695	0.01908	0.01124	0.01175	0.00275	0.07104	0.00831	0.00837	0.23954
10	0.10566	0.02256	0.07692	0.07720	0.03145	0.01729	0.01676	0.02789	0.02140	0.03519	0.01831	0.02202	0.01476	0.00858	0.00817	0.00215	0.00929	0.00667	0.00596	0.47176
11	0.02193	0.11426	0.52042	0.02890	0.04385	0.02633	0.03691	0.03330	0.02224	0.03260	0.01854	0.02177	0.01341	0.00994	0.00971	0.00324	0.01518	0.00759	0.00447	0.01541
12	0.01878	0.15197	0.02850	0.01909	0.02411	0.01919	0.07165	0.02289	0.02336	0.02911	0.05778	0.12372	0.18922	0.02205	0.01192	0.00372	0.00944	0.15464	0.00811	0.01077
13	0.04744	0.01799	0.02454	0.01881	0.02699	0.01554	0.01554	0.05153	0.03026	0.56979	0.04171	0.03599	0.02617	0.01309	0.01063	0.00327	0.00900	0.01063	0.01309	0.01799
14	0.01280	0.00954	0.01192	0.01383	0.01510	0.00866	0.00942	0.01482	0.02110	0.02734	0.06915	0.50580	0.17863	0.03171	0.01327	0.00413	0.00596	0.02833	0.00982	0.00866
15	0.02255	0.16470	0.47536	0.02785	0.04223	0.02783	0.03509	0.03314	0.02216	0.03185	0.01816	0.02131	0.01343	0.00986	0.00943	0.00314	0.01481	0.00740	0.00448	0.01524
16	0.01288	0.00920	0.01227	0.01472	0.01534	0.00859	0.00981	0.01472	0.02024	0.02699	0.05828	0.62152	0.06993	0.03312	0.01350	0.00429	0.00613	0.03006	0.00981	0.00859
17	0.01288	0.00920	0.01227	0.01472	0.01534	0.00859	0.00981	0.01472	0.02024	0.02699	0.05828	0.62152	0.06993	0.03312	0.01350	0.00429	0.00613	0.03006	0.00981	0.00859
18	0.01734	0.01251	0.01809	0.02173	0.05966	0.01244	0.01665	0.02115	0.02294	0.03017	0.05035	0.16198	0.05499	0.02887	0.01650	0.06445	0.00948	0.36205	0.00897	0.00967
19	0.04483	0.01858	0.02446	0.01915	0.02705	0.01687	0.01569	0.05210	0.09354	0.50497	0.04188	0.03641	0.02693	0.01324	0.01065	0.00331	0.00892	0.01080	0.01280	0.01784
20	0.04537	0.02131	0.02659	0.02039	0.02864	0.02046	0.01684	0.18723	0.03581	0.42624	0.03705	0.03296	0.02384	0.01297	0.01062	0.00324	0.00975	0.01032	0.01237	0.01799
21	0.03950	0.05039	0.02996	0.02724	0.03269	0.58597	0.02043	0.04222	0.02996	0.02588	0.01634	0.01907	0.01362	0.01090	0.00953	0.00272	0.01907	0.00681	0.00545	0.01226
22	0.01522	0.01086	0.01460	0.01460	0.01566	0.01192	0.01023	0.01735	0.01628	0.02277	0.03051	0.05365	0.03169	0.31985	0.35316	0.01404	0.02040	0.01310	0.00599	0.00811
23	0.01288	0.00920	0.01227	0.01472	0.01534	0.00859	0.00981	0.01472	0.02024	0.02699	0.05828	0.62152	0.06993	0.03312	0.01350	0.00429	0.00613	0.03006	0.00981	0.00859
24	0.02827	0.63478	0.05540	0.01809	0.02714	0.04184	0.01809	0.03166	0.02148	0.02488	0.01470	0.01696	0.01357	0.00905	0.00678	0.00226	0.01131	0.00565	0.00452	0.01357
25	0.02252	0.01614	0.01794	0.01675	0.02113	0.01721	0.01314	0.03759	0.24141	0.07134	0.11233	0.05850	0.09436	0.01753	0.01086	0.00344	0.00715	0.06260	0.14496	0.01312

[dist]
# distance from previous block
# <min> <max>
0	342

# created by:
# /st0/software/busco_prod/Augustus/scripts/msa2prfl.pl ./align_prep/9123.fa
