[name]
unknown

[dist]
# distance from previous block
# <min> <max>
0	144

[block]
# block no. 0 follows, 14 sequences, length 97
# corresponding to MSA columns:
# 144-240
name=unknown_A
#
# <colnr> <probs for GDERKNQSTAVLIFYWHMCP>
#	G	D	E	R	K	N	Q	S	T	A	V	L	I	F	Y	W	H	M	C	P
0	0.02707	0.13738	0.15018	0.02494	0.03382	0.09709	0.08827	0.03690	0.10464	0.07824	0.02587	0.03208	0.02091	0.01175	0.00983	0.00307	0.01268	0.04713	0.00670	0.05143
1	0.12267	0.02176	0.10098	0.01793	0.02461	0.01770	0.01638	0.07573	0.06502	0.15436	0.21967	0.04457	0.04661	0.01481	0.01032	0.00322	0.00835	0.01217	0.00974	0.01340
2	0.02466	0.06699	0.02861	0.25735	0.04396	0.02168	0.02020	0.06742	0.06272	0.07924	0.02200	0.02599	0.01664	0.00999	0.00922	0.00273	0.01070	0.00824	0.00652	0.21515
3	0.02159	0.01405	0.01753	0.01511	0.01972	0.01260	0.01160	0.06210	0.02734	0.11233	0.26027	0.15165	0.06012	0.01848	0.01100	0.00303	0.00658	0.01610	0.01007	0.14870
4	0.02349	0.05850	0.02355	0.01558	0.02459	0.01551	0.01272	0.02792	0.02184	0.07299	0.01961	0.02197	0.01582	0.00805	0.00773	0.00168	0.00790	0.00635	0.00646	0.60774
5	0.02360	0.01793	0.02099	0.01918	0.02382	0.02036	0.01499	0.04194	0.32994	0.08215	0.03684	0.03869	0.02891	0.03508	0.20880	0.00784	0.01470	0.01129	0.00897	0.01396
6	0.03901	0.02874	0.03080	0.02361	0.03182	0.03182	0.01951	0.54111	0.04825	0.06468	0.02464	0.02464	0.01745	0.01232	0.01027	0.00308	0.01129	0.00924	0.01027	0.01745
7	0.03608	0.02236	0.02838	0.02271	0.02805	0.02537	0.01883	0.18154	0.03015	0.24668	0.02686	0.02779	0.01911	0.01437	0.01818	0.00359	0.21579	0.00956	0.00924	0.01536
8	0.01687	0.02505	0.20719	0.01931	0.02602	0.01477	0.02022	0.02408	0.02575	0.03668	0.30716	0.06393	0.06293	0.01829	0.01162	0.00346	0.00901	0.08748	0.00867	0.01150
9	0.01250	0.00893	0.01191	0.01429	0.01488	0.00834	0.00953	0.01429	0.01965	0.02620	0.05656	0.63265	0.06787	0.03215	0.01310	0.00417	0.00595	0.02917	0.00953	0.00834
10	0.01615	0.01181	0.01517	0.01542	0.01706	0.01276	0.01144	0.02106	0.06820	0.02554	0.03596	0.06505	0.03714	0.26937	0.22501	0.01051	0.01559	0.11095	0.00702	0.00880
11	0.04368	0.02126	0.02616	0.02006	0.02809	0.02071	0.01657	0.21511	0.03572	0.40838	0.03516	0.03147	0.02273	0.01257	0.01030	0.00314	0.00959	0.00996	0.01188	0.01746
12	0.01622	0.01181	0.01507	0.01534	0.01786	0.01147	0.01200	0.05586	0.02668	0.03610	0.25844	0.19932	0.10860	0.02493	0.01272	0.00382	0.00675	0.14693	0.01025	0.00983
13	0.03320	0.02522	0.03044	0.06920	0.03291	0.02972	0.02071	0.31213	0.03512	0.09017	0.02210	0.02500	0.01661	0.01385	0.01715	0.00353	0.19021	0.00924	0.00832	0.01516
14	0.02337	0.02231	0.03799	0.24904	0.40515	0.02385	0.03048	0.02972	0.02241	0.03106	0.01894	0.02606	0.01539	0.00952	0.01019	0.00317	0.01269	0.00914	0.00490	0.01462
15	0.02262	0.02294	0.03417	0.02848	0.02946	0.03092	0.07100	0.02547	0.01652	0.02547	0.01416	0.02294	0.01367	0.01708	0.03165	0.00439	0.56377	0.00928	0.00456	0.01147
16	0.01520	0.01042	0.01246	0.01278	0.01539	0.00918	0.00926	0.01794	0.02333	0.07142	0.15111	0.28482	0.27606	0.02647	0.01234	0.00366	0.00569	0.02307	0.01003	0.00937
17	0.14240	0.01852	0.02971	0.02298	0.02951	0.01781	0.16618	0.03126	0.02572	0.14714	0.20877	0.04376	0.04417	0.01376	0.01077	0.00328	0.00980	0.01281	0.00894	0.01269
18	0.02254	0.01513	0.01926	0.06369	0.06176	0.01541	0.01333	0.06407	0.06882	0.10562	0.10759	0.05545	0.08837	0.22598	0.02484	0.00552	0.00907	0.01385	0.00850	0.01119
19	0.02029	0.01898	0.03100	0.52910	0.10424	0.02312	0.02779	0.02876	0.06158	0.02803	0.02011	0.02805	0.01521	0.01046	0.01027	0.00340	0.01315	0.00931	0.00505	0.01212
20	0.02612	0.01162	0.01326	0.01182	0.01565	0.01100	0.00923	0.03069	0.02356	0.17956	0.03530	0.03739	0.02607	0.01215	0.00799	0.00259	0.00581	0.00976	0.51882	0.01162
21	0.03587	0.03203	0.21504	0.02318	0.03361	0.02182	0.02378	0.15515	0.03104	0.27991	0.02946	0.02813	0.01942	0.01162	0.01012	0.00318	0.01148	0.00915	0.00933	0.01669
22	0.02808	0.06914	0.08600	0.04872	0.37502	0.06759	0.02852	0.10830	0.02719	0.03688	0.01945	0.02390	0.01574	0.00975	0.00985	0.00299	0.01268	0.00861	0.00576	0.01583
23	0.02013	0.03044	0.21946	0.11071	0.08646	0.02146	0.09948	0.02808	0.02321	0.03311	0.14132	0.03593	0.03245	0.01274	0.01254	0.00338	0.05883	0.01112	0.00611	0.01303
24	0.03019	0.02821	0.02898	0.02454	0.02897	0.11860	0.01979	0.17581	0.15250	0.03997	0.02348	0.02612	0.01867	0.01432	0.01804	0.00358	0.21715	0.00929	0.00758	0.01420
25	0.03193	0.02268	0.03670	0.08190	0.28988	0.02240	0.07329	0.07969	0.02708	0.19217	0.02586	0.02840	0.01873	0.01046	0.01040	0.00315	0.01171	0.00976	0.00767	0.01615
26	0.04173	0.01651	0.02243	0.01753	0.02471	0.01434	0.01434	0.04582	0.02933	0.50835	0.11295	0.04064	0.03518	0.01383	0.01056	0.00318	0.00820	0.01145	0.01251	0.01640
27	0.02476	0.01381	0.01828	0.01628	0.01977	0.01422	0.01241	0.06633	0.02194	0.17113	0.03176	0.04390	0.02764	0.18511	0.27410	0.01048	0.01731	0.01159	0.00790	0.01128
28	0.01404	0.01020	0.01342	0.01456	0.01637	0.00958	0.01101	0.01755	0.02392	0.03225	0.22900	0.29272	0.11450	0.02714	0.01293	0.00393	0.00631	0.13141	0.01009	0.00905
29	0.03072	0.07239	0.25969	0.02883	0.08269	0.02204	0.07516	0.03850	0.02471	0.22569	0.02622	0.02689	0.01789	0.01057	0.01001	0.00316	0.01259	0.00898	0.00743	0.01582
30	0.01913	0.00956	0.00956	0.00956	0.01196	0.00956	0.00717	0.02391	0.02152	0.03826	0.03348	0.03826	0.02630	0.01196	0.00717	0.00239	0.00478	0.00956	0.69632	0.00956
31	0.02540	0.02438	0.04165	0.06299	0.57533	0.02438	0.03149	0.03149	0.02337	0.03353	0.01930	0.02540	0.01626	0.00914	0.01016	0.00305	0.01219	0.00914	0.00508	0.01626
32	0.20564	0.06225	0.03035	0.16360	0.19579	0.02331	0.02204	0.03281	0.02197	0.12017	0.02073	0.02446	0.01557	0.01002	0.00898	0.00313	0.01080	0.00815	0.00644	0.01382
33	0.18905	0.03298	0.08251	0.03541	0.20763	0.17914	0.02329	0.07337	0.02530	0.03649	0.01754	0.02110	0.01403	0.00992	0.00900	0.00299	0.01311	0.00749	0.00576	0.01388
34	0.02607	0.33400	0.04237	0.02224	0.02698	0.07659	0.01983	0.02886	0.01923	0.02445	0.01404	0.01919	0.01330	0.01287	0.01846	0.00322	0.27448	0.00707	0.00450	0.01224
35	0.02967	0.23435	0.04803	0.03235	0.11355	0.02982	0.17386	0.08201	0.02589	0.10375	0.02127	0.02422	0.01630	0.00963	0.00956	0.00290	0.01277	0.00895	0.00635	0.01477
36	0.02888	0.17411	0.02952	0.01997	0.02428	0.26984	0.01562	0.02929	0.02187	0.02243	0.01615	0.02231	0.01476	0.01861	0.01904	0.23819	0.01352	0.00713	0.00480	0.00968
37	0.02128	0.01824	0.02128	0.01520	0.02432	0.01368	0.01216	0.02584	0.02128	0.03344	0.01824	0.02128	0.01520	0.00760	0.00760	0.00152	0.00760	0.00608	0.00608	0.70208
38	0.02486	0.04574	0.46198	0.02844	0.04215	0.02259	0.06771	0.03530	0.02306	0.11964	0.02207	0.02417	0.01514	0.01014	0.01000	0.00325	0.01429	0.00832	0.00572	0.01544
39	0.02994	0.28966	0.03874	0.02493	0.10645	0.02871	0.01883	0.03757	0.09981	0.14450	0.02725	0.03184	0.02204	0.01178	0.00898	0.00289	0.01017	0.04377	0.00744	0.01469
40	0.01913	0.00956	0.00956	0.00956	0.01196	0.00956	0.00717	0.02391	0.02152	0.03826	0.03348	0.03826	0.02630	0.01196	0.00717	0.00239	0.00478	0.00956	0.69632	0.00956
41	0.01627	0.01355	0.02088	0.08427	0.15489	0.01359	0.01664	0.01958	0.02063	0.02796	0.04389	0.42806	0.05022	0.02450	0.01212	0.00383	0.00820	0.02242	0.00798	0.01053
42	0.08788	0.02378	0.10000	0.16409	0.11557	0.01963	0.02218	0.02951	0.02159	0.06681	0.01942	0.02375	0.01495	0.00922	0.00892	0.00267	0.01077	0.00764	0.00579	0.24585
43	0.02142	0.04438	0.42085	0.03091	0.04449	0.02333	0.14220	0.03195	0.02217	0.03267	0.01890	0.02291	0.01376	0.00931	0.01005	0.00313	0.01491	0.00841	0.00468	0.07956
44	0.48494	0.02285	0.02038	0.01691	0.02389	0.02599	0.01394	0.20247	0.02785	0.05233	0.01778	0.01936	0.01325	0.01047	0.00767	0.00314	0.00907	0.00680	0.00767	0.01325
45	0.03247	0.15957	0.22030	0.02319	0.03329	0.12064	0.02407	0.03876	0.02503	0.19278	0.02371	0.02404	0.01675	0.01057	0.00921	0.00292	0.01298	0.00782	0.00699	0.01490
46	0.04084	0.02176	0.07919	0.02537	0.10254	0.01717	0.01946	0.04585	0.02783	0.45607	0.03553	0.03239	0.02299	0.01194	0.01024	0.00317	0.00981	0.00990	0.01088	0.01708
47	0.01386	0.00996	0.01321	0.01399	0.01565	0.00931	0.01020	0.01743	0.02470	0.03409	0.31405	0.30981	0.08166	0.02622	0.01269	0.00374	0.00569	0.06423	0.01041	0.00911
48	0.02163	0.01814	0.01975	0.01800	0.02274	0.02010	0.01388	0.04231	0.37838	0.04129	0.18373	0.05294	0.09022	0.01669	0.01100	0.00341	0.00704	0.01419	0.01059	0.01395
49	0.29589	0.02090	0.02414	0.21859	0.03983	0.02412	0.01894	0.13185	0.02548	0.08229	0.01959	0.02319	0.01428	0.01056	0.00874	0.00324	0.01060	0.00784	0.00699	0.01293
50	0.02821	0.01223	0.01437	0.01250	0.01676	0.01143	0.00984	0.03271	0.02417	0.22177	0.03584	0.03714	0.02600	0.01221	0.00823	0.00266	0.00611	0.00982	0.46578	0.01223
51	0.02035	0.01475	0.01775	0.01758	0.02105	0.01551	0.01367	0.03247	0.20351	0.07368	0.11605	0.21073	0.05446	0.02241	0.01210	0.00386	0.00747	0.12029	0.01027	0.01205
52	0.02411	0.02373	0.01873	0.01755	0.02130	0.20814	0.01310	0.02728	0.02668	0.07063	0.18197	0.13395	0.15376	0.01938	0.01115	0.00320	0.00996	0.01599	0.00878	0.01061
53	0.02569	0.34440	0.13206	0.03469	0.21427	0.03254	0.02541	0.03126	0.02183	0.02860	0.01661	0.02028	0.01418	0.00905	0.00828	0.00265	0.01203	0.00704	0.00461	0.01452
54	0.01629	0.01074	0.01389	0.01484	0.01664	0.01026	0.01044	0.02062	0.05949	0.07208	0.13453	0.45858	0.06660	0.02765	0.01255	0.00390	0.00614	0.02485	0.01011	0.00980
55	0.01323	0.00963	0.01345	0.01503	0.01604	0.00985	0.01064	0.01565	0.01858	0.02540	0.04676	0.43290	0.05364	0.04726	0.21057	0.00832	0.01322	0.02304	0.00817	0.00861
56	0.07509	0.02353	0.03879	0.10607	0.49199	0.02415	0.02975	0.03095	0.02269	0.03382	0.01885	0.02493	0.01566	0.00927	0.00989	0.00309	0.01201	0.00888	0.00513	0.01547
57	0.02211	0.23103	0.38324	0.02463	0.03682	0.02787	0.02971	0.03068	0.02128	0.02950	0.01982	0.06289	0.01690	0.01102	0.00902	0.00299	0.01324	0.00846	0.00471	0.01408
58	0.01781	0.01092	0.01368	0.01356	0.01639	0.00972	0.00993	0.02081	0.02415	0.11205	0.18090	0.28187	0.19874	0.02519	0.01221	0.00363	0.00592	0.02207	0.01039	0.01007
59	0.02297	0.02269	0.03079	0.07780	0.19369	0.09438	0.05883	0.02780	0.02302	0.02974	0.03032	0.09511	0.03049	0.01697	0.01367	0.00371	0.06955	0.13964	0.00650	0.01232
60	0.12564	0.07994	0.21142	0.02198	0.03219	0.02353	0.02292	0.11337	0.02737	0.20760	0.02525	0.02511	0.01724	0.01094	0.00929	0.00311	0.01130	0.00823	0.00807	0.01551
61	0.02531	0.02431	0.04044	0.05430	0.43721	0.02472	0.07671	0.03536	0.10998	0.03499	0.02308	0.02770	0.01864	0.00987	0.01039	0.00316	0.01201	0.00982	0.00596	0.01603
62	0.02925	0.01627	0.01809	0.01527	0.02030	0.01675	0.01216	0.13829	0.07899	0.15400	0.03386	0.03479	0.02478	0.01237	0.00875	0.00279	0.00723	0.00984	0.35281	0.01341
63	0.13233	0.01850	0.02028	0.01493	0.02360	0.01518	0.01199	0.02654	0.02067	0.03547	0.01760	0.02054	0.01454	0.00791	0.00740	0.00179	0.00765	0.00600	0.00612	0.59096
64	0.02811	0.17513	0.22655	0.02776	0.07516	0.05878	0.05773	0.08473	0.05451	0.08578	0.02150	0.02341	0.01604	0.01022	0.00933	0.00297	0.01295	0.00809	0.00620	0.01503
65	0.02201	0.04362	0.40124	0.03100	0.04391	0.02450	0.13814	0.03557	0.09492	0.03399	0.02207	0.02517	0.01602	0.01009	0.01033	0.00332	0.01465	0.00906	0.00534	0.01504
66	0.01401	0.00965	0.01188	0.01307	0.01349	0.00939	0.00837	0.01511	0.01756	0.02336	0.04425	0.31206	0.05192	0.33636	0.03280	0.00711	0.00821	0.05620	0.00786	0.00735
67	0.03018	0.03345	0.03700	0.04947	0.37428	0.23659	0.02718	0.03500	0.02548	0.03042	0.01803	0.02285	0.01513	0.00967	0.00982	0.00290	0.01453	0.00821	0.00516	0.01464
68	0.08409	0.08877	0.16521	0.03076	0.15643	0.02241	0.02428	0.03816	0.02441	0.22904	0.02577	0.02637	0.01804	0.01055	0.00948	0.00307	0.01123	0.00856	0.00765	0.01573
69	0.01470	0.01084	0.01571	0.01571	0.01727	0.01240	0.01185	0.01782	0.01626	0.02324	0.02820	0.04428	0.02738	0.16000	0.51800	0.01553	0.02490	0.01158	0.00560	0.00873
70	0.03685	0.01557	0.02167	0.01774	0.02389	0.01442	0.01442	0.04073	0.02560	0.41881	0.03668	0.03651	0.02548	0.03153	0.18266	0.00708	0.01423	0.01052	0.01059	0.01503
71	0.02693	0.03893	0.33044	0.03055	0.04295	0.02253	0.16294	0.03631	0.02396	0.14922	0.02371	0.02604	0.01630	0.01009	0.01048	0.00329	0.01436	0.00934	0.00633	0.01531
72	0.01913	0.00956	0.00956	0.00956	0.01196	0.00956	0.00717	0.02391	0.02152	0.03826	0.03348	0.03826	0.02630	0.01196	0.00717	0.00239	0.00478	0.00956	0.69632	0.00956
73	0.01415	0.01011	0.01380	0.01617	0.01749	0.00975	0.01239	0.01713	0.02127	0.02804	0.05565	0.42186	0.06428	0.03060	0.01354	0.00439	0.00738	0.22373	0.00949	0.00879
74	0.02744	0.64552	0.05378	0.01756	0.02634	0.04061	0.01756	0.03073	0.02085	0.02414	0.01427	0.01646	0.01317	0.00878	0.00658	0.00219	0.01097	0.00549	0.00439	0.01317
75	0.01622	0.01175	0.01910	0.01776	0.01978	0.01283	0.05256	0.01817	0.01628	0.02297	0.02446	0.03697	0.02284	0.06094	0.40814	0.19332	0.02187	0.01054	0.00520	0.00830
76	0.02047	0.02019	0.02394	0.23944	0.03999	0.11703	0.01983	0.02514	0.02014	0.02493	0.02207	0.03178	0.01909	0.04089	0.27983	0.00928	0.02084	0.00955	0.00511	0.01046
77	0.26591	0.02574	0.02550	0.02020	0.02778	0.02886	0.01668	0.36881	0.03787	0.05839	0.02115	0.02195	0.01531	0.01138	0.00895	0.00311	0.01016	0.00800	0.00895	0.01531
78	0.03089	0.03670	0.02439	0.02298	0.02719	0.40092	0.01701	0.03588	0.07805	0.02710	0.02815	0.16791	0.02810	0.01608	0.01029	0.00309	0.01448	0.01251	0.00681	0.01146
79	0.02537	0.02689	0.03821	0.21617	0.13738	0.11669	0.14466	0.03483	0.09564	0.03105	0.02180	0.02716	0.01685	0.01025	0.01054	0.00325	0.01430	0.00975	0.00570	0.01350
80	0.01513	0.01066	0.01316	0.07007	0.01732	0.01104	0.00869	0.01596	0.01591	0.02110	0.03325	0.11653	0.03789	0.52111	0.04447	0.00877	0.00994	0.01570	0.00637	0.00692
81	0.02763	0.07682	0.19724	0.02314	0.03231	0.02483	0.02328	0.09263	0.12816	0.10925	0.02572	0.02660	0.01892	0.01172	0.01183	0.00314	0.06850	0.00873	0.00745	0.08210
82	0.02337	0.02231	0.03799	0.24904	0.40515	0.02385	0.03048	0.02972	0.02241	0.03106	0.01894	0.02606	0.01539	0.00952	0.01019	0.00317	0.01269	0.00914	0.00490	0.01462
83	0.01975	0.01078	0.01089	0.01066	0.01339	0.01111	0.00805	0.02688	0.07349	0.03871	0.03428	0.03826	0.02679	0.01215	0.00749	0.00250	0.00511	0.00976	0.62973	0.01021
84	0.01956	0.01824	0.02986	0.55648	0.06618	0.02191	0.02691	0.02618	0.02059	0.02692	0.01824	0.02677	0.01383	0.01000	0.01000	0.00324	0.01309	0.00882	0.00471	0.07845
85	0.02828	0.17124	0.03823	0.12795	0.22361	0.02664	0.02359	0.03563	0.07350	0.11957	0.02346	0.02631	0.01800	0.01026	0.00937	0.00296	0.01119	0.00868	0.00657	0.01494
86	0.02092	0.04205	0.39951	0.03552	0.16895	0.02249	0.03345	0.03053	0.02224	0.03228	0.02693	0.03005	0.06797	0.01118	0.01008	0.00322	0.01348	0.00932	0.00502	0.01480
87	0.02308	0.02586	0.05583	0.04044	0.04987	0.02424	0.48675	0.03107	0.02378	0.03222	0.02424	0.08641	0.02065	0.01093	0.01221	0.00353	0.01620	0.01377	0.00561	0.01331
88	0.03284	0.02362	0.07750	0.03393	0.19464	0.02150	0.02286	0.04100	0.08950	0.24964	0.02972	0.03011	0.02113	0.01203	0.01251	0.00331	0.06965	0.00976	0.00861	0.01615
89	0.04153	0.09929	0.03124	0.02059	0.02888	0.01942	0.06617	0.04587	0.02778	0.45723	0.03520	0.03185	0.02287	0.01180	0.01001	0.00308	0.00985	0.00987	0.01090	0.01656
90	0.01492	0.00995	0.01119	0.01119	0.01119	0.00995	0.00622	0.01492	0.01492	0.01990	0.03233	0.06716	0.03731	0.63935	0.05223	0.00995	0.00995	0.01492	0.00622	0.00622
91	0.02237	0.05072	0.53226	0.02870	0.04319	0.02461	0.03613	0.08188	0.02425	0.03562	0.01902	0.02195	0.01343	0.01000	0.00980	0.00323	0.01479	0.00774	0.00491	0.01539
92	0.03319	0.03118	0.18103	0.02983	0.12640	0.06438	0.02462	0.04172	0.07085	0.24920	0.02903	0.02869	0.02001	0.01122	0.01007	0.00316	0.01178	0.00919	0.00834	0.01610
93	0.03729	0.02450	0.10347	0.02737	0.11573	0.01965	0.02116	0.07786	0.06881	0.34541	0.03318	0.03119	0.02219	0.01181	0.01022	0.00318	0.01028	0.00979	0.01003	0.01687
94	0.01755	0.01403	0.06661	0.01255	0.01535	0.01133	0.01028	0.02137	0.01899	0.03058	0.03118	0.04625	0.02856	0.22181	0.06804	0.00604	0.00924	0.01123	0.35003	0.00898
95	0.02284	0.01924	0.02342	0.02062	0.07614	0.01674	0.01467	0.07155	0.06530	0.03756	0.07423	0.02862	0.02464	0.00993	0.00872	0.00211	0.00812	0.00827	0.00718	0.46010
96	0.01423	0.01073	0.01235	0.01218	0.01519	0.00935	0.00893	0.01748	0.02326	0.03160	0.17057	0.20610	0.25390	0.02334	0.01144	0.00329	0.00549	0.02016	0.07623	0.07416

[dist]
# distance from previous block
# <min> <max>
0	13

# created by:
# /st0/software/busco_prod/Augustus/scripts/msa2prfl.pl ./align_prep/9152.fa
