[name]
unknown

[dist]
# distance from previous block
# <min> <max>
0	71

[block]
# block no. 0 follows, 12 sequences, length 13
# corresponding to MSA columns:
# 71-83
name=unknown_A
#
# <colnr> <probs for GDERKNQSTAVLIFYWHMCP>
#	G	D	E	R	K	N	Q	S	T	A	V	L	I	F	Y	W	H	M	C	P
0	0.02694	0.24163	0.08406	0.25265	0.04953	0.11852	0.02551	0.03260	0.02348	0.02743	0.01750	0.02297	0.01421	0.01035	0.00930	0.00303	0.01446	0.00776	0.00488	0.01319
1	0.07755	0.09357	0.07911	0.09590	0.11907	0.02593	0.02340	0.09072	0.07902	0.12329	0.02877	0.03520	0.02260	0.01291	0.01044	0.00341	0.01159	0.04377	0.00812	0.01562
2	0.09190	0.15647	0.03476	0.02179	0.02889	0.02666	0.05255	0.04094	0.08117	0.20760	0.05715	0.03172	0.02538	0.01324	0.01288	0.00336	0.07931	0.00997	0.00897	0.01528
3	0.01872	0.01256	0.01597	0.01570	0.01872	0.01202	0.01197	0.02505	0.06840	0.07976	0.27960	0.18673	0.11150	0.02461	0.01303	0.00385	0.00658	0.07279	0.01132	0.01113
4	0.01506	0.01146	0.01422	0.01410	0.01695	0.01008	0.01020	0.01860	0.02531	0.03470	0.23762	0.27100	0.15307	0.02586	0.01270	0.00363	0.00597	0.02285	0.01038	0.08624
5	0.08760	0.13520	0.14160	0.06755	0.07496	0.07019	0.07739	0.03479	0.02415	0.07956	0.02239	0.02598	0.01705	0.01063	0.00950	0.00311	0.01299	0.00866	0.08244	0.01426
6	0.02700	0.02783	0.09820	0.18263	0.09363	0.07021	0.11346	0.03413	0.02609	0.10077	0.08961	0.03513	0.02789	0.01224	0.01135	0.00345	0.01385	0.01129	0.00708	0.01416
7	0.01497	0.07984	0.01724	0.01436	0.01688	0.01286	0.01055	0.01731	0.02219	0.02806	0.06978	0.39397	0.20424	0.02941	0.01283	0.00397	0.00670	0.02579	0.00950	0.00954
8	0.02246	0.04030	0.30634	0.03715	0.10175	0.02405	0.16098	0.03224	0.02369	0.03397	0.02511	0.09427	0.02179	0.01278	0.01150	0.00360	0.01522	0.01223	0.00558	0.01501
9	0.03469	0.02008	0.02714	0.17453	0.04026	0.02107	0.02003	0.10943	0.07167	0.24470	0.08976	0.03856	0.03132	0.01381	0.01116	0.00346	0.01058	0.01153	0.01042	0.01579
10	0.02101	0.02105	0.11725	0.01792	0.02368	0.01494	0.01668	0.02944	0.07125	0.08635	0.26183	0.10157	0.06264	0.01853	0.01158	0.00344	0.00795	0.01598	0.08433	0.01259
11	0.12488	0.01885	0.02421	0.01880	0.02704	0.01702	0.01553	0.05065	0.02972	0.49657	0.03974	0.03483	0.02520	0.01310	0.01047	0.00337	0.00918	0.01037	0.01270	0.01776
12	0.02274	0.16420	0.16620	0.23650	0.05181	0.02790	0.07137	0.03023	0.02246	0.02959	0.02173	0.06798	0.01868	0.01198	0.01029	0.00336	0.01400	0.01029	0.00520	0.01349

[dist]
# distance from previous block
# <min> <max>
0	22

[block]
# block no. 1 follows, 12 sequences, length 26
# corresponding to MSA columns:
# 106-131
name=unknown_B
#
# <colnr> <probs for GDERKNQSTAVLIFYWHMCP>
#	G	D	E	R	K	N	Q	S	T	A	V	L	I	F	Y	W	H	M	C	P
0	0.03336	0.02803	0.07608	0.02528	0.03351	0.08266	0.09791	0.12412	0.03108	0.15413	0.03042	0.07194	0.02377	0.01324	0.01077	0.00321	0.01228	0.01143	0.07016	0.06661
1	0.02991	0.09353	0.03528	0.07392	0.11577	0.08607	0.06624	0.04062	0.13611	0.10623	0.03611	0.03701	0.06941	0.01315	0.01074	0.00332	0.01205	0.01123	0.00810	0.01518
2	0.02912	0.02826	0.02913	0.06687	0.03302	0.12593	0.01963	0.10811	0.02727	0.03642	0.01879	0.02343	0.01558	0.01232	0.01572	0.00301	0.15253	0.00809	0.00649	0.24028
3	0.44485	0.02036	0.02068	0.12271	0.03229	0.02272	0.01581	0.03326	0.02088	0.10036	0.01938	0.02237	0.01434	0.01049	0.00809	0.00329	0.00964	0.00722	0.00712	0.06416
4	0.02634	0.01571	0.01956	0.01681	0.02158	0.01529	0.01317	0.07636	0.07924	0.15996	0.33822	0.06274	0.07182	0.01880	0.01210	0.00343	0.00701	0.01618	0.01215	0.01353
5	0.03126	0.01727	0.02529	0.07969	0.12956	0.01663	0.01846	0.03614	0.02673	0.23227	0.07838	0.10351	0.03542	0.01547	0.01096	0.00338	0.00923	0.01348	0.10211	0.01477
6	0.01367	0.00978	0.01299	0.01492	0.01590	0.00911	0.01015	0.01614	0.02265	0.03065	0.14572	0.51604	0.07757	0.03206	0.01373	0.00425	0.00612	0.02900	0.01045	0.00911
7	0.02445	0.01290	0.01721	0.01563	0.01945	0.01161	0.01187	0.02866	0.02890	0.18523	0.30199	0.17811	0.07509	0.02226	0.01254	0.00362	0.00656	0.01958	0.01204	0.01233
8	0.03766	0.04649	0.03261	0.03246	0.09049	0.46276	0.02270	0.04083	0.02892	0.02764	0.01703	0.02086	0.01443	0.01179	0.01232	0.00304	0.07182	0.00755	0.00552	0.01309
9	0.01717	0.01326	0.01598	0.01559	0.01853	0.01332	0.01154	0.02666	0.12933	0.03972	0.30865	0.19082	0.10960	0.02371	0.01274	0.00372	0.00613	0.02091	0.01129	0.01132
10	0.01586	0.01057	0.01189	0.01189	0.01189	0.01057	0.00661	0.01586	0.01586	0.02114	0.03436	0.07135	0.03964	0.61681	0.05550	0.01057	0.01057	0.01586	0.00661	0.00661
11	0.01971	0.02156	0.08593	0.16560	0.03939	0.01923	0.05646	0.03016	0.10178	0.03670	0.18880	0.05413	0.10252	0.01654	0.01182	0.00357	0.01032	0.01459	0.00852	0.01267
12	0.02915	0.62337	0.05714	0.01866	0.02799	0.04314	0.01866	0.03265	0.02215	0.02565	0.01516	0.01749	0.01399	0.00933	0.00700	0.00233	0.01166	0.00583	0.00466	0.01399
13	0.02853	0.08904	0.20390	0.07026	0.08508	0.02602	0.02744	0.08875	0.02750	0.10996	0.06684	0.03062	0.02410	0.01271	0.01257	0.00342	0.06062	0.00983	0.00729	0.01551
14	0.02272	0.03264	0.20337	0.02442	0.03636	0.01955	0.07821	0.03062	0.02310	0.03513	0.01975	0.02352	0.01543	0.00895	0.00937	0.00245	0.01188	0.00771	0.00575	0.38909
15	0.01558	0.01168	0.01752	0.01752	0.01947	0.01363	0.01363	0.01947	0.01752	0.02531	0.02921	0.04283	0.02726	0.08178	0.57360	0.01752	0.02921	0.01168	0.00584	0.00974
16	0.03948	0.04989	0.03108	0.02813	0.03333	0.53316	0.02127	0.04226	0.02985	0.02665	0.01667	0.01997	0.01406	0.01182	0.01175	0.00295	0.06231	0.00721	0.00556	0.01259
17	0.02059	0.01938	0.03270	0.59060	0.07510	0.02422	0.03028	0.02786	0.02180	0.02786	0.01938	0.02907	0.01453	0.01090	0.01090	0.00363	0.01453	0.00969	0.00484	0.01211
18	0.02830	0.02401	0.02532	0.02243	0.02880	0.02767	0.01754	0.09525	0.48987	0.04751	0.04288	0.03949	0.03207	0.01465	0.01108	0.00366	0.00891	0.01212	0.01108	0.01736
19	0.60380	0.02534	0.01808	0.01623	0.02283	0.10008	0.01308	0.03363	0.02026	0.04586	0.01541	0.01798	0.01212	0.01028	0.00717	0.00330	0.00998	0.00606	0.00659	0.01192
20	0.01556	0.01045	0.01198	0.01227	0.01234	0.01038	0.00701	0.01578	0.01643	0.02190	0.03728	0.13246	0.04333	0.55067	0.05078	0.00987	0.01009	0.01757	0.00701	0.00686
21	0.02712	0.02342	0.02465	0.02219	0.02835	0.02712	0.01726	0.05794	0.52909	0.04561	0.04438	0.04068	0.03328	0.01479	0.01109	0.00370	0.00863	0.01233	0.01109	0.01726
22	0.01357	0.00961	0.01257	0.01482	0.01538	0.00905	0.00973	0.01526	0.02032	0.02709	0.05724	0.54986	0.06851	0.09892	0.01854	0.00511	0.00680	0.02931	0.00973	0.00861
23	0.14578	0.01624	0.01878	0.01627	0.02152	0.01621	0.01285	0.03536	0.08533	0.17876	0.26224	0.05394	0.05901	0.01698	0.01108	0.00344	0.00720	0.01414	0.01136	0.01351
24	0.22195	0.02234	0.02293	0.01925	0.02562	0.02453	0.01576	0.23243	0.03548	0.05488	0.13128	0.04318	0.03755	0.01555	0.01046	0.00348	0.00941	0.04987	0.00986	0.01420
25	0.19364	0.02079	0.02497	0.20461	0.04149	0.02354	0.01964	0.03849	0.15269	0.07718	0.02651	0.02921	0.01975	0.01164	0.00965	0.00338	0.01050	0.00922	0.00772	0.07537

[dist]
# distance from previous block
# <min> <max>
5	38

[block]
# block no. 2 follows, 12 sequences, length 44
# corresponding to MSA columns:
# 170-213
name=unknown_C
#
# <colnr> <probs for GDERKNQSTAVLIFYWHMCP>
#	G	D	E	R	K	N	Q	S	T	A	V	L	I	F	Y	W	H	M	C	P
0	0.03283	0.02640	0.03279	0.12160	0.08431	0.09929	0.07213	0.04543	0.16642	0.15653	0.03181	0.03271	0.02299	0.01235	0.01102	0.00345	0.01265	0.01068	0.00880	0.01582
1	0.07629	0.02643	0.07154	0.21751	0.04972	0.07320	0.09857	0.03819	0.02574	0.17809	0.02588	0.02931	0.01804	0.01130	0.01081	0.00346	0.01384	0.00992	0.00754	0.01462
2	0.03690	0.01985	0.02392	0.01926	0.02625	0.01948	0.01558	0.14656	0.08088	0.27616	0.11538	0.04819	0.08992	0.01621	0.01143	0.00342	0.00886	0.01330	0.01215	0.01632
3	0.03377	0.01673	0.02248	0.01853	0.02386	0.01637	0.01499	0.03789	0.02867	0.30595	0.18079	0.05217	0.08220	0.01766	0.01504	0.00360	0.08890	0.01401	0.01165	0.01472
4	0.01747	0.01823	0.09049	0.01744	0.02166	0.01358	0.01513	0.05636	0.02785	0.03884	0.26831	0.24989	0.07396	0.02403	0.01273	0.00376	0.00756	0.02125	0.01026	0.01120
5	0.03036	0.13303	0.03259	0.17791	0.04006	0.02526	0.02027	0.08584	0.06507	0.15141	0.09851	0.03643	0.03113	0.01326	0.01047	0.00327	0.01085	0.01083	0.00878	0.01467
6	0.01837	0.01104	0.01443	0.01524	0.01742	0.01001	0.01078	0.02097	0.02362	0.10238	0.10858	0.43363	0.11242	0.02957	0.01331	0.00412	0.00655	0.02642	0.01077	0.01036
7	0.03751	0.02173	0.02556	0.02082	0.02805	0.02242	0.01678	0.14798	0.18062	0.25133	0.09181	0.04045	0.03493	0.01470	0.01119	0.00345	0.00923	0.01203	0.01209	0.01732
8	0.02562	0.02988	0.12331	0.23353	0.10402	0.02676	0.15805	0.09810	0.02738	0.03711	0.02116	0.02764	0.01576	0.01056	0.01133	0.00353	0.01530	0.01030	0.00587	0.01478
9	0.03614	0.02323	0.06805	0.03446	0.16807	0.01969	0.06406	0.04203	0.02848	0.29049	0.08154	0.03708	0.02991	0.01276	0.01122	0.00337	0.01109	0.01144	0.00994	0.01693
10	0.04296	0.01971	0.02485	0.01943	0.02676	0.01862	0.01561	0.13432	0.03286	0.39090	0.03866	0.03978	0.02715	0.09661	0.01709	0.00435	0.00997	0.01142	0.01206	0.01691
11	0.01410	0.01008	0.01353	0.01571	0.01680	0.00951	0.01117	0.01676	0.02250	0.03015	0.10994	0.48770	0.07402	0.03237	0.01396	0.00441	0.00672	0.09110	0.01031	0.00917
12	0.02818	0.03750	0.25076	0.08867	0.09131	0.02498	0.13092	0.06897	0.02671	0.11089	0.02394	0.02749	0.01695	0.01075	0.01109	0.00347	0.01491	0.00989	0.00658	0.01605
13	0.01617	0.01632	0.06664	0.01720	0.02058	0.01327	0.01384	0.02363	0.09931	0.03142	0.06076	0.39701	0.12572	0.02802	0.01300	0.00412	0.00750	0.02485	0.00974	0.01088
14	0.10767	0.01259	0.01403	0.05341	0.02028	0.01236	0.01101	0.01910	0.02323	0.03294	0.11824	0.22654	0.25960	0.02536	0.01219	0.00382	0.00674	0.02164	0.00947	0.00977
15	0.03085	0.54162	0.05377	0.01954	0.02879	0.04186	0.01894	0.09881	0.02617	0.03159	0.01668	0.01869	0.01462	0.00985	0.00754	0.00246	0.01171	0.00638	0.00553	0.01462
16	0.01459	0.01025	0.01329	0.01524	0.01604	0.00986	0.01055	0.01657	0.02042	0.02709	0.05378	0.40507	0.06309	0.16761	0.02368	0.00594	0.00792	0.10120	0.00930	0.00853
17	0.02340	0.02131	0.03430	0.46620	0.13660	0.02534	0.02984	0.07336	0.02494	0.03270	0.02016	0.02852	0.01528	0.01094	0.01089	0.00355	0.01408	0.00971	0.00548	0.01342
18	0.03112	0.03070	0.09079	0.07342	0.11051	0.07339	0.09176	0.10729	0.14545	0.09072	0.02866	0.03044	0.02113	0.01192	0.01106	0.00344	0.01325	0.01048	0.00815	0.01633
19	0.02385	0.02385	0.03340	0.02863	0.02863	0.03340	0.02385	0.02624	0.01670	0.02624	0.01431	0.02385	0.01431	0.01908	0.03578	0.00477	0.59685	0.00954	0.00477	0.01193
20	0.03271	0.18098	0.07184	0.02157	0.02989	0.02991	0.01935	0.14820	0.15122	0.11597	0.06566	0.03255	0.02761	0.01303	0.01005	0.00317	0.01054	0.01011	0.00933	0.01631
21	0.04892	0.01856	0.02530	0.01940	0.02783	0.01603	0.01603	0.05314	0.03121	0.55634	0.04302	0.03711	0.02699	0.01350	0.01096	0.00337	0.00928	0.01096	0.01350	0.01856
22	0.02720	0.02267	0.02508	0.06175	0.03108	0.02594	0.01791	0.11395	0.37491	0.04570	0.04175	0.09699	0.03397	0.01630	0.01135	0.00371	0.00927	0.01374	0.01053	0.01620
23	0.02385	0.02385	0.03340	0.02863	0.02863	0.03340	0.02385	0.02624	0.01670	0.02624	0.01431	0.02385	0.01431	0.01908	0.03578	0.00477	0.59685	0.00954	0.00477	0.01193
24	0.02261	0.01938	0.02261	0.01615	0.02584	0.01453	0.01292	0.02745	0.02261	0.03553	0.01938	0.02261	0.01615	0.00807	0.00807	0.00161	0.00807	0.00646	0.00646	0.68346
25	0.02059	0.01938	0.03270	0.59060	0.07510	0.02422	0.03028	0.02786	0.02180	0.02786	0.01938	0.02907	0.01453	0.01090	0.01090	0.00363	0.01453	0.00969	0.00484	0.01211
26	0.01457	0.00975	0.01245	0.01427	0.01538	0.00919	0.00975	0.01727	0.02214	0.03132	0.10251	0.47167	0.06827	0.02973	0.01285	0.00404	0.00602	0.02671	0.11290	0.00919
27	0.69383	0.02109	0.01603	0.01434	0.02109	0.02446	0.01181	0.03205	0.01856	0.04892	0.01518	0.01771	0.01181	0.01012	0.00675	0.00337	0.00843	0.00590	0.00675	0.01181
28	0.01891	0.01250	0.01511	0.01395	0.01750	0.01166	0.01063	0.02517	0.06204	0.08471	0.34035	0.07686	0.17804	0.02145	0.01221	0.00343	0.00580	0.01847	0.05998	0.01123
29	0.01891	0.01192	0.01569	0.01431	0.01749	0.01088	0.01088	0.02396	0.03090	0.09698	0.49109	0.07684	0.09500	0.02138	0.01266	0.00342	0.00557	0.01881	0.01216	0.01115
30	0.02915	0.62337	0.05714	0.01866	0.02799	0.04314	0.01866	0.03265	0.02215	0.02565	0.01516	0.01749	0.01399	0.00933	0.00700	0.00233	0.01166	0.00583	0.00466	0.01399
31	0.02385	0.02385	0.03340	0.02863	0.02863	0.03340	0.02385	0.02624	0.01670	0.02624	0.01431	0.02385	0.01431	0.01908	0.03578	0.00477	0.59685	0.00954	0.00477	0.01193
32	0.01398	0.01109	0.01256	0.01219	0.01540	0.00967	0.00915	0.01777	0.02744	0.03559	0.29634	0.09484	0.35465	0.02533	0.01288	0.00357	0.00536	0.02160	0.01093	0.00967
33	0.04198	0.02969	0.03220	0.02468	0.03339	0.03256	0.02039	0.47995	0.04985	0.10321	0.02737	0.02695	0.01914	0.01312	0.01091	0.00328	0.01181	0.00990	0.01109	0.01854
34	0.01766	0.01026	0.01175	0.01208	0.01423	0.00992	0.00879	0.02208	0.02438	0.03869	0.16344	0.17047	0.05538	0.01954	0.01022	0.00315	0.00536	0.01687	0.37582	0.00992
35	0.02385	0.02385	0.03340	0.02863	0.02863	0.03340	0.02385	0.02624	0.01670	0.02624	0.01431	0.02385	0.01431	0.01908	0.03578	0.00477	0.59685	0.00954	0.00477	0.01193
36	0.02910	0.02259	0.07291	0.01834	0.02831	0.01590	0.01622	0.03451	0.02479	0.16534	0.02529	0.02626	0.01864	0.00964	0.00901	0.00222	0.00912	0.00773	0.00804	0.45603
37	0.01339	0.00995	0.01249	0.01421	0.01563	0.00905	0.00976	0.01574	0.02255	0.02953	0.11195	0.46045	0.17192	0.03179	0.01361	0.00419	0.00606	0.02839	0.01028	0.00905
38	0.40755	0.02101	0.02131	0.07015	0.02833	0.02402	0.01561	0.03446	0.05396	0.09196	0.02038	0.02313	0.01551	0.01161	0.01093	0.00344	0.07020	0.00758	0.00728	0.06161
39	0.20439	0.11622	0.02997	0.05818	0.03084	0.02960	0.01770	0.15590	0.13560	0.08165	0.02613	0.02662	0.01949	0.01198	0.00927	0.00327	0.01031	0.00879	0.00868	0.01540
40	0.02468	0.06258	0.12181	0.01893	0.02530	0.01749	0.01771	0.06389	0.02647	0.11660	0.09118	0.19605	0.04355	0.01913	0.01113	0.00349	0.00909	0.01634	0.10149	0.01309
41	0.02991	0.14758	0.07221	0.12754	0.03808	0.02628	0.02095	0.11644	0.02914	0.11002	0.05971	0.02955	0.02323	0.01165	0.00978	0.00293	0.01125	0.00919	0.00778	0.11679
42	0.02877	0.16860	0.06850	0.05918	0.03035	0.02264	0.01856	0.03391	0.02569	0.15541	0.08360	0.04520	0.03333	0.01453	0.01031	0.00313	0.01022	0.07374	0.00850	0.10581
43	0.14563	0.15519	0.03119	0.01923	0.02629	0.02598	0.01643	0.06997	0.02565	0.19113	0.02742	0.06462	0.02188	0.01355	0.01194	0.00323	0.07062	0.00976	0.00858	0.06173

[dist]
# distance from previous block
# <min> <max>
13	128

[block]
# block no. 3 follows, 12 sequences, length 13
# corresponding to MSA columns:
# 367-379
name=unknown_D
#
# <colnr> <probs for GDERKNQSTAVLIFYWHMCP>
#	G	D	E	R	K	N	Q	S	T	A	V	L	I	F	Y	W	H	M	C	P
0	0.02618	0.07667	0.19818	0.07385	0.03714	0.02291	0.02455	0.03781	0.10682	0.10222	0.06853	0.03247	0.02627	0.01209	0.01022	0.00315	0.01150	0.00981	0.00768	0.11193
1	0.02344	0.01867	0.02677	0.02255	0.02765	0.01872	0.08364	0.07224	0.07348	0.07041	0.03966	0.25342	0.04025	0.02064	0.01394	0.00371	0.05613	0.01825	0.00892	0.10752
2	0.27628	0.02340	0.02486	0.07443	0.07698	0.07393	0.01784	0.04056	0.02519	0.22804	0.02631	0.02681	0.01828	0.01149	0.00931	0.00333	0.01077	0.00853	0.00880	0.01486
3	0.01457	0.01066	0.01368	0.01388	0.01600	0.00977	0.01005	0.01856	0.02742	0.03779	0.36293	0.23548	0.13623	0.02621	0.01317	0.00374	0.00552	0.02327	0.01128	0.00977
4	0.02536	0.02432	0.02387	0.01796	0.02703	0.09918	0.01415	0.02989	0.02387	0.03419	0.01900	0.02216	0.01583	0.00855	0.00834	0.00180	0.00983	0.00655	0.00633	0.58179
5	0.02051	0.01227	0.01620	0.01458	0.01804	0.01116	0.01116	0.02551	0.03092	0.12142	0.46726	0.07473	0.09138	0.02096	0.01257	0.00342	0.00577	0.01839	0.01223	0.01154
6	0.01683	0.01314	0.01957	0.02326	0.09310	0.01404	0.01472	0.02012	0.01891	0.02658	0.03435	0.14728	0.03587	0.14705	0.31094	0.01203	0.01983	0.01554	0.00667	0.01016
7	0.01614	0.01205	0.01507	0.01667	0.01833	0.01219	0.01200	0.02253	0.09445	0.03059	0.05539	0.41028	0.06247	0.07786	0.01705	0.00491	0.00756	0.09443	0.00997	0.01007
8	0.01558	0.01168	0.01752	0.01752	0.01947	0.01363	0.01363	0.01947	0.01752	0.02531	0.02921	0.04283	0.02726	0.08178	0.57360	0.01752	0.02921	0.01168	0.00584	0.00974
9	0.69383	0.02109	0.01603	0.01434	0.02109	0.02446	0.01181	0.03205	0.01856	0.04892	0.01518	0.01771	0.01181	0.01012	0.00675	0.00337	0.00843	0.00590	0.00675	0.01181
10	0.02483	0.10736	0.02914	0.02147	0.02404	0.07517	0.01712	0.06248	0.02136	0.02794	0.02291	0.08268	0.02364	0.09649	0.02892	0.10268	0.20341	0.01152	0.00602	0.01081
11	0.04892	0.01856	0.02530	0.01940	0.02783	0.01603	0.01603	0.05314	0.03121	0.55634	0.04302	0.03711	0.02699	0.01350	0.01096	0.00337	0.00928	0.01096	0.01350	0.01856
12	0.08320	0.02402	0.02945	0.02459	0.02882	0.02935	0.02024	0.12301	0.10280	0.11419	0.02517	0.02824	0.01956	0.01586	0.02176	0.00403	0.27269	0.00993	0.00823	0.01486

[dist]
# distance from previous block
# <min> <max>
0	26

[block]
# block no. 4 follows, 12 sequences, length 17
# corresponding to MSA columns:
# 406-422
name=unknown_E
#
# <colnr> <probs for GDERKNQSTAVLIFYWHMCP>
#	G	D	E	R	K	N	Q	S	T	A	V	L	I	F	Y	W	H	M	C	P
0	0.13478	0.02459	0.02959	0.06479	0.03440	0.02536	0.06096	0.19523	0.06636	0.04893	0.02296	0.02536	0.01736	0.01086	0.00967	0.00293	0.01089	0.00872	0.00812	0.19814
1	0.07656	0.13157	0.08287	0.02903	0.03827	0.02964	0.17373	0.13251	0.06864	0.04278	0.06702	0.03066	0.02459	0.01171	0.01069	0.00330	0.01316	0.01071	0.00747	0.01508
2	0.23238	0.02208	0.03353	0.27744	0.09788	0.02498	0.10046	0.03079	0.02168	0.03625	0.01859	0.02539	0.01425	0.01028	0.00990	0.00352	0.01309	0.00901	0.00559	0.01289
3	0.02135	0.02018	0.03295	0.31333	0.05441	0.02272	0.09982	0.03217	0.10549	0.03340	0.07840	0.04199	0.06970	0.01367	0.01158	0.00364	0.01260	0.01262	0.00704	0.01295
4	0.18112	0.02456	0.06865	0.02548	0.06593	0.02253	0.09657	0.07596	0.06141	0.04291	0.02368	0.02713	0.01826	0.01061	0.00930	0.00304	0.01071	0.00897	0.10391	0.11927
5	0.01328	0.00949	0.01265	0.01518	0.01581	0.00886	0.01012	0.01518	0.02088	0.02783	0.06010	0.60969	0.07212	0.03416	0.01392	0.00443	0.00633	0.03100	0.01012	0.00886
6	0.04310	0.16543	0.03402	0.02004	0.02873	0.02511	0.01734	0.11464	0.03194	0.35847	0.03390	0.03082	0.02265	0.01244	0.01000	0.00311	0.01024	0.00957	0.01100	0.01746
7	0.02923	0.25765	0.28299	0.02450	0.03679	0.03024	0.02815	0.03707	0.02412	0.12187	0.02202	0.02344	0.01617	0.01053	0.00923	0.00303	0.01329	0.00775	0.00617	0.01576
8	0.01376	0.01069	0.01253	0.01290	0.01548	0.00945	0.00936	0.01704	0.02569	0.03340	0.22983	0.22452	0.29103	0.02763	0.01314	0.00379	0.00561	0.02401	0.01070	0.00945
9	0.02059	0.01938	0.03270	0.59060	0.07510	0.02422	0.03028	0.02786	0.02180	0.02786	0.01938	0.02907	0.01453	0.01090	0.01090	0.00363	0.01453	0.00969	0.00484	0.01211
10	0.02059	0.01938	0.03270	0.59060	0.07510	0.02422	0.03028	0.02786	0.02180	0.02786	0.01938	0.02907	0.01453	0.01090	0.01090	0.00363	0.01453	0.00969	0.00484	0.01211
11	0.02675	0.02512	0.04846	0.18831	0.16289	0.02533	0.24124	0.03443	0.02502	0.07991	0.02292	0.02950	0.01711	0.01013	0.01175	0.00355	0.01543	0.01121	0.00603	0.01492
12	0.01982	0.01246	0.01601	0.01631	0.01870	0.01246	0.01187	0.06139	0.02396	0.07941	0.04857	0.36740	0.05242	0.03634	0.10331	0.00619	0.01065	0.02246	0.06950	0.01079
13	0.69383	0.02109	0.01603	0.01434	0.02109	0.02446	0.01181	0.03205	0.01856	0.04892	0.01518	0.01771	0.01181	0.01012	0.00675	0.00337	0.00843	0.00590	0.00675	0.01181
14	0.01932	0.01441	0.01972	0.01862	0.02154	0.01655	0.01466	0.09076	0.02240	0.03159	0.02877	0.04043	0.02600	0.07184	0.49223	0.01546	0.02672	0.01141	0.00657	0.01101
15	0.01945	0.01656	0.01464	0.01423	0.01505	0.09191	0.00870	0.01986	0.01803	0.02194	0.03182	0.06388	0.03594	0.52924	0.04889	0.00945	0.01189	0.01458	0.00646	0.00748
16	0.12654	0.02562	0.03590	0.15347	0.16752	0.02799	0.06781	0.18344	0.03172	0.04631	0.02143	0.02604	0.01625	0.01104	0.01045	0.00339	0.01281	0.00947	0.00723	0.01558

[dist]
# distance from previous block
# <min> <max>
2	33

[block]
# block no. 5 follows, 12 sequences, length 8
# corresponding to MSA columns:
# 456-463
name=unknown_F
#
# <colnr> <probs for GDERKNQSTAVLIFYWHMCP>
#	G	D	E	R	K	N	Q	S	T	A	V	L	I	F	Y	W	H	M	C	P
0	0.19295	0.02117	0.02410	0.12883	0.03508	0.02387	0.01809	0.09414	0.15033	0.10483	0.03142	0.07729	0.02513	0.01413	0.01018	0.00358	0.00999	0.01132	0.00901	0.01454
1	0.01794	0.01001	0.01455	0.01455	0.01492	0.01038	0.00991	0.01539	0.01502	0.02039	0.02269	0.03949	0.02295	0.11479	0.14352	0.47850	0.01329	0.01064	0.00516	0.00589
2	0.02630	0.02617	0.08281	0.07052	0.10206	0.02424	0.16801	0.06377	0.06900	0.07283	0.05920	0.04271	0.02848	0.01409	0.01351	0.00376	0.04852	0.06175	0.00755	0.01474
3	0.56821	0.02077	0.01726	0.01468	0.02198	0.02260	0.01202	0.03119	0.01931	0.04641	0.01597	0.01863	0.01262	0.00974	0.00700	0.00304	0.00837	0.00601	0.00669	0.13751
4	0.15244	0.09218	0.11582	0.02517	0.03506	0.02403	0.11155	0.04095	0.02572	0.23220	0.02759	0.02797	0.01894	0.01117	0.01005	0.00333	0.01213	0.00943	0.00850	0.01578
5	0.09519	0.01828	0.02106	0.01849	0.02278	0.01935	0.01419	0.10915	0.02539	0.03805	0.03353	0.21137	0.03542	0.06987	0.01782	0.00414	0.08445	0.01589	0.00823	0.13736
6	0.09919	0.09719	0.13446	0.06182	0.04009	0.02552	0.14264	0.06020	0.02579	0.08115	0.05725	0.02908	0.02197	0.01100	0.01031	0.00321	0.01304	0.00987	0.00683	0.06939
7	0.02106	0.01489	0.02057	0.04786	0.02455	0.01332	0.04322	0.02536	0.02552	0.09463	0.18113	0.11829	0.11158	0.06776	0.01525	0.00383	0.00813	0.01655	0.00947	0.13702

[dist]
# distance from previous block
# <min> <max>
0	14

[block]
# block no. 6 follows, 12 sequences, length 12
# corresponding to MSA columns:
# 478-489
name=unknown_G
#
# <colnr> <probs for GDERKNQSTAVLIFYWHMCP>
#	G	D	E	R	K	N	Q	S	T	A	V	L	I	F	Y	W	H	M	C	P
0	0.14618	0.07152	0.02456	0.10539	0.03050	0.02152	0.01631	0.10017	0.02545	0.08119	0.03063	0.16087	0.02945	0.01954	0.01403	0.07890	0.00990	0.01369	0.00803	0.01217
1	0.12518	0.03180	0.18058	0.06131	0.03785	0.02431	0.07106	0.03237	0.02191	0.06957	0.01974	0.02422	0.01517	0.01159	0.01417	0.00339	0.11439	0.00848	0.00596	0.12695
2	0.01557	0.01069	0.01370	0.01431	0.01582	0.01045	0.01021	0.01876	0.02303	0.03243	0.19053	0.21144	0.06621	0.14608	0.07092	0.00638	0.00904	0.05873	0.06656	0.00912
3	0.03054	0.02254	0.07720	0.07259	0.08983	0.01764	0.02004	0.03606	0.02545	0.20181	0.03057	0.07797	0.02414	0.01266	0.01026	0.00294	0.01017	0.01077	0.00860	0.21824
4	0.02568	0.01889	0.02208	0.01656	0.02456	0.01570	0.01291	0.06912	0.02482	0.08583	0.02451	0.03178	0.02099	0.10243	0.01587	0.00330	0.00890	0.00862	0.00753	0.45994
5	0.02702	0.47029	0.09339	0.01832	0.02710	0.03602	0.01870	0.03159	0.02235	0.02896	0.01898	0.02188	0.01633	0.00999	0.00740	0.00247	0.01094	0.00676	0.11799	0.01353
6	0.01611	0.01213	0.01645	0.01677	0.01777	0.01354	0.01228	0.01847	0.01837	0.02545	0.03834	0.17889	0.04216	0.20512	0.21387	0.01053	0.07119	0.05639	0.00724	0.00893
7	0.69383	0.02109	0.01603	0.01434	0.02109	0.02446	0.01181	0.03205	0.01856	0.04892	0.01518	0.01771	0.01181	0.01012	0.00675	0.00337	0.00843	0.00590	0.00675	0.01181
8	0.02470	0.02062	0.02373	0.01714	0.02672	0.01667	0.01379	0.08125	0.02579	0.03921	0.02013	0.02301	0.01642	0.00863	0.00839	0.00180	0.00851	0.00683	0.00695	0.60971
9	0.03636	0.02460	0.02754	0.02211	0.02930	0.02637	0.01787	0.31879	0.08634	0.12919	0.08187	0.08403	0.03358	0.01597	0.01137	0.00344	0.01019	0.01294	0.01132	0.01682
10	0.02486	0.07515	0.25933	0.02606	0.03690	0.02363	0.06954	0.03735	0.10651	0.08531	0.07215	0.03866	0.06989	0.01354	0.01094	0.00345	0.01246	0.01143	0.00759	0.01525
11	0.02517	0.01510	0.02077	0.02160	0.07915	0.01367	0.01487	0.02970	0.02784	0.16475	0.20469	0.11122	0.10530	0.02004	0.01215	0.00353	0.00778	0.05689	0.01078	0.05501

[dist]
# distance from previous block
# <min> <max>
0	2

[block]
# block no. 7 follows, 12 sequences, length 26
# corresponding to MSA columns:
# 492-517
name=unknown_H
#
# <colnr> <probs for GDERKNQSTAVLIFYWHMCP>
#	G	D	E	R	K	N	Q	S	T	A	V	L	I	F	Y	W	H	M	C	P
0	0.02563	0.08324	0.02704	0.01762	0.02640	0.02022	0.01452	0.10608	0.02805	0.04072	0.07276	0.02858	0.02504	0.01045	0.00890	0.00214	0.00879	0.00827	0.00755	0.43800
1	0.02818	0.02956	0.15981	0.02120	0.03223	0.01914	0.02099	0.07453	0.02651	0.12031	0.02374	0.02531	0.01747	0.00993	0.00935	0.00250	0.01063	0.00786	0.00748	0.35329
2	0.07899	0.03139	0.18585	0.29924	0.10153	0.02493	0.06471	0.03109	0.02240	0.03271	0.01936	0.02622	0.01447	0.01046	0.01052	0.00353	0.01460	0.00912	0.00503	0.01385
3	0.03119	0.02357	0.06314	0.08474	0.08518	0.02238	0.02070	0.18189	0.03259	0.12964	0.03675	0.08493	0.06837	0.01735	0.01375	0.05608	0.01095	0.01276	0.00912	0.01490
4	0.69383	0.02109	0.01603	0.01434	0.02109	0.02446	0.01181	0.03205	0.01856	0.04892	0.01518	0.01771	0.01181	0.01012	0.00675	0.00337	0.00843	0.00590	0.00675	0.01181
5	0.01487	0.01076	0.01348	0.01343	0.01538	0.00998	0.00950	0.01843	0.02625	0.03612	0.33899	0.17349	0.13201	0.11540	0.01954	0.00471	0.00621	0.02141	0.01067	0.00937
6	0.12402	0.01393	0.01534	0.01451	0.01828	0.01418	0.01102	0.02910	0.06754	0.09442	0.15641	0.14894	0.05124	0.01867	0.01049	0.00340	0.00657	0.01576	0.17450	0.01168
7	0.02245	0.01628	0.01806	0.01768	0.02171	0.01782	0.01415	0.03821	0.23382	0.04068	0.04485	0.06154	0.03899	0.01799	0.01095	0.00365	0.00781	0.12903	0.23125	0.01308
8	0.01466	0.01082	0.01370	0.01360	0.01597	0.00986	0.00996	0.01885	0.02813	0.03868	0.38989	0.18329	0.16162	0.02528	0.01306	0.00365	0.00542	0.02230	0.01138	0.00986
9	0.69383	0.02109	0.01603	0.01434	0.02109	0.02446	0.01181	0.03205	0.01856	0.04892	0.01518	0.01771	0.01181	0.01012	0.00675	0.00337	0.00843	0.00590	0.00675	0.01181
10	0.04892	0.01856	0.02530	0.01940	0.02783	0.01603	0.01603	0.05314	0.03121	0.55634	0.04302	0.03711	0.02699	0.01350	0.01096	0.00337	0.00928	0.01096	0.01350	0.01856
11	0.07285	0.01501	0.01715	0.01615	0.01981	0.01572	0.01223	0.03079	0.16023	0.04299	0.31880	0.12056	0.07400	0.02057	0.01201	0.00360	0.00645	0.01783	0.01114	0.01210
12	0.02225	0.01938	0.02443	0.11969	0.03472	0.01628	0.01605	0.02753	0.02246	0.03415	0.01938	0.02377	0.01586	0.00858	0.00858	0.00198	0.00924	0.00704	0.00617	0.56246
13	0.01863	0.00958	0.01397	0.01397	0.01397	0.00958	0.00918	0.01437	0.01437	0.01916	0.02049	0.03699	0.02102	0.09616	0.04391	0.61510	0.00958	0.01011	0.00492	0.00492
14	0.01469	0.01088	0.01370	0.01349	0.01596	0.00989	0.00993	0.01895	0.02837	0.03897	0.39858	0.16440	0.17196	0.02496	0.01302	0.00362	0.00538	0.02196	0.01141	0.00989
15	0.06899	0.01171	0.01353	0.01297	0.01590	0.01155	0.00985	0.02217	0.02623	0.04055	0.29309	0.06488	0.10787	0.02453	0.05956	0.00444	0.00750	0.01582	0.17863	0.01023
16	0.04073	0.05197	0.03090	0.02809	0.03371	0.57303	0.02107	0.04354	0.03090	0.02669	0.01685	0.01966	0.01404	0.01124	0.00983	0.00281	0.01966	0.00702	0.00562	0.01264
17	0.01563	0.01148	0.01648	0.01648	0.01807	0.01306	0.01233	0.01880	0.01722	0.02454	0.03016	0.04810	0.02955	0.18059	0.47791	0.01624	0.02576	0.01245	0.00598	0.00916
18	0.04073	0.05197	0.03090	0.02809	0.03371	0.57303	0.02107	0.04354	0.03090	0.02669	0.01685	0.01966	0.01404	0.01124	0.00983	0.00281	0.01966	0.00702	0.00562	0.01264
19	0.01534	0.01125	0.01445	0.01395	0.01663	0.01036	0.01067	0.02023	0.02977	0.04134	0.45890	0.08724	0.14560	0.02348	0.01304	0.00358	0.00558	0.05679	0.01165	0.01016
20	0.02029	0.01691	0.02013	0.01591	0.02334	0.01312	0.01222	0.02440	0.02218	0.03361	0.02953	0.16895	0.03010	0.01458	0.00953	0.00232	0.00764	0.01258	0.00737	0.51530
21	0.01386	0.01010	0.01315	0.01514	0.01643	0.00939	0.01070	0.01644	0.02256	0.02985	0.10665	0.46463	0.12098	0.03207	0.01384	0.00433	0.00652	0.07396	0.01028	0.00913
22	0.02649	0.01972	0.03037	0.02726	0.07111	0.01993	0.10146	0.06983	0.07091	0.11870	0.13761	0.13709	0.04614	0.01807	0.01376	0.00371	0.04803	0.01619	0.00964	0.01399
23	0.13286	0.06018	0.02218	0.01742	0.02262	0.02179	0.01360	0.10575	0.11925	0.08639	0.03408	0.09445	0.03012	0.10670	0.01678	0.00446	0.00908	0.01256	0.07643	0.01330
24	0.09181	0.13012	0.17037	0.02103	0.02983	0.02432	0.02143	0.03595	0.10196	0.08252	0.14279	0.03868	0.03791	0.01381	0.01016	0.00328	0.01039	0.01101	0.00825	0.01439
25	0.08099	0.25851	0.03699	0.02285	0.07674	0.02991	0.01724	0.11058	0.02603	0.03543	0.02503	0.08776	0.02468	0.10507	0.01611	0.00413	0.01088	0.01097	0.00682	0.01328

[dist]
# distance from previous block
# <min> <max>
0	14

[block]
# block no. 8 follows, 12 sequences, length 15
# corresponding to MSA columns:
# 532-546
name=unknown_I
#
# <colnr> <probs for GDERKNQSTAVLIFYWHMCP>
#	G	D	E	R	K	N	Q	S	T	A	V	L	I	F	Y	W	H	M	C	P
0	0.01470	0.01050	0.01427	0.01680	0.01805	0.01007	0.01258	0.01763	0.02227	0.02942	0.05932	0.44915	0.06903	0.03283	0.01429	0.00462	0.00755	0.17759	0.01009	0.00925
1	0.03645	0.14530	0.03792	0.02374	0.03219	0.02413	0.10343	0.04361	0.06834	0.27466	0.07149	0.03534	0.02870	0.01264	0.01063	0.00324	0.01102	0.01101	0.00995	0.01620
2	0.02464	0.01841	0.06078	0.02043	0.02546	0.01556	0.06635	0.03109	0.06910	0.14350	0.08052	0.20373	0.04592	0.12001	0.01953	0.00494	0.00975	0.01813	0.00961	0.01254
3	0.22970	0.01927	0.02270	0.01798	0.02594	0.01839	0.01484	0.04723	0.02766	0.41410	0.03521	0.03167	0.02273	0.01255	0.00978	0.00337	0.00904	0.00955	0.01160	0.01666
4	0.02245	0.02127	0.03606	0.43864	0.21255	0.02471	0.03120	0.02948	0.02268	0.03011	0.01971	0.02847	0.01533	0.01056	0.01087	0.00352	0.01408	0.00970	0.00501	0.01361
5	0.03020	0.02075	0.03687	0.11947	0.08765	0.02017	0.15570	0.03559	0.02535	0.18836	0.03159	0.09307	0.02547	0.01547	0.01403	0.05182	0.01266	0.01319	0.00822	0.01436
6	0.01664	0.01101	0.01377	0.01418	0.01666	0.00988	0.01020	0.01972	0.02509	0.07559	0.18700	0.31340	0.19003	0.02802	0.01317	0.00392	0.00609	0.02470	0.01085	0.01008
7	0.04813	0.01982	0.02609	0.02000	0.02847	0.01791	0.01652	0.10170	0.03333	0.50479	0.04124	0.03596	0.02610	0.01345	0.01096	0.00336	0.00957	0.01084	0.01322	0.01855
8	0.02347	0.02232	0.03790	0.35492	0.28829	0.02498	0.03171	0.03038	0.02316	0.03135	0.01989	0.02813	0.01577	0.01037	0.01085	0.00346	0.01382	0.00970	0.00509	0.01443
9	0.03687	0.02035	0.03057	0.13796	0.08046	0.02018	0.05735	0.07763	0.02925	0.29094	0.03305	0.03359	0.02239	0.01226	0.01080	0.00336	0.01117	0.01060	0.06502	0.01619
10	0.01484	0.01086	0.01393	0.01373	0.01607	0.00995	0.01008	0.01922	0.02864	0.03976	0.42268	0.17289	0.13715	0.02477	0.01304	0.00362	0.00538	0.02192	0.01152	0.00995
11	0.04011	0.02988	0.03197	0.02482	0.03330	0.03319	0.02040	0.47007	0.09580	0.06656	0.02787	0.02753	0.01992	0.01325	0.01092	0.00331	0.01168	0.01005	0.01092	0.01842
12	0.07257	0.04608	0.39171	0.03144	0.04537	0.02486	0.11632	0.03599	0.02386	0.07970	0.02166	0.02493	0.01525	0.01041	0.01058	0.00348	0.01538	0.00897	0.00566	0.01577
13	0.02059	0.01938	0.03270	0.59060	0.07510	0.02422	0.03028	0.02786	0.02180	0.02786	0.01938	0.02907	0.01453	0.01090	0.01090	0.00363	0.01453	0.00969	0.00484	0.01211
14	0.61972	0.02459	0.01771	0.01590	0.02252	0.08670	0.01286	0.03335	0.01996	0.04640	0.01537	0.01793	0.01206	0.01025	0.00710	0.00331	0.00971	0.00603	0.00662	0.01190

[dist]
# distance from previous block
# <min> <max>
0	2

[block]
# block no. 9 follows, 12 sequences, length 15
# corresponding to MSA columns:
# 549-563
name=unknown_J
#
# <colnr> <probs for GDERKNQSTAVLIFYWHMCP>
#	G	D	E	R	K	N	Q	S	T	A	V	L	I	F	Y	W	H	M	C	P
0	0.59171	0.11362	0.02234	0.01500	0.02215	0.02733	0.01286	0.03214	0.01911	0.04535	0.01518	0.01768	0.01214	0.01000	0.00679	0.00321	0.00893	0.00589	0.00643	0.01214
1	0.69383	0.02109	0.01603	0.01434	0.02109	0.02446	0.01181	0.03205	0.01856	0.04892	0.01518	0.01771	0.01181	0.01012	0.00675	0.00337	0.00843	0.00590	0.00675	0.01181
2	0.01328	0.00949	0.01265	0.01518	0.01581	0.00886	0.01012	0.01518	0.02088	0.02783	0.06010	0.60969	0.07212	0.03416	0.01392	0.00443	0.00633	0.03100	0.01012	0.00886
3	0.02456	0.01953	0.02616	0.01911	0.02817	0.01554	0.06119	0.02980	0.02442	0.08178	0.06973	0.02994	0.02509	0.00996	0.00923	0.00214	0.00891	0.00869	0.00749	0.49856
4	0.22262	0.02696	0.02611	0.02469	0.07507	0.10844	0.01798	0.13835	0.02995	0.12882	0.02416	0.02626	0.01806	0.01840	0.06426	0.00463	0.01349	0.00864	0.00835	0.01477
5	0.01543	0.01115	0.01457	0.01372	0.01629	0.01029	0.01029	0.02058	0.03086	0.04372	0.54304	0.08145	0.10288	0.02229	0.01286	0.00343	0.00514	0.01972	0.01200	0.01029
6	0.02450	0.03806	0.22323	0.04119	0.05385	0.02685	0.35898	0.03480	0.02487	0.03480	0.02126	0.02736	0.01567	0.00957	0.01206	0.00360	0.01766	0.01133	0.00522	0.01516
7	0.04675	0.02205	0.02746	0.02106	0.02957	0.02120	0.01739	0.18685	0.03705	0.41438	0.03811	0.03393	0.02453	0.01338	0.01095	0.00334	0.01007	0.01063	0.01274	0.01855
8	0.01757	0.01255	0.01757	0.02008	0.02259	0.01255	0.01757	0.02259	0.02510	0.03263	0.05773	0.12299	0.06275	0.03012	0.01506	0.00502	0.01004	0.47540	0.01004	0.01004
9	0.04892	0.01856	0.02530	0.01940	0.02783	0.01603	0.01603	0.05314	0.03121	0.55634	0.04302	0.03711	0.02699	0.01350	0.01096	0.00337	0.00928	0.01096	0.01350	0.01856
10	0.01328	0.00949	0.01265	0.01518	0.01581	0.00886	0.01012	0.01518	0.02088	0.02783	0.06010	0.60969	0.07212	0.03416	0.01392	0.00443	0.00633	0.03100	0.01012	0.00886
11	0.02448	0.02162	0.03188	0.11275	0.07604	0.02124	0.08784	0.07788	0.06781	0.03790	0.02844	0.04210	0.02484	0.01320	0.01096	0.00318	0.01157	0.08093	0.00737	0.21796
12	0.02335	0.02317	0.03329	0.11497	0.03577	0.03199	0.02484	0.02649	0.01748	0.02649	0.01509	0.02466	0.01435	0.01783	0.03196	0.00460	0.50739	0.00956	0.00478	0.01196
13	0.17990	0.02625	0.11649	0.02255	0.03045	0.02193	0.05628	0.03894	0.13326	0.11060	0.03401	0.08756	0.02870	0.01531	0.01066	0.00371	0.01061	0.04960	0.00871	0.01447
14	0.19569	0.23042	0.07459	0.02284	0.07441	0.03023	0.01884	0.03520	0.09966	0.03653	0.02830	0.02957	0.06021	0.01198	0.00865	0.00308	0.01032	0.00878	0.00669	0.01401

[dist]
# distance from previous block
# <min> <max>
1	16

[block]
# block no. 10 follows, 12 sequences, length 15
# corresponding to MSA columns:
# 580-594
name=unknown_K
#
# <colnr> <probs for GDERKNQSTAVLIFYWHMCP>
#	G	D	E	R	K	N	Q	S	T	A	V	L	I	F	Y	W	H	M	C	P
0	0.01412	0.01109	0.01276	0.01235	0.01549	0.00973	0.00926	0.01804	0.02778	0.03640	0.32085	0.09351	0.32964	0.02503	0.01287	0.00356	0.00534	0.02141	0.01104	0.00973
1	0.02187	0.05640	0.56031	0.03108	0.04719	0.02532	0.04029	0.03453	0.02302	0.03453	0.01957	0.02302	0.01381	0.01036	0.01036	0.00345	0.01611	0.00806	0.00460	0.01611
2	0.01480	0.01112	0.01370	0.01305	0.01590	0.01002	0.00979	0.01935	0.02937	0.04018	0.43556	0.08728	0.21257	0.02361	0.01287	0.00349	0.00524	0.02054	0.01154	0.01002
3	0.04892	0.01856	0.02530	0.01940	0.02783	0.01603	0.01603	0.05314	0.03121	0.55634	0.04302	0.03711	0.02699	0.01350	0.01096	0.00337	0.00928	0.01096	0.01350	0.01856
4	0.02033	0.01016	0.01016	0.01016	0.01270	0.01016	0.00762	0.02541	0.02287	0.04065	0.03557	0.04065	0.02795	0.01270	0.00762	0.00254	0.00508	0.01016	0.67734	0.01016
5	0.04073	0.05197	0.03090	0.02809	0.03371	0.57303	0.02107	0.04354	0.03090	0.02669	0.01685	0.01966	0.01404	0.01124	0.00983	0.00281	0.01966	0.00702	0.00562	0.01264
6	0.01328	0.00949	0.01265	0.01518	0.01581	0.00886	0.01012	0.01518	0.02088	0.02783	0.06010	0.60969	0.07212	0.03416	0.01392	0.00443	0.00633	0.03100	0.01012	0.00886
7	0.01328	0.00949	0.01265	0.01518	0.01581	0.00886	0.01012	0.01518	0.02088	0.02783	0.06010	0.60969	0.07212	0.03416	0.01392	0.00443	0.00633	0.03100	0.01012	0.00886
8	0.02995	0.51605	0.05527	0.02198	0.03111	0.09236	0.06246	0.03389	0.02331	0.02658	0.01593	0.01876	0.01422	0.00950	0.00779	0.00250	0.01302	0.00657	0.00483	0.01393
9	0.02216	0.02276	0.11521	0.01865	0.02658	0.01510	0.01761	0.02845	0.02619	0.08347	0.18626	0.05035	0.04728	0.01515	0.01078	0.00293	0.00886	0.04970	0.00875	0.24372
10	0.03788	0.11591	0.03570	0.02379	0.03229	0.02786	0.06496	0.16848	0.12272	0.20833	0.03263	0.03117	0.02293	0.01257	0.01055	0.00327	0.01110	0.01031	0.01029	0.01726
11	0.03056	0.01749	0.02143	0.01830	0.02383	0.01735	0.01438	0.08439	0.12408	0.20829	0.20307	0.09764	0.05531	0.01820	0.01183	0.00353	0.00785	0.01554	0.01205	0.01488
12	0.03513	0.02508	0.02712	0.02216	0.02938	0.02767	0.01786	0.26842	0.21180	0.10096	0.03484	0.03353	0.02528	0.01368	0.01066	0.00336	0.00993	0.01082	0.07502	0.01730
13	0.09369	0.02381	0.02557	0.01989	0.02837	0.02384	0.01606	0.18811	0.11979	0.04917	0.02551	0.02643	0.01949	0.01105	0.00938	0.00268	0.00946	0.00850	0.00872	0.29048
14	0.02400	0.02383	0.06902	0.01937	0.02847	0.01951	0.01665	0.03788	0.18580	0.03869	0.02745	0.02847	0.02147	0.01043	0.00924	0.00244	0.00894	0.00849	0.00780	0.41207

[dist]
# distance from previous block
# <min> <max>
0	1

[block]
# block no. 11 follows, 12 sequences, length 13
# corresponding to MSA columns:
# 596-608
name=unknown_L
#
# <colnr> <probs for GDERKNQSTAVLIFYWHMCP>
#	G	D	E	R	K	N	Q	S	T	A	V	L	I	F	Y	W	H	M	C	P
0	0.11158	0.07003	0.19959	0.02286	0.03198	0.02345	0.02377	0.03543	0.02374	0.16051	0.03361	0.03446	0.07463	0.01408	0.01356	0.00356	0.09064	0.01018	0.00765	0.01472
1	0.03830	0.12006	0.07876	0.02348	0.03270	0.02376	0.07232	0.04694	0.09028	0.30830	0.03452	0.03242	0.02347	0.01226	0.01050	0.00329	0.01113	0.01028	0.01018	0.01705
2	0.01517	0.01094	0.01434	0.01390	0.01623	0.01011	0.01027	0.01991	0.02962	0.04175	0.48310	0.14701	0.09906	0.02376	0.01299	0.00355	0.00529	0.02112	0.01177	0.01011
3	0.02795	0.02454	0.04980	0.03672	0.04575	0.02276	0.34841	0.03519	0.02597	0.12537	0.03139	0.11708	0.02664	0.01366	0.01269	0.00374	0.01499	0.01523	0.00760	0.01451
4	0.09147	0.07057	0.03100	0.11576	0.09205	0.02268	0.02044	0.07859	0.02878	0.29356	0.03098	0.03072	0.02101	0.01202	0.01027	0.00331	0.01085	0.00971	0.00976	0.01647
5	0.03057	0.02558	0.10014	0.17453	0.09884	0.02272	0.02470	0.08541	0.06771	0.16264	0.02908	0.03385	0.02157	0.05805	0.01425	0.00400	0.01227	0.01048	0.00821	0.01540
6	0.01642	0.01276	0.01524	0.01543	0.01827	0.01257	0.01153	0.02436	0.10626	0.03636	0.21935	0.21992	0.16419	0.02578	0.01302	0.00390	0.00645	0.05651	0.01087	0.01081
7	0.02460	0.04603	0.39281	0.07124	0.04935	0.02492	0.12213	0.03560	0.02407	0.07509	0.02184	0.02569	0.01539	0.01043	0.01090	0.00350	0.01588	0.00926	0.00548	0.01578
8	0.11002	0.02826	0.14086	0.19222	0.04686	0.02333	0.06233	0.07262	0.02633	0.10998	0.06247	0.03126	0.02292	0.01196	0.01058	0.00349	0.01276	0.01007	0.00731	0.01438
9	0.02387	0.01440	0.01850	0.01758	0.02083	0.01454	0.01325	0.02883	0.06469	0.15474	0.05644	0.30639	0.11108	0.02536	0.01504	0.00406	0.06614	0.02159	0.01047	0.01219
10	0.03311	0.01495	0.01982	0.01689	0.02226	0.01346	0.01354	0.03744	0.02878	0.30128	0.16142	0.05942	0.04968	0.05618	0.01445	0.00396	0.00812	0.06387	0.06716	0.01421
11	0.21238	0.08063	0.02732	0.10868	0.03368	0.02321	0.01736	0.06607	0.02567	0.19716	0.02542	0.02643	0.01795	0.01115	0.00911	0.00311	0.01016	0.00833	0.00850	0.08769
12	0.03077	0.03543	0.21479	0.08718	0.04643	0.02506	0.13718	0.10506	0.02913	0.14295	0.02572	0.02832	0.01780	0.01116	0.01118	0.00348	0.01452	0.01013	0.00750	0.01623

[dist]
# distance from previous block
# <min> <max>
3	66

# created by:
# /st0/software/busco_prod/Augustus/scripts/msa2prfl.pl ./align_prep/9168.fa
