[name]
unknown

[dist]
# distance from previous block
# <min> <max>
2	30

[block]
# block no. 0 follows, 12 sequences, length 12
# corresponding to MSA columns:
# 35-46
name=unknown_A
#
# <colnr> <probs for GDERKNQSTAVLIFYWHMCP>
#	G	D	E	R	K	N	Q	S	T	A	V	L	I	F	Y	W	H	M	C	P
0	0.02346	0.01466	0.01732	0.01579	0.02009	0.01382	0.01204	0.09132	0.02926	0.12728	0.12244	0.20867	0.21217	0.02424	0.01254	0.00373	0.00723	0.02077	0.01103	0.01215
1	0.14034	0.09954	0.15723	0.02544	0.03484	0.10394	0.06122	0.06857	0.13373	0.03934	0.02390	0.02556	0.01820	0.01135	0.00971	0.00329	0.01317	0.00871	0.00695	0.01497
2	0.02418	0.02151	0.06835	0.01746	0.02673	0.01510	0.01526	0.02967	0.02445	0.08575	0.08439	0.03107	0.02737	0.01049	0.00912	0.00216	0.00853	0.00861	0.00763	0.48218
3	0.01858	0.01306	0.01542	0.01527	0.01777	0.01315	0.01105	0.08610	0.02580	0.03564	0.09163	0.26926	0.10558	0.08594	0.06037	0.00549	0.00898	0.02087	0.08967	0.01036
4	0.01783	0.01104	0.01467	0.01557	0.01765	0.01041	0.01112	0.02037	0.02207	0.09099	0.05914	0.40887	0.11080	0.03758	0.09091	0.00603	0.00976	0.02507	0.00993	0.01018
5	0.11988	0.03433	0.17835	0.06060	0.03739	0.08183	0.06599	0.09063	0.02772	0.06890	0.06569	0.06917	0.02630	0.01345	0.01060	0.00344	0.01310	0.01106	0.00733	0.01424
6	0.03409	0.08105	0.16718	0.12402	0.07188	0.02275	0.02595	0.04107	0.02633	0.25477	0.02919	0.02982	0.01977	0.01166	0.01045	0.00334	0.01236	0.00948	0.00848	0.01635
7	0.09199	0.01527	0.01857	0.01667	0.02118	0.01505	0.01274	0.03478	0.08479	0.19834	0.07909	0.14570	0.03963	0.02120	0.01543	0.09757	0.00798	0.01481	0.05640	0.01281
8	0.03143	0.02153	0.02882	0.05475	0.10189	0.02154	0.04865	0.15598	0.03171	0.12066	0.02859	0.03111	0.02114	0.01164	0.00993	0.00296	0.01020	0.00983	0.16205	0.09557
9	0.09641	0.07490	0.05490	0.01930	0.02627	0.07741	0.01628	0.03738	0.02591	0.22551	0.03552	0.14851	0.03080	0.01625	0.01045	0.00331	0.01018	0.01325	0.00949	0.06798
10	0.03425	0.17345	0.03736	0.02296	0.03082	0.06955	0.07827	0.04208	0.08787	0.20040	0.08477	0.03500	0.03024	0.01283	0.01034	0.00315	0.01132	0.01070	0.00921	0.01543
11	0.01808	0.01304	0.01646	0.01758	0.01972	0.01308	0.01315	0.08555	0.02597	0.03450	0.05491	0.42700	0.06274	0.03040	0.01374	0.00439	0.00789	0.12115	0.01021	0.01044

[dist]
# distance from previous block
# <min> <max>
3	36

[block]
# block no. 1 follows, 12 sequences, length 31
# corresponding to MSA columns:
# 85-115
name=unknown_B
#
# <colnr> <probs for GDERKNQSTAVLIFYWHMCP>
#	G	D	E	R	K	N	Q	S	T	A	V	L	I	F	Y	W	H	M	C	P
0	0.02434	0.04529	0.39794	0.02873	0.04213	0.02351	0.06304	0.03661	0.06196	0.08360	0.03065	0.03226	0.05686	0.01222	0.01082	0.00350	0.01426	0.01008	0.00639	0.01582
1	0.01391	0.01006	0.01294	0.01479	0.01594	0.00939	0.01023	0.01621	0.02192	0.02901	0.09881	0.44724	0.11527	0.07651	0.01697	0.00479	0.00675	0.06033	0.00999	0.00891
2	0.01468	0.01140	0.01360	0.01329	0.01639	0.00995	0.00978	0.01834	0.02619	0.03508	0.25978	0.19144	0.23933	0.02541	0.01272	0.00358	0.00573	0.02210	0.01057	0.06063
3	0.02570	0.02561	0.03338	0.02820	0.03048	0.07165	0.05712	0.05726	0.05234	0.03044	0.01900	0.02688	0.01708	0.02301	0.07930	0.00558	0.38856	0.00998	0.00573	0.01269
4	0.26802	0.16544	0.03384	0.02058	0.02842	0.02980	0.06850	0.13035	0.02729	0.04519	0.02007	0.02279	0.01572	0.01068	0.00840	0.00306	0.01069	0.00784	0.06943	0.01386
5	0.02909	0.12796	0.19475	0.02827	0.09050	0.02682	0.02584	0.11327	0.02832	0.08059	0.02190	0.02414	0.01648	0.01040	0.00959	0.00287	0.01234	0.00811	0.00680	0.14196
6	0.03761	0.09083	0.03261	0.07581	0.03448	0.07130	0.02013	0.17303	0.06952	0.18824	0.02859	0.02890	0.02038	0.01310	0.01265	0.00336	0.06408	0.00963	0.00944	0.01630
7	0.01817	0.01443	0.01366	0.01340	0.01392	0.06296	0.00795	0.01843	0.01726	0.02166	0.03273	0.06654	0.03726	0.56040	0.05124	0.00985	0.01142	0.01503	0.00651	0.00717
8	0.11180	0.02952	0.03092	0.02393	0.03244	0.03280	0.01976	0.46063	0.04774	0.06658	0.02499	0.02527	0.01782	0.01277	0.01046	0.00328	0.01161	0.00939	0.01046	0.01782
9	0.01328	0.00949	0.01265	0.01518	0.01581	0.00886	0.01012	0.01518	0.02088	0.02783	0.06010	0.60969	0.07212	0.03416	0.01392	0.00443	0.00633	0.03100	0.01012	0.00886
10	0.01580	0.01079	0.01300	0.01300	0.01339	0.01117	0.00799	0.01657	0.01619	0.02197	0.03334	0.06572	0.03719	0.51113	0.15783	0.01194	0.01425	0.01503	0.00646	0.00722
11	0.02376	0.20353	0.42974	0.02785	0.04221	0.02995	0.03467	0.03404	0.02280	0.03223	0.01842	0.02159	0.01386	0.01009	0.00949	0.00316	0.01496	0.00748	0.00462	0.01556
12	0.04808	0.01990	0.02614	0.02004	0.02851	0.01802	0.01655	0.10469	0.03346	0.50162	0.04113	0.03588	0.02604	0.01345	0.01096	0.00336	0.00958	0.01084	0.01320	0.01855
13	0.01864	0.01377	0.01837	0.02032	0.02324	0.01419	0.01754	0.02656	0.08166	0.03409	0.05623	0.11375	0.05944	0.02840	0.01462	0.00487	0.00988	0.42343	0.01016	0.01085
14	0.03680	0.02747	0.02965	0.02369	0.03125	0.03036	0.01919	0.40766	0.10161	0.06170	0.03189	0.09090	0.02599	0.01556	0.01125	0.00345	0.01101	0.01239	0.01084	0.01735
15	0.04892	0.01856	0.02530	0.01940	0.02783	0.01603	0.01603	0.05314	0.03121	0.55634	0.04302	0.03711	0.02699	0.01350	0.01096	0.00337	0.00928	0.01096	0.01350	0.01856
16	0.01394	0.01040	0.01296	0.01377	0.01574	0.00943	0.00977	0.01714	0.02519	0.03366	0.23744	0.31663	0.18677	0.02863	0.01333	0.00392	0.00574	0.02536	0.01077	0.00943
17	0.02336	0.13698	0.43258	0.03086	0.04542	0.02819	0.08780	0.03430	0.02319	0.03327	0.01919	0.02290	0.01413	0.01008	0.01014	0.00331	0.01570	0.00825	0.00471	0.01565
18	0.02363	0.01322	0.01565	0.01383	0.01872	0.01132	0.01080	0.02714	0.02752	0.18327	0.15154	0.08211	0.33353	0.02280	0.01233	0.00356	0.00655	0.01908	0.01136	0.01205
19	0.62090	0.02017	0.01619	0.01496	0.02125	0.02318	0.01243	0.03103	0.01926	0.04716	0.01977	0.02907	0.01730	0.01228	0.00764	0.00355	0.00861	0.05654	0.00710	0.01162
20	0.03419	0.37473	0.04572	0.02276	0.03048	0.27372	0.01971	0.03739	0.02596	0.02610	0.01590	0.01844	0.01402	0.01016	0.00823	0.00254	0.01514	0.00635	0.00508	0.01340
21	0.02236	0.01903	0.02204	0.01673	0.02531	0.01544	0.01317	0.02977	0.07724	0.03601	0.02532	0.07125	0.02245	0.01088	0.00887	0.00206	0.00800	0.00905	0.00725	0.55778
22	0.02699	0.02591	0.04426	0.06693	0.54879	0.02591	0.03346	0.03346	0.02483	0.03562	0.02051	0.02699	0.01727	0.00972	0.01079	0.00324	0.01295	0.00972	0.00540	0.01727
23	0.01719	0.01228	0.01713	0.01964	0.02198	0.01222	0.01690	0.02193	0.02472	0.03220	0.05794	0.16650	0.06359	0.03048	0.01496	0.00497	0.00971	0.43567	0.01005	0.00993
24	0.02915	0.62337	0.05714	0.01866	0.02799	0.04314	0.01866	0.03265	0.02215	0.02565	0.01516	0.01749	0.01399	0.00933	0.00700	0.00233	0.01166	0.00583	0.00466	0.01399
25	0.03592	0.01561	0.02046	0.01715	0.02333	0.01384	0.01403	0.04023	0.02891	0.34662	0.08858	0.05778	0.09273	0.01746	0.01141	0.00351	0.00820	0.06496	0.08422	0.01507
26	0.50800	0.02036	0.01870	0.01580	0.02303	0.02203	0.01302	0.03813	0.02220	0.19513	0.02320	0.02330	0.01618	0.01109	0.00796	0.00337	0.00868	0.00736	0.00869	0.01375
27	0.03332	0.01501	0.02016	0.01814	0.02345	0.01366	0.01491	0.03760	0.02750	0.29880	0.04813	0.12315	0.04186	0.02024	0.01206	0.00385	0.00872	0.14144	0.08376	0.01425
28	0.02543	0.01999	0.02587	0.16154	0.03695	0.02300	0.01953	0.16477	0.03144	0.04356	0.12338	0.08195	0.03773	0.01649	0.01400	0.00358	0.07594	0.01323	0.06844	0.01318
29	0.02665	0.02006	0.02642	0.19007	0.04139	0.02014	0.01942	0.03725	0.12349	0.10947	0.02768	0.03018	0.02059	0.01102	0.00993	0.00288	0.01029	0.00923	0.00789	0.25593
30	0.10820	0.07705	0.08858	0.06412	0.07176	0.07481	0.02204	0.13756	0.03123	0.18213	0.02624	0.02685	0.01846	0.01173	0.01000	0.00324	0.01222	0.00893	0.00870	0.01614

[dist]
# distance from previous block
# <min> <max>
11	32

[block]
# block no. 2 follows, 12 sequences, length 36
# corresponding to MSA columns:
# 148-183
name=unknown_C
#
# <colnr> <probs for GDERKNQSTAVLIFYWHMCP>
#	G	D	E	R	K	N	Q	S	T	A	V	L	I	F	Y	W	H	M	C	P
0	0.02710	0.01845	0.02237	0.01672	0.02546	0.01439	0.01332	0.03159	0.02418	0.13814	0.02722	0.07100	0.02264	0.01117	0.00910	0.00218	0.00818	0.00925	0.00814	0.49940
1	0.02671	0.01525	0.02124	0.02269	0.08269	0.01456	0.01501	0.03180	0.06581	0.17639	0.10781	0.20432	0.04817	0.02292	0.01560	0.08001	0.00830	0.01760	0.01021	0.01291
2	0.02939	0.37618	0.10633	0.02031	0.02929	0.03356	0.02012	0.07164	0.02536	0.08321	0.02461	0.09028	0.02245	0.01308	0.00892	0.00289	0.01135	0.00988	0.00668	0.01446
3	0.01486	0.01131	0.01387	0.01552	0.01716	0.01104	0.01074	0.02025	0.08097	0.03011	0.06417	0.48356	0.12310	0.03112	0.01346	0.00425	0.00650	0.02787	0.01024	0.00988
4	0.12780	0.02966	0.09015	0.02267	0.03166	0.02797	0.02022	0.24948	0.12256	0.05381	0.02615	0.02667	0.01928	0.01203	0.00994	0.00318	0.01092	0.00908	0.00906	0.09773
5	0.11149	0.02312	0.05546	0.02268	0.06237	0.02072	0.01779	0.13040	0.03006	0.17909	0.03055	0.08522	0.02446	0.01356	0.01013	0.00310	0.00982	0.01098	0.00940	0.14959
6	0.03518	0.02768	0.07186	0.09445	0.09678	0.08676	0.02240	0.10461	0.03029	0.19866	0.02974	0.06122	0.02245	0.01297	0.01072	0.00326	0.01223	0.01064	0.00889	0.05920
7	0.07772	0.25850	0.13423	0.02470	0.03432	0.03171	0.09284	0.03643	0.10224	0.03463	0.05562	0.02796	0.02292	0.01124	0.00944	0.00309	0.01227	0.00916	0.00642	0.01456
8	0.01959	0.01197	0.01668	0.06226	0.02310	0.01157	0.01347	0.02262	0.02296	0.10584	0.05407	0.42239	0.05981	0.02880	0.01338	0.00428	0.00785	0.07851	0.01019	0.01068
9	0.01651	0.01667	0.07150	0.02231	0.08164	0.01301	0.01592	0.02118	0.02513	0.03510	0.22438	0.29381	0.07090	0.02467	0.01282	0.00383	0.00765	0.02218	0.00969	0.01108
10	0.03026	0.08954	0.07403	0.08928	0.03547	0.02159	0.06791	0.06680	0.02796	0.18600	0.09272	0.10431	0.03566	0.01549	0.01122	0.00345	0.01096	0.01352	0.00924	0.01459
11	0.01697	0.02155	0.14313	0.01799	0.02340	0.01364	0.01730	0.02291	0.02691	0.03833	0.33665	0.11697	0.07322	0.02169	0.01435	0.04871	0.00814	0.01741	0.00959	0.01115
12	0.08921	0.01329	0.01678	0.01680	0.02022	0.01279	0.01306	0.02662	0.02477	0.13808	0.10839	0.27165	0.05876	0.02540	0.01273	0.00412	0.00777	0.11737	0.01066	0.01150
13	0.02742	0.51742	0.09332	0.01979	0.02898	0.03868	0.02027	0.03180	0.02252	0.02705	0.01974	0.02842	0.01883	0.01148	0.00807	0.00269	0.01185	0.05270	0.00519	0.01377
14	0.07285	0.02170	0.03728	0.15609	0.04591	0.02251	0.16233	0.03542	0.02499	0.15644	0.02962	0.04099	0.02352	0.01377	0.01335	0.00381	0.05220	0.06529	0.00781	0.01411
15	0.01379	0.00985	0.01323	0.01576	0.01661	0.00929	0.01100	0.01605	0.02137	0.02840	0.05982	0.55245	0.07101	0.03368	0.01405	0.00450	0.00676	0.08326	0.01011	0.00900
16	0.01387	0.01006	0.01289	0.01492	0.01604	0.00940	0.01036	0.01603	0.02136	0.02796	0.06369	0.45856	0.12397	0.08009	0.01727	0.00490	0.00694	0.07302	0.00983	0.00883
17	0.03955	0.01897	0.02954	0.02247	0.03030	0.01703	0.10285	0.04482	0.02871	0.36893	0.03790	0.03638	0.02529	0.01258	0.01070	0.00328	0.01014	0.01116	0.13306	0.01634
18	0.02909	0.01485	0.02064	0.08496	0.02860	0.01442	0.01635	0.03368	0.02612	0.22280	0.04557	0.13484	0.04120	0.02029	0.01205	0.00389	0.00922	0.13856	0.08967	0.01324
19	0.02187	0.05640	0.56031	0.03108	0.04719	0.02532	0.04029	0.03453	0.02302	0.03453	0.01957	0.02302	0.01381	0.01036	0.01036	0.00345	0.01611	0.00806	0.00460	0.01611
20	0.12042	0.02178	0.02308	0.01873	0.02594	0.08168	0.01513	0.04625	0.02870	0.37349	0.03579	0.03320	0.02380	0.01274	0.00994	0.00321	0.00990	0.00981	0.09034	0.01607
21	0.03504	0.02550	0.02774	0.02294	0.03033	0.02830	0.01840	0.22685	0.29199	0.11467	0.03743	0.03485	0.02704	0.01400	0.01101	0.00350	0.00996	0.01123	0.01131	0.01789
22	0.01821	0.00973	0.01366	0.01366	0.01366	0.00973	0.00879	0.01459	0.01459	0.01946	0.02258	0.04216	0.02382	0.17448	0.04565	0.52416	0.00973	0.01098	0.00518	0.00518
23	0.02323	0.02324	0.03570	0.16261	0.04185	0.03077	0.06407	0.02731	0.01862	0.02731	0.01613	0.02553	0.01454	0.01636	0.02808	0.00442	0.41332	0.00984	0.00485	0.01219
24	0.02528	0.02026	0.02685	0.02619	0.08752	0.02128	0.05641	0.12178	0.13762	0.04511	0.12858	0.09956	0.04334	0.01648	0.01135	0.00345	0.00925	0.01455	0.09083	0.01431
25	0.69383	0.02109	0.01603	0.01434	0.02109	0.02446	0.01181	0.03205	0.01856	0.04892	0.01518	0.01771	0.01181	0.01012	0.00675	0.00337	0.00843	0.00590	0.00675	0.01181
26	0.24772	0.02871	0.02524	0.02173	0.02736	0.13521	0.01744	0.14823	0.02856	0.04384	0.01972	0.02383	0.01599	0.02055	0.07847	0.00507	0.08360	0.00818	0.00719	0.01337
27	0.04061	0.02429	0.02697	0.02212	0.02945	0.06644	0.01826	0.20135	0.03691	0.26410	0.03767	0.04613	0.02898	0.01590	0.01153	0.00356	0.01115	0.08647	0.01142	0.01668
28	0.02907	0.01400	0.01869	0.01704	0.02159	0.01228	0.01282	0.03215	0.02539	0.25339	0.05015	0.32731	0.04922	0.02365	0.01228	0.00379	0.00770	0.02086	0.01132	0.05730
29	0.03138	0.01732	0.02235	0.01840	0.02577	0.01460	0.01530	0.03603	0.02653	0.23384	0.03821	0.05381	0.03220	0.01578	0.01096	0.00316	0.00904	0.12802	0.01006	0.25724
30	0.02583	0.02623	0.04613	0.03449	0.04373	0.02589	0.28597	0.04177	0.19419	0.03858	0.02923	0.03239	0.02211	0.01094	0.01171	0.00344	0.01390	0.01193	0.00750	0.09403
31	0.02712	0.02342	0.02465	0.02219	0.02835	0.02712	0.01726	0.05794	0.52909	0.04561	0.04438	0.04068	0.03328	0.01479	0.01109	0.00370	0.00863	0.01233	0.01109	0.01726
32	0.01518	0.01095	0.01435	0.01389	0.01623	0.01012	0.01027	0.01994	0.02968	0.04184	0.48588	0.14396	0.09924	0.02370	0.01299	0.00355	0.00528	0.02105	0.01178	0.01012
33	0.01648	0.01063	0.01402	0.01396	0.01463	0.01104	0.00928	0.01672	0.01704	0.02339	0.06890	0.05615	0.03663	0.30329	0.17584	0.17033	0.01445	0.01363	0.00640	0.00722
34	0.03789	0.02618	0.03017	0.02656	0.07124	0.02827	0.01996	0.27396	0.17136	0.14688	0.03352	0.03200	0.02383	0.01335	0.01096	0.00340	0.01070	0.01067	0.01099	0.01811
35	0.03152	0.02965	0.06439	0.02044	0.02659	0.15116	0.01721	0.17469	0.03319	0.04520	0.02713	0.03004	0.02078	0.01229	0.00933	0.00289	0.01143	0.00916	0.26924	0.01369

[dist]
# distance from previous block
# <min> <max>
6	24

[block]
# block no. 3 follows, 12 sequences, length 36
# corresponding to MSA columns:
# 208-243
name=unknown_D
#
# <colnr> <probs for GDERKNQSTAVLIFYWHMCP>
#	G	D	E	R	K	N	Q	S	T	A	V	L	I	F	Y	W	H	M	C	P
0	0.02356	0.01872	0.02756	0.24220	0.09855	0.01888	0.02152	0.02932	0.02420	0.08312	0.07121	0.03761	0.06121	0.01241	0.01046	0.00303	0.01077	0.01074	0.00712	0.18780
1	0.03623	0.01694	0.02129	0.01717	0.02394	0.01540	0.01381	0.04333	0.07714	0.31894	0.07926	0.04025	0.03277	0.01365	0.01022	0.00308	0.00798	0.01121	0.13695	0.08041
2	0.01400	0.00991	0.01304	0.01527	0.01601	0.00942	0.01043	0.01598	0.02070	0.02751	0.05684	0.49922	0.06739	0.10217	0.01891	0.00521	0.00719	0.07238	0.00970	0.00871
3	0.02530	0.02647	0.12703	0.07157	0.03354	0.02398	0.02321	0.07977	0.02348	0.08338	0.02408	0.03260	0.02018	0.06717	0.13386	0.00709	0.16713	0.01029	0.00658	0.01328
4	0.04813	0.01982	0.02609	0.02000	0.02846	0.01790	0.01652	0.10157	0.03332	0.50492	0.04124	0.03596	0.02610	0.01345	0.01096	0.00336	0.00956	0.01084	0.01322	0.01855
5	0.01479	0.01060	0.01435	0.01530	0.01629	0.01111	0.01063	0.01700	0.01837	0.02525	0.04197	0.26125	0.04697	0.19254	0.24024	0.01097	0.01619	0.01989	0.00762	0.00866
6	0.02283	0.01247	0.01418	0.01361	0.01702	0.01245	0.01069	0.02999	0.06719	0.09054	0.09315	0.05428	0.04029	0.01601	0.00966	0.00310	0.00637	0.06605	0.40854	0.01157
7	0.02393	0.01861	0.02625	0.21094	0.07778	0.02067	0.02137	0.08119	0.08535	0.06960	0.03715	0.17161	0.03535	0.01860	0.01196	0.00385	0.01086	0.05322	0.00846	0.01326
8	0.03676	0.02235	0.02587	0.02115	0.02835	0.02343	0.01702	0.16403	0.19776	0.22127	0.08790	0.03990	0.03434	0.01467	0.01118	0.00346	0.00933	0.01198	0.01194	0.01733
9	0.01885	0.01502	0.01749	0.01759	0.02062	0.01598	0.01284	0.03219	0.21430	0.03711	0.13224	0.30954	0.06243	0.02493	0.01268	0.00399	0.00700	0.02213	0.01079	0.01226
10	0.02074	0.01988	0.03694	0.12026	0.04170	0.02043	0.20322	0.02690	0.02379	0.03314	0.08478	0.15211	0.03728	0.01686	0.01395	0.00378	0.05380	0.01627	0.06211	0.01207
11	0.03288	0.01863	0.02602	0.06675	0.03093	0.01790	0.05482	0.08301	0.02823	0.22408	0.03245	0.03422	0.02324	0.01817	0.06002	0.00431	0.01157	0.01029	0.12897	0.09350
12	0.03169	0.14895	0.06370	0.02085	0.02812	0.02790	0.01808	0.20122	0.06832	0.09364	0.03067	0.08825	0.02686	0.08523	0.01561	0.00410	0.01096	0.01194	0.00892	0.01502
13	0.02516	0.01187	0.01355	0.01233	0.01599	0.01129	0.00953	0.03009	0.02538	0.13860	0.09655	0.04477	0.03656	0.01398	0.00887	0.00280	0.00588	0.01144	0.47361	0.01177
14	0.11274	0.02364	0.03007	0.08305	0.03586	0.02502	0.06597	0.18911	0.07371	0.15835	0.03478	0.03487	0.05734	0.01338	0.01078	0.00345	0.01116	0.01102	0.00977	0.01594
15	0.02266	0.01744	0.07130	0.07876	0.02844	0.01413	0.01737	0.02737	0.02475	0.13416	0.09483	0.26149	0.05323	0.02365	0.01273	0.00403	0.00912	0.08257	0.00986	0.01210
16	0.01763	0.01169	0.01432	0.01334	0.01644	0.01052	0.00991	0.02160	0.02792	0.08088	0.34254	0.08270	0.20215	0.08031	0.01683	0.00418	0.00611	0.01945	0.01113	0.01035
17	0.02272	0.02267	0.03273	0.26775	0.10954	0.07577	0.06532	0.02846	0.02374	0.03065	0.07395	0.09381	0.02956	0.01485	0.01344	0.00367	0.05974	0.01290	0.00628	0.01245
18	0.02849	0.33426	0.10035	0.02645	0.09049	0.03337	0.02244	0.03331	0.02260	0.07933	0.02004	0.02371	0.01674	0.01665	0.05710	0.00411	0.06252	0.00781	0.00571	0.01452
19	0.01725	0.01130	0.01459	0.01571	0.01810	0.01041	0.01188	0.02039	0.02404	0.07448	0.09905	0.32853	0.15690	0.02956	0.01365	0.00426	0.00714	0.12217	0.01051	0.01008
20	0.02031	0.01220	0.01566	0.01437	0.01790	0.01095	0.01092	0.02471	0.02927	0.12331	0.36235	0.11965	0.15084	0.02257	0.01264	0.00354	0.00596	0.01967	0.01183	0.01136
21	0.01873	0.02030	0.08571	0.02841	0.12266	0.01715	0.02048	0.02365	0.02329	0.03198	0.08018	0.19922	0.10332	0.02308	0.01503	0.00407	0.06622	0.09642	0.00817	0.01193
22	0.03041	0.02458	0.03441	0.02904	0.06471	0.06567	0.13720	0.10406	0.07219	0.12589	0.04190	0.10032	0.08765	0.01593	0.01187	0.00355	0.01213	0.01452	0.00911	0.01484
23	0.69383	0.02109	0.01603	0.01434	0.02109	0.02446	0.01181	0.03205	0.01856	0.04892	0.01518	0.01771	0.01181	0.01012	0.00675	0.00337	0.00843	0.00590	0.00675	0.01181
24	0.16865	0.20734	0.03301	0.01916	0.02579	0.06787	0.01666	0.07969	0.02543	0.08360	0.02301	0.02868	0.01913	0.01258	0.01066	0.00312	0.05722	0.03266	0.07218	0.01354
25	0.01513	0.01113	0.01416	0.01340	0.01611	0.01016	0.01005	0.02000	0.03016	0.04205	0.49226	0.08420	0.15471	0.02292	0.01286	0.00346	0.00519	0.02011	0.01178	0.01016
26	0.01916	0.01186	0.01352	0.01321	0.01569	0.01251	0.00979	0.02591	0.07057	0.03619	0.07672	0.04802	0.03586	0.09768	0.12111	0.00650	0.01064	0.01211	0.35258	0.01036
27	0.02187	0.05640	0.56031	0.03108	0.04719	0.02532	0.04029	0.03453	0.02302	0.03453	0.01957	0.02302	0.01381	0.01036	0.01036	0.00345	0.01611	0.00806	0.00460	0.01611
28	0.02367	0.19641	0.43606	0.02801	0.04245	0.02972	0.03494	0.03407	0.02281	0.03234	0.01848	0.02165	0.01386	0.01010	0.00953	0.00318	0.01501	0.00751	0.00462	0.01559
29	0.02130	0.05239	0.51196	0.02954	0.04445	0.02399	0.03763	0.03329	0.02372	0.03535	0.06595	0.02820	0.02170	0.01142	0.01058	0.00345	0.01514	0.00909	0.00526	0.01560
30	0.03090	0.56978	0.05432	0.01872	0.02797	0.04074	0.01842	0.03446	0.02296	0.07268	0.01763	0.01923	0.01514	0.00970	0.00735	0.00242	0.01145	0.00629	0.00545	0.01440
31	0.01679	0.01188	0.01355	0.01389	0.01551	0.01190	0.00957	0.02112	0.06475	0.02810	0.05089	0.12903	0.11137	0.30580	0.03289	0.00710	0.00880	0.07494	0.06329	0.00883
32	0.03662	0.03026	0.02520	0.02208	0.02766	0.22677	0.01714	0.07719	0.03059	0.17844	0.06778	0.04443	0.03149	0.07311	0.01536	0.00401	0.01333	0.05559	0.00920	0.01375
33	0.01692	0.01309	0.01667	0.01796	0.06383	0.01173	0.01192	0.02117	0.02591	0.03643	0.22476	0.14011	0.17393	0.02133	0.01175	0.00330	0.00641	0.01857	0.07472	0.08949
34	0.02168	0.02033	0.03032	0.02558	0.02769	0.02480	0.07023	0.02433	0.01857	0.02746	0.02353	0.11165	0.02467	0.05250	0.02927	0.04878	0.32916	0.01304	0.00586	0.07053
35	0.15279	0.09415	0.05849	0.02052	0.02733	0.02665	0.01781	0.08650	0.20955	0.04261	0.03192	0.03809	0.02624	0.02003	0.05990	0.00475	0.01166	0.04780	0.00856	0.01464

[dist]
# distance from previous block
# <min> <max>
9	125

[block]
# block no. 4 follows, 12 sequences, length 14
# corresponding to MSA columns:
# 376-389
name=unknown_E
#
# <colnr> <probs for GDERKNQSTAVLIFYWHMCP>
#	G	D	E	R	K	N	Q	S	T	A	V	L	I	F	Y	W	H	M	C	P
0	0.03089	0.02912	0.18335	0.07160	0.09044	0.01933	0.02520	0.03770	0.02578	0.22430	0.03456	0.12047	0.02815	0.01519	0.01122	0.00357	0.01163	0.01300	0.00882	0.01569
1	0.04892	0.01856	0.02530	0.01940	0.02783	0.01603	0.01603	0.05314	0.03121	0.55634	0.04302	0.03711	0.02699	0.01350	0.01096	0.00337	0.00928	0.01096	0.01350	0.01856
2	0.02530	0.02193	0.06502	0.13541	0.12375	0.02152	0.02299	0.08034	0.02580	0.08871	0.03319	0.18385	0.03207	0.01818	0.01404	0.00381	0.06705	0.01542	0.00788	0.01373
3	0.09667	0.02530	0.06532	0.02882	0.08326	0.02288	0.08720	0.12410	0.03167	0.27634	0.03129	0.03069	0.02107	0.01199	0.01080	0.00339	0.01168	0.01030	0.01006	0.01717
4	0.02327	0.01933	0.06278	0.07236	0.02986	0.01765	0.05042	0.03390	0.13116	0.08958	0.04153	0.19793	0.03839	0.01871	0.01136	0.00365	0.00924	0.01658	0.11919	0.01312
5	0.02081	0.01140	0.01532	0.01607	0.01835	0.01037	0.01137	0.02320	0.02306	0.13941	0.05649	0.48881	0.06259	0.02980	0.01329	0.00421	0.00695	0.02677	0.01083	0.01090
6	0.02294	0.03024	0.16136	0.09164	0.08898	0.02238	0.11019	0.03356	0.07673	0.03620	0.07267	0.03249	0.02566	0.01133	0.01078	0.00317	0.01272	0.01049	0.00659	0.13987
7	0.02825	0.02510	0.08338	0.13877	0.16223	0.02282	0.07682	0.08300	0.02740	0.11529	0.02955	0.10492	0.02515	0.01405	0.01144	0.00356	0.01258	0.01288	0.00765	0.01518
8	0.02236	0.01564	0.02042	0.02211	0.07669	0.01514	0.01568	0.07512	0.02894	0.08747	0.13697	0.11544	0.16736	0.02307	0.01287	0.00390	0.00844	0.12980	0.01030	0.01227
9	0.07045	0.08495	0.03296	0.19642	0.04366	0.02528	0.05258	0.12421	0.02896	0.12417	0.02841	0.09026	0.02344	0.01392	0.01070	0.00346	0.01188	0.01178	0.00813	0.01440
10	0.10275	0.08486	0.23055	0.02550	0.03653	0.07822	0.02661	0.16279	0.03138	0.08895	0.02230	0.02379	0.01603	0.01133	0.00987	0.00325	0.01361	0.00828	0.00736	0.01603
11	0.03413	0.03215	0.13776	0.06907	0.03790	0.02795	0.02438	0.29276	0.03841	0.09692	0.02605	0.02824	0.01880	0.01870	0.06238	0.00465	0.01437	0.00972	0.00892	0.01674
12	0.03218	0.02179	0.08028	0.02027	0.02711	0.01827	0.01783	0.11439	0.03031	0.22491	0.08990	0.09421	0.03657	0.02756	0.10668	0.00587	0.01312	0.01343	0.01034	0.01500
13	0.03486	0.08855	0.03199	0.05672	0.03264	0.02707	0.01888	0.21314	0.03424	0.13595	0.02518	0.02640	0.01845	0.01202	0.01178	0.00298	0.05489	0.00886	0.00892	0.15652

[dist]
# distance from previous block
# <min> <max>
0	37

[block]
# block no. 5 follows, 12 sequences, length 51
# corresponding to MSA columns:
# 428-478
name=unknown_F
#
# <colnr> <probs for GDERKNQSTAVLIFYWHMCP>
#	G	D	E	R	K	N	Q	S	T	A	V	L	I	F	Y	W	H	M	C	P
0	0.03042	0.17951	0.11855	0.02838	0.09021	0.02887	0.05588	0.11639	0.02869	0.08542	0.02195	0.02424	0.01680	0.01033	0.00951	0.00283	0.01218	0.00831	0.00695	0.12459
1	0.02697	0.09037	0.12300	0.07567	0.03405	0.02144	0.05334	0.06083	0.02433	0.10135	0.02434	0.02899	0.01868	0.01530	0.01504	0.11292	0.01149	0.00910	0.08005	0.07274
2	0.10607	0.18384	0.03332	0.01890	0.02712	0.02625	0.01641	0.06668	0.02573	0.17372	0.02412	0.02484	0.01799	0.01114	0.01046	0.00279	0.04950	0.00784	0.00803	0.16526
3	0.02850	0.07848	0.09139	0.02373	0.03322	0.02136	0.09783	0.06274	0.02549	0.11478	0.02346	0.02665	0.01781	0.01232	0.01259	0.06112	0.01149	0.00878	0.00715	0.24108
4	0.02684	0.08686	0.13757	0.08703	0.03809	0.06910	0.06623	0.07144	0.05814	0.07927	0.03121	0.14155	0.02839	0.01574	0.01112	0.00352	0.01270	0.01354	0.00756	0.01411
5	0.13406	0.02140	0.02602	0.02069	0.02740	0.02247	0.01707	0.09160	0.02754	0.25516	0.02830	0.02854	0.01990	0.01336	0.01490	0.00341	0.12620	0.00923	0.00957	0.10319
6	0.13053	0.01596	0.01892	0.05458	0.02485	0.01493	0.01320	0.02687	0.02313	0.09252	0.08267	0.19694	0.04073	0.01798	0.01049	0.00320	0.00792	0.01534	0.00874	0.20049
7	0.47123	0.02151	0.01952	0.01704	0.02376	0.02411	0.01416	0.11011	0.02541	0.08450	0.02347	0.03186	0.01947	0.01301	0.00861	0.00354	0.00924	0.05805	0.00823	0.01316
8	0.01586	0.01057	0.01189	0.01189	0.01189	0.01057	0.00661	0.01586	0.01586	0.02114	0.03436	0.07135	0.03964	0.61681	0.05550	0.01057	0.01057	0.01586	0.00661	0.00661
9	0.02438	0.18913	0.03002	0.01738	0.02314	0.02407	0.01471	0.10399	0.02800	0.03838	0.12850	0.07412	0.03917	0.02376	0.08344	0.00479	0.01152	0.01201	0.07168	0.05781
10	0.02492	0.11976	0.02822	0.02033	0.06706	0.01930	0.01512	0.02953	0.02543	0.09188	0.13069	0.04044	0.06696	0.01304	0.00968	0.00255	0.00848	0.01076	0.00816	0.26769
11	0.21285	0.23973	0.08315	0.01993	0.02897	0.03231	0.01891	0.12987	0.02783	0.08692	0.02014	0.02146	0.01541	0.01074	0.00835	0.00299	0.01104	0.00728	0.00722	0.01489
12	0.02088	0.01228	0.01600	0.01518	0.01858	0.01112	0.01163	0.02504	0.02813	0.12917	0.28759	0.16852	0.12943	0.02394	0.01288	0.00374	0.00650	0.05645	0.01159	0.01137
13	0.03862	0.04395	0.02893	0.02565	0.03144	0.42450	0.01955	0.11738	0.03332	0.03500	0.02040	0.02300	0.01629	0.01170	0.00976	0.00285	0.01683	0.00782	0.07969	0.01332
14	0.02482	0.01885	0.02762	0.32414	0.05137	0.02159	0.02302	0.07279	0.06637	0.09211	0.08518	0.08433	0.03214	0.01485	0.01139	0.00362	0.01157	0.01291	0.00802	0.01331
15	0.02498	0.02565	0.03400	0.14689	0.08485	0.07941	0.02577	0.02877	0.01974	0.02745	0.01613	0.02482	0.01460	0.01587	0.02614	0.00423	0.37392	0.00936	0.00492	0.01250
16	0.01962	0.01358	0.01855	0.01871	0.02023	0.01481	0.01410	0.02212	0.02152	0.08552	0.04896	0.39085	0.05496	0.02858	0.01803	0.00443	0.12410	0.06128	0.00942	0.01062
17	0.01780	0.01132	0.01536	0.01685	0.01888	0.01069	0.01283	0.02110	0.02390	0.07609	0.10138	0.37016	0.06826	0.03013	0.01390	0.00442	0.00756	0.15866	0.01056	0.01017
18	0.51359	0.01980	0.01703	0.01468	0.02156	0.02143	0.01199	0.03218	0.02067	0.09425	0.02676	0.02782	0.06154	0.01184	0.00781	0.00325	0.00822	0.00797	0.00767	0.06993
19	0.13126	0.02125	0.02047	0.01697	0.02394	0.07589	0.01307	0.02752	0.02251	0.03520	0.02650	0.13796	0.02632	0.01392	0.00921	0.00259	0.00905	0.01130	0.00714	0.36793
20	0.04017	0.02135	0.02590	0.02033	0.02778	0.02114	0.01660	0.20645	0.03810	0.29290	0.12918	0.04148	0.03802	0.01497	0.01129	0.00335	0.00946	0.01218	0.01232	0.01703
21	0.02261	0.01938	0.02261	0.01615	0.02584	0.01453	0.01292	0.02745	0.02261	0.03553	0.01938	0.02261	0.01615	0.00807	0.00807	0.00161	0.00807	0.00646	0.00646	0.68346
22	0.02261	0.01938	0.02261	0.01615	0.02584	0.01453	0.01292	0.02745	0.02261	0.03553	0.01938	0.02261	0.01615	0.00807	0.00807	0.00161	0.00807	0.00646	0.00646	0.68346
23	0.02059	0.01938	0.03270	0.59060	0.07510	0.02422	0.03028	0.02786	0.02180	0.02786	0.01938	0.02907	0.01453	0.01090	0.01090	0.00363	0.01453	0.00969	0.00484	0.01211
24	0.02918	0.02717	0.08095	0.02880	0.03745	0.07240	0.18432	0.03588	0.02781	0.13985	0.12685	0.03903	0.03496	0.01279	0.01156	0.00328	0.01300	0.01230	0.00839	0.07402
25	0.01473	0.01095	0.01371	0.01338	0.01595	0.00993	0.00990	0.01907	0.02866	0.03935	0.41016	0.14360	0.18119	0.02457	0.01298	0.00359	0.00534	0.02156	0.01145	0.00993
26	0.02823	0.02883	0.09988	0.04085	0.16237	0.02607	0.16522	0.03982	0.11271	0.09325	0.02696	0.03048	0.02029	0.01171	0.01348	0.00361	0.06196	0.01102	0.00717	0.01611
27	0.01790	0.01101	0.01379	0.01381	0.01559	0.01024	0.00943	0.01939	0.02180	0.07319	0.12768	0.21081	0.12250	0.17969	0.02718	0.07989	0.00773	0.02024	0.00921	0.00893
28	0.01659	0.01277	0.01926	0.01899	0.02151	0.01228	0.05677	0.02066	0.02419	0.03252	0.14743	0.22588	0.06637	0.09171	0.01855	0.00504	0.00893	0.18106	0.00967	0.00983
29	0.03611	0.02777	0.02975	0.02368	0.03173	0.03066	0.01923	0.35005	0.18801	0.05992	0.03103	0.03016	0.02267	0.01327	0.01078	0.00329	0.01077	0.01033	0.01068	0.06012
30	0.02338	0.01655	0.02251	0.16352	0.03510	0.01778	0.01754	0.07465	0.06951	0.09481	0.15838	0.17068	0.05153	0.01954	0.01205	0.00370	0.00919	0.01713	0.00975	0.01270
31	0.02663	0.07669	0.08302	0.18305	0.10147	0.02506	0.07090	0.09127	0.02694	0.07117	0.02552	0.07933	0.02155	0.01278	0.01078	0.00334	0.01278	0.01132	0.00686	0.05957
32	0.02432	0.15075	0.17120	0.12181	0.04843	0.02815	0.16877	0.03242	0.02340	0.03192	0.01937	0.02473	0.01502	0.00965	0.01027	0.00312	0.01476	0.00911	0.00512	0.08766
33	0.04542	0.02214	0.02728	0.02113	0.02949	0.02161	0.01739	0.17826	0.07017	0.38948	0.03853	0.03438	0.02512	0.01347	0.01096	0.00337	0.00997	0.01074	0.01263	0.01847
34	0.01936	0.01217	0.01656	0.06647	0.02203	0.01214	0.01219	0.02182	0.02208	0.08596	0.12035	0.16726	0.08859	0.13125	0.08382	0.07097	0.01065	0.01784	0.00873	0.00978
35	0.03457	0.14162	0.18403	0.02530	0.03589	0.07962	0.02537	0.20237	0.03425	0.10121	0.02341	0.02439	0.01694	0.01155	0.00998	0.00313	0.01349	0.00850	0.00786	0.01654
36	0.01801	0.01525	0.02218	0.02078	0.02216	0.01943	0.01663	0.02146	0.01728	0.02558	0.02484	0.03727	0.02346	0.06338	0.41579	0.01378	0.19576	0.01105	0.00553	0.01038
37	0.01676	0.01108	0.01510	0.01564	0.01671	0.01161	0.01144	0.01796	0.01797	0.02431	0.03493	0.06714	0.03714	0.23066	0.18483	0.14461	0.01529	0.11226	0.00677	0.00782
38	0.02355	0.11931	0.22201	0.13598	0.04183	0.02356	0.02682	0.03085	0.02300	0.08017	0.02918	0.14147	0.02683	0.01535	0.01074	0.00351	0.01255	0.01289	0.00660	0.01380
39	0.16100	0.02397	0.03157	0.22459	0.14227	0.02719	0.02463	0.16104	0.02971	0.04457	0.02060	0.02564	0.01559	0.01112	0.01006	0.00341	0.01234	0.00898	0.00697	0.01476
40	0.01573	0.01784	0.10236	0.01853	0.02224	0.01239	0.01645	0.02033	0.02313	0.03158	0.10593	0.36342	0.06425	0.02824	0.01345	0.00428	0.00849	0.11152	0.00942	0.01041
41	0.01557	0.01051	0.01299	0.01420	0.01602	0.00950	0.00979	0.01769	0.02216	0.06052	0.06977	0.41280	0.18406	0.07069	0.01629	0.00459	0.00660	0.02675	0.01009	0.00939
42	0.02537	0.27135	0.16009	0.14172	0.09108	0.03253	0.07357	0.03239	0.02285	0.02978	0.01808	0.02296	0.01460	0.00988	0.00939	0.00304	0.01394	0.00809	0.00483	0.01444
43	0.02896	0.12483	0.09638	0.02745	0.03336	0.03173	0.06538	0.07511	0.02371	0.08958	0.01988	0.02487	0.01616	0.01456	0.02146	0.00385	0.27291	0.00925	0.00630	0.01427
44	0.01363	0.00976	0.01296	0.01495	0.01589	0.00909	0.01015	0.01605	0.02249	0.03040	0.13818	0.52428	0.07709	0.03224	0.01375	0.00427	0.00613	0.02917	0.01043	0.00909
45	0.08389	0.08057	0.02333	0.01786	0.02237	0.01686	0.04399	0.02791	0.02398	0.11560	0.07570	0.22596	0.04621	0.02099	0.01133	0.00367	0.00842	0.05687	0.08259	0.01191
46	0.01904	0.13457	0.02862	0.06750	0.02722	0.01924	0.05851	0.02367	0.02564	0.03440	0.23740	0.17886	0.06294	0.02024	0.01177	0.00348	0.00870	0.01803	0.00892	0.01125
47	0.03907	0.01638	0.02215	0.01773	0.02444	0.01434	0.01434	0.04356	0.03111	0.40563	0.19003	0.05015	0.04930	0.01608	0.01152	0.00339	0.00806	0.01354	0.01306	0.01613
48	0.08875	0.01371	0.01651	0.01498	0.01931	0.01281	0.01151	0.02941	0.02666	0.17853	0.18014	0.15693	0.10982	0.02063	0.01151	0.00354	0.00682	0.01759	0.06854	0.01229
49	0.02884	0.07911	0.13344	0.13550	0.04161	0.07913	0.02527	0.11004	0.05974	0.07064	0.05794	0.02995	0.02284	0.01295	0.01275	0.00344	0.06516	0.00975	0.00722	0.01467
50	0.02229	0.01539	0.01936	0.07830	0.02604	0.01546	0.01412	0.07028	0.06415	0.09780	0.27168	0.06757	0.15444	0.01975	0.01215	0.00350	0.00753	0.01690	0.01088	0.01239

[dist]
# distance from previous block
# <min> <max>
1	4

[block]
# block no. 6 follows, 12 sequences, length 10
# corresponding to MSA columns:
# 483-492
name=unknown_G
#
# <colnr> <probs for GDERKNQSTAVLIFYWHMCP>
#	G	D	E	R	K	N	Q	S	T	A	V	L	I	F	Y	W	H	M	C	P
0	0.03671	0.02131	0.03004	0.02621	0.06956	0.02150	0.05432	0.11993	0.03146	0.26609	0.07249	0.07552	0.03154	0.01548	0.01399	0.00359	0.07076	0.01271	0.01060	0.01620
1	0.02414	0.01502	0.02188	0.17317	0.03493	0.01536	0.01702	0.02967	0.02845	0.15107	0.29047	0.05742	0.06211	0.01725	0.01191	0.00347	0.00862	0.01506	0.01036	0.01259
2	0.18333	0.02105	0.02609	0.07617	0.09199	0.02361	0.01886	0.07484	0.06644	0.11377	0.02482	0.03007	0.01961	0.04733	0.01764	0.05381	0.07961	0.00954	0.00772	0.01371
3	0.03167	0.22782	0.10239	0.02301	0.03222	0.03431	0.02158	0.19000	0.15014	0.04497	0.02600	0.02632	0.01992	0.01192	0.00959	0.00308	0.01159	0.00888	0.00813	0.01645
4	0.02182	0.01371	0.01823	0.01710	0.02000	0.01466	0.01290	0.02800	0.09347	0.09221	0.07250	0.04571	0.03377	0.09722	0.24908	0.12146	0.01711	0.01232	0.00789	0.01084
5	0.02214	0.02525	0.11069	0.12074	0.03764	0.01941	0.02083	0.03222	0.09561	0.03494	0.02584	0.06708	0.02184	0.01172	0.00978	0.00276	0.01047	0.00983	0.00680	0.31439
6	0.03263	0.02690	0.07279	0.10742	0.04039	0.02649	0.06567	0.16065	0.17513	0.12802	0.03216	0.03250	0.02295	0.01276	0.01110	0.00351	0.01187	0.01083	0.00953	0.01672
7	0.01520	0.01181	0.01407	0.01537	0.01741	0.01157	0.01079	0.02145	0.09511	0.03073	0.06787	0.42674	0.16074	0.03005	0.01330	0.00417	0.00650	0.02671	0.01026	0.01014
8	0.02394	0.03438	0.19231	0.08978	0.12403	0.02771	0.14982	0.03197	0.02241	0.03230	0.01910	0.02593	0.01519	0.01202	0.01690	0.00379	0.14880	0.00998	0.00501	0.01463
9	0.02796	0.02090	0.08800	0.02164	0.02798	0.01626	0.05847	0.03495	0.06759	0.20023	0.04520	0.25851	0.04266	0.02093	0.01222	0.00385	0.00966	0.01871	0.01023	0.01404

[dist]
# distance from previous block
# <min> <max>
3	12

[block]
# block no. 7 follows, 12 sequences, length 21
# corresponding to MSA columns:
# 505-525
name=unknown_H
#
# <colnr> <probs for GDERKNQSTAVLIFYWHMCP>
#	G	D	E	R	K	N	Q	S	T	A	V	L	I	F	Y	W	H	M	C	P
0	0.02894	0.20077	0.03752	0.20924	0.04414	0.08094	0.02221	0.03875	0.11769	0.08135	0.02481	0.02771	0.01901	0.01144	0.00969	0.00316	0.01257	0.00892	0.00686	0.01429
1	0.01480	0.01042	0.01238	0.01305	0.01379	0.01016	0.00822	0.01590	0.01837	0.02419	0.04990	0.21652	0.10745	0.35522	0.07483	0.00859	0.01012	0.02045	0.00791	0.00773
2	0.04022	0.02439	0.03406	0.02592	0.03462	0.02436	0.10264	0.18019	0.09514	0.26796	0.03481	0.03312	0.02355	0.01279	0.01129	0.00344	0.01154	0.01113	0.01110	0.01773
3	0.09265	0.14625	0.03155	0.16087	0.03768	0.02492	0.01907	0.03834	0.06509	0.17610	0.02808	0.02979	0.02033	0.01169	0.00942	0.00317	0.01057	0.00913	0.07083	0.01447
4	0.02206	0.01712	0.02773	0.24341	0.08713	0.01846	0.04762	0.02770	0.02426	0.08189	0.08168	0.14287	0.03979	0.01827	0.01220	0.00386	0.01131	0.07238	0.00794	0.01233
5	0.02707	0.15234	0.03966	0.28323	0.13673	0.07500	0.02670	0.07575	0.02585	0.03235	0.01909	0.02522	0.01520	0.01060	0.00997	0.00319	0.01385	0.00867	0.00552	0.01401
6	0.02732	0.02115	0.02207	0.01722	0.02455	0.06201	0.01338	0.07484	0.02600	0.08543	0.02529	0.03152	0.02109	0.08214	0.01435	0.00318	0.00954	0.00870	0.06929	0.36093
7	0.32244	0.01872	0.01967	0.01740	0.02210	0.02140	0.01403	0.03189	0.02103	0.12610	0.02697	0.09464	0.02351	0.01537	0.01351	0.00367	0.11175	0.01078	0.07259	0.01244
8	0.04360	0.01876	0.02468	0.01900	0.02714	0.01646	0.01558	0.07406	0.03150	0.44295	0.07628	0.03837	0.03103	0.01361	0.01083	0.00321	0.00902	0.01112	0.01258	0.08023
9	0.01395	0.01075	0.01275	0.01296	0.01556	0.00955	0.00945	0.01745	0.02633	0.03461	0.26662	0.20318	0.27366	0.02695	0.01310	0.00374	0.00555	0.02344	0.01085	0.00955
10	0.03900	0.01987	0.02474	0.01931	0.02689	0.01866	0.01573	0.14268	0.03462	0.31431	0.12542	0.04127	0.03758	0.01446	0.01102	0.00320	0.00902	0.01185	0.01203	0.07835
11	0.01933	0.01767	0.02924	0.49126	0.06486	0.02157	0.02680	0.02567	0.02164	0.02785	0.02641	0.12931	0.02448	0.01492	0.01142	0.00377	0.01312	0.01337	0.00576	0.01155
12	0.15480	0.02775	0.02912	0.02268	0.03104	0.03048	0.01873	0.38521	0.04368	0.11232	0.02590	0.02577	0.01819	0.01262	0.01019	0.00330	0.01112	0.00925	0.01044	0.01738
13	0.02781	0.01470	0.01921	0.01749	0.02205	0.01385	0.01377	0.03445	0.07498	0.21409	0.18222	0.15898	0.06024	0.02163	0.01251	0.00381	0.00769	0.07520	0.01185	0.01347
14	0.02657	0.01327	0.01799	0.01726	0.02108	0.01205	0.01333	0.03005	0.02604	0.21451	0.09826	0.28742	0.05778	0.02524	0.01296	0.00406	0.00781	0.09030	0.01146	0.01255
15	0.03039	0.02118	0.02956	0.02490	0.02754	0.02649	0.02062	0.03345	0.02101	0.18072	0.02407	0.02949	0.01922	0.02330	0.07868	0.00555	0.37261	0.01016	0.00741	0.01366
16	0.02741	0.01509	0.01959	0.01764	0.02153	0.01509	0.01337	0.08802	0.02572	0.17160	0.03929	0.17048	0.03691	0.09262	0.13784	0.05678	0.01332	0.01590	0.00947	0.01231
17	0.02094	0.02248	0.11833	0.02412	0.03042	0.01623	0.10618	0.02690	0.02465	0.08129	0.10191	0.24329	0.05070	0.02188	0.01282	0.00396	0.01066	0.06202	0.00887	0.01233
18	0.01693	0.01245	0.01515	0.01561	0.01790	0.01210	0.01118	0.07525	0.02659	0.03545	0.13992	0.39213	0.12996	0.02893	0.01326	0.00404	0.00671	0.02566	0.01052	0.01028
19	0.02564	0.01811	0.02096	0.01946	0.02418	0.01908	0.01529	0.11333	0.16244	0.09110	0.05252	0.19309	0.08649	0.02242	0.01247	0.00397	0.00864	0.08616	0.01082	0.01382
20	0.08668	0.02139	0.03093	0.02990	0.12009	0.02156	0.06608	0.03039	0.02348	0.07173	0.08247	0.03179	0.02673	0.01262	0.01444	0.00314	0.11134	0.01002	0.00706	0.19814

[dist]
# distance from previous block
# <min> <max>
6	124

[block]
# block no. 8 follows, 12 sequences, length 8
# corresponding to MSA columns:
# 678-685
name=unknown_I
#
# <colnr> <probs for GDERKNQSTAVLIFYWHMCP>
#	G	D	E	R	K	N	Q	S	T	A	V	L	I	F	Y	W	H	M	C	P
0	0.03023	0.18446	0.14468	0.02202	0.03056	0.02566	0.02215	0.03603	0.02530	0.17155	0.06778	0.04046	0.02935	0.01462	0.01233	0.00341	0.05742	0.05906	0.00815	0.01479
1	0.02323	0.01723	0.02524	0.02598	0.07701	0.01730	0.06156	0.03265	0.11894	0.09097	0.04740	0.21539	0.04730	0.02267	0.01294	0.00413	0.00971	0.12745	0.00977	0.01312
2	0.01586	0.01057	0.01189	0.01189	0.01189	0.01057	0.00661	0.01586	0.01586	0.02114	0.03436	0.07135	0.03964	0.61681	0.05550	0.01057	0.01057	0.01586	0.00661	0.00661
3	0.01784	0.01453	0.02008	0.02525	0.12607	0.01430	0.01478	0.02320	0.06259	0.03214	0.11792	0.23528	0.10810	0.11510	0.01921	0.00486	0.00828	0.02041	0.00894	0.01114
4	0.02578	0.36075	0.29020	0.02441	0.03688	0.03489	0.02868	0.03352	0.02256	0.02976	0.01720	0.02005	0.01391	0.00981	0.00855	0.00285	0.01372	0.00686	0.00464	0.01498
5	0.02452	0.03790	0.22036	0.04128	0.05390	0.02687	0.36168	0.03480	0.02488	0.03480	0.02128	0.02740	0.01568	0.00956	0.01208	0.00361	0.01767	0.01135	0.00523	0.01515
6	0.03913	0.01719	0.02133	0.01710	0.02371	0.01608	0.01388	0.09337	0.03072	0.34214	0.03888	0.03706	0.02639	0.01320	0.00991	0.00310	0.00825	0.01059	0.22205	0.01591
7	0.07863	0.01366	0.01923	0.01699	0.02058	0.01323	0.06409	0.02307	0.02669	0.04058	0.30126	0.13911	0.07070	0.02014	0.01174	0.00347	0.00704	0.01801	0.10112	0.01069

[dist]
# distance from previous block
# <min> <max>
1	68

[block]
# block no. 9 follows, 12 sequences, length 47
# corresponding to MSA columns:
# 757-803
name=unknown_J
#
# <colnr> <probs for GDERKNQSTAVLIFYWHMCP>
#	G	D	E	R	K	N	Q	S	T	A	V	L	I	F	Y	W	H	M	C	P
0	0.03036	0.02365	0.04231	0.08583	0.09301	0.02262	0.21062	0.06388	0.02742	0.15247	0.02920	0.07278	0.02293	0.01234	0.01170	0.00345	0.01351	0.01256	0.00794	0.06141
1	0.41932	0.02139	0.02232	0.15121	0.03556	0.02461	0.01736	0.07913	0.02352	0.08790	0.01953	0.02280	0.01436	0.01087	0.00847	0.00343	0.01028	0.00759	0.00726	0.01309
2	0.08718	0.01942	0.02240	0.01646	0.02570	0.01565	0.01327	0.03158	0.02348	0.11198	0.02241	0.02426	0.01732	0.00904	0.00837	0.00203	0.00828	0.00706	0.00750	0.52660
3	0.01959	0.01256	0.01778	0.01643	0.01882	0.01196	0.05427	0.02229	0.02096	0.07532	0.04271	0.23686	0.04514	0.21291	0.02579	0.00591	0.00882	0.01917	0.12294	0.00975
4	0.16630	0.02198	0.02783	0.02225	0.02912	0.02284	0.08604	0.17059	0.03212	0.09349	0.08186	0.09366	0.07397	0.01602	0.01097	0.00352	0.01024	0.01359	0.00946	0.01415
5	0.02955	0.02200	0.07030	0.02022	0.02674	0.02002	0.01715	0.04556	0.23948	0.17060	0.04328	0.12038	0.03507	0.01668	0.01110	0.00360	0.00883	0.01410	0.06970	0.01564
6	0.01894	0.00947	0.01420	0.01420	0.01420	0.00947	0.00947	0.01420	0.01420	0.01894	0.01894	0.03314	0.01894	0.03788	0.04261	0.68277	0.00947	0.00947	0.00473	0.00473
7	0.02713	0.01467	0.01893	0.01633	0.02110	0.01372	0.01277	0.03446	0.07901	0.20580	0.33705	0.06352	0.07220	0.01879	0.01209	0.00344	0.00679	0.01624	0.01239	0.01357
8	0.02470	0.05266	0.48410	0.03021	0.04526	0.02655	0.03746	0.10357	0.02710	0.03947	0.02052	0.02348	0.01450	0.01075	0.01044	0.00343	0.01552	0.00831	0.00551	0.01647
9	0.02209	0.01960	0.02894	0.23872	0.08911	0.02352	0.02326	0.06917	0.02318	0.03137	0.02873	0.03808	0.06139	0.05791	0.08983	0.00595	0.11944	0.01137	0.00609	0.01226
10	0.01986	0.03570	0.27728	0.02850	0.03896	0.02052	0.13003	0.02842	0.02348	0.03268	0.04049	0.14136	0.10149	0.01687	0.01190	0.00371	0.01331	0.01535	0.00658	0.01352
