[name]
unknown

[dist]
# distance from previous block
# <min> <max>
0	0

[block]
# block no. 0 follows, 16 sequences, length 34
# corresponding to MSA columns:
# 0-33
name=unknown_A
#
# <colnr> <probs for GDERKNQSTAVLIFYWHMCP>
#	G	D	E	R	K	N	Q	S	T	A	V	L	I	F	Y	W	H	M	C	P
0	0.01562	0.01116	0.01562	0.01785	0.02008	0.01116	0.01562	0.02008	0.02231	0.02900	0.05132	0.10933	0.05578	0.02677	0.01339	0.00446	0.00892	0.53369	0.00892	0.00892
1	0.01181	0.00843	0.01125	0.01350	0.01406	0.00787	0.00900	0.01350	0.01856	0.02474	0.05342	0.65306	0.06410	0.03036	0.01237	0.00394	0.00562	0.02755	0.00900	0.00787
2	0.01166	0.00983	0.01011	0.01004	0.01322	0.00827	0.00753	0.01432	0.02259	0.02736	0.14417	0.09134	0.54827	0.02411	0.01145	0.00325	0.00488	0.02018	0.00916	0.00827
3	0.02443	0.01979	0.02242	0.01641	0.02480	0.01735	0.01328	0.16466	0.02669	0.03921	0.01879	0.02092	0.01491	0.00833	0.00783	0.00182	0.00808	0.00651	0.00676	0.53700
4	0.02399	0.02303	0.03934	0.05949	0.59893	0.02303	0.02974	0.02974	0.02207	0.03166	0.01823	0.02399	0.01535	0.00864	0.00960	0.00288	0.01151	0.00864	0.00480	0.01535
5	0.02495	0.02177	0.03744	0.05072	0.45906	0.02137	0.07185	0.03065	0.02303	0.08459	0.06075	0.02840	0.02145	0.00969	0.00989	0.00293	0.01113	0.00960	0.00588	0.01483
6	0.03620	0.04619	0.02747	0.02497	0.02996	0.62047	0.01873	0.03870	0.02747	0.02372	0.01498	0.01748	0.01248	0.00999	0.00874	0.00250	0.01748	0.00624	0.00499	0.01124
7	0.01830	0.01723	0.02907	0.63609	0.06675	0.02153	0.02692	0.02476	0.01938	0.02476	0.01723	0.02584	0.01292	0.00969	0.00969	0.00323	0.01292	0.00861	0.00431	0.01077
8	0.02419	0.02586	0.03134	0.33582	0.19601	0.16933	0.02564	0.02949	0.02207	0.02630	0.01693	0.02330	0.01344	0.00949	0.00943	0.00296	0.01368	0.00804	0.00460	0.01207
9	0.02376	0.08471	0.47780	0.02522	0.03805	0.02220	0.03107	0.03326	0.02159	0.12332	0.02051	0.02217	0.01419	0.00960	0.00910	0.00299	0.01308	0.00745	0.00538	0.01455
10	0.01459	0.01083	0.01371	0.01283	0.01538	0.01040	0.00967	0.02109	0.07409	0.03901	0.54713	0.06935	0.08624	0.01925	0.01130	0.00307	0.00483	0.01697	0.01060	0.00967
11	0.01385	0.01038	0.01558	0.01558	0.01731	0.01211	0.01211	0.01731	0.01558	0.02250	0.02596	0.03808	0.02423	0.07269	0.62098	0.01558	0.02596	0.01038	0.00519	0.00865
12	0.02399	0.02303	0.03934	0.05949	0.59893	0.02303	0.02974	0.02974	0.02207	0.03166	0.01823	0.02399	0.01535	0.00864	0.00960	0.00288	0.01151	0.00864	0.00480	0.01535
13	0.01991	0.01382	0.02306	0.01960	0.02342	0.01428	0.10139	0.02395	0.01854	0.11386	0.02713	0.03701	0.02337	0.09102	0.39048	0.01123	0.02058	0.01070	0.00624	0.01040
14	0.01181	0.00843	0.01125	0.01350	0.01406	0.00787	0.00900	0.01350	0.01856	0.02474	0.05342	0.65306	0.06410	0.03036	0.01237	0.00394	0.00562	0.02755	0.00900	0.00787
15	0.01409	0.00940	0.01057	0.01057	0.01057	0.00940	0.00587	0.01409	0.01409	0.01879	0.03054	0.06342	0.03524	0.65938	0.04933	0.00940	0.00940	0.01409	0.00587	0.00587
16	0.02729	0.02674	0.03463	0.11527	0.35679	0.12072	0.02588	0.11367	0.02627	0.03412	0.01837	0.02304	0.01478	0.00944	0.00948	0.00286	0.01251	0.00826	0.00553	0.01433
17	0.02049	0.14977	0.51871	0.02584	0.03918	0.02507	0.03269	0.03042	0.02034	0.02942	0.01676	0.01967	0.01230	0.00906	0.00872	0.00291	0.01368	0.00684	0.00410	0.01402
18	0.72785	0.01874	0.01425	0.01275	0.01874	0.02174	0.01050	0.02849	0.01649	0.04348	0.01350	0.01574	0.01050	0.00900	0.00600	0.00300	0.00750	0.00525	0.00600	0.01050
19	0.01372	0.00991	0.01296	0.01219	0.01448	0.00914	0.00914	0.01829	0.02743	0.03887	0.59381	0.07240	0.09145	0.01981	0.01143	0.00305	0.00457	0.01753	0.01067	0.00914
20	0.01250	0.00939	0.01172	0.01308	0.01481	0.00860	0.00964	0.01511	0.02093	0.02711	0.11462	0.36012	0.20919	0.02724	0.01220	0.00376	0.00587	0.10670	0.00914	0.00824
21	0.01623	0.01343	0.02395	0.02049	0.02366	0.01417	0.12865	0.01950	0.01667	0.02344	0.02320	0.03421	0.02106	0.05296	0.40136	0.12164	0.02120	0.01030	0.00498	0.00890
22	0.04348	0.01649	0.02249	0.01724	0.02474	0.01425	0.01425	0.04723	0.02774	0.60564	0.03824	0.03299	0.02399	0.01200	0.00975	0.00300	0.00825	0.00975	0.01200	0.01649
23	0.02109	0.04031	0.40258	0.03918	0.24388	0.02270	0.03361	0.03035	0.02104	0.03105	0.01770	0.02174	0.01339	0.00900	0.00935	0.00300	0.01331	0.00770	0.00435	0.01470
24	0.02399	0.02303	0.03934	0.05949	0.59893	0.02303	0.02974	0.02974	0.02207	0.03166	0.01823	0.02399	0.01535	0.00864	0.00960	0.00288	0.01151	0.00864	0.00480	0.01535
25	0.02591	0.66522	0.05079	0.01658	0.02488	0.03835	0.01658	0.02902	0.01969	0.02280	0.01347	0.01555	0.01244	0.00829	0.00622	0.00207	0.01036	0.00518	0.00415	0.01244
26	0.01402	0.00970	0.01213	0.01213	0.01266	0.01024	0.00781	0.01509	0.01455	0.01994	0.02912	0.05555	0.03182	0.47713	0.22691	0.01132	0.01454	0.01294	0.00566	0.00674
27	0.03626	0.04445	0.02761	0.02472	0.02997	0.56650	0.01870	0.08696	0.02912	0.02714	0.01574	0.01801	0.01285	0.01014	0.00883	0.00253	0.01686	0.00647	0.00542	0.01172
28	0.01181	0.00843	0.01125	0.01350	0.01406	0.00787	0.00900	0.01350	0.01856	0.02474	0.05342	0.65306	0.06410	0.03036	0.01237	0.00394	0.00562	0.02755	0.00900	0.00787
29	0.02457	0.02166	0.08358	0.02593	0.15012	0.01628	0.01832	0.02980	0.02177	0.12213	0.02078	0.02301	0.01588	0.00846	0.00831	0.00216	0.00900	0.00714	0.00636	0.38474
30	0.02451	0.02974	0.16505	0.04151	0.22036	0.02334	0.21820	0.06268	0.02371	0.06636	0.02000	0.02448	0.01504	0.00896	0.01018	0.00307	0.01358	0.00938	0.00539	0.01446
31	0.02120	0.02120	0.02969	0.02545	0.02545	0.02969	0.02120	0.02332	0.01484	0.02332	0.01272	0.02120	0.01272	0.01696	0.03181	0.00424	0.64165	0.00848	0.00424	0.01060
32	0.02161	0.01718	0.02025	0.01454	0.02308	0.01301	0.01166	0.02588	0.02059	0.06862	0.01858	0.02093	0.01498	0.00749	0.00734	0.00154	0.00725	0.00600	0.00615	0.67333
33	0.02165	0.10423	0.50430	0.02612	0.03928	0.02466	0.03244	0.08027	0.02272	0.03279	0.01758	0.02027	0.01268	0.00935	0.00898	0.00296	0.01362	0.00713	0.00462	0.01435

[dist]
# distance from previous block
# <min> <max>
1	9

[block]
# block no. 1 follows, 16 sequences, length 69
# corresponding to MSA columns:
# 43-111
name=unknown_B
#
# <colnr> <probs for GDERKNQSTAVLIFYWHMCP>
#	G	D	E	R	K	N	Q	S	T	A	V	L	I	F	Y	W	H	M	C	P
0	0.30822	0.27181	0.10325	0.01622	0.02437	0.02749	0.01609	0.02862	0.01853	0.03290	0.01429	0.01663	0.01180	0.00860	0.00659	0.00252	0.00943	0.00550	0.00502	0.07211
1	0.01372	0.00991	0.01296	0.01219	0.01448	0.00914	0.00914	0.01829	0.02743	0.03887	0.59381	0.07240	0.09145	0.01981	0.01143	0.00305	0.00457	0.01753	0.01067	0.00914
2	0.02132	0.01803	0.02147	0.05990	0.02670	0.01492	0.01316	0.06809	0.02210	0.03347	0.01771	0.02077	0.01442	0.00772	0.00756	0.00168	0.00787	0.00619	0.00596	0.61096
3	0.03620	0.04619	0.02747	0.02497	0.02996	0.62047	0.01873	0.03870	0.02747	0.02372	0.01498	0.01748	0.01248	0.00999	0.00874	0.00250	0.01748	0.00624	0.00499	0.01124
4	0.01181	0.00843	0.01125	0.01350	0.01406	0.00787	0.00900	0.01350	0.01856	0.02474	0.05342	0.65306	0.06410	0.03036	0.01237	0.00394	0.00562	0.02755	0.00900	0.00787
5	0.02172	0.03195	0.20247	0.03520	0.04490	0.02467	0.34788	0.02991	0.02114	0.02991	0.01808	0.02394	0.01378	0.00964	0.01359	0.00335	0.10032	0.00988	0.00459	0.01308
6	0.01372	0.00991	0.01296	0.01219	0.01448	0.00914	0.00914	0.01829	0.02743	0.03887	0.59381	0.07240	0.09145	0.01981	0.01143	0.00305	0.00457	0.01753	0.01067	0.00914
7	0.01148	0.00973	0.00991	0.01005	0.01315	0.00816	0.00747	0.01388	0.02187	0.02609	0.09540	0.12812	0.56194	0.02491	0.01151	0.00331	0.00495	0.02090	0.00900	0.00816
8	0.02399	0.02303	0.03934	0.05949	0.59893	0.02303	0.02974	0.02974	0.02207	0.03166	0.01823	0.02399	0.01535	0.00864	0.00960	0.00288	0.01151	0.00864	0.00480	0.01535
9	0.01181	0.00843	0.01125	0.01350	0.01406	0.00787	0.00900	0.01350	0.01856	0.02474	0.05342	0.65306	0.06410	0.03036	0.01237	0.00394	0.00562	0.02755	0.00900	0.00787
10	0.01531	0.01094	0.01527	0.01750	0.01960	0.01089	0.01508	0.01955	0.02201	0.02866	0.05149	0.15311	0.05645	0.02706	0.01331	0.00442	0.00866	0.49293	0.00893	0.00884
11	0.02288	0.02614	0.05719	0.04085	0.05065	0.02451	0.56373	0.03105	0.02288	0.03105	0.01961	0.02614	0.01471	0.00817	0.01144	0.00327	0.01634	0.01144	0.00490	0.01307
12	0.03684	0.02715	0.02909	0.02230	0.03006	0.03006	0.01842	0.56661	0.04557	0.06108	0.02327	0.02327	0.01648	0.01163	0.00970	0.00291	0.01067	0.00873	0.00970	0.01648
13	0.01402	0.00945	0.01099	0.01133	0.01154	0.00940	0.00683	0.01448	0.01505	0.02001	0.03388	0.11422	0.03904	0.56304	0.04376	0.00860	0.00906	0.05271	0.00634	0.00625
14	0.02298	0.02155	0.03481	0.09818	0.44980	0.02228	0.02652	0.03151	0.09420	0.03265	0.05276	0.02839	0.02120	0.00992	0.00974	0.00297	0.01075	0.00943	0.00574	0.01464
15	0.03684	0.02715	0.02909	0.02230	0.03006	0.03006	0.01842	0.56661	0.04557	0.06108	0.02327	0.02327	0.01648	0.01163	0.00970	0.00291	0.01067	0.00873	0.00970	0.01648
16	0.02345	0.02296	0.04061	0.09904	0.49874	0.02309	0.08968	0.02953	0.02197	0.03110	0.01831	0.02436	0.01510	0.00866	0.00981	0.00295	0.01216	0.00895	0.00477	0.01476
17	0.11788	0.04363	0.48928	0.02491	0.03764	0.02186	0.03093	0.03148	0.02040	0.07021	0.01823	0.02064	0.01280	0.00936	0.00880	0.00306	0.01299	0.00707	0.00487	0.01394
18	0.01253	0.00896	0.01203	0.01352	0.01424	0.00894	0.00920	0.01435	0.01734	0.02347	0.04473	0.44793	0.05208	0.12494	0.14064	0.00704	0.01026	0.02224	0.00780	0.00776
19	0.01372	0.00991	0.01296	0.01219	0.01448	0.00914	0.00914	0.01829	0.02743	0.03887	0.59381	0.07240	0.09145	0.01981	0.01143	0.00305	0.00457	0.01753	0.01067	0.00914
20	0.02633	0.02600	0.02668	0.02921	0.14891	0.13457	0.01905	0.04447	0.35884	0.03552	0.03036	0.03009	0.02336	0.01160	0.00960	0.00305	0.01031	0.00959	0.00787	0.01458
21	0.01967	0.04855	0.57275	0.02850	0.04252	0.02264	0.07064	0.03072	0.02062	0.03072	0.01754	0.02084	0.01244	0.00914	0.00936	0.00308	0.01446	0.00744	0.00415	0.01424
22	0.01662	0.01565	0.02529	0.41833	0.05029	0.01788	0.05502	0.02203	0.02038	0.02557	0.04069	0.04528	0.18066	0.01387	0.01031	0.00324	0.01083	0.01220	0.00570	0.01017
23	0.01401	0.00972	0.01223	0.01223	0.01281	0.01030	0.00795	0.01516	0.01459	0.02002	0.02902	0.05500	0.03158	0.46449	0.23923	0.01145	0.01490	0.01286	0.00565	0.00680
24	0.03944	0.02298	0.02651	0.02032	0.02798	0.02387	0.01679	0.36352	0.03860	0.27401	0.02912	0.02707	0.01942	0.01178	0.00972	0.00294	0.00972	0.00913	0.01060	0.01649
25	0.01684	0.00842	0.01263	0.01263	0.01263	0.00842	0.00842	0.01263	0.01263	0.01684	0.01684	0.02946	0.01684	0.03367	0.03788	0.71801	0.00842	0.00842	0.00421	0.00421
26	0.01869	0.01799	0.03147	0.58533	0.06538	0.02179	0.07269	0.02530	0.01968	0.02530	0.01743	0.02587	0.01307	0.00956	0.00984	0.00323	0.01321	0.00885	0.00436	0.01096
27	0.01917	0.01821	0.02579	0.02272	0.02320	0.02483	0.01869	0.02166	0.01505	0.02310	0.01638	0.02587	0.01590	0.03236	0.19462	0.00737	0.47151	0.00901	0.00450	0.01006
28	0.01391	0.01012	0.01426	0.01426	0.01553	0.01140	0.01047	0.01646	0.01519	0.02152	0.02717	0.04476	0.02713	0.22740	0.47024	0.01395	0.02159	0.01136	0.00537	0.00792
29	0.01385	0.01038	0.01558	0.01558	0.01731	0.01211	0.01211	0.01731	0.01558	0.02250	0.02596	0.03808	0.02423	0.07269	0.62098	0.01558	0.02596	0.01038	0.00519	0.00865
30	0.01658	0.00859	0.01288	0.01288	0.01303	0.00873	0.00873	0.01303	0.01288	0.01732	0.01761	0.03020	0.01747	0.03700	0.08760	0.65812	0.00991	0.00859	0.00429	0.00459
31	0.01401	0.00974	0.01233	0.01233	0.01293	0.01035	0.00806	0.01522	0.01461	0.02009	0.02893	0.05453	0.03137	0.45356	0.24987	0.01156	0.01521	0.01279	0.00563	0.00685
32	0.01181	0.00843	0.01125	0.01350	0.01406	0.00787	0.00900	0.01350	0.01856	0.02474	0.05342	0.65306	0.06410	0.03036	0.01237	0.00394	0.00562	0.02755	0.00900	0.00787
33	0.02411	0.02082	0.02192	0.01972	0.02520	0.02411	0.01534	0.05150	0.58142	0.04054	0.03945	0.03616	0.02959	0.01315	0.00986	0.00329	0.00767	0.01096	0.00986	0.01534
34	0.03081	0.37075	0.03969	0.02057	0.02730	0.31526	0.01760	0.03363	0.02339	0.02324	0.01419	0.01647	0.01246	0.00910	0.00742	0.00227	0.01375	0.00569	0.00455	0.01187
35	0.02628	0.03566	0.27334	0.03412	0.18187	0.02510	0.02859	0.20480	0.02904	0.04083	0.01952	0.02229	0.01444	0.00985	0.00947	0.00297	0.01241	0.00805	0.00610	0.01529
36	0.72785	0.01874	0.01425	0.01275	0.01874	0.02174	0.01050	0.02849	0.01649	0.04348	0.01350	0.01574	0.01050	0.00900	0.00600	0.00300	0.00750	0.00525	0.00600	0.01050
37	0.01145	0.00982	0.00982	0.00982	0.01309	0.00818	0.00736	0.01391	0.02209	0.02618	0.09818	0.09327	0.59499	0.02455	0.01145	0.00327	0.00491	0.02045	0.00900	0.00818
38	0.02107	0.20470	0.46885	0.02485	0.03766	0.02649	0.03098	0.03027	0.02027	0.02871	0.01641	0.01923	0.01232	0.00898	0.00846	0.00282	0.01333	0.00666	0.00411	0.01385
39	0.01387	0.01027	0.01499	0.01499	0.01652	0.01180	0.01139	0.01693	0.01540	0.02207	0.02649	0.04102	0.02551	0.14087	0.55454	0.01486	0.02404	0.01082	0.00527	0.00833
40	0.01181	0.00843	0.01125	0.01350	0.01406	0.00787	0.00900	0.01350	0.01856	0.02474	0.05342	0.65306	0.06410	0.03036	0.01237	0.00394	0.00562	0.02755	0.00900	0.00787
41	0.01830	0.01723	0.02907	0.63609	0.06675	0.02153	0.02692	0.02476	0.01938	0.02476	0.01723	0.02584	0.01292	0.00969	0.00969	0.00323	0.01292	0.00861	0.00431	0.01077
42	0.01944	0.05013	0.60917	0.02762	0.04195	0.02251	0.03581	0.03069	0.02046	0.03069	0.01739	0.02046	0.01228	0.00921	0.00921	0.00307	0.01432	0.00716	0.00409	0.01432
43	0.01387	0.01027	0.01499	0.01499	0.01652	0.01180	0.01138	0.01693	0.01540	0.02206	0.02650	0.04105	0.02552	0.14144	0.55399	0.01485	0.02402	0.01082	0.00527	0.00833
44	0.01181	0.00843	0.01125	0.01350	0.01406	0.00787	0.00900	0.01350	0.01856	0.02474	0.05342	0.65306	0.06410	0.03036	0.01237	0.00394	0.00562	0.02755	0.00900	0.00787
45	0.03673	0.04405	0.02711	0.02441	0.02959	0.57669	0.01840	0.03932	0.02749	0.06575	0.01666	0.01860	0.01332	0.01013	0.00881	0.00253	0.01681	0.00650	0.00550	0.01162
46	0.01181	0.00843	0.01125	0.01350	0.01406	0.00787	0.00900	0.01350	0.01856	0.02474	0.05342	0.65306	0.06410	0.03036	0.01237	0.00394	0.00562	0.02755	0.00900	0.00787
47	0.13291	0.01941	0.02095	0.01566	0.02370	0.01764	0.01269	0.13134	0.02453	0.03921	0.01783	0.02005	0.01418	0.00833	0.00749	0.00197	0.00791	0.00625	0.00656	0.47138
48	0.03700	0.02120	0.02496	0.01897	0.02676	0.02085	0.01562	0.26741	0.03424	0.28224	0.02854	0.02681	0.01927	0.01109	0.00933	0.00272	0.00912	0.00869	0.01004	0.12515
49	0.02214	0.30632	0.37660	0.02303	0.03484	0.02911	0.02780	0.03000	0.02014	0.02741	0.01576	0.01842	0.01234	0.00883	0.00796	0.00265	0.01267	0.00634	0.00411	0.01354
50	0.01274	0.00987	0.01160	0.01117	0.01388	0.00873	0.00838	0.01640	0.02513	0.03340	0.38033	0.08139	0.30834	0.02185	0.01144	0.00315	0.00472	0.01879	0.00995	0.00873
51	0.01372	0.00991	0.01296	0.01219	0.01448	0.00914	0.00914	0.01829	0.02743	0.03887	0.59381	0.07240	0.09145	0.01981	0.01143	0.00305	0.00457	0.01753	0.01067	0.00914
52	0.02010	0.01723	0.02010	0.01436	0.02297	0.01292	0.01148	0.02440	0.02010	0.03158	0.01723	0.02010	0.01436	0.00718	0.00718	0.00144	0.00718	0.00574	0.00574	0.71863
53	0.04005	0.07970	0.02623	0.01924	0.02614	0.17728	0.01563	0.04341	0.02698	0.40141	0.02995	0.02738	0.01995	0.01115	0.00918	0.00279	0.01088	0.00843	0.00947	0.01475
54	0.02411	0.02082	0.02192	0.01972	0.02520	0.02411	0.01534	0.05150	0.58142	0.04054	0.03945	0.03616	0.02959	0.01315	0.00986	0.00329	0.00767	0.01096	0.00986	0.01534
55	0.01181	0.00843	0.01125	0.01350	0.01406	0.00787	0.00900	0.01350	0.01856	0.02474	0.05342	0.65306	0.06410	0.03036	0.01237	0.00394	0.00562	0.02755	0.00900	0.00787
56	0.02271	0.02121	0.03572	0.05313	0.51050	0.02121	0.02759	0.02827	0.02211	0.03126	0.02328	0.03702	0.02153	0.01141	0.01017	0.00312	0.01112	0.08884	0.00543	0.01437
57	0.02399	0.02303	0.03934	0.05949	0.59893	0.02303	0.02974	0.02974	0.02207	0.03166	0.01823	0.02399	0.01535	0.00864	0.00960	0.00288	0.01151	0.00864	0.00480	0.01535
58	0.03775	0.02569	0.02819	0.02161	0.02933	0.02789	0.01785	0.49560	0.04313	0.13554	0.02532	0.02460	0.01751	0.01168	0.00970	0.00292	0.01033	0.00887	0.01001	0.01648
59	0.03293	0.02638	0.02357	0.02042	0.02635	0.18118	0.01593	0.04684	0.27359	0.19861	0.03254	0.03024	0.02339	0.01197	0.00953	0.00299	0.01047	0.00934	0.00917	0.01457
60	0.01830	0.01723	0.02907	0.63609	0.06675	0.02153	0.02692	0.02476	0.01938	0.02476	0.01723	0.02584	0.01292	0.00969	0.00969	0.00323	0.01292	0.00861	0.00431	0.01077
61	0.02330	0.01713	0.02043	0.01475	0.02321	0.01310	0.01186	0.02753	0.02114	0.11007	0.02010	0.02186	0.01567	0.00784	0.00753	0.00165	0.00732	0.00629	0.00660	0.62263
62	0.01669	0.01155	0.01446	0.01380	0.01727	0.00978	0.01000	0.01930	0.01998	0.07619	0.04545	0.39533	0.08235	0.02226	0.01071	0.00315	0.00621	0.01978	0.00839	0.19737
63	0.12762	0.03761	0.36341	0.02328	0.03400	0.02282	0.02655	0.03589	0.16882	0.03524	0.02266	0.02392	0.01660	0.01022	0.00890	0.00312	0.01153	0.00788	0.00591	0.01402
64	0.01893	0.02266	0.11747	0.49780	0.10586	0.02180	0.02849	0.02606	0.01976	0.02621	0.01733	0.02488	0.01302	0.00953	0.00961	0.00318	0.01302	0.00840	0.00431	0.01167
65	0.30627	0.06383	0.13481	0.11060	0.03179	0.02188	0.01866	0.02929	0.05352	0.03521	0.01691	0.02000	0.01301	0.00912	0.00758	0.00281	0.00978	0.00654	0.00547	0.10292
66	0.10402	0.01637	0.01844	0.01514	0.02149	0.01485	0.01209	0.02822	0.08602	0.07127	0.02628	0.03733	0.02336	0.06346	0.01172	0.00297	0.00775	0.07525	0.00710	0.35688
67	0.32014	0.02219	0.09935	0.05702	0.02710	0.01878	0.01606	0.03233	0.02039	0.17033	0.02061	0.02173	0.01463	0.00951	0.00773	0.00279	0.00892	0.00686	0.00699	0.11655
68	0.08532	0.13556	0.02649	0.08900	0.02829	0.01952	0.01571	0.03282	0.02260	0.22671	0.02846	0.03712	0.02292	0.01236	0.00899	0.00287	0.00909	0.08493	0.00791	0.10332

[dist]
# distance from previous block
# <min> <max>
12	78

# created by:
# /st0/software/busco_prod/Augustus/scripts/msa2prfl.pl ./align_prep/9180.fa
