[name]
unknown

[dist]
# distance from previous block
# <min> <max>
0	18

[block]
# block no. 0 follows, 11 sequences, length 12
# corresponding to MSA columns:
# 34-45
name=unknown_A
#
# <colnr> <probs for GDERKNQSTAVLIFYWHMCP>
#	G	D	E	R	K	N	Q	S	T	A	V	L	I	F	Y	W	H	M	C	P
0	0.19345	0.01431	0.01564	0.01604	0.01960	0.01451	0.01214	0.02491	0.02276	0.08546	0.05222	0.30138	0.09036	0.02567	0.01216	0.00418	0.00773	0.06654	0.00987	0.01108
1	0.02421	0.22799	0.22246	0.10776	0.04377	0.03044	0.05992	0.03195	0.02324	0.03092	0.02316	0.08247	0.02084	0.01288	0.01019	0.00333	0.01399	0.01059	0.00546	0.01443
2	0.02497	0.14325	0.27388	0.02446	0.03531	0.02483	0.02764	0.03314	0.02485	0.07955	0.07840	0.04239	0.03111	0.05606	0.01411	0.00400	0.01306	0.04737	0.00699	0.01462
3	0.02442	0.01600	0.02142	0.01924	0.02217	0.01741	0.01510	0.02791	0.02562	0.13652	0.16870	0.16356	0.10267	0.02330	0.01904	0.00411	0.15169	0.01852	0.01025	0.01237
4	0.01578	0.01163	0.01599	0.07401	0.02320	0.01180	0.01336	0.01855	0.02152	0.02840	0.05247	0.35825	0.06051	0.13430	0.02197	0.00574	0.00890	0.10512	0.00922	0.00930
5	0.02975	0.07342	0.11187	0.23338	0.11229	0.08695	0.02907	0.08073	0.02794	0.07722	0.02229	0.02728	0.01661	0.01139	0.01075	0.00342	0.01472	0.00929	0.00647	0.01516
6	0.02892	0.46285	0.11164	0.02806	0.10578	0.03984	0.02402	0.03404	0.02338	0.02903	0.01697	0.02014	0.01492	0.00981	0.00819	0.00268	0.01275	0.00687	0.00492	0.01519
7	0.02142	0.01206	0.01574	0.01594	0.01879	0.01084	0.01150	0.02429	0.02520	0.13561	0.11001	0.37755	0.11907	0.02894	0.01352	0.00416	0.00694	0.02570	0.01135	0.01138
8	0.10158	0.02327	0.03421	0.32854	0.15740	0.02685	0.02828	0.09956	0.02725	0.03910	0.02078	0.02779	0.01587	0.01125	0.01074	0.00358	0.01357	0.00958	0.00627	0.01453
9	0.03040	0.02448	0.03687	0.20424	0.07917	0.02676	0.09678	0.10887	0.13224	0.09915	0.02975	0.03297	0.02164	0.01239	0.01161	0.00366	0.01323	0.01125	0.00844	0.01608
10	0.03182	0.02758	0.04682	0.05341	0.30791	0.02741	0.13413	0.10500	0.03047	0.08729	0.02449	0.02924	0.01876	0.01077	0.01166	0.00346	0.01414	0.01089	0.00719	0.01755
11	0.01827	0.01054	0.01422	0.01452	0.01482	0.01054	0.00970	0.01625	0.01655	0.02196	0.02970	0.05864	0.03221	0.23617	0.04539	0.36448	0.01024	0.06341	0.00619	0.00619

[dist]
# distance from previous block
# <min> <max>
2	6

[block]
# block no. 1 follows, 11 sequences, length 21
# corresponding to MSA columns:
# 52-72
name=unknown_B
#
# <colnr> <probs for GDERKNQSTAVLIFYWHMCP>
#	G	D	E	R	K	N	Q	S	T	A	V	L	I	F	Y	W	H	M	C	P
0	0.02748	0.01501	0.02088	0.02251	0.07574	0.01403	0.01485	0.03056	0.02456	0.18588	0.04639	0.21092	0.04610	0.14591	0.02226	0.00550	0.00948	0.05897	0.01022	0.01277
1	0.10551	0.08796	0.04432	0.03056	0.04013	0.03288	0.16306	0.26125	0.03832	0.05374	0.02338	0.02620	0.01730	0.01158	0.01101	0.00342	0.01395	0.01024	0.00847	0.01673
2	0.28716	0.03275	0.18174	0.02650	0.08221	0.02386	0.02421	0.03852	0.02390	0.14666	0.02355	0.02505	0.01663	0.01120	0.00941	0.00349	0.01175	0.00824	0.00760	0.01554
3	0.21368	0.02222	0.06823	0.01885	0.02421	0.02115	0.01602	0.06517	0.02264	0.10592	0.02528	0.03600	0.02204	0.13846	0.02562	0.07706	0.06746	0.01021	0.00758	0.01218
4	0.02821	0.03552	0.23963	0.08392	0.04160	0.02096	0.02750	0.03666	0.02519	0.13595	0.02494	0.02721	0.01773	0.01073	0.01021	0.00303	0.01271	0.00863	0.00715	0.20254
5	0.15565	0.03131	0.08543	0.02413	0.03376	0.08198	0.06649	0.12205	0.02948	0.04471	0.02053	0.02349	0.01583	0.01045	0.00957	0.00289	0.01242	0.00812	0.00721	0.21450
6	0.02667	0.01377	0.01771	0.01612	0.02005	0.01253	0.01221	0.02999	0.02655	0.19265	0.14160	0.12099	0.10274	0.14549	0.02229	0.00536	0.00849	0.06143	0.01113	0.01223
7	0.02126	0.01522	0.02039	0.02263	0.07472	0.01562	0.01460	0.06665	0.07272	0.03440	0.09057	0.20975	0.04676	0.02836	0.02193	0.19810	0.00885	0.01801	0.00869	0.01078
8	0.02637	0.26414	0.19598	0.02819	0.03801	0.03534	0.07798	0.03312	0.02234	0.03030	0.01755	0.02243	0.01474	0.01205	0.01516	0.00342	0.13496	0.00828	0.00491	0.01471
9	0.15756	0.02685	0.02327	0.01998	0.02609	0.13247	0.01574	0.12250	0.03294	0.09949	0.13861	0.04466	0.08284	0.01595	0.01083	0.00338	0.01092	0.01230	0.00976	0.01387
10	0.01915	0.01121	0.01475	0.01498	0.01680	0.01041	0.01043	0.02023	0.02243	0.07971	0.11684	0.25758	0.10081	0.08406	0.02414	0.14862	0.00769	0.02138	0.00953	0.00925
11	0.02211	0.02128	0.03871	0.09136	0.13223	0.02090	0.16825	0.02890	0.02629	0.03529	0.08979	0.06284	0.09064	0.01746	0.01314	0.00396	0.01304	0.10272	0.00771	0.01338
12	0.43671	0.02188	0.02467	0.07449	0.03203	0.02386	0.05919	0.03709	0.02267	0.14102	0.02225	0.02439	0.01591	0.01111	0.00880	0.00354	0.01044	0.00814	0.00799	0.01383
13	0.01637	0.01091	0.01228	0.01228	0.01228	0.01091	0.00682	0.01637	0.01637	0.02182	0.03546	0.07365	0.04092	0.60445	0.05729	0.01091	0.01091	0.01637	0.00682	0.00682
14	0.02186	0.01293	0.01631	0.01521	0.01891	0.01209	0.01150	0.02515	0.02474	0.13172	0.10909	0.11200	0.20360	0.09065	0.13468	0.00750	0.01224	0.01839	0.01004	0.01137
15	0.03213	0.02304	0.03205	0.02679	0.02931	0.02927	0.02228	0.03514	0.02158	0.17654	0.02337	0.02860	0.01857	0.01803	0.02950	0.00451	0.41718	0.01028	0.00754	0.01430
16	0.05050	0.01915	0.02612	0.02003	0.02873	0.01654	0.01654	0.05485	0.03221	0.54203	0.04440	0.03831	0.02786	0.01393	0.01132	0.00348	0.00958	0.01132	0.01393	0.01915
17	0.01509	0.01147	0.01388	0.01328	0.01630	0.01026	0.00996	0.01962	0.02988	0.04043	0.39609	0.09181	0.24134	0.02476	0.01328	0.00362	0.00543	0.02144	0.01177	0.01026
18	0.03009	0.61122	0.05898	0.01926	0.02889	0.04454	0.01926	0.03370	0.02287	0.02648	0.01565	0.01805	0.01444	0.00963	0.00722	0.00241	0.01204	0.00602	0.00481	0.01444
19	0.01955	0.00978	0.01466	0.01466	0.01466	0.00978	0.00978	0.01466	0.01466	0.01955	0.01955	0.03421	0.01955	0.03910	0.04399	0.67253	0.00978	0.00978	0.00489	0.00489
20	0.03096	0.02600	0.03374	0.15021	0.14206	0.02918	0.02507	0.17860	0.17489	0.04827	0.02983	0.03217	0.02242	0.01285	0.01129	0.00358	0.01213	0.01084	0.00886	0.01709

[dist]
# distance from previous block
# <min> <max>
0	1

[block]
# block no. 2 follows, 11 sequences, length 112
# corresponding to MSA columns:
# 74-185
name=unknown_C
#
# <colnr> <probs for GDERKNQSTAVLIFYWHMCP>
#	G	D	E	R	K	N	Q	S	T	A	V	L	I	F	Y	W	H	M	C	P
0	0.02358	0.13205	0.48109	0.03037	0.04607	0.02860	0.03860	0.03539	0.02364	0.03442	0.01959	0.02300	0.01428	0.01055	0.01023	0.00341	0.01602	0.00801	0.00476	0.01634
1	0.10871	0.02364	0.02880	0.31155	0.05352	0.07679	0.02344	0.03085	0.02324	0.03337	0.01919	0.02588	0.01500	0.01047	0.00987	0.00312	0.01309	0.00840	0.00574	0.17534
2	0.01955	0.00978	0.01466	0.01466	0.01466	0.00978	0.00978	0.01466	0.01466	0.01955	0.01955	0.03421	0.01955	0.03910	0.04399	0.67253	0.00978	0.00978	0.00489	0.00489
3	0.01342	0.01093	0.01189	0.01266	0.01553	0.00940	0.00911	0.01601	0.02445	0.02991	0.09875	0.25185	0.39599	0.03049	0.01361	0.00403	0.00594	0.02617	0.01045	0.00940
4	0.02311	0.02101	0.03375	0.08682	0.10055	0.02095	0.12435	0.08873	0.02926	0.03870	0.08762	0.10652	0.15344	0.01837	0.01264	0.00373	0.01153	0.01697	0.00847	0.01348
5	0.22899	0.01818	0.01960	0.01691	0.02301	0.01836	0.01345	0.07022	0.02781	0.19265	0.08982	0.11440	0.08682	0.01792	0.01078	0.00365	0.00834	0.01442	0.01068	0.01398
6	0.01387	0.01055	0.01278	0.01407	0.01602	0.00946	0.00985	0.01657	0.02428	0.03147	0.14137	0.36792	0.22834	0.03140	0.01387	0.00418	0.00609	0.02773	0.01071	0.00946
7	0.01405	0.01004	0.01345	0.01606	0.01686	0.00944	0.01104	0.01626	0.02188	0.02911	0.06185	0.56091	0.07370	0.03494	0.01446	0.00462	0.00683	0.06482	0.01044	0.00924
8	0.03882	0.01773	0.02262	0.01819	0.02491	0.01641	0.01471	0.08911	0.03314	0.32793	0.14126	0.04705	0.04323	0.01565	0.01127	0.00337	0.00843	0.01295	0.09693	0.01629
9	0.02228	0.01323	0.01533	0.01424	0.01642	0.01320	0.00950	0.02679	0.06767	0.09459	0.07428	0.06367	0.04224	0.36960	0.03876	0.00790	0.00956	0.01507	0.07558	0.01010
10	0.02500	0.02573	0.04064	0.03300	0.03520	0.03331	0.11508	0.02882	0.01904	0.02882	0.01632	0.02573	0.01522	0.01773	0.03237	0.00471	0.47484	0.01051	0.00507	0.01287
11	0.07008	0.01270	0.01602	0.01589	0.01890	0.01197	0.01162	0.02496	0.02604	0.11907	0.18763	0.31747	0.07118	0.02646	0.01301	0.00402	0.00685	0.02339	0.01131	0.01143
12	0.02023	0.01247	0.01538	0.01528	0.01817	0.01211	0.01150	0.02653	0.06171	0.07836	0.19696	0.19724	0.06680	0.02315	0.01222	0.00373	0.00656	0.05226	0.15794	0.01139
13	0.01957	0.01444	0.01773	0.01821	0.02090	0.01475	0.01365	0.08497	0.06534	0.03809	0.10015	0.35873	0.06554	0.02902	0.01380	0.00435	0.00795	0.09053	0.01081	0.01147
14	0.01453	0.01014	0.01282	0.01463	0.01508	0.00969	0.00933	0.01589	0.01996	0.02661	0.05387	0.43623	0.06414	0.21019	0.02756	0.00652	0.00788	0.02719	0.00933	0.00843
15	0.01803	0.01200	0.01469	0.01489	0.01810	0.01074	0.01137	0.02155	0.02644	0.08168	0.15830	0.20971	0.24629	0.02805	0.01365	0.00408	0.00681	0.08188	0.01110	0.01064
16	0.03163	0.01667	0.02027	0.01781	0.02311	0.01611	0.01381	0.07913	0.07566	0.21709	0.05170	0.18339	0.07817	0.02037	0.01178	0.00369	0.00813	0.01737	0.09949	0.01462
17	0.03203	0.01656	0.02087	0.01732	0.02317	0.01529	0.01380	0.08218	0.03334	0.24298	0.23244	0.06323	0.12049	0.01915	0.01230	0.00353	0.00777	0.01617	0.01264	0.01473
18	0.01894	0.01190	0.01486	0.01469	0.01776	0.01060	0.01078	0.02239	0.02691	0.09952	0.20539	0.25276	0.19624	0.02730	0.01339	0.00394	0.00636	0.02390	0.01144	0.01094
19	0.03245	0.02066	0.02627	0.02623	0.09364	0.02073	0.01804	0.14185	0.06869	0.16796	0.08376	0.12898	0.08398	0.01867	0.01208	0.00366	0.00954	0.01594	0.01106	0.01582
20	0.02120	0.01654	0.01932	0.01903	0.02231	0.01822	0.01400	0.03604	0.24525	0.03569	0.04650	0.22585	0.04524	0.03043	0.05897	0.09444	0.00987	0.01869	0.00982	0.01261
21	0.02126	0.02001	0.03376	0.57739	0.07752	0.02501	0.03126	0.02876	0.02251	0.02876	0.02001	0.03001	0.01500	0.01125	0.01125	0.00375	0.01500	0.01000	0.00500	0.01250
22	0.10901	0.02698	0.08431	0.17764	0.20326	0.02766	0.02947	0.03146	0.02210	0.03440	0.01875	0.02611	0.01543	0.01246	0.01595	0.00381	0.13197	0.00932	0.00539	0.01451
23	0.03014	0.02428	0.02808	0.16415	0.04008	0.06431	0.02050	0.20771	0.03413	0.04441	0.06019	0.03594	0.02572	0.06237	0.01923	0.09336	0.01267	0.01105	0.00814	0.01352
24	0.07781	0.10532	0.14753	0.02210	0.03142	0.02579	0.02169	0.11315	0.06622	0.04203	0.06005	0.02996	0.02420	0.01455	0.01301	0.06431	0.01139	0.00929	0.00745	0.11274
25	0.07706	0.02277	0.03089	0.09851	0.08401	0.06876	0.08225	0.03525	0.02716	0.15097	0.07723	0.08315	0.08180	0.01588	0.01171	0.00361	0.01186	0.01400	0.00892	0.01423
26	0.02309	0.01312	0.01631	0.01475	0.01844	0.01204	0.01096	0.02636	0.02594	0.14583	0.16923	0.07417	0.17473	0.14739	0.07188	0.00644	0.00978	0.01762	0.01052	0.01141
27	0.02769	0.03164	0.05850	0.04309	0.05227	0.07792	0.38045	0.03553	0.02566	0.03394	0.02109	0.02859	0.01650	0.01120	0.01652	0.00388	0.10317	0.01222	0.00559	0.01456
28	0.22687	0.01730	0.01868	0.01646	0.02185	0.01775	0.01283	0.03532	0.06372	0.16639	0.14543	0.08847	0.04579	0.05911	0.01399	0.00414	0.00816	0.01384	0.01051	0.01337
29	0.16889	0.01672	0.01959	0.09080	0.02816	0.01768	0.01466	0.03132	0.06004	0.11367	0.12496	0.10562	0.07969	0.06326	0.01470	0.00426	0.00883	0.01507	0.00960	0.01248
30	0.01509	0.01145	0.01402	0.01433	0.01710	0.01038	0.01093	0.01915	0.02773	0.03672	0.27142	0.16335	0.23422	0.02744	0.01373	0.00398	0.00627	0.08144	0.01124	0.01003
31	0.01612	0.01081	0.01235	0.01259	0.01265	0.01075	0.00715	0.01630	0.01684	0.02246	0.03789	0.12154	0.04399	0.55238	0.05336	0.01033	0.01051	0.01780	0.00715	0.00703
32	0.01624	0.01112	0.01357	0.01383	0.01582	0.01051	0.00996	0.01987	0.02549	0.03589	0.23325	0.15910	0.11720	0.12686	0.02066	0.00502	0.00690	0.05455	0.09456	0.00959
33	0.11707	0.01324	0.01407	0.01387	0.01745	0.01257	0.01015	0.02226	0.02336	0.08084	0.07197	0.20518	0.24308	0.08455	0.01690	0.00463	0.00725	0.02122	0.00989	0.01046
34	0.03662	0.01788	0.02204	0.01842	0.02477	0.01702	0.01463	0.08840	0.06839	0.28682	0.04912	0.11755	0.06988	0.01778	0.01143	0.00356	0.00857	0.01485	0.09634	0.01591
35	0.17159	0.01721	0.02074	0.01835	0.02442	0.01674	0.01526	0.03827	0.02788	0.25083	0.10400	0.06159	0.04360	0.01855	0.01168	0.00390	0.00904	0.12052	0.01140	0.01445
36	0.19068	0.01886	0.02085	0.01758	0.02453	0.01831	0.01428	0.03655	0.07221	0.14587	0.09550	0.04524	0.03590	0.01486	0.01027	0.00329	0.00856	0.05567	0.00980	0.16119
37	0.01785	0.01317	0.01530	0.01492	0.01805	0.01306	0.01110	0.02662	0.10724	0.04035	0.25114	0.15273	0.14270	0.02310	0.01242	0.00366	0.00613	0.02006	0.09904	0.01139
38	0.01859	0.01414	0.01627	0.01476	0.01866	0.01347	0.01133	0.08293	0.03249	0.04341	0.31604	0.08496	0.24313	0.02367	0.01302	0.00361	0.00639	0.02018	0.01156	0.01137
39	0.01617	0.01105	0.01438	0.01471	0.01543	0.01160	0.00978	0.01733	0.01745	0.02390	0.03604	0.12855	0.03964	0.32715	0.20888	0.06021	0.01632	0.01654	0.00690	0.00799
40	0.16243	0.02131	0.01872	0.01780	0.02185	0.10681	0.01336	0.03067	0.02387	0.09901	0.03668	0.15359	0.03646	0.10755	0.01785	0.00479	0.01056	0.04913	0.05602	0.01155
41	0.04934	0.02101	0.02727	0.02091	0.02966	0.01930	0.01727	0.12120	0.03532	0.47129	0.04179	0.03661	0.02655	0.01387	0.01131	0.00347	0.01000	0.01114	0.01353	0.01915
42	0.02294	0.05567	0.50224	0.03348	0.04964	0.02635	0.08291	0.03568	0.02402	0.03568	0.02043	0.02437	0.01452	0.01058	0.01093	0.00359	0.01685	0.00877	0.00484	0.01650
43	0.02194	0.02043	0.03292	0.52112	0.07262	0.02531	0.02989	0.03191	0.07238	0.03062	0.02262	0.03122	0.01697	0.01166	0.01127	0.00376	0.01439	0.01028	0.00566	0.01304
44	0.01440	0.01082	0.01347	0.01502	0.01699	0.00989	0.01097	0.01736	0.02425	0.03142	0.12051	0.35016	0.20220	0.03167	0.01413	0.00434	0.00670	0.08554	0.01062	0.00955
45	0.04204	0.05364	0.03190	0.02900	0.03480	0.55926	0.02175	0.04494	0.03190	0.02755	0.01740	0.02030	0.01450	0.01160	0.01015	0.00290	0.02030	0.00725	0.00580	0.01305
46	0.28050	0.02602	0.02740	0.15791	0.07824	0.08011	0.02097	0.09428	0.02702	0.08004	0.02085	0.02462	0.01556	0.01137	0.00951	0.00346	0.01230	0.00835	0.00732	0.01418
47	0.01407	0.00994	0.01296	0.01522	0.01578	0.00938	0.00996	0.01576	0.02086	0.02781	0.05849	0.52722	0.06997	0.11125	0.02010	0.00542	0.00711	0.02991	0.00996	0.00883
48	0.28226	0.01804	0.01955	0.01707	0.02330	0.01818	0.01352	0.03779	0.02487	0.24029	0.03748	0.15644	0.03240	0.01741	0.01035	0.00373	0.00856	0.01399	0.01051	0.01426
49	0.19885	0.09848	0.02982	0.02005	0.02852	0.02654	0.01698	0.15073	0.03273	0.24679	0.02971	0.02823	0.02031	0.01244	0.00973	0.00332	0.01034	0.00910	0.01046	0.01687
50	0.02990	0.08033	0.07742	0.07971	0.15676	0.02650	0.09500	0.07214	0.07420	0.10259	0.02968	0.07413	0.02429	0.01327	0.01139	0.00353	0.01293	0.01216	0.00785	0.01622
51	0.02346	0.02318	0.03520	0.10292	0.03727	0.03067	0.06092	0.02730	0.01875	0.02791	0.01766	0.02778	0.01634	0.02434	0.08474	0.00602	0.40774	0.01036	0.00511	0.01233
52	0.01955	0.00978	0.01466	0.01466	0.01466	0.00978	0.00978	0.01466	0.01466	0.01955	0.01955	0.03421	0.01955	0.03910	0.04399	0.67253	0.00978	0.00978	0.00489	0.00489
53	0.02279	0.03744	0.25086	0.21575	0.05762	0.02497	0.10144	0.03265	0.02371	0.03350	0.02049	0.02678	0.01517	0.01047	0.01102	0.00347	0.01559	0.00944	0.00517	0.08167
54	0.03078	0.02289	0.02889	0.11053	0.07529	0.02502	0.02155	0.19024	0.09692	0.08344	0.03706	0.10147	0.03269	0.01771	0.01217	0.00386	0.01135	0.07260	0.00988	0.01568
55	0.01637	0.01091	0.01228	0.01228	0.01228	0.01091	0.00682	0.01637	0.01637	0.02182	0.03546	0.07365	0.04092	0.60445	0.05729	0.01091	0.01091	0.01637	0.00682	0.00682
56	0.04678	0.02512	0.02981	0.02286	0.03171	0.02540	0.01888	0.26793	0.04220	0.31485	0.03602	0.03287	0.02366	0.01373	0.01129	0.00343	0.01093	0.01075	0.01264	0.01915
57	0.18834	0.02533	0.03084	0.08593	0.15960	0.02813	0.02265	0.13242	0.13248	0.04840	0.02613	0.02857	0.01996	0.01206	0.01024	0.00352	0.01126	0.00967	0.00825	0.01623
58	0.02657	0.03036	0.06641	0.04744	0.05882	0.02846	0.49336	0.03605	0.02657	0.03605	0.02277	0.03036	0.01708	0.00949	0.01328	0.00380	0.01898	0.01328	0.00569	0.01518
59	0.03912	0.10715	0.03386	0.02688	0.03345	0.45723	0.02073	0.04228	0.03020	0.02827	0.01746	0.02035	0.01469	0.01110	0.00969	0.00274	0.01836	0.00707	0.00578	0.07359
60	0.01608	0.01206	0.01809	0.01809	0.02010	0.01407	0.01407	0.02010	0.01809	0.02613	0.03015	0.04422	0.02814	0.08441	0.55984	0.01809	0.03015	0.01206	0.00603	0.01005
61	0.01637	0.01091	0.01228	0.01228	0.01228	0.01091	0.00682	0.01637	0.01637	0.02182	0.03546	0.07365	0.04092	0.60445	0.05729	0.01091	0.01091	0.01637	0.00682	0.00682
62	0.03009	0.61122	0.05898	0.01926	0.02889	0.04454	0.01926	0.03370	0.02287	0.02648	0.01565	0.01805	0.01444	0.00963	0.00722	0.00241	0.01204	0.00602	0.00481	0.01444
63	0.03065	0.03475	0.19640	0.07081	0.10396	0.02410	0.02812	0.10770	0.02961	0.11788	0.02501	0.02738	0.01801	0.01117	0.01056	0.00318	0.01293	0.00911	0.00761	0.13108
64	0.02431	0.02378	0.03977	0.28338	0.05850	0.02722	0.13876	0.03744	0.13477	0.03455	0.02615	0.03242	0.01988	0.01237	0.01369	0.00386	0.05677	0.01140	0.00663	0.01434
65	0.68395	0.02177	0.01654	0.01480	0.02177	0.02525	0.01219	0.03309	0.01915	0.05050	0.01567	0.01828	0.01219	0.01045	0.00697	0.00348	0.00871	0.00609	0.00697	0.01219
66	0.02064	0.01359	0.01811	0.08642	0.02582	0.01300	0.01359	0.02555	0.02933	0.10609	0.30625	0.07645	0.17850	0.02152	0.01276	0.00362	0.00721	0.01858	0.01122	0.01175
67	0.01637	0.01091	0.01228	0.01228	0.01228	0.01091	0.00682	0.01637	0.01637	0.02182	0.03546	0.07365	0.04092	0.60445	0.05729	0.01091	0.01091	0.01637	0.00682	0.00682
68	0.02055	0.01413	0.01720	0.01717	0.02084	0.01380	0.01348	0.02856	0.09911	0.08403	0.13104	0.17864	0.16600	0.02619	0.01353	0.00419	0.00770	0.12072	0.01117	0.01194
69	0.04128	0.03078	0.03293	0.02559	0.03433	0.03420	0.02103	0.45237	0.09970	0.06851	0.02893	0.02854	0.02069	0.01369	0.01128	0.00342	0.01203	0.01040	0.01128	0.01901
70	0.03862	0.01659	0.02196	0.01771	0.02455	0.01442	0.01430	0.04298	0.03130	0.37426	0.15292	0.05669	0.10822	0.01767	0.01198	0.00354	0.00820	0.01477	0.01317	0.01616
71	0.01559	0.01148	0.01465	0.01441	0.01706	0.01054	0.01091	0.02032	0.02983	0.04110	0.40319	0.12772	0.15725	0.02525	0.01353	0.00378	0.00584	0.05537	0.01183	0.01034
72	0.01542	0.01051	0.01411	0.01490	0.01631	0.00985	0.01043	0.01788	0.02496	0.03440	0.25231	0.30636	0.08046	0.03063	0.01786	0.09331	0.00645	0.02414	0.01052	0.00920
73	0.04269	0.03448	0.03353	0.02631	0.03489	0.10491	0.02144	0.43639	0.05011	0.06514	0.02574	0.02612	0.01852	0.01326	0.01111	0.00331	0.01344	0.00975	0.01053	0.01833
74	0.26690	0.02070	0.02272	0.01859	0.02639	0.02102	0.01520	0.04795	0.08935	0.30852	0.03464	0.03185	0.02327	0.01290	0.00983	0.00353	0.00919	0.00969	0.01120	0.01657
75	0.02334	0.02001	0.02334	0.01667	0.02667	0.01500	0.01334	0.02834	0.02334	0.03668	0.02001	0.02334	0.01667	0.00834	0.00834	0.00167	0.00834	0.00667	0.00667	0.67325
76	0.01470	0.01138	0.01717	0.01812	0.01960	0.01063	0.04768	0.01724	0.02194	0.02930	0.05901	0.55340	0.07002	0.03327	0.01428	0.00451	0.00749	0.03055	0.01008	0.00961
77	0.01478	0.01073	0.01406	0.01567	0.01728	0.01002	0.01137	0.01801	0.02482	0.03329	0.17276	0.37856	0.11587	0.03137	0.01419	0.00436	0.00670	0.08562	0.01088	0.00967
78	0.01426	0.01037	0.01345	0.01494	0.01637	0.00956	0.01035	0.01717	0.02456	0.03315	0.18801	0.42490	0.11818	0.03153	0.01400	0.00424	0.00615	0.02831	0.01096	0.00956
79	0.02964	0.08188	0.02537	0.01906	0.02491	0.09157	0.01520	0.03885	0.12011	0.13861	0.15937	0.05544	0.11856	0.01768	0.01152	0.00342	0.00958	0.01442	0.01059	0.01422
80	0.01961	0.01563	0.02299	0.02288	0.02653	0.01585	0.06233	0.02818	0.08785	0.03496	0.05465	0.16965	0.05763	0.02757	0.01465	0.00479	0.01049	0.30208	0.01007	0.01161
81	0.01570	0.01073	0.01283	0.01331	0.01381	0.01047	0.00816	0.01686	0.01963	0.02652	0.10736	0.19517	0.05733	0.39620	0.04156	0.00847	0.00916	0.02049	0.00840	0.00786
82	0.01504	0.01139	0.01338	0.01292	0.01565	0.01025	0.00939	0.01878	0.02764	0.03684	0.31575	0.09149	0.25062	0.09942	0.01892	0.00458	0.00617	0.02107	0.01098	0.00973
83	0.01546	0.01306	0.01782	0.01596	0.01983	0.01160	0.05376	0.01970	0.02760	0.03591	0.24565	0.12790	0.30316	0.02534	0.01337	0.00377	0.00684	0.02221	0.01069	0.01038
84	0.01371	0.00979	0.01306	0.01567	0.01632	0.00914	0.01045	0.01567	0.02155	0.02873	0.06203	0.59710	0.07444	0.03526	0.01437	0.00457	0.00653	0.03200	0.01045	0.00914
85	0.01863	0.01221	0.01527	0.01409	0.01758	0.01093	0.01071	0.02329	0.03048	0.08911	0.38806	0.08523	0.19498	0.02339	0.01309	0.00359	0.00581	0.02027	0.01210	0.01118
86	0.04211	0.05162	0.03207	0.02871	0.03481	0.51129	0.02171	0.08627	0.03382	0.03152	0.01828	0.02091	0.01492	0.01177	0.01025	0.00294	0.01957	0.00751	0.00630	0.01361
87	0.01580	0.01156	0.01638	0.01663	0.01826	0.01269	0.01231	0.01914	0.01961	0.02770	0.08238	0.12271	0.04321	0.14170	0.37087	0.01401	0.02219	0.01598	0.00731	0.00956
88	0.01371	0.00979	0.01306	0.01567	0.01632	0.00914	0.01045	0.01567	0.02155	0.02873	0.06203	0.59710	0.07444	0.03526	0.01437	0.00457	0.00653	0.03200	0.01045	0.00914
89	0.01649	0.01297	0.01799	0.14294	0.03030	0.01372	0.01503	0.02073	0.02321	0.03125	0.09341	0.19817	0.15394	0.03160	0.08256	0.00569	0.01110	0.01973	0.06884	0.01034
90	0.02825	0.02255	0.02674	0.02322	0.02894	0.06188	0.06023	0.13670	0.06749	0.07948	0.05075	0.13490	0.10204	0.02143	0.01290	0.00399	0.01111	0.10334	0.01015	0.01392
91	0.02722	0.01634	0.01901	0.01786	0.02254	0.01699	0.01441	0.03980	0.16397	0.12440	0.04566	0.06034	0.03826	0.01787	0.01117	0.00367	0.00814	0.11127	0.22712	0.01397
92	0.03673	0.02283	0.02646	0.02132	0.02846	0.02376	0.01723	0.21872	0.10180	0.18278	0.14855	0.04488	0.04324	0.01602	0.01176	0.00350	0.00960	0.01311	0.01223	0.01703
93	0.27381	0.02104	0.02486	0.07731	0.09699	0.02249	0.01823	0.07097	0.02713	0.13283	0.09899	0.03463	0.03047	0.01318	0.00996	0.00349	0.00986	0.01034	0.00894	0.01449
94	0.01731	0.02199	0.13680	0.02122	0.02622	0.01438	0.02030	0.02296	0.02360	0.03207	0.05160	0.29892	0.05724	0.02816	0.01395	0.00456	0.01020	0.17810	0.00912	0.01129
95	0.01529	0.01092	0.01487	0.01748	0.01882	0.01050	0.01319	0.01840	0.02310	0.03050	0.06116	0.42938	0.07099	0.03377	0.01479	0.00479	0.00790	0.18414	0.01042	0.00958
96	0.01548	0.01149	0.01443	0.01369	0.01654	0.01043	0.01027	0.02038	0.03081	0.04264	0.45811	0.08818	0.17794	0.02394	0.01328	0.00358	0.00538	0.02093	0.01206	0.01043
97	0.02508	0.09027	0.22270	0.13632	0.23919	0.02787	0.03510	0.03389	0.02419	0.03409	0.02013	0.02586	0.01578	0.01043	0.01064	0.00340	0.01468	0.00905	0.00512	0.01620
98	0.02943	0.01588	0.02106	0.01986	0.02483	0.01527	0.01662	0.03690	0.07522	0.20355	0.11328	0.08423	0.05504	0.02291	0.01348	0.00428	0.00932	0.21293	0.01190	0.01400
99	0.03075	0.02577	0.04318	0.06280	0.46953	0.02544	0.03224	0.03714	0.02647	0.10145	0.02414	0.02919	0.01911	0.01053	0.01117	0.00336	0.01289	0.01019	0.00664	0.01800
100	0.02316	0.02195	0.03720	0.43078	0.20926	0.02551	0.03221	0.03043	0.02341	0.03107	0.02034	0.02939	0.01582	0.01090	0.01122	0.00363	0.01453	0.01001	0.00517	0.01404
101	0.03139	0.02383	0.04058	0.17213	0.26571	0.02419	0.07624	0.03802	0.02651	0.15044	0.02638	0.03099	0.01940	0.01115	0.01143	0.00351	0.01345	0.01065	0.00737	0.01664
102	0.02294	0.04961	0.41650	0.10393	0.05375	0.02630	0.10058	0.03482	0.02398	0.03482	0.02052	0.02544	0.01473	0.01060	0.01111	0.00362	0.01674	0.00920	0.00491	0.01591
103	0.01527	0.01152	0.01639	0.08825	0.02509	0.01168	0.01414	0.01837	0.02225	0.02940	0.05633	0.46175	0.06554	0.03163	0.01413	0.00455	0.00813	0.08612	0.00974	0.00974
104	0.02377	0.02834	0.11449	0.09817	0.29223	0.02354	0.06468	0.03100	0.02514	0.03468	0.03762	0.04200	0.10839	0.01350	0.01163	0.00353	0.01305	0.01246	0.00628	0.01548
105	0.02036	0.01716	0.02632	0.09620	0.03227	0.01946	0.06511	0.02780	0.08355	0.03077	0.06657	0.04333	0.03113	0.08149	0.19292	0.07257	0.06213	0.01255	0.00690	0.01139
106	0.10981	0.02404	0.03830	0.21797	0.32862	0.02602	0.03067	0.03258	0.02384	0.03607	0.02011	0.02729	0.01624	0.01046	0.01064	0.00349	0.01327	0.00952	0.00557	0.01547
107	0.03554	0.01682	0.02253	0.01855	0.02388	0.01614	0.01466	0.03936	0.02859	0.30950	0.15144	0.05223	0.04634	0.09540	0.02034	0.00462	0.06347	0.01393	0.01177	0.01490
108	0.02261	0.02139	0.03620	0.47314	0.17120	0.02536	0.03193	0.02994	0.02315	0.03040	0.02024	0.02957	0.01558	0.01100	0.01123	0.00367	0.01467	0.01001	0.00512	0.01360
109	0.02777	0.03557	0.12298	0.04801	0.15130	0.07836	0.29537	0.03654	0.02651	0.03533	0.02159	0.02802	0.01661	0.00996	0.01221	0.00359	0.01766	0.01139	0.00555	0.01571
110	0.02751	0.02629	0.03502	0.33635	0.05988	0.08120	0.06282	0.09741	0.09073	0.03717	0.02419	0.03018	0.01814	0.01197	0.01132	0.00363	0.01472	0.01034	0.00680	0.01433
111	0.03289	0.02348	0.04113	0.16739	0.09974	0.02412	0.14723	0.03944	0.02657	0.19496	0.02822	0.03211	0.01991	0.01217	0.01377	0.00373	0.05793	0.01127	0.00808	0.01585

[dist]
# distance from previous block
# <min> <max>
0	35

# created by:
# /st0/software/busco_prod/Augustus/scripts/msa2prfl.pl ./align_prep/9184.fa
