[name]
unknown

[dist]
# distance from previous block
# <min> <max>
0	78

[block]
# block no. 0 follows, 12 sequences, length 14
# corresponding to MSA columns:
# 78-91
name=unknown_A
#
# <colnr> <probs for GDERKNQSTAVLIFYWHMCP>
#	G	D	E	R	K	N	Q	S	T	A	V	L	I	F	Y	W	H	M	C	P
0	0.01648	0.01129	0.01395	0.01486	0.01577	0.01129	0.01058	0.01830	0.01921	0.02531	0.04283	0.09008	0.04802	0.40407	0.04083	0.00856	0.01038	0.18249	0.00785	0.00785
1	0.01920	0.10232	0.15273	0.02072	0.02822	0.01934	0.05917	0.02589	0.02657	0.03638	0.24432	0.05857	0.12854	0.01751	0.01152	0.00335	0.00972	0.01509	0.00849	0.01235
2	0.04892	0.01856	0.02530	0.01940	0.02783	0.01603	0.01603	0.05314	0.03121	0.55634	0.04302	0.03711	0.02699	0.01350	0.01096	0.00337	0.00928	0.01096	0.01350	0.01856
3	0.01388	0.01079	0.01262	0.01279	0.01549	0.00953	0.00935	0.01733	0.02626	0.03427	0.25627	0.19172	0.29677	0.02694	0.01307	0.00373	0.00554	0.02334	0.01080	0.00953
4	0.02778	0.51641	0.15206	0.02100	0.03161	0.03978	0.02274	0.03300	0.02232	0.02733	0.01599	0.01853	0.01396	0.00952	0.00763	0.00254	0.01250	0.00625	0.00465	0.01439
5	0.09095	0.03153	0.14710	0.03241	0.10382	0.02498	0.09390	0.12892	0.03058	0.16929	0.02662	0.02801	0.01857	0.01137	0.01071	0.00340	0.01293	0.00981	0.00837	0.01675
6	0.01367	0.01030	0.01273	0.01425	0.01606	0.00936	0.01018	0.01633	0.02316	0.02997	0.11402	0.38462	0.20905	0.03100	0.01362	0.00418	0.00628	0.06177	0.01027	0.00916
7	0.01623	0.01226	0.01482	0.01608	0.01767	0.01252	0.01101	0.02334	0.11610	0.03032	0.05381	0.43290	0.06060	0.10567	0.01875	0.00508	0.00731	0.02552	0.00985	0.01015
8	0.03279	0.05909	0.11542	0.21278	0.04832	0.02240	0.05407	0.03960	0.02597	0.23842	0.02869	0.03068	0.01944	0.01165	0.01074	0.00343	0.01277	0.00991	0.00826	0.01555
9	0.08601	0.02735	0.03450	0.05702	0.03737	0.09503	0.12239	0.08536	0.12419	0.17244	0.03063	0.03105	0.02175	0.01211	0.01092	0.00343	0.01287	0.01056	0.00914	0.01587
10	0.02433	0.01615	0.02006	0.01802	0.02102	0.01799	0.01419	0.06605	0.02471	0.10273	0.04503	0.15067	0.09878	0.02032	0.01685	0.00374	0.14647	0.01568	0.16522	0.01199
11	0.40017	0.06449	0.12306	0.01875	0.02775	0.02413	0.01843	0.03667	0.02209	0.14375	0.02144	0.02248	0.01528	0.01078	0.00827	0.00332	0.01025	0.00729	0.00753	0.01407
12	0.47894	0.02423	0.01981	0.01749	0.02419	0.06186	0.01408	0.07154	0.11799	0.04822	0.02158	0.02277	0.01648	0.01129	0.00806	0.00339	0.00946	0.00747	0.00779	0.01337
13	0.03036	0.33874	0.04589	0.02804	0.12645	0.03347	0.02070	0.07472	0.02586	0.07039	0.01965	0.02209	0.01621	0.00986	0.00847	0.00257	0.01130	0.00735	0.00620	0.10169

[dist]
# distance from previous block
# <min> <max>
0	18

[block]
# block no. 1 follows, 12 sequences, length 32
# corresponding to MSA columns:
# 110-141
name=unknown_B
#
# <colnr> <probs for GDERKNQSTAVLIFYWHMCP>
#	G	D	E	R	K	N	Q	S	T	A	V	L	I	F	Y	W	H	M	C	P
0	0.02839	0.07352	0.02428	0.06844	0.02710	0.01711	0.01540	0.03273	0.02607	0.20952	0.14107	0.09746	0.04457	0.02859	0.11010	0.00589	0.01235	0.01414	0.00990	0.01338
1	0.03167	0.07866	0.12631	0.07982	0.03823	0.05970	0.08228	0.03801	0.02663	0.19783	0.06209	0.07456	0.02819	0.01371	0.01101	0.00340	0.01256	0.01186	0.00849	0.01502
2	0.04049	0.10341	0.03143	0.12050	0.03673	0.07496	0.01937	0.04501	0.02831	0.34079	0.03258	0.03137	0.02180	0.01226	0.01031	0.00322	0.01153	0.00967	0.01002	0.01624
3	0.03656	0.01776	0.02476	0.11905	0.03359	0.01813	0.01783	0.04129	0.02671	0.32284	0.03480	0.03503	0.02374	0.01344	0.01277	0.00341	0.06627	0.01046	0.12622	0.01533
4	0.16573	0.02413	0.07686	0.18921	0.04227	0.02536	0.02351	0.03295	0.02146	0.11619	0.02101	0.02613	0.01582	0.01313	0.01619	0.00380	0.15736	0.00892	0.00657	0.01339
5	0.01704	0.01212	0.01378	0.01264	0.01434	0.01127	0.00772	0.01789	0.01704	0.02367	0.03172	0.06279	0.03551	0.50985	0.04716	0.00900	0.01013	0.01421	0.00658	0.12553
6	0.02545	0.11846	0.33911	0.07949	0.04408	0.06726	0.03215	0.06736	0.02533	0.03471	0.01926	0.02284	0.01440	0.01039	0.00985	0.00315	0.01487	0.00788	0.00527	0.05872
7	0.02335	0.12423	0.15416	0.28551	0.14476	0.02776	0.03119	0.03106	0.02266	0.03033	0.01895	0.02555	0.01477	0.01033	0.01015	0.00332	0.01415	0.00873	0.00486	0.01419
8	0.01972	0.01159	0.01301	0.01311	0.01570	0.01160	0.00994	0.05292	0.02517	0.03973	0.08648	0.15031	0.04475	0.01882	0.01002	0.00321	0.00615	0.05377	0.40357	0.01045
9	0.02660	0.24705	0.08051	0.07868	0.03627	0.03233	0.06620	0.06538	0.11245	0.03478	0.05863	0.02949	0.02404	0.01225	0.01139	0.00319	0.04991	0.00959	0.00677	0.01449
10	0.01366	0.00978	0.01299	0.01492	0.01590	0.00911	0.01015	0.01613	0.02263	0.03063	0.14495	0.51688	0.07752	0.03207	0.01373	0.00425	0.00612	0.02902	0.01045	0.00911
11	0.01560	0.01157	0.01698	0.01698	0.01874	0.01333	0.01295	0.01912	0.01736	0.02491	0.02970	0.04559	0.02846	0.13350	0.52351	0.01685	0.02740	0.01209	0.00592	0.00943
12	0.01543	0.01115	0.01457	0.01372	0.01629	0.01029	0.01029	0.02058	0.03086	0.04372	0.54304	0.08145	0.10288	0.02229	0.01286	0.00343	0.00514	0.01972	0.01200	0.01029
13	0.02812	0.02392	0.02522	0.02239	0.02874	0.02759	0.01750	0.08978	0.49562	0.04723	0.04310	0.03966	0.03225	0.01467	0.01108	0.00367	0.00887	0.01215	0.01108	0.01735
14	0.01906	0.01042	0.01130	0.01108	0.01363	0.01019	0.00831	0.02416	0.02493	0.04144	0.16659	0.05118	0.04729	0.01518	0.00897	0.00277	0.00510	0.01263	0.50556	0.01019
15	0.02187	0.05640	0.56031	0.03108	0.04719	0.02532	0.04029	0.03453	0.02302	0.03453	0.01957	0.02302	0.01381	0.01036	0.01036	0.00345	0.01611	0.00806	0.00460	0.01611
16	0.02261	0.01938	0.02261	0.01615	0.02584	0.01453	0.01292	0.02745	0.02261	0.03553	0.01938	0.02261	0.01615	0.00807	0.00807	0.00161	0.00807	0.00646	0.00646	0.68346
17	0.02033	0.01016	0.01016	0.01016	0.01270	0.01016	0.00762	0.02541	0.02287	0.04065	0.03557	0.04065	0.02795	0.01270	0.00762	0.00254	0.00508	0.01016	0.67734	0.01016
18	0.01333	0.01106	0.01166	0.01151	0.01500	0.00939	0.00863	0.01650	0.02589	0.03193	0.18545	0.10086	0.46783	0.02669	0.01288	0.00364	0.00546	0.02244	0.01045	0.00939
19	0.01757	0.01255	0.01757	0.02008	0.02259	0.01255	0.01757	0.02259	0.02510	0.03263	0.05773	0.12299	0.06275	0.03012	0.01506	0.00502	0.01004	0.47540	0.01004	0.01004
20	0.02033	0.01016	0.01016	0.01016	0.01270	0.01016	0.00762	0.02541	0.02287	0.04065	0.03557	0.04065	0.02795	0.01270	0.00762	0.00254	0.00508	0.01016	0.67734	0.01016
21	0.04892	0.01856	0.02530	0.01940	0.02783	0.01603	0.01603	0.05314	0.03121	0.55634	0.04302	0.03711	0.02699	0.01350	0.01096	0.00337	0.00928	0.01096	0.01350	0.01856
22	0.57920	0.02275	0.01896	0.01623	0.02332	0.02610	0.01337	0.11646	0.02430	0.05240	0.01711	0.01920	0.01299	0.01064	0.00748	0.00336	0.00906	0.00659	0.00748	0.01299
23	0.04341	0.01750	0.02394	0.01952	0.02691	0.01541	0.01630	0.04777	0.03013	0.46433	0.04560	0.05220	0.03327	0.01642	0.01168	0.00366	0.00941	0.09257	0.01289	0.01706
24	0.01403	0.01002	0.01350	0.01603	0.01699	0.00950	0.01141	0.01647	0.02161	0.02867	0.05969	0.52531	0.07049	0.03346	0.01412	0.00453	0.00697	0.10804	0.01011	0.00906
25	0.15607	0.02888	0.02979	0.02320	0.03158	0.03217	0.01916	0.42803	0.04552	0.06524	0.02425	0.02469	0.01736	0.01257	0.01018	0.00329	0.01137	0.00913	0.01018	0.01736
26	0.02165	0.01456	0.02393	0.02132	0.02513	0.01339	0.09883	0.02523	0.02352	0.12071	0.05045	0.40847	0.05453	0.02619	0.01322	0.00411	0.00896	0.02434	0.00990	0.01157
27	0.01348	0.00964	0.01283	0.01505	0.01586	0.00899	0.01014	0.01568	0.02180	0.02930	0.10459	0.56102	0.07495	0.03307	0.01382	0.00434	0.00622	0.02996	0.01029	0.00899
28	0.46711	0.02051	0.01988	0.10777	0.03065	0.02268	0.01499	0.03057	0.01979	0.04316	0.01660	0.02041	0.01301	0.00989	0.00765	0.00311	0.00936	0.00661	0.00639	0.12987
29	0.01625	0.01082	0.01276	0.01284	0.01370	0.01068	0.00833	0.01795	0.01979	0.02746	0.12478	0.07574	0.05193	0.41801	0.04108	0.00827	0.00920	0.05848	0.05412	0.00781
30	0.08903	0.02901	0.15534	0.27102	0.05284	0.02388	0.02796	0.06925	0.02546	0.11976	0.02335	0.02767	0.01642	0.01128	0.01040	0.00350	0.01331	0.00917	0.00680	0.01455
31	0.02803	0.02693	0.08539	0.26538	0.08743	0.02631	0.10973	0.12697	0.02920	0.07461	0.02289	0.02845	0.01663	0.01110	0.01119	0.00351	0.01437	0.01020	0.00676	0.01494

[dist]
# distance from previous block
# <min> <max>
0	2

[block]
# block no. 2 follows, 12 sequences, length 26
# corresponding to MSA columns:
# 144-169
name=unknown_C
#
# <colnr> <probs for GDERKNQSTAVLIFYWHMCP>
#	G	D	E	R	K	N	Q	S	T	A	V	L	I	F	Y	W	H	M	C	P
0	0.01543	0.01115	0.01457	0.01372	0.01629	0.01029	0.01029	0.02058	0.03086	0.04372	0.54304	0.08145	0.10288	0.02229	0.01286	0.00343	0.00514	0.01972	0.01200	0.01029
1	0.01754	0.01369	0.01644	0.01557	0.01873	0.01414	0.01170	0.02704	0.12885	0.03759	0.26359	0.06930	0.13014	0.07596	0.10481	0.00630	0.01014	0.01707	0.01018	0.01121
2	0.01566	0.01135	0.01586	0.01586	0.01724	0.01273	0.01156	0.01840	0.01703	0.02408	0.03072	0.05124	0.03091	0.23950	0.42086	0.01547	0.02371	0.01291	0.00607	0.00881
3	0.69383	0.02109	0.01603	0.01434	0.02109	0.02446	0.01181	0.03205	0.01856	0.04892	0.01518	0.01771	0.01181	0.01012	0.00675	0.00337	0.00843	0.00590	0.00675	0.01181
4	0.02033	0.01016	0.01016	0.01016	0.01270	0.01016	0.00762	0.02541	0.02287	0.04065	0.03557	0.04065	0.02795	0.01270	0.00762	0.00254	0.00508	0.01016	0.67734	0.01016
5	0.24881	0.01968	0.02272	0.09672	0.03179	0.01958	0.01595	0.03705	0.02387	0.20200	0.02542	0.02646	0.01791	0.01083	0.00894	0.00302	0.00947	0.00814	0.00853	0.16309
6	0.04073	0.05197	0.03090	0.02809	0.03371	0.57303	0.02107	0.04354	0.03090	0.02669	0.01685	0.01966	0.01404	0.01124	0.00983	0.00281	0.01966	0.00702	0.00562	0.01264
7	0.02915	0.62337	0.05714	0.01866	0.02799	0.04314	0.01866	0.03265	0.02215	0.02565	0.01516	0.01749	0.01399	0.00933	0.00700	0.00233	0.01166	0.00583	0.00466	0.01399
8	0.02515	0.02403	0.04094	0.21734	0.41273	0.02542	0.03255	0.03185	0.02396	0.03339	0.02019	0.02758	0.01649	0.01006	0.01083	0.00335	0.01341	0.00971	0.00524	0.01579
9	0.01586	0.01057	0.01189	0.01189	0.01189	0.01057	0.00661	0.01586	0.01586	0.02114	0.03436	0.07135	0.03964	0.61681	0.05550	0.01057	0.01057	0.01586	0.00661	0.00661
10	0.69383	0.02109	0.01603	0.01434	0.02109	0.02446	0.01181	0.03205	0.01856	0.04892	0.01518	0.01771	0.01181	0.01012	0.00675	0.00337	0.00843	0.00590	0.00675	0.01181
11	0.69383	0.02109	0.01603	0.01434	0.02109	0.02446	0.01181	0.03205	0.01856	0.04892	0.01518	0.01771	0.01181	0.01012	0.00675	0.00337	0.00843	0.00590	0.00675	0.01181
12	0.12018	0.02895	0.02062	0.01871	0.02360	0.23506	0.01432	0.03618	0.02629	0.08706	0.02621	0.02898	0.02023	0.01186	0.00871	0.00284	0.01170	0.00844	0.25787	0.01219
13	0.69383	0.02109	0.01603	0.01434	0.02109	0.02446	0.01181	0.03205	0.01856	0.04892	0.01518	0.01771	0.01181	0.01012	0.00675	0.00337	0.00843	0.00590	0.00675	0.01181
14	0.03696	0.02831	0.03019	0.02418	0.03210	0.03172	0.01964	0.37003	0.20098	0.06148	0.03188	0.03072	0.02316	0.01362	0.01097	0.00341	0.01094	0.01060	0.01097	0.01814
15	0.01433	0.01095	0.01157	0.01141	0.01474	0.00953	0.00856	0.01783	0.02568	0.03352	0.17896	0.09219	0.39614	0.02468	0.01219	0.00349	0.00540	0.02072	0.09861	0.00953
16	0.01328	0.00949	0.01265	0.01518	0.01581	0.00886	0.01012	0.01518	0.02088	0.02783	0.06010	0.60969	0.07212	0.03416	0.01392	0.00443	0.00633	0.03100	0.01012	0.00886
17	0.03581	0.13453	0.03432	0.02150	0.03052	0.02980	0.01826	0.28106	0.03807	0.09614	0.02418	0.02479	0.01794	0.01136	0.00959	0.00275	0.01086	0.00847	0.00904	0.16100
18	0.01963	0.07780	0.01941	0.01420	0.01833	0.01415	0.01130	0.02396	0.02859	0.08905	0.33810	0.07555	0.18664	0.02124	0.01205	0.00336	0.00634	0.01811	0.01093	0.01125
19	0.10113	0.03206	0.03077	0.02692	0.02935	0.19562	0.02171	0.03210	0.02119	0.02882	0.01517	0.02193	0.01396	0.01575	0.02481	0.00403	0.35893	0.00839	0.00524	0.01213
20	0.10215	0.12509	0.19337	0.02807	0.03925	0.02745	0.12598	0.07159	0.02639	0.12554	0.02338	0.02555	0.01676	0.01066	0.01012	0.00329	0.01363	0.00911	0.00699	0.01562
21	0.02648	0.13829	0.15027	0.08196	0.03952	0.06712	0.06711	0.07530	0.09453	0.03584	0.02773	0.03880	0.02366	0.01363	0.01076	0.00347	0.01347	0.07063	0.00691	0.01452
22	0.48990	0.02041	0.01988	0.09137	0.02942	0.02293	0.01500	0.03526	0.02124	0.13661	0.02070	0.02267	0.01488	0.01083	0.00805	0.00341	0.00939	0.00731	0.00770	0.01305
23	0.11238	0.01251	0.01257	0.01171	0.01544	0.01268	0.00908	0.02927	0.02320	0.09729	0.03368	0.03724	0.02571	0.01245	0.00787	0.00274	0.00598	0.00969	0.51724	0.01128
24	0.48951	0.01911	0.01723	0.01535	0.02159	0.02090	0.01233	0.03356	0.02111	0.13616	0.02605	0.09936	0.02247	0.01390	0.00844	0.00351	0.00831	0.01012	0.00839	0.01262
25	0.12014	0.02239	0.02824	0.06788	0.03359	0.02141	0.05903	0.11777	0.02822	0.09393	0.02258	0.02513	0.01695	0.01011	0.00933	0.00267	0.01037	0.00825	0.00777	0.29422

[dist]
# distance from previous block
# <min> <max>
5	64

[block]
# block no. 3 follows, 12 sequences, length 42
# corresponding to MSA columns:
# 235-276
name=unknown_D
#
# <colnr> <probs for GDERKNQSTAVLIFYWHMCP>
#	G	D	E	R	K	N	Q	S	T	A	V	L	I	F	Y	W	H	M	C	P
0	0.02878	0.01905	0.02486	0.02239	0.06737	0.01827	0.01637	0.07551	0.02883	0.15534	0.15945	0.04175	0.04098	0.01459	0.01311	0.00306	0.06546	0.01173	0.00960	0.18349
1	0.53563	0.02162	0.01951	0.06117	0.02698	0.02468	0.01437	0.07657	0.02267	0.08538	0.01850	0.02076	0.01372	0.01069	0.00775	0.00339	0.00930	0.00692	0.00746	0.01292
2	0.09245	0.02387	0.03305	0.20031	0.14316	0.06285	0.06304	0.06986	0.02552	0.07742	0.02319	0.03161	0.01878	0.07188	0.01506	0.00413	0.01329	0.01013	0.00660	0.01380
3	0.19508	0.02174	0.02404	0.02356	0.07813	0.02320	0.01671	0.07576	0.18173	0.09088	0.03182	0.07205	0.02575	0.01361	0.00985	0.00335	0.00910	0.01092	0.00909	0.08363
4	0.01544	0.01110	0.01521	0.01547	0.01665	0.01216	0.01101	0.01787	0.01732	0.02422	0.03398	0.10914	0.03578	0.24990	0.34979	0.01396	0.02088	0.01498	0.00652	0.00864
5	0.02288	0.09110	0.17159	0.07826	0.03675	0.02133	0.02261	0.02993	0.02259	0.03348	0.01900	0.02285	0.01514	0.00910	0.00886	0.00239	0.01125	0.00715	0.00562	0.36813
6	0.03785	0.02163	0.02598	0.07523	0.03182	0.02253	0.01761	0.22158	0.03640	0.21956	0.03284	0.03281	0.02272	0.01294	0.01030	0.00320	0.01003	0.01025	0.13841	0.01632
7	0.01964	0.01715	0.02852	0.28218	0.08493	0.01894	0.05664	0.02536	0.02463	0.03335	0.18832	0.04613	0.04369	0.01647	0.01415	0.05675	0.01127	0.01313	0.00723	0.01151
8	0.69383	0.02109	0.01603	0.01434	0.02109	0.02446	0.01181	0.03205	0.01856	0.04892	0.01518	0.01771	0.01181	0.01012	0.00675	0.00337	0.00843	0.00590	0.00675	0.01181
9	0.69383	0.02109	0.01603	0.01434	0.02109	0.02446	0.01181	0.03205	0.01856	0.04892	0.01518	0.01771	0.01181	0.01012	0.00675	0.00337	0.00843	0.00590	0.00675	0.01181
10	0.01328	0.00949	0.01265	0.01518	0.01581	0.00886	0.01012	0.01518	0.02088	0.02783	0.06010	0.60969	0.07212	0.03416	0.01392	0.00443	0.00633	0.03100	0.01012	0.00886
11	0.01564	0.01061	0.01258	0.01322	0.01356	0.01051	0.00824	0.01643	0.01755	0.02331	0.04061	0.15820	0.04689	0.46936	0.04512	0.00908	0.00987	0.06443	0.00749	0.00729
12	0.03790	0.02630	0.12485	0.02533	0.07808	0.01839	0.02157	0.04397	0.02780	0.33292	0.03302	0.03137	0.02202	0.01174	0.01039	0.00310	0.01068	0.00962	0.01004	0.12090
13	0.02693	0.09534	0.33622	0.08469	0.04384	0.02555	0.03176	0.03841	0.06524	0.11309	0.02473	0.02671	0.01749	0.01116	0.01026	0.00338	0.01390	0.00881	0.00651	0.01598
14	0.02566	0.09338	0.39299	0.03123	0.04529	0.02617	0.10779	0.03625	0.02416	0.08451	0.02187	0.02493	0.01552	0.01040	0.01054	0.00339	0.01545	0.00890	0.00561	0.01597
15	0.04892	0.01856	0.02530	0.01940	0.02783	0.01603	0.01603	0.05314	0.03121	0.55634	0.04302	0.03711	0.02699	0.01350	0.01096	0.00337	0.00928	0.01096	0.01350	0.01856
16	0.01454	0.01111	0.01333	0.01278	0.01574	0.00991	0.00958	0.01884	0.02875	0.03870	0.39066	0.08972	0.25840	0.02417	0.01287	0.00352	0.00528	0.02088	0.01134	0.00991
17	0.07779	0.08354	0.29748	0.07410	0.04368	0.02621	0.07709	0.03738	0.07432	0.07298	0.02330	0.02610	0.01690	0.01087	0.01023	0.00342	0.01403	0.00896	0.00617	0.01545
18	0.01372	0.00980	0.01315	0.01568	0.01651	0.00923	0.01088	0.01594	0.02131	0.02832	0.05985	0.55991	0.07116	0.03375	0.01403	0.00449	0.00671	0.07645	0.01011	0.00898
19	0.01399	0.00979	0.01244	0.01428	0.01474	0.00933	0.00916	0.01537	0.01950	0.02600	0.05305	0.46225	0.06322	0.19373	0.02530	0.00611	0.00749	0.02685	0.00916	0.00824
20	0.02429	0.02600	0.05266	0.21426	0.11204	0.02638	0.31515	0.03262	0.02444	0.03284	0.02109	0.02906	0.01600	0.00977	0.01206	0.00362	0.01666	0.01158	0.00530	0.01417
21	0.02328	0.18626	0.26524	0.20750	0.05134	0.02943	0.03167	0.03192	0.02241	0.03017	0.01841	0.02358	0.01409	0.01028	0.00969	0.00323	0.01449	0.00802	0.00470	0.01430
22	0.01586	0.01057	0.01189	0.01189	0.01189	0.01057	0.00661	0.01586	0.01586	0.02114	0.03436	0.07135	0.03964	0.61681	0.05550	0.01057	0.01057	0.01586	0.00661	0.00661
23	0.01558	0.01168	0.01752	0.01752	0.01947	0.01363	0.01363	0.01947	0.01752	0.02531	0.02921	0.04283	0.02726	0.08178	0.57360	0.01752	0.02921	0.01168	0.00584	0.00974
24	0.03125	0.01453	0.01952	0.01658	0.02177	0.01289	0.01302	0.03564	0.03006	0.28750	0.25690	0.11147	0.06358	0.01923	0.01206	0.00350	0.00724	0.01662	0.01253	0.01411
25	0.03470	0.01940	0.02838	0.26212	0.04795	0.02062	0.02220	0.04289	0.07735	0.28060	0.03312	0.03406	0.02234	0.01252	0.01095	0.00352	0.01144	0.01056	0.00958	0.01569
26	0.69383	0.02109	0.01603	0.01434	0.02109	0.02446	0.01181	0.03205	0.01856	0.04892	0.01518	0.01771	0.01181	0.01012	0.00675	0.00337	0.00843	0.00590	0.00675	0.01181
27	0.04073	0.05197	0.03090	0.02809	0.03371	0.57303	0.02107	0.04354	0.03090	0.02669	0.01685	0.01966	0.01404	0.01124	0.00983	0.00281	0.01966	0.00702	0.00562	0.01264
28	0.02261	0.01938	0.02261	0.01615	0.02584	0.01453	0.01292	0.02745	0.02261	0.03553	0.01938	0.02261	0.01615	0.00807	0.00807	0.00161	0.00807	0.00646	0.00646	0.68346
29	0.02812	0.02738	0.03570	0.04917	0.35069	0.10671	0.02652	0.03581	0.06642	0.03581	0.02408	0.02897	0.01963	0.01079	0.01021	0.00311	0.01248	0.00958	0.10330	0.01554
30	0.04892	0.01856	0.02530	0.01940	0.02783	0.01603	0.01603	0.05314	0.03121	0.55634	0.04302	0.03711	0.02699	0.01350	0.01096	0.00337	0.00928	0.01096	0.01350	0.01856
31	0.02261	0.01938	0.02261	0.01615	0.02584	0.01453	0.01292	0.02745	0.02261	0.03553	0.01938	0.02261	0.01615	0.00807	0.00807	0.00161	0.00807	0.00646	0.00646	0.68346
32	0.02756	0.02290	0.03488	0.16937	0.26204	0.02442	0.02684	0.07834	0.07904	0.07669	0.06580	0.03379	0.02583	0.01207	0.01103	0.00340	0.01190	0.01086	0.00746	0.01576
33	0.02261	0.01938	0.02261	0.01615	0.02584	0.01453	0.01292	0.02745	0.02261	0.03553	0.01938	0.02261	0.01615	0.00807	0.00807	0.00161	0.00807	0.00646	0.00646	0.68346
34	0.02595	0.02288	0.03254	0.08521	0.03330	0.03077	0.02375	0.02902	0.01863	0.07783	0.01762	0.02567	0.01557	0.01770	0.03083	0.00452	0.48029	0.00970	0.00562	0.01259
35	0.02059	0.01938	0.03270	0.59060	0.07510	0.02422	0.03028	0.02786	0.02180	0.02786	0.01938	0.02907	0.01453	0.01090	0.01090	0.00363	0.01453	0.00969	0.00484	0.01211
36	0.02553	0.02597	0.11531	0.01952	0.02991	0.01753	0.01828	0.03370	0.06355	0.08942	0.02380	0.02559	0.01821	0.00955	0.00900	0.00227	0.00962	0.00766	0.00723	0.44834
37	0.01450	0.01042	0.01374	0.01435	0.01608	0.00967	0.01022	0.01823	0.02652	0.03681	0.33300	0.31119	0.08950	0.02745	0.01332	0.00386	0.00566	0.02462	0.01118	0.00967
38	0.02641	0.02007	0.03245	0.30613	0.09461	0.02209	0.06264	0.03489	0.06491	0.12304	0.07653	0.03631	0.02711	0.01253	0.01126	0.00355	0.01242	0.01134	0.00762	0.01407
39	0.07643	0.08975	0.17461	0.06652	0.07447	0.02515	0.02478	0.07354	0.06658	0.08056	0.02329	0.02558	0.01742	0.01067	0.00960	0.00302	0.01190	0.00837	0.00691	0.13086
40	0.01932	0.07543	0.18184	0.10675	0.03477	0.01987	0.02249	0.02582	0.02250	0.03132	0.12626	0.04570	0.03750	0.13054	0.06977	0.00596	0.01351	0.01219	0.00659	0.01186
41	0.08305	0.02154	0.02408	0.01841	0.02686	0.01987	0.01481	0.15062	0.02997	0.08158	0.02543	0.06733	0.02129	0.01181	0.00931	0.00251	0.00905	0.00938	0.00837	0.36474

[dist]
# distance from previous block
# <min> <max>
0	116

# created by:
# /st0/software/busco_prod/Augustus/scripts/msa2prfl.pl ./align_prep/9185.fa
