[name]
unknown

[dist]
# distance from previous block
# <min> <max>
9	84

[block]
# block no. 0 follows, 12 sequences, length 14
# corresponding to MSA columns:
# 87-100
name=unknown_A
#
# <colnr> <probs for GDERKNQSTAVLIFYWHMCP>
#	G	D	E	R	K	N	Q	S	T	A	V	L	I	F	Y	W	H	M	C	P
0	0.02600	0.03134	0.13151	0.05855	0.40806	0.02601	0.09092	0.03381	0.02464	0.03536	0.02054	0.02662	0.01662	0.00976	0.01097	0.00333	0.01412	0.00982	0.00528	0.01678
1	0.01289	0.01105	0.01105	0.01105	0.01473	0.00920	0.00828	0.01565	0.02485	0.02946	0.11046	0.10493	0.54437	0.02761	0.01289	0.00368	0.00552	0.02301	0.01013	0.00920
2	0.04580	0.01865	0.02498	0.01901	0.02760	0.01585	0.01566	0.05010	0.03019	0.49467	0.04022	0.03539	0.02571	0.01285	0.01062	0.00317	0.00914	0.01043	0.01266	0.09729
3	0.03281	0.02411	0.02608	0.02166	0.02870	0.02639	0.01735	0.22053	0.24438	0.10125	0.04540	0.04264	0.08824	0.01557	0.01123	0.00351	0.00957	0.01254	0.01114	0.01690
4	0.02962	0.02390	0.03777	0.18891	0.30880	0.02519	0.02914	0.08839	0.02780	0.09956	0.02355	0.02863	0.01788	0.01085	0.01085	0.00336	0.01281	0.00987	0.00685	0.01626
5	0.02300	0.01286	0.01678	0.01482	0.01884	0.01153	0.01146	0.02774	0.03046	0.16157	0.39221	0.07304	0.12074	0.02068	0.01242	0.00344	0.00613	0.01795	0.01220	0.01212
6	0.02214	0.04541	0.39050	0.09364	0.04645	0.02689	0.03572	0.03204	0.02156	0.03204	0.01845	0.02388	0.01400	0.01225	0.01574	0.00375	0.13754	0.00855	0.00467	0.01479
7	0.01452	0.01065	0.01363	0.01386	0.01598	0.00975	0.01002	0.01846	0.02728	0.03750	0.35407	0.23912	0.14197	0.02636	0.01317	0.00375	0.00553	0.02339	0.01125	0.00975
8	0.02266	0.01812	0.02373	0.08239	0.02853	0.02145	0.01726	0.12056	0.02474	0.03414	0.02865	0.09346	0.02805	0.12832	0.16776	0.00851	0.11975	0.01322	0.00710	0.01159
9	0.01963	0.01351	0.01632	0.01494	0.01874	0.01296	0.01142	0.02785	0.09937	0.08761	0.35207	0.07591	0.16427	0.02139	0.01245	0.00351	0.00607	0.01848	0.01168	0.01181
10	0.26623	0.07658	0.02282	0.01672	0.02318	0.02178	0.01377	0.03767	0.08522	0.16064	0.13202	0.03777	0.03650	0.01384	0.00949	0.00332	0.00829	0.01062	0.00967	0.01389
11	0.02623	0.02550	0.13101	0.02052	0.02832	0.01906	0.01919	0.03914	0.15932	0.11919	0.03732	0.11377	0.03109	0.01535	0.01057	0.00332	0.00948	0.01291	0.08457	0.09414
12	0.02361	0.08287	0.02620	0.02217	0.08536	0.01750	0.01537	0.02810	0.02508	0.08504	0.13318	0.11783	0.04248	0.01545	0.01034	0.00282	0.00833	0.01332	0.00845	0.23650
13	0.21171	0.16344	0.03217	0.01931	0.02769	0.07503	0.04238	0.03457	0.02326	0.09283	0.01975	0.02178	0.01548	0.00986	0.00820	0.00267	0.01075	0.00706	0.00676	0.17531

[dist]
# distance from previous block
# <min> <max>
0	16

[block]
# block no. 1 follows, 12 sequences, length 31
# corresponding to MSA columns:
# 129-159
name=unknown_B
#
# <colnr> <probs for GDERKNQSTAVLIFYWHMCP>
#	G	D	E	R	K	N	Q	S	T	A	V	L	I	F	Y	W	H	M	C	P
0	0.09439	0.02115	0.09365	0.01710	0.02429	0.01552	0.01562	0.03025	0.02482	0.11188	0.11865	0.07439	0.03737	0.01421	0.00980	0.00294	0.00833	0.01169	0.11155	0.16238
1	0.02361	0.02172	0.09588	0.07811	0.03028	0.01700	0.01812	0.07641	0.02921	0.10354	0.18261	0.05759	0.14442	0.01755	0.01157	0.00337	0.00913	0.01476	0.00957	0.05556
2	0.01991	0.01377	0.01680	0.01617	0.01840	0.01434	0.01184	0.05460	0.09358	0.03273	0.12576	0.06468	0.04729	0.17546	0.03026	0.15825	0.00910	0.07896	0.00853	0.00957
3	0.02529	0.02418	0.04120	0.20563	0.42333	0.02546	0.03262	0.03198	0.02403	0.03357	0.02021	0.02754	0.01655	0.01003	0.01082	0.00334	0.01337	0.00971	0.00525	0.01590
4	0.02474	0.02236	0.03554	0.39223	0.18598	0.02583	0.02988	0.08932	0.02620	0.03483	0.02050	0.02820	0.01570	0.01088	0.01088	0.00349	0.01383	0.00971	0.00573	0.01417
5	0.01328	0.00949	0.01265	0.01518	0.01581	0.00886	0.01012	0.01518	0.02088	0.02783	0.06010	0.60969	0.07212	0.03416	0.01392	0.00443	0.00633	0.03100	0.01012	0.00886
6	0.69383	0.02109	0.01603	0.01434	0.02109	0.02446	0.01181	0.03205	0.01856	0.04892	0.01518	0.01771	0.01181	0.01012	0.00675	0.00337	0.00843	0.00590	0.00675	0.01181
7	0.02147	0.01714	0.02131	0.01943	0.02210	0.02017	0.01487	0.07620	0.11165	0.03251	0.03066	0.04445	0.02839	0.17334	0.22530	0.01027	0.09960	0.01224	0.00731	0.01158
8	0.01384	0.00983	0.01284	0.01465	0.01549	0.00923	0.00979	0.01601	0.02177	0.02938	0.12513	0.48142	0.07315	0.09127	0.01796	0.00491	0.00659	0.02789	0.01003	0.00883
9	0.03766	0.03067	0.03254	0.12621	0.04116	0.08544	0.02246	0.37966	0.04400	0.05727	0.02404	0.02605	0.01738	0.01252	0.01080	0.00329	0.01321	0.00952	0.00930	0.01681
10	0.01586	0.01057	0.01189	0.01189	0.01189	0.01057	0.00661	0.01586	0.01586	0.02114	0.03436	0.07135	0.03964	0.61681	0.05550	0.01057	0.01057	0.01586	0.00661	0.00661
11	0.02963	0.40639	0.10232	0.02125	0.03077	0.03787	0.02098	0.09588	0.09685	0.03472	0.02108	0.02240	0.01724	0.01067	0.00841	0.00276	0.01174	0.00747	0.00633	0.01524
12	0.03103	0.02882	0.10135	0.02179	0.03121	0.02456	0.01985	0.25365	0.03601	0.05133	0.02420	0.02615	0.01812	0.01119	0.00967	0.00274	0.01072	0.00862	0.07594	0.21305
13	0.04073	0.05197	0.03090	0.02809	0.03371	0.57303	0.02107	0.04354	0.03090	0.02669	0.01685	0.01966	0.01404	0.01124	0.00983	0.00281	0.01966	0.00702	0.00562	0.01264
14	0.02719	0.10916	0.25236	0.10407	0.04174	0.02471	0.02814	0.03701	0.06018	0.12586	0.02776	0.06771	0.02173	0.01284	0.01043	0.00341	0.01291	0.01043	0.00708	0.01530
15	0.02447	0.03188	0.20013	0.33242	0.05997	0.02465	0.03178	0.06545	0.02491	0.07055	0.02160	0.02752	0.01547	0.01107	0.01073	0.00353	0.01449	0.00927	0.00581	0.01429
16	0.03923	0.02840	0.03036	0.02352	0.03160	0.03133	0.01935	0.46137	0.04829	0.06577	0.02716	0.02770	0.01953	0.01305	0.01056	0.00320	0.01127	0.00985	0.08078	0.01766
17	0.36863	0.03147	0.02802	0.02681	0.08157	0.18606	0.06591	0.03585	0.02352	0.03966	0.01689	0.02038	0.01348	0.01032	0.00867	0.00322	0.01317	0.00731	0.00616	0.01289
18	0.01940	0.01706	0.02334	0.02129	0.02170	0.02194	0.01653	0.02144	0.01707	0.02502	0.02638	0.09768	0.02850	0.17461	0.13418	0.00840	0.29599	0.01360	0.00594	0.00996
19	0.02708	0.02389	0.04459	0.07854	0.09818	0.02372	0.24492	0.03662	0.07467	0.09885	0.02751	0.03308	0.02092	0.02062	0.09062	0.00553	0.01695	0.01185	0.00704	0.01482
20	0.04892	0.01856	0.02530	0.01940	0.02783	0.01603	0.01603	0.05314	0.03121	0.55634	0.04302	0.03711	0.02699	0.01350	0.01096	0.00337	0.00928	0.01096	0.01350	0.01856
21	0.02059	0.01938	0.03270	0.59060	0.07510	0.02422	0.03028	0.02786	0.02180	0.02786	0.01938	0.02907	0.01453	0.01090	0.01090	0.00363	0.01453	0.00969	0.00484	0.01211
22	0.02187	0.05640	0.56031	0.03108	0.04719	0.02532	0.04029	0.03453	0.02302	0.03453	0.01957	0.02302	0.01381	0.01036	0.01036	0.00345	0.01611	0.00806	0.00460	0.01611
23	0.01382	0.00987	0.01326	0.01579	0.01665	0.00931	0.01105	0.01610	0.02140	0.02843	0.05980	0.54934	0.07095	0.03366	0.01406	0.00450	0.00679	0.08611	0.01011	0.00900
24	0.02699	0.02591	0.04426	0.06693	0.54879	0.02591	0.03346	0.03346	0.02483	0.03562	0.02051	0.02699	0.01727	0.00972	0.01079	0.00324	0.01295	0.00972	0.00540	0.01727
25	0.03689	0.02827	0.03015	0.02416	0.03208	0.03168	0.01962	0.36775	0.20338	0.06136	0.03197	0.03079	0.02324	0.01363	0.01097	0.00341	0.01093	0.01062	0.01097	0.01813
26	0.01508	0.01113	0.01408	0.01334	0.01607	0.01014	0.01001	0.01989	0.03002	0.04173	0.48246	0.08474	0.16471	0.02304	0.01286	0.00346	0.00520	0.02018	0.01174	0.01014
27	0.02903	0.02382	0.03144	0.02648	0.02901	0.03065	0.02191	0.08086	0.07360	0.09813	0.02208	0.02743	0.01822	0.01737	0.02775	0.00434	0.40681	0.01003	0.00710	0.01394
28	0.01465	0.01054	0.01388	0.01425	0.01612	0.00977	0.01023	0.01862	0.02724	0.03796	0.36775	0.27318	0.09171	0.02660	0.01324	0.00379	0.00557	0.02381	0.01132	0.00977
29	0.03371	0.03587	0.02727	0.02352	0.02978	0.28245	0.01811	0.11673	0.08249	0.03894	0.09511	0.03183	0.02939	0.01305	0.01034	0.00291	0.01384	0.00971	0.00803	0.09692
30	0.17135	0.01440	0.01640	0.01465	0.01898	0.01425	0.01143	0.02769	0.02817	0.11667	0.35535	0.06103	0.07195	0.01835	0.01123	0.00341	0.00646	0.01541	0.01104	0.01178

[dist]
# distance from previous block
# <min> <max>
0	1

[block]
# block no. 2 follows, 12 sequences, length 22
# corresponding to MSA columns:
# 163-184
name=unknown_C
#
# <colnr> <probs for GDERKNQSTAVLIFYWHMCP>
#	G	D	E	R	K	N	Q	S	T	A	V	L	I	F	Y	W	H	M	C	P
0	0.02719	0.18505	0.08549	0.02736	0.03647	0.12355	0.14793	0.03287	0.02504	0.03055	0.02834	0.03142	0.07178	0.01152	0.01006	0.00292	0.01410	0.00998	0.00585	0.09253
1	0.04157	0.01761	0.02258	0.01808	0.02524	0.01619	0.01468	0.04879	0.08313	0.41114	0.04186	0.03812	0.02783	0.01350	0.01039	0.00326	0.00847	0.01097	0.12966	0.01694
2	0.02278	0.01613	0.02104	0.07926	0.02666	0.01779	0.01526	0.03067	0.10441	0.09792	0.15273	0.11283	0.04945	0.11147	0.02153	0.00486	0.07794	0.01582	0.00938	0.01208
3	0.13656	0.02005	0.10180	0.01733	0.02232	0.01541	0.01543	0.02415	0.02128	0.06132	0.06785	0.19874	0.07593	0.09223	0.07632	0.00600	0.01121	0.01698	0.00809	0.01101
4	0.01452	0.01056	0.01368	0.01407	0.01603	0.00972	0.01011	0.01837	0.02697	0.03725	0.34629	0.26905	0.11913	0.02680	0.01323	0.00380	0.00558	0.02390	0.01122	0.00972
5	0.02232	0.02171	0.03846	0.43455	0.15604	0.02491	0.08730	0.02967	0.02280	0.03005	0.01989	0.02874	0.01525	0.01049	0.01111	0.00357	0.01471	0.01007	0.00502	0.01332
6	0.01339	0.00977	0.01261	0.01463	0.01573	0.00899	0.00993	0.01561	0.02200	0.02912	0.09915	0.51821	0.12547	0.03262	0.01373	0.00428	0.00616	0.02935	0.01025	0.00899
7	0.01705	0.02611	0.19679	0.01938	0.02641	0.01504	0.02008	0.02408	0.02643	0.03722	0.26365	0.12262	0.12171	0.02022	0.01214	0.00358	0.00899	0.01744	0.00910	0.01196
8	0.01491	0.01062	0.01213	0.01230	0.01345	0.01007	0.00779	0.01633	0.02013	0.02639	0.11599	0.13795	0.15570	0.35770	0.03686	0.00759	0.00839	0.01946	0.00839	0.00785
9	0.02730	0.12771	0.03496	0.02389	0.02798	0.03021	0.02035	0.03048	0.02017	0.08511	0.01838	0.02398	0.01592	0.01501	0.02362	0.00369	0.33650	0.00855	0.00597	0.12022
10	0.20914	0.02785	0.12326	0.21216	0.16410	0.02487	0.02764	0.03148	0.02181	0.03666	0.01851	0.02438	0.01428	0.01032	0.00963	0.00344	0.01276	0.00836	0.00546	0.01392
11	0.02518	0.01155	0.01329	0.01226	0.01553	0.01111	0.00931	0.02895	0.02331	0.12853	0.03491	0.03914	0.02672	0.01581	0.01233	0.08288	0.00633	0.01022	0.48162	0.01099
12	0.02240	0.02172	0.03061	0.02668	0.02702	0.02993	0.02206	0.02505	0.01684	0.02608	0.01692	0.02718	0.01658	0.03008	0.13010	0.00701	0.49730	0.00992	0.00496	0.01154
13	0.02372	0.02224	0.10577	0.01862	0.02549	0.01636	0.01713	0.08045	0.03089	0.09896	0.28806	0.05444	0.06115	0.01677	0.01148	0.00320	0.00843	0.01428	0.01021	0.09236
14	0.04073	0.05197	0.03090	0.02809	0.03371	0.57303	0.02107	0.04354	0.03090	0.02669	0.01685	0.01966	0.01404	0.01124	0.00983	0.00281	0.01966	0.00702	0.00562	0.01264
15	0.03349	0.02868	0.12572	0.03730	0.20414	0.02219	0.02610	0.07735	0.02834	0.19740	0.02756	0.02886	0.01962	0.01108	0.01049	0.00315	0.01178	0.00947	0.00829	0.08899
16	0.02203	0.01708	0.02836	0.11991	0.12451	0.01710	0.07219	0.02662	0.02335	0.08664	0.04070	0.29048	0.04244	0.02124	0.01246	0.00390	0.01042	0.01975	0.00831	0.01253
17	0.04073	0.05197	0.03090	0.02809	0.03371	0.57303	0.02107	0.04354	0.03090	0.02669	0.01685	0.01966	0.01404	0.01124	0.00983	0.00281	0.01966	0.00702	0.00562	0.01264
18	0.02526	0.11829	0.11813	0.01811	0.02562	0.01896	0.01750	0.03011	0.02511	0.14882	0.05864	0.11538	0.19890	0.01917	0.01118	0.00344	0.00930	0.01578	0.00905	0.01326
19	0.12629	0.01675	0.02194	0.02027	0.02241	0.02116	0.01634	0.02346	0.01745	0.02935	0.02260	0.03326	0.02100	0.05195	0.32537	0.01152	0.19236	0.01013	0.00567	0.01071
20	0.11226	0.03393	0.03217	0.12244	0.12919	0.20849	0.02355	0.13904	0.03132	0.04013	0.01971	0.02362	0.01540	0.01118	0.01004	0.00318	0.01469	0.00839	0.00673	0.01454
21	0.02574	0.02941	0.06434	0.04596	0.05699	0.02757	0.50919	0.03493	0.02574	0.03493	0.02206	0.02941	0.01654	0.00919	0.01287	0.00368	0.01838	0.01287	0.00551	0.01471

[dist]
# distance from previous block
# <min> <max>
0	16

[block]
# block no. 3 follows, 12 sequences, length 20
# corresponding to MSA columns:
# 201-220
name=unknown_D
#
# <colnr> <probs for GDERKNQSTAVLIFYWHMCP>
#	G	D	E	R	K	N	Q	S	T	A	V	L	I	F	Y	W	H	M	C	P
0	0.01937	0.01212	0.01524	0.01389	0.01750	0.01082	0.01062	0.02387	0.02959	0.10948	0.38056	0.08066	0.18991	0.02228	0.01261	0.00348	0.00578	0.01927	0.01179	0.01116
1	0.62915	0.02202	0.01768	0.01540	0.02235	0.02539	0.01269	0.07967	0.02180	0.05088	0.01627	0.01855	0.01248	0.01042	0.00716	0.00336	0.00879	0.00629	0.00716	0.01248
2	0.01324	0.01048	0.01192	0.01278	0.01525	0.00916	0.00912	0.01587	0.02387	0.03000	0.12639	0.28894	0.33527	0.02960	0.01326	0.00394	0.00579	0.02569	0.01027	0.00916
3	0.01962	0.01215	0.01570	0.01534	0.01862	0.01108	0.01197	0.02379	0.02757	0.10669	0.25414	0.15757	0.15506	0.02494	0.01313	0.00387	0.00678	0.09967	0.01130	0.01099
4	0.13192	0.02104	0.02733	0.02570	0.09803	0.02020	0.01827	0.09154	0.03056	0.37103	0.03462	0.03209	0.02283	0.01249	0.01037	0.00335	0.00992	0.01001	0.01124	0.01747
5	0.01349	0.01003	0.01258	0.01413	0.01565	0.00912	0.00976	0.01600	0.02304	0.03031	0.13545	0.43405	0.17415	0.03121	0.01356	0.00414	0.00600	0.02783	0.01038	0.00912
6	0.03729	0.03576	0.03423	0.02795	0.03539	0.22528	0.08593	0.15530	0.12144	0.09153	0.02701	0.02782	0.02001	0.01223	0.01082	0.00324	0.01479	0.00976	0.00854	0.01567
7	0.01367	0.01046	0.01255	0.01334	0.01554	0.00934	0.00950	0.01668	0.02477	0.03234	0.19753	0.29815	0.24902	0.02888	0.01329	0.00391	0.00575	0.02535	0.01059	0.00934
8	0.02210	0.01515	0.01670	0.01485	0.01980	0.01435	0.01158	0.07280	0.07875	0.10689	0.12515	0.07984	0.33474	0.02258	0.01226	0.00358	0.00692	0.01878	0.01092	0.01225
9	0.69383	0.02109	0.01603	0.01434	0.02109	0.02446	0.01181	0.03205	0.01856	0.04892	0.01518	0.01771	0.01181	0.01012	0.00675	0.00337	0.00843	0.00590	0.00675	0.01181
10	0.02201	0.10667	0.43695	0.02836	0.04196	0.02536	0.03507	0.03273	0.02322	0.03339	0.02430	0.03601	0.02046	0.01293	0.01066	0.00355	0.01485	0.07111	0.00535	0.01508
11	0.02514	0.01768	0.02434	0.05447	0.05722	0.01669	0.04163	0.03319	0.09316	0.12256	0.08086	0.17056	0.04071	0.01750	0.01131	0.00332	0.00889	0.01557	0.00939	0.15581
12	0.02213	0.01446	0.01738	0.01665	0.02011	0.01411	0.01234	0.10600	0.02845	0.09382	0.08768	0.33905	0.13126	0.02657	0.01286	0.00394	0.00744	0.02328	0.01073	0.01173
13	0.02619	0.02729	0.14228	0.09807	0.03639	0.02087	0.02236	0.09486	0.06950	0.09874	0.14614	0.04069	0.03837	0.01403	0.01099	0.00328	0.01071	0.01171	0.00883	0.07869
14	0.14628	0.02105	0.02926	0.14580	0.03998	0.02025	0.08371	0.02940	0.02211	0.03623	0.01897	0.02404	0.01505	0.00922	0.00910	0.00266	0.01095	0.00793	0.00603	0.32195
15	0.03136	0.12264	0.03704	0.02876	0.10098	0.02723	0.06597	0.14686	0.06652	0.09370	0.02620	0.03093	0.02095	0.06480	0.01410	0.00366	0.01161	0.00990	0.00803	0.08874
16	0.07997	0.06775	0.07379	0.02000	0.02882	0.02230	0.01801	0.13450	0.02891	0.04268	0.02544	0.03626	0.02228	0.01261	0.00966	0.00279	0.01020	0.07074	0.00765	0.28563
17	0.08170	0.05692	0.08418	0.07018	0.03209	0.02044	0.01871	0.03747	0.09203	0.15054	0.03143	0.08637	0.02552	0.01349	0.01003	0.00312	0.00993	0.01106	0.00857	0.15622
18	0.23237	0.02642	0.02880	0.02267	0.03077	0.09681	0.08171	0.07850	0.02717	0.14958	0.02365	0.02499	0.01709	0.01082	0.00940	0.00308	0.01172	0.00846	0.00815	0.10785
19	0.02831	0.02137	0.06873	0.06965	0.03103	0.01735	0.01757	0.07737	0.02632	0.14774	0.03057	0.10635	0.02609	0.01581	0.01268	0.05185	0.00983	0.01169	0.00847	0.22124

[dist]
# distance from previous block
# <min> <max>
11	88

[block]
# block no. 4 follows, 12 sequences, length 96
# corresponding to MSA columns:
# 312-372,377-411
name=unknown_E
#
# <colnr> <probs for GDERKNQSTAVLIFYWHMCP>
#	G	D	E	R	K	N	Q	S	T	A	V	L	I	F	Y	W	H	M	C	P
0	0.07992	0.02091	0.02638	0.12518	0.03624	0.02313	0.01932	0.04668	0.19532	0.21316	0.03510	0.03451	0.02484	0.01363	0.01251	0.00363	0.05283	0.01073	0.00999	0.01598
1	0.03202	0.02089	0.07369	0.07135	0.03037	0.01761	0.01786	0.08708	0.02876	0.23701	0.08365	0.10687	0.03724	0.08573	0.01655	0.00435	0.01014	0.01409	0.01027	0.01450
2	0.12527	0.16449	0.02961	0.01801	0.02521	0.02406	0.01548	0.03717	0.08317	0.14534	0.07685	0.04036	0.03143	0.01390	0.00965	0.00313	0.00922	0.05210	0.00890	0.08663
3	0.09756	0.01710	0.01996	0.01804	0.02274	0.01758	0.01458	0.12686	0.03193	0.09487	0.20043	0.10562	0.05819	0.02064	0.01213	0.00377	0.00836	0.10600	0.01083	0.01280
4	0.11833	0.02199	0.02445	0.01924	0.02737	0.06761	0.01565	0.04690	0.02875	0.39031	0.03474	0.03164	0.02284	0.01228	0.01005	0.00312	0.00999	0.00951	0.01120	0.09402
5	0.03266	0.25163	0.03784	0.08327	0.03284	0.02709	0.01801	0.03707	0.02488	0.18445	0.02473	0.02565	0.01833	0.01048	0.00883	0.00264	0.01054	0.00791	0.00766	0.15348
6	0.15127	0.01390	0.01678	0.08071	0.02488	0.01469	0.01405	0.02240	0.02339	0.03599	0.13879	0.20695	0.08554	0.02337	0.01210	0.00401	0.00810	0.10357	0.00918	0.01032
7	0.10670	0.13721	0.02986	0.02027	0.02677	0.15712	0.01632	0.04103	0.08285	0.15667	0.02774	0.03157	0.02202	0.08163	0.01467	0.00391	0.01221	0.00925	0.00818	0.01404
8	0.09568	0.01924	0.07981	0.01740	0.02336	0.01458	0.01509	0.02825	0.02419	0.13209	0.09034	0.22069	0.08011	0.02045	0.01135	0.00354	0.00827	0.01752	0.00951	0.08855
9	0.02961	0.44840	0.09897	0.02125	0.03051	0.10116	0.02086	0.03641	0.06978	0.02845	0.01846	0.02040	0.01575	0.01015	0.00802	0.00262	0.01273	0.00678	0.00536	0.01434
10	0.02812	0.01531	0.01945	0.01823	0.02263	0.01487	0.01393	0.03631	0.11765	0.20952	0.05130	0.27884	0.04915	0.02337	0.01249	0.00398	0.00800	0.05168	0.01143	0.01374
11	0.15982	0.11413	0.12837	0.08709	0.03535	0.02828	0.02314	0.03018	0.02028	0.03354	0.01673	0.02199	0.01390	0.01207	0.01508	0.00340	0.15313	0.00766	0.00533	0.09052
12	0.01961	0.01183	0.01522	0.01392	0.01712	0.01089	0.01060	0.02465	0.02998	0.09874	0.43043	0.07195	0.08603	0.02023	0.01205	0.00332	0.00558	0.01767	0.08898	0.01117
13	0.02915	0.62337	0.05714	0.01866	0.02799	0.04314	0.01866	0.03265	0.02215	0.02565	0.01516	0.01749	0.01399	0.00933	0.00700	0.00233	0.01166	0.00583	0.00466	0.01399
14	0.03220	0.02010	0.02379	0.01909	0.02663	0.01922	0.01526	0.07619	0.16345	0.19685	0.09016	0.03837	0.03350	0.01337	0.01046	0.00301	0.00854	0.01104	0.01071	0.18806
15	0.01782	0.01429	0.02103	0.02574	0.13525	0.01365	0.01545	0.02296	0.02860	0.04045	0.38193	0.11777	0.08092	0.02057	0.01250	0.00348	0.00700	0.01852	0.01035	0.01172
16	0.02712	0.02342	0.02465	0.02219	0.02835	0.02712	0.01726	0.05794	0.52909	0.04561	0.04438	0.04068	0.03328	0.01479	0.01109	0.00370	0.00863	0.01233	0.01109	0.01726
17	0.04892	0.01856	0.02530	0.01940	0.02783	0.01603	0.01603	0.05314	0.03121	0.55634	0.04302	0.03711	0.02699	0.01350	0.01096	0.00337	0.00928	0.01096	0.01350	0.01856
18	0.02806	0.02445	0.12457	0.08888	0.03668	0.01819	0.06802	0.03478	0.02691	0.18627	0.10461	0.05354	0.06628	0.01630	0.01191	0.00368	0.01135	0.07194	0.00928	0.01430
19	0.02481	0.02423	0.04286	0.23138	0.34206	0.02556	0.08644	0.03184	0.02397	0.03307	0.02033	0.02793	0.01632	0.01003	0.01106	0.00341	0.01407	0.01006	0.00523	0.01534
20	0.01293	0.01088	0.01122	0.01149	0.01484	0.00917	0.00848	0.01560	0.02442	0.02928	0.10502	0.15946	0.49335	0.02832	0.01300	0.00376	0.00561	0.02387	0.01012	0.00917
21	0.02168	0.08836	0.03769	0.40830	0.06237	0.02575	0.08267	0.02842	0.02189	0.02818	0.02014	0.02910	0.01592	0.01727	0.06419	0.00481	0.01605	0.00981	0.00500	0.01240
22	0.02376	0.15326	0.41024	0.02786	0.04165	0.02869	0.03383	0.03685	0.08030	0.03421	0.02160	0.02404	0.01605	0.01068	0.00985	0.00328	0.01447	0.00815	0.00535	0.01587
23	0.01522	0.01162	0.01416	0.01513	0.01719	0.01128	0.01071	0.02117	0.08195	0.03303	0.15387	0.37500	0.14093	0.02881	0.01325	0.00405	0.00626	0.02563	0.01058	0.01014
24	0.07549	0.02675	0.09507	0.03001	0.03841	0.02371	0.17911	0.07850	0.02692	0.12721	0.02855	0.03812	0.02277	0.01839	0.05439	0.00475	0.05601	0.05340	0.00776	0.01468
25	0.10039	0.01893	0.02895	0.22377	0.04512	0.02010	0.06714	0.03438	0.02539	0.16945	0.07686	0.04333	0.03016	0.01412	0.01122	0.00365	0.01161	0.05331	0.00848	0.01364
26	0.02321	0.01987	0.03737	0.13265	0.04364	0.01957	0.20450	0.02912	0.02401	0.08763	0.03632	0.22061	0.03554	0.01816	0.01265	0.00388	0.01274	0.01803	0.00777	0.01273
27	0.02699	0.02591	0.04426	0.06693	0.54879	0.02591	0.03346	0.03346	0.02483	0.03562	0.02051	0.02699	0.01727	0.00972	0.01079	0.00324	0.01295	0.00972	0.00540	0.01727
28	0.03044	0.17986	0.21531	0.02861	0.04031	0.02806	0.12840	0.03828	0.02520	0.14805	0.02422	0.02615	0.01735	0.01056	0.01021	0.00321	0.01400	0.00917	0.00678	0.01584
29	0.02965	0.02927	0.16076	0.08219	0.09820	0.02223	0.07193	0.03685	0.02487	0.16750	0.02714	0.03022	0.01948	0.01208	0.01289	0.00347	0.06619	0.00996	0.07977	0.01535
30	0.04892	0.01856	0.02530	0.01940	0.02783	0.01603	0.01603	0.05314	0.03121	0.55634	0.04302	0.03711	0.02699	0.01350	0.01096	0.00337	0.00928	0.01096	0.01350	0.01856
31	0.01543	0.01115	0.01457	0.01372	0.01629	0.01029	0.01029	0.02058	0.03086	0.04372	0.54304	0.08145	0.10288	0.02229	0.01286	0.00343	0.00514	0.01972	0.01200	0.01029
32	0.03829	0.14330	0.15426	0.02273	0.03283	0.07402	0.02253	0.04417	0.02761	0.28939	0.03006	0.02863	0.02036	0.01179	0.00998	0.00315	0.01224	0.00898	0.00909	0.01660
33	0.03050	0.02213	0.08490	0.25455	0.04800	0.01973	0.02384	0.03699	0.02642	0.22378	0.08851	0.03741	0.02921	0.01311	0.01109	0.00350	0.01170	0.01114	0.00881	0.01469
34	0.02187	0.05640	0.56031	0.03108	0.04719	0.02532	0.04029	0.03453	0.02302	0.03453	0.01957	0.02302	0.01381	0.01036	0.01036	0.00345	0.01611	0.00806	0.00460	0.01611
35	0.02865	0.58401	0.09206	0.01952	0.02932	0.04191	0.02016	0.03278	0.02221	0.02627	0.01546	0.01787	0.01398	0.00940	0.00723	0.00241	0.01197	0.00598	0.00466	0.01414
36	0.01558	0.01168	0.01752	0.01752	0.01947	0.01363	0.01363	0.01947	0.01752	0.02531	0.02921	0.04283	0.02726	0.08178	0.57360	0.01752	0.02921	0.01168	0.00584	0.00974
37	0.02915	0.62337	0.05714	0.01866	0.02799	0.04314	0.01866	0.03265	0.02215	0.02565	0.01516	0.01749	0.01399	0.00933	0.00700	0.00233	0.01166	0.00583	0.00466	0.01399
38	0.02277	0.05072	0.46806	0.02955	0.04395	0.02563	0.03632	0.03856	0.11018	0.03644	0.02384	0.02606	0.01717	0.01112	0.01049	0.00350	0.01483	0.00879	0.00572	0.01631
39	0.04892	0.01856	0.02530	0.01940	0.02783	0.01603	0.01603	0.05314	0.03121	0.55634	0.04302	0.03711	0.02699	0.01350	0.01096	0.00337	0.00928	0.01096	0.01350	0.01856
40	0.02699	0.02591	0.04426	0.06693	0.54879	0.02591	0.03346	0.03346	0.02483	0.03562	0.02051	0.02699	0.01727	0.00972	0.01079	0.00324	0.01295	0.00972	0.00540	0.01727
41	0.02361	0.01888	0.03097	0.49227	0.06665	0.02261	0.02792	0.03040	0.02306	0.08779	0.02432	0.03555	0.01880	0.01233	0.01116	0.00369	0.01367	0.03748	0.00613	0.01272
42	0.01328	0.00949	0.01265	0.01518	0.01581	0.00886	0.01012	0.01518	0.02088	0.02783	0.06010	0.60969	0.07212	0.03416	0.01392	0.00443	0.00633	0.03100	0.01012	0.00886
43	0.02463	0.02350	0.04000	0.26005	0.37410	0.02529	0.03229	0.03140	0.02371	0.03276	0.02009	0.02775	0.01626	0.01015	0.01083	0.00338	0.01354	0.00971	0.00519	0.01537
44	0.09635	0.28827	0.03828	0.01928	0.02698	0.06202	0.01697	0.08956	0.02715	0.13082	0.02650	0.08621	0.02298	0.01339	0.00906	0.00298	0.01084	0.01002	0.00784	0.01451
45	0.12807	0.01819	0.02100	0.01732	0.02340	0.01818	0.01393	0.11758	0.03217	0.21086	0.18484	0.04593	0.04608	0.01551	0.01068	0.00332	0.00810	0.01260	0.05771	0.01454
46	0.01367	0.01123	0.01213	0.01234	0.01578	0.00969	0.00955	0.01692	0.02545	0.03118	0.14551	0.10479	0.44678	0.02740	0.01314	0.00381	0.00601	0.07493	0.01029	0.00940
47	0.03334	0.22841	0.16683	0.02468	0.03463	0.15953	0.02445	0.09294	0.02861	0.08173	0.02045	0.02214	0.01568	0.01084	0.00929	0.00292	0.01443	0.00758	0.00640	0.01513
48	0.02446	0.02050	0.03411	0.44045	0.15728	0.02375	0.02951	0.03129	0.02325	0.07954	0.02183	0.02945	0.01622	0.01093	0.01089	0.00354	0.01375	0.00982	0.00577	0.01367
49	0.01328	0.00949	0.01265	0.01518	0.01581	0.00886	0.01012	0.01518	0.02088	0.02783	0.06010	0.60969	0.07212	0.03416	0.01392	0.00443	0.00633	0.03100	0.01012	0.00886
50	0.02371	0.02155	0.03584	0.26657	0.30152	0.02346	0.02928	0.03034	0.02341	0.03314	0.02177	0.02936	0.01741	0.01052	0.01048	0.00331	0.01268	0.00976	0.08144	0.01443
51	0.03482	0.02641	0.12439	0.02669	0.09022	0.01990	0.02202	0.09398	0.03119	0.25710	0.12033	0.03976	0.03557	0.01395	0.01115	0.00337	0.01055	0.01167	0.01038	0.01654
52	0.01850	0.01149	0.01458	0.01388	0.01602	0.01076	0.00972	0.02165	0.02528	0.08393	0.28886	0.13417	0.07330	0.20024	0.02552	0.00567	0.00729	0.01901	0.01032	0.00981
53	0.62416	0.02081	0.01703	0.01489	0.02182	0.02355	0.01226	0.03433	0.01992	0.10373	0.01819	0.01981	0.01345	0.01049	0.00720	0.00337	0.00853	0.00645	0.00748	0.01254
54	0.09616	0.02059	0.03182	0.02460	0.03218	0.01977	0.13387	0.04129	0.08240	0.23312	0.12695	0.04191	0.03759	0.01388	0.01138	0.00349	0.01057	0.01269	0.01039	0.01533
55	0.03074	0.02400	0.04112	0.11409	0.33221	0.02382	0.08082	0.03713	0.02593	0.14431	0.02529	0.02962	0.01893	0.01059	0.01107	0.00336	0.01295	0.01032	0.00705	0.01668
56	0.01420	0.01093	0.01298	0.01282	0.01562	0.00971	0.00948	0.01805	0.02742	0.03639	0.32054	0.14776	0.27340	0.02567	0.01298	0.00364	0.00542	0.02223	0.01106	0.00971
57	0.08946	0.02137	0.02892	0.02835	0.12334	0.02035	0.01943	0.09767	0.03132	0.37269	0.03512	0.03271	0.02323	0.01252	0.01063	0.00334	0.01019	0.01026	0.01126	0.01784
58	0.10235	0.09060	0.09163	0.02904	0.03803	0.02419	0.20692	0.03379	0.02585	0.09729	0.11805	0.03660	0.03248	0.01232	0.01108	0.00340	0.01284	0.01189	0.00758	0.01407
59	0.01328	0.00949	0.01265	0.01518	0.01581	0.00886	0.01012	0.01518	0.02088	0.02783	0.06010	0.60969	0.07212	0.03416	0.01392	0.00443	0.00633	0.03100	0.01012	0.00886
60	0.02258	0.05146	0.46955	0.03380	0.04898	0.02573	0.12609	0.03460	0.02352	0.03460	0.02002	0.02419	0.01431	0.01015	0.01082	0.00349	0.01653	0.00894	0.00477	0.01586
61	0.04397	0.02548	0.12321	0.02154	0.03138	0.01773	0.02046	0.04973	0.02971	0.46086	0.03873	0.03453	0.02458	0.01292	0.01085	0.00339	0.01053	0.01043	0.01187	0.01811
62	0.02252	0.02834	0.13444	0.33775	0.15752	0.02506	0.07825	0.03081	0.02297	0.03121	0.01988	0.02760	0.01511	0.01042	0.01097	0.00353	0.01489	0.00970	0.00497	0.01406
63	0.02699	0.02591	0.04426	0.06693	0.54879	0.02591	0.03346	0.03346	0.02483	0.03562	0.02051	0.02699	0.01727	0.00972	0.01079	0.00324	0.01295	0.00972	0.00540	0.01727
64	0.02404	0.01778	0.02690	0.31379	0.05043	0.02017	0.02349	0.06383	0.02562	0.09181	0.03422	0.10219	0.03149	0.01746	0.01205	0.00394	0.01207	0.10831	0.00783	0.01259
65	0.04225	0.02344	0.02785	0.12534	0.03760	0.08314	0.01956	0.08091	0.03091	0.36290	0.03444	0.03283	0.02260	0.01273	0.01082	0.00335	0.01164	0.01019	0.01081	0.01669
66	0.04892	0.01856	0.02530	0.01940	0.02783	0.01603	0.01603	0.05314	0.03121	0.55634	0.04302	0.03711	0.02699	0.01350	0.01096	0.00337	0.00928	0.01096	0.01350	0.01856
67	0.01525	0.01114	0.01432	0.01352	0.01618	0.01021	0.01014	0.02022	0.03043	0.04268	0.51148	0.08316	0.13509	0.02268	0.01286	0.00345	0.00517	0.01996	0.01187	0.01021
68	0.02612	0.15158	0.34660	0.09208	0.04470	0.02740	0.03242	0.03553	0.02365	0.09136	0.02140	0.02431	0.01542	0.01059	0.00988	0.00326	0.01434	0.00817	0.00565	0.01554
69	0.03588	0.01813	0.02660	0.06620	0.11835	0.01692	0.01879	0.04052	0.02823	0.32021	0.08702	0.10514	0.03688	0.01589	0.01145	0.00350	0.00954	0.01381	0.01097	0.01598
70	0.02187	0.05640	0.56031	0.03108	0.04719	0.02532	0.04029	0.03453	0.02302	0.03453	0.01957	0.02302	0.01381	0.01036	0.01036	0.00345	0.01611	0.00806	0.00460	0.01611
71	0.02915	0.62337	0.05714	0.01866	0.02799	0.04314	0.01866	0.03265	0.02215	0.02565	0.01516	0.01749	0.01399	0.00933	0.00700	0.00233	0.01166	0.00583	0.00466	0.01399
72	0.01558	0.01168	0.01752	0.01752	0.01947	0.01363	0.01363	0.01947	0.01752	0.02531	0.02921	0.04283	0.02726	0.08178	0.57360	0.01752	0.02921	0.01168	0.00584	0.00974
73	0.02864	0.58349	0.09253	0.01953	0.02934	0.04189	0.02018	0.03278	0.02222	0.02628	0.01547	0.01788	0.01398	0.00940	0.00723	0.00241	0.01197	0.00599	0.00466	0.01414
74	0.02417	0.02356	0.11834	0.02055	0.02694	0.01831	0.01856	0.03704	0.17003	0.11162	0.09788	0.19953	0.04713	0.01999	0.01192	0.00378	0.00908	0.01734	0.01008	0.01415
75	0.04892	0.01856	0.02530	0.01940	0.02783	0.01603	0.01603	0.05314	0.03121	0.55634	0.04302	0.03711	0.02699	0.01350	0.01096	0.00337	0.00928	0.01096	0.01350	0.01856
76	0.02699	0.02591	0.04426	0.06693	0.54879	0.02591	0.03346	0.03346	0.02483	0.03562	0.02051	0.02699	0.01727	0.00972	0.01079	0.00324	0.01295	0.00972	0.00540	0.01727
77	0.02837	0.02246	0.08486	0.12494	0.03623	0.01979	0.02046	0.08115	0.08588	0.15959	0.06766	0.14985	0.03661	0.01741	0.01159	0.00367	0.01037	0.01495	0.00962	0.01453
78	0.01311	0.01016	0.01196	0.01341	0.01535	0.00901	0.00933	0.01538	0.02258	0.02853	0.08170	0.39314	0.27472	0.03135	0.01347	0.00411	0.00598	0.02757	0.01012	0.00901
79	0.02699	0.02591	0.04426	0.06693	0.54879	0.02591	0.03346	0.03346	0.02483	0.03562	0.02051	0.02699	0.01727	0.00972	0.01079	0.00324	0.01295	0.00972	0.00540	0.01727
80	0.03096	0.01715	0.02455	0.02002	0.02617	0.01565	0.06681	0.06753	0.02911	0.24492	0.09123	0.14589	0.13295	0.01965	0.01214	0.00363	0.00897	0.01725	0.01117	0.01422
81	0.02478	0.25208	0.33721	0.02815	0.04141	0.03177	0.07731	0.03391	0.02298	0.03146	0.01826	0.02169	0.01414	0.00989	0.00942	0.00308	0.01477	0.00774	0.00471	0.01524
82	0.01318	0.01106	0.01145	0.01135	0.01490	0.00933	0.00851	0.01621	0.02554	0.03107	0.15955	0.10227	0.49426	0.02701	0.01288	0.00365	0.00548	0.02264	0.01034	0.00933
83	0.02670	0.43231	0.22670	0.02284	0.03446	0.03714	0.02595	0.03328	0.02245	0.02864	0.01664	0.01935	0.01393	0.00968	0.00813	0.00271	0.01316	0.00658	0.00464	0.01471
84	0.02496	0.02384	0.04060	0.23273	0.39881	0.02537	0.03246	0.03169	0.02387	0.03316	0.02015	0.02765	0.01640	0.01009	0.01083	0.00336	0.01345	0.00971	0.00522	0.01564
85	0.01546	0.01104	0.01515	0.01767	0.01925	0.01073	0.01390	0.01894	0.02302	0.03027	0.05890	0.36291	0.06737	0.03211	0.01450	0.00473	0.00821	0.25633	0.01008	0.00946
86	0.02395	0.09038	0.03553	0.46038	0.06497	0.02750	0.02785	0.08341	0.02519	0.03224	0.01966	0.02740	0.01493	0.01097	0.01045	0.00344	0.01392	0.00926	0.00551	0.01306
87	0.03260	0.06538	0.06656	0.08529	0.03314	0.02308	0.01918	0.16679	0.03160	0.16647	0.03283	0.09656	0.02769	0.08446	0.01608	0.00425	0.01113	0.01266	0.00936	0.01489
88	0.04213	0.09684	0.09089	0.02196	0.03113	0.07296	0.01997	0.08967	0.03103	0.34275	0.03320	0.03065	0.02204	0.01241	0.01033	0.00320	0.01153	0.00958	0.01051	0.01721
89	0.48163	0.02036	0.01987	0.08081	0.02864	0.02266	0.01479	0.03602	0.02159	0.15337	0.02152	0.02309	0.01531	0.01092	0.00811	0.00340	0.00930	0.00740	0.00795	0.01326
90	0.19188	0.06486	0.11361	0.01870	0.02532	0.02033	0.01757	0.02954	0.02041	0.09265	0.02521	0.03399	0.02154	0.10047	0.17113	0.00808	0.01610	0.00960	0.00673	0.01229
91	0.19184	0.08258	0.13572	0.02025	0.02913	0.02334	0.01989	0.08133	0.02749	0.15735	0.09894	0.03302	0.02948	0.01287	0.00972	0.00329	0.01037	0.00982	0.00876	0.01482
92	0.03433	0.08784	0.14117	0.02905	0.09324	0.07804	0.02441	0.09457	0.10145	0.16446	0.02895	0.02893	0.02074	0.01196	0.01036	0.00326	0.01251	0.00945	0.00856	0.01674
93	0.03969	0.01991	0.02482	0.01950	0.02732	0.01865	0.01585	0.10097	0.08907	0.33906	0.08427	0.03873	0.03248	0.01381	0.01083	0.00321	0.00901	0.01130	0.01203	0.08948
94	0.02303	0.01699	0.02000	0.01923	0.02281	0.01805	0.01516	0.13289	0.08679	0.03933	0.04526	0.15233	0.04667	0.13252	0.02092	0.00541	0.00988	0.17102	0.00974	0.01196
95	0.19815	0.02047	0.02164	0.01864	0.02481	0.02203	0.01480	0.11711	0.13331	0.13601	0.08107	0.10021	0.03513	0.01600	0.01043	0.00355	0.00867	0.01286	0.01036	0.01473

[dist]
# distance from previous block
# <min> <max>
48	240

[block]
# block no. 5 follows, 12 sequences, length 26
# corresponding to MSA columns:
# 691-716
name=unknown_F
#
# <colnr> <probs for GDERKNQSTAVLIFYWHMCP>
#	G	D	E	R	K	N	Q	S	T	A	V	L	I	F	Y	W	H	M	C	P
0	0.10336	0.01770	0.09123	0.01734	0.02098	0.01324	0.01465	0.02015	0.02088	0.03154	0.04845	0.44870	0.05592	0.02763	0.01247	0.00415	0.00800	0.02445	0.00889	0.01028
1	0.02526	0.02325	0.09843	0.01864	0.02788	0.01556	0.01693	0.03074	0.02374	0.11294	0.02829	0.10150	0.02476	0.01262	0.00960	0.00251	0.00918	0.01057	0.00773	0.39988
2	0.11701	0.02469	0.09902	0.01941	0.02849	0.01871	0.01777	0.07105	0.02621	0.16238	0.02847	0.07605	0.02280	0.01257	0.00963	0.00289	0.00970	0.01004	0.00855	0.23457
3	0.11020	0.01946	0.02131	0.01670	0.02484	0.01721	0.01319	0.03151	0.09422	0.03815	0.02538	0.06752	0.02212	0.01121	0.00876	0.00235	0.00807	0.00902	0.00743	0.45134
4	0.02367	0.13264	0.24797	0.02378	0.03347	0.02371	0.02590	0.03304	0.06200	0.07090	0.03321	0.12124	0.03100	0.01673	0.01102	0.00362	0.01212	0.07252	0.00726	0.01420
5	0.11088	0.02163	0.03020	0.02195	0.03152	0.01847	0.11324	0.02957	0.02271	0.03716	0.01937	0.02335	0.01566	0.00857	0.00887	0.00226	0.01021	0.00768	0.00631	0.46040
6	0.01705	0.01548	0.01499	0.01601	0.01803	0.08274	0.01127	0.01958	0.02400	0.02979	0.11853	0.38806	0.14633	0.02871	0.01309	0.00398	0.00780	0.02524	0.00975	0.00957
7	0.03954	0.02939	0.02951	0.02300	0.03143	0.09790	0.01865	0.29041	0.04035	0.14314	0.02678	0.02665	0.01904	0.01209	0.01031	0.00295	0.01187	0.00910	0.00993	0.12795
8	0.15154	0.02035	0.02468	0.09285	0.03289	0.01979	0.01685	0.08058	0.02757	0.23728	0.02820	0.02841	0.01950	0.01130	0.00956	0.00300	0.00978	0.00879	0.00936	0.16773
9	0.04518	0.02456	0.02902	0.02225	0.03083	0.02493	0.01838	0.28307	0.04125	0.31222	0.03459	0.03164	0.02276	0.01329	0.01094	0.00332	0.01064	0.01039	0.01220	0.01855
10	0.02447	0.11787	0.18178	0.02056	0.02883	0.02063	0.02130	0.03082	0.02519	0.11172	0.12701	0.05183	0.06975	0.06859	0.01487	0.00403	0.01083	0.04831	0.00822	0.01339
11	0.03758	0.02896	0.14914	0.02619	0.03651	0.02078	0.09516	0.04673	0.07224	0.31851	0.03483	0.03316	0.02307	0.01227	0.01113	0.00346	0.01209	0.01073	0.01013	0.01733
12	0.07638	0.02218	0.03425	0.12567	0.31486	0.02333	0.02644	0.03277	0.06902	0.03764	0.10008	0.03590	0.03065	0.01224	0.01083	0.00337	0.01128	0.01114	0.00691	0.01506
13	0.02940	0.42287	0.15540	0.02259	0.03274	0.11868	0.02341	0.03466	0.02364	0.02761	0.01631	0.01894	0.01396	0.00982	0.00810	0.00263	0.01376	0.00646	0.00479	0.01422
14	0.04222	0.01820	0.02413	0.01978	0.02714	0.01667	0.01637	0.04927	0.08132	0.42933	0.04526	0.04973	0.03274	0.01600	0.01156	0.00364	0.00932	0.07737	0.01276	0.01721
15	0.11991	0.08899	0.26800	0.06902	0.03991	0.02613	0.02815	0.08523	0.02636	0.11666	0.02276	0.02472	0.01606	0.01103	0.00977	0.00333	0.01312	0.00832	0.00689	0.01565
16	0.11471	0.02642	0.12336	0.01929	0.02958	0.01812	0.01847	0.03388	0.02366	0.12831	0.02301	0.02459	0.01704	0.00972	0.00884	0.00250	0.00984	0.00748	0.00738	0.35379
17	0.01413	0.01053	0.01328	0.01472	0.01661	0.00968	0.01079	0.01717	0.02390	0.03131	0.14481	0.34497	0.18285	0.03029	0.01368	0.00419	0.00649	0.09087	0.01040	0.00932
18	0.05894	0.02001	0.11296	0.01667	0.02176	0.01384	0.01518	0.02315	0.02295	0.06574	0.13174	0.11734	0.14435	0.10726	0.02067	0.06282	0.00894	0.01659	0.00849	0.01061
19	0.03085	0.18125	0.21820	0.02348	0.03416	0.02714	0.02505	0.08542	0.02731	0.14947	0.02776	0.07534	0.02222	0.01311	0.01002	0.00322	0.01226	0.01029	0.00768	0.01575
20	0.02567	0.01694	0.06383	0.01743	0.02259	0.01294	0.01477	0.02986	0.02616	0.19707	0.10774	0.22382	0.12287	0.02322	0.01250	0.00384	0.00808	0.04698	0.01090	0.01280
21	0.03014	0.01397	0.01787	0.01553	0.01931	0.01279	0.01111	0.03219	0.02312	0.25724	0.04080	0.11141	0.03740	0.29178	0.03165	0.00678	0.00957	0.01526	0.01000	0.01209
22	0.53194	0.02605	0.07414	0.01759	0.02558	0.02588	0.01600	0.10084	0.02368	0.05027	0.01720	0.01946	0.01297	0.01057	0.00771	0.00337	0.00973	0.00668	0.00712	0.01321
23	0.11625	0.07984	0.33451	0.02542	0.03812	0.02424	0.02963	0.03833	0.02425	0.15500	0.02406	0.02519	0.01657	0.01098	0.00981	0.00335	0.01326	0.00830	0.00692	0.01597
24	0.07711	0.14794	0.06730	0.01853	0.02356	0.02182	0.01659	0.02454	0.01903	0.02811	0.02424	0.03370	0.02205	0.05455	0.35979	0.01196	0.02264	0.00965	0.00557	0.01132
25	0.01887	0.01217	0.01643	0.06360	0.02199	0.01176	0.01227	0.02362	0.02799	0.08468	0.34189	0.14957	0.07817	0.02159	0.01228	0.00352	0.00648	0.01905	0.06314	0.01094

[dist]
# distance from previous block
# <min> <max>
4	37

[block]
# block no. 6 follows, 12 sequences, length 15
# corresponding to MSA columns:
# 755-769
name=unknown_G
#
# <colnr> <probs for GDERKNQSTAVLIFYWHMCP>
#	G	D	E	R	K	N	Q	S	T	A	V	L	I	F	Y	W	H	M	C	P
0	0.10151	0.08138	0.18490	0.02216	0.03189	0.02229	0.02263	0.06874	0.02679	0.21126	0.03168	0.09462	0.02506	0.01422	0.01035	0.00342	0.01126	0.01138	0.00885	0.01562
1	0.22092	0.29254	0.07354	0.01843	0.02731	0.03119	0.01767	0.03672	0.02301	0.13937	0.02106	0.02187	0.01597	0.01046	0.00795	0.00291	0.01057	0.00703	0.00702	0.01443
2	0.02807	0.09430	0.03945	0.03826	0.20028	0.02766	0.07350	0.08831	0.13762	0.04005	0.02573	0.02848	0.02031	0.01087	0.01029	0.00307	0.01167	0.00975	0.00729	0.10506
3	0.02618	0.02315	0.03055	0.39780	0.05956	0.08724	0.02569	0.03232	0.02396	0.08402	0.02156	0.02805	0.01597	0.01089	0.01046	0.00328	0.01385	0.00913	0.00603	0.09033
4	0.02523	0.27953	0.30072	0.02788	0.04068	0.03270	0.08718	0.03383	0.02300	0.03103	0.01810	0.02157	0.01421	0.00981	0.00931	0.00303	0.01460	0.00774	0.00474	0.01510
5	0.02886	0.01926	0.01987	0.01783	0.02242	0.07880	0.01341	0.03555	0.09315	0.18076	0.09903	0.13462	0.09573	0.09022	0.01695	0.00440	0.00931	0.01632	0.01046	0.01307
6	0.02063	0.01180	0.01413	0.01318	0.01468	0.01134	0.00837	0.02179	0.01967	0.10155	0.08895	0.06742	0.04443	0.46650	0.04453	0.00877	0.00981	0.01555	0.00818	0.00874
7	0.09878	0.01988	0.02994	0.32638	0.10541	0.02399	0.02526	0.02785	0.02214	0.03277	0.08035	0.03305	0.02494	0.01312	0.01394	0.00369	0.08974	0.01042	0.00596	0.01238
8	0.02993	0.02479	0.02529	0.02185	0.02781	0.06200	0.01710	0.19740	0.22852	0.04968	0.09010	0.10441	0.03886	0.01701	0.01146	0.00356	0.00985	0.01407	0.01065	0.01568
9	0.01397	0.00999	0.01338	0.01550	0.01655	0.00940	0.01089	0.01657	0.02248	0.03020	0.11705	0.49809	0.07481	0.03235	0.01391	0.00437	0.00656	0.07444	0.01034	0.00915
10	0.02992	0.01341	0.01649	0.01418	0.01888	0.01233	0.01117	0.03470	0.02735	0.22998	0.12885	0.04663	0.04097	0.01470	0.00978	0.00300	0.00663	0.01216	0.31560	0.01326
11	0.06469	0.02505	0.03639	0.32547	0.12463	0.08090	0.07780	0.03103	0.02290	0.03063	0.01887	0.02675	0.01487	0.01125	0.01286	0.00358	0.06456	0.00951	0.00517	0.01308
12	0.02117	0.01695	0.02046	0.01929	0.02259	0.01878	0.01501	0.07143	0.15193	0.03995	0.16681	0.17939	0.05852	0.02268	0.01508	0.00400	0.06873	0.06435	0.01033	0.01256
13	0.01876	0.01125	0.01490	0.01571	0.01768	0.01048	0.01128	0.02144	0.02321	0.09674	0.10887	0.37293	0.06548	0.09024	0.01785	0.00488	0.00738	0.07040	0.01039	0.01014
14	0.18833	0.02204	0.02832	0.10470	0.03616	0.02378	0.06915	0.09413	0.10438	0.13662	0.06254	0.03280	0.02556	0.01261	0.01030	0.00348	0.01074	0.01044	0.00904	0.01487

[dist]
# distance from previous block
# <min> <max>
0	1

[block]
# block no. 7 follows, 12 sequences, length 25
# corresponding to MSA columns:
# 771-795
name=unknown_H
#
# <colnr> <probs for GDERKNQSTAVLIFYWHMCP>
#	G	D	E	R	K	N	Q	S	T	A	V	L	I	F	Y	W	H	M	C	P
0	0.02532	0.02016	0.03251	0.30294	0.19425	0.02191	0.02680	0.03145	0.02425	0.10114	0.03305	0.03805	0.07620	0.01279	0.01110	0.00349	0.01238	0.01136	0.00675	0.01409
1	0.13990	0.01561	0.01797	0.01628	0.02120	0.01546	0.01256	0.03533	0.06530	0.20769	0.04229	0.19682	0.03790	0.01878	0.01064	0.00358	0.00765	0.01579	0.10589	0.01339
2	0.01564	0.01061	0.01345	0.01506	0.01613	0.01036	0.01077	0.01803	0.02066	0.02816	0.05024	0.29084	0.05703	0.19640	0.02546	0.00616	0.00835	0.13492	0.06312	0.00862
3	0.02672	0.02594	0.03227	0.11439	0.20646	0.10259	0.02448	0.03476	0.08028	0.03387	0.02382	0.02928	0.01935	0.01234	0.01361	0.00339	0.09089	0.00966	0.10172	0.01418
4	0.02915	0.62337	0.05714	0.01866	0.02799	0.04314	0.01866	0.03265	0.02215	0.02565	0.01516	0.01749	0.01399	0.00933	0.00700	0.00233	0.01166	0.00583	0.00466	0.01399
5	0.02613	0.02503	0.04271	0.13722	0.48521	0.02568	0.03304	0.03271	0.02442	0.03458	0.02036	0.02727	0.01690	0.00987	0.01081	0.00329	0.01317	0.00971	0.00532	0.01658
6	0.01507	0.01113	0.01407	0.01334	0.01607	0.01013	0.01000	0.01987	0.03001	0.04169	0.48136	0.08480	0.16583	0.02305	0.01286	0.00347	0.00520	0.02019	0.01174	0.01013
7	0.04383	0.01872	0.02478	0.01877	0.02745	0.01574	0.01543	0.04817	0.02955	0.45567	0.03845	0.03431	0.02490	0.01245	0.01041	0.00303	0.00905	0.01009	0.01214	0.14708
8	0.11560	0.03827	0.02829	0.02425	0.03105	0.31496	0.01890	0.11118	0.03249	0.14914	0.02363	0.02413	0.01722	0.01186	0.00988	0.00306	0.01508	0.00814	0.00819	0.01466
