[name]
unknown

[dist]
# distance from previous block
# <min> <max>
0	34

[block]
# block no. 0 follows, 12 sequences, length 37
# corresponding to MSA columns:
# 117-153
name=unknown_A
#
# <colnr> <probs for GDERKNQSTAVLIFYWHMCP>
#	G	D	E	R	K	N	Q	S	T	A	V	L	I	F	Y	W	H	M	C	P
0	0.09577	0.02082	0.02273	0.01844	0.02499	0.02169	0.01494	0.21878	0.03588	0.14756	0.08010	0.04180	0.07882	0.01499	0.01038	0.00324	0.00891	0.01181	0.11332	0.01505
1	0.02256	0.01177	0.01457	0.01396	0.01688	0.01098	0.01021	0.02621	0.02468	0.13218	0.13376	0.19539	0.05352	0.07659	0.01527	0.00409	0.00671	0.01787	0.20171	0.01108
2	0.01849	0.01172	0.01424	0.01328	0.01591	0.01075	0.00944	0.02162	0.02548	0.08675	0.26600	0.07842	0.15932	0.19254	0.02487	0.00551	0.00719	0.01834	0.01026	0.00987
3	0.02535	0.02050	0.02428	0.02177	0.02507	0.06765	0.01736	0.06332	0.06391	0.08178	0.02749	0.03512	0.02336	0.04618	0.27680	0.01019	0.13951	0.01071	0.00712	0.01251
4	0.02127	0.01228	0.01608	0.01468	0.01790	0.01122	0.01095	0.02550	0.02868	0.13185	0.36561	0.11687	0.08082	0.07737	0.01660	0.00417	0.00649	0.01874	0.01161	0.01130
5	0.01519	0.01080	0.01319	0.01298	0.01460	0.01018	0.00883	0.01809	0.02435	0.03342	0.29131	0.12292	0.11581	0.22927	0.02769	0.00600	0.00715	0.01958	0.00983	0.00881
6	0.08333	0.02697	0.03334	0.19084	0.13552	0.08374	0.02547	0.12981	0.02826	0.03896	0.01960	0.02542	0.01554	0.01236	0.01426	0.00356	0.10315	0.00912	0.00641	0.01435
7	0.02780	0.03911	0.17744	0.14261	0.04456	0.16578	0.02733	0.04156	0.15637	0.03404	0.02529	0.02799	0.01908	0.01185	0.01053	0.00339	0.01475	0.00924	0.00660	0.01470
8	0.01894	0.01696	0.02042	0.01968	0.02181	0.07245	0.01538	0.02258	0.01880	0.02554	0.02650	0.03864	0.02466	0.06852	0.46409	0.01479	0.08330	0.01100	0.00571	0.01024
9	0.31744	0.01614	0.01584	0.01421	0.01918	0.01706	0.01126	0.02923	0.02474	0.09544	0.21493	0.04530	0.04846	0.01519	0.00950	0.00332	0.00699	0.01190	0.07212	0.01175
10	0.02358	0.01280	0.01621	0.01474	0.01854	0.01143	0.01103	0.02704	0.02687	0.17255	0.20772	0.14791	0.15609	0.08312	0.01685	0.00433	0.00703	0.01923	0.01123	0.01170
11	0.02162	0.14182	0.26895	0.02316	0.03209	0.02497	0.02539	0.02815	0.02028	0.02841	0.02257	0.03594	0.02128	0.18448	0.02482	0.00540	0.06279	0.01002	0.00520	0.01266
12	0.01462	0.01035	0.01327	0.01399	0.01527	0.00974	0.00953	0.01745	0.02390	0.03289	0.24693	0.29978	0.07827	0.13801	0.02124	0.00518	0.00665	0.02370	0.01021	0.00901
13	0.03077	0.02472	0.02657	0.02291	0.02957	0.02798	0.01836	0.19616	0.33841	0.05170	0.03984	0.04308	0.03118	0.01555	0.01137	0.00368	0.00979	0.05037	0.01095	0.01705
14	0.02209	0.01604	0.02428	0.03076	0.17075	0.01543	0.01859	0.02692	0.02650	0.08901	0.18185	0.16210	0.05900	0.02112	0.01260	0.00379	0.00876	0.08793	0.00963	0.01283
15	0.01916	0.01139	0.01270	0.01179	0.01508	0.01065	0.00893	0.02423	0.02513	0.04101	0.17915	0.05048	0.04818	0.01497	0.00917	0.00270	0.00541	0.01252	0.41817	0.07920
16	0.01934	0.01510	0.01744	0.01670	0.02041	0.01544	0.01285	0.06669	0.13139	0.04001	0.19868	0.15796	0.15554	0.02355	0.01271	0.00382	0.00713	0.06240	0.01091	0.01194
17	0.69383	0.02109	0.01603	0.01434	0.02109	0.02446	0.01181	0.03205	0.01856	0.04892	0.01518	0.01771	0.01181	0.01012	0.00675	0.00337	0.00843	0.00590	0.00675	0.01181
18	0.02165	0.01837	0.02159	0.01605	0.02481	0.01395	0.01263	0.02620	0.02243	0.03474	0.02355	0.08277	0.02189	0.01075	0.00867	0.00190	0.00790	0.00897	0.00684	0.61433
19	0.04145	0.03054	0.03272	0.02509	0.03381	0.03381	0.02072	0.51243	0.05127	0.06872	0.02618	0.02618	0.01854	0.01309	0.01091	0.00327	0.01200	0.00982	0.01091	0.01854
20	0.01757	0.01255	0.01757	0.02008	0.02259	0.01255	0.01757	0.02259	0.02510	0.03263	0.05773	0.12299	0.06275	0.03012	0.01506	0.00502	0.01004	0.47540	0.01004	0.01004
21	0.01836	0.01347	0.01768	0.05882	0.02341	0.01407	0.01436	0.06940	0.02421	0.03214	0.04719	0.26304	0.05220	0.11682	0.05842	0.00620	0.01067	0.14040	0.00899	0.01013
22	0.02261	0.01938	0.02261	0.01615	0.02584	0.01453	0.01292	0.02745	0.02261	0.03553	0.01938	0.02261	0.01615	0.00807	0.00807	0.00161	0.00807	0.00646	0.00646	0.68346
23	0.02712	0.02342	0.02465	0.02219	0.02835	0.02712	0.01726	0.05794	0.52909	0.04561	0.04438	0.04068	0.03328	0.01479	0.01109	0.00370	0.00863	0.01233	0.01109	0.01726
24	0.01586	0.01057	0.01189	0.01189	0.01189	0.01057	0.00661	0.01586	0.01586	0.02114	0.03436	0.07135	0.03964	0.61681	0.05550	0.01057	0.01057	0.01586	0.00661	0.00661
25	0.17457	0.04390	0.02800	0.02503	0.03113	0.41679	0.01914	0.07934	0.03003	0.03466	0.01727	0.01979	0.01395	0.01116	0.00929	0.00296	0.01674	0.00702	0.00628	0.01295
26	0.21508	0.02066	0.02370	0.16343	0.03754	0.02232	0.01788	0.03485	0.12056	0.03938	0.02308	0.02640	0.01785	0.01070	0.00901	0.00304	0.00994	0.00828	0.00704	0.18925
27	0.02583	0.02260	0.03376	0.20142	0.04585	0.02547	0.09666	0.14795	0.02891	0.03846	0.02993	0.03836	0.06164	0.07502	0.01845	0.00438	0.07303	0.01191	0.00707	0.01331
28	0.69383	0.02109	0.01603	0.01434	0.02109	0.02446	0.01181	0.03205	0.01856	0.04892	0.01518	0.01771	0.01181	0.01012	0.00675	0.00337	0.00843	0.00590	0.00675	0.01181
29	0.02915	0.62337	0.05714	0.01866	0.02799	0.04314	0.01866	0.03265	0.02215	0.02565	0.01516	0.01749	0.01399	0.00933	0.00700	0.00233	0.01166	0.00583	0.00466	0.01399
30	0.01489	0.01097	0.01361	0.01334	0.01555	0.01027	0.00961	0.01852	0.02589	0.03534	0.31808	0.11800	0.16676	0.11623	0.05983	0.00562	0.00784	0.01995	0.01029	0.00941
31	0.01964	0.01278	0.01634	0.01515	0.01844	0.01215	0.01144	0.02654	0.07173	0.09493	0.40478	0.12293	0.08639	0.02187	0.01262	0.00354	0.00597	0.01926	0.01190	0.01159
32	0.01699	0.01096	0.01383	0.01448	0.01682	0.00985	0.01033	0.01979	0.02427	0.08189	0.14360	0.36486	0.17345	0.02893	0.01325	0.00401	0.00626	0.02561	0.01074	0.01009
33	0.02202	0.01244	0.01660	0.01561	0.01900	0.01134	0.01193	0.02633	0.02858	0.14485	0.31241	0.17882	0.07853	0.02336	0.01283	0.00372	0.00656	0.05160	0.01180	0.01168
34	0.02261	0.11407	0.50913	0.02981	0.04524	0.02714	0.03809	0.03434	0.02293	0.03363	0.01912	0.02246	0.01383	0.01025	0.01002	0.00334	0.01566	0.00783	0.00461	0.01590
35	0.03056	0.02173	0.03455	0.19180	0.09453	0.02458	0.06538	0.03584	0.02386	0.18006	0.02523	0.02991	0.01848	0.01340	0.01721	0.00380	0.15673	0.01029	0.00741	0.01463
36	0.01877	0.01324	0.01856	0.12869	0.02873	0.01330	0.01453	0.02376	0.02768	0.07975	0.31686	0.11424	0.11786	0.02081	0.01241	0.00357	0.00748	0.01827	0.01037	0.01110

[dist]
# distance from previous block
# <min> <max>
5	40

[block]
# block no. 1 follows, 12 sequences, length 35
# corresponding to MSA columns:
# 194-228
name=unknown_B
#
# <colnr> <probs for GDERKNQSTAVLIFYWHMCP>
#	G	D	E	R	K	N	Q	S	T	A	V	L	I	F	Y	W	H	M	C	P
0	0.69383	0.02109	0.01603	0.01434	0.02109	0.02446	0.01181	0.03205	0.01856	0.04892	0.01518	0.01771	0.01181	0.01012	0.00675	0.00337	0.00843	0.00590	0.00675	0.01181
1	0.02915	0.62337	0.05714	0.01866	0.02799	0.04314	0.01866	0.03265	0.02215	0.02565	0.01516	0.01749	0.01399	0.00933	0.00700	0.00233	0.01166	0.00583	0.00466	0.01399
2	0.01505	0.01113	0.01404	0.01331	0.01605	0.01012	0.00999	0.01983	0.02996	0.04157	0.47774	0.08499	0.16952	0.02309	0.01286	0.00347	0.00520	0.02022	0.01172	0.01012
3	0.01543	0.01115	0.01457	0.01372	0.01629	0.01029	0.01029	0.02058	0.03086	0.04372	0.54304	0.08145	0.10288	0.02229	0.01286	0.00343	0.00514	0.01972	0.01200	0.01029
4	0.01351	0.01055	0.01226	0.01293	0.01539	0.00930	0.00928	0.01644	0.02469	0.03167	0.17714	0.26796	0.30248	0.02876	0.01322	0.00388	0.00572	0.02503	0.01049	0.00930
5	0.03880	0.01706	0.02113	0.01697	0.02351	0.01596	0.01377	0.09175	0.03056	0.33729	0.03884	0.03713	0.02643	0.01319	0.00987	0.00309	0.00819	0.01058	0.23006	0.01581
6	0.02503	0.02076	0.02923	0.23395	0.12132	0.02332	0.02344	0.03895	0.18340	0.07518	0.03800	0.04033	0.07276	0.01376	0.01114	0.00358	0.01117	0.01190	0.00807	0.01472
7	0.03464	0.02690	0.03272	0.20981	0.04730	0.03068	0.02385	0.35415	0.04164	0.05537	0.02396	0.02712	0.01723	0.01237	0.01091	0.00339	0.01283	0.00978	0.00893	0.01644
8	0.02369	0.01780	0.02137	0.01616	0.02440	0.01385	0.01276	0.02827	0.02401	0.08393	0.07134	0.07477	0.02922	0.01187	0.00922	0.00216	0.00779	0.00996	0.00789	0.50954
9	0.02401	0.02149	0.03225	0.02580	0.03224	0.02224	0.14281	0.07346	0.20040	0.04394	0.20012	0.05000	0.05058	0.01566	0.01212	0.00357	0.01027	0.01470	0.00993	0.01441
10	0.03695	0.23861	0.03947	0.02501	0.03184	0.39995	0.02028	0.03998	0.02804	0.02635	0.01630	0.01895	0.01403	0.01061	0.00891	0.00265	0.01705	0.00663	0.00531	0.01308
11	0.02197	0.01865	0.02189	0.01593	0.02499	0.01416	0.01269	0.02684	0.02334	0.03626	0.06599	0.02785	0.02387	0.00934	0.00850	0.00178	0.00781	0.00764	0.00695	0.62354
12	0.02889	0.02382	0.07721	0.27282	0.14418	0.02296	0.02742	0.03758	0.06361	0.15301	0.02697	0.03092	0.01928	0.01154	0.01087	0.00349	0.01272	0.01005	0.00740	0.01527
13	0.02366	0.03581	0.21291	0.03357	0.04148	0.02937	0.14535	0.03103	0.02093	0.03103	0.01788	0.02491	0.01468	0.01387	0.02200	0.00408	0.26875	0.00985	0.00489	0.01396
14	0.02809	0.02201	0.02229	0.02000	0.02523	0.07282	0.01573	0.14707	0.10660	0.08548	0.05221	0.14612	0.12189	0.02079	0.01208	0.00374	0.00981	0.06396	0.01030	0.01378
15	0.01460	0.01111	0.01342	0.01284	0.01578	0.00993	0.00963	0.01897	0.02890	0.03906	0.40174	0.08912	0.24709	0.02403	0.01287	0.00351	0.00527	0.02079	0.01139	0.00993
16	0.01626	0.01082	0.01150	0.01173	0.01433	0.01005	0.00866	0.01955	0.02277	0.03210	0.06855	0.07996	0.24771	0.11816	0.01824	0.00454	0.00661	0.05954	0.22974	0.00918
17	0.02699	0.02591	0.04426	0.06693	0.54879	0.02591	0.03346	0.03346	0.02483	0.03562	0.02051	0.02699	0.01727	0.00972	0.01079	0.00324	0.01295	0.00972	0.00540	0.01727
18	0.02059	0.01938	0.03270	0.59060	0.07510	0.02422	0.03028	0.02786	0.02180	0.02786	0.01938	0.02907	0.01453	0.01090	0.01090	0.00363	0.01453	0.00969	0.00484	0.01211
19	0.01827	0.01177	0.01548	0.01420	0.01727	0.01077	0.01077	0.02334	0.03089	0.08719	0.50064	0.07769	0.09645	0.02155	0.01270	0.00342	0.00549	0.01898	0.01213	0.01099
20	0.01667	0.01269	0.01561	0.01584	0.01827	0.01274	0.01148	0.02512	0.11672	0.03758	0.25602	0.28958	0.07777	0.02578	0.01297	0.00389	0.00626	0.02299	0.01107	0.01096
21	0.41624	0.02000	0.02002	0.01652	0.02399	0.02083	0.01362	0.04113	0.02400	0.26733	0.02716	0.02606	0.01834	0.01157	0.00856	0.00337	0.00880	0.00808	0.00965	0.01471
22	0.08107	0.01301	0.01726	0.10102	0.02636	0.01362	0.01453	0.02132	0.02412	0.03485	0.17732	0.24749	0.06439	0.02459	0.01269	0.00404	0.00804	0.09458	0.00950	0.01020
23	0.30041	0.03950	0.29312	0.02540	0.03721	0.02516	0.06805	0.03354	0.02140	0.04052	0.01796	0.02136	0.01321	0.01016	0.00908	0.00344	0.01313	0.00757	0.00557	0.01421
24	0.63103	0.02406	0.01746	0.01566	0.02230	0.07721	0.01270	0.03316	0.01974	0.04678	0.01534	0.01790	0.01202	0.01023	0.00704	0.00332	0.00951	0.00601	0.00664	0.01189
25	0.02657	0.42268	0.23524	0.02305	0.03478	0.03684	0.02631	0.03332	0.02246	0.02880	0.01672	0.01945	0.01393	0.00969	0.00819	0.00273	0.01324	0.00662	0.00464	0.01474
26	0.01815	0.02607	0.18489	0.07953	0.03250	0.01658	0.02228	0.02582	0.02697	0.03822	0.28242	0.06186	0.06255	0.01816	0.01209	0.00361	0.00995	0.05732	0.00880	0.01225
27	0.01464	0.01111	0.01348	0.01289	0.01580	0.00995	0.00967	0.01905	0.02900	0.03930	0.40883	0.08873	0.23985	0.02394	0.01287	0.00351	0.00526	0.02074	0.01142	0.00995
28	0.02231	0.11758	0.08252	0.06332	0.02883	0.02095	0.01827	0.02744	0.02410	0.07173	0.15132	0.08915	0.04287	0.02243	0.06469	0.00459	0.05482	0.01310	0.00784	0.07212
29	0.01571	0.01214	0.01671	0.01946	0.07126	0.01135	0.01245	0.01973	0.02649	0.03648	0.29441	0.24675	0.12509	0.02527	0.01299	0.00375	0.00637	0.02259	0.01054	0.01045
30	0.02281	0.01748	0.02340	0.02212	0.07819	0.01554	0.01552	0.02746	0.02185	0.07263	0.02454	0.03080	0.02074	0.03274	0.19330	0.00712	0.01558	0.00885	0.00669	0.34264
31	0.08633	0.02016	0.02539	0.02460	0.10278	0.01862	0.01675	0.07518	0.02644	0.09377	0.06741	0.03120	0.02548	0.01640	0.05279	0.00373	0.01070	0.00920	0.00789	0.28519
32	0.03923	0.22129	0.03891	0.02161	0.03047	0.03257	0.01892	0.24489	0.03692	0.17231	0.02664	0.02598	0.01909	0.01196	0.00964	0.00299	0.01123	0.00879	0.00949	0.01706
33	0.12682	0.02310	0.02723	0.25505	0.04686	0.06634	0.02197	0.04011	0.15455	0.09035	0.02750	0.03050	0.02025	0.01209	0.01026	0.00352	0.01195	0.00974	0.00771	0.01411
34	0.13592	0.08990	0.15443	0.02827	0.08074	0.02985	0.02494	0.11987	0.07151	0.04193	0.02111	0.02426	0.01648	0.01237	0.01351	0.00350	0.10088	0.00857	0.00676	0.01522

[dist]
# distance from previous block
# <min> <max>
0	37

[block]
# block no. 2 follows, 12 sequences, length 45
# corresponding to MSA columns:
# 266-310
name=unknown_C
#
# <colnr> <probs for GDERKNQSTAVLIFYWHMCP>
#	G	D	E	R	K	N	Q	S	T	A	V	L	I	F	Y	W	H	M	C	P
0	0.24870	0.07904	0.15791	0.02155	0.03019	0.07601	0.02114	0.03706	0.11011	0.03936	0.02477	0.06615	0.02080	0.01278	0.00923	0.00339	0.01152	0.00948	0.00695	0.01387
1	0.12279	0.01888	0.02237	0.07708	0.07566	0.02074	0.01675	0.03627	0.19327	0.04175	0.16499	0.05000	0.08378	0.01611	0.01097	0.00353	0.00846	0.01354	0.00946	0.01358
2	0.02148	0.02344	0.08199	0.39887	0.06274	0.02395	0.06806	0.03135	0.06828	0.03102	0.02486	0.03691	0.02008	0.01256	0.01135	0.00373	0.01411	0.04635	0.00585	0.01300
3	0.01987	0.01764	0.02779	0.39634	0.05680	0.02120	0.02488	0.02815	0.05935	0.03082	0.07569	0.04356	0.02936	0.02031	0.06328	0.00501	0.01420	0.04733	0.00649	0.01193
4	0.01897	0.01537	0.05770	0.01541	0.01968	0.01193	0.01302	0.02443	0.02983	0.09146	0.42112	0.07442	0.12229	0.02092	0.01248	0.00345	0.00642	0.01822	0.01143	0.01146
5	0.02269	0.02905	0.15500	0.13635	0.20926	0.02287	0.02896	0.03275	0.07140	0.03635	0.11332	0.03718	0.03238	0.01273	0.01110	0.00343	0.01220	0.01131	0.00679	0.01489
6	0.01543	0.01115	0.01457	0.01372	0.01629	0.01029	0.01029	0.02058	0.03086	0.04372	0.54304	0.08145	0.10288	0.02229	0.01286	0.00343	0.00514	0.01972	0.01200	0.01029
7	0.02261	0.01938	0.02261	0.01615	0.02584	0.01453	0.01292	0.02745	0.02261	0.03553	0.01938	0.02261	0.01615	0.00807	0.00807	0.00161	0.00807	0.00646	0.00646	0.68346
8	0.02430	0.07435	0.02821	0.10816	0.08263	0.01997	0.01815	0.03129	0.06342	0.07475	0.07356	0.08056	0.03051	0.01319	0.01004	0.00284	0.00957	0.01126	0.00766	0.23557
9	0.69383	0.02109	0.01603	0.01434	0.02109	0.02446	0.01181	0.03205	0.01856	0.04892	0.01518	0.01771	0.01181	0.01012	0.00675	0.00337	0.00843	0.00590	0.00675	0.01181
10	0.02692	0.02502	0.03328	0.02801	0.02953	0.03347	0.02331	0.11085	0.02271	0.03363	0.01638	0.02426	0.01505	0.01804	0.03145	0.00451	0.49507	0.00959	0.00584	0.01308
11	0.01506	0.01101	0.01414	0.01361	0.01613	0.01009	0.01011	0.01975	0.02960	0.04132	0.47013	0.12455	0.13646	0.02365	0.01294	0.00353	0.00527	0.02087	0.01170	0.01009
12	0.01894	0.00947	0.01420	0.01420	0.01420	0.00947	0.00947	0.01420	0.01420	0.01894	0.01894	0.03314	0.01894	0.03788	0.04261	0.68277	0.00947	0.00947	0.00473	0.00473
13	0.01319	0.00988	0.01225	0.01415	0.01554	0.00894	0.00966	0.01530	0.02187	0.02824	0.07267	0.48369	0.19000	0.03253	0.01366	0.00424	0.00613	0.02900	0.01012	0.00894
14	0.02574	0.02941	0.06434	0.04596	0.05699	0.02757	0.50919	0.03493	0.02574	0.03493	0.02206	0.02941	0.01654	0.00919	0.01287	0.00368	0.01838	0.01287	0.00551	0.01471
15	0.69383	0.02109	0.01603	0.01434	0.02109	0.02446	0.01181	0.03205	0.01856	0.04892	0.01518	0.01771	0.01181	0.01012	0.00675	0.00337	0.00843	0.00590	0.00675	0.01181
16	0.02915	0.62337	0.05714	0.01866	0.02799	0.04314	0.01866	0.03265	0.02215	0.02565	0.01516	0.01749	0.01399	0.00933	0.00700	0.00233	0.01166	0.00583	0.00466	0.01399
17	0.04073	0.05197	0.03090	0.02809	0.03371	0.57303	0.02107	0.04354	0.03090	0.02669	0.01685	0.01966	0.01404	0.01124	0.00983	0.00281	0.01966	0.00702	0.00562	0.01264
18	0.02542	0.02081	0.07271	0.02577	0.10766	0.01693	0.01805	0.03184	0.06253	0.12312	0.03518	0.13653	0.03294	0.11749	0.01849	0.00451	0.00997	0.01418	0.00836	0.11751
19	0.08758	0.11646	0.03024	0.11923	0.03458	0.02633	0.01890	0.03718	0.14837	0.07266	0.02896	0.07391	0.02437	0.01412	0.01237	0.00341	0.06679	0.01087	0.00771	0.06597
20	0.03539	0.04330	0.03468	0.02993	0.03476	0.39589	0.06849	0.03871	0.02712	0.02737	0.01676	0.02157	0.01435	0.01286	0.01613	0.00335	0.15310	0.00817	0.00541	0.01267
21	0.04145	0.03054	0.03272	0.02509	0.03381	0.03381	0.02072	0.51243	0.05127	0.06872	0.02618	0.02618	0.01854	0.01309	0.01091	0.00327	0.01200	0.00982	0.01091	0.01854
22	0.02259	0.01886	0.02073	0.01990	0.02425	0.02114	0.01492	0.04395	0.36279	0.03979	0.04952	0.22688	0.04599	0.02113	0.01202	0.00394	0.00788	0.01844	0.01078	0.01451
23	0.02915	0.62337	0.05714	0.01866	0.02799	0.04314	0.01866	0.03265	0.02215	0.02565	0.01516	0.01749	0.01399	0.00933	0.00700	0.00233	0.01166	0.00583	0.00466	0.01399
24	0.04145	0.03054	0.03272	0.02509	0.03381	0.03381	0.02072	0.51243	0.05127	0.06872	0.02618	0.02618	0.01854	0.01309	0.01091	0.00327	0.01200	0.00982	0.01091	0.01854
25	0.02059	0.01938	0.03270	0.59060	0.07510	0.02422	0.03028	0.02786	0.02180	0.02786	0.01938	0.02907	0.01453	0.01090	0.01090	0.00363	0.01453	0.00969	0.00484	0.01211
26	0.02704	0.28081	0.05278	0.02943	0.03761	0.03503	0.17982	0.03487	0.07149	0.03070	0.02011	0.02459	0.01674	0.01128	0.01365	0.00327	0.10164	0.00932	0.00558	0.01423
27	0.01558	0.01168	0.01752	0.01752	0.01947	0.01363	0.01363	0.01947	0.01752	0.02531	0.02921	0.04283	0.02726	0.08178	0.57360	0.01752	0.02921	0.01168	0.00584	0.00974
28	0.69383	0.02109	0.01603	0.01434	0.02109	0.02446	0.01181	0.03205	0.01856	0.04892	0.01518	0.01771	0.01181	0.01012	0.00675	0.00337	0.00843	0.00590	0.00675	0.01181
29	0.03151	0.01910	0.02352	0.01725	0.02651	0.01504	0.01397	0.03614	0.02552	0.21164	0.02737	0.02751	0.01982	0.00991	0.00905	0.00221	0.00848	0.00798	0.00884	0.45863
30	0.01543	0.01115	0.01457	0.01372	0.01629	0.01029	0.01029	0.02058	0.03086	0.04372	0.54304	0.08145	0.10288	0.02229	0.01286	0.00343	0.00514	0.01972	0.01200	0.01029
31	0.02261	0.01938	0.02261	0.01615	0.02584	0.01453	0.01292	0.02745	0.02261	0.03553	0.01938	0.02261	0.01615	0.00807	0.00807	0.00161	0.00807	0.00646	0.00646	0.68346
32	0.01716	0.01992	0.11224	0.07442	0.02898	0.01551	0.01942	0.02247	0.02056	0.02845	0.03660	0.14118	0.03763	0.09006	0.19854	0.00904	0.01723	0.09289	0.00696	0.01073
33	0.09537	0.07725	0.07667	0.02023	0.02912	0.02095	0.01826	0.04826	0.07031	0.37622	0.03619	0.03276	0.02389	0.01266	0.01022	0.00331	0.01000	0.00994	0.01113	0.01726
34	0.01551	0.01108	0.01521	0.01773	0.01934	0.01078	0.01399	0.01903	0.02307	0.03033	0.05887	0.35674	0.06725	0.03206	0.01451	0.00474	0.00826	0.26196	0.01008	0.00947
35	0.01353	0.01028	0.01246	0.01359	0.01554	0.00922	0.00956	0.01626	0.02388	0.03109	0.15947	0.35558	0.23013	0.03000	0.01340	0.00401	0.00586	0.02647	0.01045	0.00922
36	0.02093	0.01997	0.03485	0.44522	0.10492	0.02329	0.07499	0.02783	0.02233	0.02914	0.02340	0.08135	0.02014	0.01274	0.01136	0.00368	0.01404	0.01192	0.00543	0.01247
37	0.69383	0.02109	0.01603	0.01434	0.02109	0.02446	0.01181	0.03205	0.01856	0.04892	0.01518	0.01771	0.01181	0.01012	0.00675	0.00337	0.00843	0.00590	0.00675	0.01181
38	0.02161	0.02042	0.03455	0.50710	0.15063	0.02449	0.03079	0.02875	0.02228	0.02910	0.01956	0.02874	0.01497	0.01071	0.01088	0.00357	0.01428	0.00969	0.00493	0.01294
39	0.02387	0.01301	0.01728	0.01515	0.01920	0.01173	0.01173	0.02878	0.03095	0.17289	0.41705	0.07028	0.08376	0.02007	0.01238	0.00342	0.00619	0.01751	0.01238	0.01237
40	0.01488	0.01054	0.01206	0.01238	0.01336	0.01003	0.00775	0.01608	0.01947	0.02547	0.09196	0.16118	0.14347	0.37142	0.03786	0.00779	0.00856	0.01982	0.00822	0.00772
41	0.01736	0.01085	0.01423	0.01489	0.01667	0.01004	0.01037	0.02010	0.02386	0.07990	0.17776	0.37222	0.07260	0.08510	0.01736	0.00467	0.00671	0.02486	0.01057	0.00990
42	0.02546	0.02592	0.04882	0.15120	0.30542	0.02616	0.18858	0.03297	0.02460	0.03404	0.02082	0.02814	0.01656	0.00975	0.01149	0.00345	0.01501	0.01074	0.00534	0.01553
43	0.08347	0.01281	0.01545	0.01410	0.01773	0.01211	0.01082	0.02441	0.02921	0.09256	0.40790	0.07302	0.12380	0.02072	0.01209	0.00344	0.00589	0.01782	0.01149	0.01114
44	0.02082	0.01161	0.01577	0.01503	0.01588	0.01193	0.01028	0.06251	0.01794	0.02396	0.02112	0.03613	0.02088	0.09096	0.04078	0.55269	0.00982	0.01012	0.00551	0.00625

[dist]
# distance from previous block
# <min> <max>
6	51

# created by:
# /st0/software/busco_prod/Augustus/scripts/msa2prfl.pl ./align_prep/9197.fa
