[name]
unknown

[dist]
# distance from previous block
# <min> <max>
0	17

[block]
# block no. 0 follows, 11 sequences, length 8
# corresponding to MSA columns:
# 17-24
name=unknown_A
#
# <colnr> <probs for GDERKNQSTAVLIFYWHMCP>
#	G	D	E	R	K	N	Q	S	T	A	V	L	I	F	Y	W	H	M	C	P
0	0.03704	0.02437	0.03028	0.13509	0.04079	0.02642	0.02198	0.25306	0.03920	0.15553	0.03319	0.04217	0.02569	0.01529	0.01179	0.00370	0.01208	0.06514	0.01044	0.01673
1	0.03632	0.03676	0.02823	0.07176	0.03445	0.29999	0.01991	0.08539	0.03144	0.09225	0.02965	0.12612	0.02719	0.01623	0.01124	0.00338	0.01536	0.01264	0.00806	0.01364
2	0.02200	0.01512	0.02311	0.08313	0.02872	0.01537	0.09663	0.02826	0.02400	0.03938	0.03230	0.03851	0.02515	0.01225	0.00922	0.00296	0.00882	0.01093	0.47258	0.01156
3	0.02257	0.05822	0.54613	0.03208	0.04871	0.02614	0.04158	0.03564	0.02376	0.03564	0.02020	0.02376	0.01426	0.01069	0.01069	0.00356	0.01663	0.00832	0.00475	0.01663
4	0.02310	0.01887	0.02287	0.02015	0.02386	0.02142	0.01590	0.08161	0.14246	0.04512	0.27305	0.05780	0.06422	0.01963	0.01683	0.00383	0.10941	0.01565	0.01073	0.01348
5	0.01799	0.01446	0.01833	0.01704	0.01787	0.01672	0.01230	0.01975	0.01927	0.02672	0.08836	0.06412	0.09203	0.30077	0.08287	0.00852	0.15091	0.01563	0.00725	0.00908
6	0.03463	0.03221	0.08705	0.02729	0.03542	0.10366	0.06958	0.07894	0.18372	0.14193	0.03316	0.03290	0.02404	0.01355	0.01290	0.00363	0.04833	0.01088	0.00942	0.01675
7	0.01383	0.01022	0.01293	0.01479	0.01617	0.00933	0.01013	0.01623	0.02315	0.03041	0.11059	0.46720	0.15779	0.03303	0.01409	0.00435	0.00628	0.02955	0.01061	0.00933

[dist]
# distance from previous block
# <min> <max>
0	3

[block]
# block no. 1 follows, 11 sequences, length 40
# corresponding to MSA columns:
# 28-67
name=unknown_B
#
# <colnr> <probs for GDERKNQSTAVLIFYWHMCP>
#	G	D	E	R	K	N	Q	S	T	A	V	L	I	F	Y	W	H	M	C	P
0	0.09280	0.02011	0.02289	0.01677	0.02635	0.01618	0.01350	0.03114	0.02369	0.08220	0.02169	0.02413	0.01719	0.00904	0.00846	0.00201	0.00848	0.00702	0.00733	0.54901
1	0.07948	0.01768	0.02056	0.01744	0.02318	0.01691	0.01354	0.02853	0.07377	0.03873	0.12955	0.12402	0.04454	0.01708	0.01254	0.00310	0.05006	0.01404	0.00877	0.26650
2	0.01424	0.01036	0.01287	0.01439	0.01560	0.00959	0.00964	0.01634	0.02232	0.02941	0.10727	0.39984	0.14133	0.11762	0.02048	0.00530	0.00695	0.02740	0.01008	0.00898
3	0.02142	0.09257	0.21829	0.23758	0.05271	0.02505	0.03033	0.02984	0.02348	0.03127	0.03389	0.03841	0.09274	0.01350	0.01095	0.00355	0.01388	0.01107	0.00572	0.01374
4	0.02440	0.01436	0.01657	0.01546	0.01906	0.01437	0.01167	0.09674	0.02909	0.08736	0.09277	0.19531	0.04760	0.02030	0.01101	0.00344	0.00707	0.01739	0.26382	0.01221
5	0.08166	0.13407	0.37111	0.02659	0.03962	0.02730	0.03206	0.03317	0.02247	0.03417	0.02066	0.02748	0.01681	0.07081	0.01457	0.00413	0.01465	0.00859	0.00517	0.01491
6	0.02888	0.01770	0.02637	0.02101	0.02776	0.01550	0.08401	0.03376	0.02592	0.17447	0.03856	0.15293	0.03390	0.01647	0.01110	0.00324	0.00940	0.01487	0.10947	0.15469
7	0.03120	0.02397	0.03125	0.07294	0.03332	0.02944	0.02185	0.14113	0.02797	0.10235	0.02368	0.03167	0.01977	0.06783	0.02718	0.00480	0.27690	0.01069	0.00774	0.01433
8	0.02464	0.02689	0.05482	0.04070	0.04900	0.02693	0.36113	0.03211	0.02452	0.03377	0.02653	0.10123	0.02399	0.01430	0.01701	0.00406	0.10308	0.01513	0.00618	0.01398
9	0.02112	0.01265	0.01596	0.01468	0.01847	0.01126	0.01116	0.02541	0.02960	0.12633	0.30949	0.12708	0.18569	0.02377	0.01304	0.00368	0.00624	0.02059	0.01205	0.01171
10	0.02435	0.02303	0.03751	0.27701	0.25082	0.02539	0.03025	0.03090	0.02344	0.03263	0.02008	0.02807	0.01628	0.01110	0.01283	0.00346	0.05607	0.00966	0.00539	0.08172
11	0.02531	0.25931	0.36899	0.02742	0.04150	0.03283	0.03347	0.03494	0.02344	0.03231	0.01854	0.02169	0.01433	0.01031	0.00943	0.00314	0.01496	0.00748	0.00478	0.01584
12	0.02845	0.01656	0.02051	0.01805	0.02314	0.01633	0.01401	0.03952	0.14625	0.18547	0.23407	0.10644	0.06394	0.01966	0.01238	0.00368	0.00749	0.01699	0.01243	0.01464
13	0.01371	0.00979	0.01306	0.01567	0.01632	0.00914	0.01045	0.01567	0.02155	0.02873	0.06203	0.59710	0.07444	0.03526	0.01437	0.00457	0.00653	0.03200	0.01045	0.00914
14	0.02721	0.02326	0.03271	0.37647	0.06131	0.02773	0.02722	0.14361	0.09192	0.04107	0.02494	0.03082	0.01843	0.01230	0.01128	0.00367	0.01361	0.01038	0.00730	0.01475
15	0.03420	0.01484	0.01823	0.01526	0.02102	0.01329	0.01219	0.03866	0.02810	0.28355	0.05193	0.05003	0.10269	0.01579	0.01035	0.00322	0.00742	0.01286	0.25179	0.01456
16	0.01418	0.01016	0.01348	0.01535	0.01643	0.00946	0.01048	0.01685	0.02374	0.03221	0.16093	0.48829	0.08118	0.03266	0.01413	0.00435	0.00627	0.02953	0.01086	0.00946
17	0.01518	0.01139	0.01423	0.01572	0.01740	0.01098	0.01093	0.02020	0.06543	0.03253	0.12427	0.44127	0.11534	0.03140	0.01388	0.00431	0.00651	0.02814	0.01078	0.01010
18	0.02462	0.02462	0.03447	0.02955	0.02955	0.03447	0.02462	0.02709	0.01724	0.02709	0.01477	0.02462	0.01477	0.01970	0.03694	0.00492	0.58385	0.00985	0.00492	0.01231
19	0.02800	0.02418	0.02545	0.02291	0.02927	0.02800	0.01782	0.05981	0.51390	0.04708	0.04581	0.04199	0.03436	0.01527	0.01145	0.00382	0.00891	0.01273	0.01145	0.01782
20	0.01330	0.01140	0.01140	0.01140	0.01520	0.00950	0.00855	0.01615	0.02565	0.03041	0.11402	0.10832	0.52967	0.02850	0.01330	0.00380	0.00570	0.02375	0.01045	0.00950
21	0.01899	0.01189	0.01498	0.01477	0.01780	0.01064	0.01085	0.02254	0.02715	0.09937	0.22186	0.25036	0.18183	0.02708	0.01339	0.00393	0.00633	0.02376	0.01152	0.01097
22	0.01654	0.01067	0.01265	0.01287	0.01293	0.01062	0.00751	0.01609	0.01660	0.02213	0.03573	0.11354	0.04109	0.48408	0.05192	0.09412	0.01039	0.01687	0.00689	0.00677
23	0.03719	0.03280	0.03763	0.03012	0.03742	0.17875	0.12657	0.04557	0.09030	0.16484	0.02892	0.03041	0.02108	0.01301	0.01404	0.00357	0.07302	0.01062	0.00850	0.01564
24	0.02126	0.02001	0.03376	0.57739	0.07752	0.02501	0.03126	0.02876	0.02251	0.02876	0.02001	0.03001	0.01500	0.01125	0.01125	0.00375	0.01500	0.01000	0.00500	0.01250
25	0.04736	0.02147	0.02722	0.02117	0.02971	0.02033	0.01739	0.12231	0.07741	0.42737	0.04189	0.03692	0.02711	0.01398	0.01132	0.00350	0.00994	0.01126	0.01331	0.01904
26	0.01371	0.00979	0.01306	0.01567	0.01632	0.00914	0.01045	0.01567	0.02155	0.02873	0.06203	0.59710	0.07444	0.03526	0.01437	0.00457	0.00653	0.03200	0.01045	0.00914
27	0.68395	0.02177	0.01654	0.01480	0.02177	0.02525	0.01219	0.03309	0.01915	0.05050	0.01567	0.01828	0.01219	0.01045	0.00697	0.00348	0.00871	0.00609	0.00697	0.01219
28	0.01967	0.01451	0.01773	0.01534	0.02048	0.01287	0.01180	0.02423	0.02284	0.03548	0.07435	0.09531	0.03538	0.02960	0.12696	0.00583	0.01189	0.01240	0.14736	0.26598
29	0.02077	0.01228	0.01511	0.01386	0.01745	0.01118	0.01059	0.02558	0.02955	0.10526	0.32009	0.07475	0.14728	0.02100	0.01211	0.00342	0.00590	0.01804	0.12429	0.01151
30	0.03216	0.02284	0.03084	0.17975	0.08013	0.02528	0.02304	0.16249	0.03325	0.12992	0.06342	0.03830	0.05635	0.01468	0.01341	0.00365	0.05406	0.01176	0.00911	0.01557
31	0.02802	0.01853	0.02268	0.01701	0.02562	0.01467	0.01361	0.03293	0.02653	0.14605	0.10232	0.03575	0.03264	0.01176	0.00972	0.00234	0.00814	0.00974	0.00909	0.43284
32	0.02670	0.02311	0.03950	0.28276	0.11918	0.02503	0.11606	0.07236	0.02769	0.07390	0.06096	0.03419	0.02385	0.01203	0.01178	0.00364	0.01421	0.01151	0.00695	0.01460
33	0.02821	0.47299	0.18075	0.02246	0.03384	0.03994	0.02484	0.03419	0.02309	0.02877	0.01679	0.01948	0.01440	0.00990	0.00809	0.00270	0.01319	0.00659	0.00480	0.01499
34	0.02128	0.01918	0.08530	0.09995	0.03032	0.01521	0.01769	0.02780	0.02822	0.08344	0.27268	0.05812	0.06261	0.01743	0.01166	0.00343	0.00854	0.01503	0.10974	0.01237
35	0.02790	0.39687	0.04855	0.13811	0.03925	0.03789	0.02158	0.03661	0.09727	0.03009	0.02115	0.02422	0.01758	0.01083	0.00872	0.00291	0.01219	0.00788	0.00586	0.01454
36	0.03486	0.02388	0.02531	0.02029	0.02698	0.02603	0.01647	0.32562	0.04226	0.06040	0.03055	0.03245	0.02267	0.01337	0.01003	0.00310	0.00979	0.01026	0.24968	0.01600
37	0.02651	0.13592	0.37893	0.03066	0.04502	0.02834	0.08193	0.03704	0.02464	0.07771	0.02184	0.02481	0.01574	0.01069	0.01048	0.00341	0.01557	0.00873	0.00564	0.01637
38	0.01571	0.01213	0.01733	0.13421	0.02868	0.01277	0.01431	0.01855	0.02097	0.02769	0.04910	0.39751	0.05676	0.11651	0.02022	0.00536	0.00899	0.02496	0.00874	0.00950
39	0.01664	0.01096	0.01213	0.01206	0.01316	0.01064	0.00752	0.01825	0.01996	0.02795	0.08767	0.07412	0.10653	0.39221	0.04047	0.00813	0.00891	0.01675	0.10788	0.00804

[dist]
# distance from previous block
# <min> <max>
0	1

[block]
# block no. 2 follows, 11 sequences, length 11
# corresponding to MSA columns:
# 69-79
name=unknown_C
#
# <colnr> <probs for GDERKNQSTAVLIFYWHMCP>
#	G	D	E	R	K	N	Q	S	T	A	V	L	I	F	Y	W	H	M	C	P
0	0.03218	0.55057	0.05561	0.01934	0.02887	0.04167	0.01898	0.03587	0.02383	0.07929	0.01859	0.02013	0.01582	0.01007	0.00764	0.00252	0.01178	0.00656	0.00575	0.01493
1	0.01468	0.01103	0.01360	0.01385	0.01628	0.00995	0.01005	0.01849	0.02759	0.03711	0.30121	0.22405	0.20574	0.02760	0.01357	0.00388	0.00573	0.02426	0.01139	0.00995
2	0.02693	0.02377	0.02726	0.08319	0.03448	0.02833	0.01995	0.05314	0.41052	0.04308	0.03988	0.03894	0.03028	0.01529	0.01402	0.00392	0.06808	0.01214	0.01009	0.01668
3	0.01692	0.01143	0.01681	0.01681	0.01819	0.01280	0.01247	0.01851	0.01714	0.02423	0.02806	0.04419	0.02712	0.11513	0.39752	0.17262	0.02379	0.01186	0.00582	0.00857
4	0.02054	0.01284	0.01590	0.01461	0.01803	0.01228	0.01113	0.02756	0.06327	0.08657	0.36973	0.07008	0.08134	0.02001	0.01205	0.00340	0.00590	0.01737	0.12559	0.01181
5	0.02884	0.03213	0.13484	0.03986	0.12805	0.02643	0.17485	0.04319	0.14040	0.09018	0.02963	0.03228	0.02184	0.01160	0.01183	0.00365	0.01429	0.01151	0.00769	0.01691
6	0.02608	0.01199	0.01319	0.01214	0.01581	0.01154	0.00937	0.03117	0.02509	0.12840	0.03805	0.04133	0.02868	0.01325	0.00846	0.00277	0.00599	0.01063	0.55406	0.01199
7	0.51126	0.07607	0.02543	0.02459	0.11099	0.02726	0.01669	0.03339	0.02061	0.04595	0.01662	0.01992	0.01337	0.01030	0.00771	0.00336	0.00981	0.00677	0.00653	0.01337
8	0.03148	0.45157	0.10700	0.02178	0.03206	0.04089	0.02203	0.11394	0.02816	0.03515	0.01810	0.02022	0.01524	0.01041	0.00829	0.00270	0.01259	0.00698	0.00592	0.01549
9	0.10095	0.02306	0.02864	0.02142	0.03073	0.02137	0.05207	0.12835	0.03107	0.16158	0.02680	0.02755	0.01932	0.01096	0.00984	0.00277	0.01027	0.00887	0.00921	0.27516
10	0.09405	0.11734	0.12480	0.02298	0.03316	0.02740	0.02217	0.14866	0.03300	0.22451	0.02936	0.02840	0.02010	0.01232	0.01022	0.00331	0.01178	0.00928	0.00973	0.01741

[dist]
# distance from previous block
# <min> <max>
0	11

[block]
# block no. 3 follows, 11 sequences, length 22
# corresponding to MSA columns:
# 91-112
name=unknown_D
#
# <colnr> <probs for GDERKNQSTAVLIFYWHMCP>
#	G	D	E	R	K	N	Q	S	T	A	V	L	I	F	Y	W	H	M	C	P
0	0.01566	0.01149	0.01467	0.01388	0.01665	0.01050	0.01041	0.02072	0.03122	0.04362	0.48567	0.08657	0.14977	0.02358	0.01328	0.00357	0.00535	0.02070	0.01219	0.01050
1	0.14046	0.09934	0.33969	0.02667	0.03993	0.02763	0.03138	0.06688	0.02540	0.07435	0.02110	0.02350	0.01517	0.01096	0.00981	0.00342	0.01407	0.00804	0.00620	0.01600
2	0.09229	0.02159	0.03144	0.24146	0.13388	0.02363	0.02500	0.03989	0.07980	0.15749	0.02853	0.03187	0.02047	0.01206	0.01087	0.00360	0.01215	0.01026	0.00815	0.01558
3	0.02297	0.02116	0.03450	0.17356	0.24556	0.02358	0.02732	0.02887	0.02328	0.03277	0.06312	0.03546	0.02583	0.02513	0.10836	0.00615	0.07110	0.01120	0.00601	0.01409
4	0.01521	0.01148	0.01404	0.01340	0.01637	0.01031	0.01005	0.01984	0.03015	0.04109	0.41444	0.09074	0.22258	0.02452	0.01328	0.00361	0.00542	0.02129	0.01186	0.01031
5	0.02372	0.14923	0.40513	0.09062	0.04851	0.02918	0.03659	0.03454	0.02347	0.03330	0.01939	0.02348	0.01437	0.01057	0.01016	0.00339	0.01566	0.00811	0.00479	0.01580
6	0.03231	0.18116	0.26207	0.02591	0.03834	0.03002	0.02880	0.10200	0.02911	0.13161	0.02450	0.02551	0.01748	0.01142	0.01005	0.00324	0.01364	0.00856	0.00735	0.01691
7	0.02658	0.02436	0.03937	0.28154	0.28798	0.02684	0.03179	0.07963	0.02710	0.03687	0.02128	0.02869	0.01676	0.01091	0.01120	0.00352	0.01397	0.01003	0.00591	0.01569
8	0.01426	0.01090	0.01171	0.01236	0.01525	0.00952	0.00895	0.01716	0.02440	0.03128	0.09248	0.22252	0.36063	0.02847	0.01296	0.00386	0.00586	0.02433	0.08358	0.00952
9	0.13357	0.14995	0.04032	0.02565	0.03453	0.07969	0.09991	0.11794	0.03085	0.14700	0.02498	0.02617	0.01817	0.01147	0.01004	0.00324	0.01306	0.00920	0.00837	0.01589
10	0.03731	0.16302	0.04080	0.11958	0.04126	0.02634	0.08455	0.04272	0.02753	0.26101	0.03035	0.03093	0.02096	0.01183	0.01059	0.00331	0.01238	0.01009	0.00908	0.01634
11	0.01574	0.01087	0.01321	0.01346	0.01433	0.01049	0.00859	0.01762	0.02175	0.02975	0.18032	0.17625	0.06582	0.33117	0.03663	0.00761	0.00849	0.02047	0.00909	0.00834
12	0.06490	0.01432	0.01597	0.01468	0.01851	0.01457	0.01142	0.02760	0.05990	0.07991	0.15058	0.06575	0.18387	0.01985	0.01290	0.00350	0.04584	0.01602	0.16823	0.01169
13	0.03449	0.02992	0.12301	0.13253	0.04599	0.02530	0.07775	0.12627	0.06507	0.18001	0.03007	0.03151	0.02071	0.01238	0.01142	0.00359	0.01334	0.01065	0.00907	0.01692
14	0.02226	0.01664	0.02629	0.02257	0.02479	0.01847	0.07954	0.02438	0.06811	0.02595	0.02187	0.03283	0.01991	0.02924	0.03521	0.39692	0.10984	0.01057	0.00568	0.00891
15	0.02703	0.01429	0.01795	0.01599	0.02040	0.01349	0.01234	0.03390	0.06879	0.17911	0.22689	0.11043	0.06252	0.01937	0.01177	0.00349	0.00688	0.01669	0.12530	0.01338
16	0.02600	0.06657	0.15621	0.02583	0.03418	0.02021	0.08607	0.03277	0.02550	0.12349	0.03992	0.16225	0.03812	0.01959	0.01251	0.00399	0.01223	0.09177	0.00865	0.01412
17	0.02533	0.02501	0.04509	0.24275	0.29295	0.02643	0.11244	0.03278	0.02470	0.03385	0.02104	0.02904	0.01671	0.01036	0.01155	0.00356	0.01491	0.01058	0.00539	0.01551
18	0.02843	0.03080	0.03285	0.20515	0.04836	0.19226	0.06937	0.03655	0.07251	0.03165	0.02869	0.04480	0.02543	0.01499	0.01186	0.00374	0.01569	0.08696	0.00685	0.01306
19	0.14416	0.07728	0.02723	0.07963	0.03205	0.02103	0.01626	0.03430	0.02400	0.12429	0.02303	0.02526	0.01741	0.01012	0.00883	0.00260	0.00971	0.00768	0.00761	0.30752
20	0.25144	0.01919	0.02181	0.11627	0.03247	0.02077	0.01644	0.06508	0.02697	0.12899	0.11737	0.04208	0.06863	0.01484	0.01030	0.00356	0.00943	0.01166	0.00928	0.01345
21	0.16739	0.17466	0.07450	0.03065	0.13314	0.03128	0.02262	0.11569	0.02881	0.09162	0.02184	0.02401	0.01677	0.01104	0.00931	0.00317	0.01177	0.00824	0.00740	0.01609

[dist]
# distance from previous block
# <min> <max>
0	11

[block]
# block no. 4 follows, 11 sequences, length 13
# corresponding to MSA columns:
# 124-136
name=unknown_E
#
# <colnr> <probs for GDERKNQSTAVLIFYWHMCP>
#	G	D	E	R	K	N	Q	S	T	A	V	L	I	F	Y	W	H	M	C	P
0	0.02314	0.02914	0.19473	0.11713	0.03953	0.01919	0.02553	0.03058	0.02424	0.09778	0.07559	0.11923	0.03500	0.02605	0.08717	0.00573	0.01483	0.01405	0.00766	0.01372
1	0.14448	0.01833	0.02227	0.01861	0.02425	0.01892	0.01513	0.03735	0.02690	0.24681	0.11278	0.04835	0.09860	0.01734	0.01488	0.00374	0.09288	0.01309	0.01076	0.01452
2	0.02670	0.13695	0.05471	0.11156	0.05159	0.03093	0.27340	0.03798	0.09451	0.03482	0.02433	0.02966	0.01875	0.01058	0.01161	0.00353	0.01570	0.01139	0.00625	0.01505
3	0.01532	0.01103	0.01450	0.01458	0.01668	0.01021	0.01057	0.01971	0.02902	0.04062	0.39999	0.22526	0.09746	0.02638	0.01358	0.00382	0.00565	0.02356	0.01186	0.01021
4	0.02555	0.01615	0.02277	0.01903	0.02383	0.01587	0.08182	0.07466	0.02738	0.08699	0.03800	0.11728	0.03255	0.01584	0.01023	0.00322	0.00854	0.01399	0.35368	0.01261
5	0.01443	0.01035	0.01371	0.01518	0.01648	0.00962	0.01050	0.01748	0.02490	0.03406	0.21358	0.43036	0.08476	0.03128	0.01401	0.00424	0.00613	0.02821	0.01108	0.00962
6	0.04119	0.02896	0.03290	0.02566	0.03335	0.03249	0.02123	0.37350	0.04520	0.12499	0.02751	0.02813	0.01964	0.01444	0.01491	0.00361	0.09316	0.01024	0.01070	0.01817
7	0.01637	0.01091	0.01228	0.01228	0.01228	0.01091	0.00682	0.01637	0.01637	0.02182	0.03546	0.07365	0.04092	0.60445	0.05729	0.01091	0.01091	0.01637	0.00682	0.00682
8	0.01612	0.01190	0.01729	0.01729	0.01902	0.01363	0.01307	0.01959	0.01785	0.02554	0.03088	0.04827	0.02990	0.15594	0.49072	0.01710	0.02750	0.01265	0.00614	0.00961
9	0.02257	0.05822	0.54613	0.03208	0.04871	0.02614	0.04158	0.03564	0.02376	0.03564	0.02020	0.02376	0.01426	0.01069	0.01069	0.00356	0.01663	0.00832	0.00475	0.01663
10	0.02632	0.02312	0.03313	0.16258	0.19656	0.02538	0.02551	0.08257	0.14332	0.04178	0.09216	0.03879	0.03251	0.01354	0.01152	0.00358	0.01156	0.01199	0.00825	0.01582
11	0.02426	0.10967	0.13316	0.27485	0.09885	0.02848	0.02992	0.03565	0.09283	0.03304	0.02321	0.02870	0.01778	0.01139	0.01061	0.00350	0.01389	0.00953	0.00590	0.01477
12	0.02334	0.07375	0.04083	0.29421	0.12080	0.02583	0.10715	0.03040	0.02411	0.03152	0.02586	0.04250	0.02273	0.01347	0.01184	0.00379	0.01455	0.07388	0.00594	0.01351

[dist]
# distance from previous block
# <min> <max>
6	59

[block]
# block no. 5 follows, 11 sequences, length 24
# corresponding to MSA columns:
# 196-219
name=unknown_F
#
# <colnr> <probs for GDERKNQSTAVLIFYWHMCP>
#	G	D	E	R	K	N	Q	S	T	A	V	L	I	F	Y	W	H	M	C	P
0	0.09050	0.02551	0.02822	0.02290	0.03074	0.02747	0.01880	0.25753	0.12259	0.16072	0.03543	0.03882	0.02647	0.01499	0.01129	0.00362	0.01076	0.04450	0.01144	0.01770
1	0.15761	0.02475	0.04067	0.09183	0.19069	0.02497	0.13886	0.03756	0.02544	0.12476	0.02436	0.02860	0.01801	0.01076	0.01090	0.00354	0.01334	0.01028	0.00724	0.01583
2	0.03027	0.21478	0.17819	0.08657	0.09863	0.03189	0.02819	0.08879	0.02769	0.08300	0.02190	0.02483	0.01662	0.01097	0.00985	0.00317	0.01353	0.00846	0.00648	0.01619
3	0.10111	0.03880	0.27654	0.02720	0.03850	0.02379	0.07217	0.03740	0.07372	0.08367	0.02656	0.03278	0.02071	0.08042	0.01607	0.00445	0.01384	0.01020	0.00687	0.01520
4	0.10577	0.02455	0.03080	0.34096	0.05720	0.07459	0.02552	0.08702	0.02746	0.08868	0.02257	0.02826	0.01642	0.01172	0.01066	0.00357	0.01390	0.00944	0.00694	0.01396
5	0.15359	0.01377	0.01655	0.08059	0.02466	0.01459	0.01326	0.02181	0.02304	0.03621	0.13212	0.31836	0.06041	0.02511	0.01228	0.00406	0.00774	0.02197	0.00945	0.01043
6	0.02189	0.01442	0.02144	0.02347	0.08021	0.01546	0.01610	0.02639	0.02115	0.08808	0.03141	0.04140	0.02698	0.06037	0.37652	0.01311	0.02328	0.01158	0.07470	0.01204
7	0.01955	0.00978	0.01466	0.01466	0.01466	0.00978	0.00978	0.01466	0.01466	0.01955	0.01955	0.03421	0.01955	0.03910	0.04399	0.67253	0.00978	0.00978	0.00489	0.00489
8	0.02257	0.05822	0.54613	0.03208	0.04871	0.02614	0.04158	0.03564	0.02376	0.03564	0.02020	0.02376	0.01426	0.01069	0.01069	0.00356	0.01663	0.00832	0.00475	0.01663
9	0.02640	0.02765	0.05217	0.09530	0.05288	0.02798	0.31949	0.04162	0.15573	0.03824	0.02861	0.03342	0.02146	0.01121	0.01259	0.00380	0.01589	0.01280	0.00715	0.01561
10	0.01955	0.00978	0.01466	0.01466	0.01466	0.00978	0.00978	0.01466	0.01466	0.01955	0.01955	0.03421	0.01955	0.03910	0.04399	0.67253	0.00978	0.00978	0.00489	0.00489
11	0.01998	0.01779	0.02894	0.23766	0.04609	0.01978	0.07535	0.02773	0.05966	0.03273	0.10822	0.09481	0.03966	0.07007	0.06772	0.00573	0.01384	0.01488	0.00745	0.01192
12	0.01384	0.01105	0.01240	0.01285	0.01573	0.00961	0.00934	0.01690	0.02575	0.03249	0.17152	0.21724	0.35337	0.02914	0.01354	0.00393	0.00583	0.02509	0.01078	0.00961
13	0.16107	0.08508	0.07215	0.02241	0.03133	0.12120	0.01956	0.15778	0.03188	0.04589	0.02020	0.02236	0.01568	0.01100	0.00926	0.00291	0.01259	0.00766	0.00747	0.14252
14	0.01452	0.01079	0.01354	0.01424	0.01630	0.00980	0.01015	0.01800	0.02648	0.03563	0.25897	0.29700	0.17516	0.02905	0.01372	0.00401	0.00588	0.02574	0.01123	0.00980
15	0.02635	0.03969	0.28878	0.03022	0.07834	0.02386	0.03029	0.07992	0.07068	0.08041	0.03143	0.11293	0.02691	0.01525	0.01145	0.00370	0.01319	0.01280	0.00763	0.01616
16	0.01989	0.01353	0.01667	0.01574	0.01950	0.01285	0.01230	0.02713	0.07561	0.08537	0.30426	0.08573	0.17013	0.02348	0.01320	0.00380	0.00669	0.07048	0.01182	0.01181
17	0.02124	0.01430	0.01898	0.02089	0.06693	0.01423	0.01331	0.02662	0.07903	0.07371	0.11905	0.18475	0.05283	0.13826	0.02512	0.08309	0.00874	0.01854	0.00934	0.01106
18	0.07572	0.09773	0.12497	0.07665	0.03834	0.06674	0.09239	0.03040	0.02374	0.03311	0.02852	0.14841	0.02791	0.01562	0.01098	0.00347	0.01304	0.01368	0.00659	0.07199
19	0.20734	0.03133	0.14403	0.02133	0.03186	0.02387	0.02096	0.11340	0.02748	0.04622	0.02009	0.02270	0.01532	0.01036	0.00902	0.00290	0.01106	0.00750	0.00711	0.22612
20	0.03179	0.23739	0.13998	0.02264	0.03349	0.03145	0.02274	0.12231	0.02966	0.08716	0.02214	0.02367	0.01694	0.01075	0.00924	0.00279	0.01213	0.00785	0.00719	0.12867
21	0.10277	0.07910	0.21195	0.02386	0.03507	0.02616	0.02514	0.13016	0.02986	0.04501	0.05928	0.02790	0.02245	0.01171	0.00992	0.00310	0.01222	0.00891	0.00729	0.12813
22	0.02859	0.08338	0.02687	0.02006	0.02522	0.01716	0.05236	0.03212	0.02557	0.19603	0.04782	0.30334	0.04779	0.02331	0.01247	0.00391	0.00915	0.02079	0.01055	0.01349
23	0.10102	0.19090	0.07758	0.02237	0.02983	0.02810	0.05678	0.07541	0.06182	0.03746	0.03228	0.14340	0.03182	0.01721	0.01068	0.00357	0.01119	0.04706	0.00775	0.01377

[dist]
# distance from previous block
# <min> <max>
1	52

[block]
# block no. 6 follows, 11 sequences, length 53
# corresponding to MSA columns:
# 273-325
name=unknown_G
#
# <colnr> <probs for GDERKNQSTAVLIFYWHMCP>
#	G	D	E	R	K	N	Q	S	T	A	V	L	I	F	Y	W	H	M	C	P
0	0.11378	0.08118	0.11750	0.06799	0.03974	0.02407	0.12952	0.03539	0.02484	0.12635	0.02994	0.10688	0.02552	0.01433	0.01115	0.00364	0.01292	0.01291	0.00772	0.01463
1	0.02804	0.07513	0.03456	0.41162	0.06303	0.02511	0.02714	0.03454	0.02452	0.13312	0.02457	0.03058	0.01757	0.01165	0.01089	0.00357	0.01362	0.00990	0.00680	0.01404
2	0.03922	0.03540	0.19570	0.02565	0.03700	0.02509	0.02604	0.18003	0.03565	0.23906	0.03145	0.03027	0.02089	0.01276	0.01110	0.00348	0.01268	0.01000	0.01018	0.01834
3	0.02923	0.02585	0.08534	0.19417	0.11408	0.02371	0.09170	0.06963	0.02843	0.12668	0.07293	0.03549	0.02669	0.01253	0.01167	0.00359	0.01344	0.01151	0.00788	0.01545
4	0.03159	0.02269	0.03991	0.24949	0.10091	0.02346	0.13051	0.03855	0.02654	0.18116	0.02786	0.03232	0.01948	0.01153	0.01172	0.00364	0.01416	0.01112	0.00782	0.01553
5	0.03329	0.02504	0.04179	0.19432	0.05328	0.02602	0.16355	0.12391	0.03152	0.15180	0.02751	0.03138	0.01922	0.01174	0.01187	0.00364	0.01450	0.01129	0.00834	0.01600
6	0.03123	0.07328	0.07335	0.07709	0.03708	0.09373	0.08575	0.03648	0.02668	0.15843	0.03526	0.15683	0.03170	0.01695	0.01174	0.00364	0.01290	0.01491	0.00863	0.01433
7	0.03129	0.10514	0.08678	0.19596	0.11360	0.02617	0.07053	0.03806	0.02590	0.16006	0.02599	0.02966	0.01866	0.01133	0.01085	0.00344	0.01354	0.00995	0.00734	0.01576
8	0.01587	0.01282	0.02051	0.02006	0.02240	0.01204	0.07376	0.01929	0.02327	0.03124	0.09053	0.45160	0.06858	0.03072	0.01423	0.00444	0.00834	0.06021	0.00996	0.01012
9	0.02847	0.02624	0.05274	0.17718	0.05946	0.02598	0.31247	0.03676	0.02631	0.10268	0.02500	0.03135	0.01801	0.01053	0.01251	0.00374	0.01670	0.01219	0.00663	0.01504
10	0.03873	0.17561	0.10910	0.02447	0.03476	0.02754	0.06470	0.08270	0.02996	0.25736	0.03043	0.02955	0.02091	0.01197	0.01038	0.00324	0.01225	0.00966	0.00941	0.01726
11	0.03827	0.02692	0.08232	0.02667	0.03605	0.02364	0.09452	0.09253	0.14176	0.25820	0.03741	0.03546	0.02554	0.01319	0.01159	0.00361	0.01183	0.01155	0.01095	0.01799
12	0.01396	0.01047	0.01295	0.01435	0.01612	0.00947	0.00999	0.01667	0.02421	0.03173	0.14840	0.39284	0.19465	0.03163	0.01393	0.00421	0.00613	0.02808	0.01075	0.00947
13	0.02405	0.03575	0.23387	0.08049	0.04296	0.02366	0.08886	0.09385	0.02997	0.04218	0.14775	0.04065	0.03821	0.01403	0.01180	0.00358	0.01339	0.01236	0.00768	0.01490
14	0.28101	0.03556	0.22691	0.09513	0.04019	0.02477	0.02657	0.03552	0.02259	0.08688	0.02064	0.02379	0.01480	0.01097	0.00938	0.00355	0.01271	0.00795	0.00648	0.01461
15	0.07747	0.02114	0.02909	0.02329	0.03061	0.02136	0.09085	0.04711	0.16982	0.20128	0.03819	0.03740	0.02717	0.01325	0.01081	0.00349	0.01010	0.01156	0.11981	0.01623
16	0.01756	0.01507	0.02295	0.02120	0.02492	0.01449	0.08762	0.02404	0.06880	0.03255	0.06385	0.30159	0.14620	0.02755	0.01389	0.00432	0.00906	0.08345	0.00978	0.01112
17	0.03198	0.02429	0.03254	0.11276	0.04022	0.02725	0.06438	0.10567	0.20933	0.12297	0.03408	0.03489	0.02490	0.01408	0.01393	0.00380	0.06512	0.01152	0.00967	0.01661
18	0.02442	0.02684	0.09813	0.02711	0.03117	0.02751	0.05684	0.07096	0.02282	0.03369	0.02421	0.07851	0.02321	0.06127	0.02706	0.00478	0.28591	0.01233	0.05031	0.01292
19	0.01803	0.01218	0.01447	0.01348	0.01722	0.01068	0.01026	0.02215	0.02912	0.08567	0.29716	0.09058	0.28813	0.02461	0.01310	0.00365	0.00589	0.02102	0.01167	0.01093
20	0.01437	0.01030	0.01365	0.01522	0.01647	0.00958	0.01050	0.01733	0.02462	0.03362	0.20090	0.44431	0.08390	0.03161	0.01404	0.00426	0.00617	0.02853	0.01103	0.00958
21	0.14036	0.02486	0.06623	0.19975	0.04520	0.02628	0.02387	0.07330	0.07166	0.10725	0.02491	0.02889	0.01835	0.01310	0.01385	0.00378	0.08643	0.00965	0.00762	0.01465
22	0.02448	0.01513	0.02072	0.06836	0.06244	0.01508	0.01566	0.03076	0.07023	0.13292	0.04866	0.30498	0.04902	0.02370	0.01252	0.00398	0.00847	0.02108	0.05889	0.01294
23	0.01989	0.01209	0.01548	0.01422	0.01744	0.01116	0.01081	0.02510	0.03078	0.09182	0.41589	0.07404	0.08830	0.02081	0.01236	0.00341	0.00571	0.01816	0.10111	0.01141
24	0.03941	0.05426	0.10148	0.02941	0.03668	0.48712	0.02443	0.04369	0.03080	0.02864	0.01778	0.02077	0.01447	0.01148	0.01022	0.00299	0.01980	0.00739	0.00566	0.01353
25	0.02497	0.23458	0.39077	0.02799	0.04239	0.03201	0.03446	0.03502	0.02348	0.03272	0.01875	0.02194	0.01432	0.01035	0.00959	0.00320	0.01517	0.00758	0.00477	0.01594
26	0.02296	0.02113	0.03526	0.32128	0.22060	0.02369	0.03029	0.02982	0.02408	0.03219	0.02661	0.04452	0.02376	0.01396	0.01189	0.00384	0.01373	0.08042	0.00603	0.01393
27	0.02328	0.02179	0.03656	0.32884	0.24710	0.02431	0.03056	0.03027	0.02459	0.03339	0.06865	0.03431	0.02474	0.01190	0.01140	0.00357	0.01346	0.01099	0.00592	0.01437
28	0.03421	0.38729	0.11662	0.02119	0.03153	0.03500	0.02160	0.03929	0.02534	0.15755	0.02350	0.02393	0.01780	0.01086	0.00872	0.00283	0.01204	0.00766	0.00710	0.01593
29	0.02704	0.02411	0.03369	0.02866	0.02947	0.03280	0.02387	0.02968	0.01864	0.07525	0.01755	0.02590	0.01600	0.01916	0.03454	0.00479	0.53013	0.00999	0.00577	0.01295
30	0.01435	0.01131	0.01295	0.01283	0.01592	0.00990	0.00951	0.01808	0.02771	0.03597	0.26999	0.14041	0.32710	0.02695	0.01338	0.00377	0.00562	0.02314	0.01120	0.00990
31	0.02334	0.02001	0.02334	0.01667	0.02667	0.01500	0.01334	0.02834	0.02334	0.03668	0.02001	0.02334	0.01667	0.00834	0.00834	0.00167	0.00834	0.00667	0.00667	0.67325
32	0.02701	0.01989	0.02372	0.01712	0.02695	0.01521	0.01377	0.03193	0.02454	0.10506	0.02331	0.02536	0.01819	0.00909	0.00874	0.00191	0.00850	0.00730	0.00765	0.58474
33	0.01564	0.01128	0.01479	0.01436	0.01675	0.01043	0.01060	0.02052	0.03052	0.04300	0.46773	0.15072	0.10207	0.02460	0.01342	0.00367	0.00547	0.02187	0.01214	0.01043
34	0.02374	0.01874	0.02119	0.01931	0.02391	0.02027	0.01478	0.09705	0.21958	0.04664	0.20239	0.14179	0.06204	0.02072	0.01248	0.00379	0.00782	0.01792	0.01157	0.01428
35	0.03636	0.03016	0.03118	0.07758	0.03729	0.07644	0.02131	0.28629	0.18300	0.05628	0.03103	0.03111	0.02280	0.01365	0.01122	0.00350	0.01229	0.01063	0.01026	0.01761
36	0.08589	0.02651	0.09601	0.02218	0.03087	0.02211	0.02004	0.15629	0.03393	0.25320	0.03698	0.10465	0.02875	0.01591	0.01130	0.00361	0.01078	0.01292	0.01106	0.01700
37	0.09631	0.17104	0.03661	0.09688	0.03662	0.03243	0.02041	0.17623	0.09608	0.09321	0.02624	0.02737	0.01955	0.01222	0.00988	0.00326	0.01159	0.00916	0.00868	0.01624
38	0.03456	0.01808	0.02308	0.01918	0.02569	0.01686	0.01568	0.09771	0.03332	0.25191	0.16273	0.05913	0.05039	0.01805	0.01215	0.00358	0.00890	0.07358	0.01219	0.06322
39	0.02145	0.01633	0.01948	0.01677	0.02156	0.01584	0.01300	0.08724	0.07435	0.04751	0.35346	0.06487	0.07668	0.01913	0.01219	0.00329	0.00694	0.01653	0.01139	0.10200
40	0.03416	0.02592	0.02749	0.02272	0.02987	0.02903	0.01824	0.26461	0.22952	0.05784	0.03563	0.03482	0.02636	0.01415	0.01089	0.00345	0.01010	0.01119	0.09651	0.01750
41	0.01637	0.01091	0.01228	0.01228	0.01228	0.01091	0.00682	0.01637	0.01637	0.02182	0.03546	0.07365	0.04092	0.60445	0.05729	0.01091	0.01091	0.01637	0.00682	0.00682
42	0.02334	0.02001	0.02334	0.01667	0.02667	0.01500	0.01334	0.02834	0.02334	0.03668	0.02001	0.02334	0.01667	0.00834	0.00834	0.00167	0.00834	0.00667	0.00667	0.67325
43	0.01634	0.01102	0.01281	0.01281	0.01299	0.01120	0.00748	0.01671	0.01653	0.02222	0.03498	0.07096	0.03975	0.55681	0.10332	0.01157	0.01267	0.01597	0.00675	0.00712
44	0.02649	0.34648	0.29220	0.02540	0.03838	0.03573	0.02995	0.03463	0.02330	0.03087	0.01783	0.02079	0.01435	0.01014	0.00888	0.00296	0.01424	0.00712	0.00478	0.01549
45	0.01364	0.01142	0.01188	0.01176	0.01541	0.00965	0.00882	0.01681	0.02646	0.03232	0.16784	0.10517	0.47466	0.02779	0.01330	0.00377	0.00565	0.02331	0.01070	0.00965
46	0.02979	0.02968	0.09989	0.02629	0.03459	0.02765	0.05373	0.16566	0.22988	0.04936	0.03763	0.04583	0.03042	0.01586	0.01195	0.00384	0.01173	0.06939	0.00997	0.01686
47	0.01948	0.01446	0.01688	0.01631	0.01912	0.01462	0.01174	0.08302	0.06641	0.03829	0.15800	0.23900	0.10823	0.11789	0.02021	0.00507	0.00783	0.02185	0.01048	0.01111
48	0.03355	0.02314	0.02659	0.02032	0.02877	0.02223	0.01649	0.21005	0.03703	0.12122	0.09486	0.03505	0.03129	0.01308	0.01054	0.00283	0.00965	0.01049	0.01021	0.24263
49	0.48919	0.02495	0.08753	0.01694	0.02447	0.02287	0.01574	0.03074	0.02048	0.04520	0.02768	0.07120	0.05829	0.01384	0.00855	0.00360	0.00937	0.00981	0.00721	0.01234
50	0.03320	0.17029	0.13005	0.02301	0.03240	0.09733	0.02218	0.10995	0.03082	0.11684	0.03635	0.03622	0.08699	0.01393	0.01035	0.00320	0.01277	0.01049	0.00815	0.01548
51	0.15776	0.10460	0.03253	0.10872	0.03727	0.03064	0.02018	0.19574	0.07819	0.09224	0.02544	0.02696	0.01868	0.01225	0.00993	0.00337	0.01150	0.00913	0.00884	0.01603
52	0.27199	0.07392	0.11627	0.02619	0.09509	0.02476	0.02150	0.03703	0.02363	0.12604	0.02237	0.02425	0.01647	0.01078	0.00902	0.00324	0.01104	0.00791	0.00739	0.07113

[dist]
# distance from previous block
# <min> <max>
1	15

[block]
# block no. 7 follows, 11 sequences, length 9
# corresponding to MSA columns:
# 344-352
name=unknown_H
#
# <colnr> <probs for GDERKNQSTAVLIFYWHMCP>
#	G	D	E	R	K	N	Q	S	T	A	V	L	I	F	Y	W	H	M	C	P
0	0.20604	0.01798	0.01891	0.01621	0.02102	0.01872	0.01206	0.08363	0.02475	0.15023	0.03118	0.04571	0.02786	0.24758	0.02841	0.00642	0.01019	0.01179	0.00893	0.01238
1	0.26667	0.02769	0.02437	0.02094	0.02769	0.09136	0.01664	0.17872	0.08767	0.05145	0.02748	0.08220	0.02340	0.01458	0.00993	0.00353	0.01104	0.01084	0.00901	0.01477
2	0.01510	0.01166	0.01590	0.09972	0.02499	0.01178	0.01296	0.01779	0.02160	0.02816	0.05895	0.39322	0.11660	0.09511	0.01862	0.00507	0.00821	0.02591	0.00921	0.00943
3	0.28186	0.22355	0.04462	0.02529	0.03437	0.03266	0.14698	0.03411	0.02245	0.03840	0.01762	0.02153	0.01430	0.00991	0.00879	0.00320	0.01266	0.00805	0.00589	0.01378
4	0.03010	0.01745	0.02198	0.01969	0.02505	0.01729	0.01614	0.08331	0.08738	0.18165	0.16591	0.07228	0.05675	0.02081	0.01293	0.00397	0.00894	0.13172	0.01206	0.01458
5	0.01458	0.01047	0.01384	0.01508	0.01652	0.00972	0.01052	0.01786	0.02560	0.03518	0.24538	0.39537	0.08693	0.03044	0.01394	0.00417	0.00605	0.02742	0.01121	0.00972
6	0.13018	0.02303	0.03520	0.20285	0.25698	0.02470	0.02783	0.03523	0.02456	0.10125	0.02296	0.02834	0.01742	0.01095	0.01055	0.00350	0.01264	0.00958	0.00669	0.01557
7	0.02468	0.02315	0.03732	0.30911	0.24860	0.02606	0.03081	0.03498	0.08664	0.03421	0.02376	0.03071	0.01858	0.01129	0.01124	0.00360	0.01359	0.01036	0.00605	0.01525
8	0.01718	0.01412	0.02168	0.02061	0.02421	0.01328	0.07479	0.02186	0.02581	0.03372	0.11948	0.19380	0.15731	0.02767	0.01433	0.00443	0.00925	0.18582	0.01003	0.01061

[dist]
# distance from previous block
# <min> <max>
0	2

[block]
# block no. 8 follows, 11 sequences, length 8
# corresponding to MSA columns:
# 355-362
name=unknown_I
#
# <colnr> <probs for GDERKNQSTAVLIFYWHMCP>
#	G	D	E	R	K	N	Q	S	T	A	V	L	I	F	Y	W	H	M	C	P
0	0.18402	0.01843	0.02437	0.02630	0.09337	0.01927	0.05703	0.02916	0.07594	0.03786	0.03980	0.26619	0.04194	0.02125	0.01168	0.00398	0.00935	0.01886	0.00862	0.01256
1	0.06416	0.10216	0.03343	0.02685	0.08060	0.02662	0.05118	0.09458	0.06134	0.07202	0.02727	0.03879	0.02446	0.15910	0.02482	0.00535	0.07456	0.01134	0.00757	0.01382
2	0.03936	0.17033	0.03662	0.02220	0.03085	0.03124	0.01899	0.19346	0.11354	0.18302	0.03189	0.03024	0.02276	0.01295	0.01031	0.00324	0.01099	0.00985	0.01042	0.01777
3	0.03846	0.02896	0.02814	0.02370	0.03103	0.11125	0.01877	0.13471	0.23501	0.17061	0.03755	0.03493	0.02685	0.01404	0.01118	0.00351	0.01152	0.01104	0.01113	0.01762
4	0.03005	0.01979	0.02403	0.01750	0.02718	0.01538	0.01413	0.03489	0.02553	0.16161	0.02604	0.02704	0.01944	0.00972	0.00907	0.00212	0.00864	0.00782	0.00846	0.51154
5	0.02378	0.03002	0.15287	0.02133	0.03248	0.01953	0.02093	0.03443	0.09030	0.03784	0.02357	0.02599	0.01848	0.00986	0.00934	0.00243	0.01046	0.00790	0.00685	0.42160
6	0.03763	0.02412	0.03269	0.02531	0.03391	0.02381	0.08271	0.16339	0.08831	0.20680	0.03556	0.03931	0.02623	0.01397	0.01157	0.00346	0.01144	0.04225	0.01082	0.08672
7	0.01723	0.01354	0.01993	0.15536	0.03327	0.01438	0.01750	0.02223	0.02557	0.03428	0.17461	0.20726	0.06583	0.02507	0.01359	0.00424	0.00923	0.12661	0.00960	0.01066

[dist]
# distance from previous block
# <min> <max>
1	549

# created by:
# /st0/software/busco_prod/Augustus/scripts/msa2prfl.pl ./align_prep/9210.fa
