[name]
unknown

[dist]
# distance from previous block
# <min> <max>
0	10

[block]
# block no. 0 follows, 12 sequences, length 13
# corresponding to MSA columns:
# 10-22
name=unknown_A
#
# <colnr> <probs for GDERKNQSTAVLIFYWHMCP>
#	G	D	E	R	K	N	Q	S	T	A	V	L	I	F	Y	W	H	M	C	P
0	0.02332	0.02091	0.05981	0.27874	0.04891	0.02162	0.02407	0.06720	0.08092	0.06293	0.03364	0.10381	0.03038	0.01675	0.01180	0.00387	0.01201	0.07846	0.00773	0.01313
1	0.02617	0.02449	0.08800	0.14334	0.03877	0.02293	0.02168	0.10133	0.15979	0.07959	0.13614	0.04233	0.03889	0.01466	0.01130	0.00352	0.01055	0.01235	0.00933	0.01485
2	0.01712	0.09891	0.02155	0.01655	0.01898	0.01676	0.01275	0.02003	0.02295	0.03074	0.15172	0.31437	0.09916	0.02603	0.01505	0.00391	0.07191	0.02213	0.00914	0.01025
3	0.03527	0.02714	0.03070	0.02360	0.03222	0.13158	0.08121	0.04007	0.02751	0.20230	0.02687	0.02760	0.01928	0.01063	0.01001	0.00270	0.01221	0.00888	0.00844	0.24179
4	0.02273	0.01252	0.01664	0.01603	0.01879	0.01241	0.01201	0.02572	0.02158	0.13574	0.04087	0.13390	0.03992	0.17402	0.16394	0.00886	0.01399	0.06314	0.05644	0.01077
5	0.01955	0.01187	0.01605	0.01523	0.01735	0.01211	0.01105	0.02205	0.02097	0.08592	0.13265	0.05673	0.04484	0.20239	0.22324	0.06041	0.01582	0.01414	0.00802	0.00961
6	0.01775	0.01654	0.02892	0.02331	0.02847	0.01519	0.16418	0.02316	0.02652	0.03558	0.21730	0.14574	0.16956	0.02111	0.01302	0.00370	0.00949	0.01993	0.00931	0.01121
7	0.02720	0.02206	0.02203	0.09949	0.03016	0.12890	0.01615	0.03169	0.02887	0.13048	0.21219	0.05617	0.11530	0.01747	0.01161	0.00335	0.01028	0.01450	0.00970	0.01241
8	0.03456	0.35847	0.04537	0.02255	0.03062	0.20921	0.01971	0.10438	0.02906	0.03211	0.01726	0.01941	0.01466	0.01047	0.00845	0.00262	0.01424	0.00677	0.00585	0.01421
9	0.04486	0.14292	0.03185	0.01925	0.02787	0.02160	0.01657	0.04892	0.02935	0.44722	0.03729	0.03308	0.02432	0.01264	0.01015	0.00316	0.00977	0.00991	0.01168	0.01762
10	0.01817	0.01321	0.01452	0.01401	0.01528	0.01397	0.00880	0.02451	0.12139	0.02617	0.03642	0.06505	0.03833	0.49302	0.04637	0.00916	0.01017	0.01513	0.00753	0.00880
11	0.03220	0.02404	0.02996	0.03083	0.13596	0.02507	0.02054	0.12807	0.21540	0.11917	0.03335	0.03284	0.02464	0.01253	0.01065	0.00325	0.01014	0.01051	0.00972	0.09115
12	0.08007	0.06803	0.06101	0.02383	0.03158	0.13784	0.05538	0.15681	0.03325	0.07402	0.09617	0.03200	0.02876	0.01278	0.01034	0.00307	0.01259	0.01008	0.00836	0.06404

[dist]
# distance from previous block
# <min> <max>
0	3

[block]
# block no. 1 follows, 12 sequences, length 16
# corresponding to MSA columns:
# 26-41
name=unknown_B
#
# <colnr> <probs for GDERKNQSTAVLIFYWHMCP>
#	G	D	E	R	K	N	Q	S	T	A	V	L	I	F	Y	W	H	M	C	P
0	0.08475	0.16269	0.12307	0.05611	0.03113	0.02481	0.02015	0.03595	0.06475	0.12255	0.09143	0.03415	0.02979	0.01270	0.00958	0.00314	0.01039	0.00992	0.05864	0.01432
1	0.03270	0.07442	0.08399	0.11569	0.03727	0.02029	0.02034	0.03841	0.02573	0.23026	0.02798	0.02879	0.01955	0.01094	0.00979	0.00287	0.01075	0.00882	0.00850	0.19290
2	0.01732	0.06383	0.01844	0.08533	0.02159	0.01488	0.01097	0.01872	0.01766	0.02306	0.03351	0.11725	0.03767	0.42869	0.04146	0.00836	0.01072	0.01580	0.00658	0.00816
3	0.11973	0.02402	0.02998	0.03000	0.12365	0.02600	0.02068	0.14573	0.09373	0.17062	0.02887	0.02947	0.02091	0.01303	0.01297	0.00351	0.07124	0.00987	0.00939	0.01661
4	0.69383	0.02109	0.01603	0.01434	0.02109	0.02446	0.01181	0.03205	0.01856	0.04892	0.01518	0.01771	0.01181	0.01012	0.00675	0.00337	0.00843	0.00590	0.00675	0.01181
5	0.04073	0.05197	0.03090	0.02809	0.03371	0.57303	0.02107	0.04354	0.03090	0.02669	0.01685	0.01966	0.01404	0.01124	0.00983	0.00281	0.01966	0.00702	0.00562	0.01264
6	0.02638	0.02246	0.02879	0.02088	0.03053	0.01941	0.06590	0.11685	0.02817	0.04153	0.02090	0.02397	0.01663	0.00911	0.00909	0.00213	0.00986	0.00774	0.00717	0.49248
7	0.04892	0.01856	0.02530	0.01940	0.02783	0.01603	0.01603	0.05314	0.03121	0.55634	0.04302	0.03711	0.02699	0.01350	0.01096	0.00337	0.00928	0.01096	0.01350	0.01856
8	0.04892	0.01856	0.02530	0.01940	0.02783	0.01603	0.01603	0.05314	0.03121	0.55634	0.04302	0.03711	0.02699	0.01350	0.01096	0.00337	0.00928	0.01096	0.01350	0.01856
9	0.01543	0.01115	0.01457	0.01372	0.01629	0.01029	0.01029	0.02058	0.03086	0.04372	0.54304	0.08145	0.10288	0.02229	0.01286	0.00343	0.00514	0.01972	0.01200	0.01029
10	0.01681	0.01082	0.01264	0.01234	0.01503	0.01040	0.00930	0.02138	0.02548	0.03819	0.22721	0.06650	0.14445	0.02587	0.06919	0.00461	0.00769	0.01594	0.25616	0.01000
11	0.01460	0.01021	0.01279	0.01380	0.01552	0.00945	0.00972	0.01788	0.02443	0.03400	0.20446	0.34329	0.12548	0.02777	0.01285	0.00386	0.00577	0.02470	0.07999	0.00945
12	0.01355	0.00970	0.01289	0.01500	0.01587	0.00904	0.01014	0.01586	0.02213	0.02983	0.12061	0.54350	0.07597	0.03267	0.01378	0.00430	0.00618	0.02958	0.01036	0.00904
13	0.07994	0.06312	0.02668	0.01905	0.02666	0.02129	0.01571	0.03651	0.07579	0.14380	0.02562	0.02691	0.01946	0.01152	0.01228	0.00278	0.08244	0.00830	0.00808	0.29405
14	0.02625	0.24311	0.08194	0.20046	0.04468	0.03085	0.02346	0.08029	0.02519	0.03288	0.01856	0.02319	0.01492	0.01012	0.00905	0.00283	0.01246	0.00772	0.00561	0.10643
15	0.12371	0.14840	0.16384	0.02295	0.03304	0.09664	0.02287	0.09904	0.02745	0.07087	0.02010	0.02207	0.01528	0.01056	0.00903	0.00293	0.01284	0.00746	0.00662	0.08430

[dist]
# distance from previous block
# <min> <max>
2	33

[block]
# block no. 2 follows, 12 sequences, length 25
# corresponding to MSA columns:
# 75-99
name=unknown_C
#
# <colnr> <probs for GDERKNQSTAVLIFYWHMCP>
#	G	D	E	R	K	N	Q	S	T	A	V	L	I	F	Y	W	H	M	C	P
0	0.01674	0.01863	0.08706	0.01625	0.02211	0.01262	0.01429	0.02130	0.02356	0.03245	0.10251	0.20625	0.18216	0.02190	0.01167	0.00333	0.00771	0.01889	0.00869	0.17189
1	0.03702	0.08034	0.03163	0.02202	0.03073	0.02855	0.01833	0.29096	0.07888	0.12177	0.02770	0.02738	0.02001	0.01209	0.01010	0.00296	0.01068	0.00924	0.00995	0.12966
2	0.03053	0.47909	0.05249	0.02484	0.08632	0.04001	0.02057	0.09606	0.02629	0.03244	0.01720	0.01969	0.01496	0.00987	0.00793	0.00256	0.01185	0.00679	0.00557	0.01496
3	0.03270	0.06461	0.12493	0.02108	0.02972	0.02072	0.01997	0.10768	0.03070	0.21223	0.10030	0.08191	0.03539	0.01505	0.01090	0.00329	0.01025	0.01239	0.01001	0.05616
4	0.02244	0.02234	0.08717	0.09876	0.03632	0.01942	0.09789	0.03240	0.10270	0.07239	0.11047	0.12367	0.04186	0.06428	0.01544	0.00424	0.01117	0.01550	0.00847	0.01307
5	0.01899	0.01636	0.02623	0.26767	0.10172	0.01859	0.02311	0.02451	0.02202	0.02923	0.03384	0.13529	0.03388	0.02709	0.08636	0.00579	0.01425	0.09679	0.00677	0.01150
6	0.02784	0.02843	0.06079	0.04355	0.05434	0.02653	0.46442	0.03658	0.02623	0.08226	0.02396	0.03011	0.01749	0.00958	0.01269	0.00365	0.01756	0.01269	0.00624	0.01506
7	0.03327	0.07133	0.03686	0.11284	0.15703	0.02632	0.05566	0.11371	0.08548	0.15486	0.02851	0.03031	0.02069	0.01173	0.01073	0.00334	0.01199	0.01019	0.00854	0.01660
8	0.01677	0.01153	0.01341	0.01300	0.01642	0.01004	0.00972	0.02015	0.02640	0.07957	0.20604	0.15966	0.32568	0.02589	0.01285	0.00369	0.00587	0.02217	0.01089	0.01026
9	0.04892	0.01856	0.02530	0.01940	0.02783	0.01603	0.01603	0.05314	0.03121	0.55634	0.04302	0.03711	0.02699	0.01350	0.01096	0.00337	0.00928	0.01096	0.01350	0.01856
10	0.03701	0.02302	0.02723	0.12945	0.03755	0.07094	0.01988	0.08667	0.09645	0.25962	0.03590	0.03969	0.02611	0.01413	0.01116	0.00352	0.01143	0.04389	0.01034	0.01601
11	0.02243	0.05303	0.50327	0.03504	0.10263	0.02539	0.03953	0.03441	0.02322	0.03465	0.01967	0.02346	0.01419	0.01029	0.01041	0.00343	0.01576	0.00824	0.00469	0.01624
12	0.02084	0.01940	0.02101	0.02346	0.05729	0.10038	0.01719	0.02438	0.02391	0.02982	0.04632	0.25410	0.05151	0.02632	0.01523	0.00435	0.05681	0.18835	0.00866	0.01068
13	0.16935	0.12123	0.03140	0.02410	0.03044	0.39378	0.01890	0.03981	0.02729	0.03098	0.01630	0.01899	0.01359	0.01076	0.00884	0.00286	0.01637	0.00664	0.00572	0.01265
14	0.01407	0.01056	0.01420	0.01619	0.01677	0.01069	0.01115	0.01601	0.02056	0.02772	0.05668	0.56598	0.06780	0.03303	0.01555	0.00445	0.05039	0.02940	0.00972	0.00909
15	0.04206	0.02955	0.03211	0.02462	0.03332	0.03235	0.02034	0.47461	0.04961	0.10888	0.02756	0.02708	0.01924	0.01312	0.01091	0.00328	0.01177	0.00991	0.01112	0.01854
16	0.02187	0.05640	0.56031	0.03108	0.04719	0.02532	0.04029	0.03453	0.02302	0.03453	0.01957	0.02302	0.01381	0.01036	0.01036	0.00345	0.01611	0.00806	0.00460	0.01611
17	0.02712	0.02342	0.02465	0.02219	0.02835	0.02712	0.01726	0.05794	0.52909	0.04561	0.04438	0.04068	0.03328	0.01479	0.01109	0.00370	0.00863	0.01233	0.01109	0.01726
18	0.04892	0.01856	0.02530	0.01940	0.02783	0.01603	0.01603	0.05314	0.03121	0.55634	0.04302	0.03711	0.02699	0.01350	0.01096	0.00337	0.00928	0.01096	0.01350	0.01856
19	0.01577	0.01090	0.01357	0.01357	0.01415	0.01148	0.00870	0.01693	0.01635	0.02238	0.03282	0.06286	0.03595	0.45754	0.20972	0.01264	0.01612	0.01461	0.00638	0.00754
20	0.02199	0.01241	0.01601	0.01490	0.01851	0.01109	0.01122	0.02588	0.02790	0.15136	0.26510	0.18900	0.14424	0.02369	0.01267	0.00367	0.00637	0.02070	0.01165	0.01165
21	0.02069	0.03169	0.21672	0.17591	0.09069	0.02186	0.02855	0.03090	0.06370	0.03384	0.07667	0.04197	0.09320	0.01405	0.01114	0.00353	0.01253	0.01190	0.00659	0.01387
22	0.02143	0.02527	0.12535	0.14570	0.03926	0.01879	0.02165	0.02974	0.05498	0.03403	0.02531	0.07281	0.02165	0.01193	0.00976	0.00283	0.01073	0.01003	0.05065	0.26811
23	0.02756	0.09209	0.10007	0.02532	0.07036	0.02461	0.02121	0.10758	0.06033	0.08444	0.03530	0.08136	0.06302	0.01594	0.01285	0.00344	0.05897	0.03980	0.00817	0.06757
24	0.02234	0.15516	0.10327	0.02485	0.09550	0.02246	0.01983	0.02799	0.02438	0.03428	0.12727	0.08043	0.03740	0.01380	0.00993	0.00282	0.00986	0.01158	0.00708	0.16976

[dist]
# distance from previous block
# <min> <max>
2	28

[block]
# block no. 3 follows, 12 sequences, length 13
# corresponding to MSA columns:
# 128-140
name=unknown_D
#
# <colnr> <probs for GDERKNQSTAVLIFYWHMCP>
#	G	D	E	R	K	N	Q	S	T	A	V	L	I	F	Y	W	H	M	C	P
0	0.14073	0.02317	0.06732	0.01976	0.02633	0.02213	0.01689	0.10912	0.15717	0.08793	0.11945	0.09190	0.04048	0.01630	0.01081	0.00355	0.00900	0.01334	0.01003	0.01459
1	0.11752	0.01731	0.02282	0.11836	0.07448	0.01928	0.01775	0.02988	0.02220	0.09984	0.02917	0.04186	0.02497	0.06950	0.01671	0.00418	0.07112	0.04900	0.14183	0.01223
2	0.08907	0.10626	0.03437	0.12160	0.12455	0.02747	0.02217	0.10902	0.08900	0.13163	0.02678	0.02853	0.01972	0.01166	0.01002	0.00327	0.01134	0.00940	0.00824	0.01592
3	0.02210	0.08034	0.10434	0.13918	0.03807	0.05852	0.02308	0.02990	0.05994	0.03083	0.06062	0.04260	0.02877	0.02646	0.10867	0.00603	0.06275	0.05879	0.00649	0.01252
4	0.01578	0.01088	0.01347	0.01347	0.01402	0.01143	0.00857	0.01687	0.01632	0.02231	0.03291	0.06336	0.03617	0.46691	0.20065	0.01252	0.01579	0.01469	0.00639	0.00748
5	0.07870	0.18447	0.03925	0.17986	0.11868	0.12353	0.02402	0.07199	0.02603	0.03309	0.01825	0.02307	0.01484	0.01049	0.00938	0.00305	0.01377	0.00796	0.00564	0.01395
6	0.01314	0.01005	0.01208	0.01370	0.01543	0.00898	0.00946	0.01535	0.02230	0.02841	0.07814	0.42880	0.24136	0.03181	0.01355	0.00416	0.00604	0.02814	0.01012	0.00898
7	0.02081	0.02568	0.12243	0.49545	0.07035	0.02441	0.03198	0.02899	0.02201	0.02899	0.01941	0.02804	0.01441	0.01081	0.01081	0.00360	0.01480	0.00941	0.00480	0.01279
8	0.01894	0.00947	0.01420	0.01420	0.01420	0.00947	0.00947	0.01420	0.01420	0.01894	0.01894	0.03314	0.01894	0.03788	0.04261	0.68277	0.00947	0.00947	0.00473	0.00473
9	0.01586	0.01057	0.01189	0.01189	0.01189	0.01057	0.00661	0.01586	0.01586	0.02114	0.03436	0.07135	0.03964	0.61681	0.05550	0.01057	0.01057	0.01586	0.00661	0.00661
10	0.02956	0.02463	0.02603	0.02268	0.02928	0.02826	0.01785	0.13523	0.44784	0.04954	0.04128	0.03821	0.03078	0.01450	0.01106	0.00363	0.00920	0.01190	0.01106	0.01748
11	0.02261	0.01938	0.02261	0.01615	0.02584	0.01453	0.01292	0.02745	0.02261	0.03553	0.01938	0.02261	0.01615	0.00807	0.00807	0.00161	0.00807	0.00646	0.00646	0.68346
12	0.03563	0.02361	0.02831	0.02661	0.08357	0.02513	0.01923	0.13455	0.25498	0.18898	0.03829	0.03570	0.02727	0.01360	0.01099	0.00349	0.00986	0.01124	0.01113	0.01784

[dist]
# distance from previous block
# <min> <max>
0	1

[block]
# block no. 4 follows, 12 sequences, length 19
# corresponding to MSA columns:
# 142-160
name=unknown_E
#
# <colnr> <probs for GDERKNQSTAVLIFYWHMCP>
#	G	D	E	R	K	N	Q	S	T	A	V	L	I	F	Y	W	H	M	C	P
0	0.02435	0.01687	0.02463	0.05513	0.02832	0.01667	0.08711	0.03327	0.09452	0.11173	0.13075	0.05273	0.10318	0.01596	0.01110	0.00335	0.00880	0.01418	0.15434	0.01301
1	0.02226	0.05368	0.51040	0.03257	0.04818	0.02555	0.08747	0.03457	0.02329	0.03457	0.01982	0.02366	0.01409	0.01024	0.01061	0.00348	0.01634	0.00854	0.00470	0.01597
2	0.01476	0.01112	0.01364	0.01301	0.01588	0.01000	0.00976	0.01927	0.02927	0.03994	0.42828	0.08768	0.22000	0.02370	0.01287	0.00350	0.00524	0.02059	0.01150	0.01000
3	0.19407	0.12182	0.02908	0.02116	0.06377	0.08706	0.01600	0.03174	0.02264	0.03627	0.01744	0.02053	0.01455	0.00927	0.00797	0.00243	0.01044	0.00652	0.00607	0.28118
4	0.01364	0.00974	0.01306	0.01559	0.01638	0.00916	0.01074	0.01580	0.02123	0.02823	0.05990	0.56911	0.07133	0.03382	0.01401	0.00448	0.00664	0.06805	0.01011	0.00895
5	0.02033	0.01016	0.01016	0.01016	0.01270	0.01016	0.00762	0.02541	0.02287	0.04065	0.03557	0.04065	0.02795	0.01270	0.00762	0.00254	0.00508	0.01016	0.67734	0.01016
6	0.69383	0.02109	0.01603	0.01434	0.02109	0.02446	0.01181	0.03205	0.01856	0.04892	0.01518	0.01771	0.01181	0.01012	0.00675	0.00337	0.00843	0.00590	0.00675	0.01181
7	0.02385	0.02385	0.03340	0.02863	0.02863	0.03340	0.02385	0.02624	0.01670	0.02624	0.01431	0.02385	0.01431	0.01908	0.03578	0.00477	0.59685	0.00954	0.00477	0.01193
8	0.04892	0.01856	0.02530	0.01940	0.02783	0.01603	0.01603	0.05314	0.03121	0.55634	0.04302	0.03711	0.02699	0.01350	0.01096	0.00337	0.00928	0.01096	0.01350	0.01856
9	0.03236	0.02603	0.02761	0.02325	0.03035	0.02957	0.01853	0.22425	0.35424	0.05407	0.03772	0.03537	0.02789	0.01417	0.01103	0.00354	0.00986	0.01141	0.01103	0.01773
10	0.01461	0.01045	0.01412	0.01635	0.01765	0.00996	0.01211	0.01762	0.02287	0.03049	0.10164	0.43444	0.07232	0.03205	0.01413	0.00450	0.00721	0.14791	0.01026	0.00930
11	0.04892	0.01856	0.02530	0.01940	0.02783	0.01603	0.01603	0.05314	0.03121	0.55634	0.04302	0.03711	0.02699	0.01350	0.01096	0.00337	0.00928	0.01096	0.01350	0.01856
12	0.03640	0.02803	0.02988	0.02407	0.03189	0.03145	0.01950	0.35217	0.21976	0.06057	0.03260	0.03129	0.02374	0.01369	0.01097	0.00342	0.01081	0.01070	0.01097	0.01809
13	0.04892	0.01856	0.02530	0.01940	0.02783	0.01603	0.01603	0.05314	0.03121	0.55634	0.04302	0.03711	0.02699	0.01350	0.01096	0.00337	0.00928	0.01096	0.01350	0.01856
14	0.04136	0.02171	0.02849	0.02262	0.02893	0.02315	0.01874	0.11496	0.03048	0.34710	0.03312	0.03207	0.02247	0.01487	0.01734	0.00372	0.16073	0.01043	0.01087	0.01685
15	0.02946	0.02017	0.08381	0.10374	0.03245	0.01616	0.01854	0.03545	0.02792	0.22399	0.17358	0.04683	0.04458	0.01508	0.01107	0.00335	0.00930	0.01277	0.07757	0.01419
16	0.01855	0.01113	0.01425	0.01506	0.01742	0.00999	0.01067	0.02095	0.02314	0.10722	0.06668	0.43244	0.15103	0.02988	0.01329	0.00413	0.00662	0.02655	0.01063	0.01037
17	0.01548	0.01032	0.01222	0.01260	0.01324	0.00995	0.00781	0.01548	0.01772	0.02307	0.04737	0.15134	0.11728	0.35603	0.04098	0.10740	0.00902	0.01826	0.00739	0.00706
18	0.02431	0.07274	0.11940	0.15711	0.12672	0.02571	0.12944	0.06249	0.02455	0.03330	0.02216	0.03213	0.01864	0.08585	0.01649	0.00430	0.01446	0.01061	0.00565	0.01395

[dist]
# distance from previous block
# <min> <max>
0	10

[block]
# block no. 5 follows, 12 sequences, length 7
# corresponding to MSA columns:
# 171-177
name=unknown_F
#
# <colnr> <probs for GDERKNQSTAVLIFYWHMCP>
#	G	D	E	R	K	N	Q	S	T	A	V	L	I	F	Y	W	H	M	C	P
0	0.14718	0.02710	0.14449	0.02598	0.09677	0.01993	0.02150	0.03688	0.02413	0.19049	0.02849	0.03306	0.02149	0.07526	0.01454	0.00408	0.01101	0.00972	0.05307	0.01483
1	0.02183	0.03026	0.17944	0.12102	0.09052	0.02171	0.12481	0.03006	0.02392	0.03433	0.06137	0.07029	0.02617	0.01259	0.01107	0.00338	0.01330	0.01183	0.04936	0.06277
2	0.32572	0.02113	0.02110	0.05782	0.02718	0.02350	0.01499	0.14520	0.02889	0.08349	0.07130	0.02982	0.02458	0.01247	0.00895	0.00330	0.00916	0.00911	0.06873	0.01357
3	0.03962	0.03809	0.02813	0.02463	0.03070	0.33275	0.01888	0.10412	0.03260	0.13794	0.02777	0.08504	0.02323	0.01430	0.01062	0.00315	0.01521	0.01066	0.00835	0.01420
4	0.02745	0.02928	0.13794	0.02469	0.03431	0.02245	0.07166	0.08853	0.12967	0.08708	0.03023	0.06640	0.02401	0.01271	0.01058	0.00314	0.01131	0.01097	0.00826	0.16933
5	0.03323	0.02136	0.02930	0.08239	0.03401	0.02218	0.04990	0.11287	0.02854	0.19681	0.02860	0.03350	0.02166	0.06962	0.01828	0.00404	0.09143	0.01044	0.00888	0.10295
6	0.02532	0.08269	0.06439	0.09498	0.03242	0.01881	0.01752	0.03056	0.02474	0.11553	0.07292	0.04039	0.09299	0.01321	0.00995	0.00278	0.00954	0.01080	0.00792	0.23255

[dist]
# distance from previous block
# <min> <max>
0	3

[block]
# block no. 6 follows, 12 sequences, length 6
# corresponding to MSA columns:
# 181-186
name=unknown_G
#
# <colnr> <probs for GDERKNQSTAVLIFYWHMCP>
#	G	D	E	R	K	N	Q	S	T	A	V	L	I	F	Y	W	H	M	C	P
0	0.21252	0.01885	0.02344	0.08879	0.03055	0.02002	0.04730	0.07676	0.02798	0.10462	0.18943	0.04335	0.04402	0.01473	0.01050	0.00343	0.00922	0.01221	0.00930	0.01298
1	0.01419	0.01032	0.01225	0.01313	0.01442	0.00959	0.00866	0.01601	0.02117	0.02767	0.10973	0.28415	0.16824	0.20962	0.02630	0.00605	0.00733	0.02354	0.00923	0.00838
2	0.02726	0.01923	0.02630	0.09123	0.03244	0.02016	0.05379	0.15468	0.03147	0.10224	0.10506	0.13647	0.04121	0.05457	0.04892	0.00485	0.01156	0.01551	0.00953	0.01351
3	0.01577	0.01091	0.01361	0.01361	0.01421	0.01151	0.00875	0.01696	0.01637	0.02242	0.03278	0.06264	0.03586	0.45333	0.21381	0.01270	0.01626	0.01458	0.00637	0.00756
4	0.13755	0.21605	0.07903	0.02380	0.03058	0.03326	0.05564	0.03406	0.07751	0.03326	0.01906	0.02305	0.01605	0.01265	0.01548	0.00347	0.16183	0.00820	0.00582	0.01368
5	0.02608	0.10584	0.03163	0.02863	0.11404	0.02763	0.01975	0.04602	0.31709	0.03889	0.03464	0.03542	0.02726	0.02072	0.07376	0.00499	0.01209	0.01092	0.00866	0.01596

[dist]
# distance from previous block
# <min> <max>
9	35

[block]
# block no. 7 follows, 12 sequences, length 18
# corresponding to MSA columns:
# 225-242
name=unknown_H
#
# <colnr> <probs for GDERKNQSTAVLIFYWHMCP>
#	G	D	E	R	K	N	Q	S	T	A	V	L	I	F	Y	W	H	M	C	P
0	0.02812	0.02023	0.03262	0.21632	0.04690	0.02127	0.10034	0.08351	0.02784	0.14155	0.05875	0.11296	0.03042	0.01518	0.01175	0.00365	0.01220	0.01394	0.00846	0.01398
1	0.01801	0.01146	0.01461	0.01475	0.01714	0.01096	0.01061	0.02052	0.02156	0.08597	0.05975	0.24084	0.16067	0.11934	0.13444	0.00768	0.01177	0.02090	0.00914	0.00990
2	0.03057	0.03154	0.15564	0.02411	0.03280	0.02588	0.02325	0.19076	0.07883	0.10060	0.03830	0.03837	0.09066	0.01520	0.01355	0.00357	0.06999	0.01151	0.00896	0.01591
3	0.01638	0.01170	0.01620	0.01872	0.02071	0.01152	0.01550	0.02053	0.02393	0.03130	0.05839	0.25820	0.06535	0.03124	0.01474	0.00486	0.00901	0.35195	0.01006	0.00971
4	0.07913	0.11755	0.14135	0.02425	0.03389	0.09080	0.02316	0.18522	0.06632	0.10006	0.02452	0.02516	0.01786	0.01176	0.00988	0.00317	0.01290	0.00862	0.00817	0.01622
5	0.01478	0.01037	0.01331	0.01481	0.01571	0.00997	0.01019	0.01691	0.02108	0.02825	0.10105	0.34416	0.06508	0.19108	0.02529	0.00608	0.00787	0.08613	0.00934	0.00855
6	0.02350	0.10144	0.02730	0.01649	0.02613	0.01842	0.01370	0.02816	0.02255	0.03419	0.01881	0.02191	0.01586	0.00825	0.00793	0.00171	0.00856	0.00637	0.00622	0.59250
7	0.03050	0.02158	0.07865	0.01982	0.02615	0.01797	0.01706	0.13325	0.03026	0.18479	0.04438	0.19147	0.06944	0.02119	0.01392	0.04908	0.00955	0.01649	0.01029	0.01415
8	0.03006	0.02445	0.07914	0.01991	0.02663	0.05751	0.01751	0.14091	0.03083	0.13375	0.04108	0.04257	0.09399	0.02521	0.09679	0.00542	0.01334	0.01178	0.09493	0.01417
9	0.03129	0.13666	0.07176	0.12201	0.03947	0.05844	0.05426	0.03686	0.02528	0.16078	0.02449	0.02670	0.01789	0.01058	0.00968	0.00288	0.01216	0.00861	0.00734	0.14286
10	0.03260	0.01907	0.02363	0.01738	0.02660	0.01510	0.01410	0.03720	0.02587	0.23322	0.02835	0.02811	0.02026	0.01013	0.00917	0.00228	0.00853	0.00817	0.00913	0.43107
11	0.02554	0.02146	0.02509	0.19584	0.03998	0.08156	0.01964	0.03612	0.12764	0.08854	0.17268	0.04577	0.04414	0.01516	0.01137	0.00347	0.01078	0.01285	0.00904	0.01333
12	0.03432	0.23148	0.03707	0.02030	0.02857	0.02925	0.01797	0.15146	0.03144	0.14733	0.02873	0.03593	0.02344	0.01331	0.00976	0.00301	0.01074	0.06051	0.00877	0.07662
13	0.02214	0.12003	0.06111	0.01646	0.02243	0.01823	0.01390	0.02577	0.02207	0.06595	0.07622	0.10569	0.03623	0.16043	0.02082	0.00463	0.00946	0.01300	0.00746	0.17795
14	0.02426	0.01942	0.09131	0.01779	0.02359	0.01379	0.01555	0.02892	0.02518	0.15278	0.13913	0.17866	0.05076	0.07935	0.01609	0.00417	0.00871	0.01696	0.00977	0.08381
15	0.11307	0.13661	0.02631	0.01596	0.02318	0.02031	0.01323	0.02679	0.02291	0.03566	0.09444	0.09477	0.03331	0.01347	0.00899	0.00256	0.00823	0.01083	0.00732	0.29204
16	0.17150	0.02443	0.07398	0.02070	0.02946	0.02092	0.04758	0.09903	0.02725	0.13238	0.02651	0.06562	0.02111	0.01221	0.00959	0.00301	0.01015	0.00982	0.00837	0.18638
17	0.12146	0.10566	0.07648	0.01953	0.02802	0.02355	0.01757	0.11148	0.02803	0.13310	0.02789	0.08683	0.02332	0.01328	0.00955	0.00300	0.01001	0.01040	0.00845	0.14239

[dist]
# distance from previous block
# <min> <max>
16	64

[block]
# block no. 8 follows, 12 sequences, length 18
# corresponding to MSA columns:
# 321-338
name=unknown_I
#
# <colnr> <probs for GDERKNQSTAVLIFYWHMCP>
#	G	D	E	R	K	N	Q	S	T	A	V	L	I	F	Y	W	H	M	C	P
0	0.02990	0.09594	0.10489	0.20500	0.04673	0.02671	0.02490	0.13673	0.02958	0.10298	0.02329	0.02670	0.01692	0.01118	0.01013	0.00317	0.01264	0.00892	0.00731	0.07639
1	0.09448	0.01409	0.01791	0.07582	0.02464	0.01449	0.01338	0.02227	0.02215	0.03389	0.14622	0.12584	0.04687	0.07064	0.13564	0.00686	0.01263	0.01491	0.00797	0.09929
2	0.08782	0.02732	0.08283	0.02071	0.02592	0.13387	0.01769	0.03143	0.02528	0.09214	0.09896	0.14514	0.03911	0.01790	0.01293	0.00354	0.05946	0.01418	0.05138	0.01237
3	0.06719	0.01662	0.02057	0.01790	0.02195	0.01771	0.01384	0.07671	0.02287	0.09117	0.02829	0.04067	0.02550	0.15411	0.20808	0.00938	0.06033	0.01109	0.00743	0.08860
4	0.02758	0.06233	0.09775	0.06019	0.05615	0.06508	0.02082	0.10755	0.13292	0.07063	0.04575	0.04519	0.13107	0.01550	0.01098	0.00341	0.01109	0.01249	0.00870	0.01482
5	0.32265	0.02800	0.02551	0.02396	0.07472	0.09902	0.01747	0.16101	0.02976	0.04902	0.01913	0.02144	0.01472	0.01087	0.00873	0.00313	0.01126	0.00748	0.00756	0.06460
6	0.20783	0.26396	0.04018	0.02377	0.07159	0.03287	0.04609	0.09595	0.02550	0.03953	0.01772	0.02048	0.01456	0.00999	0.00816	0.00284	0.01112	0.00714	0.00627	0.05445
7	0.01530	0.01175	0.01425	0.01534	0.01758	0.01136	0.01119	0.02108	0.07679	0.03230	0.12406	0.33993	0.16870	0.02903	0.01339	0.00414	0.00661	0.06669	0.01043	0.01009
8	0.11443	0.08058	0.02651	0.10151	0.06161	0.15946	0.01738	0.02977	0.02366	0.03103	0.08107	0.03891	0.02957	0.13933	0.01932	0.00468	0.01275	0.01061	0.00650	0.01132
9	0.01905	0.09540	0.02267	0.01763	0.02049	0.05868	0.01375	0.02219	0.01932	0.02529	0.03021	0.10047	0.03053	0.11794	0.34294	0.01230	0.02180	0.01303	0.00620	0.01010
10	0.01689	0.01312	0.01560	0.01514	0.01827	0.01246	0.01091	0.02363	0.09072	0.03437	0.16996	0.24052	0.11433	0.07836	0.01632	0.00426	0.00686	0.02083	0.00995	0.08750
11	0.01385	0.01039	0.01244	0.01381	0.01550	0.00950	0.00968	0.01604	0.02185	0.02787	0.07285	0.33406	0.22046	0.10890	0.01919	0.00505	0.00694	0.06321	0.00965	0.00877
12	0.01997	0.07773	0.02360	0.01695	0.02157	0.01572	0.06299	0.02372	0.02515	0.07522	0.17166	0.07164	0.21170	0.11316	0.01874	0.00453	0.00853	0.01728	0.00922	0.01090
13	0.02360	0.01594	0.02035	0.05483	0.02501	0.01655	0.01453	0.08039	0.08291	0.10186	0.27651	0.05771	0.06218	0.02666	0.08642	0.00532	0.01051	0.01517	0.01068	0.01288
14	0.09711	0.07784	0.02026	0.01673	0.02023	0.01747	0.01311	0.07318	0.02467	0.03603	0.04432	0.30661	0.04856	0.02427	0.01168	0.00389	0.00811	0.08041	0.06451	0.01102
15	0.09599	0.09002	0.14080	0.26051	0.05004	0.02466	0.02620	0.02969	0.02240	0.03308	0.05289	0.02819	0.01997	0.01103	0.00979	0.00323	0.01268	0.00889	0.00560	0.07433
16	0.12069	0.12146	0.20865	0.02390	0.03459	0.08973	0.02481	0.08682	0.02701	0.09269	0.02119	0.02293	0.01563	0.01075	0.00931	0.00306	0.01318	0.00772	0.00674	0.05915
17	0.26867	0.12617	0.09280	0.01955	0.02832	0.02804	0.01827	0.09049	0.09151	0.04375	0.02128	0.02285	0.01649	0.01076	0.00842	0.00306	0.01030	0.00751	0.00717	0.08459

[dist]
# distance from previous block
# <min> <max>
2	9

[block]
# block no. 9 follows, 12 sequences, length 7
# corresponding to MSA columns:
# 348-354
name=unknown_J
#
# <colnr> <probs for GDERKNQSTAVLIFYWHMCP>
#	G	D	E	R	K	N	Q	S	T	A	V	L	I	F	Y	W	H	M	C	P
0	0.03259	0.09078	0.09342	0.10178	0.04233	0.02754	0.11128	0.11493	0.02910	0.15405	0.02535	0.02812	0.01818	0.01208	0.01315	0.00348	0.06837	0.00998	0.00784	0.01566
1	0.01656	0.01156	0.01375	0.01431	0.01593	0.01157	0.00978	0.02199	0.07522	0.03234	0.12832	0.26910	0.06011	0.16204	0.02227	0.00537	0.00720	0.02113	0.09184	0.00962
2	0.02168	0.19936	0.17340	0.02254	0.03056	0.02482	0.05164	0.02753	0.02213	0.02933	0.03120	0.12963	0.03206	0.08021	0.01547	0.00425	0.01210	0.07314	0.00644	0.01251
3	0.04021	0.03427	0.11658	0.02489	0.03434	0.09803	0.02267	0.24691	0.03848	0.19163	0.02851	0.02782	0.01950	0.01251	0.01069	0.00327	0.01292	0.00948	0.00990	0.01738
4	0.01534	0.01255	0.01560	0.01558	0.01782	0.01282	0.01197	0.01854	0.02413	0.03174	0.16551	0.19801	0.24514	0.02709	0.01630	0.00406	0.08335	0.06493	0.00978	0.00977
5	0.02963	0.02173	0.06868	0.08695	0.08524	0.01953	0.09405	0.03562	0.02457	0.19588	0.02999	0.03474	0.02239	0.03036	0.16242	0.00724	0.01736	0.01099	0.00797	0.01465
6	0.02126	0.01794	0.02210	0.08615	0.02962	0.01508	0.01403	0.02561	0.02141	0.03224	0.02182	0.03136	0.01979	0.10781	0.01617	0.00333	0.00928	0.00839	0.00629	0.49033

[dist]
# distance from previous block
# <min> <max>
12	28

[block]
# block no. 10 follows, 12 sequences, length 10
# corresponding to MSA columns:
# 383-392
name=unknown_K
#
# <colnr> <probs for GDERKNQSTAVLIFYWHMCP>
#	G	D	E	R	K	N	Q	S	T	A	V	L	I	F	Y	W	H	M	C	P
0	0.01842	0.01560	0.02273	0.23924	0.04010	0.01807	0.01887	0.02484	0.06043	0.03045	0.10401	0.16470	0.04353	0.09563	0.01898	0.00473	0.04463	0.01655	0.00765	0.01085
1	0.46889	0.01841	0.01616	0.01447	0.02041	0.02027	0.01165	0.03260	0.02094	0.11112	0.02483	0.06658	0.02038	0.01266	0.00793	0.00334	0.00793	0.00897	0.10025	0.01223
2	0.01680	0.01143	0.01458	0.01379	0.01669	0.01037	0.01034	0.02137	0.02944	0.06897	0.42742	0.11794	0.15307	0.02330	0.01283	0.00353	0.00550	0.02043	0.01172	0.01051
3	0.01474	0.01095	0.01262	0.01314	0.01595	0.00987	0.01000	0.01832	0.02517	0.03324	0.16371	0.16618	0.28895	0.02640	0.01276	0.00380	0.00610	0.08008	0.07848	0.00955
4	0.01487	0.01091	0.01394	0.01364	0.01606	0.00998	0.01006	0.01932	0.02886	0.04005	0.43135	0.15668	0.14472	0.02448	0.01301	0.00359	0.00535	0.02162	0.01155	0.00998
5	0.02700	0.02137	0.02279	0.02011	0.02577	0.02405	0.01573	0.11269	0.34393	0.04795	0.09153	0.04283	0.03762	0.01504	0.01078	0.00346	0.00826	0.01244	0.10089	0.01577
6	0.03240	0.01545	0.02045	0.01751	0.02300	0.01412	0.01396	0.03836	0.05927	0.29144	0.20327	0.09866	0.05697	0.01895	0.01206	0.00360	0.00777	0.04577	0.01241	0.01460
7	0.02861	0.02095	0.03220	0.13900	0.14749	0.02055	0.05745	0.06159	0.02632	0.13600	0.02904	0.08954	0.02419	0.01310	0.01087	0.00322	0.01136	0.01186	0.00787	0.12880
8	0.33135	0.10334	0.02743	0.07727	0.03110	0.10358	0.01719	0.08539	0.06334	0.04255	0.01921	0.02174	0.01501	0.01092	0.00839	0.00320	0.01140	0.00733	0.00690	0.01335
9	0.11122	0.17850	0.07221	0.09865	0.03520	0.08470	0.01991	0.03471	0.07442	0.03371	0.02008	0.02315	0.01619	0.01022	0.00868	0.00277	0.01177	0.00745	0.00607	0.15038

[dist]
# distance from previous block
# <min> <max>
0	21

[block]
# block no. 11 follows, 12 sequences, length 37
# corresponding to MSA columns:
# 414-450
name=unknown_L
#
# <colnr> <probs for GDERKNQSTAVLIFYWHMCP>
#	G	D	E	R	K	N	Q	S	T	A	V	L	I	F	Y	W	H	M	C	P
0	0.08572	0.12895	0.15714	0.18193	0.04546	0.02861	0.02651	0.07899	0.02449	0.03542	0.01867	0.02367	0.01452	0.01106	0.01133	0.00327	0.05419	0.00813	0.00564	0.05631
1	0.02043	0.01757	0.02364	0.02056	0.02331	0.02075	0.01661	0.02413	0.01966	0.03032	0.06223	0.03466	0.02621	0.03365	0.17160	0.00733	0.23682	0.01039	0.06333	0.13681
2	0.02769	0.50935	0.15833	0.02115	0.03185	0.03956	0.02301	0.03303	0.02233	0.02744	0.01605	0.01860	0.01396	0.00954	0.00767	0.00256	0.01256	0.00628	0.00465	0.01442
3	0.01531	0.01067	0.01333	0.01353	0.01449	0.01058	0.00890	0.01733	0.02054	0.02824	0.16260	0.15722	0.05893	0.31465	0.09891	0.00864	0.01073	0.01875	0.00841	0.00824
4	0.01754	0.01271	0.01626	0.01618	0.01801	0.01409	0.01205	0.02299	0.06004	0.03170	0.08165	0.17660	0.04444	0.08042	0.16485	0.00785	0.06223	0.01670	0.13348	0.01021
5	0.02965	0.02140	0.02363	0.01983	0.02550	0.02333	0.01578	0.25965	0.08756	0.05284	0.09271	0.08234	0.03609	0.02079	0.05095	0.00432	0.01056	0.01304	0.11527	0.01476
6	0.02059	0.01938	0.03270	0.59060	0.07510	0.02422	0.03028	0.02786	0.02180	0.02786	0.01938	0.02907	0.01453	0.01090	0.01090	0.00363	0.01453	0.00969	0.00484	0.01211
7	0.01653	0.01033	0.01239	0.01239	0.01239	0.01033	0.00723	0.01550	0.01550	0.02066	0.03101	0.06306	0.03515	0.49113	0.05270	0.15649	0.01033	0.01447	0.00620	0.00620
8	0.01586	0.01057	0.01189	0.01189	0.01189	0.01057	0.00661	0.01586	0.01586	0.02114	0.03436	0.07135	0.03964	0.61681	0.05550	0.01057	0.01057	0.01586	0.00661	0.00661
9	0.34934	0.01973	0.02098	0.01704	0.02469	0.01995	0.01406	0.04331	0.02531	0.31997	0.03005	0.02808	0.01992	0.01192	0.00900	0.00337	0.00889	0.00861	0.01035	0.01541
10	0.02261	0.01938	0.02261	0.01615	0.02584	0.01453	0.01292	0.02745	0.02261	0.03553	0.01938	0.02261	0.01615	0.00807	0.00807	0.00161	0.00807	0.00646	0.00646	0.68346
11	0.02275	0.07815	0.02131	0.01748	0.01960	0.10493	0.01298	0.02160	0.01934	0.02297	0.02601	0.10367	0.02722	0.02964	0.02823	0.37237	0.01103	0.04699	0.00591	0.00784
12	0.02689	0.01355	0.01759	0.01562	0.02017	0.01196	0.01203	0.03074	0.02826	0.22614	0.20516	0.16138	0.14176	0.02202	0.01236	0.00362	0.00692	0.01902	0.01191	0.01289
13	0.64215	0.02184	0.01735	0.01519	0.02209	0.02520	0.01251	0.07011	0.02115	0.05049	0.01605	0.01838	0.01234	0.01036	0.00708	0.00337	0.00872	0.00621	0.00708	0.01234
14	0.01333	0.01106	0.01166	0.01151	0.01500	0.00939	0.00863	0.01651	0.02590	0.03195	0.18606	0.10083	0.46721	0.02668	0.01288	0.00364	0.00546	0.02244	0.01045	0.00939
15	0.03065	0.22935	0.17053	0.02324	0.03311	0.07535	0.02371	0.03654	0.02426	0.11895	0.02145	0.02335	0.01638	0.01110	0.01109	0.00295	0.05824	0.00771	0.00640	0.07566
16	0.02187	0.05640	0.56031	0.03108	0.04719	0.02532	0.04029	0.03453	0.02302	0.03453	0.01957	0.02302	0.01381	0.01036	0.01036	0.00345	0.01611	0.00806	0.00460	0.01611
17	0.02915	0.62337	0.05714	0.01866	0.02799	0.04314	0.01866	0.03265	0.02215	0.02565	0.01516	0.01749	0.01399	0.00933	0.00700	0.00233	0.01166	0.00583	0.00466	0.01399
18	0.02272	0.01979	0.02359	0.01728	0.02609	0.01624	0.01391	0.02734	0.02207	0.03469	0.01892	0.02272	0.01598	0.00907	0.01058	0.00190	0.06140	0.00674	0.00631	0.62264
19	0.02020	0.01220	0.01610	0.01453	0.01793	0.01110	0.01110	0.02521	0.03091	0.11667	0.47188	0.07514	0.09208	0.02104	0.01259	0.00342	0.00573	0.01847	0.01222	0.01146
20	0.02712	0.02342	0.02465	0.02219	0.02835	0.02712	0.01726	0.05794	0.52909	0.04561	0.04438	0.04068	0.03328	0.01479	0.01109	0.00370	0.00863	0.01233	0.01109	0.01726
21	0.69383	0.02109	0.01603	0.01434	0.02109	0.02446	0.01181	0.03205	0.01856	0.04892	0.01518	0.01771	0.01181	0.01012	0.00675	0.00337	0.00843	0.00590	0.00675	0.01181
22	0.04145	0.03054	0.03272	0.02509	0.03381	0.03381	0.02072	0.51243	0.05127	0.06872	0.02618	0.02618	0.01854	0.01309	0.01091	0.00327	0.01200	0.00982	0.01091	0.01854
23	0.04892	0.01856	0.02530	0.01940	0.02783	0.01603	0.01603	0.05314	0.03121	0.55634	0.04302	0.03711	0.02699	0.01350	0.01096	0.00337	0.00928	0.01096	0.01350	0.01856
24	0.02381	0.01773	0.02362	0.02075	0.02222	0.02218	0.01652	0.02663	0.01924	0.08119	0.02548	0.03726	0.02312	0.11598	0.07237	0.00610	0.29103	0.01096	0.13255	0.01126
25	0.03504	0.01918	0.02186	0.01784	0.02408	0.01960	0.01439	0.16987	0.06920	0.20056	0.03581	0.03563	0.02546	0.01319	0.00976	0.00307	0.00847	0.01046	0.25108	0.01544
26	0.27617	0.01559	0.01580	0.01424	0.01903	0.01610	0.01122	0.02747	0.02571	0.09092	0.26057	0.05518	0.09862	0.01732	0.01037	0.00342	0.00680	0.01395	0.00998	0.01152
27	0.01904	0.01124	0.01524	0.01587	0.01802	0.01056	0.01137	0.02186	0.02324	0.10765	0.11093	0.40641	0.06454	0.03448	0.06943	0.00547	0.00892	0.02478	0.01041	0.01055
28	0.39445	0.01991	0.02033	0.01669	0.02422	0.02054	0.01377	0.04184	0.02443	0.28447	0.02810	0.02672	0.01886	0.01169	0.00871	0.00337	0.00883	0.00825	0.00988	0.01494
29	0.02463	0.01931	0.02385	0.07398	0.03094	0.01563	0.01492	0.02966	0.02325	0.07869	0.02137	0.02448	0.01690	0.00882	0.00860	0.00197	0.00882	0.00716	0.00689	0.56011
30	0.01540	0.01106	0.01508	0.01538	0.01652	0.01205	0.01088	0.01777	0.01736	0.02422	0.03453	0.11858	0.03662	0.25419	0.33583	0.01368	0.02033	0.01533	0.00660	0.00859
31	0.01745	0.00957	0.01367	0.01422	0.01436	0.00943	0.00937	0.01456	0.01579	0.02106	0.02919	0.16156	0.03225	0.08647	0.03748	0.47815	0.00888	0.01469	0.00606	0.00579
32	0.03456	0.15486	0.07727	0.07366	0.03840	0.02615	0.10581	0.04241	0.06564	0.22846	0.02974	0.03011	0.02084	0.01150	0.01040	0.00325	0.01227	0.00998	0.00863	0.01607
33	0.03061	0.13626	0.10194	0.03191	0.11498	0.07237	0.09092	0.03671	0.02546	0.11710	0.02281	0.02547	0.01730	0.01012	0.00986	0.00288	0.01303	0.00871	0.00669	0.12488
34	0.02430	0.01846	0.02859	0.20219	0.17583	0.01912	0.02286	0.02955	0.02453	0.10853	0.04503	0.09395	0.12909	0.01631	0.01154	0.00357	0.01083	0.01437	0.00778	0.01357
35	0.01862	0.01172	0.01514	0.01627	0.01828	0.01123	0.01141	0.02323	0.06495	0.09111	0.05677	0.49476	0.06357	0.03011	0.01333	0.00424	0.00687	0.02708	0.01060	0.01070
36	0.22031	0.02262	0.02233	0.06560	0.02917	0.06234	0.01514	0.07011	0.02429	0.04036	0.02140	0.06312	0.01873	0.01141	0.00871	0.00273	0.00982	0.00862	0.00698	0.27620

[dist]
# distance from previous block
# <min> <max>
1	12

[block]
# block no. 12 follows, 12 sequences, length 21
# corresponding to MSA columns:
# 467-487
name=unknown_M
#
# <colnr> <probs for GDERKNQSTAVLIFYWHMCP>
#	G	D	E	R	K	N	Q	S	T	A	V	L	I	F	Y	W	H	M	C	P
0	0.26510	0.02323	0.03169	0.11712	0.13160	0.02557	0.08635	0.03652	0.10923	0.04084	0.02275	0.02666	0.01756	0.01085	0.00969	0.00349	0.01156	0.00922	0.00680	0.01418
1	0.02275	0.02730	0.13099	0.11314	0.11186	0.02180	0.09665	0.06319	0.02435	0.03355	0.02930	0.03990	0.05555	0.12174	0.01916	0.00467	0.01329	0.01170	0.00619	0.05293
2	0.02055	0.01444	0.02135	0.07736	0.09831	0.01445	0.01749	0.02447	0.02319	0.07903	0.04649	0.24873	0.04979	0.07255	0.01658	0.00474	0.00961	0.14051	0.00898	0.01137
3	0.02397	0.01681	0.02596	0.27703	0.08635	0.01855	0.02131	0.02890	0.02322	0.10288	0.07431	0.04003	0.02842	0.07054	0.01710	0.04963	0.01135	0.01140	0.06017	0.01209
4	0.31256	0.01885	0.02048	0.01739	0.02437	0.01909	0.01447	0.04053	0.02519	0.27972	0.03332	0.03990	0.02520	0.01419	0.00973	0.00358	0.00902	0.06746	0.01026	0.01468
5	0.01917	0.01597	0.02538	0.35178	0.05107	0.01934	0.02253	0.02521	0.02077	0.02894	0.02435	0.03448	0.01991	0.03067	0.16539	0.00731	0.01726	0.01030	0.09898	0.01119
6	0.02574	0.02941	0.06434	0.04596	0.05699	0.02757	0.50919	0.03493	0.02574	0.03493	0.02206	0.02941	0.01654	0.00919	0.01287	0.00368	0.01838	0.01287	0.00551	0.01471
7	0.02289	0.01389	0.01803	0.01964	0.06494	0.01448	0.01383	0.02746	0.02337	0.08474	0.03830	0.10133	0.03456	0.01751	0.01245	0.00341	0.06203	0.07699	0.33855	0.01161
8	0.04145	0.03054	0.03272	0.02509	0.03381	0.03381	0.02072	0.51243	0.05127	0.06872	0.02618	0.02618	0.01854	0.01309	0.01091	0.00327	0.01200	0.00982	0.01091	0.01854
9	0.03120	0.02225	0.03389	0.12268	0.14491	0.02138	0.06684	0.07095	0.02739	0.16245	0.02606	0.02893	0.01895	0.01064	0.01043	0.00301	0.01163	0.00957	0.00792	0.16893
10	0.02087	0.01938	0.03129	0.51043	0.06822	0.02287	0.02786	0.02780	0.02192	0.02893	0.01938	0.02817	0.01476	0.01051	0.01051	0.00335	0.01363	0.00924	0.00507	0.10581
11	0.53859	0.02106	0.01915	0.09549	0.02929	0.02467	0.01489	0.03385	0.06593	0.04568	0.01845	0.02141	0.01416	0.01066	0.00773	0.00344	0.00930	0.00702	0.00688	0.01235
12	0.59957	0.02072	0.01738	0.01508	0.02207	0.02323	0.01242	0.03513	0.02041	0.12308	0.01925	0.02055	0.01403	0.01061	0.00736	0.00337	0.00856	0.00664	0.00773	0.01279
13	0.02383	0.28951	0.19459	0.02246	0.03150	0.03089	0.02394	0.02992	0.02260	0.03019	0.06968	0.07834	0.02744	0.01396	0.01182	0.00318	0.06632	0.01036	0.00583	0.01362
14	0.01423	0.01063	0.01323	0.01357	0.01581	0.00962	0.00980	0.01788	0.02656	0.03585	0.30396	0.24458	0.19026	0.02701	0.01318	0.00378	0.00558	0.02381	0.01103	0.00962
15	0.02223	0.01883	0.05486	0.07401	0.03028	0.01788	0.04996	0.03212	0.13308	0.07460	0.04316	0.13532	0.07019	0.02698	0.06662	0.06830	0.01183	0.04877	0.00858	0.01241
16	0.01602	0.01073	0.01350	0.01328	0.01557	0.01006	0.00978	0.02069	0.02799	0.04091	0.38230	0.14885	0.08489	0.02223	0.01206	0.00341	0.00530	0.01958	0.13279	0.01006
17	0.09165	0.02867	0.13035	0.16125	0.04331	0.02513	0.02504	0.10414	0.06743	0.13660	0.02602	0.02852	0.01850	0.01239	0.01216	0.00356	0.05256	0.00948	0.00792	0.01535
18	0.01530	0.01142	0.01447	0.01399	0.01680	0.01021	0.01028	0.01950	0.02748	0.03831	0.35677	0.19518	0.12850	0.02425	0.01272	0.00353	0.00567	0.02144	0.01098	0.06319
19	0.08748	0.11554	0.07258	0.11296	0.07040	0.02578	0.02092	0.09808	0.07385	0.03931	0.07341	0.10420	0.03175	0.01508	0.01044	0.00341	0.01077	0.01246	0.00774	0.01385
20	0.03401	0.10893	0.08169	0.15224	0.04142	0.02631	0.02272	0.11370	0.07663	0.19083	0.02911	0.02989	0.02041	0.01209	0.01034	0.00331	0.01180	0.00964	0.00884	0.01610

[dist]
# distance from previous block
# <min> <max>
0	12

[block]
# block no. 13 follows, 12 sequences, length 17
# corresponding to MSA columns:
# 500-516
name=unknown_N
#
# <colnr> <probs for GDERKNQSTAVLIFYWHMCP>
#	G	D	E	R	K	N	Q	S	T	A	V	L	I	F	Y	W	H	M	C	P
0	0.17516	0.26927	0.08758	0.06716	0.03139	0.07375	0.01944	0.03179	0.02308	0.03401	0.07590	0.02647	0.02361	0.01136	0.00848	0.00294	0.01151	0.00805	0.00604	0.01303
1	0.02244	0.02139	0.03545	0.40621	0.17902	0.02565	0.03029	0.02897	0.02192	0.02946	0.01907	0.02800	0.01514	0.01156	0.01370	0.00367	0.08016	0.00968	0.00496	0.01328
2	0.01590	0.01105	0.01415	0.01338	0.01595	0.01028	0.01003	0.02104	0.03010	0.04343	0.49447	0.07754	0.09571	0.02137	0.01236	0.00334	0.00514	0.01880	0.07568	0.01028
3	0.02153	0.05993	0.16780	0.16569	0.04183	0.02204	0.02490	0.07381	0.02648	0.03624	0.12239	0.04225	0.06647	0.02001	0.05834	0.00461	0.01348	0.01193	0.00709	0.01317
4	0.01486	0.01088	0.01394	0.01368	0.01607	0.00997	0.01007	0.01928	0.02877	0.03994	0.42807	0.16381	0.14081	0.02460	0.01302	0.00361	0.00536	0.02175	0.01154	0.00997
5	0.03405	0.02153	0.02781	0.16224	0.03987	0.02314	0.02026	0.16426	0.08175	0.19019	0.08952	0.03761	0.03088	0.01387	0.01116	0.00345	0.01077	0.01147	0.01027	0.01589
6	0.69383	0.02109	0.01603	0.01434	0.02109	0.02446	0.01181	0.03205	0.01856	0.04892	0.01518	0.01771	0.01181	0.01012	0.00675	0.00337	0.00843	0.00590	0.00675	0.01181
7	0.03045	0.06197	0.03581	0.08992	0.09478	0.02542	0.08841	0.12668	0.02860	0.11534	0.02634	0.03476	0.02152	0.10376	0.01964	0.00454	0.05875	0.01102	0.00773	0.01455
8	0.08920	0.01495	0.01794	0.01506	0.02059	0.01401	0.01204	0.03784	0.02715	0.27277	0.09470	0.04176	0.03465	0.01393	0.00964	0.00308	0.00725	0.01125	0.24811	0.01408
9	0.02534	0.01521	0.01866	0.01603	0.02050	0.01478	0.01256	0.10096	0.03325	0.13132	0.33407	0.06189	0.07047	0.01854	0.01175	0.00331	0.00686	0.01587	0.07575	0.01288
10	0.02226	0.01775	0.01936	0.01788	0.02201	0.01918	0.01332	0.08562	0.22673	0.03949	0.08448	0.13829	0.11060	0.11091	0.01857	0.00478	0.00831	0.01723	0.01018	0.01303
11	0.02436	0.10987	0.02761	0.08286	0.02930	0.02304	0.01653	0.12617	0.07454	0.04442	0.25687	0.05117	0.05643	0.01654	0.01120	0.00328	0.00888	0.01385	0.00978	0.01332
12	0.02528	0.01833	0.02347	0.02565	0.10254	0.01860	0.01712	0.10984	0.08255	0.08936	0.05217	0.19453	0.11362	0.02160	0.01230	0.00382	0.00900	0.05652	0.00996	0.01373
