[name]
unknown

[dist]
# distance from previous block
# <min> <max>
0	124

[block]
# block no. 0 follows, 12 sequences, length 18
# corresponding to MSA columns:
# 414-431
name=unknown_A
#
# <colnr> <probs for GDERKNQSTAVLIFYWHMCP>
#	G	D	E	R	K	N	Q	S	T	A	V	L	I	F	Y	W	H	M	C	P
0	0.25853	0.14933	0.09338	0.01914	0.02739	0.06925	0.01799	0.03593	0.02399	0.12512	0.06576	0.02718	0.02302	0.01169	0.00871	0.00313	0.01078	0.00827	0.00755	0.01384
1	0.07922	0.18996	0.12104	0.02151	0.02984	0.09918	0.02042	0.09213	0.02772	0.07786	0.06729	0.03105	0.02514	0.05827	0.01292	0.00358	0.01240	0.00924	0.00719	0.01404
2	0.02819	0.32553	0.15920	0.07431	0.03926	0.03525	0.06373	0.09531	0.02639	0.03408	0.01845	0.02176	0.01480	0.01016	0.00903	0.00291	0.01344	0.00772	0.00555	0.01493
3	0.02607	0.38329	0.27020	0.02392	0.03612	0.03560	0.02782	0.03345	0.02252	0.02941	0.01703	0.01983	0.01392	0.00976	0.00842	0.00281	0.01355	0.00677	0.00464	0.01489
4	0.02523	0.19652	0.11946	0.01972	0.02740	0.02410	0.01920	0.03223	0.06269	0.09908	0.04335	0.12400	0.09736	0.01774	0.01068	0.00341	0.01021	0.04589	0.00814	0.01358
5	0.02669	0.43176	0.22719	0.02285	0.03448	0.03712	0.02597	0.03328	0.02245	0.02865	0.01665	0.01936	0.01393	0.00968	0.00813	0.00271	0.01317	0.00658	0.00464	0.01471
6	0.01566	0.01084	0.01315	0.01275	0.01395	0.01044	0.00833	0.01807	0.02290	0.03173	0.27296	0.07609	0.06930	0.33794	0.03550	0.00722	0.00803	0.01767	0.00914	0.00833
7	0.04892	0.01856	0.02530	0.01940	0.02783	0.01603	0.01603	0.05314	0.03121	0.55634	0.04302	0.03711	0.02699	0.01350	0.01096	0.00337	0.00928	0.01096	0.01350	0.01856
8	0.01479	0.01112	0.01368	0.01304	0.01590	0.01001	0.00978	0.01933	0.02935	0.04012	0.43382	0.08738	0.21434	0.02363	0.01287	0.00349	0.00524	0.02055	0.01153	0.01001
9	0.01586	0.01057	0.01189	0.01189	0.01189	0.01057	0.00661	0.01586	0.01586	0.02114	0.03436	0.07135	0.03964	0.61681	0.05550	0.01057	0.01057	0.01586	0.00661	0.00661
10	0.02059	0.01938	0.03270	0.59060	0.07510	0.02422	0.03028	0.02786	0.02180	0.02786	0.01938	0.02907	0.01453	0.01090	0.01090	0.00363	0.01453	0.00969	0.00484	0.01211
11	0.01586	0.01057	0.01189	0.01189	0.01189	0.01057	0.00661	0.01586	0.01586	0.02114	0.03436	0.07135	0.03964	0.61681	0.05550	0.01057	0.01057	0.01586	0.00661	0.00661
12	0.02712	0.02342	0.02465	0.02219	0.02835	0.02712	0.01726	0.05794	0.52909	0.04561	0.04438	0.04068	0.03328	0.01479	0.01109	0.00370	0.00863	0.01233	0.01109	0.01726
13	0.01328	0.00949	0.01265	0.01518	0.01581	0.00886	0.01012	0.01518	0.02088	0.02783	0.06010	0.60969	0.07212	0.03416	0.01392	0.00443	0.00633	0.03100	0.01012	0.00886
14	0.69383	0.02109	0.01603	0.01434	0.02109	0.02446	0.01181	0.03205	0.01856	0.04892	0.01518	0.01771	0.01181	0.01012	0.00675	0.00337	0.00843	0.00590	0.00675	0.01181
15	0.02009	0.01596	0.01651	0.01459	0.01954	0.01541	0.01142	0.14094	0.03151	0.03936	0.08920	0.08507	0.41175	0.02395	0.01239	0.00358	0.00716	0.01968	0.01032	0.01156
16	0.02426	0.17171	0.03132	0.01678	0.02638	0.02175	0.01437	0.02876	0.02250	0.03304	0.01832	0.02132	0.01561	0.00839	0.00780	0.00180	0.00898	0.00630	0.00601	0.51462
17	0.52709	0.01954	0.01706	0.01492	0.02138	0.02163	0.01217	0.03340	0.02170	0.11439	0.08317	0.02801	0.02489	0.01204	0.00804	0.00338	0.00814	0.00825	0.00827	0.01250

[dist]
# distance from previous block
# <min> <max>
0	1

[block]
# block no. 1 follows, 12 sequences, length 26
# corresponding to MSA columns:
# 433-458
name=unknown_B
#
# <colnr> <probs for GDERKNQSTAVLIFYWHMCP>
#	G	D	E	R	K	N	Q	S	T	A	V	L	I	F	Y	W	H	M	C	P
0	0.03132	0.46042	0.09836	0.02057	0.03039	0.03844	0.02068	0.08737	0.02613	0.07096	0.01887	0.02043	0.01545	0.01015	0.00803	0.00262	0.01193	0.00686	0.00601	0.01503
1	0.02915	0.62337	0.05714	0.01866	0.02799	0.04314	0.01866	0.03265	0.02215	0.02565	0.01516	0.01749	0.01399	0.00933	0.00700	0.00233	0.01166	0.00583	0.00466	0.01399
2	0.09078	0.16522	0.09333	0.18337	0.04325	0.02759	0.02329	0.06575	0.02562	0.14824	0.02364	0.02626	0.01706	0.01111	0.00957	0.00321	0.01218	0.00856	0.00722	0.01478
3	0.02321	0.24930	0.09789	0.01855	0.02494	0.02457	0.01728	0.02709	0.02206	0.06694	0.03501	0.23325	0.03728	0.05953	0.01343	0.00385	0.01007	0.01609	0.00738	0.01228
4	0.01367	0.01108	0.01213	0.01186	0.01521	0.00954	0.00890	0.01716	0.02669	0.03382	0.24279	0.09775	0.40931	0.02599	0.01288	0.00360	0.00541	0.02200	0.01070	0.00954
5	0.02261	0.01938	0.02261	0.01615	0.02584	0.01453	0.01292	0.02745	0.02261	0.03553	0.01938	0.02261	0.01615	0.00807	0.00807	0.00161	0.00807	0.00646	0.00646	0.68346
6	0.02059	0.01938	0.03270	0.59060	0.07510	0.02422	0.03028	0.02786	0.02180	0.02786	0.01938	0.02907	0.01453	0.01090	0.01090	0.00363	0.01453	0.00969	0.00484	0.01211
7	0.02282	0.01278	0.01694	0.01497	0.01883	0.01155	0.01155	0.02776	0.03094	0.15675	0.43279	0.07167	0.08615	0.02035	0.01244	0.00342	0.00606	0.01779	0.01233	0.01211
8	0.01524	0.01100	0.01440	0.01385	0.01625	0.01016	0.01027	0.02009	0.02997	0.04230	0.49960	0.12896	0.10011	0.02336	0.01296	0.00352	0.00525	0.02073	0.01183	0.01016
9	0.63448	0.02085	0.01688	0.01480	0.02171	0.02368	0.01220	0.03399	0.01972	0.09561	0.01774	0.01950	0.01321	0.01043	0.00714	0.00337	0.00851	0.00637	0.00737	0.01243
10	0.21793	0.01523	0.01627	0.01475	0.01904	0.01548	0.01106	0.02971	0.02253	0.15140	0.08011	0.12097	0.03820	0.13535	0.01890	0.00489	0.00823	0.01395	0.05438	0.01162
11	0.02053	0.01176	0.01513	0.01513	0.01807	0.01052	0.01100	0.02346	0.02490	0.13437	0.12947	0.34240	0.14598	0.02742	0.01302	0.00396	0.00662	0.02422	0.01104	0.01102
12	0.38122	0.01731	0.01586	0.01424	0.01992	0.01844	0.01138	0.03124	0.02196	0.12122	0.03694	0.07438	0.08719	0.01477	0.00875	0.00338	0.00764	0.01104	0.09100	0.01211
13	0.30013	0.02015	0.02157	0.01775	0.02524	0.02071	0.01452	0.04543	0.08753	0.29369	0.03223	0.02991	0.02179	0.01233	0.00932	0.00341	0.00887	0.00914	0.01054	0.01574
14	0.08501	0.01821	0.02278	0.01882	0.02545	0.01722	0.01501	0.09985	0.03052	0.34446	0.04277	0.16067	0.03484	0.01777	0.01132	0.00359	0.00890	0.01489	0.01196	0.01595
15	0.09209	0.01177	0.01442	0.01556	0.01772	0.01136	0.01096	0.02123	0.02176	0.08855	0.05327	0.48131	0.06050	0.02923	0.01280	0.00420	0.00688	0.02602	0.01012	0.01025
16	0.01355	0.00969	0.01289	0.01500	0.01587	0.00903	0.01014	0.01585	0.02211	0.02979	0.11956	0.54465	0.07590	0.03270	0.01379	0.00431	0.00618	0.02961	0.01035	0.00903
17	0.02074	0.01149	0.01433	0.01412	0.01700	0.01057	0.01038	0.02443	0.02525	0.11552	0.15455	0.25031	0.09691	0.02333	0.01178	0.00359	0.00621	0.02041	0.15814	0.01096
18	0.02765	0.01346	0.01782	0.01604	0.02001	0.01213	0.01197	0.03095	0.02652	0.23157	0.16344	0.20222	0.05817	0.09527	0.01767	0.00455	0.00769	0.01888	0.01141	0.01260
19	0.04073	0.05197	0.03090	0.02809	0.03371	0.57303	0.02107	0.04354	0.03090	0.02669	0.01685	0.01966	0.01404	0.01124	0.00983	0.00281	0.01966	0.00702	0.00562	0.01264
20	0.09866	0.02495	0.03123	0.08883	0.03325	0.06780	0.02304	0.02823	0.01842	0.02895	0.01514	0.02347	0.01404	0.01666	0.02809	0.00436	0.42884	0.00899	0.00505	0.01198
21	0.02149	0.01220	0.01568	0.01473	0.01787	0.01106	0.01081	0.02495	0.02654	0.13919	0.24130	0.18928	0.11460	0.08902	0.01740	0.00445	0.00686	0.02031	0.01112	0.01113
22	0.02570	0.09014	0.02353	0.01803	0.02248	0.01863	0.01397	0.07360	0.08177	0.12812	0.04671	0.31860	0.04775	0.02336	0.01195	0.00380	0.00828	0.02033	0.01023	0.01303
23	0.25684	0.07029	0.02821	0.02043	0.02852	0.02946	0.01711	0.26747	0.03608	0.11261	0.02358	0.02394	0.01691	0.01187	0.00925	0.00325	0.01050	0.00835	0.00935	0.01598
24	0.23795	0.06466	0.02560	0.01868	0.02571	0.02144	0.05058	0.06820	0.02696	0.17470	0.09733	0.03999	0.07689	0.01417	0.00991	0.00335	0.00921	0.01126	0.00947	0.01395
25	0.14231	0.10381	0.03756	0.02672	0.03378	0.11541	0.11841	0.03901	0.07978	0.09249	0.02303	0.02581	0.01776	0.01200	0.01304	0.00342	0.08523	0.00921	0.00703	0.01417

[dist]
# distance from previous block
# <min> <max>
2	6

[block]
# block no. 2 follows, 12 sequences, length 37
# corresponding to MSA columns:
# 465-501
name=unknown_C
#
# <colnr> <probs for GDERKNQSTAVLIFYWHMCP>
#	G	D	E	R	K	N	Q	S	T	A	V	L	I	F	Y	W	H	M	C	P
0	0.02718	0.25817	0.20204	0.02277	0.03368	0.03134	0.02443	0.11052	0.02746	0.03652	0.02601	0.02777	0.05584	0.01158	0.00921	0.00288	0.01234	0.00855	0.00623	0.06549
1	0.04892	0.01856	0.02530	0.01940	0.02783	0.01603	0.01603	0.05314	0.03121	0.55634	0.04302	0.03711	0.02699	0.01350	0.01096	0.00337	0.00928	0.01096	0.01350	0.01856
2	0.02288	0.02484	0.05247	0.03889	0.04753	0.02327	0.39456	0.03039	0.02462	0.03330	0.03080	0.16269	0.02931	0.01493	0.01311	0.00385	0.01561	0.01703	0.00657	0.01336
3	0.03538	0.02182	0.06390	0.02044	0.02768	0.01920	0.01741	0.08762	0.12662	0.27523	0.07319	0.11167	0.03691	0.01666	0.01143	0.00357	0.00928	0.01401	0.01160	0.01637
4	0.02056	0.01829	0.03004	0.52191	0.06771	0.02256	0.02760	0.02757	0.02193	0.02937	0.02130	0.03044	0.01612	0.01111	0.01051	0.00350	0.01342	0.00975	0.08443	0.01188
5	0.03877	0.02284	0.02629	0.02124	0.02874	0.02390	0.01719	0.18344	0.17917	0.23917	0.03816	0.03524	0.02645	0.01370	0.01078	0.00339	0.00961	0.01098	0.05327	0.01766
6	0.02187	0.05640	0.56031	0.03108	0.04719	0.02532	0.04029	0.03453	0.02302	0.03453	0.01957	0.02302	0.01381	0.01036	0.01036	0.00345	0.01611	0.00806	0.00460	0.01611
7	0.01726	0.01084	0.01370	0.01391	0.01595	0.00991	0.00978	0.01876	0.02256	0.06722	0.13446	0.23554	0.17061	0.07389	0.02122	0.11761	0.00702	0.02127	0.00949	0.00900
8	0.01360	0.01034	0.01253	0.01353	0.01556	0.00927	0.00956	0.01646	0.02425	0.03168	0.17731	0.33525	0.23211	0.02955	0.01336	0.00398	0.00582	0.02605	0.01052	0.00927
9	0.48106	0.01857	0.01594	0.01409	0.02019	0.02057	0.01146	0.03320	0.02093	0.10730	0.02261	0.02466	0.01687	0.01104	0.00742	0.00321	0.00786	0.00737	0.14340	0.01227
10	0.08865	0.01744	0.02174	0.01758	0.02392	0.01637	0.01396	0.07538	0.02983	0.33144	0.12296	0.04634	0.03950	0.08609	0.01622	0.00423	0.00887	0.01255	0.01172	0.01522
11	0.09727	0.01281	0.01561	0.01604	0.01913	0.01229	0.01203	0.02437	0.02314	0.11965	0.05573	0.35076	0.09308	0.02698	0.01266	0.00414	0.00743	0.07560	0.01029	0.01099
12	0.01328	0.00949	0.01265	0.01518	0.01581	0.00886	0.01012	0.01518	0.02088	0.02783	0.06010	0.60969	0.07212	0.03416	0.01392	0.00443	0.00633	0.03100	0.01012	0.00886
13	0.03236	0.01695	0.02097	0.01726	0.02297	0.01629	0.01380	0.11562	0.03351	0.23118	0.21909	0.05161	0.05296	0.01650	0.01126	0.00328	0.00777	0.01383	0.08816	0.01463
14	0.03070	0.01468	0.01900	0.01712	0.02171	0.01355	0.01304	0.06297	0.02730	0.25432	0.04856	0.28028	0.04575	0.02219	0.01191	0.00374	0.00781	0.01934	0.07237	0.01367
15	0.16631	0.01532	0.01802	0.01598	0.02097	0.01483	0.01245	0.03259	0.02656	0.20952	0.17978	0.15274	0.05345	0.01912	0.01117	0.00359	0.00740	0.01611	0.01105	0.01304
16	0.02187	0.01072	0.01146	0.01123	0.01405	0.01049	0.00843	0.02664	0.02332	0.07732	0.03801	0.08437	0.03129	0.01442	0.00835	0.00275	0.00548	0.01183	0.57729	0.01067
17	0.07611	0.01508	0.01763	0.01582	0.01977	0.01486	0.01183	0.08314	0.02782	0.12617	0.16139	0.15010	0.09005	0.11871	0.01901	0.00475	0.00802	0.01748	0.01038	0.01186
18	0.02358	0.01492	0.01830	0.01700	0.02099	0.01484	0.01291	0.06631	0.08675	0.12442	0.12743	0.21236	0.11093	0.02858	0.06356	0.00503	0.00935	0.01942	0.01076	0.01257
19	0.03384	0.01829	0.02248	0.01890	0.02518	0.01814	0.01502	0.04671	0.18887	0.26943	0.16548	0.04906	0.04751	0.01605	0.01147	0.00349	0.00806	0.01353	0.01237	0.01613
20	0.02261	0.01938	0.02261	0.01615	0.02584	0.01453	0.01292	0.02745	0.02261	0.03553	0.01938	0.02261	0.01615	0.00807	0.00807	0.00161	0.00807	0.00646	0.00646	0.68346
21	0.02775	0.18091	0.18352	0.02415	0.03374	0.07019	0.02440	0.09428	0.12175	0.03705	0.02467	0.02701	0.01938	0.01811	0.06313	0.00449	0.01463	0.00880	0.00678	0.01524
22	0.01330	0.01050	0.01165	0.01246	0.01481	0.00922	0.00872	0.01552	0.02271	0.02814	0.08695	0.26497	0.34377	0.08562	0.01726	0.00458	0.00626	0.02492	0.00979	0.00885
23	0.43011	0.03495	0.22963	0.02091	0.03133	0.02480	0.02298	0.03302	0.02031	0.04327	0.01690	0.01980	0.01259	0.01021	0.00816	0.00340	0.01145	0.00675	0.00591	0.01350
24	0.02619	0.03266	0.20269	0.26439	0.05635	0.02458	0.06610	0.06907	0.02573	0.09469	0.02287	0.02788	0.01619	0.01106	0.01088	0.00352	0.01453	0.00956	0.00626	0.01480
25	0.02324	0.01839	0.03010	0.45919	0.06327	0.02206	0.02673	0.02977	0.02238	0.08777	0.02321	0.03158	0.01743	0.01940	0.07604	0.00521	0.01563	0.01007	0.00595	0.01257
26	0.01346	0.00997	0.01258	0.01424	0.01567	0.00909	0.00980	0.01589	0.02277	0.02997	0.12536	0.45468	0.16350	0.03157	0.01360	0.00417	0.00604	0.02821	0.01034	0.00909
27	0.02714	0.08212	0.04460	0.18174	0.24186	0.02834	0.10810	0.08894	0.02711	0.03658	0.02065	0.02690	0.01632	0.01028	0.01081	0.00333	0.01400	0.00987	0.00586	0.01543
28	0.09857	0.04606	0.39985	0.09506	0.04819	0.02527	0.07123	0.03351	0.02258	0.03543	0.01923	0.02360	0.01387	0.01031	0.01020	0.00348	0.01523	0.00836	0.00494	0.01505
29	0.04056	0.09022	0.02773	0.01928	0.02670	0.08266	0.01591	0.04450	0.02965	0.35745	0.07943	0.04115	0.06752	0.01445	0.01066	0.00322	0.01017	0.01146	0.01122	0.01605
30	0.02433	0.03015	0.15525	0.02895	0.03770	0.02364	0.13252	0.08141	0.13249	0.03936	0.03537	0.08934	0.03151	0.01637	0.01218	0.00387	0.01291	0.08986	0.00809	0.01471
31	0.02604	0.08959	0.02820	0.08275	0.03212	0.02024	0.01625	0.03332	0.06942	0.08384	0.02341	0.02578	0.01831	0.00967	0.00882	0.00228	0.00939	0.00772	0.00716	0.40572
32	0.61454	0.02141	0.01808	0.01603	0.02198	0.02552	0.01323	0.03136	0.01834	0.04624	0.01508	0.01844	0.01210	0.01118	0.01018	0.00354	0.07807	0.00633	0.00651	0.01182
33	0.10445	0.02104	0.02823	0.28566	0.04925	0.02399	0.02263	0.13206	0.02955	0.10150	0.07274	0.03307	0.02489	0.01265	0.01062	0.00348	0.01181	0.01038	0.00801	0.01400
34	0.33795	0.01916	0.01944	0.07011	0.02683	0.02089	0.01427	0.07456	0.02547	0.10367	0.09325	0.03941	0.08684	0.01432	0.00944	0.00343	0.00871	0.01081	0.00873	0.01274
35	0.16790	0.02119	0.02843	0.28613	0.04908	0.02530	0.02314	0.07557	0.02427	0.09604	0.02121	0.02671	0.01572	0.01220	0.01298	0.00365	0.08134	0.00903	0.00677	0.01335
36	0.16687	0.02306	0.03682	0.03212	0.09377	0.02310	0.18282	0.07489	0.02611	0.06835	0.03296	0.10103	0.06178	0.01435	0.01119	0.00360	0.01222	0.01355	0.00757	0.01385

[dist]
# distance from previous block
# <min> <max>
0	8

[block]
# block no. 3 follows, 12 sequences, length 42
# corresponding to MSA columns:
# 510-551
name=unknown_D
#
# <colnr> <probs for GDERKNQSTAVLIFYWHMCP>
#	G	D	E	R	K	N	Q	S	T	A	V	L	I	F	Y	W	H	M	C	P
0	0.01984	0.07105	0.02083	0.01578	0.02051	0.01624	0.01282	0.07290	0.02958	0.03984	0.25170	0.07338	0.15958	0.02069	0.01191	0.00337	0.00736	0.06747	0.01009	0.07506
1	0.02908	0.12210	0.09787	0.02542	0.08352	0.02410	0.02064	0.08068	0.06711	0.11490	0.02955	0.09155	0.02507	0.01346	0.01006	0.00303	0.01056	0.01109	0.00808	0.13214
2	0.49912	0.07800	0.02096	0.01540	0.02226	0.02551	0.01292	0.07510	0.02260	0.04653	0.02614	0.02757	0.06818	0.01215	0.00780	0.00330	0.00877	0.00805	0.00729	0.01237
3	0.17669	0.02486	0.08034	0.02046	0.02939	0.02146	0.01842	0.11762	0.03086	0.32318	0.03229	0.03000	0.02121	0.01242	0.01003	0.00337	0.01024	0.00945	0.01079	0.01692
4	0.09256	0.08991	0.07862	0.02576	0.07237	0.02794	0.02099	0.17526	0.11332	0.15137	0.02935	0.02886	0.02103	0.01229	0.01013	0.00328	0.01101	0.00953	0.00945	0.01697
5	0.03456	0.03767	0.09305	0.07867	0.04296	0.17184	0.11316	0.21118	0.03580	0.04449	0.02172	0.02499	0.01617	0.01142	0.01093	0.00328	0.01582	0.00945	0.00736	0.01549
6	0.09905	0.01599	0.02145	0.01813	0.02303	0.01577	0.06670	0.02943	0.07416	0.08294	0.26335	0.06049	0.10712	0.01790	0.01150	0.00344	0.00768	0.01566	0.05406	0.01215
7	0.01586	0.01057	0.01189	0.01189	0.01189	0.01057	0.00661	0.01586	0.01586	0.02114	0.03436	0.07135	0.03964	0.61681	0.05550	0.01057	0.01057	0.01586	0.00661	0.00661
8	0.03390	0.01649	0.02425	0.01960	0.02538	0.01484	0.05991	0.03765	0.02673	0.30725	0.08411	0.11007	0.03980	0.12554	0.01971	0.00483	0.00969	0.01501	0.01099	0.01424
9	0.01371	0.00992	0.01265	0.01434	0.01542	0.00920	0.00966	0.01589	0.02192	0.02916	0.11631	0.45549	0.11742	0.08374	0.01738	0.00479	0.00649	0.02765	0.01002	0.00885
10	0.03425	0.13733	0.19202	0.02599	0.03710	0.02763	0.06681	0.12517	0.03038	0.17939	0.02651	0.02697	0.01847	0.01141	0.01025	0.00322	0.01296	0.00918	0.00822	0.01672
11	0.02593	0.14507	0.23162	0.02944	0.07920	0.02608	0.07756	0.03393	0.02374	0.06738	0.02059	0.02383	0.01574	0.00974	0.00962	0.00288	0.01321	0.00815	0.00573	0.15054
12	0.08796	0.18001	0.03768	0.12651	0.07917	0.03238	0.02179	0.17481	0.08337	0.04352	0.02261	0.02530	0.01751	0.01138	0.00955	0.00314	0.01178	0.00868	0.00743	0.01540
13	0.02101	0.01289	0.01647	0.01626	0.01936	0.01249	0.01201	0.02664	0.07171	0.11991	0.10025	0.29684	0.10780	0.03240	0.07520	0.00547	0.00940	0.02187	0.01047	0.01155
14	0.06884	0.07831	0.03389	0.02697	0.08870	0.02675	0.04790	0.20758	0.03331	0.04759	0.02155	0.02408	0.01674	0.01039	0.00953	0.00269	0.01101	0.00835	0.00778	0.22804
15	0.02517	0.31343	0.33220	0.02545	0.03848	0.03340	0.03048	0.03368	0.02263	0.03051	0.01757	0.02051	0.01389	0.00989	0.00883	0.00294	0.01410	0.00705	0.00463	0.01515
16	0.09079	0.02019	0.02678	0.13020	0.07707	0.02106	0.01963	0.07683	0.08470	0.22476	0.08541	0.03732	0.03054	0.01345	0.01078	0.00345	0.01019	0.01117	0.01003	0.01566
17	0.03634	0.06892	0.02675	0.02293	0.08240	0.01781	0.01643	0.04070	0.02802	0.31778	0.07885	0.08740	0.03483	0.01512	0.01069	0.00329	0.00891	0.01273	0.07435	0.01573
18	0.02986	0.02924	0.04170	0.05871	0.44358	0.08750	0.03090	0.07915	0.02796	0.03771	0.02063	0.02610	0.01703	0.01020	0.01070	0.00319	0.01361	0.00942	0.00593	0.01687
19	0.02962	0.02914	0.12590	0.08381	0.13455	0.02429	0.10655	0.04224	0.12953	0.13706	0.02977	0.03167	0.02151	0.01161	0.01117	0.00350	0.01292	0.01074	0.00797	0.01645
20	0.02660	0.26074	0.31964	0.02626	0.03875	0.09268	0.03033	0.03485	0.02358	0.03045	0.01767	0.02065	0.01390	0.01008	0.00909	0.00298	0.01490	0.00714	0.00474	0.01496
21	0.01448	0.01024	0.01338	0.01521	0.01660	0.00990	0.01094	0.01725	0.02145	0.02916	0.05901	0.40827	0.10457	0.03684	0.07572	0.00574	0.00909	0.07291	0.06003	0.00921
22	0.04892	0.01856	0.02530	0.01940	0.02783	0.01603	0.01603	0.05314	0.03121	0.55634	0.04302	0.03711	0.02699	0.01350	0.01096	0.00337	0.00928	0.01096	0.01350	0.01856
23	0.01894	0.00947	0.01420	0.01420	0.01420	0.00947	0.00947	0.01420	0.01420	0.01894	0.01894	0.03314	0.01894	0.03788	0.04261	0.68277	0.00947	0.00947	0.00473	0.00473
24	0.10182	0.01975	0.02448	0.01942	0.02708	0.01874	0.01583	0.11479	0.03212	0.39540	0.03957	0.08277	0.02828	0.01490	0.01084	0.00345	0.00935	0.01206	0.01223	0.01713
25	0.03746	0.02856	0.03048	0.02428	0.03229	0.03195	0.01976	0.38599	0.18420	0.06229	0.03124	0.03021	0.02264	0.01356	0.01096	0.00339	0.01106	0.01052	0.01096	0.01819
26	0.01567	0.01130	0.01557	0.01557	0.01684	0.01257	0.01119	0.01822	0.01695	0.02387	0.03099	0.05272	0.03155	0.26730	0.39394	0.01511	0.02274	0.01313	0.00611	0.00865
27	0.04757	0.02073	0.02665	0.02043	0.02892	0.01925	0.01688	0.13642	0.03484	0.46792	0.03996	0.03513	0.02546	0.01342	0.01095	0.00336	0.00977	0.01076	0.01303	0.01855
28	0.01742	0.01077	0.01412	0.01520	0.01711	0.00981	0.01065	0.01994	0.02325	0.08822	0.10694	0.45873	0.10563	0.03026	0.01341	0.00416	0.00648	0.02712	0.01067	0.01009
29	0.01328	0.00949	0.01265	0.01518	0.01581	0.00886	0.01012	0.01518	0.02088	0.02783	0.06010	0.60969	0.07212	0.03416	0.01392	0.00443	0.00633	0.03100	0.01012	0.00886
30	0.02527	0.02270	0.03118	0.09097	0.21217	0.02486	0.02350	0.04293	0.26247	0.03894	0.03508	0.08374	0.02929	0.01433	0.01121	0.00360	0.01049	0.01278	0.00844	0.01605
31	0.03784	0.04762	0.03734	0.03153	0.03819	0.46792	0.11513	0.04188	0.02990	0.02827	0.01786	0.02154	0.01453	0.01084	0.01042	0.00298	0.01942	0.00815	0.00560	0.01304
32	0.02898	0.02301	0.02471	0.02195	0.02831	0.02617	0.01715	0.05753	0.48652	0.08928	0.04426	0.04038	0.03275	0.01468	0.01108	0.00367	0.00868	0.01221	0.01130	0.01737
33	0.03610	0.04481	0.02782	0.02591	0.03069	0.47793	0.01922	0.03876	0.02921	0.02688	0.02414	0.11913	0.02383	0.01510	0.01052	0.00308	0.01741	0.01106	0.00638	0.01200
34	0.03827	0.01910	0.02281	0.01819	0.02510	0.01853	0.01480	0.15462	0.03380	0.29010	0.04327	0.04103	0.06962	0.01445	0.01044	0.00321	0.00876	0.01156	0.14629	0.01606
35	0.09294	0.01628	0.02040	0.12438	0.08623	0.01777	0.01607	0.06423	0.02458	0.04073	0.02809	0.03352	0.02191	0.01180	0.00873	0.00296	0.00856	0.00956	0.35913	0.01212
36	0.69383	0.02109	0.01603	0.01434	0.02109	0.02446	0.01181	0.03205	0.01856	0.04892	0.01518	0.01771	0.01181	0.01012	0.00675	0.00337	0.00843	0.00590	0.00675	0.01181
37	0.01562	0.01125	0.01493	0.01495	0.01735	0.01056	0.01155	0.02046	0.02900	0.04042	0.41675	0.13411	0.09323	0.02468	0.01334	0.00379	0.00610	0.10029	0.01150	0.01012
38	0.02309	0.01265	0.01637	0.01573	0.01940	0.01133	0.01202	0.02656	0.02625	0.16664	0.14249	0.24006	0.15115	0.02538	0.01291	0.00392	0.00709	0.06393	0.01128	0.01175
39	0.01542	0.01093	0.01401	0.01368	0.01538	0.01058	0.00961	0.01886	0.02497	0.03495	0.32797	0.10973	0.07697	0.18715	0.07647	0.00671	0.00891	0.01868	0.00987	0.00916
40	0.02718	0.01360	0.01766	0.01560	0.01969	0.01246	0.01172	0.03036	0.02546	0.22030	0.13301	0.10933	0.10017	0.13947	0.06862	0.00610	0.00989	0.01646	0.01062	0.01229
41	0.09873	0.23510	0.09613	0.02122	0.02947	0.02723	0.05755	0.03361	0.02301	0.12565	0.02542	0.07462	0.02170	0.01485	0.01219	0.06152	0.01128	0.01004	0.00702	0.01365

[dist]
# distance from previous block
# <min> <max>
3	8

[block]
# block no. 4 follows, 12 sequences, length 16
# corresponding to MSA columns:
# 560-575
name=unknown_E
#
# <colnr> <probs for GDERKNQSTAVLIFYWHMCP>
#	G	D	E	R	K	N	Q	S	T	A	V	L	I	F	Y	W	H	M	C	P
0	0.02666	0.01362	0.01830	0.01643	0.02077	0.01231	0.01296	0.03118	0.02942	0.21264	0.27871	0.12117	0.07033	0.02130	0.01256	0.00367	0.00716	0.06581	0.01212	0.01289
1	0.01755	0.01400	0.01959	0.16875	0.03278	0.01520	0.01606	0.02390	0.07595	0.03162	0.12749	0.21090	0.09212	0.02377	0.01528	0.06836	0.00880	0.01878	0.00861	0.01048
2	0.01911	0.01140	0.01473	0.01538	0.01784	0.01081	0.01182	0.02312	0.02500	0.08085	0.14595	0.24353	0.06357	0.02509	0.01250	0.00391	0.00693	0.11979	0.13819	0.01049
3	0.04892	0.01856	0.02530	0.01940	0.02783	0.01603	0.01603	0.05314	0.03121	0.55634	0.04302	0.03711	0.02699	0.01350	0.01096	0.00337	0.00928	0.01096	0.01350	0.01856
4	0.02059	0.01938	0.03270	0.59060	0.07510	0.02422	0.03028	0.02786	0.02180	0.02786	0.01938	0.02907	0.01453	0.01090	0.01090	0.00363	0.01453	0.00969	0.00484	0.01211
5	0.69383	0.02109	0.01603	0.01434	0.02109	0.02446	0.01181	0.03205	0.01856	0.04892	0.01518	0.01771	0.01181	0.01012	0.00675	0.00337	0.00843	0.00590	0.00675	0.01181
6	0.03883	0.02278	0.03115	0.07308	0.03547	0.02383	0.05700	0.13812	0.07628	0.27705	0.03332	0.03267	0.02274	0.01352	0.01355	0.00357	0.06880	0.01075	0.01055	0.01693
7	0.01492	0.01088	0.01417	0.01485	0.01696	0.01013	0.01116	0.01892	0.02665	0.03631	0.29557	0.23909	0.12698	0.02729	0.01349	0.00397	0.00625	0.09165	0.01101	0.00975
8	0.37755	0.02127	0.02699	0.23183	0.04472	0.02468	0.06768	0.03077	0.02047	0.03971	0.01742	0.02309	0.01329	0.01032	0.00890	0.00350	0.01168	0.00800	0.00592	0.01221
9	0.09066	0.02677	0.07053	0.02197	0.03000	0.02574	0.01891	0.22482	0.12619	0.08551	0.03159	0.08215	0.02553	0.01441	0.01054	0.00333	0.01034	0.01150	0.00973	0.07980
10	0.13680	0.02018	0.02452	0.11786	0.03436	0.02058	0.01746	0.10813	0.02915	0.20856	0.03696	0.03685	0.07464	0.01344	0.01023	0.00327	0.00997	0.01064	0.00955	0.07688
11	0.03181	0.07658	0.08470	0.02473	0.07917	0.02200	0.01982	0.12082	0.03242	0.17806	0.16767	0.04290	0.04245	0.01473	0.01104	0.00327	0.00994	0.01224	0.01012	0.01554
12	0.08997	0.18493	0.02834	0.01656	0.02213	0.02282	0.01391	0.03099	0.07255	0.08322	0.21624	0.09025	0.05358	0.01691	0.01037	0.00321	0.00807	0.01389	0.00934	0.01273
13	0.38621	0.02188	0.02090	0.01840	0.02444	0.02554	0.01488	0.04071	0.17277	0.07996	0.02576	0.02651	0.01953	0.01261	0.01110	0.00360	0.06446	0.00852	0.00832	0.01391
14	0.15527	0.02048	0.02394	0.06761	0.03020	0.02032	0.01613	0.11298	0.02967	0.19530	0.07501	0.03251	0.02678	0.01239	0.00982	0.00306	0.00941	0.00972	0.00965	0.13973
15	0.15934	0.02645	0.02406	0.02032	0.02717	0.12745	0.01603	0.09055	0.07083	0.17399	0.03051	0.07747	0.02424	0.01380	0.00997	0.00322	0.01100	0.01059	0.00933	0.07366

[dist]
# distance from previous block
# <min> <max>
3	11

[block]
# block no. 5 follows, 12 sequences, length 11
# corresponding to MSA columns:
# 587-597
name=unknown_F
#
# <colnr> <probs for GDERKNQSTAVLIFYWHMCP>
#	G	D	E	R	K	N	Q	S	T	A	V	L	I	F	Y	W	H	M	C	P
0	0.02585	0.01822	0.02087	0.01768	0.02288	0.01865	0.01397	0.16888	0.07262	0.08449	0.25897	0.06256	0.13072	0.01920	0.01203	0.00344	0.00775	0.01614	0.01145	0.01363
1	0.01342	0.00986	0.01260	0.01446	0.01570	0.00904	0.00988	0.01574	0.02236	0.02952	0.11147	0.48946	0.14219	0.03214	0.01367	0.00423	0.00610	0.02883	0.01029	0.00904
2	0.03448	0.16293	0.03056	0.07309	0.02935	0.02197	0.01638	0.03876	0.02610	0.26120	0.03428	0.07764	0.02636	0.01377	0.00976	0.00311	0.00953	0.01108	0.10480	0.01486
3	0.03690	0.12798	0.03542	0.11854	0.08764	0.08225	0.02167	0.10804	0.03033	0.20553	0.02715	0.02813	0.01927	0.01170	0.01014	0.00315	0.01234	0.00919	0.00862	0.01600
4	0.02171	0.01227	0.01623	0.01641	0.01952	0.01121	0.01256	0.02506	0.02517	0.14120	0.10650	0.29868	0.11193	0.02730	0.01331	0.00415	0.00744	0.10707	0.01099	0.01128
5	0.09802	0.02487	0.02672	0.02201	0.02946	0.02741	0.01774	0.21066	0.23843	0.13475	0.03518	0.03299	0.02522	0.01356	0.01060	0.00347	0.00987	0.01065	0.01100	0.01739
6	0.02847	0.02302	0.03428	0.22783	0.20228	0.02511	0.02668	0.13313	0.03030	0.07613	0.06395	0.03249	0.02401	0.01208	0.01103	0.00340	0.01242	0.01060	0.00745	0.01533
7	0.10107	0.19580	0.07052	0.02099	0.02942	0.10541	0.01884	0.04316	0.07241	0.20080	0.02732	0.02662	0.01971	0.01158	0.00925	0.00304	0.01175	0.00840	0.00842	0.01550
8	0.01825	0.01487	0.05701	0.01555	0.01891	0.01163	0.01266	0.02100	0.02250	0.07049	0.09444	0.16801	0.16534	0.12498	0.02280	0.06872	0.00843	0.06565	0.00900	0.00975
9	0.03591	0.08413	0.03235	0.15444	0.04059	0.02606	0.02083	0.18442	0.03358	0.18766	0.02761	0.02873	0.01930	0.01191	0.01030	0.00316	0.01149	0.00944	0.00922	0.06887
10	0.03546	0.11250	0.08233	0.06025	0.07423	0.07988	0.02156	0.07486	0.02818	0.21663	0.02837	0.02967	0.02045	0.01852	0.06489	0.00455	0.01407	0.00937	0.00849	0.01572

[dist]
# distance from previous block
# <min> <max>
4	15

[block]
# block no. 6 follows, 12 sequences, length 12
# corresponding to MSA columns:
# 613-624
name=unknown_G
#
# <colnr> <probs for GDERKNQSTAVLIFYWHMCP>
#	G	D	E	R	K	N	Q	S	T	A	V	L	I	F	Y	W	H	M	C	P
0	0.30918	0.02268	0.06993	0.02175	0.07383	0.02034	0.01688	0.03269	0.02134	0.11562	0.02116	0.02447	0.01617	0.01390	0.01281	0.08977	0.00977	0.00772	0.00713	0.09285
1	0.17026	0.08305	0.08290	0.09599	0.03792	0.02652	0.08052	0.12218	0.02873	0.08043	0.06885	0.02982	0.02373	0.01195	0.01002	0.00334	0.01189	0.00978	0.00769	0.01442
2	0.03232	0.08169	0.06947	0.10782	0.04008	0.02590	0.08340	0.13005	0.07892	0.15050	0.06540	0.03361	0.02617	0.01265	0.01092	0.00337	0.01204	0.01089	0.00898	0.01582
3	0.21906	0.03375	0.22250	0.02381	0.03422	0.02240	0.07341	0.03109	0.02125	0.03766	0.01992	0.02666	0.01629	0.06753	0.01353	0.00387	0.01245	0.00844	0.00578	0.10637
4	0.02797	0.09149	0.14147	0.03506	0.08864	0.07879	0.17770	0.07967	0.02732	0.03654	0.02036	0.02479	0.01577	0.00989	0.01058	0.00309	0.01504	0.00937	0.00590	0.10055
5	0.01593	0.01681	0.07922	0.01713	0.02072	0.01282	0.01426	0.02246	0.07142	0.03300	0.13532	0.35571	0.10918	0.02700	0.01296	0.00402	0.00745	0.02397	0.00986	0.01078
6	0.01663	0.01099	0.01648	0.01648	0.01782	0.01232	0.01232	0.01782	0.01648	0.02331	0.02598	0.03979	0.02465	0.06799	0.40686	0.22642	0.02301	0.01099	0.00549	0.00816
7	0.01544	0.01129	0.01481	0.01614	0.01694	0.01195	0.01144	0.01780	0.02063	0.02928	0.05151	0.46733	0.05960	0.02963	0.01572	0.00423	0.07655	0.02578	0.09454	0.00939
8	0.03294	0.02307	0.02894	0.02139	0.03068	0.02114	0.05136	0.16846	0.03243	0.14045	0.02582	0.02676	0.01884	0.01055	0.00974	0.00255	0.01014	0.00869	0.00893	0.32711
9	0.03193	0.36186	0.11940	0.02236	0.03245	0.03779	0.02229	0.18091	0.03125	0.04017	0.01917	0.02094	0.01537	0.01063	0.00867	0.00278	0.01238	0.00737	0.00658	0.01569
10	0.02189	0.02116	0.03718	0.47216	0.13376	0.02476	0.07613	0.02924	0.02256	0.02952	0.01978	0.02884	0.01507	0.01059	0.01107	0.00359	0.01470	0.00999	0.00498	0.01302
11	0.15511	0.01837	0.02551	0.12567	0.03519	0.01876	0.05250	0.03392	0.02351	0.17677	0.02881	0.03805	0.02275	0.01618	0.01426	0.08445	0.01076	0.05317	0.00820	0.05807

[dist]
# distance from previous block
# <min> <max>
0	4

[block]
# block no. 7 follows, 12 sequences, length 24
# corresponding to MSA columns:
# 629-652
name=unknown_H
#
# <colnr> <probs for GDERKNQSTAVLIFYWHMCP>
#	G	D	E	R	K	N	Q	S	T	A	V	L	I	F	Y	W	H	M	C	P
0	0.13591	0.02995	0.15655	0.02210	0.03168	0.02256	0.02176	0.13248	0.03116	0.20631	0.07649	0.03268	0.02687	0.01295	0.01034	0.00338	0.01099	0.01007	0.00962	0.01615
1	0.01661	0.01135	0.01328	0.01367	0.01658	0.01005	0.01009	0.01926	0.02372	0.07298	0.08162	0.23463	0.29898	0.06869	0.01610	0.00444	0.00678	0.06123	0.01016	0.00979
2	0.20974	0.27637	0.08002	0.01870	0.02769	0.03042	0.01800	0.03741	0.02337	0.15589	0.02200	0.02256	0.01642	0.01059	0.00813	0.00294	0.01061	0.00723	0.00727	0.01465
3	0.12909	0.02157	0.03088	0.21517	0.16938	0.02371	0.02483	0.07713	0.02600	0.08706	0.02544	0.03603	0.02081	0.01272	0.01063	0.00357	0.01207	0.05243	0.00713	0.01434
4	0.03852	0.02119	0.06397	0.02005	0.02769	0.01774	0.01726	0.07738	0.07280	0.35023	0.08192	0.09277	0.03626	0.01598	0.01135	0.00350	0.00932	0.01336	0.01201	0.01669
5	0.63047	0.02442	0.06734	0.01592	0.02355	0.02454	0.01449	0.03229	0.01898	0.04756	0.01560	0.01821	0.01200	0.01014	0.00709	0.00338	0.00916	0.00611	0.00655	0.01221
6	0.10082	0.01676	0.02138	0.01748	0.02393	0.01529	0.01389	0.04222	0.02787	0.37804	0.08265	0.08988	0.03670	0.06505	0.01462	0.00406	0.00871	0.01330	0.01189	0.01544
7	0.18075	0.08826	0.02940	0.02351	0.02999	0.31432	0.01847	0.07988	0.07580	0.03666	0.01969	0.02156	0.01572	0.01132	0.00913	0.00301	0.01489	0.00741	0.00673	0.01349
8	0.13034	0.02780	0.10873	0.07585	0.03492	0.02473	0.02179	0.19412	0.03332	0.09697	0.06747	0.03898	0.02786	0.01435	0.01074	0.00353	0.01138	0.05299	0.00898	0.01513
9	0.01709	0.00948	0.01370	0.01453	0.01473	0.00927	0.00968	0.01453	0.01639	0.02186	0.03244	0.22220	0.03638	0.03666	0.03320	0.46033	0.00844	0.01653	0.00650	0.00609
10	0.13865	0.02661	0.11585	0.02502	0.07786	0.02101	0.02089	0.08766	0.02790	0.21167	0.03067	0.07553	0.02357	0.01338	0.01023	0.00334	0.01061	0.01078	0.00917	0.05961
11	0.02302	0.01428	0.01710	0.01588	0.01866	0.01435	0.01136	0.10244	0.02607	0.08389	0.08170	0.19895	0.04638	0.17062	0.02522	0.05986	0.00867	0.01784	0.05302	0.01069
12	0.01450	0.01041	0.01383	0.01498	0.01655	0.00974	0.01079	0.01798	0.02529	0.03470	0.25691	0.35518	0.08391	0.02899	0.01358	0.00407	0.00614	0.06204	0.01088	0.00954
13	0.02261	0.01938	0.02261	0.01615	0.02584	0.01453	0.01292	0.02745	0.02261	0.03553	0.01938	0.02261	0.01615	0.00807	0.00807	0.00161	0.00807	0.00646	0.00646	0.68346
14	0.08465	0.02308	0.08189	0.06824	0.03367	0.01823	0.05813	0.03383	0.02368	0.15273	0.02460	0.02761	0.01816	0.01281	0.01269	0.06585	0.01072	0.00868	0.00752	0.23324
15	0.52438	0.06979	0.02133	0.01670	0.02348	0.08294	0.01371	0.03530	0.05972	0.04461	0.01762	0.01968	0.01387	0.01054	0.00742	0.00326	0.00986	0.00651	0.00681	0.01248
16	0.04612	0.02025	0.02601	0.02025	0.02850	0.01890	0.01663	0.10120	0.07945	0.45844	0.04140	0.03631	0.02670	0.01357	0.01097	0.00339	0.00950	0.01097	0.01300	0.01843
17	0.09312	0.04165	0.30007	0.03546	0.04851	0.02616	0.23003	0.03444	0.02367	0.03618	0.02014	0.02510	0.01473	0.00985	0.01102	0.00354	0.01625	0.00981	0.00520	0.01509
18	0.03182	0.02177	0.02300	0.01885	0.02488	0.02376	0.01517	0.28082	0.07689	0.05561	0.03138	0.03314	0.02348	0.01307	0.00960	0.00301	0.00895	0.01015	0.27960	0.01506
19	0.01734	0.01088	0.01447	0.01510	0.01710	0.01000	0.01073	0.02052	0.02510	0.08284	0.21581	0.38363	0.07788	0.02835	0.01329	0.00400	0.00622	0.02543	0.01105	0.01024
20	0.01471	0.01029	0.01293	0.01371	0.01467	0.00980	0.00902	0.01687	0.02196	0.02997	0.18304	0.29068	0.06990	0.22074	0.02717	0.00616	0.00739	0.02300	0.00949	0.00851
21	0.02900	0.01418	0.01875	0.01650	0.02143	0.01263	0.01311	0.03323	0.02902	0.25129	0.20690	0.11331	0.11108	0.02093	0.01237	0.00366	0.00744	0.05964	0.01209	0.01344
22	0.02630	0.02537	0.05169	0.13474	0.05443	0.02476	0.34959	0.03446	0.02528	0.07596	0.02430	0.03082	0.01789	0.01009	0.01198	0.00356	0.01599	0.01197	0.05659	0.01423
23	0.02406	0.01985	0.02965	0.25558	0.04619	0.02433	0.02369	0.02874	0.02106	0.08261	0.02394	0.08160	0.02120	0.01583	0.01919	0.00392	0.20442	0.01154	0.00631	0.05628

[dist]
# distance from previous block
# <min> <max>
4	30

[block]
# block no. 8 follows, 12 sequences, length 15
# corresponding to MSA columns:
# 683-697
name=unknown_I
#
# <colnr> <probs for GDERKNQSTAVLIFYWHMCP>
#	G	D	E	R	K	N	Q	S	T	A	V	L	I	F	Y	W	H	M	C	P
0	0.02622	0.02021	0.02364	0.01713	0.02664	0.01620	0.01379	0.06840	0.02559	0.07975	0.02181	0.02405	0.01721	0.00891	0.00853	0.00189	0.00849	0.00709	0.00738	0.57707
1	0.02523	0.01924	0.03149	0.49702	0.06735	0.02288	0.02795	0.03200	0.02334	0.11444	0.02325	0.03039	0.01658	0.01133	0.01091	0.00359	0.01367	0.00990	0.00626	0.01317
2	0.09124	0.11706	0.02734	0.01747	0.02478	0.02128	0.01481	0.07600	0.02853	0.29190	0.03353	0.03224	0.02322	0.01236	0.00932	0.00303	0.00897	0.00948	0.14183	0.01562
3	0.01624	0.01937	0.12037	0.01690	0.02066	0.01294	0.01483	0.02011	0.02115	0.02937	0.12208	0.21607	0.05413	0.23506	0.02785	0.00626	0.00957	0.01925	0.00809	0.00972
4	0.08760	0.02849	0.03392	0.02652	0.03477	0.06765	0.09872	0.22156	0.13435	0.08173	0.02821	0.02890	0.02064	0.01220	0.01072	0.00332	0.01230	0.01020	0.00929	0.04892
5	0.09690	0.10562	0.06250	0.03348	0.17698	0.02700	0.02257	0.12787	0.02905	0.07964	0.02178	0.02446	0.01688	0.01040	0.00946	0.00289	0.01124	0.00831	0.00724	0.12572
6	0.13400	0.02307	0.03458	0.18280	0.24066	0.02672	0.02722	0.03040	0.02144	0.03400	0.01813	0.02538	0.01510	0.01192	0.01507	0.00366	0.12741	0.00905	0.00536	0.01403
7	0.02525	0.25248	0.16489	0.02352	0.03348	0.02840	0.08233	0.03151	0.02399	0.06794	0.03780	0.03888	0.11948	0.01345	0.00996	0.00310	0.01216	0.01097	0.00647	0.01397
8	0.02187	0.02017	0.03112	0.47885	0.06591	0.02479	0.02772	0.03377	0.12154	0.03135	0.02429	0.03135	0.01822	0.01167	0.01094	0.00365	0.01337	0.01021	0.00607	0.01312
9	0.07451	0.06469	0.02834	0.02147	0.02857	0.02716	0.01744	0.24016	0.13489	0.11869	0.03474	0.10147	0.02845	0.01565	0.01081	0.00345	0.01004	0.01257	0.01051	0.01638
10	0.02369	0.01580	0.02074	0.01855	0.02015	0.01821	0.01402	0.09895	0.02135	0.03000	0.02035	0.03069	0.01858	0.02841	0.03370	0.39193	0.12507	0.00959	0.05146	0.00878
11	0.02017	0.01405	0.01897	0.01760	0.01984	0.01511	0.01353	0.02392	0.02580	0.09136	0.27354	0.18804	0.07022	0.02348	0.01741	0.00392	0.12219	0.01940	0.01030	0.01116
12	0.12585	0.07252	0.11521	0.05383	0.03266	0.02091	0.05879	0.03506	0.02431	0.17968	0.03327	0.14193	0.02893	0.01573	0.01067	0.00355	0.01091	0.01337	0.00857	0.01424
13	0.14846	0.02000	0.02578	0.13128	0.03645	0.02031	0.01848	0.07807	0.02874	0.33390	0.03259	0.03156	0.02144	0.01240	0.01026	0.00342	0.01037	0.00980	0.01050	0.01618
14	0.01927	0.23132	0.02868	0.01538	0.02006	0.02152	0.01286	0.02244	0.02374	0.02995	0.13219	0.21126	0.14901	0.02200	0.01105	0.00336	0.00790	0.01853	0.00846	0.01101

[dist]
# distance from previous block
# <min> <max>
4	94

# created by:
# /st0/software/busco_prod/Augustus/scripts/msa2prfl.pl ./align_prep/9229.fa
