[name]
unknown

[dist]
# distance from previous block
# <min> <max>
1	16

[block]
# block no. 0 follows, 12 sequences, length 17
# corresponding to MSA columns:
# 17-33
name=unknown_A
#
# <colnr> <probs for GDERKNQSTAVLIFYWHMCP>
#	G	D	E	R	K	N	Q	S	T	A	V	L	I	F	Y	W	H	M	C	P
0	0.08865	0.06702	0.10473	0.02078	0.03019	0.02245	0.01928	0.07365	0.10066	0.19235	0.02981	0.02904	0.02114	0.01157	0.00970	0.00301	0.01022	0.00901	0.00913	0.14759
1	0.02628	0.11837	0.15638	0.02728	0.08496	0.02694	0.02386	0.07131	0.15652	0.03874	0.02589	0.02734	0.02002	0.01104	0.00970	0.00297	0.01137	0.00882	0.00717	0.14504
2	0.02758	0.12519	0.25037	0.02352	0.03466	0.02438	0.02579	0.06905	0.02707	0.11307	0.08869	0.03179	0.02753	0.01215	0.01009	0.00309	0.01203	0.00959	0.00747	0.07689
3	0.03046	0.02531	0.11614	0.02506	0.07253	0.01998	0.02082	0.04284	0.15140	0.19734	0.10156	0.07886	0.03807	0.01546	0.01132	0.00353	0.00988	0.01315	0.01029	0.01602
4	0.02632	0.02708	0.13854	0.02512	0.08372	0.01889	0.02095	0.03468	0.06986	0.11054	0.02717	0.03307	0.02188	0.08678	0.01551	0.00375	0.01084	0.00952	0.00743	0.22835
5	0.11710	0.02500	0.03142	0.02805	0.08561	0.07225	0.08399	0.04222	0.09965	0.17224	0.02885	0.02948	0.02088	0.01132	0.01019	0.00315	0.01147	0.00966	0.00867	0.10878
6	0.02898	0.03136	0.13977	0.03597	0.11569	0.02437	0.15846	0.09535	0.02834	0.09179	0.02355	0.02710	0.01737	0.01023	0.01086	0.00315	0.01374	0.00987	0.00697	0.12709
7	0.11917	0.02659	0.12421	0.02079	0.03040	0.01974	0.01974	0.04390	0.07700	0.27059	0.03196	0.03036	0.02173	0.01186	0.00993	0.00318	0.01022	0.00929	0.00976	0.10958
8	0.03841	0.01974	0.02455	0.01923	0.02748	0.01796	0.01557	0.04823	0.13131	0.33212	0.03787	0.03452	0.02579	0.01252	0.01033	0.00304	0.00887	0.01021	0.01139	0.17087
9	0.03410	0.03329	0.02989	0.02737	0.07440	0.18963	0.01988	0.16437	0.12353	0.04333	0.02497	0.02626	0.01931	0.01167	0.01011	0.00291	0.01306	0.00882	0.00811	0.13499
10	0.02980	0.02103	0.02435	0.01880	0.02739	0.01917	0.01507	0.07707	0.14114	0.13328	0.02979	0.02957	0.02215	0.01096	0.00950	0.00253	0.00872	0.00886	0.00911	0.36171
11	0.02935	0.02231	0.02174	0.01936	0.02402	0.08892	0.01434	0.04270	0.22425	0.12698	0.03768	0.04656	0.03164	0.19399	0.02418	0.00558	0.01071	0.01247	0.00949	0.01373
12	0.09819	0.01987	0.02411	0.01851	0.02631	0.01835	0.01511	0.03544	0.02403	0.19132	0.02538	0.02661	0.01872	0.01129	0.01229	0.00271	0.08259	0.00814	0.00838	0.33264
13	0.02461	0.01333	0.01664	0.01455	0.01923	0.01165	0.01135	0.02871	0.02902	0.19227	0.25356	0.07581	0.22316	0.02139	0.01230	0.00349	0.00650	0.01817	0.01184	0.01241
14	0.01509	0.01025	0.01212	0.01288	0.01306	0.01006	0.00766	0.01565	0.01736	0.02314	0.04205	0.23220	0.04934	0.44272	0.04307	0.00874	0.00930	0.02038	0.00766	0.00728
15	0.69383	0.02109	0.01603	0.01434	0.02109	0.02446	0.01181	0.03205	0.01856	0.04892	0.01518	0.01771	0.01181	0.01012	0.00675	0.00337	0.00843	0.00590	0.00675	0.01181
16	0.09975	0.02590	0.02797	0.02192	0.02951	0.02802	0.01777	0.35181	0.04174	0.13060	0.02839	0.03165	0.02132	0.07587	0.01519	0.00406	0.01114	0.01025	0.01044	0.01668

[dist]
# distance from previous block
# <min> <max>
6	15

[block]
# block no. 1 follows, 12 sequences, length 7
# corresponding to MSA columns:
# 49-55
name=unknown_B
#
# <colnr> <probs for GDERKNQSTAVLIFYWHMCP>
#	G	D	E	R	K	N	Q	S	T	A	V	L	I	F	Y	W	H	M	C	P
0	0.43223	0.01706	0.01524	0.01427	0.01918	0.01883	0.01120	0.02698	0.02210	0.04502	0.16069	0.10553	0.04321	0.01623	0.00923	0.00351	0.00731	0.01258	0.00855	0.01105
1	0.14953	0.02200	0.02723	0.02597	0.09763	0.02214	0.01841	0.10761	0.07866	0.28953	0.03331	0.03145	0.02267	0.01250	0.01025	0.00337	0.00993	0.00994	0.01072	0.01714
2	0.09973	0.02016	0.02356	0.01882	0.02545	0.02015	0.01489	0.15871	0.03193	0.27768	0.03445	0.03960	0.02606	0.13666	0.01968	0.00482	0.01015	0.01121	0.01081	0.01548
3	0.26290	0.02718	0.08261	0.02074	0.02898	0.02614	0.01849	0.13895	0.14301	0.10706	0.02764	0.02740	0.01997	0.01219	0.00945	0.00344	0.01015	0.00896	0.00910	0.01565
4	0.10629	0.02785	0.09364	0.02042	0.02643	0.08288	0.01741	0.09711	0.12977	0.03818	0.02914	0.04044	0.02592	0.19184	0.02350	0.00551	0.01185	0.01112	0.00774	0.01295
5	0.16841	0.01936	0.02081	0.01728	0.02268	0.02027	0.01322	0.14756	0.02844	0.15966	0.03042	0.04169	0.02598	0.20995	0.02465	0.00570	0.01018	0.01125	0.00924	0.01326
6	0.03520	0.16575	0.09147	0.02131	0.02980	0.07784	0.01955	0.04369	0.09513	0.21905	0.06824	0.03307	0.02769	0.01279	0.01003	0.00314	0.01119	0.00990	0.00928	0.01589

[dist]
# distance from previous block
# <min> <max>
7	23

[block]
# block no. 2 follows, 12 sequences, length 24
# corresponding to MSA columns:
# 79-102
name=unknown_C
#
# <colnr> <probs for GDERKNQSTAVLIFYWHMCP>
#	G	D	E	R	K	N	Q	S	T	A	V	L	I	F	Y	W	H	M	C	P
0	0.13956	0.23419	0.17948	0.02149	0.03203	0.02910	0.02280	0.03773	0.02387	0.15282	0.02271	0.02350	0.01655	0.01069	0.00877	0.00304	0.01180	0.00762	0.00700	0.01525
1	0.19652	0.15692	0.18358	0.02135	0.03176	0.02647	0.02251	0.03827	0.02382	0.16941	0.02354	0.02414	0.01672	0.01088	0.00892	0.00318	0.01154	0.00780	0.00742	0.01523
2	0.22372	0.08652	0.15244	0.02089	0.03055	0.02423	0.02093	0.04114	0.06893	0.19104	0.02693	0.02665	0.01883	0.01150	0.00924	0.00332	0.01083	0.00845	0.00839	0.01549
3	0.09642	0.25096	0.03673	0.01868	0.02732	0.02716	0.01668	0.04347	0.02665	0.30926	0.02994	0.02792	0.02070	0.01161	0.00908	0.00297	0.01012	0.00856	0.00953	0.01623
4	0.14541	0.02017	0.06849	0.01735	0.02446	0.01632	0.01526	0.03412	0.02706	0.19077	0.19312	0.04481	0.04607	0.01476	0.01042	0.00318	0.00828	0.01205	0.01015	0.09776
5	0.02187	0.05640	0.56031	0.03108	0.04719	0.02532	0.04029	0.03453	0.02302	0.03453	0.01957	0.02302	0.01381	0.01036	0.01036	0.00345	0.01611	0.00806	0.00460	0.01611
6	0.02888	0.04133	0.34665	0.10396	0.04584	0.02271	0.03249	0.03856	0.02503	0.17213	0.02577	0.02758	0.01741	0.01127	0.01059	0.00346	0.01409	0.00905	0.00700	0.01622
7	0.02261	0.11378	0.50939	0.02982	0.04525	0.02713	0.03810	0.03434	0.02293	0.03363	0.01912	0.02246	0.01383	0.01025	0.01002	0.00334	0.01566	0.00783	0.00461	0.01590
8	0.02033	0.01016	0.01016	0.01016	0.01270	0.01016	0.00762	0.02541	0.02287	0.04065	0.03557	0.04065	0.02795	0.01270	0.00762	0.00254	0.00508	0.01016	0.67734	0.01016
9	0.02747	0.02661	0.04606	0.09719	0.21930	0.02727	0.18801	0.08524	0.09601	0.03939	0.02474	0.02976	0.01908	0.01068	0.01155	0.00349	0.01422	0.01113	0.00672	0.01608
10	0.04594	0.01955	0.02788	0.02585	0.09858	0.01737	0.01839	0.05047	0.03034	0.48563	0.03996	0.03574	0.02567	0.01298	0.01094	0.00336	0.00978	0.01080	0.01240	0.01838
11	0.02187	0.05640	0.56031	0.03108	0.04719	0.02532	0.04029	0.03453	0.02302	0.03453	0.01957	0.02302	0.01381	0.01036	0.01036	0.00345	0.01611	0.00806	0.00460	0.01611
12	0.01586	0.01057	0.01189	0.01189	0.01189	0.01057	0.00661	0.01586	0.01586	0.02114	0.03436	0.07135	0.03964	0.61681	0.05550	0.01057	0.01057	0.01586	0.00661	0.00661
13	0.02755	0.02649	0.08437	0.04906	0.34316	0.02388	0.02846	0.03758	0.09420	0.08372	0.06805	0.03380	0.02694	0.01182	0.01098	0.00335	0.01169	0.01084	0.00735	0.01671
14	0.02261	0.01938	0.02261	0.01615	0.02584	0.01453	0.01292	0.02745	0.02261	0.03553	0.01938	0.02261	0.01615	0.00807	0.00807	0.00161	0.00807	0.00646	0.00646	0.68346
15	0.01560	0.01189	0.01447	0.01433	0.01701	0.01133	0.01054	0.02197	0.07296	0.03805	0.32043	0.19294	0.16742	0.02504	0.01293	0.00371	0.00578	0.02200	0.01120	0.01043
16	0.01543	0.01115	0.01457	0.01372	0.01629	0.01029	0.01029	0.02058	0.03086	0.04372	0.54304	0.08145	0.10288	0.02229	0.01286	0.00343	0.00514	0.01972	0.01200	0.01029
17	0.02635	0.02769	0.05446	0.05627	0.29898	0.02675	0.27511	0.03421	0.02529	0.03527	0.02130	0.02822	0.01690	0.00945	0.01185	0.00346	0.01571	0.01132	0.00546	0.01597
18	0.01328	0.00949	0.01265	0.01518	0.01581	0.00886	0.01012	0.01518	0.02088	0.02783	0.06010	0.60969	0.07212	0.03416	0.01392	0.00443	0.00633	0.03100	0.01012	0.00886
19	0.02377	0.20414	0.42920	0.02784	0.04219	0.02997	0.03465	0.03404	0.02279	0.03222	0.01842	0.02158	0.01386	0.01009	0.00948	0.00316	0.01495	0.00748	0.00462	0.01556
20	0.02250	0.04036	0.34551	0.02661	0.03876	0.02095	0.06877	0.03184	0.02439	0.07966	0.04288	0.04375	0.13799	0.01454	0.01120	0.00352	0.01324	0.01217	0.00674	0.01462
21	0.01558	0.01192	0.01583	0.06852	0.02170	0.01147	0.01193	0.02060	0.02918	0.04027	0.43421	0.07963	0.15439	0.02192	0.01268	0.00348	0.00609	0.01921	0.01106	0.01032
22	0.02187	0.05640	0.56031	0.03108	0.04719	0.02532	0.04029	0.03453	0.02302	0.03453	0.01957	0.02302	0.01381	0.01036	0.01036	0.00345	0.01611	0.00806	0.00460	0.01611
23	0.09158	0.02048	0.02230	0.01934	0.02515	0.02235	0.01525	0.10684	0.24034	0.09219	0.17162	0.04705	0.04720	0.01600	0.01111	0.00351	0.00820	0.01322	0.01110	0.01517

[dist]
# distance from previous block
# <min> <max>
0	4

[block]
# block no. 3 follows, 12 sequences, length 21
# corresponding to MSA columns:
# 107-127
name=unknown_D
#
# <colnr> <probs for GDERKNQSTAVLIFYWHMCP>
#	G	D	E	R	K	N	Q	S	T	A	V	L	I	F	Y	W	H	M	C	P
0	0.03658	0.02837	0.03418	0.03743	0.19589	0.07776	0.02368	0.19525	0.08575	0.13238	0.02812	0.02909	0.02060	0.01208	0.01080	0.00328	0.01223	0.00997	0.00911	0.01746
1	0.03275	0.02622	0.02782	0.02333	0.03050	0.02975	0.01862	0.23641	0.34146	0.05468	0.03723	0.03499	0.02750	0.01412	0.01102	0.00353	0.00995	0.01134	0.01102	0.01776
2	0.69383	0.02109	0.01603	0.01434	0.02109	0.02446	0.01181	0.03205	0.01856	0.04892	0.01518	0.01771	0.01181	0.01012	0.00675	0.00337	0.00843	0.00590	0.00675	0.01181
3	0.02187	0.05640	0.56031	0.03108	0.04719	0.02532	0.04029	0.03453	0.02302	0.03453	0.01957	0.02302	0.01381	0.01036	0.01036	0.00345	0.01611	0.00806	0.00460	0.01611
4	0.02187	0.05640	0.56031	0.03108	0.04719	0.02532	0.04029	0.03453	0.02302	0.03453	0.01957	0.02302	0.01381	0.01036	0.01036	0.00345	0.01611	0.00806	0.00460	0.01611
5	0.03039	0.32902	0.17676	0.02429	0.03434	0.17935	0.02474	0.03601	0.02469	0.02816	0.01672	0.01946	0.01396	0.01009	0.00860	0.00274	0.01491	0.00671	0.00490	0.01417
6	0.02187	0.05640	0.56031	0.03108	0.04719	0.02532	0.04029	0.03453	0.02302	0.03453	0.01957	0.02302	0.01381	0.01036	0.01036	0.00345	0.01611	0.00806	0.00460	0.01611
7	0.02898	0.42781	0.13373	0.02189	0.03171	0.09234	0.02230	0.03599	0.06203	0.02873	0.01828	0.02038	0.01545	0.01011	0.00814	0.00267	0.01296	0.00681	0.00524	0.01445
8	0.02663	0.01423	0.01694	0.01481	0.01976	0.01312	0.01160	0.03297	0.07001	0.19428	0.14346	0.06453	0.18682	0.01893	0.01128	0.00336	0.00678	0.01581	0.12163	0.01305
9	0.01328	0.00949	0.01265	0.01518	0.01581	0.00886	0.01012	0.01518	0.02088	0.02783	0.06010	0.60969	0.07212	0.03416	0.01392	0.00443	0.00633	0.03100	0.01012	0.00886
10	0.01534	0.01073	0.01218	0.01205	0.01301	0.01032	0.00744	0.01656	0.01956	0.02593	0.12532	0.07803	0.12614	0.43455	0.04237	0.00841	0.00896	0.01755	0.00798	0.00758
11	0.02422	0.23981	0.39754	0.02706	0.04098	0.03109	0.03329	0.03392	0.02274	0.03166	0.01814	0.02123	0.01387	0.01003	0.00927	0.00309	0.01467	0.00734	0.00462	0.01543
12	0.03552	0.01505	0.02012	0.01732	0.02285	0.01332	0.01349	0.03910	0.02732	0.34984	0.04764	0.21372	0.04097	0.01979	0.01159	0.00363	0.00801	0.01707	0.06879	0.01486
13	0.02826	0.02833	0.04302	0.06332	0.50097	0.07670	0.03231	0.03440	0.02539	0.03479	0.02017	0.02631	0.01697	0.00986	0.01071	0.00320	0.01358	0.00947	0.00542	0.01684
14	0.02821	0.01952	0.02079	0.01770	0.02299	0.02123	0.01403	0.19385	0.12698	0.05123	0.07971	0.03949	0.03253	0.01408	0.00984	0.00308	0.00806	0.01131	0.27108	0.01429
15	0.02699	0.02591	0.04426	0.06693	0.54879	0.02591	0.03346	0.03346	0.02483	0.03562	0.02051	0.02699	0.01727	0.00972	0.01079	0.00324	0.01295	0.00972	0.00540	0.01727
16	0.02595	0.01271	0.01715	0.01668	0.02009	0.01140	0.01222	0.02867	0.02455	0.21569	0.05403	0.40617	0.05608	0.02681	0.01287	0.00405	0.00738	0.02388	0.01132	0.01230
17	0.01558	0.01168	0.01752	0.01752	0.01947	0.01363	0.01363	0.01947	0.01752	0.02531	0.02921	0.04283	0.02726	0.08178	0.57360	0.01752	0.02921	0.01168	0.00584	0.00974
18	0.02059	0.01938	0.03270	0.59060	0.07510	0.02422	0.03028	0.02786	0.02180	0.02786	0.01938	0.02907	0.01453	0.01090	0.01090	0.00363	0.01453	0.00969	0.00484	0.01211
19	0.01581	0.01076	0.01286	0.01286	0.01320	0.01110	0.00782	0.01648	0.01614	0.02186	0.03347	0.06644	0.03751	0.52467	0.14472	0.01177	0.01378	0.01514	0.00647	0.00715
20	0.02582	0.40766	0.04322	0.01826	0.02569	0.03408	0.01667	0.03372	0.10814	0.02958	0.03277	0.08848	0.06841	0.01431	0.00889	0.00289	0.01009	0.01093	0.00677	0.01362

[dist]
# distance from previous block
# <min> <max>
0	2

[block]
# block no. 4 follows, 12 sequences, length 73
# corresponding to MSA columns:
# 130-202
name=unknown_E
#
# <colnr> <probs for GDERKNQSTAVLIFYWHMCP>
#	G	D	E	R	K	N	Q	S	T	A	V	L	I	F	Y	W	H	M	C	P
0	0.03249	0.10229	0.23962	0.02645	0.03708	0.09855	0.02762	0.10729	0.02897	0.12284	0.02322	0.02484	0.01675	0.01186	0.01183	0.00330	0.05341	0.00853	0.00713	0.01592
1	0.46021	0.03057	0.02357	0.02044	0.02715	0.18320	0.04790	0.03556	0.02261	0.04155	0.01613	0.01906	0.01277	0.01038	0.00805	0.00323	0.01235	0.00670	0.00634	0.01224
2	0.02503	0.05198	0.49782	0.02971	0.04493	0.02424	0.03745	0.03670	0.02398	0.09548	0.02231	0.02467	0.01535	0.01073	0.01043	0.00344	0.01532	0.00840	0.00564	0.01640
3	0.01894	0.00947	0.01420	0.01420	0.01420	0.00947	0.00947	0.01420	0.01420	0.01894	0.01894	0.03314	0.01894	0.03788	0.04261	0.68277	0.00947	0.00947	0.00473	0.00473
4	0.02699	0.02591	0.04426	0.06693	0.54879	0.02591	0.03346	0.03346	0.02483	0.03562	0.02051	0.02699	0.01727	0.00972	0.01079	0.00324	0.01295	0.00972	0.00540	0.01727
5	0.02187	0.05640	0.56031	0.03108	0.04719	0.02532	0.04029	0.03453	0.02302	0.03453	0.01957	0.02302	0.01381	0.01036	0.01036	0.00345	0.01611	0.00806	0.00460	0.01611
6	0.02059	0.01938	0.03270	0.59060	0.07510	0.02422	0.03028	0.02786	0.02180	0.02786	0.01938	0.02907	0.01453	0.01090	0.01090	0.00363	0.01453	0.00969	0.00484	0.01211
7	0.69383	0.02109	0.01603	0.01434	0.02109	0.02446	0.01181	0.03205	0.01856	0.04892	0.01518	0.01771	0.01181	0.01012	0.00675	0.00337	0.00843	0.00590	0.00675	0.01181
8	0.01683	0.01258	0.01493	0.01513	0.01774	0.01209	0.01095	0.07425	0.02698	0.03557	0.14633	0.33705	0.18199	0.02823	0.01315	0.00396	0.00661	0.02481	0.01052	0.01030
9	0.69383	0.02109	0.01603	0.01434	0.02109	0.02446	0.01181	0.03205	0.01856	0.04892	0.01518	0.01771	0.01181	0.01012	0.00675	0.00337	0.00843	0.00590	0.00675	0.01181
10	0.02222	0.02140	0.03598	0.03084	0.09451	0.01880	0.16823	0.02808	0.02376	0.03395	0.03175	0.10696	0.05921	0.01331	0.01096	0.00295	0.01144	0.01312	0.00677	0.26576
11	0.07655	0.01445	0.01722	0.01549	0.02068	0.01304	0.01235	0.03071	0.02630	0.21661	0.07001	0.12083	0.23363	0.02217	0.01206	0.00375	0.00758	0.06279	0.01105	0.01274
12	0.02549	0.02438	0.04156	0.18906	0.43831	0.02551	0.03272	0.03216	0.02412	0.03381	0.02025	0.02747	0.01663	0.00999	0.01082	0.00333	0.01332	0.00971	0.00527	0.01607
13	0.01341	0.00991	0.01255	0.01434	0.01567	0.00905	0.00982	0.01575	0.02247	0.02955	0.11244	0.47478	0.15645	0.03196	0.01364	0.00421	0.00608	0.02860	0.01029	0.00905
14	0.01328	0.00949	0.01265	0.01518	0.01581	0.00886	0.01012	0.01518	0.02088	0.02783	0.06010	0.60969	0.07212	0.03416	0.01392	0.00443	0.00633	0.03100	0.01012	0.00886
15	0.02519	0.03421	0.16078	0.04684	0.14624	0.02681	0.32624	0.03457	0.02502	0.03498	0.02127	0.02767	0.01613	0.00952	0.01198	0.00355	0.01692	0.01131	0.00531	0.01547
16	0.02478	0.12858	0.03754	0.02688	0.02851	0.03510	0.02295	0.02736	0.01765	0.02614	0.01446	0.02274	0.01426	0.01738	0.03075	0.00434	0.49462	0.00889	0.00475	0.01229
17	0.02699	0.02591	0.04426	0.06693	0.54879	0.02591	0.03346	0.03346	0.02483	0.03562	0.02051	0.02699	0.01727	0.00972	0.01079	0.00324	0.01295	0.00972	0.00540	0.01727
18	0.03065	0.14228	0.27918	0.02498	0.03690	0.02623	0.02788	0.04142	0.07731	0.16857	0.02740	0.02751	0.01925	0.01145	0.01000	0.00326	0.01280	0.00886	0.00758	0.01649
19	0.03674	0.03923	0.02935	0.02573	0.03210	0.30492	0.01985	0.13700	0.18594	0.04041	0.02698	0.02728	0.02074	0.01267	0.01042	0.00317	0.01486	0.00916	0.00828	0.01516
20	0.02519	0.02455	0.04376	0.05755	0.40830	0.02418	0.10642	0.03156	0.02451	0.03460	0.02538	0.09543	0.02356	0.01249	0.01149	0.00345	0.01304	0.01270	0.00597	0.01588
21	0.02522	0.02411	0.04107	0.21140	0.41810	0.02544	0.03259	0.03192	0.02399	0.03348	0.02020	0.02756	0.01652	0.01004	0.01082	0.00335	0.01339	0.00971	0.00524	0.01585
22	0.01449	0.01099	0.01217	0.01187	0.01506	0.00967	0.00890	0.01830	0.02671	0.03544	0.25103	0.09057	0.34247	0.02432	0.01236	0.00348	0.00535	0.02062	0.07652	0.00967
23	0.02059	0.01938	0.03270	0.59060	0.07510	0.02422	0.03028	0.02786	0.02180	0.02786	0.01938	0.02907	0.01453	0.01090	0.01090	0.00363	0.01453	0.00969	0.00484	0.01211
24	0.01497	0.01044	0.01311	0.01406	0.01497	0.01004	0.00942	0.01702	0.02124	0.02875	0.14217	0.27334	0.06525	0.24683	0.02916	0.00655	0.00795	0.05715	0.00917	0.00839
25	0.01328	0.00949	0.01265	0.01518	0.01581	0.00886	0.01012	0.01518	0.02088	0.02783	0.06010	0.60969	0.07212	0.03416	0.01392	0.00443	0.00633	0.03100	0.01012	0.00886
26	0.01722	0.01214	0.01639	0.01838	0.02037	0.01214	0.01530	0.02120	0.02319	0.03025	0.05289	0.11229	0.05796	0.15167	0.02344	0.00617	0.01015	0.38019	0.00933	0.00933
27	0.02059	0.01938	0.03270	0.59060	0.07510	0.02422	0.03028	0.02786	0.02180	0.02786	0.01938	0.02907	0.01453	0.01090	0.01090	0.00363	0.01453	0.00969	0.00484	0.01211
28	0.02420	0.09501	0.05158	0.24791	0.06042	0.02813	0.27151	0.03200	0.02384	0.03118	0.02024	0.02789	0.01549	0.00985	0.01144	0.00350	0.01615	0.01085	0.00516	0.01365
29	0.02672	0.26236	0.31523	0.02621	0.03862	0.09579	0.03016	0.03490	0.02363	0.03038	0.01764	0.02061	0.01391	0.01009	0.00907	0.00297	0.01491	0.00713	0.00474	0.01494
30	0.02699	0.02591	0.04426	0.06693	0.54879	0.02591	0.03346	0.03346	0.02483	0.03562	0.02051	0.02699	0.01727	0.00972	0.01079	0.00324	0.01295	0.00972	0.00540	0.01727
31	0.02712	0.02342	0.02465	0.02219	0.02835	0.02712	0.01726	0.05794	0.52909	0.04561	0.04438	0.04068	0.03328	0.01479	0.01109	0.00370	0.00863	0.01233	0.01109	0.01726
32	0.01328	0.00949	0.01265	0.01518	0.01581	0.00886	0.01012	0.01518	0.02088	0.02783	0.06010	0.60969	0.07212	0.03416	0.01392	0.00443	0.00633	0.03100	0.01012	0.00886
33	0.02699	0.02591	0.04426	0.06693	0.54879	0.02591	0.03346	0.03346	0.02483	0.03562	0.02051	0.02699	0.01727	0.00972	0.01079	0.00324	0.01295	0.00972	0.00540	0.01727
34	0.01356	0.01107	0.01198	0.01175	0.01514	0.00949	0.00882	0.01695	0.02645	0.03324	0.22512	0.09871	0.42734	0.02620	0.01288	0.00361	0.00542	0.02214	0.01062	0.00949
35	0.02049	0.01591	0.02421	0.37198	0.05160	0.01893	0.02175	0.02693	0.02220	0.03268	0.02548	0.03343	0.01959	0.01158	0.00967	0.00322	0.01097	0.00987	0.25814	0.01138
36	0.22819	0.02035	0.02339	0.01850	0.02649	0.01999	0.01527	0.08877	0.02949	0.37069	0.03373	0.03071	0.02199	0.01252	0.00978	0.00336	0.00929	0.00945	0.01138	0.01667
37	0.04073	0.05197	0.03090	0.02809	0.03371	0.57303	0.02107	0.04354	0.03090	0.02669	0.01685	0.01966	0.01404	0.01124	0.00983	0.00281	0.01966	0.00702	0.00562	0.01264
38	0.02084	0.01885	0.02530	0.02232	0.02232	0.02480	0.01736	0.02233	0.01638	0.02432	0.02186	0.04175	0.02385	0.24422	0.04321	0.00696	0.37603	0.01192	0.00546	0.00992
39	0.01428	0.01098	0.01304	0.01313	0.01546	0.01044	0.00944	0.01700	0.02220	0.02871	0.12744	0.12227	0.26419	0.14136	0.13365	0.00771	0.01120	0.01970	0.00886	0.00896
40	0.01613	0.01255	0.01482	0.01400	0.01729	0.01197	0.01058	0.02364	0.08748	0.04019	0.37100	0.08286	0.21089	0.02282	0.01266	0.00353	0.00565	0.01972	0.01140	0.01082
41	0.02109	0.07713	0.03274	0.02895	0.07528	0.01960	0.11320	0.02689	0.02491	0.03264	0.04348	0.08636	0.04516	0.02230	0.01348	0.00434	0.01205	0.30022	0.00824	0.01195
42	0.02293	0.02042	0.02692	0.01923	0.02906	0.01588	0.06424	0.02823	0.02293	0.03547	0.01966	0.02331	0.01619	0.00819	0.00857	0.00183	0.00914	0.00712	0.00636	0.61431
43	0.55812	0.02822	0.12595	0.01772	0.02636	0.02463	0.01756	0.03255	0.01946	0.04601	0.01607	0.01878	0.01221	0.01017	0.00748	0.00339	0.00999	0.00634	0.00631	0.01268
44	0.02860	0.02416	0.02549	0.02249	0.02892	0.02781	0.01762	0.10494	0.47968	0.04800	0.04250	0.03918	0.03176	0.01462	0.01108	0.00365	0.00898	0.01207	0.01108	0.01739
45	0.02809	0.02626	0.04338	0.06374	0.50953	0.02651	0.03249	0.06998	0.02684	0.03815	0.02094	0.02692	0.01737	0.00997	0.01080	0.00324	0.01288	0.00972	0.00582	0.01737
46	0.01447	0.01057	0.01361	0.01398	0.01599	0.00970	0.01005	0.01830	0.02692	0.03703	0.33975	0.26419	0.13125	0.02682	0.01322	0.00379	0.00558	0.02387	0.01119	0.00970
47	0.02759	0.03241	0.14303	0.03827	0.04944	0.02594	0.32780	0.03901	0.07543	0.08983	0.02599	0.03020	0.01880	0.01039	0.01206	0.00361	0.01608	0.01178	0.00673	0.01560
48	0.02244	0.05033	0.46652	0.02906	0.04371	0.02468	0.03593	0.03630	0.07286	0.03570	0.02200	0.02473	0.01591	0.01062	0.01026	0.00334	0.01476	0.00836	0.00539	0.06711
49	0.02385	0.02385	0.03340	0.02863	0.02863	0.03340	0.02385	0.02624	0.01670	0.02624	0.01431	0.02385	0.01431	0.01908	0.03578	0.00477	0.59685	0.00954	0.00477	0.01193
50	0.09241	0.02295	0.02689	0.02106	0.02926	0.02324	0.01730	0.19617	0.08156	0.31951	0.03579	0.03256	0.02378	0.01323	0.01065	0.00337	0.01001	0.01035	0.01197	0.01793
51	0.62714	0.02082	0.01699	0.01486	0.02178	0.02359	0.01224	0.03423	0.01986	0.10139	0.01806	0.01972	0.01338	0.01047	0.00718	0.00337	0.00852	0.00643	0.00745	0.01251
52	0.04136	0.03304	0.03251	0.02544	0.03380	0.09680	0.02076	0.45767	0.04889	0.06381	0.02509	0.02542	0.01802	0.01287	0.01078	0.00322	0.01289	0.00949	0.01029	0.01785
53	0.02575	0.35858	0.29214	0.02446	0.03696	0.03482	0.02876	0.03353	0.02256	0.02980	0.01722	0.02007	0.01391	0.00981	0.00857	0.00286	0.01374	0.00687	0.00464	0.01498
54	0.02699	0.02591	0.04426	0.06693	0.54879	0.02591	0.03346	0.03346	0.02483	0.03562	0.02051	0.02699	0.01727	0.00972	0.01079	0.00324	0.01295	0.00972	0.00540	0.01727
55	0.04737	0.02104	0.02684	0.02058	0.02907	0.01971	0.01700	0.14830	0.03536	0.45531	0.03953	0.03485	0.02524	0.01341	0.01095	0.00335	0.00984	0.01073	0.01296	0.01855
56	0.01915	0.01312	0.01979	0.17294	0.03305	0.01444	0.01724	0.02145	0.02024	0.02747	0.03169	0.05808	0.03099	0.02572	0.02258	0.23620	0.01056	0.14068	0.07581	0.00880
57	0.01543	0.01115	0.01457	0.01372	0.01629	0.01029	0.01029	0.02058	0.03086	0.04372	0.54304	0.08145	0.10288	0.02229	0.01286	0.00343	0.00514	0.01972	0.01200	0.01029
58	0.01778	0.00988	0.01333	0.01333	0.01333	0.00988	0.00839	0.01483	0.01483	0.01977	0.02475	0.04754	0.02674	0.25593	0.04747	0.42958	0.00988	0.01188	0.00544	0.00544
59	0.03243	0.02449	0.02663	0.02205	0.02870	0.02744	0.01774	0.28080	0.18271	0.05451	0.03261	0.03358	0.02464	0.02157	0.07640	0.00500	0.01243	0.01079	0.06907	0.01641
60	0.03309	0.01793	0.02081	0.01780	0.02376	0.01834	0.01410	0.04705	0.20674	0.22880	0.04141	0.03938	0.02951	0.01374	0.01007	0.00326	0.00787	0.01123	0.19939	0.01573
61	0.01602	0.01153	0.01539	0.01546	0.01801	0.01091	0.01228	0.02113	0.02929	0.04069	0.41043	0.09280	0.09192	0.02443	0.01346	0.00386	0.00648	0.14423	0.01147	0.01022
62	0.02915	0.62337	0.05714	0.01866	0.02799	0.04314	0.01866	0.03265	0.02215	0.02565	0.01516	0.01749	0.01399	0.00933	0.00700	0.00233	0.01166	0.00583	0.00466	0.01399
63	0.01751	0.01055	0.01190	0.01190	0.01308	0.01077	0.00781	0.01988	0.01869	0.02898	0.03421	0.05646	0.03379	0.32678	0.09798	0.00836	0.01068	0.01322	0.25915	0.00831
64	0.04415	0.02621	0.03004	0.02303	0.03165	0.02738	0.01903	0.34636	0.04401	0.24504	0.03227	0.03013	0.02160	0.01324	0.01093	0.00331	0.01101	0.01023	0.01184	0.01855
65	0.02872	0.44946	0.16172	0.02187	0.03259	0.03852	0.02343	0.07641	0.02497	0.03143	0.01709	0.01945	0.01437	0.00989	0.00806	0.00265	0.01264	0.00666	0.00522	0.01485
66	0.41758	0.03560	0.23979	0.02122	0.03182	0.02481	0.02352	0.03307	0.02039	0.04300	0.01698	0.01989	0.01263	0.01022	0.00823	0.00341	0.01159	0.00679	0.00587	0.01358
67	0.02845	0.26139	0.22747	0.02704	0.07024	0.03224	0.02716	0.07192	0.05942	0.06721	0.02160	0.02351	0.01660	0.01062	0.00925	0.00301	0.01299	0.00793	0.00614	0.01580
68	0.02227	0.02698	0.09907	0.03529	0.04457	0.02245	0.32406	0.03047	0.02637	0.03610	0.12923	0.04529	0.07852	0.01341	0.01262	0.00361	0.01451	0.01458	0.00707	0.01352
69	0.03022	0.02252	0.03573	0.23215	0.24825	0.02387	0.02800	0.06776	0.02687	0.14038	0.02505	0.02968	0.01839	0.01111	0.01087	0.00340	0.01268	0.00997	0.00722	0.01587
70	0.01824	0.01462	0.01775	0.01590	0.02135	0.01231	0.01293	0.02276	0.02495	0.03470	0.12403	0.07560	0.14593	0.02019	0.01168	0.00324	0.00770	0.14357	0.00899	0.26356
71	0.02398	0.04875	0.46032	0.02842	0.04261	0.02310	0.03530	0.03516	0.02451	0.08675	0.06721	0.02947	0.02282	0.01170	0.01064	0.00344	0.01449	0.00935	0.00612	0.01585
72	0.01549	0.01235	0.01955	0.01963	0.02181	0.01169	0.06972	0.01878	0.02218	0.02950	0.05524	0.45689	0.06399	0.03054	0.01399	0.00444	0.00838	0.10651	0.00957	0.00975

[dist]
# distance from previous block
# <min> <max>
0	2

[block]
# block no. 5 follows, 12 sequences, length 36
# corresponding to MSA columns:
# 205-240
name=unknown_F
#
# <colnr> <probs for GDERKNQSTAVLIFYWHMCP>
#	G	D	E	R	K	N	Q	S	T	A	V	L	I	F	Y	W	H	M	C	P
0	0.01644	0.01124	0.01381	0.01466	0.01551	0.01124	0.01031	0.01813	0.01898	0.02503	0.04226	0.08881	0.04745	0.41847	0.04183	0.00869	0.01039	0.17121	0.00777	0.00777
1	0.02638	0.01194	0.01337	0.01212	0.01591	0.01140	0.00940	0.03128	0.02463	0.14985	0.03715	0.03990	0.02774	0.01287	0.00833	0.00272	0.00597	0.01033	0.53677	0.01194
2	0.01427	0.01088	0.01211	0.01206	0.01509	0.00957	0.00895	0.01784	0.02610	0.03435	0.22402	0.13217	0.33812	0.02536	0.01252	0.00357	0.00544	0.02162	0.06643	0.00957
3	0.02275	0.02159	0.03661	0.41357	0.23524	0.02479	0.03136	0.02975	0.02282	0.03048	0.01976	0.02837	0.01546	0.01050	0.01087	0.00350	0.01400	0.00970	0.00503	0.01386
4	0.01586	0.01057	0.01189	0.01189	0.01189	0.01057	0.00661	0.01586	0.01586	0.02114	0.03436	0.07135	0.03964	0.61681	0.05550	0.01057	0.01057	0.01586	0.00661	0.00661
5	0.51151	0.02037	0.01865	0.01577	0.02299	0.02208	0.01300	0.03801	0.02213	0.19237	0.02305	0.02320	0.01610	0.01108	0.00794	0.00337	0.00867	0.00733	0.00866	0.01372
6	0.03910	0.02937	0.03140	0.02461	0.03292	0.03271	0.02016	0.43781	0.12972	0.06492	0.02917	0.02856	0.02096	0.01337	0.01094	0.00334	0.01145	0.01023	0.01094	0.01833
7	0.03392	0.02057	0.06244	0.01891	0.02637	0.01680	0.01637	0.08854	0.03181	0.26798	0.18208	0.04637	0.04607	0.01525	0.01119	0.00322	0.00876	0.01274	0.01146	0.07915
8	0.02404	0.05354	0.50193	0.03041	0.04571	0.02626	0.03812	0.08742	0.02615	0.03831	0.02030	0.02337	0.01434	0.01066	0.01042	0.00343	0.01566	0.00825	0.00530	0.01638
9	0.02518	0.02406	0.04099	0.21497	0.41487	0.02543	0.03256	0.03188	0.02397	0.03343	0.02019	0.02758	0.01650	0.01005	0.01082	0.00335	0.01340	0.00971	0.00524	0.01581
10	0.04592	0.01864	0.02609	0.07991	0.03284	0.01689	0.01754	0.05046	0.03021	0.50035	0.04051	0.03626	0.02567	0.01322	0.01096	0.00340	0.00983	0.01083	0.01258	0.01787
11	0.02386	0.03251	0.15283	0.03957	0.05063	0.02523	0.36511	0.03326	0.02579	0.03582	0.07924	0.03396	0.02558	0.01086	0.01239	0.00361	0.01649	0.01271	0.00606	0.01448
12	0.02536	0.13493	0.24600	0.02600	0.03650	0.02507	0.07217	0.03491	0.06127	0.08813	0.02979	0.11809	0.02615	0.01449	0.01071	0.00345	0.01276	0.01239	0.00700	0.01482
13	0.01584	0.01065	0.01231	0.01231	0.01246	0.01080	0.00713	0.01613	0.01598	0.02145	0.03397	0.06923	0.03872	0.57689	0.09415	0.01109	0.01196	0.01554	0.00655	0.00684
14	0.02772	0.02715	0.04785	0.05207	0.29265	0.02720	0.18638	0.07385	0.08061	0.03903	0.02399	0.02917	0.01883	0.01034	0.01151	0.00343	0.01420	0.01103	0.00647	0.01653
15	0.03698	0.11226	0.03629	0.03392	0.17946	0.02581	0.02209	0.09562	0.07185	0.23004	0.03061	0.03035	0.02184	0.01184	0.01033	0.00320	0.01094	0.00983	0.00935	0.01740
16	0.03470	0.02786	0.11837	0.04279	0.26712	0.02197	0.02776	0.04128	0.02702	0.23783	0.02911	0.03030	0.02050	0.01129	0.01079	0.00332	0.01202	0.00994	0.00842	0.01759
17	0.01575	0.01098	0.01399	0.01399	0.01471	0.01171	0.00922	0.01720	0.01648	0.02269	0.03244	0.06074	0.03503	0.41763	0.24838	0.01316	0.01751	0.01430	0.00632	0.00777
18	0.02262	0.09698	0.47149	0.02989	0.04395	0.02746	0.03706	0.03360	0.02235	0.03306	0.01873	0.02267	0.01387	0.01111	0.01252	0.00349	0.07095	0.00803	0.00462	0.01555
19	0.02684	0.10511	0.32657	0.03689	0.16085	0.02632	0.03371	0.03614	0.02426	0.09159	0.02192	0.02493	0.01610	0.01045	0.01017	0.00328	0.01414	0.00853	0.00578	0.01643
20	0.04832	0.01952	0.02590	0.01986	0.02832	0.01746	0.01640	0.09022	0.03283	0.51697	0.04166	0.03623	0.02631	0.01346	0.01096	0.00337	0.00950	0.01087	0.01329	0.01855
21	0.08956	0.02145	0.07592	0.02505	0.03183	0.01818	0.10734	0.03252	0.02555	0.13306	0.04108	0.07105	0.03849	0.01956	0.01269	0.00417	0.01179	0.21842	0.00907	0.01319
22	0.02692	0.11223	0.20434	0.09949	0.18259	0.02700	0.03050	0.03674	0.06343	0.08053	0.02326	0.02669	0.01757	0.01073	0.01021	0.00328	0.01329	0.00900	0.00616	0.01602
23	0.01921	0.12884	0.02707	0.02450	0.12488	0.01907	0.01577	0.02316	0.02493	0.03209	0.13828	0.11436	0.22689	0.02033	0.01145	0.00337	0.00818	0.01731	0.00845	0.01186
24	0.02635	0.02750	0.02262	0.02312	0.02681	0.22510	0.01890	0.03053	0.02730	0.03038	0.04223	0.08381	0.04428	0.02296	0.01308	0.00418	0.01369	0.29778	0.00836	0.01103
25	0.14164	0.02790	0.13687	0.02851	0.11300	0.02083	0.02310	0.04288	0.02652	0.28675	0.03025	0.02955	0.02035	0.01172	0.01015	0.00337	0.01113	0.00937	0.00932	0.01679
26	0.12821	0.02289	0.03219	0.07008	0.03645	0.02293	0.09534	0.13031	0.03159	0.27304	0.03095	0.03062	0.02073	0.01208	0.01068	0.00342	0.01153	0.01027	0.01015	0.01652
27	0.01685	0.01060	0.01354	0.01471	0.01618	0.00980	0.00995	0.01873	0.02133	0.07425	0.05857	0.43265	0.10107	0.12377	0.02013	0.00524	0.00720	0.02617	0.00987	0.00940
28	0.01652	0.01901	0.10098	0.01731	0.02252	0.01267	0.01523	0.02109	0.02301	0.03219	0.10459	0.30487	0.10110	0.02377	0.01209	0.00359	0.00798	0.02095	0.00880	0.13174
29	0.57368	0.02195	0.02111	0.02381	0.11616	0.02472	0.01571	0.03231	0.01969	0.04652	0.01614	0.01938	0.01279	0.01005	0.00748	0.00335	0.00925	0.00659	0.00650	0.01279
30	0.08799	0.23404	0.15055	0.02252	0.03222	0.03266	0.02256	0.09234	0.15053	0.03934	0.02455	0.02539	0.01903	0.01139	0.00914	0.00311	0.01161	0.00836	0.00712	0.01556
31	0.02466	0.02937	0.20251	0.02103	0.03062	0.01720	0.02193	0.03213	0.02657	0.12434	0.17506	0.04221	0.04229	0.01387	0.01071	0.00305	0.01014	0.01159	0.00861	0.15209
32	0.09521	0.03129	0.16568	0.02264	0.03295	0.02301	0.02236	0.11499	0.08233	0.15313	0.02776	0.02780	0.01961	0.01152	0.00993	0.00312	0.01115	0.00893	0.00868	0.12791
33	0.03091	0.03086	0.16687	0.03234	0.12103	0.02279	0.06269	0.07638	0.07234	0.16180	0.02966	0.03396	0.02232	0.06914	0.01517	0.00410	0.01261	0.01066	0.00819	0.01617
34	0.07757	0.02613	0.16398	0.02018	0.02838	0.01687	0.02004	0.03417	0.02576	0.20068	0.08341	0.13148	0.09006	0.01779	0.01130	0.00360	0.00987	0.01488	0.00961	0.01426
35	0.02535	0.03749	0.24911	0.03712	0.17585	0.02463	0.03062	0.07248	0.07097	0.03863	0.02253	0.02585	0.01722	0.01044	0.01023	0.00312	0.01303	0.00877	0.00618	0.12039

[dist]
# distance from previous block
# <min> <max>
6	15

[block]
# block no. 6 follows, 12 sequences, length 15
# corresponding to MSA columns:
# 256-270
name=unknown_G
#
# <colnr> <probs for GDERKNQSTAVLIFYWHMCP>
#	G	D	E	R	K	N	Q	S	T	A	V	L	I	F	Y	W	H	M	C	P
0	0.04342	0.01734	0.02354	0.01847	0.02594	0.01508	0.01508	0.04779	0.03115	0.47210	0.12519	0.04440	0.03946	0.01494	0.01128	0.00338	0.00860	0.01240	0.01325	0.01720
1	0.02748	0.49360	0.17230	0.02150	0.03238	0.03906	0.02361	0.03308	0.02235	0.02768	0.01617	0.01876	0.01395	0.00956	0.00777	0.00259	0.01268	0.00634	0.00465	0.01448
2	0.03083	0.09388	0.20646	0.03554	0.12792	0.02527	0.10886	0.03885	0.02573	0.16354	0.02553	0.02771	0.01815	0.01073	0.01067	0.00332	0.01381	0.00964	0.00711	0.01647
3	0.01328	0.00949	0.01265	0.01518	0.01581	0.00886	0.01012	0.01518	0.02088	0.02783	0.06010	0.60969	0.07212	0.03416	0.01392	0.00443	0.00633	0.03100	0.01012	0.00886
4	0.04892	0.01856	0.02530	0.01940	0.02783	0.01603	0.01603	0.05314	0.03121	0.55634	0.04302	0.03711	0.02699	0.01350	0.01096	0.00337	0.00928	0.01096	0.01350	0.01856
5	0.14077	0.17860	0.13660	0.02858	0.11308	0.02902	0.02374	0.07812	0.02608	0.11760	0.02206	0.02383	0.01650	0.01068	0.00914	0.00310	0.01184	0.00801	0.00701	0.01565
6	0.08557	0.13476	0.28456	0.03269	0.12796	0.02722	0.03055	0.03580	0.02368	0.08999	0.02113	0.02386	0.01567	0.01039	0.00965	0.00322	0.01345	0.00811	0.00589	0.01586
7	0.01456	0.01064	0.01368	0.01392	0.01601	0.00976	0.01006	0.01851	0.02732	0.03766	0.35896	0.24254	0.13313	0.02634	0.01318	0.00375	0.00553	0.02341	0.01127	0.00976
8	0.03144	0.04331	0.34388	0.02742	0.04047	0.02498	0.03132	0.13111	0.03024	0.15253	0.02585	0.02664	0.01754	0.01156	0.01059	0.00340	0.01386	0.00902	0.00772	0.01711
9	0.10194	0.03279	0.19369	0.03812	0.20505	0.02302	0.02873	0.03873	0.02526	0.17140	0.02548	0.02741	0.01815	0.01093	0.01028	0.00335	0.01249	0.00913	0.00739	0.01667
10	0.15135	0.02121	0.03008	0.03644	0.22764	0.02084	0.02154	0.03894	0.02647	0.22001	0.07310	0.03364	0.02718	0.01220	0.01032	0.00333	0.01019	0.01035	0.00903	0.01614
11	0.03685	0.01933	0.02877	0.03181	0.17273	0.01780	0.01994	0.04187	0.02935	0.31948	0.12446	0.04204	0.03757	0.01397	0.01125	0.00335	0.00959	0.01215	0.01095	0.01674
12	0.02629	0.01993	0.02580	0.02804	0.12606	0.02078	0.01825	0.07728	0.17999	0.09063	0.20561	0.05020	0.05178	0.01607	0.01160	0.00345	0.00863	0.01397	0.01049	0.01514
13	0.07686	0.08175	0.08086	0.01891	0.02564	0.02098	0.01690	0.03769	0.14231	0.12054	0.20367	0.04787	0.05004	0.01574	0.01085	0.00337	0.00864	0.01301	0.01011	0.01426
14	0.09587	0.09462	0.25019	0.04049	0.19700	0.02731	0.07719	0.03380	0.02327	0.03559	0.01921	0.02375	0.01493	0.00993	0.01003	0.00329	0.01412	0.00858	0.00517	0.01568

[dist]
# distance from previous block
# <min> <max>
0	15

# created by:
# /st0/software/busco_prod/Augustus/scripts/msa2prfl.pl ./align_prep/9261.fa
