[name]
unknown

[dist]
# distance from previous block
# <min> <max>
0	1021

[block]
# block no. 0 follows, 12 sequences, length 24
# corresponding to MSA columns:
# 1332-1355
name=unknown_A
#
# <colnr> <probs for GDERKNQSTAVLIFYWHMCP>
#	G	D	E	R	K	N	Q	S	T	A	V	L	I	F	Y	W	H	M	C	P
0	0.02708	0.02417	0.03701	0.29112	0.05621	0.02736	0.10835	0.14242	0.09942	0.04074	0.02484	0.03009	0.01838	0.01164	0.01127	0.00357	0.01380	0.01063	0.00719	0.01472
1	0.21353	0.03683	0.22147	0.10680	0.11240	0.06846	0.02842	0.03349	0.02247	0.03722	0.01822	0.02263	0.01384	0.01035	0.00943	0.00337	0.01357	0.00782	0.00543	0.01424
2	0.04033	0.02655	0.02955	0.02329	0.03146	0.02864	0.01903	0.32475	0.13864	0.17088	0.03335	0.03135	0.02322	0.01351	0.01096	0.00338	0.01076	0.01055	0.01151	0.01830
3	0.01508	0.01050	0.01337	0.01497	0.01575	0.01022	0.01034	0.01692	0.01990	0.02637	0.05025	0.31572	0.05841	0.24538	0.02928	0.00678	0.00862	0.11503	0.00883	0.00828
4	0.03406	0.11203	0.03253	0.02366	0.03087	0.13505	0.01916	0.18101	0.22988	0.04588	0.03001	0.02942	0.02282	0.01289	0.01025	0.00322	0.01210	0.00973	0.00913	0.01630
5	0.02441	0.10622	0.30558	0.02744	0.03905	0.02609	0.06827	0.09628	0.02731	0.03823	0.06022	0.08055	0.02616	0.01350	0.01076	0.00341	0.01360	0.01132	0.00655	0.01503
6	0.07777	0.21054	0.33745	0.02891	0.07690	0.03030	0.03144	0.03373	0.02256	0.03326	0.01805	0.02134	0.01396	0.01000	0.00916	0.00312	0.01402	0.00738	0.00485	0.01526
7	0.02230	0.05341	0.50530	0.03273	0.04828	0.02557	0.09230	0.03457	0.02332	0.03457	0.01984	0.02373	0.01412	0.01023	0.01064	0.00348	0.01637	0.00859	0.00471	0.01596
8	0.02764	0.02375	0.04312	0.21903	0.20678	0.02446	0.14945	0.03474	0.02497	0.10346	0.02359	0.02962	0.01755	0.01047	0.01137	0.00349	0.01431	0.01067	0.00635	0.01519
9	0.02551	0.13019	0.29131	0.06989	0.03948	0.02449	0.02866	0.03368	0.02364	0.10440	0.02761	0.10396	0.02362	0.01390	0.01044	0.00341	0.01302	0.01135	0.00662	0.01482
10	0.16708	0.01803	0.02209	0.01767	0.02499	0.01685	0.01445	0.04472	0.02875	0.39047	0.10536	0.03942	0.03437	0.01404	0.01042	0.00338	0.00856	0.01119	0.01201	0.01615
11	0.01757	0.01255	0.01757	0.02008	0.02259	0.01255	0.01757	0.02259	0.02510	0.03263	0.05773	0.12299	0.06275	0.03012	0.01506	0.00502	0.01004	0.47540	0.01004	0.01004
12	0.01522	0.01180	0.01430	0.01556	0.01865	0.01087	0.01292	0.01911	0.02498	0.03104	0.08414	0.11395	0.30395	0.02887	0.01397	0.00435	0.00778	0.24884	0.01008	0.00962
13	0.13000	0.19960	0.03475	0.01975	0.02811	0.02934	0.01719	0.13188	0.06519	0.20116	0.02783	0.02680	0.01988	0.01181	0.00921	0.00307	0.01033	0.00862	0.00930	0.01618
14	0.04135	0.03344	0.03248	0.02549	0.03380	0.10675	0.02077	0.44901	0.04851	0.06303	0.02492	0.02530	0.01793	0.01284	0.01076	0.00321	0.01304	0.00944	0.01019	0.01774
15	0.01504	0.01076	0.01461	0.01675	0.01827	0.01032	0.01278	0.01840	0.02348	0.03129	0.11283	0.37886	0.07221	0.03141	0.01420	0.00453	0.00751	0.18702	0.01030	0.00943
16	0.02255	0.02138	0.03625	0.43007	0.22031	0.02474	0.03126	0.02958	0.02273	0.03024	0.01973	0.02843	0.01537	0.01054	0.01087	0.00351	0.01405	0.00970	0.00501	0.01369
17	0.03077	0.11415	0.11077	0.03002	0.03863	0.03139	0.13441	0.15385	0.02992	0.07353	0.02167	0.02555	0.01658	0.01249	0.01547	0.00355	0.12502	0.00975	0.00700	0.01547
18	0.04583	0.01787	0.02431	0.01887	0.02677	0.01550	0.01550	0.05013	0.03118	0.50902	0.08917	0.04120	0.03400	0.01431	0.01114	0.00338	0.00890	0.01177	0.01336	0.01779
19	0.03358	0.02518	0.02722	0.02283	0.03000	0.02817	0.01822	0.19865	0.33473	0.09993	0.03860	0.03585	0.02812	0.01414	0.01102	0.00354	0.00974	0.01142	0.01126	0.01778
20	0.02291	0.02749	0.11220	0.31553	0.15451	0.02532	0.12332	0.03113	0.02327	0.03153	0.02012	0.02794	0.01532	0.01029	0.01118	0.00355	0.01519	0.01008	0.00504	0.01409
21	0.04085	0.04830	0.03121	0.02758	0.03373	0.48068	0.02101	0.12385	0.03439	0.03388	0.01845	0.02078	0.01482	0.01155	0.01002	0.00289	0.01835	0.00750	0.00652	0.01365
22	0.02712	0.02342	0.02465	0.02219	0.02835	0.02712	0.01726	0.05794	0.52909	0.04561	0.04438	0.04068	0.03328	0.01479	0.01109	0.00370	0.00863	0.01233	0.01109	0.01726
23	0.07816	0.01743	0.02581	0.28469	0.04777	0.01952	0.02276	0.03102	0.02409	0.12141	0.03400	0.05625	0.03016	0.01675	0.01176	0.00396	0.01187	0.14202	0.00796	0.01260

[dist]
# distance from previous block
# <min> <max>
0	14

[block]
# block no. 1 follows, 12 sequences, length 20
# corresponding to MSA columns:
# 1370-1389
name=unknown_B
#
# <colnr> <probs for GDERKNQSTAVLIFYWHMCP>
#	G	D	E	R	K	N	Q	S	T	A	V	L	I	F	Y	W	H	M	C	P
0	0.01586	0.01057	0.01189	0.01189	0.01189	0.01057	0.00661	0.01586	0.01586	0.02114	0.03436	0.07135	0.03964	0.61681	0.05550	0.01057	0.01057	0.01586	0.00661	0.00661
1	0.03714	0.21830	0.14428	0.02154	0.03182	0.02653	0.02180	0.04285	0.02667	0.28165	0.02940	0.02801	0.02018	0.01153	0.00958	0.00306	0.01143	0.00874	0.00888	0.01661
2	0.02753	0.02784	0.05316	0.11995	0.10610	0.02788	0.32102	0.10588	0.02895	0.03912	0.02215	0.02863	0.01664	0.01007	0.01209	0.00356	0.01634	0.01165	0.00622	0.01519
3	0.01894	0.00947	0.01420	0.01420	0.01420	0.00947	0.00947	0.01420	0.01420	0.01894	0.01894	0.03314	0.01894	0.03788	0.04261	0.68277	0.00947	0.00947	0.00473	0.00473
4	0.01399	0.01000	0.01347	0.01599	0.01694	0.00947	0.01135	0.01641	0.02157	0.02863	0.05970	0.52920	0.07057	0.03349	0.01411	0.00453	0.00694	0.10449	0.01011	0.00905
5	0.18214	0.12519	0.22459	0.02473	0.03495	0.17397	0.02563	0.03611	0.02398	0.03451	0.01723	0.02014	0.01344	0.01040	0.00893	0.00311	0.01469	0.00698	0.00538	0.01391
6	0.03980	0.02059	0.02503	0.02057	0.02805	0.02067	0.01654	0.05515	0.23944	0.34274	0.04359	0.03860	0.02962	0.01404	0.01102	0.00351	0.00901	0.01153	0.01249	0.01801
7	0.02151	0.01147	0.01590	0.01470	0.01701	0.01074	0.01074	0.02240	0.02394	0.10396	0.25498	0.05514	0.05732	0.02760	0.02504	0.28754	0.00752	0.01423	0.00917	0.00910
8	0.01930	0.01670	0.02988	0.15460	0.03931	0.01766	0.12305	0.02364	0.02100	0.02809	0.03103	0.12157	0.03058	0.03149	0.11001	0.10870	0.01543	0.06106	0.00639	0.01050
9	0.08328	0.02474	0.02860	0.10017	0.03635	0.02662	0.01957	0.24938	0.08773	0.12534	0.02800	0.02863	0.01996	0.01229	0.01034	0.00322	0.01096	0.00959	0.00970	0.08553
10	0.39134	0.02314	0.02144	0.01773	0.02525	0.02539	0.01445	0.13819	0.07879	0.05103	0.02115	0.02259	0.01608	0.01096	0.00828	0.00314	0.00918	0.00749	0.00806	0.10633
11	0.03112	0.03453	0.16613	0.11033	0.12667	0.08077	0.02796	0.09988	0.02888	0.11483	0.02375	0.02664	0.01723	0.01110	0.01047	0.00323	0.01369	0.00902	0.00714	0.05663
12	0.11835	0.22274	0.11801	0.02278	0.03222	0.03027	0.05767	0.04037	0.11616	0.10462	0.02539	0.02610	0.01912	0.01113	0.00919	0.00313	0.01154	0.00858	0.00734	0.01528
13	0.20442	0.02201	0.02705	0.02158	0.02844	0.06332	0.10072	0.03229	0.02413	0.10892	0.06978	0.03661	0.06825	0.01484	0.01251	0.05484	0.01075	0.01077	0.00788	0.08089
14	0.11945	0.07270	0.13149	0.02461	0.03447	0.02525	0.07175	0.10723	0.06649	0.19723	0.02870	0.02856	0.01988	0.01178	0.01023	0.00335	0.01189	0.00955	0.00898	0.01642
15	0.16521	0.15046	0.03385	0.02069	0.02926	0.02533	0.06617	0.03915	0.06270	0.17022	0.02587	0.02632	0.01894	0.01077	0.00904	0.00294	0.01033	0.00847	0.00819	0.11608
16	0.16504	0.07045	0.02975	0.02149	0.02914	0.02456	0.06626	0.10903	0.09831	0.12888	0.08012	0.03328	0.02846	0.01270	0.01001	0.00324	0.01005	0.01034	0.00928	0.05961
17	0.17068	0.06827	0.03000	0.07971	0.03392	0.02530	0.06769	0.07438	0.14198	0.11280	0.03400	0.03443	0.05566	0.01296	0.01011	0.00344	0.01055	0.01060	0.00872	0.01480
18	0.25271	0.07405	0.06750	0.02068	0.02888	0.02242	0.06686	0.03785	0.02505	0.19876	0.07850	0.03171	0.02654	0.01225	0.00958	0.00333	0.01022	0.00973	0.00888	0.01452
19	0.23890	0.07762	0.10049	0.02399	0.06802	0.02588	0.02019	0.09287	0.02521	0.08328	0.02433	0.08256	0.02110	0.01383	0.01138	0.00349	0.05511	0.01022	0.00743	0.01411

[dist]
# distance from previous block
# <min> <max>
14	143

[block]
# block no. 2 follows, 12 sequences, length 47
# corresponding to MSA columns:
# 1595-1641
name=unknown_C
#
# <colnr> <probs for GDERKNQSTAVLIFYWHMCP>
#	G	D	E	R	K	N	Q	S	T	A	V	L	I	F	Y	W	H	M	C	P
0	0.15708	0.06994	0.02930	0.02159	0.02873	0.07118	0.06628	0.07157	0.02802	0.20492	0.06365	0.08371	0.02931	0.01431	0.01036	0.00337	0.01084	0.01177	0.00945	0.01462
1	0.11601	0.07319	0.02498	0.01836	0.02513	0.02026	0.01498	0.04356	0.11054	0.27420	0.07793	0.08849	0.03500	0.01547	0.01053	0.00343	0.00870	0.01259	0.01106	0.01559
2	0.03181	0.52690	0.05253	0.01917	0.02838	0.04003	0.01856	0.06814	0.02502	0.07686	0.01846	0.01988	0.01549	0.00997	0.00763	0.00249	0.01147	0.00658	0.00590	0.01473
3	0.08141	0.02741	0.03381	0.03845	0.21517	0.06208	0.02373	0.17523	0.08517	0.10967	0.02671	0.02828	0.01988	0.01178	0.01053	0.00329	0.01190	0.00973	0.00865	0.01711
4	0.24087	0.03033	0.11431	0.02206	0.03084	0.02796	0.02043	0.18047	0.14142	0.05164	0.02561	0.02617	0.01887	0.01207	0.00954	0.00343	0.01082	0.00884	0.00858	0.01573
5	0.15454	0.02255	0.02305	0.01948	0.02590	0.02492	0.01559	0.19324	0.16356	0.05192	0.10030	0.04319	0.08566	0.01559	0.01061	0.00346	0.00895	0.01230	0.01022	0.01497
6	0.01580	0.01078	0.01295	0.01295	0.01332	0.01115	0.00793	0.01654	0.01617	0.02193	0.03338	0.06598	0.03731	0.51600	0.15311	0.01188	0.01408	0.01507	0.00646	0.00720
7	0.02460	0.02297	0.03620	0.25624	0.27186	0.02550	0.02921	0.03596	0.11869	0.03457	0.02458	0.03035	0.01925	0.01112	0.01089	0.00347	0.01274	0.01020	0.00626	0.01532
8	0.02261	0.01938	0.02261	0.01615	0.02584	0.01453	0.01292	0.02745	0.02261	0.03553	0.01938	0.02261	0.01615	0.00807	0.00807	0.00161	0.00807	0.00646	0.00646	0.68346
9	0.57091	0.02287	0.01917	0.01636	0.02348	0.02622	0.01349	0.12256	0.02472	0.05265	0.01725	0.01931	0.01308	0.01068	0.00753	0.00335	0.00911	0.00664	0.00753	0.01308
10	0.01894	0.00947	0.01420	0.01420	0.01420	0.00947	0.00947	0.01420	0.01420	0.01894	0.01894	0.03314	0.01894	0.03788	0.04261	0.68277	0.00947	0.00947	0.00473	0.00473
11	0.02526	0.16055	0.41100	0.02812	0.04219	0.02956	0.03419	0.08355	0.02578	0.03639	0.01942	0.02230	0.01433	0.01045	0.00978	0.00322	0.01485	0.00782	0.00527	0.01597
12	0.02915	0.62337	0.05714	0.01866	0.02799	0.04314	0.01866	0.03265	0.02215	0.02565	0.01516	0.01749	0.01399	0.00933	0.00700	0.00233	0.01166	0.00583	0.00466	0.01399
13	0.01377	0.01133	0.01227	0.01275	0.01621	0.00984	0.01003	0.01696	0.02490	0.03005	0.10052	0.10834	0.45363	0.02809	0.01330	0.00393	0.00637	0.10825	0.01011	0.00936
14	0.01586	0.01057	0.01189	0.01189	0.01189	0.01057	0.00661	0.01586	0.01586	0.02114	0.03436	0.07135	0.03964	0.61681	0.05550	0.01057	0.01057	0.01586	0.00661	0.00661
15	0.02125	0.02005	0.03390	0.53650	0.12404	0.02440	0.03061	0.02844	0.02211	0.02866	0.01950	0.02885	0.01482	0.01078	0.01089	0.00359	0.01437	0.00969	0.00490	0.01265
16	0.01757	0.01255	0.01757	0.02008	0.02259	0.01255	0.01757	0.02259	0.02510	0.03263	0.05773	0.12299	0.06275	0.03012	0.01506	0.00502	0.01004	0.47540	0.01004	0.01004
17	0.04073	0.05197	0.03090	0.02809	0.03371	0.57303	0.02107	0.04354	0.03090	0.02669	0.01685	0.01966	0.01404	0.01124	0.00983	0.00281	0.01966	0.00702	0.00562	0.01264
18	0.02477	0.02752	0.05838	0.14857	0.06040	0.02694	0.41896	0.03359	0.02499	0.03359	0.02155	0.02935	0.01617	0.00951	0.01250	0.00367	0.01766	0.01227	0.00539	0.01422
19	0.02347	0.02409	0.04522	0.10356	0.22061	0.02357	0.21222	0.03045	0.02487	0.03352	0.03610	0.04123	0.10526	0.01264	0.01196	0.00352	0.01396	0.01316	0.00618	0.01439
20	0.02590	0.02868	0.05952	0.04307	0.05351	0.02752	0.44945	0.03772	0.08687	0.03622	0.02477	0.03078	0.01858	0.00987	0.01265	0.00368	0.01720	0.01280	0.00619	0.01502
21	0.01328	0.00949	0.01265	0.01518	0.01581	0.00886	0.01012	0.01518	0.02088	0.02783	0.06010	0.60969	0.07212	0.03416	0.01392	0.00443	0.00633	0.03100	0.01012	0.00886
22	0.02187	0.05640	0.56031	0.03108	0.04719	0.02532	0.04029	0.03453	0.02302	0.03453	0.01957	0.02302	0.01381	0.01036	0.01036	0.00345	0.01611	0.00806	0.00460	0.01611
23	0.03681	0.13056	0.15006	0.02490	0.03541	0.02551	0.06904	0.09142	0.02948	0.25515	0.02957	0.02893	0.02011	0.01167	0.01034	0.00323	0.01229	0.00954	0.00908	0.01690
24	0.04892	0.01856	0.02530	0.01940	0.02783	0.01603	0.01603	0.05314	0.03121	0.55634	0.04302	0.03711	0.02699	0.01350	0.01096	0.00337	0.00928	0.01096	0.01350	0.01856
25	0.02041	0.01249	0.01475	0.01339	0.01765	0.01080	0.01032	0.02414	0.02779	0.13286	0.22296	0.08536	0.31910	0.02341	0.01252	0.00355	0.00612	0.01979	0.01130	0.01128
26	0.02187	0.02113	0.03297	0.37084	0.05692	0.02781	0.02777	0.02723	0.01981	0.02723	0.01740	0.02703	0.01445	0.01410	0.02063	0.00408	0.24225	0.00963	0.00482	0.01204
27	0.02466	0.02011	0.02870	0.28034	0.09516	0.02286	0.02355	0.03740	0.15845	0.08096	0.03768	0.04054	0.07564	0.01379	0.01115	0.00360	0.01141	0.01189	0.00788	0.01423
28	0.01450	0.01065	0.01359	0.01382	0.01596	0.00974	0.01000	0.01840	0.02722	0.03736	0.34961	0.23840	0.14752	0.02640	0.01317	0.00375	0.00553	0.02341	0.01123	0.00974
29	0.12049	0.03521	0.03020	0.02460	0.03224	0.17898	0.01973	0.32687	0.04177	0.05491	0.02231	0.02338	0.01650	0.01223	0.01011	0.00316	0.01364	0.00858	0.00897	0.01612
30	0.02943	0.03016	0.03276	0.28947	0.09917	0.17007	0.02614	0.09330	0.06103	0.03437	0.02127	0.02681	0.01636	0.01140	0.01062	0.00334	0.01505	0.00918	0.00624	0.01384
31	0.02915	0.62337	0.05714	0.01866	0.02799	0.04314	0.01866	0.03265	0.02215	0.02565	0.01516	0.01749	0.01399	0.00933	0.00700	0.00233	0.01166	0.00583	0.00466	0.01399
32	0.02842	0.30326	0.10534	0.02049	0.03064	0.03196	0.02008	0.10514	0.02685	0.03596	0.01851	0.02085	0.01524	0.00970	0.00829	0.00242	0.01130	0.00688	0.00609	0.19259
33	0.11370	0.02606	0.02746	0.02284	0.02971	0.02993	0.01844	0.23725	0.23921	0.05412	0.03146	0.03089	0.02344	0.01382	0.01212	0.00356	0.04884	0.01034	0.01007	0.01677
34	0.01325	0.00963	0.01251	0.01481	0.01572	0.00889	0.00996	0.01522	0.02123	0.02798	0.06462	0.56433	0.11456	0.03357	0.01382	0.00436	0.00625	0.03028	0.01012	0.00889
35	0.03276	0.11126	0.30133	0.02525	0.03770	0.02405	0.02869	0.04118	0.02594	0.22645	0.02770	0.02756	0.01871	0.01139	0.01017	0.00329	0.01304	0.00886	0.00790	0.01676
36	0.02581	0.01928	0.02294	0.01654	0.02608	0.01472	0.01330	0.03057	0.02365	0.09878	0.02225	0.02437	0.01747	0.00873	0.00843	0.00183	0.00822	0.00701	0.00731	0.60271
37	0.08676	0.03817	0.24114	0.03120	0.04275	0.02699	0.15023	0.08771	0.11124	0.04133	0.02465	0.02745	0.01808	0.01107	0.01084	0.00352	0.01431	0.00998	0.00677	0.01581
38	0.02196	0.02088	0.03471	0.45160	0.15046	0.02534	0.03023	0.02865	0.02185	0.02902	0.01911	0.02825	0.01497	0.01144	0.01314	0.00367	0.06714	0.00968	0.00493	0.01296
39	0.02699	0.02591	0.04426	0.06693	0.54879	0.02591	0.03346	0.03346	0.02483	0.03562	0.02051	0.02699	0.01727	0.00972	0.01079	0.00324	0.01295	0.00972	0.00540	0.01727
40	0.04892	0.01856	0.02530	0.01940	0.02783	0.01603	0.01603	0.05314	0.03121	0.55634	0.04302	0.03711	0.02699	0.01350	0.01096	0.00337	0.00928	0.01096	0.01350	0.01856
41	0.01558	0.01168	0.01752	0.01752	0.01947	0.01363	0.01363	0.01947	0.01752	0.02531	0.02921	0.04283	0.02726	0.08178	0.57360	0.01752	0.02921	0.01168	0.00584	0.00974
42	0.01328	0.00949	0.01265	0.01518	0.01581	0.00886	0.01012	0.01518	0.02088	0.02783	0.06010	0.60969	0.07212	0.03416	0.01392	0.00443	0.00633	0.03100	0.01012	0.00886
43	0.01675	0.01306	0.01787	0.09253	0.02744	0.01321	0.01683	0.02148	0.02460	0.03118	0.06635	0.10601	0.18107	0.02695	0.01395	0.00449	0.00946	0.29728	0.00938	0.01010
44	0.02574	0.02941	0.06434	0.04596	0.05699	0.02757	0.50919	0.03493	0.02574	0.03493	0.02206	0.02941	0.01654	0.00919	0.01287	0.00368	0.01838	0.01287	0.00551	0.01471
45	0.03755	0.04667	0.03137	0.02819	0.03275	0.47136	0.02159	0.04028	0.02822	0.02660	0.01638	0.02045	0.01410	0.01271	0.01472	0.00318	0.12841	0.00750	0.00546	0.01251
46	0.01307	0.01033	0.01178	0.01295	0.01523	0.00904	0.00913	0.01543	0.02302	0.02871	0.08730	0.33698	0.32726	0.03062	0.01336	0.00402	0.00589	0.02668	0.01012	0.00904

[dist]
# distance from previous block
# <min> <max>
0	84

[block]
# block no. 3 follows, 12 sequences, length 17
# corresponding to MSA columns:
# 1726-1742
name=unknown_D
#
# <colnr> <probs for GDERKNQSTAVLIFYWHMCP>
#	G	D	E	R	K	N	Q	S	T	A	V	L	I	F	Y	W	H	M	C	P
0	0.01546	0.01104	0.01515	0.01767	0.01925	0.01073	0.01390	0.01894	0.02302	0.03027	0.05890	0.36292	0.06737	0.03211	0.01450	0.00473	0.00821	0.25633	0.01008	0.00946
1	0.03923	0.01641	0.02220	0.01775	0.02449	0.01436	0.01436	0.04371	0.03111	0.40794	0.18777	0.04995	0.04896	0.01604	0.01151	0.00339	0.00808	0.01350	0.01306	0.01616
2	0.04283	0.02833	0.03135	0.02404	0.03271	0.03053	0.01986	0.42777	0.04757	0.15860	0.02928	0.02819	0.02010	0.01316	0.01092	0.00329	0.01150	0.01003	0.01138	0.01855
3	0.02252	0.02153	0.03536	0.38523	0.17179	0.02607	0.02995	0.02883	0.02165	0.02931	0.01881	0.02777	0.01510	0.01195	0.01487	0.00373	0.10769	0.00967	0.00495	0.01322
4	0.01723	0.01059	0.01589	0.01589	0.01687	0.01158	0.01158	0.01687	0.01589	0.02217	0.02414	0.03806	0.02316	0.06014	0.31184	0.34546	0.01948	0.01059	0.00530	0.00727
5	0.01289	0.01105	0.01105	0.01105	0.01473	0.00920	0.00828	0.01565	0.02485	0.02946	0.11046	0.10493	0.54437	0.02761	0.01289	0.00368	0.00552	0.02301	0.01013	0.00920
6	0.01795	0.01266	0.01515	0.01423	0.01729	0.01259	0.01076	0.02662	0.09806	0.04342	0.38076	0.06831	0.07947	0.01949	0.01165	0.00330	0.00561	0.01694	0.13452	0.01123
7	0.24728	0.02042	0.02311	0.01835	0.02629	0.02024	0.01515	0.08829	0.02912	0.35551	0.03290	0.03013	0.02154	0.01242	0.00966	0.00336	0.00926	0.00930	0.01118	0.01647
8	0.03036	0.03637	0.05402	0.04044	0.04980	0.19592	0.35854	0.03758	0.02733	0.03238	0.02045	0.02640	0.01577	0.00982	0.01193	0.00341	0.01878	0.01106	0.00555	0.01407
9	0.02574	0.02941	0.06434	0.04596	0.05699	0.02757	0.50919	0.03493	0.02574	0.03493	0.02206	0.02941	0.01654	0.00919	0.01287	0.00368	0.01838	0.01287	0.00551	0.01471
10	0.02067	0.01904	0.03168	0.38368	0.16325	0.02195	0.02750	0.02686	0.02227	0.02946	0.02657	0.12780	0.02494	0.01463	0.01139	0.00369	0.01280	0.01333	0.00586	0.01263
11	0.02312	0.01987	0.03441	0.36298	0.05915	0.02194	0.10768	0.02980	0.02380	0.07991	0.03466	0.04036	0.08910	0.01316	0.01152	0.00362	0.01345	0.01219	0.00652	0.01277
12	0.02598	0.01754	0.02479	0.02889	0.12128	0.01761	0.02019	0.03468	0.09556	0.12442	0.04652	0.07928	0.04420	0.02141	0.01303	0.00423	0.01025	0.24641	0.00992	0.01382
13	0.08859	0.02896	0.11642	0.03328	0.04284	0.02440	0.25646	0.03590	0.02465	0.11093	0.02459	0.02904	0.01795	0.01101	0.01289	0.00356	0.05526	0.01086	0.05773	0.01465
14	0.02683	0.11019	0.11126	0.03254	0.15383	0.02591	0.02378	0.13387	0.02905	0.03985	0.02808	0.13200	0.02662	0.01487	0.01060	0.00325	0.01144	0.01264	0.00733	0.06608
15	0.03123	0.12699	0.07147	0.03104	0.14975	0.02592	0.02191	0.10624	0.05830	0.12605	0.07383	0.03328	0.02766	0.01244	0.01015	0.00312	0.01072	0.01024	0.05373	0.01591
16	0.13112	0.02483	0.07823	0.03448	0.16851	0.02227	0.05989	0.03023	0.02272	0.03646	0.02413	0.03748	0.02186	0.01300	0.01223	0.00336	0.05601	0.07274	0.00635	0.14410

[dist]
# distance from previous block
# <min> <max>
3	113

[block]
# block no. 4 follows, 12 sequences, length 7
# corresponding to MSA columns:
# 1875-1881
name=unknown_E
#
# <colnr> <probs for GDERKNQSTAVLIFYWHMCP>
#	G	D	E	R	K	N	Q	S	T	A	V	L	I	F	Y	W	H	M	C	P
0	0.11170	0.08346	0.02757	0.01946	0.02594	0.02156	0.05265	0.07700	0.06702	0.16201	0.09529	0.04477	0.06801	0.07861	0.01527	0.00410	0.00973	0.01231	0.00955	0.01397
1	0.23944	0.01599	0.01622	0.01464	0.02005	0.01559	0.01133	0.02660	0.02230	0.09254	0.04820	0.16593	0.13759	0.01898	0.01021	0.00341	0.00741	0.01547	0.00885	0.10926
2	0.09319	0.01866	0.01767	0.01558	0.02054	0.08179	0.01216	0.03348	0.02665	0.16871	0.09701	0.04764	0.09908	0.01542	0.00989	0.00311	0.00831	0.01225	0.20623	0.01263
3	0.09561	0.02774	0.07449	0.08051	0.03811	0.08921	0.12463	0.03069	0.02418	0.03448	0.06594	0.03410	0.05753	0.01261	0.01236	0.00324	0.05564	0.01066	0.00644	0.12184
4	0.02529	0.01979	0.02650	0.20778	0.04270	0.01945	0.01954	0.03405	0.08524	0.08969	0.02496	0.02851	0.01887	0.01041	0.00969	0.00273	0.01041	0.00873	0.00724	0.30843
5	0.02186	0.01795	0.02117	0.10117	0.02999	0.02003	0.01601	0.03903	0.25974	0.04075	0.14867	0.05300	0.08890	0.01669	0.01125	0.00352	0.00816	0.01419	0.07422	0.01369
6	0.06048	0.05899	0.06260	0.01743	0.02210	0.01791	0.01471	0.02720	0.08124	0.03085	0.02757	0.03787	0.02463	0.09969	0.18550	0.08048	0.01553	0.01038	0.05547	0.06938

[dist]
# distance from previous block
# <min> <max>
1	4

[block]
# block no. 5 follows, 12 sequences, length 24
# corresponding to MSA columns:
# 1886-1909
name=unknown_F
#
# <colnr> <probs for GDERKNQSTAVLIFYWHMCP>
#	G	D	E	R	K	N	Q	S	T	A	V	L	I	F	Y	W	H	M	C	P
0	0.12383	0.03061	0.14053	0.02501	0.03398	0.06540	0.09803	0.06875	0.02750	0.11175	0.07776	0.03937	0.08319	0.01380	0.01082	0.00343	0.01228	0.01163	0.00809	0.01424
1	0.35580	0.02788	0.07161	0.13266	0.03635	0.09095	0.02032	0.03224	0.02089	0.03855	0.01652	0.02128	0.01304	0.01132	0.01116	0.00350	0.07037	0.00734	0.00585	0.01237
2	0.01807	0.01437	0.02038	0.08622	0.11007	0.01423	0.01569	0.02326	0.02687	0.03781	0.26376	0.06572	0.14515	0.01870	0.01168	0.00336	0.00754	0.01636	0.08932	0.01145
3	0.01638	0.11116	0.02055	0.01630	0.01858	0.01493	0.01236	0.01889	0.02156	0.02801	0.05241	0.45744	0.06147	0.02961	0.01290	0.00415	0.00762	0.07661	0.00921	0.00984
4	0.69383	0.02109	0.01603	0.01434	0.02109	0.02446	0.01181	0.03205	0.01856	0.04892	0.01518	0.01771	0.01181	0.01012	0.00675	0.00337	0.00843	0.00590	0.00675	0.01181
5	0.02033	0.01016	0.01016	0.01016	0.01270	0.01016	0.00762	0.02541	0.02287	0.04065	0.03557	0.04065	0.02795	0.01270	0.00762	0.00254	0.00508	0.01016	0.67734	0.01016
6	0.07331	0.02437	0.04106	0.13767	0.31519	0.02464	0.09594	0.03208	0.02381	0.03525	0.02005	0.02655	0.01623	0.00969	0.01054	0.00321	0.01315	0.00955	0.00553	0.08217
7	0.02385	0.02385	0.03340	0.02863	0.02863	0.03340	0.02385	0.02624	0.01670	0.02624	0.01431	0.02385	0.01431	0.01908	0.03578	0.00477	0.59685	0.00954	0.00477	0.01193
8	0.01558	0.01168	0.01752	0.01752	0.01947	0.01363	0.01363	0.01947	0.01752	0.02531	0.02921	0.04283	0.02726	0.08178	0.57360	0.01752	0.02921	0.01168	0.00584	0.00974
9	0.03095	0.02604	0.08428	0.11731	0.13570	0.02417	0.12347	0.03751	0.02518	0.17422	0.02594	0.02980	0.01872	0.01198	0.01422	0.00362	0.08334	0.01052	0.00739	0.01563
10	0.02059	0.01938	0.03270	0.59060	0.07510	0.02422	0.03028	0.02786	0.02180	0.02786	0.01938	0.02907	0.01453	0.01090	0.01090	0.00363	0.01453	0.00969	0.00484	0.01211
11	0.16622	0.02287	0.03471	0.21735	0.29091	0.02508	0.02790	0.03143	0.02257	0.03604	0.01903	0.02567	0.01527	0.01017	0.00997	0.00339	0.01248	0.00890	0.00551	0.01452
12	0.02309	0.01119	0.01225	0.01152	0.01472	0.01083	0.00880	0.02808	0.02452	0.09868	0.08189	0.04391	0.03456	0.01365	0.00847	0.00271	0.00556	0.01111	0.54336	0.01111
13	0.02378	0.02427	0.04725	0.15623	0.15366	0.02441	0.24735	0.03144	0.02467	0.03331	0.02633	0.04228	0.02291	0.01264	0.01237	0.00377	0.01533	0.07795	0.00601	0.01402
14	0.01339	0.01010	0.01239	0.01386	0.01555	0.00910	0.00962	0.01585	0.02300	0.02988	0.12261	0.41334	0.20958	0.03111	0.01352	0.00412	0.00598	0.02760	0.01031	0.00910
15	0.01543	0.01115	0.01457	0.01372	0.01629	0.01029	0.01029	0.02058	0.03086	0.04372	0.54304	0.08145	0.10288	0.02229	0.01286	0.00343	0.00514	0.01972	0.01200	0.01029
16	0.04578	0.01865	0.02498	0.01901	0.02760	0.01585	0.01565	0.05007	0.03018	0.49409	0.04019	0.03538	0.02569	0.01285	0.01062	0.00316	0.00913	0.01043	0.01265	0.09803
17	0.02845	0.01970	0.02340	0.01753	0.02654	0.01634	0.01406	0.03628	0.08488	0.14174	0.02713	0.02769	0.02038	0.00997	0.00902	0.00222	0.00838	0.00807	0.00843	0.46977
18	0.02033	0.01016	0.01016	0.01016	0.01270	0.01016	0.00762	0.02541	0.02287	0.04065	0.03557	0.04065	0.02795	0.01270	0.00762	0.00254	0.00508	0.01016	0.67734	0.01016
19	0.02033	0.01016	0.01016	0.01016	0.01270	0.01016	0.00762	0.02541	0.02287	0.04065	0.03557	0.04065	0.02795	0.01270	0.00762	0.00254	0.00508	0.01016	0.67734	0.01016
20	0.32815	0.16425	0.03028	0.01967	0.02683	0.17390	0.01640	0.06850	0.02488	0.03924	0.01638	0.01876	0.01335	0.01044	0.00790	0.00299	0.01236	0.00645	0.00627	0.01298
21	0.07915	0.02531	0.03544	0.03668	0.17251	0.07689	0.10175	0.03878	0.06308	0.14224	0.08872	0.03552	0.02977	0.01244	0.01105	0.00336	0.01221	0.01133	0.00836	0.01542
22	0.02984	0.01650	0.02084	0.01639	0.02348	0.01368	0.01310	0.03438	0.02791	0.22805	0.16066	0.04792	0.07836	0.01487	0.01063	0.00284	0.00763	0.01248	0.01063	0.22979
23	0.01797	0.01447	0.01913	0.01783	0.01831	0.01755	0.01303	0.01957	0.01649	0.02355	0.02763	0.05144	0.02971	0.32323	0.17646	0.01068	0.17510	0.01312	0.00592	0.00882

[dist]
# distance from previous block
# <min> <max>
0	13

[block]
# block no. 6 follows, 12 sequences, length 17
# corresponding to MSA columns:
# 1923-1939
name=unknown_G
#
# <colnr> <probs for GDERKNQSTAVLIFYWHMCP>
#	G	D	E	R	K	N	Q	S	T	A	V	L	I	F	Y	W	H	M	C	P
0	0.16427	0.01345	0.01499	0.01552	0.01883	0.01367	0.01237	0.02220	0.02425	0.03752	0.16300	0.16429	0.12185	0.02431	0.01230	0.00405	0.00746	0.14569	0.00978	0.01019
1	0.02791	0.33685	0.24263	0.02454	0.03593	0.10479	0.02709	0.03476	0.02361	0.02912	0.01703	0.01985	0.01393	0.00996	0.00862	0.00281	0.01436	0.00682	0.00476	0.01461
2	0.02384	0.02112	0.03271	0.50244	0.06866	0.02572	0.02879	0.10340	0.02640	0.03423	0.02044	0.02862	0.01516	0.01124	0.01090	0.00358	0.01414	0.00971	0.00579	0.01311
3	0.02026	0.01845	0.03184	0.03360	0.14216	0.01993	0.09598	0.02544	0.02035	0.02914	0.02510	0.03589	0.02246	0.05010	0.32369	0.01131	0.06509	0.01128	0.00562	0.01232
4	0.03694	0.02075	0.02599	0.02667	0.10694	0.06662	0.01791	0.04087	0.02792	0.31103	0.04088	0.15961	0.03420	0.01724	0.01148	0.00353	0.01015	0.01481	0.01078	0.01569
5	0.01795	0.01379	0.01674	0.01554	0.01889	0.01391	0.01179	0.02862	0.13813	0.04413	0.43568	0.07267	0.08790	0.02068	0.01248	0.00349	0.00589	0.01813	0.01181	0.01179
6	0.02587	0.02785	0.11420	0.03819	0.21596	0.02373	0.02565	0.10667	0.08725	0.04342	0.13862	0.03975	0.03754	0.01367	0.01123	0.00337	0.01109	0.01196	0.00821	0.01575
7	0.02766	0.08235	0.32182	0.02590	0.03772	0.02258	0.02985	0.03662	0.02508	0.14812	0.03034	0.04130	0.02435	0.01405	0.01098	0.00360	0.01334	0.08139	0.00741	0.01555
8	0.01719	0.01212	0.01632	0.01828	0.02024	0.01212	0.01516	0.02111	0.02307	0.03011	0.05260	0.11166	0.05768	0.15888	0.02394	0.00624	0.01016	0.37454	0.00929	0.00929
9	0.16554	0.01592	0.02106	0.08278	0.02761	0.01644	0.05801	0.02462	0.02590	0.04046	0.26565	0.05964	0.11998	0.01778	0.01130	0.00349	0.00820	0.01532	0.00920	0.01110
10	0.02038	0.01219	0.01511	0.13755	0.02640	0.01325	0.01260	0.02594	0.02263	0.03784	0.03202	0.03811	0.02500	0.01231	0.00834	0.00278	0.00716	0.01006	0.52974	0.01059
11	0.02163	0.01818	0.02022	0.02097	0.02462	0.05575	0.01733	0.03350	0.16552	0.03557	0.05127	0.11858	0.05163	0.02474	0.01353	0.00447	0.01013	0.29017	0.01003	0.01217
12	0.03323	0.02954	0.18382	0.06464	0.08299	0.01958	0.02543	0.04025	0.02664	0.26003	0.03434	0.07043	0.02608	0.01421	0.01117	0.00356	0.01184	0.03680	0.00918	0.01625
13	0.16814	0.01256	0.01145	0.01108	0.01454	0.01330	0.00854	0.02686	0.02192	0.04247	0.03109	0.03562	0.02441	0.01214	0.00743	0.00272	0.00582	0.00923	0.53016	0.01052
14	0.16612	0.02616	0.02664	0.02381	0.06475	0.10722	0.01780	0.10013	0.03069	0.28497	0.03017	0.02876	0.02045	0.01220	0.00998	0.00326	0.01132	0.00918	0.01013	0.01628
15	0.02187	0.01867	0.05393	0.02548	0.09113	0.01720	0.01844	0.03206	0.12905	0.07000	0.08269	0.19907	0.05074	0.02248	0.01270	0.00405	0.00916	0.11842	0.00973	0.01311
16	0.16845	0.02056	0.03201	0.32655	0.05493	0.02343	0.09889	0.02877	0.02198	0.03373	0.02715	0.03353	0.06240	0.01198	0.01048	0.00359	0.01298	0.01057	0.00585	0.01219

[dist]
# distance from previous block
# <min> <max>
7	23

[block]
# block no. 7 follows, 12 sequences, length 11
# corresponding to MSA columns:
# 1963-1973
name=unknown_H
#
# <colnr> <probs for GDERKNQSTAVLIFYWHMCP>
#	G	D	E	R	K	N	Q	S	T	A	V	L	I	F	Y	W	H	M	C	P
0	0.01830	0.01270	0.01606	0.01527	0.01677	0.01445	0.01142	0.02166	0.02014	0.03130	0.08534	0.04955	0.03632	0.15763	0.14992	0.00803	0.09833	0.01264	0.21457	0.00959
1	0.01894	0.01029	0.01070	0.01070	0.01245	0.01029	0.00731	0.02245	0.02069	0.03461	0.03519	0.05016	0.03157	0.19988	0.02246	0.00503	0.00678	0.01193	0.46951	0.00906
2	0.03958	0.10049	0.03354	0.07774	0.07228	0.11440	0.02062	0.13128	0.03248	0.22805	0.02842	0.02837	0.01987	0.01203	0.01027	0.00315	0.01251	0.00928	0.00927	0.01635
3	0.01392	0.01060	0.01280	0.01328	0.01562	0.00948	0.00957	0.01726	0.02577	0.03405	0.24942	0.25294	0.24029	0.02774	0.01320	0.00382	0.00564	0.02431	0.01079	0.00948
4	0.02243	0.01427	0.01465	0.01389	0.01755	0.01542	0.01061	0.03549	0.17972	0.04219	0.03830	0.04066	0.02960	0.01335	0.00870	0.00290	0.00618	0.01083	0.47090	0.01236
5	0.03765	0.03226	0.03000	0.02558	0.03020	0.22083	0.02043	0.04076	0.02627	0.19065	0.02411	0.02646	0.01815	0.01455	0.01882	0.00364	0.20856	0.00908	0.00778	0.01424
6	0.01653	0.01270	0.01563	0.01503	0.01838	0.01085	0.01050	0.01908	0.02072	0.02930	0.04393	0.35353	0.05030	0.10644	0.01784	0.00440	0.00745	0.02131	0.00850	0.21757
7	0.01742	0.01001	0.01307	0.01307	0.01307	0.01001	0.00806	0.01502	0.01502	0.02002	0.02653	0.05195	0.02913	0.32287	0.04896	0.35186	0.01001	0.01261	0.00566	0.00566
8	0.02852	0.43748	0.04707	0.01975	0.02810	0.03818	0.01822	0.04049	0.17923	0.03184	0.02421	0.02468	0.01997	0.01102	0.00827	0.00276	0.01072	0.00784	0.00666	0.01500
9	0.23616	0.38424	0.04199	0.01819	0.02637	0.08605	0.01676	0.03346	0.02184	0.03296	0.01532	0.01776	0.01332	0.00975	0.00718	0.00270	0.01140	0.00596	0.00540	0.01319
10	0.23591	0.06667	0.11391	0.02396	0.03294	0.02763	0.07592	0.16817	0.02977	0.04772	0.02306	0.06547	0.01911	0.01260	0.00973	0.00340	0.01183	0.00998	0.00757	0.01465

[dist]
# distance from previous block
# <min> <max>
1	3

[block]
# block no. 8 follows, 12 sequences, length 6
# corresponding to MSA columns:
# 1977-1982
name=unknown_I
#
# <colnr> <probs for GDERKNQSTAVLIFYWHMCP>
#	G	D	E	R	K	N	Q	S	T	A	V	L	I	F	Y	W	H	M	C	P
0	0.02306	0.02569	0.07446	0.35119	0.11401	0.07411	0.02855	0.02975	0.02343	0.03030	0.06065	0.03131	0.02176	0.01223	0.01264	0.00356	0.05477	0.01011	0.00552	0.01290
1	0.21526	0.22719	0.03536	0.01945	0.02680	0.03155	0.01718	0.08925	0.02528	0.12151	0.02075	0.02238	0.01602	0.01174	0.01126	0.00317	0.07657	0.00754	0.00736	0.01440
2	0.01340	0.01063	0.01205	0.01261	0.01527	0.00928	0.00911	0.01631	0.02472	0.03128	0.16560	0.23953	0.34457	0.02856	0.01316	0.00385	0.00568	0.02468	0.01042	0.00928
3	0.01565	0.01138	0.01598	0.01598	0.01739	0.01279	0.01170	0.01848	0.01707	0.02417	0.03062	0.05065	0.03065	0.22841	0.43160	0.01562	0.02410	0.01283	0.00605	0.00888
4	0.02531	0.18817	0.03990	0.02589	0.02845	0.03607	0.02243	0.02800	0.01819	0.02608	0.01454	0.02211	0.01423	0.01641	0.02789	0.00410	0.43647	0.00852	0.00474	0.01249
5	0.02033	0.01016	0.01016	0.01016	0.01270	0.01016	0.00762	0.02541	0.02287	0.04065	0.03557	0.04065	0.02795	0.01270	0.00762	0.00254	0.00508	0.01016	0.67734	0.01016

[dist]
# distance from previous block
# <min> <max>
0	4

[block]
# block no. 9 follows, 12 sequences, length 30
# corresponding to MSA columns:
# 1987-2016
name=unknown_J
#
# <colnr> <probs for GDERKNQSTAVLIFYWHMCP>
#	G	D	E	R	K	N	Q	S	T	A	V	L	I	F	Y	W	H	M	C	P
0	0.02494	0.02358	0.02368	0.01769	0.02685	0.08649	0.01397	0.02953	0.02368	0.03439	0.01905	0.02223	0.01588	0.00848	0.00830	0.00177	0.00957	0.00653	0.00635	0.59704
1	0.01586	0.01057	0.01189	0.01189	0.01189	0.01057	0.00661	0.01586	0.01586	0.02114	0.03436	0.07135	0.03964	0.61681	0.05550	0.01057	0.01057	0.01586	0.00661	0.00661
2	0.01971	0.01036	0.01111	0.01111	0.01358	0.01061	0.00840	0.02464	0.02218	0.03867	0.03475	0.04093	0.02786	0.02160	0.08054	0.00447	0.00819	0.01036	0.59083	0.01011
3	0.03749	0.04678	0.02918	0.02673	0.03187	0.50097	0.02011	0.04044	0.02918	0.02651	0.01845	0.02265	0.01575	0.02032	0.08246	0.00470	0.02089	0.00762	0.00565	0.01227
4	0.01595	0.01188	0.01468	0.01376	0.01666	0.01061	0.00989	0.01964	0.02566	0.03596	0.29955	0.14653	0.10832	0.11541	0.01906	0.00447	0.00656	0.01919	0.01006	0.09617
5	0.02033	0.01016	0.01016	0.01016	0.01270	0.01016	0.00762	0.02541	0.02287	0.04065	0.03557	0.04065	0.02795	0.01270	0.00762	0.00254	0.00508	0.01016	0.67734	0.01016
6	0.01965	0.01811	0.03012	0.51647	0.06746	0.02224	0.02768	0.02623	0.02168	0.02786	0.02463	0.10387	0.02195	0.01390	0.01129	0.00374	0.01348	0.01243	0.00552	0.01169
7	0.02127	0.02041	0.03622	0.37816	0.10760	0.02299	0.10270	0.02848	0.02394	0.03186	0.09188	0.03613	0.02724	0.01209	0.01147	0.00358	0.01370	0.01157	0.00598	0.01274
8	0.69383	0.02109	0.01603	0.01434	0.02109	0.02446	0.01181	0.03205	0.01856	0.04892	0.01518	0.01771	0.01181	0.01012	0.00675	0.00337	0.00843	0.00590	0.00675	0.01181
9	0.02282	0.02931	0.14945	0.31078	0.21361	0.02497	0.03340	0.03100	0.02299	0.03166	0.01976	0.02714	0.01521	0.01042	0.01075	0.00347	0.01439	0.00935	0.00496	0.01454
10	0.69383	0.02109	0.01603	0.01434	0.02109	0.02446	0.01181	0.03205	0.01856	0.04892	0.01518	0.01771	0.01181	0.01012	0.00675	0.00337	0.00843	0.00590	0.00675	0.01181
11	0.01328	0.00949	0.01265	0.01518	0.01581	0.00886	0.01012	0.01518	0.02088	0.02783	0.06010	0.60969	0.07212	0.03416	0.01392	0.00443	0.00633	0.03100	0.01012	0.00886
12	0.69383	0.02109	0.01603	0.01434	0.02109	0.02446	0.01181	0.03205	0.01856	0.04892	0.01518	0.01771	0.01181	0.01012	0.00675	0.00337	0.00843	0.00590	0.00675	0.01181
13	0.01813	0.01506	0.02363	0.02473	0.10069	0.01424	0.05952	0.02384	0.02948	0.04169	0.41613	0.06843	0.08200	0.01919	0.01255	0.00342	0.00754	0.01758	0.01041	0.01175
14	0.02915	0.62337	0.05714	0.01866	0.02799	0.04314	0.01866	0.03265	0.02215	0.02565	0.01516	0.01749	0.01399	0.00933	0.00700	0.00233	0.01166	0.00583	0.00466	0.01399
15	0.02440	0.01479	0.01699	0.01499	0.01751	0.01495	0.01011	0.09862	0.02350	0.10215	0.03427	0.05958	0.03460	0.43950	0.04240	0.00844	0.01062	0.01424	0.00823	0.01012
16	0.01647	0.01051	0.01165	0.01165	0.01200	0.01051	0.00675	0.01717	0.01682	0.02382	0.03452	0.06713	0.03803	0.53377	0.04892	0.00947	0.00982	0.01507	0.09880	0.00710
17	0.02385	0.02385	0.03340	0.02863	0.02863	0.03340	0.02385	0.02624	0.01670	0.02624	0.01431	0.02385	0.01431	0.01908	0.03578	0.00477	0.59685	0.00954	0.00477	0.01193
18	0.02033	0.01016	0.01016	0.01016	0.01270	0.01016	0.00762	0.02541	0.02287	0.04065	0.03557	0.04065	0.02795	0.01270	0.00762	0.00254	0.00508	0.01016	0.67734	0.01016
19	0.01757	0.01255	0.01757	0.02008	0.02259	0.01255	0.01757	0.02259	0.02510	0.03263	0.05773	0.12299	0.06275	0.03012	0.01506	0.00502	0.01004	0.47540	0.01004	0.01004
20	0.03453	0.15836	0.04326	0.03422	0.11897	0.20642	0.09610	0.07575	0.02894	0.07386	0.02066	0.02375	0.01630	0.01061	0.01003	0.00299	0.01531	0.00862	0.00640	0.01491
21	0.02033	0.01016	0.01016	0.01016	0.01270	0.01016	0.00762	0.02541	0.02287	0.04065	0.03557	0.04065	0.02795	0.01270	0.00762	0.00254	0.00508	0.01016	0.67734	0.01016
22	0.04073	0.05197	0.03090	0.02809	0.03371	0.57303	0.02107	0.04354	0.03090	0.02669	0.01685	0.01966	0.01404	0.01124	0.00983	0.00281	0.01966	0.00702	0.00562	0.01264
23	0.04411	0.02214	0.02702	0.02117	0.02936	0.02188	0.01734	0.16547	0.10452	0.36758	0.03911	0.03494	0.02580	0.01357	0.01097	0.00339	0.00985	0.01087	0.01254	0.01837
24	0.02033	0.01016	0.01016	0.01016	0.01270	0.01016	0.00762	0.02541	0.02287	0.04065	0.03557	0.04065	0.02795	0.01270	0.00762	0.00254	0.00508	0.01016	0.67734	0.01016
25	0.01675	0.01201	0.01643	0.01765	0.02018	0.01169	0.01479	0.02182	0.02730	0.03687	0.24321	0.10711	0.07809	0.02713	0.01422	0.00441	0.00817	0.30124	0.01079	0.01013
26	0.03903	0.02962	0.03282	0.02557	0.03310	0.03376	0.02115	0.44561	0.04651	0.06288	0.02455	0.02586	0.01796	0.01391	0.01433	0.00348	0.09239	0.00978	0.01006	0.01763
27	0.01328	0.00949	0.01265	0.01518	0.01581	0.00886	0.01012	0.01518	0.02088	0.02783	0.06010	0.60969	0.07212	0.03416	0.01392	0.00443	0.00633	0.03100	0.01012	0.00886
28	0.03074	0.03112	0.11621	0.02726	0.03635	0.02803	0.09000	0.22873	0.14395	0.05143	0.07585	0.03431	0.02842	0.01333	0.01131	0.00346	0.01218	0.01141	0.00931	0.01660
29	0.01698	0.01868	0.09201	0.02043	0.02356	0.01543	0.01799	0.02118	0.02162	0.02970	0.04758	0.32925	0.05379	0.02781	0.01675	0.00449	0.09069	0.13291	0.00860	0.01057

[dist]
# distance from previous block
# <min> <max>
0	1

[block]
# block no. 10 follows, 12 sequences, length 7
# corresponding to MSA columns:
# 2018-2024
name=unknown_K
#
# <colnr> <probs for GDERKNQSTAVLIFYWHMCP>
#	G	D	E	R	K	N	Q	S	T	A	V	L	I	F	Y	W	H	M	C	P
0	0.30775	0.02812	0.02637	0.02636	0.09964	0.11329	0.01838	0.12270	0.02868	0.10324	0.02125	0.02298	0.01582	0.01115	0.00902	0.00325	0.01160	0.00788	0.00787	0.01466
1	0.03143	0.02362	0.03133	0.03367	0.18020	0.02291	0.02122	0.12326	0.08567	0.11517	0.02699	0.02855	0.02031	0.01095	0.01011	0.00286	0.01043	0.00929	0.00844	0.20358
2	0.02385	0.02385	0.03340	0.02863	0.02863	0.03340	0.02385	0.02624	0.01670	0.02624	0.01431	0.02385	0.01431	0.01908	0.03578	0.00477	0.59685	0.00954	0.00477	0.01193
3	0.02207	0.02817	0.15083	0.13014	0.23400	0.02179	0.02897	0.02974	0.02537	0.03606	0.14440	0.03939	0.03642	0.01304	0.01121	0.00340	0.01206	0.01172	0.00670	0.01452
4	0.02033	0.01016	0.01016	0.01016	0.01270	0.01016	0.00762	0.02541	0.02287	0.04065	0.03557	0.04065	0.02795	0.01270	0.00762	0.00254	0.00508	0.01016	0.67734	0.01016
5	0.02260	0.01896	0.02624	0.26415	0.04581	0.02113	0.02110	0.09168	0.07168	0.03807	0.11013	0.09124	0.03635	0.01523	0.01123	0.00343	0.01078	0.01320	0.00798	0.07899
6	0.16627	0.03856	0.27641	0.02466	0.03641	0.02460	0.02725	0.10406	0.02757	0.13950	0.02397	0.02501	0.01652	0.01128	0.00981	0.00340	0.01270	0.00841	0.00758	0.01603

[dist]
# distance from previous block
# <min> <max>
1	22

[block]
# block no. 11 follows, 12 sequences, length 65
# corresponding to MSA columns:
# 2047-2111
name=unknown_L
#
# <colnr> <probs for GDERKNQSTAVLIFYWHMCP>
#	G	D	E	R	K	N	Q	S	T	A	V	L	I	F	Y	W	H	M	C	P
0	0.29342	0.02579	0.02561	0.02042	0.02836	0.02857	0.01686	0.28497	0.03681	0.10614	0.02350	0.02393	0.01673	0.01198	0.00931	0.00332	0.01037	0.00842	0.00954	0.01595
1	0.03263	0.15468	0.20646	0.02701	0.03703	0.24046	0.02678	0.09078	0.02904	0.03370	0.01846	0.02107	0.01446	0.01081	0.00961	0.00298	0.01622	0.00745	0.00571	0.01466
2	0.02033	0.01016	0.01016	0.01016	0.01270	0.01016	0.00762	0.02541	0.02287	0.04065	0.03557	0.04065	0.02795	0.01270	0.00762	0.00254	0.00508	0.01016	0.67734	0.01016
3	0.02261	0.01938	0.02261	0.01615	0.02584	0.01453	0.01292	0.02745	0.02261	0.03553	0.01938	0.02261	0.01615	0.00807	0.00807	0.00161	0.00807	0.00646	0.00646	0.68346
4	0.01543	0.01115	0.01457	0.01372	0.01629	0.01029	0.01029	0.02058	0.03086	0.04372	0.54304	0.08145	0.10288	0.02229	0.01286	0.00343	0.00514	0.01972	0.01200	0.01029
5	0.02033	0.01016	0.01016	0.01016	0.01270	0.01016	0.00762	0.02541	0.02287	0.04065	0.03557	0.04065	0.02795	0.01270	0.00762	0.00254	0.00508	0.01016	0.67734	0.01016
6	0.03015	0.02833	0.03655	0.04298	0.24391	0.07732	0.02627	0.12134	0.08444	0.03990	0.02255	0.02706	0.01837	0.01299	0.01602	0.00358	0.13564	0.00975	0.00691	0.01597
7	0.02500	0.30017	0.34397	0.02574	0.03893	0.03298	0.03099	0.03372	0.02265	0.03071	0.01767	0.02064	0.01389	0.00992	0.00891	0.00297	0.01420	0.00710	0.00463	0.01520
8	0.02480	0.01473	0.01938	0.11504	0.02793	0.01451	0.01352	0.02796	0.02152	0.13823	0.03200	0.04850	0.02890	0.26050	0.02864	0.00611	0.01021	0.01218	0.06969	0.08565
9	0.01364	0.00975	0.01307	0.01559	0.01638	0.00917	0.01075	0.01581	0.02123	0.02824	0.05990	0.56875	0.07133	0.03382	0.01401	0.00448	0.00664	0.06838	0.01011	0.00896
10	0.02102	0.01182	0.01399	0.01307	0.01438	0.01142	0.00808	0.02168	0.01826	0.10479	0.03571	0.06600	0.03766	0.52252	0.04854	0.00945	0.01037	0.01509	0.00768	0.00847
11	0.02517	0.31052	0.23682	0.02347	0.03441	0.03272	0.02611	0.03452	0.06723	0.03068	0.02054	0.02367	0.01673	0.01612	0.05497	0.00411	0.01447	0.00771	0.00531	0.01472
12	0.04145	0.03054	0.03272	0.02509	0.03381	0.03381	0.02072	0.51243	0.05127	0.06872	0.02618	0.02618	0.01854	0.01309	0.01091	0.00327	0.01200	0.00982	0.01091	0.01854
13	0.02971	0.13545	0.16407	0.03170	0.12452	0.02981	0.02634	0.18632	0.03299	0.04504	0.06946	0.02918	0.02420	0.01205	0.01027	0.00316	0.01246	0.00961	0.00746	0.01620
14	0.02580	0.02546	0.03975	0.03155	0.03763	0.02894	0.17712	0.04207	0.23034	0.03700	0.02917	0.03256	0.02283	0.01414	0.01826	0.00398	0.16902	0.01176	0.00761	0.01501
15	0.02261	0.01938	0.02261	0.01615	0.02584	0.01453	0.01292	0.02745	0.02261	0.03553	0.01938	0.02261	0.01615	0.00807	0.00807	0.00161	0.00807	0.00646	0.00646	0.68346
