[name]
unknown

[dist]
# distance from previous block
# <min> <max>
0	76

[block]
# block no. 0 follows, 14 sequences, length 13
# corresponding to MSA columns:
# 76-88
name=unknown_A
#
# <colnr> <probs for GDERKNQSTAVLIFYWHMCP>
#	G	D	E	R	K	N	Q	S	T	A	V	L	I	F	Y	W	H	M	C	P
0	0.07296	0.02364	0.09726	0.07724	0.03269	0.02031	0.02006	0.11744	0.06455	0.23720	0.03338	0.04060	0.02539	0.01397	0.01051	0.00342	0.01045	0.07433	0.00951	0.01508
1	0.03331	0.16682	0.03537	0.05140	0.03090	0.02257	0.09485	0.03751	0.02443	0.27238	0.02919	0.03285	0.02181	0.08461	0.01463	0.00379	0.01096	0.00993	0.00842	0.01427
2	0.02319	0.02290	0.03720	0.22726	0.27016	0.04856	0.08743	0.03060	0.05030	0.03084	0.02234	0.06231	0.01905	0.01110	0.01057	0.00328	0.01296	0.01068	0.00548	0.01379
3	0.01534	0.01279	0.02132	0.01999	0.02271	0.01207	0.10370	0.01901	0.02178	0.02920	0.08917	0.40496	0.05953	0.02658	0.01301	0.00406	0.00840	0.09792	0.00889	0.00958
4	0.02916	0.12763	0.19298	0.07497	0.14370	0.08102	0.02666	0.03579	0.02401	0.13687	0.02198	0.02429	0.01614	0.01017	0.00945	0.00299	0.01291	0.00812	0.00622	0.01492
5	0.15426	0.22136	0.24684	0.02714	0.10343	0.02880	0.02587	0.03139	0.02085	0.03268	0.01650	0.01964	0.01312	0.00934	0.00821	0.00289	0.01215	0.00677	0.00483	0.01394
6	0.01452	0.00992	0.01192	0.01229	0.01259	0.01004	0.00750	0.01523	0.01583	0.02132	0.03545	0.15001	0.04059	0.48097	0.11044	0.00984	0.01140	0.01663	0.00664	0.00689
7	0.02114	0.04922	0.50624	0.03138	0.04582	0.02415	0.11398	0.03256	0.02205	0.03256	0.01877	0.02258	0.01339	0.00958	0.01011	0.00328	0.01549	0.00827	0.00446	0.01496
8	0.02436	0.10221	0.03873	0.30494	0.17911	0.02521	0.07671	0.03052	0.02228	0.07086	0.01992	0.02609	0.01530	0.00983	0.00994	0.00316	0.01295	0.00904	0.00535	0.01348
9	0.02021	0.01945	0.03472	0.38514	0.12052	0.02217	0.10431	0.02682	0.02089	0.02778	0.01995	0.02886	0.01583	0.01857	0.08712	0.00508	0.01585	0.00982	0.00484	0.01205
10	0.04086	0.01693	0.02255	0.01779	0.02492	0.01513	0.01451	0.04662	0.06486	0.48075	0.10449	0.04019	0.03443	0.01378	0.01054	0.00320	0.00822	0.01140	0.01238	0.01644
11	0.03021	0.40581	0.11596	0.02065	0.02959	0.13033	0.02035	0.03459	0.02319	0.08013	0.01765	0.01930	0.01435	0.00959	0.00781	0.00250	0.01258	0.00642	0.00535	0.01363
12	0.02593	0.02216	0.02254	0.01696	0.02547	0.08990	0.01344	0.03018	0.02309	0.08618	0.02011	0.02226	0.01594	0.00849	0.00808	0.00183	0.00913	0.00656	0.00663	0.54513

[dist]
# distance from previous block
# <min> <max>
0	3

[block]
# block no. 1 follows, 14 sequences, length 18
# corresponding to MSA columns:
# 92-109
name=unknown_B
#
# <colnr> <probs for GDERKNQSTAVLIFYWHMCP>
#	G	D	E	R	K	N	Q	S	T	A	V	L	I	F	Y	W	H	M	C	P
0	0.28898	0.03337	0.02310	0.02040	0.02649	0.29659	0.01588	0.03834	0.02482	0.11748	0.01902	0.02032	0.01429	0.01051	0.00834	0.00292	0.01311	0.00678	0.00681	0.01245
1	0.08463	0.43780	0.04455	0.01912	0.02724	0.09814	0.01759	0.10928	0.02563	0.03214	0.01602	0.01794	0.01366	0.00957	0.00741	0.00246	0.01160	0.00618	0.00553	0.01352
2	0.12680	0.02117	0.03413	0.30341	0.22353	0.02358	0.06522	0.02901	0.02125	0.03207	0.01817	0.02513	0.01426	0.00967	0.00977	0.00327	0.01260	0.00881	0.00505	0.01310
3	0.06425	0.13772	0.32767	0.02764	0.03926	0.11758	0.08449	0.03348	0.02275	0.03087	0.01740	0.02074	0.01323	0.00960	0.00925	0.00301	0.01488	0.00748	0.00470	0.01397
4	0.02954	0.02189	0.04201	0.03087	0.03928	0.02010	0.29504	0.03616	0.02656	0.20521	0.11027	0.03737	0.03097	0.01178	0.01155	0.00334	0.01274	0.01253	0.00846	0.01434
5	0.02641	0.02269	0.04206	0.03172	0.03977	0.02190	0.29502	0.03698	0.10976	0.11834	0.07018	0.04117	0.02904	0.01260	0.01174	0.00351	0.01300	0.05206	0.00796	0.01411
6	0.03201	0.09921	0.21311	0.02593	0.03666	0.02364	0.10241	0.07931	0.02673	0.22098	0.02632	0.02676	0.01798	0.01069	0.01000	0.00313	0.01254	0.00911	0.00779	0.01571
7	0.01250	0.00893	0.01191	0.01429	0.01488	0.00834	0.00953	0.01429	0.01965	0.02620	0.05656	0.63265	0.06787	0.03215	0.01310	0.00417	0.00595	0.02917	0.00953	0.00834
8	0.01250	0.00893	0.01191	0.01429	0.01488	0.00834	0.00953	0.01429	0.01965	0.02620	0.05656	0.63265	0.06787	0.03215	0.01310	0.00417	0.00595	0.02917	0.00953	0.00834
9	0.02715	0.11832	0.31066	0.02489	0.03634	0.02682	0.02772	0.12051	0.09391	0.08165	0.02360	0.02463	0.01705	0.01081	0.00956	0.00311	0.01259	0.00831	0.00675	0.01561
10	0.02058	0.05308	0.58618	0.02925	0.04442	0.02383	0.03792	0.03250	0.02167	0.03250	0.01842	0.02167	0.01300	0.00975	0.00975	0.00325	0.01517	0.00758	0.00433	0.01517
11	0.01654	0.01181	0.01654	0.01890	0.02126	0.01181	0.01654	0.02126	0.02362	0.03071	0.05433	0.11576	0.05906	0.02835	0.01417	0.00472	0.00945	0.50626	0.00945	0.00945
12	0.02031	0.01919	0.03246	0.52964	0.14847	0.02304	0.02896	0.02703	0.02096	0.02735	0.01840	0.02706	0.01408	0.01009	0.01024	0.00336	0.01345	0.00912	0.00464	0.01215
13	0.08029	0.07641	0.03454	0.08875	0.03704	0.11247	0.10106	0.15042	0.03030	0.15435	0.02383	0.02547	0.01702	0.01086	0.00986	0.00307	0.01281	0.00897	0.00787	0.01462
14	0.02299	0.02332	0.03581	0.02928	0.03150	0.03005	0.11044	0.02835	0.05795	0.02747	0.01685	0.02454	0.01518	0.01606	0.02823	0.00424	0.47092	0.00972	0.00506	0.01205
15	0.01815	0.01476	0.01668	0.01649	0.01978	0.01573	0.01218	0.03178	0.24655	0.03500	0.11091	0.26569	0.10975	0.02263	0.01177	0.00370	0.00666	0.01984	0.01010	0.01184
16	0.02370	0.03166	0.18684	0.09108	0.39910	0.02413	0.03301	0.03141	0.02272	0.03276	0.01899	0.02453	0.01521	0.00938	0.01006	0.00313	0.01309	0.00872	0.00484	0.01564
17	0.02841	0.02369	0.04099	0.05406	0.43557	0.02314	0.08376	0.03445	0.02437	0.11679	0.02268	0.02709	0.01757	0.00963	0.01039	0.00311	0.01222	0.00964	0.00625	0.01618

[dist]
# distance from previous block
# <min> <max>
0	3

[block]
# block no. 2 follows, 14 sequences, length 68
# corresponding to MSA columns:
# 113-180
name=unknown_C
#
# <colnr> <probs for GDERKNQSTAVLIFYWHMCP>
#	G	D	E	R	K	N	Q	S	T	A	V	L	I	F	Y	W	H	M	C	P
0	0.01250	0.00893	0.01191	0.01429	0.01488	0.00834	0.00953	0.01429	0.01965	0.02620	0.05656	0.63265	0.06787	0.03215	0.01310	0.00417	0.00595	0.02917	0.00953	0.00834
1	0.02434	0.03929	0.31607	0.03418	0.04670	0.02396	0.24616	0.03419	0.02341	0.08072	0.02133	0.02535	0.01516	0.00955	0.01079	0.00333	0.01550	0.00973	0.00542	0.01481
2	0.02449	0.28391	0.18093	0.08534	0.17480	0.03071	0.02715	0.03096	0.02167	0.02880	0.01694	0.02101	0.01396	0.00925	0.00861	0.00278	0.01257	0.00726	0.00457	0.01429
3	0.02106	0.01741	0.02641	0.02525	0.06420	0.01740	0.09901	0.10319	0.02715	0.03583	0.04698	0.12515	0.09241	0.02156	0.01268	0.00399	0.01045	0.22958	0.00862	0.01167
4	0.02244	0.02025	0.03039	0.41014	0.10784	0.02407	0.02586	0.06686	0.12384	0.03267	0.02321	0.02905	0.01751	0.01098	0.01029	0.00337	0.01233	0.00960	0.00610	0.01319
5	0.02364	0.02522	0.08189	0.18728	0.41754	0.02398	0.03131	0.03036	0.02258	0.03176	0.01899	0.02556	0.01541	0.00945	0.01015	0.00315	0.01277	0.00902	0.00490	0.01505
6	0.02879	0.19067	0.03330	0.02217	0.02669	0.25683	0.01802	0.03141	0.02238	0.02427	0.01736	0.02444	0.01625	0.06669	0.06880	0.00466	0.12306	0.00778	0.00501	0.01141
7	0.02524	0.04531	0.44492	0.02841	0.04190	0.02332	0.06683	0.06555	0.02444	0.10586	0.02181	0.02396	0.01505	0.01022	0.01001	0.00324	0.01424	0.00834	0.00583	0.01552
8	0.02744	0.64552	0.05378	0.01756	0.02634	0.04061	0.01756	0.03073	0.02085	0.02414	0.01427	0.01646	0.01317	0.00878	0.00658	0.00219	0.01097	0.00549	0.00439	0.01317
9	0.02128	0.01824	0.02128	0.01520	0.02432	0.01368	0.01216	0.02584	0.02128	0.03344	0.01824	0.02128	0.01520	0.00760	0.00760	0.00152	0.00760	0.00608	0.00608	0.70208
10	0.01938	0.01824	0.03078	0.61468	0.07068	0.02280	0.02850	0.02622	0.02052	0.02622	0.01824	0.02736	0.01368	0.01026	0.01026	0.00342	0.01368	0.00912	0.00456	0.01140
11	0.01286	0.00918	0.01231	0.01469	0.01544	0.00864	0.01014	0.01490	0.02000	0.02659	0.05637	0.58747	0.06710	0.03182	0.01319	0.00422	0.00626	0.07087	0.00952	0.00843
12	0.03901	0.02874	0.03080	0.02361	0.03182	0.03182	0.01951	0.54111	0.04825	0.06468	0.02464	0.02464	0.01745	0.01232	0.01027	0.00308	0.01129	0.00924	0.01027	0.01745
13	0.01492	0.00995	0.01119	0.01119	0.01119	0.00995	0.00622	0.01492	0.01492	0.01990	0.03233	0.06716	0.03731	0.63935	0.05223	0.00995	0.00995	0.01492	0.00622	0.00622
14	0.03669	0.02938	0.02937	0.02340	0.03095	0.08027	0.01899	0.41578	0.13188	0.05757	0.02674	0.02639	0.01941	0.01244	0.01021	0.00311	0.01139	0.00941	0.00986	0.01676
15	0.02553	0.02204	0.02320	0.02088	0.02669	0.02553	0.01624	0.05453	0.55679	0.04293	0.04177	0.03829	0.03133	0.01392	0.01044	0.00348	0.00812	0.01160	0.01044	0.01624
16	0.02128	0.01824	0.02128	0.01520	0.02432	0.01368	0.01216	0.02584	0.02128	0.03344	0.01824	0.02128	0.01520	0.00760	0.00760	0.00152	0.00760	0.00608	0.00608	0.70208
17	0.02058	0.05308	0.58618	0.02925	0.04442	0.02383	0.03792	0.03250	0.02167	0.03250	0.01842	0.02167	0.01300	0.00975	0.00975	0.00325	0.01517	0.00758	0.00433	0.01517
18	0.01490	0.01004	0.01167	0.01167	0.01183	0.01021	0.00681	0.01523	0.01506	0.02025	0.03190	0.06476	0.03627	0.58916	0.10100	0.01053	0.01151	0.01457	0.00615	0.00648
19	0.02501	0.02399	0.04096	0.09818	0.54314	0.02428	0.03130	0.03116	0.02319	0.03306	0.01924	0.02552	0.01609	0.00921	0.01017	0.00307	0.01229	0.00914	0.00505	0.01595
20	0.02058	0.05308	0.58618	0.02925	0.04442	0.02383	0.03792	0.03250	0.02167	0.03250	0.01842	0.02167	0.01300	0.00975	0.00975	0.00325	0.01517	0.00758	0.00433	0.01517
21	0.04055	0.01614	0.02159	0.01701	0.02355	0.01418	0.01352	0.04381	0.02682	0.48307	0.03905	0.04062	0.02751	0.12340	0.01772	0.00437	0.00895	0.01113	0.01156	0.01548
22	0.02683	0.02787	0.05530	0.03978	0.04978	0.02699	0.44646	0.12265	0.02847	0.03849	0.02145	0.02714	0.01590	0.00930	0.01178	0.00339	0.01624	0.01160	0.00609	0.01448
23	0.01938	0.01824	0.03078	0.61468	0.07068	0.02280	0.02850	0.02622	0.02052	0.02622	0.01824	0.02736	0.01368	0.01026	0.01026	0.00342	0.01368	0.00912	0.00456	0.01140
24	0.02865	0.01771	0.02704	0.02955	0.17015	0.01633	0.05072	0.03332	0.02625	0.22627	0.11199	0.04953	0.13718	0.01511	0.01097	0.00322	0.00903	0.01335	0.00941	0.01423
25	0.01492	0.00995	0.01119	0.01119	0.01119	0.00995	0.00622	0.01492	0.01492	0.01990	0.03233	0.06716	0.03731	0.63935	0.05223	0.00995	0.00995	0.01492	0.00622	0.00622
26	0.02531	0.02299	0.02947	0.02463	0.03120	0.02560	0.10372	0.05090	0.46751	0.04124	0.03825	0.03651	0.02868	0.01304	0.01072	0.00348	0.00966	0.01169	0.00956	0.01584
27	0.02687	0.39759	0.22359	0.02141	0.03218	0.03290	0.02393	0.03302	0.02188	0.07662	0.01795	0.01979	0.01420	0.00944	0.00794	0.00262	0.01213	0.00660	0.00511	0.01420
28	0.24602	0.03219	0.02407	0.07357	0.03065	0.27636	0.01715	0.03776	0.02477	0.12034	0.01951	0.02134	0.01455	0.01056	0.00862	0.00296	0.01326	0.00710	0.00673	0.01250
29	0.01490	0.01003	0.01161	0.01161	0.01175	0.01017	0.00674	0.01519	0.01505	0.02021	0.03195	0.06505	0.03639	0.59520	0.09513	0.01046	0.01133	0.01462	0.00616	0.00645
30	0.02655	0.02657	0.04053	0.05973	0.52687	0.07553	0.03045	0.03234	0.02388	0.03278	0.01900	0.02478	0.01598	0.00927	0.01008	0.00301	0.01275	0.00892	0.00510	0.01587
31	0.02274	0.02142	0.03610	0.21378	0.38339	0.02263	0.02871	0.02893	0.02307	0.03215	0.06809	0.03052	0.02271	0.01051	0.01036	0.00317	0.01196	0.00998	0.00549	0.01430
32	0.03833	0.04891	0.02908	0.02644	0.03173	0.59815	0.01983	0.04098	0.02908	0.02512	0.01586	0.01851	0.01322	0.01058	0.00925	0.00264	0.01851	0.00661	0.00529	0.01190
33	0.01492	0.00995	0.01119	0.01119	0.01119	0.00995	0.00622	0.01492	0.01492	0.01990	0.03233	0.06716	0.03731	0.63935	0.05223	0.00995	0.00995	0.01492	0.00622	0.00622
34	0.60446	0.07762	0.01950	0.01475	0.02124	0.06418	0.01229	0.03096	0.01857	0.04265	0.01440	0.01678	0.01144	0.00953	0.00657	0.00305	0.00894	0.00562	0.00610	0.01135
35	0.02171	0.02062	0.03499	0.40089	0.26624	0.02341	0.02966	0.02826	0.02162	0.02905	0.01865	0.02660	0.01468	0.00983	0.01022	0.00328	0.01310	0.00913	0.00476	0.01328
36	0.02128	0.01824	0.02128	0.01520	0.02432	0.01368	0.01216	0.02584	0.02128	0.03344	0.01824	0.02128	0.01520	0.00760	0.00760	0.00152	0.00760	0.00608	0.00608	0.70208
37	0.01389	0.01046	0.01283	0.01224	0.01494	0.00941	0.00918	0.01813	0.02754	0.03758	0.44607	0.08253	0.22290	0.02231	0.01211	0.00329	0.00494	0.01938	0.01083	0.00941
38	0.02058	0.05308	0.58618	0.02925	0.04442	0.02383	0.03792	0.03250	0.02167	0.03250	0.01842	0.02167	0.01300	0.00975	0.00975	0.00325	0.01517	0.00758	0.00433	0.01517
39	0.01712	0.00938	0.01407	0.01407	0.01448	0.00979	0.00979	0.01448	0.01407	0.01917	0.01999	0.03323	0.01958	0.04489	0.16501	0.54827	0.01307	0.00938	0.00469	0.00551
40	0.27527	0.01828	0.02081	0.01662	0.02401	0.01782	0.01372	0.04318	0.02527	0.39776	0.03147	0.02864	0.02048	0.01161	0.00895	0.00318	0.00846	0.00868	0.01051	0.01528
41	0.01444	0.01031	0.01413	0.01650	0.01794	0.01000	0.01288	0.01763	0.02155	0.02836	0.05549	0.38501	0.06365	0.03033	0.01361	0.00443	0.00763	0.25774	0.00949	0.00887
42	0.01452	0.01049	0.01372	0.01291	0.01533	0.00968	0.00968	0.01937	0.02905	0.04115	0.56992	0.07666	0.09683	0.02098	0.01210	0.00323	0.00484	0.01856	0.01130	0.00968
43	0.02408	0.02304	0.03927	0.18384	0.46479	0.02404	0.03084	0.03034	0.02274	0.03193	0.01907	0.02583	0.01569	0.00939	0.01018	0.00313	0.01252	0.00914	0.00497	0.01519
44	0.02332	0.18208	0.27243	0.08735	0.17791	0.02783	0.03065	0.03127	0.02181	0.03023	0.01765	0.02190	0.01393	0.00941	0.00915	0.00297	0.01329	0.00763	0.00456	0.01464
45	0.01515	0.01171	0.01743	0.01715	0.01887	0.01400	0.01343	0.01873	0.01644	0.02388	0.02661	0.03919	0.02489	0.07326	0.56322	0.01574	0.06471	0.01087	0.00543	0.00929
46	0.02711	0.01806	0.02188	0.01592	0.02476	0.01401	0.01285	0.03153	0.02318	0.16265	0.02348	0.02449	0.01760	0.00880	0.00824	0.00191	0.00787	0.00708	0.00764	0.54096
47	0.01783	0.00891	0.01337	0.01337	0.01337	0.00891	0.00891	0.01337	0.01337	0.01783	0.01783	0.03119	0.01783	0.03565	0.04011	0.70143	0.00891	0.00891	0.00446	0.00446
48	0.03901	0.02874	0.03080	0.02361	0.03182	0.03182	0.01951	0.54111	0.04825	0.06468	0.02464	0.02464	0.01745	0.01232	0.01027	0.00308	0.01129	0.00924	0.01027	0.01745
49	0.02661	0.02336	0.07182	0.02057	0.02714	0.02286	0.01744	0.08074	0.36064	0.09468	0.10325	0.04030	0.03626	0.01420	0.01056	0.00337	0.00861	0.01182	0.01022	0.01554
50	0.02128	0.01824	0.02128	0.01520	0.02432	0.01368	0.01216	0.02584	0.02128	0.03344	0.01824	0.02128	0.01520	0.00760	0.00760	0.00152	0.00760	0.00608	0.00608	0.70208
51	0.02389	0.02522	0.04868	0.03599	0.04477	0.02478	0.38047	0.03708	0.14981	0.03578	0.06193	0.03341	0.02464	0.01070	0.01172	0.00345	0.01432	0.01242	0.00683	0.01413
52	0.01250	0.00893	0.01191	0.01429	0.01488	0.00834	0.00953	0.01429	0.01965	0.02620	0.05656	0.63265	0.06787	0.03215	0.01310	0.00417	0.00595	0.02917	0.00953	0.00834
53	0.01958	0.01871	0.03340	0.41333	0.05885	0.02132	0.11584	0.02639	0.02218	0.02908	0.07075	0.03875	0.02500	0.01235	0.01106	0.00351	0.01320	0.04951	0.00566	0.01152
54	0.02498	0.02396	0.04091	0.10097	0.54059	0.02427	0.03129	0.03113	0.02317	0.03302	0.01923	0.02553	0.01608	0.00922	0.01017	0.00307	0.01229	0.00914	0.00504	0.01592
55	0.01250	0.00893	0.01191	0.01429	0.01488	0.00834	0.00953	0.01429	0.01965	0.02620	0.05656	0.63265	0.06787	0.03215	0.01310	0.00417	0.00595	0.02917	0.00953	0.00834
56	0.02486	0.42252	0.25418	0.02196	0.03314	0.03429	0.02522	0.03140	0.02116	0.02729	0.01583	0.01842	0.01311	0.00914	0.00778	0.00259	0.01255	0.00628	0.00437	0.01392
57	0.02238	0.01786	0.02736	0.02754	0.12323	0.01762	0.08319	0.06025	0.07888	0.07689	0.28167	0.05156	0.05609	0.01552	0.01137	0.00324	0.00873	0.01426	0.00935	0.01301
58	0.02128	0.01824	0.02128	0.01520	0.02432	0.01368	0.01216	0.02584	0.02128	0.03344	0.01824	0.02128	0.01520	0.00760	0.00760	0.00152	0.00760	0.00608	0.00608	0.70208
59	0.01412	0.01033	0.01325	0.01282	0.01516	0.00946	0.00950	0.01847	0.02765	0.03853	0.47942	0.13161	0.13640	0.02249	0.01220	0.00334	0.00498	0.01985	0.01097	0.00946
60	0.02744	0.64552	0.05378	0.01756	0.02634	0.04061	0.01756	0.03073	0.02085	0.02414	0.01427	0.01646	0.01317	0.00878	0.00658	0.00219	0.01097	0.00549	0.00439	0.01317
61	0.01872	0.01252	0.01602	0.01382	0.01795	0.01090	0.01064	0.02343	0.02771	0.09137	0.42202	0.06290	0.07560	0.01783	0.01114	0.00292	0.00570	0.01557	0.01051	0.13274
62	0.02796	0.31446	0.11475	0.02682	0.06854	0.14522	0.07140	0.03285	0.02274	0.02688	0.01601	0.01955	0.01361	0.00984	0.00996	0.00274	0.05160	0.00706	0.00469	0.01332
63	0.64520	0.01881	0.01478	0.01357	0.01937	0.02162	0.01096	0.02865	0.01767	0.04415	0.01832	0.07537	0.01652	0.01168	0.00699	0.00327	0.00775	0.00781	0.00665	0.01085
64	0.03184	0.03854	0.04164	0.03669	0.10397	0.32888	0.20339	0.03700	0.02669	0.02884	0.01799	0.02255	0.01441	0.00973	0.01037	0.00298	0.01733	0.00884	0.00523	0.01310
65	0.02064	0.01750	0.02056	0.01498	0.02346	0.01330	0.01192	0.02522	0.02202	0.03417	0.07081	0.02656	0.02298	0.00887	0.00803	0.00168	0.00734	0.00727	0.00658	0.63611
66	0.01797	0.00980	0.01503	0.07067	0.01883	0.01024	0.01078	0.01459	0.01405	0.01863	0.01786	0.03083	0.01743	0.03323	0.03726	0.63491	0.00937	0.00893	0.00447	0.00512
67	0.06367	0.01777	0.02133	0.01809	0.06082	0.01449	0.01311	0.02567	0.02218	0.03522	0.08871	0.02837	0.02547	0.00954	0.00828	0.00195	0.00758	0.00786	0.00670	0.52321

[dist]
# distance from previous block
# <min> <max>
0	29

# created by:
# /st0/software/busco_prod/Augustus/scripts/msa2prfl.pl ./align_prep/9277.fa
