[name]
unknown

[dist]
# distance from previous block
# <min> <max>
0	0

[block]
# block no. 0 follows, 15 sequences, length 9
# corresponding to MSA columns:
# 0-8
name=unknown_A
#
# <colnr> <probs for GDERKNQSTAVLIFYWHMCP>
#	G	D	E	R	K	N	Q	S	T	A	V	L	I	F	Y	W	H	M	C	P
0	0.01606	0.01147	0.01606	0.01836	0.02065	0.01147	0.01606	0.02065	0.02295	0.02983	0.05278	0.11245	0.05737	0.02754	0.01377	0.00459	0.00918	0.52037	0.00918	0.00918
1	0.01450	0.00966	0.01087	0.01087	0.01087	0.00966	0.00604	0.01450	0.01450	0.01933	0.03141	0.06524	0.03624	0.64965	0.05074	0.00966	0.00966	0.01450	0.00604	0.00604
2	0.01690	0.01626	0.02786	0.02451	0.07489	0.01493	0.17055	0.02196	0.02423	0.03191	0.18110	0.06442	0.25348	0.01773	0.01161	0.00328	0.00903	0.01655	0.00803	0.01077
3	0.01214	0.00945	0.01104	0.01204	0.01404	0.00835	0.00850	0.01448	0.02150	0.02732	0.11942	0.34618	0.30479	0.02760	0.01221	0.00366	0.00536	0.02415	0.00940	0.00835
4	0.02979	0.02117	0.02436	0.02184	0.06144	0.02280	0.01633	0.23376	0.16888	0.10386	0.11054	0.03643	0.03270	0.01339	0.01008	0.00307	0.00870	0.01097	0.05487	0.01500
5	0.02580	0.02198	0.06283	0.12274	0.16767	0.02128	0.08002	0.03683	0.14129	0.11497	0.02759	0.03013	0.02046	0.01077	0.00990	0.00312	0.01080	0.00983	0.06762	0.01437
6	0.01203	0.00915	0.01108	0.01263	0.01413	0.00820	0.00870	0.01402	0.02029	0.02594	0.07017	0.46219	0.23706	0.02925	0.01241	0.00382	0.00554	0.02593	0.00926	0.00820
7	0.02305	0.04536	0.46008	0.03090	0.09585	0.02433	0.03362	0.10704	0.02495	0.03619	0.01885	0.02183	0.01357	0.00977	0.00958	0.00311	0.01390	0.00775	0.00512	0.01516
8	0.02849	0.59054	0.04927	0.01713	0.02557	0.03692	0.01681	0.03176	0.02110	0.08165	0.01646	0.01782	0.01400	0.00892	0.00677	0.00223	0.01044	0.00581	0.00509	0.01322

[dist]
# distance from previous block
# <min> <max>
0	1

[block]
# block no. 1 follows, 15 sequences, length 33
# corresponding to MSA columns:
# 10-42
name=unknown_B
#
# <colnr> <probs for GDERKNQSTAVLIFYWHMCP>
#	G	D	E	R	K	N	Q	S	T	A	V	L	I	F	Y	W	H	M	C	P
0	0.03126	0.15847	0.04070	0.03313	0.15562	0.11965	0.12233	0.03610	0.02451	0.15154	0.02194	0.02423	0.01650	0.00969	0.00940	0.00283	0.01280	0.00855	0.00646	0.01429
1	0.01330	0.01016	0.01220	0.01169	0.01440	0.00906	0.00877	0.01725	0.02631	0.03544	0.41481	0.08194	0.26429	0.02207	0.01177	0.00322	0.00482	0.01908	0.01038	0.00906
2	0.02053	0.01923	0.03130	0.45869	0.16669	0.02270	0.02716	0.02902	0.07133	0.02837	0.02004	0.02719	0.01537	0.01008	0.00996	0.00326	0.01251	0.00909	0.00506	0.01244
3	0.01260	0.00990	0.01139	0.01151	0.01409	0.00869	0.00844	0.01572	0.02395	0.03098	0.25176	0.17633	0.33992	0.02460	0.01192	0.00340	0.00505	0.02122	0.00982	0.00869
4	0.02986	0.07662	0.06470	0.02476	0.07975	0.01920	0.08024	0.07006	0.02548	0.23304	0.03383	0.15852	0.02916	0.01503	0.01043	0.00322	0.00995	0.01336	0.00876	0.01405
5	0.02067	0.01772	0.02067	0.01477	0.02362	0.01329	0.01181	0.02510	0.02067	0.03248	0.01772	0.02067	0.01477	0.00738	0.00738	0.00148	0.00738	0.00591	0.00591	0.71059
6	0.02749	0.02542	0.08336	0.03673	0.12859	0.02236	0.26791	0.06886	0.02596	0.13185	0.05946	0.03019	0.02190	0.01025	0.01088	0.00320	0.01326	0.01090	0.00694	0.01450
7	0.02829	0.47744	0.04551	0.01960	0.02667	0.15071	0.01793	0.03127	0.02137	0.02369	0.01409	0.01692	0.01283	0.00970	0.00934	0.00242	0.06954	0.00586	0.00444	0.01238
8	0.01215	0.00868	0.01157	0.01388	0.01446	0.00810	0.00925	0.01388	0.01909	0.02545	0.05495	0.64315	0.06593	0.03123	0.01272	0.00405	0.00578	0.02834	0.00925	0.00810
9	0.37758	0.07868	0.02321	0.05984	0.02630	0.02402	0.04011	0.06685	0.09908	0.04031	0.02501	0.02650	0.05442	0.01110	0.00795	0.00308	0.00889	0.00812	0.00685	0.01209
10	0.02206	0.02072	0.03489	0.13931	0.43046	0.02130	0.02721	0.02752	0.02179	0.03052	0.02360	0.11044	0.02235	0.01213	0.01028	0.00317	0.01122	0.01157	0.00546	0.01402
11	0.02499	0.06788	0.07789	0.01814	0.02690	0.01995	0.01610	0.09738	0.10168	0.06544	0.02256	0.02379	0.01741	0.00935	0.00835	0.00222	0.00887	0.00735	0.00707	0.37667
12	0.02150	0.01846	0.02145	0.06015	0.02701	0.01763	0.01415	0.03432	0.21109	0.03571	0.06612	0.03067	0.02577	0.01063	0.00884	0.00239	0.00779	0.00884	0.00763	0.36986
13	0.02044	0.01751	0.10839	0.01680	0.02140	0.01207	0.01482	0.02466	0.02278	0.14619	0.12807	0.32868	0.05324	0.02214	0.01149	0.00356	0.00761	0.01958	0.00935	0.01120
14	0.02387	0.20838	0.25940	0.02175	0.03167	0.02611	0.02387	0.03464	0.11091	0.07208	0.07255	0.02797	0.02372	0.01105	0.00897	0.00290	0.01114	0.00858	0.00638	0.01405
15	0.04473	0.01697	0.02313	0.01774	0.02545	0.01465	0.01465	0.04858	0.02853	0.59437	0.03933	0.03393	0.02468	0.01234	0.01003	0.00308	0.00848	0.01003	0.01234	0.01697
16	0.01335	0.01016	0.01228	0.01175	0.01443	0.00908	0.00881	0.01735	0.02643	0.03573	0.42566	0.08145	0.25325	0.02196	0.01177	0.00321	0.00482	0.01901	0.01042	0.00908
17	0.02268	0.01924	0.02071	0.01900	0.02388	0.02189	0.01461	0.04634	0.47048	0.04010	0.09198	0.09447	0.03947	0.01573	0.01052	0.00342	0.00741	0.01341	0.01014	0.01451
18	0.03537	0.02320	0.07251	0.02518	0.03380	0.02021	0.14947	0.08859	0.07687	0.31929	0.03184	0.03070	0.02130	0.01124	0.01042	0.00318	0.01115	0.01029	0.00956	0.01583
19	0.02078	0.02771	0.23638	0.01975	0.02767	0.01661	0.02093	0.06471	0.02687	0.08812	0.28022	0.04702	0.05153	0.01493	0.01061	0.00313	0.00928	0.01263	0.00847	0.01264
20	0.01197	0.00936	0.01086	0.01206	0.01398	0.00825	0.00845	0.01409	0.02083	0.02616	0.07707	0.38025	0.31455	0.02836	0.01227	0.00372	0.00543	0.02483	0.00926	0.00825
21	0.01999	0.05157	0.59800	0.02841	0.04315	0.02315	0.03683	0.03157	0.02105	0.03157	0.01789	0.02105	0.01263	0.00947	0.00947	0.00316	0.01473	0.00737	0.00421	0.01473
22	0.02646	0.02855	0.09211	0.13404	0.17154	0.06460	0.15934	0.13376	0.02744	0.03657	0.01966	0.02461	0.01496	0.00969	0.01029	0.00312	0.01384	0.00932	0.00582	0.01429
23	0.01959	0.06037	0.02398	0.22866	0.03720	0.01959	0.01801	0.07302	0.10049	0.03099	0.03431	0.24308	0.03447	0.01800	0.01071	0.00347	0.00950	0.01579	0.00742	0.01135
24	0.01435	0.01025	0.01386	0.01386	0.01489	0.01129	0.00976	0.01641	0.01538	0.02154	0.02868	0.05012	0.02968	0.31643	0.37499	0.01335	0.01954	0.01229	0.00563	0.00770
25	0.01281	0.00942	0.01200	0.01287	0.01448	0.00862	0.00908	0.01573	0.02291	0.03094	0.25303	0.36051	0.14792	0.02646	0.01224	0.00362	0.00529	0.02358	0.00988	0.00862
26	0.02665	0.65565	0.05224	0.01706	0.02559	0.03945	0.01706	0.02985	0.02026	0.02345	0.01386	0.01599	0.01279	0.00853	0.00640	0.00213	0.01066	0.00533	0.00426	0.01279
27	0.02385	0.02285	0.03898	0.14052	0.51456	0.02347	0.03019	0.02987	0.02231	0.03157	0.01861	0.02494	0.01544	0.00903	0.00988	0.00301	0.01205	0.00888	0.00486	0.01513
28	0.01685	0.01080	0.01420	0.01301	0.01584	0.00988	0.00988	0.02148	0.02825	0.08965	0.53356	0.07083	0.08784	0.01966	0.01160	0.00313	0.00504	0.01731	0.01110	0.01008
29	0.01220	0.00984	0.01087	0.01119	0.01387	0.00850	0.00817	0.01490	0.02285	0.02861	0.16467	0.19799	0.41008	0.02567	0.01196	0.00346	0.00514	0.02199	0.00952	0.00850
30	0.02710	0.01841	0.02268	0.02005	0.06430	0.01683	0.01462	0.06647	0.11412	0.15591	0.02988	0.08202	0.02422	0.01196	0.00921	0.00256	0.00810	0.01007	0.00846	0.29305
31	0.18684	0.22190	0.14319	0.02079	0.02903	0.19237	0.02010	0.03285	0.02190	0.03016	0.01508	0.01758	0.01232	0.00937	0.00767	0.00267	0.01283	0.00605	0.00493	0.01237
32	0.01313	0.00889	0.01144	0.01319	0.01414	0.00836	0.00898	0.01549	0.02013	0.02821	0.09898	0.51678	0.06338	0.02781	0.01192	0.00375	0.00555	0.02504	0.09649	0.00836

[dist]
# distance from previous block
# <min> <max>
0	1

[block]
# block no. 2 follows, 15 sequences, length 51
# corresponding to MSA columns:
# 44-94
name=unknown_C
#
# <colnr> <probs for GDERKNQSTAVLIFYWHMCP>
#	G	D	E	R	K	N	Q	S	T	A	V	L	I	F	Y	W	H	M	C	P
0	0.72007	0.01928	0.01465	0.01311	0.01928	0.02236	0.01080	0.02930	0.01697	0.04473	0.01388	0.01619	0.01080	0.00925	0.00617	0.00308	0.00771	0.00540	0.00617	0.01080
1	0.01215	0.00868	0.01157	0.01388	0.01446	0.00810	0.00925	0.01388	0.01909	0.02545	0.05495	0.64315	0.06593	0.03123	0.01272	0.00405	0.00578	0.02834	0.00925	0.00810
2	0.01815	0.01077	0.01372	0.01257	0.01550	0.00995	0.00957	0.02275	0.02705	0.09935	0.43353	0.06398	0.07535	0.01808	0.01079	0.00300	0.00510	0.01573	0.12486	0.01020
3	0.01360	0.01017	0.01262	0.01201	0.01458	0.00919	0.00900	0.01782	0.02701	0.03712	0.47674	0.07917	0.20131	0.02145	0.01176	0.00319	0.00478	0.01869	0.01060	0.00919
4	0.02552	0.02177	0.02295	0.02043	0.02620	0.02513	0.01595	0.08067	0.54057	0.04287	0.03966	0.03646	0.02969	0.01344	0.01013	0.00336	0.00806	0.01114	0.01013	0.01584
5	0.01197	0.00935	0.01087	0.01208	0.01399	0.00825	0.00845	0.01408	0.02082	0.02615	0.07689	0.38238	0.31253	0.02838	0.01228	0.00372	0.00543	0.02486	0.00926	0.00825
6	0.01424	0.01068	0.01602	0.01602	0.01780	0.01246	0.01246	0.01780	0.01602	0.02314	0.02670	0.03916	0.02492	0.07477	0.61015	0.01602	0.02670	0.01068	0.00534	0.00890
7	0.02609	0.47060	0.17157	0.02006	0.02992	0.03514	0.02160	0.07281	0.02259	0.02845	0.01557	0.01776	0.01309	0.00902	0.00737	0.00243	0.01159	0.00608	0.00472	0.01356
8	0.01275	0.00984	0.01164	0.01182	0.01422	0.00873	0.00863	0.01595	0.02408	0.03164	0.27655	0.20081	0.28823	0.02461	0.01197	0.00342	0.00507	0.02139	0.00992	0.00873
9	0.01819	0.04744	0.01790	0.01643	0.01928	0.06085	0.01232	0.02654	0.14226	0.03156	0.13557	0.30020	0.05554	0.02250	0.01145	0.00357	0.00748	0.05119	0.00916	0.01058
10	0.03318	0.13642	0.09442	0.02346	0.03112	0.18297	0.02080	0.25225	0.03335	0.04111	0.01889	0.02068	0.01455	0.01097	0.01022	0.00283	0.04405	0.00753	0.00689	0.01433
11	0.01198	0.00995	0.01047	0.01067	0.01367	0.00845	0.00788	0.01456	0.02269	0.02763	0.12788	0.15358	0.49517	0.02557	0.01188	0.00342	0.00511	0.02163	0.00937	0.00845
12	0.17775	0.03686	0.29916	0.02756	0.07905	0.02442	0.05971	0.11667	0.02466	0.03969	0.01821	0.02110	0.01334	0.00972	0.00900	0.00311	0.01247	0.00759	0.00569	0.01423
13	0.49170	0.12199	0.06231	0.01782	0.02532	0.02540	0.07176	0.02982	0.01845	0.03917	0.01481	0.01762	0.01169	0.00906	0.00702	0.00297	0.00960	0.00620	0.00562	0.01165
14	0.72007	0.01928	0.01465	0.01311	0.01928	0.02236	0.01080	0.02930	0.01697	0.04473	0.01388	0.01619	0.01080	0.00925	0.00617	0.00308	0.00771	0.00540	0.00617	0.01080
15	0.02092	0.01545	0.01923	0.01727	0.01986	0.01770	0.01322	0.05877	0.09770	0.07502	0.03412	0.04518	0.06956	0.18116	0.15612	0.00780	0.12106	0.01199	0.00719	0.01067
16	0.01363	0.01017	0.01266	0.01204	0.01460	0.00920	0.00903	0.01788	0.02708	0.03728	0.48271	0.07891	0.19525	0.02139	0.01176	0.00318	0.00477	0.01865	0.01062	0.00920
17	0.01474	0.01145	0.01635	0.01626	0.01747	0.01342	0.01231	0.01750	0.01629	0.02323	0.03033	0.13885	0.03148	0.11825	0.39464	0.01217	0.08685	0.01374	0.00595	0.00870
18	0.02791	0.02000	0.02744	0.02075	0.02788	0.01918	0.06805	0.07455	0.02394	0.15808	0.02247	0.02469	0.01689	0.01069	0.01296	0.00264	0.11577	0.00814	0.00732	0.31066
19	0.24453	0.03032	0.02486	0.02066	0.02736	0.17653	0.01656	0.26335	0.03304	0.04750	0.01870	0.02006	0.01403	0.01071	0.00857	0.00291	0.01178	0.00724	0.00758	0.01370
20	0.02474	0.48218	0.20896	0.02032	0.03063	0.03477	0.02274	0.03034	0.02048	0.02578	0.01502	0.01744	0.01275	0.00880	0.00728	0.00243	0.01183	0.00592	0.00425	0.01335
21	0.72007	0.01928	0.01465	0.01311	0.01928	0.02236	0.01080	0.02930	0.01697	0.04473	0.01388	0.01619	0.01080	0.00925	0.00617	0.00308	0.00771	0.00540	0.00617	0.01080
22	0.26170	0.01714	0.01850	0.01515	0.02149	0.01730	0.01239	0.06894	0.02460	0.29022	0.02892	0.02803	0.01979	0.01118	0.00826	0.00295	0.00775	0.00832	0.12369	0.01368
23	0.03668	0.01519	0.02056	0.01637	0.02268	0.01327	0.01327	0.04076	0.02845	0.44873	0.18194	0.04458	0.04290	0.01445	0.01048	0.00310	0.00749	0.01213	0.01198	0.01498
24	0.01902	0.01611	0.02137	0.01906	0.01956	0.02085	0.01497	0.02118	0.01606	0.02497	0.02157	0.03590	0.02147	0.17209	0.07106	0.00607	0.33936	0.01033	0.11965	0.00934
25	0.01594	0.01244	0.01629	0.01538	0.01585	0.01471	0.01098	0.01733	0.01506	0.02129	0.02639	0.04943	0.02849	0.36830	0.19361	0.01023	0.14267	0.01230	0.00551	0.00780
26	0.02273	0.09158	0.17269	0.14239	0.24378	0.02498	0.02852	0.03250	0.08584	0.03126	0.02044	0.02474	0.01601	0.00972	0.00948	0.00304	0.01221	0.00844	0.00522	0.01442
27	0.01517	0.01130	0.01424	0.01331	0.01598	0.01093	0.01004	0.02219	0.08170	0.04015	0.52869	0.07078	0.08777	0.01970	0.01160	0.00316	0.00502	0.01736	0.01089	0.01004
28	0.02095	0.02659	0.15741	0.05978	0.10469	0.02066	0.12297	0.03236	0.12162	0.03507	0.12163	0.03604	0.03167	0.01197	0.01036	0.00317	0.01113	0.01114	0.04742	0.01338
29	0.01450	0.00966	0.01087	0.01087	0.01087	0.00966	0.00604	0.01450	0.01450	0.01933	0.03141	0.06524	0.03624	0.64965	0.05074	0.00966	0.00966	0.01450	0.00604	0.00604
30	0.01978	0.01870	0.03163	0.53318	0.15368	0.02240	0.02816	0.02631	0.02039	0.02663	0.01789	0.02627	0.01370	0.00979	0.00995	0.00326	0.01305	0.00886	0.00451	0.01185
31	0.01343	0.00965	0.01279	0.01357	0.01516	0.00901	0.00986	0.01686	0.02393	0.03301	0.31688	0.31891	0.07925	0.02555	0.01233	0.00364	0.00551	0.06173	0.01010	0.00883
32	0.01411	0.01019	0.01333	0.01254	0.01489	0.00941	0.00941	0.01881	0.02822	0.03998	0.58221	0.07447	0.09406	0.02038	0.01176	0.00314	0.00470	0.01803	0.01097	0.00941
33	0.01702	0.01075	0.01430	0.01390	0.01649	0.00993	0.01062	0.02114	0.02618	0.09128	0.38501	0.16776	0.07864	0.02214	0.01196	0.00344	0.00574	0.07314	0.01063	0.00991
34	0.01450	0.00966	0.01087	0.01087	0.01087	0.00966	0.00604	0.01450	0.01450	0.01933	0.03141	0.06524	0.03624	0.64965	0.05074	0.00966	0.00966	0.01450	0.00604	0.00604
35	0.02407	0.01941	0.03090	0.42038	0.14607	0.02228	0.02607	0.07019	0.02342	0.09096	0.02071	0.02685	0.01521	0.01020	0.00996	0.00321	0.01235	0.00900	0.00580	0.01294
36	0.02067	0.01772	0.02067	0.01477	0.02362	0.01329	0.01181	0.02510	0.02067	0.03248	0.01772	0.02067	0.01477	0.00738	0.00738	0.00148	0.00738	0.00591	0.00591	0.71059
37	0.01797	0.01238	0.01370	0.01267	0.01385	0.01282	0.00796	0.09470	0.01931	0.02579	0.03030	0.05910	0.03338	0.55489	0.04468	0.00867	0.00986	0.01368	0.00662	0.00766
38	0.02074	0.01467	0.02166	0.09107	0.02740	0.01445	0.06625	0.02760	0.07091	0.11775	0.27671	0.05741	0.11848	0.01675	0.01115	0.00322	0.00780	0.01491	0.00952	0.01153
39	0.43836	0.17068	0.08198	0.01651	0.02399	0.07233	0.01547	0.03048	0.01901	0.03696	0.01439	0.01677	0.01160	0.00919	0.00677	0.00283	0.00989	0.00566	0.00546	0.01170
40	0.01999	0.05157	0.59800	0.02841	0.04315	0.02315	0.03683	0.03157	0.02105	0.03157	0.01789	0.02105	0.01263	0.00947	0.00947	0.00316	0.01473	0.00737	0.00421	0.01473
41	0.01309	0.00998	0.01202	0.01188	0.01436	0.00891	0.00877	0.01669	0.02526	0.03381	0.35585	0.15080	0.25568	0.02334	0.01188	0.00332	0.00495	0.02030	0.01019	0.00891
42	0.01202	0.00915	0.01108	0.01262	0.01413	0.00820	0.00870	0.01402	0.02029	0.02594	0.07023	0.46144	0.23778	0.02924	0.01241	0.00382	0.00554	0.02592	0.00926	0.00820
43	0.01657	0.02095	0.14774	0.02136	0.08304	0.01404	0.01786	0.02295	0.02601	0.03729	0.39449	0.05708	0.06730	0.01669	0.01104	0.00312	0.00773	0.01464	0.00880	0.01129
44	0.64388	0.01830	0.01451	0.01305	0.01881	0.02097	0.01065	0.02817	0.01818	0.04421	0.07522	0.02248	0.01978	0.01045	0.00677	0.00309	0.00739	0.00676	0.00669	0.01065
45	0.02294	0.02480	0.09068	0.17657	0.33947	0.02345	0.02846	0.03274	0.09967	0.03220	0.02154	0.02652	0.01701	0.00984	0.00989	0.00312	0.01189	0.00907	0.00549	0.01464
46	0.01292	0.00939	0.01218	0.01309	0.01457	0.00865	0.00920	0.01591	0.02304	0.03145	0.27233	0.37574	0.11164	0.02642	0.01227	0.00363	0.00530	0.02366	0.00995	0.00865
47	0.01879	0.01953	0.07207	0.03093	0.19170	0.01826	0.01999	0.02471	0.05487	0.02986	0.07225	0.15324	0.08758	0.02202	0.06047	0.00445	0.08599	0.01451	0.00681	0.01196
48	0.03466	0.02689	0.03250	0.03230	0.16715	0.02915	0.02180	0.42605	0.04095	0.05542	0.02267	0.02412	0.01667	0.01121	0.00995	0.00298	0.01118	0.00895	0.00874	0.01667
49	0.02411	0.01578	0.02421	0.01985	0.02487	0.01530	0.12286	0.07150	0.02479	0.11563	0.03444	0.09007	0.02959	0.01455	0.00992	0.00311	0.00887	0.07347	0.26533	0.01177
50	0.02973	0.33666	0.03947	0.01950	0.02729	0.03391	0.01738	0.19510	0.13812	0.03916	0.02228	0.02266	0.01759	0.01058	0.00824	0.00265	0.01020	0.00763	0.00719	0.01466

[dist]
# distance from previous block
# <min> <max>
0	1

[block]
# block no. 3 follows, 15 sequences, length 21
# corresponding to MSA columns:
# 96-116
name=unknown_D
#
# <colnr> <probs for GDERKNQSTAVLIFYWHMCP>
#	G	D	E	R	K	N	Q	S	T	A	V	L	I	F	Y	W	H	M	C	P
0	0.02278	0.03097	0.22803	0.21899	0.19937	0.02235	0.03066	0.03072	0.02172	0.07220	0.01968	0.02470	0.01460	0.00968	0.00977	0.00315	0.01303	0.00844	0.00509	0.01407
1	0.02293	0.03456	0.23610	0.02753	0.08147	0.09031	0.02539	0.03406	0.12456	0.03255	0.07976	0.02968	0.02477	0.01251	0.01305	0.00328	0.09829	0.00942	0.00621	0.01357
2	0.72007	0.01928	0.01465	0.01311	0.01928	0.02236	0.01080	0.02930	0.01697	0.04473	0.01388	0.01619	0.01080	0.00925	0.00617	0.00308	0.00771	0.00540	0.00617	0.01080
3	0.01735	0.01070	0.01365	0.01393	0.01657	0.00967	0.01047	0.02033	0.02299	0.10754	0.13976	0.29236	0.17624	0.02527	0.01213	0.00370	0.00625	0.08144	0.00993	0.00972
4	0.01873	0.01736	0.02710	0.35632	0.04771	0.02227	0.02289	0.02343	0.01790	0.02441	0.01854	0.02938	0.01615	0.05996	0.09514	0.00561	0.17262	0.00941	0.00463	0.01044
5	0.01705	0.01080	0.01407	0.01303	0.01589	0.00982	0.00984	0.02137	0.02743	0.09592	0.46966	0.10466	0.11107	0.02044	0.01164	0.00320	0.00518	0.01796	0.01092	0.01006
6	0.13564	0.14606	0.03193	0.02038	0.02820	0.03129	0.01739	0.37763	0.03743	0.05269	0.02055	0.02129	0.01526	0.01092	0.00874	0.00284	0.01043	0.00776	0.00833	0.01526
7	0.01224	0.00926	0.01131	0.01261	0.01421	0.00833	0.00877	0.01452	0.02112	0.02740	0.12335	0.42084	0.22333	0.02832	0.01234	0.00375	0.00545	0.02509	0.00943	0.00833
8	0.49006	0.14781	0.10091	0.01595	0.02374	0.02580	0.01554	0.02972	0.01816	0.03880	0.01442	0.01681	0.01143	0.00914	0.00666	0.00291	0.00924	0.00565	0.00553	0.01172
9	0.01450	0.00966	0.01087	0.01087	0.01087	0.00966	0.00604	0.01450	0.01450	0.01933	0.03141	0.06524	0.03624	0.64965	0.05074	0.00966	0.00966	0.01450	0.00604	0.00604
10	0.01516	0.01042	0.01162	0.01148	0.01184	0.01064	0.00667	0.01697	0.05016	0.02077	0.03200	0.06343	0.03587	0.60877	0.04813	0.00926	0.00955	0.01429	0.00630	0.00667
11	0.02505	0.28538	0.17012	0.02958	0.13925	0.03115	0.02481	0.06691	0.02228	0.02991	0.01636	0.01999	0.01366	0.00998	0.01075	0.00282	0.07619	0.00709	0.00480	0.01392
12	0.02665	0.65565	0.05224	0.01706	0.02559	0.03945	0.01706	0.02985	0.02026	0.02345	0.01386	0.01599	0.01279	0.00853	0.00640	0.00213	0.01066	0.00533	0.00426	0.01279
13	0.01285	0.00998	0.01169	0.01161	0.01421	0.00882	0.00857	0.01624	0.02472	0.03250	0.30743	0.14920	0.30882	0.02379	0.01188	0.00334	0.00498	0.02055	0.01001	0.00882
14	0.01373	0.01068	0.01281	0.01291	0.01429	0.01074	0.00903	0.01558	0.01953	0.02562	0.11311	0.21323	0.20825	0.19310	0.02432	0.00529	0.06195	0.01967	0.00814	0.00802
15	0.01312	0.01015	0.01195	0.01150	0.01428	0.00898	0.00862	0.01689	0.02587	0.03441	0.37693	0.08363	0.30281	0.02246	0.01177	0.00323	0.00485	0.01931	0.01024	0.00898
16	0.01969	0.01668	0.01963	0.01466	0.02257	0.01269	0.01152	0.02382	0.02049	0.03168	0.02198	0.09200	0.02063	0.01012	0.00799	0.00177	0.00720	0.00848	0.00629	0.63010
17	0.02095	0.08702	0.24103	0.02011	0.03116	0.01932	0.02171	0.02796	0.02078	0.03134	0.01744	0.02040	0.01379	0.00827	0.00808	0.00217	0.01044	0.00641	0.00512	0.38651
18	0.02245	0.02162	0.02507	0.02228	0.02436	0.09081	0.01794	0.06000	0.06058	0.02759	0.02039	0.02812	0.01833	0.03400	0.20837	0.00766	0.28451	0.00928	0.00555	0.01110
19	0.15874	0.02181	0.02351	0.02273	0.08873	0.09933	0.01605	0.03943	0.02511	0.31305	0.03024	0.07065	0.02247	0.01245	0.00937	0.00307	0.00986	0.00987	0.00918	0.01436
20	0.01633	0.01194	0.01498	0.01598	0.01825	0.01184	0.01240	0.07804	0.02390	0.03131	0.05546	0.34306	0.11119	0.02720	0.01265	0.00403	0.00741	0.18520	0.00931	0.00950

[dist]
# distance from previous block
# <min> <max>
0	3

[block]
# block no. 4 follows, 15 sequences, length 10
# corresponding to MSA columns:
# 120-129
name=unknown_E
#
# <colnr> <probs for GDERKNQSTAVLIFYWHMCP>
#	G	D	E	R	K	N	Q	S	T	A	V	L	I	F	Y	W	H	M	C	P
0	0.02041	0.01997	0.03485	0.02584	0.03381	0.01732	0.23357	0.02602	0.02158	0.03107	0.02501	0.12835	0.02355	0.01183	0.01009	0.00269	0.01099	0.01211	0.00612	0.30481
1	0.02588	0.26967	0.31687	0.02274	0.03421	0.02799	0.02646	0.03330	0.02179	0.10664	0.01938	0.02097	0.01436	0.00952	0.00841	0.00277	0.01236	0.00698	0.00536	0.01433
2	0.02135	0.01873	0.02401	0.02261	0.11884	0.01504	0.01498	0.02603	0.02101	0.03250	0.01789	0.02135	0.01494	0.00764	0.00780	0.00173	0.00814	0.00641	0.00574	0.59326
3	0.03274	0.02571	0.02878	0.02308	0.02920	0.02981	0.01894	0.37256	0.12934	0.05215	0.02476	0.02578	0.01852	0.01323	0.01416	0.00331	0.12398	0.00932	0.00897	0.01565
4	0.01891	0.01892	0.09045	0.02359	0.11535	0.01560	0.01645	0.06728	0.02135	0.02936	0.05920	0.09328	0.03522	0.27310	0.02708	0.00595	0.01020	0.06164	0.00675	0.01032
5	0.01605	0.00935	0.01340	0.01340	0.01386	0.00980	0.00918	0.01448	0.01402	0.01915	0.02214	0.03857	0.02251	0.15054	0.18709	0.41217	0.01345	0.01018	0.00488	0.00579
6	0.02482	0.47762	0.04541	0.02140	0.07434	0.03433	0.01798	0.02830	0.02076	0.02589	0.06852	0.02290	0.02085	0.01054	0.00973	0.00251	0.06939	0.00718	0.00497	0.01255
7	0.08726	0.19500	0.26354	0.02158	0.03234	0.02609	0.02397	0.06721	0.02291	0.08652	0.01894	0.02072	0.01414	0.00947	0.00830	0.00272	0.01158	0.00691	0.00571	0.07510
8	0.05852	0.19449	0.08823	0.02924	0.12530	0.08328	0.07181	0.08744	0.02561	0.11519	0.02055	0.02258	0.01560	0.00976	0.00890	0.00279	0.01209	0.00789	0.00637	0.01437
9	0.02276	0.16058	0.44865	0.02585	0.03886	0.02682	0.03165	0.07636	0.02313	0.03278	0.01767	0.02037	0.01303	0.00951	0.00895	0.00295	0.01366	0.00713	0.00472	0.01457

[dist]
# distance from previous block
# <min> <max>
0	12

[block]
# block no. 5 follows, 15 sequences, length 10
# corresponding to MSA columns:
# 142-151
name=unknown_F
#
# <colnr> <probs for GDERKNQSTAVLIFYWHMCP>
#	G	D	E	R	K	N	Q	S	T	A	V	L	I	F	Y	W	H	M	C	P
0	0.11540	0.02380	0.07133	0.17977	0.30584	0.02328	0.07973	0.02945	0.02128	0.03244	0.01796	0.02398	0.01429	0.00917	0.00956	0.00311	0.01230	0.00861	0.00495	0.01375
1	0.02139	0.01210	0.01519	0.01457	0.01796	0.01118	0.01082	0.02605	0.06487	0.17123	0.09719	0.30404	0.14692	0.02325	0.01161	0.00357	0.00641	0.02036	0.01023	0.01107
2	0.01732	0.00866	0.01299	0.01299	0.01299	0.00866	0.00866	0.01299	0.01299	0.01732	0.01732	0.03030	0.01732	0.03463	0.03896	0.70996	0.00866	0.00866	0.00433	0.00433
3	0.01590	0.01161	0.01513	0.05571	0.01976	0.01198	0.01168	0.04985	0.02298	0.03186	0.17885	0.14471	0.09713	0.07137	0.12036	0.00605	0.01040	0.05363	0.06169	0.00936
4	0.01633	0.00891	0.01247	0.01247	0.01307	0.00861	0.00847	0.01322	0.01472	0.01903	0.03219	0.04197	0.11796	0.03296	0.03413	0.58434	0.00802	0.01086	0.00521	0.00506
5	0.02442	0.16647	0.18115	0.03601	0.23190	0.02514	0.02670	0.03092	0.02217	0.06843	0.02228	0.03127	0.01910	0.01106	0.00941	0.00300	0.01183	0.05893	0.00553	0.01429
6	0.01503	0.01737	0.11729	0.01626	0.01979	0.01273	0.01441	0.01900	0.01827	0.02582	0.09039	0.12823	0.03864	0.19605	0.21667	0.00911	0.01506	0.01424	0.00646	0.00916
7	0.02272	0.16711	0.44537	0.02601	0.03874	0.07562	0.03156	0.03193	0.02150	0.02941	0.01691	0.01982	0.01268	0.00936	0.00884	0.00291	0.01422	0.00690	0.00430	0.01409
8	0.48463	0.12559	0.02355	0.01551	0.02239	0.02670	0.01328	0.12271	0.02282	0.04444	0.01566	0.01754	0.01222	0.00962	0.00688	0.00291	0.00878	0.00602	0.00653	0.01222
9	0.02671	0.03356	0.15657	0.02722	0.03544	0.17010	0.15365	0.03320	0.02553	0.08758	0.12029	0.03251	0.02899	0.01164	0.01038	0.00305	0.01367	0.01038	0.00667	0.01288

[dist]
# distance from previous block
# <min> <max>
0	19

[block]
# block no. 6 follows, 15 sequences, length 23
# corresponding to MSA columns:
# 171-193
name=unknown_G
#
# <colnr> <probs for GDERKNQSTAVLIFYWHMCP>
#	G	D	E	R	K	N	Q	S	T	A	V	L	I	F	Y	W	H	M	C	P
0	0.02401	0.27716	0.03968	0.07256	0.11988	0.05912	0.05690	0.02833	0.02126	0.02729	0.01932	0.06933	0.01798	0.01040	0.00840	0.00252	0.01100	0.00860	0.00514	0.12112
1	0.01553	0.01177	0.01668	0.02046	0.06965	0.01149	0.01501	0.01936	0.02194	0.02876	0.05396	0.23628	0.09621	0.02661	0.01300	0.00421	0.00825	0.31254	0.00882	0.00945
2	0.01585	0.01433	0.06149	0.01811	0.06036	0.01271	0.01283	0.01813	0.01606	0.02250	0.02660	0.04669	0.02733	0.29883	0.24052	0.06604	0.01616	0.01170	0.00543	0.00835
3	0.01430	0.01037	0.01327	0.01479	0.01652	0.00998	0.01155	0.01718	0.02067	0.02665	0.05753	0.20692	0.14309	0.13621	0.01967	0.00516	0.00790	0.25129	0.00866	0.00829
4	0.02319	0.30584	0.32226	0.02618	0.07867	0.03011	0.02794	0.03076	0.02084	0.02820	0.01625	0.01919	0.01295	0.00902	0.00820	0.00271	0.01278	0.00662	0.00429	0.01399
5	0.01634	0.01312	0.01693	0.05137	0.04721	0.01304	0.01295	0.02343	0.10281	0.03151	0.13020	0.27371	0.08270	0.02192	0.01145	0.00349	0.00700	0.05854	0.00887	0.07341
6	0.40746	0.02621	0.11233	0.02262	0.03075	0.02379	0.13313	0.05260	0.02022	0.03995	0.01625	0.01980	0.01237	0.00954	0.00909	0.00320	0.03539	0.00736	0.00572	0.01223
7	0.07676	0.08179	0.27329	0.02344	0.03309	0.02066	0.07153	0.03077	0.02168	0.11544	0.02714	0.13106	0.02382	0.01350	0.00983	0.00323	0.01156	0.01150	0.00654	0.01334
8	0.02678	0.02138	0.06132	0.07254	0.07676	0.01762	0.10645	0.03242	0.02307	0.16046	0.02316	0.02554	0.01694	0.00912	0.00923	0.00251	0.01042	0.00837	0.00695	0.28897
9	0.01391	0.01097	0.01272	0.01207	0.01528	0.00941	0.00879	0.01685	0.02231	0.02975	0.17979	0.17558	0.25523	0.07188	0.01436	0.00365	0.00582	0.01890	0.00887	0.11386
10	0.01972	0.01827	0.02879	0.53475	0.06224	0.02255	0.02590	0.02960	0.10248	0.02791	0.02115	0.02817	0.01586	0.01050	0.00999	0.00333	0.01248	0.00922	0.00529	0.01178
11	0.01713	0.01221	0.01410	0.01363	0.01544	0.01231	0.00929	0.09577	0.02246	0.02998	0.09144	0.22456	0.08521	0.27949	0.02768	0.00605	0.00800	0.01834	0.00820	0.00873
12	0.02385	0.02177	0.03527	0.31694	0.22402	0.02416	0.06469	0.10696	0.02510	0.03376	0.01915	0.02561	0.01475	0.00982	0.01007	0.00316	0.01274	0.00909	0.00546	0.01360
13	0.01855	0.01120	0.01457	0.01315	0.01638	0.01012	0.01007	0.02297	0.02788	0.12234	0.46698	0.06988	0.11789	0.01951	0.01150	0.00314	0.00530	0.01704	0.01106	0.01047
14	0.02621	0.02290	0.03327	0.02836	0.07551	0.02473	0.13299	0.17923	0.11810	0.04266	0.11125	0.03442	0.03025	0.01310	0.01309	0.00330	0.07710	0.01132	0.00810	0.01409
15	0.29084	0.02226	0.02488	0.01963	0.02683	0.02396	0.06274	0.21904	0.03000	0.11612	0.02604	0.02657	0.04720	0.01142	0.00882	0.00309	0.00964	0.00870	0.00836	0.01386
16	0.01620	0.01122	0.01355	0.01285	0.01548	0.01081	0.00963	0.05970	0.02702	0.03857	0.35663	0.13811	0.10855	0.02012	0.01102	0.00313	0.00534	0.01753	0.11481	0.00974
17	0.02156	0.01984	0.03002	0.29181	0.18758	0.02164	0.02412	0.03117	0.10956	0.03096	0.02168	0.02692	0.01692	0.00988	0.00958	0.00296	0.01116	0.00881	0.00570	0.11812
18	0.01898	0.01100	0.01394	0.01313	0.01471	0.01108	0.00886	0.02040	0.01697	0.10661	0.03148	0.05433	0.03181	0.41702	0.17784	0.01019	0.01354	0.01292	0.00682	0.00836
19	0.02662	0.02284	0.02310	0.06636	0.02785	0.12259	0.01544	0.07030	0.06242	0.07707	0.02092	0.02468	0.01671	0.01386	0.01441	0.10876	0.03939	0.00773	0.00649	0.23246
20	0.02664	0.11812	0.12675	0.02276	0.05953	0.02230	0.06091	0.09191	0.04442	0.10464	0.02383	0.02582	0.01784	0.01005	0.00873	0.00265	0.01025	0.00825	0.11168	0.10290
21	0.02524	0.02322	0.07954	0.02137	0.03035	0.01856	0.09431	0.11064	0.02625	0.08173	0.05243	0.02619	0.02020	0.00955	0.00907	0.00236	0.00992	0.00838	0.00705	0.34364
22	0.02363	0.01691	0.02035	0.01514	0.02320	0.01310	0.01204	0.02777	0.02173	0.11635	0.02381	0.07030	0.02017	0.00995	0.00819	0.00191	0.00743	0.00824	0.00713	0.55264

[dist]
# distance from previous block
# <min> <max>
6	19

[block]
# block no. 7 follows, 15 sequences, length 18
# corresponding to MSA columns:
# 213-230
name=unknown_H
#
# <colnr> <probs for GDERKNQSTAVLIFYWHMCP>
#	G	D	E	R	K	N	Q	S	T	A	V	L	I	F	Y	W	H	M	C	P
0	0.47789	0.07903	0.08777	0.01593	0.02354	0.02284	0.01497	0.03243	0.01942	0.12151	0.01806	0.01934	0.01321	0.00967	0.00714	0.00301	0.00891	0.00630	0.00667	0.01234
1	0.09034	0.02244	0.02858	0.02551	0.07396	0.02421	0.07867	0.11697	0.27637	0.10805	0.03161	0.03089	0.02317	0.01182	0.00992	0.00323	0.00972	0.01015	0.00902	0.01538
2	0.09829	0.01827	0.02443	0.09033	0.06561	0.01748	0.01685	0.06619	0.02652	0.38155	0.03111	0.02957	0.02054	0.01123	0.00949	0.00299	0.00923	0.00909	0.00987	0.06136
3	0.08626	0.28040	0.13723	0.01964	0.02861	0.07430	0.01964	0.03584	0.02295	0.17678	0.02140	0.02179	0.01573	0.00990	0.00809	0.00268	0.01117	0.00702	0.00660	0.01398
4	0.28908	0.02054	0.02399	0.14123	0.14580	0.05495	0.01862	0.03067	0.02069	0.08540	0.01941	0.02323	0.01480	0.00983	0.00822	0.00302	0.01005	0.00755	0.06058	0.01235
5	0.02483	0.02338	0.09189	0.02301	0.09192	0.01794	0.01801	0.07277	0.05990	0.08513	0.02177	0.02370	0.01672	0.00901	0.00854	0.00223	0.00918	0.00738	0.00677	0.38593
6	0.01589	0.01218	0.01545	0.01460	0.01485	0.01414	0.01004	0.01683	0.01487	0.02079	0.02715	0.05302	0.03010	0.44389	0.12716	0.00954	0.13366	0.01282	0.00561	0.00740
7	0.03477	0.01793	0.02312	0.08900	0.02936	0.01785	0.01586	0.14413	0.03064	0.31208	0.09394	0.03582	0.02960	0.01283	0.00996	0.00304	0.00883	0.01051	0.06591	0.01481
8	0.01990	0.01683	0.01981	0.01450	0.02260	0.01283	0.01153	0.02436	0.02156	0.03336	0.08406	0.02699	0.02408	0.00891	0.00790	0.00167	0.00707	0.00733	0.00650	0.62819
9	0.01566	0.01114	0.01537	0.01752	0.01953	0.01109	0.01488	0.01972	0.02210	0.02881	0.05156	0.15076	0.05666	0.06843	0.01610	0.00488	0.00895	0.44897	0.00898	0.00889
10	0.01674	0.02689	0.23466	0.02049	0.02789	0.01583	0.05115	0.02454	0.04756	0.03249	0.16938	0.14833	0.10787	0.01768	0.01099	0.00335	0.00953	0.01545	0.00757	0.01159
11	0.01411	0.01019	0.01333	0.01254	0.01489	0.00941	0.00941	0.01881	0.02822	0.03998	0.58221	0.07447	0.09406	0.02038	0.01176	0.00314	0.00470	0.01803	0.01097	0.00941
12	0.01767	0.01454	0.01776	0.08597	0.02481	0.01558	0.01384	0.02930	0.19110	0.03516	0.20103	0.09031	0.13559	0.01903	0.01130	0.00345	0.00722	0.06559	0.00944	0.01131
13	0.48216	0.01759	0.01600	0.01374	0.01983	0.01906	0.01125	0.03308	0.02011	0.17156	0.02195	0.02274	0.01573	0.01024	0.00716	0.00300	0.00754	0.00692	0.08829	0.01206
14	0.02722	0.30944	0.04171	0.13435	0.14369	0.03087	0.02167	0.09085	0.02423	0.06325	0.01814	0.02152	0.01464	0.00947	0.00833	0.00266	0.01127	0.00734	0.00555	0.01380
15	0.01869	0.01141	0.01355	0.01280	0.01656	0.00994	0.00995	0.02182	0.02420	0.13644	0.13830	0.12675	0.33640	0.02288	0.01168	0.00344	0.00605	0.05893	0.01004	0.01019
16	0.11003	0.30323	0.03551	0.01921	0.02570	0.24836	0.01636	0.03298	0.02292	0.02735	0.01593	0.01844	0.01360	0.00951	0.00739	0.00242	0.01258	0.00606	0.06059	0.01182
17	0.39290	0.06893	0.17113	0.01805	0.02684	0.02256	0.01859	0.03275	0.01994	0.12011	0.01864	0.02004	0.01343	0.00971	0.00761	0.00304	0.00986	0.00658	0.00643	0.01286

[dist]
# distance from previous block
# <min> <max>
0	1

[block]
# block no. 8 follows, 15 sequences, length 11
# corresponding to MSA columns:
# 232-242
name=unknown_I
#
# <colnr> <probs for GDERKNQSTAVLIFYWHMCP>
#	G	D	E	R	K	N	Q	S	T	A	V	L	I	F	Y	W	H	M	C	P
0	0.02781	0.53033	0.04996	0.01967	0.02824	0.03731	0.05751	0.09516	0.02381	0.02898	0.01559	0.01780	0.01349	0.00895	0.00724	0.00233	0.01116	0.00627	0.00503	0.01336
1	0.59734	0.01886	0.01619	0.01395	0.02040	0.02096	0.01150	0.03281	0.01907	0.14461	0.01851	0.01942	0.01332	0.00981	0.00687	0.00308	0.00785	0.00624	0.00729	0.01192
2	0.01215	0.00868	0.01157	0.01388	0.01446	0.00810	0.00925	0.01388	0.01909	0.02545	0.05495	0.64315	0.06593	0.03123	0.01272	0.00405	0.00578	0.02834	0.00925	0.00810
3	0.72007	0.01928	0.01465	0.01311	0.01928	0.02236	0.01080	0.02930	0.01697	0.04473	0.01388	0.01619	0.01080	0.00925	0.00617	0.00308	0.00771	0.00540	0.00617	0.01080
4	0.01525	0.01121	0.01444	0.01492	0.01769	0.01011	0.01146	0.01860	0.02111	0.02951	0.08016	0.31513	0.05386	0.02411	0.01166	0.00357	0.00687	0.15680	0.04734	0.13620
5	0.01668	0.01259	0.01469	0.01407	0.01706	0.01284	0.01055	0.02645	0.15522	0.03739	0.30081	0.13420	0.10374	0.01960	0.01104	0.00325	0.00562	0.01708	0.07644	0.01068
6	0.02906	0.13792	0.03111	0.02074	0.02619	0.02933	0.01757	0.24390	0.06285	0.04250	0.02172	0.02445	0.01720	0.01262	0.01407	0.00308	0.14941	0.00843	0.09404	0.01382
7	0.01780	0.01646	0.11930	0.01579	0.01847	0.01129	0.01378	0.01636	0.01445	0.01991	0.01742	0.02862	0.01646	0.03006	0.03360	0.58151	0.00976	0.00842	0.00431	0.00622
8	0.02025	0.01617	0.01644	0.01598	0.01731	0.11872	0.01144	0.01894	0.01644	0.01991	0.01908	0.03005	0.01821	0.03923	0.16191	0.42542	0.01441	0.00871	0.00470	0.00667
9	0.02814	0.10842	0.25836	0.02849	0.07634	0.02453	0.09188	0.08859	0.02548	0.14176	0.02249	0.02420	0.01594	0.00999	0.00958	0.00302	0.01272	0.00846	0.00652	0.01508
10	0.29425	0.02569	0.11093	0.02150	0.03002	0.02230	0.08967	0.09929	0.02462	0.15953	0.02196	0.02308	0.01535	0.01016	0.00871	0.00312	0.01055	0.00798	0.00750	0.01381

[dist]
# distance from previous block
# <min> <max>
0	14

# created by:
# /st0/software/busco_prod/Augustus/scripts/msa2prfl.pl ./align_prep/9281.fa
