[name]
unknown

[dist]
# distance from previous block
# <min> <max>
0	59

[block]
# block no. 0 follows, 13 sequences, length 64
# corresponding to MSA columns:
# 59-122
name=unknown_A
#
# <colnr> <probs for GDERKNQSTAVLIFYWHMCP>
#	G	D	E	R	K	N	Q	S	T	A	V	L	I	F	Y	W	H	M	C	P
0	0.02057	0.01617	0.02599	0.06289	0.02863	0.01821	0.07651	0.02496	0.02059	0.07552	0.07272	0.07741	0.03145	0.04263	0.25244	0.00927	0.11309	0.01285	0.00683	0.01125
1	0.02620	0.02075	0.02620	0.06787	0.10907	0.02199	0.01868	0.18169	0.07573	0.04194	0.03240	0.11382	0.03057	0.08897	0.01619	0.00422	0.01042	0.04583	0.00843	0.05902
2	0.01833	0.01256	0.01394	0.01306	0.01407	0.01294	0.00804	0.07637	0.01947	0.02600	0.03237	0.06397	0.03600	0.55504	0.04866	0.00941	0.01042	0.01468	0.00690	0.00779
3	0.62410	0.02154	0.01747	0.01515	0.02192	0.02480	0.01248	0.09020	0.02177	0.04973	0.01599	0.01815	0.01223	0.01016	0.00702	0.00326	0.00859	0.00618	0.00702	0.01223
4	0.02243	0.01955	0.02443	0.02153	0.08910	0.01541	0.01490	0.02732	0.02218	0.03446	0.01892	0.02243	0.01579	0.00802	0.00814	0.00175	0.00839	0.00664	0.00614	0.61246
5	0.01706	0.01350	0.01755	0.01651	0.01786	0.01529	0.01258	0.01751	0.01871	0.02469	0.05272	0.10379	0.21767	0.02790	0.02675	0.19969	0.16919	0.01570	0.00693	0.00838
6	0.02566	0.16811	0.03318	0.09391	0.09864	0.02539	0.01922	0.03565	0.13780	0.07800	0.03068	0.10945	0.02713	0.01402	0.00990	0.00313	0.01000	0.01179	0.00759	0.06074
7	0.01289	0.01073	0.01125	0.01112	0.01452	0.00909	0.00834	0.01593	0.02502	0.03074	0.17801	0.09816	0.48591	0.02596	0.01249	0.00353	0.00530	0.02181	0.01011	0.00909
8	0.02516	0.02176	0.06130	0.06055	0.03049	0.01852	0.01754	0.03007	0.02205	0.10020	0.02093	0.02437	0.01645	0.01052	0.01276	0.00252	0.10372	0.00761	0.00664	0.40683
9	0.22513	0.06433	0.02610	0.10779	0.03249	0.02345	0.01722	0.07752	0.02448	0.15309	0.02248	0.02456	0.01639	0.01117	0.01043	0.00312	0.04972	0.00797	0.00771	0.09486
10	0.03666	0.06803	0.06512	0.02337	0.03190	0.03036	0.02023	0.34935	0.12285	0.10119	0.02849	0.02779	0.02038	0.01259	0.01033	0.00320	0.01112	0.00965	0.01005	0.01735
11	0.02292	0.03820	0.27039	0.03426	0.04434	0.02724	0.19372	0.03159	0.02164	0.03159	0.01848	0.02455	0.01438	0.01180	0.01704	0.00374	0.16546	0.00970	0.00479	0.01416
12	0.01458	0.01079	0.01361	0.01290	0.01556	0.00981	0.00968	0.01922	0.02903	0.04026	0.48748	0.08249	0.17050	0.02241	0.01247	0.00336	0.00504	0.01961	0.01136	0.00981
13	0.01538	0.01025	0.01153	0.01153	0.01153	0.01025	0.00641	0.01538	0.01538	0.02050	0.03331	0.06919	0.03844	0.62842	0.05382	0.01025	0.01025	0.01538	0.00641	0.00641
14	0.03061	0.01501	0.02027	0.01725	0.02189	0.01503	0.01387	0.03472	0.02513	0.26797	0.10139	0.04198	0.03469	0.02807	0.13021	0.00609	0.06453	0.01163	0.10618	0.01350
15	0.02153	0.03971	0.34533	0.02568	0.03662	0.02293	0.02894	0.03737	0.16816	0.03564	0.03091	0.10628	0.02616	0.01430	0.01070	0.00354	0.01234	0.01191	0.00694	0.01501
16	0.03113	0.02511	0.02663	0.02249	0.02934	0.02856	0.01790	0.21998	0.37170	0.05202	0.03690	0.03456	0.02730	0.01377	0.01070	0.00344	0.00950	0.01111	0.01070	0.01717
17	0.02651	0.06599	0.02713	0.05713	0.03020	0.05622	0.01585	0.11434	0.02715	0.03829	0.01949	0.02241	0.01568	0.00913	0.00852	0.00210	0.00986	0.00703	0.00673	0.44025
18	0.01639	0.01380	0.02011	0.01951	0.02138	0.01470	0.05591	0.02135	0.06605	0.02889	0.04818	0.44417	0.05494	0.02756	0.01585	0.00421	0.08364	0.02434	0.00886	0.01016
19	0.03568	0.02519	0.02716	0.02167	0.02893	0.02767	0.01762	0.35193	0.13038	0.09172	0.03063	0.03026	0.02213	0.01296	0.01021	0.00316	0.01006	0.01005	0.09584	0.01674
20	0.01523	0.01061	0.01351	0.01385	0.01460	0.01110	0.00931	0.01677	0.01680	0.02287	0.03524	0.10424	0.03883	0.38935	0.19907	0.01136	0.01504	0.04792	0.00667	0.00765
21	0.23513	0.01870	0.02196	0.01741	0.02512	0.01788	0.01437	0.04567	0.02675	0.42026	0.03399	0.03060	0.02196	0.01215	0.00946	0.00327	0.00876	0.00923	0.01121	0.01612
22	0.01453	0.01003	0.01164	0.01224	0.01269	0.00973	0.00737	0.01520	0.01729	0.02275	0.04552	0.20686	0.08914	0.43316	0.04054	0.00824	0.00884	0.01954	0.00752	0.00715
23	0.01496	0.01081	0.01413	0.01330	0.01580	0.00998	0.00998	0.01995	0.02993	0.04240	0.55689	0.07898	0.09976	0.02162	0.01247	0.00333	0.00499	0.01912	0.01164	0.00998
24	0.03950	0.05039	0.02996	0.02724	0.03269	0.58597	0.02043	0.04222	0.02996	0.02588	0.01634	0.01907	0.01362	0.01090	0.00953	0.00272	0.01907	0.00681	0.00545	0.01226
25	0.01284	0.00938	0.01208	0.01424	0.01521	0.00863	0.00960	0.01478	0.02070	0.02718	0.06409	0.55958	0.12812	0.03237	0.01338	0.00421	0.00604	0.02913	0.00982	0.00863
26	0.02617	0.02512	0.04292	0.06490	0.56246	0.02512	0.03245	0.03245	0.02407	0.03454	0.01989	0.02617	0.01675	0.00942	0.01047	0.00314	0.01256	0.00942	0.00523	0.01675
27	0.02192	0.01879	0.02192	0.01566	0.02506	0.01409	0.01253	0.02662	0.02192	0.03445	0.01879	0.02192	0.01566	0.00783	0.00783	0.00157	0.00783	0.00626	0.00626	0.69305
28	0.01475	0.01080	0.01383	0.01308	0.01566	0.00988	0.00981	0.01954	0.02942	0.04119	0.51761	0.08097	0.13979	0.02207	0.01247	0.00335	0.00502	0.01940	0.01148	0.00988
29	0.01496	0.01081	0.01413	0.01330	0.01580	0.00998	0.00998	0.01995	0.02993	0.04240	0.55689	0.07898	0.09976	0.02162	0.01247	0.00333	0.00499	0.01912	0.01164	0.00998
30	0.02175	0.01879	0.02278	0.06695	0.02923	0.01491	0.01400	0.02666	0.02186	0.03380	0.01879	0.02247	0.01552	0.00807	0.00807	0.00174	0.00838	0.00654	0.00613	0.63356
31	0.70310	0.02045	0.01554	0.01390	0.02045	0.02372	0.01145	0.03108	0.01799	0.04744	0.01472	0.01718	0.01145	0.00981	0.00654	0.00327	0.00818	0.00573	0.00654	0.01145
32	0.02313	0.02313	0.03238	0.02776	0.02776	0.03238	0.02313	0.02545	0.01619	0.02545	0.01388	0.02313	0.01388	0.01851	0.03470	0.00463	0.60907	0.00925	0.00463	0.01157
33	0.01496	0.01081	0.01413	0.01330	0.01580	0.00998	0.00998	0.01995	0.02993	0.04240	0.55689	0.07898	0.09976	0.02162	0.01247	0.00333	0.00499	0.01912	0.01164	0.00998
34	0.01288	0.00920	0.01227	0.01472	0.01534	0.00859	0.00981	0.01472	0.02024	0.02699	0.05828	0.62152	0.06993	0.03312	0.01350	0.00429	0.00613	0.03006	0.00981	0.00859
35	0.01457	0.01079	0.01359	0.01289	0.01556	0.00981	0.00967	0.01919	0.02900	0.04020	0.48549	0.08259	0.17253	0.02243	0.01247	0.00336	0.00505	0.01963	0.01135	0.00981
36	0.02958	0.02105	0.02289	0.01863	0.02450	0.02251	0.01499	0.30129	0.03912	0.05431	0.14012	0.04409	0.07465	0.01544	0.01055	0.00311	0.00868	0.01243	0.12775	0.01431
37	0.02645	0.02167	0.02430	0.01836	0.02706	0.01985	0.01475	0.13737	0.10410	0.04272	0.02374	0.02522	0.01858	0.00982	0.00884	0.00220	0.00872	0.00779	0.00784	0.45061
38	0.02269	0.02141	0.03617	0.28447	0.32201	0.02331	0.02962	0.02898	0.02260	0.03090	0.02207	0.06783	0.01930	0.01152	0.01072	0.00338	0.01276	0.01083	0.00533	0.01411
39	0.01997	0.01879	0.03171	0.60301	0.07282	0.02349	0.02936	0.02701	0.02114	0.02701	0.01879	0.02819	0.01409	0.01057	0.01057	0.00352	0.01409	0.00940	0.00470	0.01175
40	0.01718	0.01324	0.01619	0.01471	0.01776	0.01324	0.01135	0.06257	0.02949	0.04051	0.38355	0.07518	0.17947	0.02168	0.01384	0.00345	0.04705	0.01827	0.01070	0.01056
41	0.01902	0.01555	0.05524	0.01546	0.01977	0.01280	0.01294	0.02637	0.07267	0.08707	0.39256	0.06971	0.11937	0.01985	0.01199	0.00336	0.00641	0.01723	0.01103	0.01157
42	0.02929	0.02789	0.09819	0.08179	0.11802	0.06970	0.08799	0.03559	0.02498	0.13886	0.02364	0.02656	0.01737	0.01002	0.01004	0.00289	0.01254	0.00892	0.00692	0.16880
43	0.02178	0.02064	0.03499	0.44581	0.21586	0.02397	0.03026	0.02860	0.02200	0.02921	0.01911	0.02760	0.01487	0.01023	0.01054	0.00341	0.01365	0.00940	0.00485	0.01321
44	0.01538	0.01025	0.01153	0.01153	0.01153	0.01025	0.00641	0.01538	0.01538	0.02050	0.03331	0.06919	0.03844	0.62842	0.05382	0.01025	0.01025	0.01538	0.00641	0.00641
45	0.02995	0.02712	0.13552	0.02494	0.06578	0.02175	0.02148	0.04586	0.23004	0.18030	0.03736	0.07512	0.02845	0.01413	0.01075	0.00347	0.01012	0.01187	0.00967	0.01627
46	0.02770	0.35009	0.22425	0.02327	0.03420	0.07389	0.02541	0.07402	0.02470	0.03127	0.01712	0.01959	0.01388	0.00981	0.00838	0.00273	0.01332	0.00677	0.00507	0.01453
47	0.01338	0.00956	0.01284	0.01529	0.01612	0.00901	0.01068	0.01558	0.02073	0.02754	0.05800	0.56166	0.06885	0.03266	0.01363	0.00436	0.00656	0.08502	0.00981	0.00872
48	0.03380	0.02549	0.02743	0.02260	0.02982	0.02852	0.01816	0.26551	0.29175	0.08690	0.03510	0.03297	0.02553	0.01353	0.01067	0.00338	0.00986	0.01079	0.01082	0.01737
49	0.07379	0.17316	0.07636	0.01878	0.02792	0.02548	0.01716	0.07596	0.08614	0.03694	0.02099	0.02280	0.01685	0.00965	0.00826	0.00238	0.00974	0.00717	0.00662	0.28384
50	0.02482	0.23934	0.36870	0.02585	0.03886	0.03069	0.03098	0.06788	0.02399	0.03307	0.01805	0.02082	0.01377	0.00991	0.00903	0.00299	0.01396	0.00724	0.00492	0.01513
51	0.02121	0.05469	0.57364	0.03014	0.04576	0.02455	0.03906	0.03348	0.02232	0.03348	0.01897	0.02232	0.01339	0.01005	0.01005	0.00335	0.01563	0.00781	0.00446	0.01563
52	0.01665	0.01282	0.01491	0.01402	0.01735	0.01232	0.01059	0.05639	0.06548	0.03892	0.31016	0.12393	0.22064	0.02293	0.01231	0.00349	0.00590	0.01977	0.01082	0.01060
53	0.09306	0.02089	0.02359	0.01946	0.02614	0.02198	0.01565	0.14959	0.16724	0.19876	0.11304	0.03935	0.03568	0.01431	0.01057	0.00334	0.00874	0.01157	0.01114	0.01589
54	0.02827	0.63478	0.05540	0.01809	0.02714	0.04184	0.01809	0.03166	0.02148	0.02488	0.01470	0.01696	0.01357	0.00905	0.00678	0.00226	0.01131	0.00565	0.00452	0.01357
55	0.01327	0.00966	0.01251	0.01409	0.01534	0.00890	0.00969	0.01582	0.02254	0.03024	0.16322	0.46658	0.11859	0.03025	0.01320	0.00404	0.00583	0.02717	0.01018	0.00890
56	0.01821	0.00954	0.01416	0.01445	0.01474	0.00954	0.01012	0.01474	0.01503	0.01995	0.02285	0.04252	0.02343	0.03583	0.03814	0.61045	0.00925	0.06664	0.00520	0.00520
57	0.02362	0.01897	0.02529	0.16432	0.07312	0.02170	0.01956	0.12226	0.06953	0.03795	0.03153	0.14727	0.02925	0.01660	0.01287	0.00355	0.06225	0.01378	0.09375	0.01282
58	0.01680	0.01315	0.01567	0.01671	0.01889	0.01376	0.01184	0.02683	0.17307	0.03203	0.05382	0.45147	0.05893	0.02764	0.01270	0.00409	0.00679	0.02477	0.01009	0.01097
59	0.03960	0.01844	0.02355	0.01869	0.02578	0.01733	0.01520	0.10305	0.06554	0.38478	0.12896	0.04238	0.03832	0.01460	0.01095	0.00329	0.00858	0.01205	0.01239	0.01652
60	0.02912	0.02594	0.05147	0.04467	0.16423	0.02444	0.32574	0.03660	0.02568	0.12671	0.02457	0.02928	0.01795	0.00975	0.01171	0.00342	0.01512	0.01147	0.00666	0.01546
61	0.02360	0.06276	0.03317	0.36853	0.14398	0.02322	0.02622	0.02982	0.02321	0.07710	0.06654	0.03206	0.02287	0.01143	0.01045	0.00333	0.01241	0.01007	0.00610	0.01312
62	0.01443	0.01079	0.01339	0.01274	0.01547	0.00975	0.00955	0.01891	0.02866	0.03939	0.45916	0.08393	0.19937	0.02274	0.01248	0.00338	0.00507	0.01982	0.01124	0.00975
63	0.40281	0.02356	0.02762	0.02170	0.02948	0.02554	0.10219	0.13545	0.02661	0.08579	0.01998	0.02216	0.01463	0.01048	0.00869	0.00330	0.01062	0.00802	0.00763	0.01375

[dist]
# distance from previous block
# <min> <max>
0	30

[block]
# block no. 1 follows, 13 sequences, length 55
# corresponding to MSA columns:
# 153-207
name=unknown_B
#
# <colnr> <probs for GDERKNQSTAVLIFYWHMCP>
#	G	D	E	R	K	N	Q	S	T	A	V	L	I	F	Y	W	H	M	C	P
0	0.09054	0.02377	0.02857	0.15741	0.07835	0.02719	0.02126	0.18021	0.19671	0.04629	0.02816	0.02984	0.02099	0.01223	0.01026	0.00339	0.01090	0.00992	0.00853	0.01547
1	0.03482	0.01688	0.02210	0.06015	0.02740	0.01626	0.01516	0.04298	0.10135	0.32627	0.12886	0.04360	0.03896	0.01450	0.01073	0.00328	0.00829	0.01214	0.06089	0.01538
2	0.01451	0.01067	0.01374	0.01433	0.01654	0.00990	0.01089	0.01844	0.02596	0.03513	0.29499	0.21143	0.15033	0.02624	0.01307	0.00384	0.00612	0.10375	0.01064	0.00948
3	0.02183	0.05099	0.50729	0.03448	0.11035	0.02463	0.03824	0.03335	0.02254	0.03362	0.01909	0.02280	0.01381	0.00997	0.01010	0.00332	0.01524	0.00801	0.00456	0.01577
4	0.07470	0.02139	0.03278	0.12508	0.18060	0.02061	0.06760	0.03289	0.02361	0.11283	0.02241	0.02640	0.01699	0.00971	0.00972	0.00285	0.01121	0.00878	0.00668	0.19317
5	0.02099	0.02299	0.06969	0.02463	0.02648	0.02702	0.02139	0.02433	0.01878	0.02784	0.07038	0.03747	0.08891	0.01915	0.02821	0.00429	0.43863	0.01158	0.00584	0.01142
6	0.01768	0.01396	0.01846	0.01735	0.01805	0.01691	0.01293	0.01976	0.01694	0.02499	0.02872	0.08767	0.03017	0.23530	0.16190	0.00907	0.17976	0.01333	0.06807	0.00900
7	0.42584	0.11882	0.02467	0.01657	0.02347	0.02728	0.01401	0.12290	0.02463	0.04608	0.01963	0.05916	0.01693	0.01179	0.00780	0.00316	0.00918	0.00805	0.00720	0.01282
8	0.03944	0.01759	0.02259	0.01819	0.02516	0.01639	0.01473	0.04775	0.11110	0.40606	0.08846	0.04067	0.03391	0.01402	0.01062	0.00328	0.00828	0.01157	0.05363	0.01657
9	0.03260	0.02829	0.03183	0.02586	0.03316	0.09713	0.08702	0.16447	0.25365	0.08288	0.03241	0.03178	0.02386	0.01269	0.01079	0.00335	0.01182	0.01070	0.00948	0.01623
10	0.04085	0.02856	0.03107	0.02382	0.03226	0.03122	0.01968	0.48383	0.04794	0.11252	0.02687	0.02635	0.01873	0.01273	0.01058	0.00318	0.01139	0.00962	0.01081	0.01798
11	0.01773	0.01281	0.01595	0.01684	0.01892	0.01287	0.01235	0.09688	0.02543	0.03386	0.05277	0.46421	0.06056	0.02940	0.01317	0.00419	0.00746	0.08446	0.00993	0.01022
12	0.02630	0.02271	0.02391	0.02152	0.02749	0.02630	0.01674	0.05618	0.54336	0.04423	0.04303	0.03945	0.03228	0.01434	0.01076	0.00359	0.00837	0.01195	0.01076	0.01674
13	0.01336	0.00966	0.01329	0.01521	0.01610	0.00959	0.01055	0.01562	0.01954	0.02646	0.05182	0.49652	0.06056	0.04308	0.13700	0.00703	0.01092	0.02602	0.00892	0.00877
14	0.04029	0.01827	0.02346	0.01884	0.02607	0.01716	0.01527	0.04957	0.13175	0.41771	0.08895	0.04059	0.03409	0.01411	0.01083	0.00334	0.00851	0.01167	0.01249	0.01701
15	0.01280	0.01072	0.01114	0.01103	0.01447	0.00906	0.00828	0.01577	0.02483	0.03029	0.16333	0.09891	0.50087	0.02613	0.01249	0.00354	0.00531	0.02192	0.01005	0.00906
16	0.02496	0.02852	0.06239	0.04456	0.05526	0.02674	0.52406	0.03387	0.02496	0.03387	0.02139	0.02852	0.01604	0.00891	0.01248	0.00357	0.01783	0.01248	0.00535	0.01426
17	0.02827	0.63478	0.05540	0.01809	0.02714	0.04184	0.01809	0.03166	0.02148	0.02488	0.01470	0.01696	0.01357	0.00905	0.00678	0.00226	0.01131	0.00565	0.00452	0.01357
18	0.70310	0.02045	0.01554	0.01390	0.02045	0.02372	0.01145	0.03108	0.01799	0.04744	0.01472	0.01718	0.01145	0.00981	0.00654	0.00327	0.00818	0.00573	0.00654	0.01145
19	0.02626	0.02382	0.09413	0.02000	0.03006	0.01652	0.05185	0.03210	0.02356	0.12279	0.02278	0.02476	0.01714	0.00905	0.00889	0.00221	0.00969	0.00761	0.00710	0.44966
20	0.02462	0.15188	0.03577	0.02364	0.02936	0.02394	0.11517	0.06547	0.02432	0.07039	0.03268	0.13546	0.03260	0.06274	0.01603	0.00410	0.05282	0.07917	0.00747	0.01237
21	0.04744	0.01799	0.02454	0.01881	0.02699	0.01554	0.01554	0.05153	0.03026	0.56979	0.04171	0.03599	0.02617	0.01309	0.01063	0.00327	0.00900	0.01063	0.01309	0.01799
22	0.70310	0.02045	0.01554	0.01390	0.02045	0.02372	0.01145	0.03108	0.01799	0.04744	0.01472	0.01718	0.01145	0.00981	0.00654	0.00327	0.00818	0.00573	0.00654	0.01145
23	0.02496	0.02852	0.06239	0.04456	0.05526	0.02674	0.52406	0.03387	0.02496	0.03387	0.02139	0.02852	0.01604	0.00891	0.01248	0.00357	0.01783	0.01248	0.00535	0.01426
24	0.02840	0.02376	0.02509	0.02194	0.02829	0.02728	0.01724	0.12744	0.46868	0.04762	0.04036	0.03732	0.03011	0.01409	0.01073	0.00352	0.00886	0.01159	0.01073	0.01692
25	0.01478	0.01080	0.01387	0.01311	0.01568	0.00990	0.00983	0.01959	0.02949	0.04135	0.52277	0.08071	0.13454	0.02201	0.01247	0.00334	0.00502	0.01936	0.01150	0.00990
26	0.02111	0.01772	0.02063	0.01514	0.02337	0.01361	0.01176	0.02522	0.02111	0.03271	0.02061	0.02783	0.01851	0.08541	0.01358	0.00265	0.00813	0.00740	0.00628	0.60722
27	0.02313	0.02313	0.03238	0.02776	0.02776	0.03238	0.02313	0.02545	0.01619	0.02545	0.01388	0.02313	0.01388	0.01851	0.03470	0.00463	0.60907	0.00925	0.00463	0.01157
28	0.01496	0.01081	0.01413	0.01330	0.01580	0.00998	0.00998	0.01995	0.02993	0.04240	0.55689	0.07898	0.09976	0.02162	0.01247	0.00333	0.00499	0.01912	0.01164	0.00998
29	0.02313	0.02313	0.03238	0.02776	0.02776	0.03238	0.02313	0.02545	0.01619	0.02545	0.01388	0.02313	0.01388	0.01851	0.03470	0.00463	0.60907	0.00925	0.00463	0.01157
30	0.01408	0.01077	0.01290	0.01237	0.01525	0.00960	0.00928	0.01823	0.02783	0.03742	0.39490	0.08718	0.26486	0.02347	0.01248	0.00341	0.00512	0.02027	0.01098	0.00960
31	0.02313	0.02313	0.03238	0.02776	0.02776	0.03238	0.02313	0.02545	0.01619	0.02545	0.01388	0.02313	0.01388	0.01851	0.03470	0.00463	0.60907	0.00925	0.00463	0.01157
32	0.01446	0.01079	0.01343	0.01277	0.01549	0.00976	0.00958	0.01898	0.02874	0.03957	0.46497	0.08363	0.19344	0.02267	0.01248	0.00338	0.00506	0.01977	0.01127	0.00976
33	0.01340	0.00957	0.01286	0.01532	0.01616	0.00904	0.01072	0.01562	0.02076	0.02757	0.05799	0.55873	0.06879	0.03264	0.01363	0.00437	0.00658	0.08772	0.00980	0.00873
34	0.02192	0.01879	0.02192	0.01566	0.02506	0.01409	0.01253	0.02662	0.02192	0.03445	0.01879	0.02192	0.01566	0.00783	0.00783	0.00157	0.00783	0.00626	0.00626	0.69305
35	0.01997	0.01879	0.03171	0.60301	0.07282	0.02349	0.02936	0.02701	0.02114	0.02701	0.01879	0.02819	0.01409	0.01057	0.01057	0.00352	0.01409	0.00940	0.00470	0.01175
36	0.02250	0.02138	0.03630	0.38285	0.27315	0.02416	0.03063	0.02924	0.02234	0.03009	0.01924	0.02736	0.01518	0.01010	0.01053	0.00337	0.01347	0.00941	0.00492	0.01379
37	0.03087	0.06815	0.07253	0.06320	0.07919	0.01890	0.01895	0.03621	0.02556	0.21854	0.06778	0.03163	0.02539	0.01131	0.00969	0.00277	0.00978	0.00934	0.00855	0.19167
38	0.57570	0.02620	0.01831	0.01646	0.02280	0.13167	0.01317	0.03322	0.02029	0.04330	0.01503	0.01754	0.01187	0.01002	0.00712	0.00317	0.01027	0.00593	0.00633	0.01161
39	0.02827	0.63478	0.05540	0.01809	0.02714	0.04184	0.01809	0.03166	0.02148	0.02488	0.01470	0.01696	0.01357	0.00905	0.00678	0.00226	0.01131	0.00565	0.00452	0.01357
40	0.01538	0.01025	0.01153	0.01153	0.01153	0.01025	0.00641	0.01538	0.01538	0.02050	0.03331	0.06919	0.03844	0.62842	0.05382	0.01025	0.01025	0.01538	0.00641	0.00641
41	0.03058	0.03524	0.27305	0.02504	0.03689	0.02007	0.05724	0.03873	0.02516	0.21839	0.02693	0.02736	0.01829	0.01070	0.01008	0.00308	0.01235	0.00885	0.00775	0.11421
42	0.02549	0.03003	0.08315	0.31577	0.16605	0.14174	0.02903	0.03194	0.02372	0.02897	0.01853	0.02531	0.01450	0.01035	0.01028	0.00326	0.01495	0.00872	0.00495	0.01327
43	0.03950	0.05039	0.02996	0.02724	0.03269	0.58597	0.02043	0.04222	0.02996	0.02588	0.01634	0.01907	0.01362	0.01090	0.00953	0.00272	0.01907	0.00681	0.00545	0.01226
44	0.02827	0.63478	0.05540	0.01809	0.02714	0.04184	0.01809	0.03166	0.02148	0.02488	0.01470	0.01696	0.01357	0.00905	0.00678	0.00226	0.01131	0.00565	0.00452	0.01357
45	0.02479	0.29399	0.27148	0.02746	0.03951	0.03217	0.11043	0.03278	0.02241	0.02993	0.01758	0.02110	0.01390	0.00944	0.00908	0.00293	0.01418	0.00768	0.00463	0.01454
46	0.01463	0.01079	0.01368	0.01296	0.01559	0.00984	0.00972	0.01931	0.02915	0.04055	0.49673	0.08203	0.16108	0.02231	0.01247	0.00336	0.00504	0.01955	0.01140	0.00984
47	0.01510	0.01133	0.01699	0.01699	0.01888	0.01322	0.01322	0.01888	0.01699	0.02454	0.02832	0.04154	0.02643	0.07930	0.58652	0.01699	0.02832	0.01133	0.00566	0.00944
48	0.02687	0.52010	0.15785	0.02047	0.03082	0.03842	0.02224	0.03202	0.02165	0.02658	0.01554	0.01802	0.01353	0.00924	0.00743	0.00248	0.01216	0.00608	0.00451	0.01398
49	0.03680	0.06873	0.07392	0.06751	0.09799	0.01967	0.02037	0.04206	0.02748	0.33930	0.07092	0.03475	0.02746	0.01251	0.01040	0.00321	0.01024	0.01040	0.01003	0.01627
50	0.01279	0.01029	0.01141	0.01204	0.01470	0.00891	0.00869	0.01541	0.02345	0.02917	0.12738	0.24742	0.38495	0.02819	0.01278	0.00376	0.00555	0.02427	0.00996	0.00891
51	0.02603	0.34475	0.27599	0.02390	0.03552	0.07269	0.02726	0.03319	0.02244	0.02864	0.01665	0.01941	0.01350	0.00960	0.00838	0.00276	0.01371	0.00666	0.00456	0.01436
52	0.07918	0.02508	0.10335	0.11609	0.14664	0.02172	0.02452	0.03819	0.02468	0.23037	0.02683	0.02871	0.01879	0.01172	0.01201	0.00339	0.05579	0.00938	0.00799	0.01557
53	0.03438	0.02119	0.06253	0.02229	0.06532	0.01888	0.01740	0.14202	0.02981	0.23022	0.03037	0.03183	0.02169	0.01617	0.01503	0.11241	0.00982	0.00978	0.09427	0.01459
54	0.08339	0.03383	0.13873	0.07193	0.03734	0.07086	0.02372	0.27857	0.03661	0.08950	0.02330	0.02470	0.01654	0.01167	0.01010	0.00322	0.01276	0.00877	0.00837	0.01608

[dist]
# distance from previous block
# <min> <max>
0	22

[block]
# block no. 2 follows, 13 sequences, length 6
# corresponding to MSA columns:
# 237-242
name=unknown_C
#
# <colnr> <probs for GDERKNQSTAVLIFYWHMCP>
#	G	D	E	R	K	N	Q	S	T	A	V	L	I	F	Y	W	H	M	C	P
0	0.03072	0.29472	0.13226	0.02859	0.11923	0.06952	0.02368	0.03613	0.02410	0.11859	0.02087	0.02268	0.01617	0.01007	0.00876	0.00279	0.01238	0.00754	0.00612	0.01508
1	0.02033	0.11572	0.02229	0.01672	0.02021	0.01757	0.01278	0.02725	0.10785	0.07161	0.04725	0.37958	0.05097	0.02447	0.01171	0.00376	0.00758	0.02151	0.00935	0.01149
2	0.14199	0.43283	0.04488	0.01843	0.02697	0.03734	0.01732	0.11363	0.02558	0.03553	0.01647	0.01839	0.01395	0.00978	0.00737	0.00258	0.01084	0.00631	0.00586	0.01395
3	0.03036	0.13391	0.21494	0.06786	0.12209	0.02495	0.02737	0.03759	0.02459	0.18038	0.02470	0.02622	0.01755	0.01066	0.00977	0.00312	0.01248	0.00860	0.00700	0.01587
4	0.02272	0.14880	0.44140	0.02943	0.04352	0.02763	0.07927	0.03322	0.02242	0.03209	0.01848	0.02199	0.01366	0.00978	0.00972	0.00319	0.01511	0.00787	0.00455	0.01516
5	0.01997	0.01879	0.03171	0.60301	0.07282	0.02349	0.02936	0.02701	0.02114	0.02701	0.01879	0.02819	0.01409	0.01057	0.01057	0.00352	0.01409	0.00940	0.00470	0.01175

[dist]
# distance from previous block
# <min> <max>
0	318

# created by:
# /st0/software/busco_prod/Augustus/scripts/msa2prfl.pl ./align_prep/9283.fa
