[name]
unknown

[dist]
# distance from previous block
# <min> <max>
0	25

[block]
# block no. 0 follows, 10 sequences, length 12
# corresponding to MSA columns:
# 26-37
name=unknown_A
#
# <colnr> <probs for GDERKNQSTAVLIFYWHMCP>
#	G	D	E	R	K	N	Q	S	T	A	V	L	I	F	Y	W	H	M	C	P
0	0.03109	0.59826	0.06095	0.01990	0.02985	0.04602	0.01990	0.03483	0.02363	0.02736	0.01617	0.01866	0.01493	0.00995	0.00746	0.00249	0.01244	0.00622	0.00498	0.01493
1	0.04216	0.03156	0.03375	0.02635	0.03529	0.03511	0.02161	0.42385	0.11410	0.06999	0.03053	0.03000	0.02189	0.01421	0.01166	0.00355	0.01232	0.01083	0.01166	0.01960
2	0.01691	0.01128	0.01268	0.01268	0.01268	0.01128	0.00705	0.01691	0.01691	0.02255	0.03665	0.07611	0.04228	0.59126	0.05920	0.01128	0.01128	0.01691	0.00705	0.00705
3	0.02903	0.01390	0.01877	0.01795	0.02188	0.01244	0.01326	0.03202	0.02658	0.22404	0.05698	0.37094	0.05810	0.02782	0.01361	0.00428	0.00798	0.02471	0.01220	0.01349
4	0.01442	0.01032	0.01372	0.01602	0.01692	0.00961	0.01082	0.01683	0.02344	0.03155	0.11327	0.52921	0.08052	0.03505	0.01472	0.00461	0.00661	0.03174	0.01102	0.00961
5	0.02163	0.01303	0.01720	0.01551	0.01916	0.01186	0.01186	0.02697	0.03297	0.11606	0.44510	0.08004	0.09804	0.02242	0.01343	0.00365	0.00612	0.01968	0.01303	0.01225
6	0.03109	0.59826	0.06095	0.01990	0.02985	0.04602	0.01990	0.03483	0.02363	0.02736	0.01617	0.01866	0.01493	0.00995	0.00746	0.00249	0.01244	0.00622	0.00498	0.01493
7	0.04392	0.01797	0.02434	0.01929	0.02684	0.01568	0.01568	0.04865	0.03320	0.41575	0.15379	0.05052	0.04751	0.01656	0.01216	0.00361	0.00888	0.01385	0.01403	0.01775
8	0.01450	0.01038	0.01379	0.01597	0.01694	0.00967	0.01082	0.01703	0.02381	0.03214	0.12895	0.51184	0.08167	0.03461	0.01468	0.00457	0.00657	0.03132	0.01109	0.00967
9	0.03801	0.02185	0.03477	0.02672	0.03486	0.02031	0.12249	0.08453	0.03278	0.26852	0.08963	0.09831	0.03883	0.01657	0.01270	0.00379	0.01163	0.01525	0.01162	0.01684
10	0.03556	0.03820	0.22361	0.03420	0.09235	0.02501	0.07719	0.08519	0.03072	0.19747	0.02994	0.03085	0.02041	0.01220	0.01164	0.00364	0.01434	0.01049	0.00878	0.01824
11	0.02678	0.02933	0.13806	0.02769	0.03482	0.02412	0.07121	0.07482	0.02630	0.08745	0.03190	0.12190	0.02922	0.02763	0.08866	0.00612	0.11715	0.01446	0.00783	0.01456

[dist]
# distance from previous block
# <min> <max>
4	29

[block]
# block no. 1 follows, 10 sequences, length 32
# corresponding to MSA columns:
# 67-98
name=unknown_B
#
# <colnr> <probs for GDERKNQSTAVLIFYWHMCP>
#	G	D	E	R	K	N	Q	S	T	A	V	L	I	F	Y	W	H	M	C	P
0	0.02554	0.03052	0.16262	0.25757	0.10609	0.02368	0.03155	0.03376	0.02493	0.08698	0.02809	0.08701	0.02340	0.01421	0.01180	0.00384	0.01425	0.01238	0.00676	0.01501
1	0.03562	0.03408	0.14519	0.08740	0.04425	0.02809	0.06339	0.17233	0.08610	0.13948	0.03065	0.03164	0.02139	0.01300	0.01171	0.00368	0.01369	0.01082	0.00950	0.01797
2	0.09659	0.03420	0.11702	0.17257	0.14240	0.08054	0.06653	0.08418	0.02849	0.04005	0.02122	0.02696	0.01623	0.01135	0.01111	0.00361	0.01536	0.00964	0.00630	0.01565
3	0.02719	0.03021	0.11386	0.09623	0.17877	0.02410	0.02762	0.07944	0.02796	0.04056	0.02181	0.02668	0.01725	0.01039	0.01048	0.00295	0.01267	0.00891	0.00656	0.23636
4	0.02399	0.02697	0.10492	0.01976	0.03119	0.01734	0.01843	0.03049	0.02419	0.03773	0.02070	0.02419	0.01683	0.00900	0.00900	0.00204	0.00998	0.00716	0.00658	0.55951
5	0.02445	0.02136	0.03181	0.32181	0.10873	0.02487	0.02638	0.06864	0.07409	0.03502	0.02670	0.03898	0.02251	0.10451	0.01922	0.00498	0.01377	0.01169	0.00675	0.01372
6	0.01612	0.01126	0.01426	0.01510	0.01720	0.01051	0.01106	0.02013	0.02718	0.03795	0.23265	0.26574	0.12211	0.02844	0.01375	0.00410	0.00639	0.05865	0.07710	0.01029
7	0.02748	0.01549	0.01739	0.01523	0.01967	0.01556	0.01191	0.10141	0.03195	0.10091	0.13570	0.04952	0.04469	0.01583	0.01023	0.00313	0.00709	0.01299	0.35055	0.01326
8	0.01536	0.01126	0.01442	0.01487	0.01702	0.01031	0.01068	0.01936	0.02849	0.03905	0.31252	0.26324	0.14264	0.02882	0.01411	0.00406	0.00597	0.02562	0.01188	0.01031
9	0.02333	0.06016	0.53100	0.03315	0.05034	0.02701	0.04297	0.03683	0.02455	0.03683	0.02087	0.02455	0.01473	0.01105	0.01105	0.00368	0.01719	0.00859	0.00491	0.01719
10	0.01504	0.01148	0.01382	0.01398	0.01669	0.01025	0.01020	0.01892	0.02846	0.03781	0.28170	0.20053	0.24215	0.02841	0.01397	0.00398	0.00589	0.02479	0.01169	0.01025
11	0.67341	0.02249	0.01709	0.01529	0.02249	0.02609	0.01260	0.03419	0.01979	0.05218	0.01619	0.01889	0.01260	0.01080	0.00720	0.00360	0.00900	0.00630	0.00720	0.01260
12	0.02838	0.01965	0.02112	0.01825	0.02350	0.02121	0.01437	0.15636	0.12485	0.05306	0.11268	0.04610	0.04091	0.01572	0.01069	0.00331	0.00817	0.01281	0.25413	0.01475
13	0.67341	0.02249	0.01709	0.01529	0.02249	0.02609	0.01260	0.03419	0.01979	0.05218	0.01619	0.01889	0.01260	0.01080	0.00720	0.00360	0.00900	0.00630	0.00720	0.01260
14	0.04256	0.03176	0.03398	0.02643	0.03544	0.03530	0.02171	0.43487	0.10243	0.07064	0.03002	0.02959	0.02147	0.01416	0.01166	0.00354	0.01241	0.01076	0.01166	0.01963
15	0.67341	0.02249	0.01709	0.01529	0.02249	0.02609	0.01260	0.03419	0.01979	0.05218	0.01619	0.01889	0.01260	0.01080	0.00720	0.00360	0.00900	0.00630	0.00720	0.01260
16	0.01665	0.01234	0.01808	0.01808	0.01995	0.01421	0.01378	0.02038	0.01851	0.02655	0.03171	0.04878	0.03042	0.13846	0.49577	0.01794	0.02913	0.01291	0.00631	0.01005
17	0.01592	0.01187	0.01480	0.01407	0.01705	0.01075	0.01055	0.02091	0.03165	0.04362	0.43439	0.09184	0.18980	0.02490	0.01372	0.00371	0.00557	0.02173	0.01241	0.01075
18	0.02253	0.01422	0.01626	0.01525	0.01986	0.01284	0.01158	0.02827	0.06874	0.12774	0.08923	0.16720	0.30893	0.02647	0.01336	0.00399	0.00709	0.02243	0.01158	0.01243
19	0.02629	0.01439	0.01541	0.01425	0.01834	0.01482	0.01098	0.03663	0.11188	0.09643	0.04051	0.04296	0.03074	0.01405	0.00919	0.00303	0.00659	0.01135	0.46897	0.01319
20	0.04421	0.03258	0.03490	0.02676	0.03607	0.03607	0.02211	0.47993	0.05468	0.07330	0.02792	0.02792	0.01978	0.01396	0.01163	0.00349	0.01280	0.01047	0.01163	0.01978
21	0.03377	0.02447	0.02519	0.02240	0.02680	0.11888	0.01737	0.03715	0.02802	0.18741	0.08132	0.17126	0.04293	0.02111	0.01663	0.00400	0.10015	0.01671	0.01028	0.01414
22	0.05218	0.01979	0.02699	0.02069	0.02969	0.01709	0.01709	0.05668	0.03329	0.52677	0.04588	0.03959	0.02879	0.01439	0.01170	0.00360	0.00990	0.01170	0.01439	0.01979
23	0.01566	0.01190	0.01636	0.07297	0.02442	0.01180	0.01408	0.01890	0.02353	0.03069	0.06483	0.40529	0.11464	0.03246	0.01459	0.00465	0.00819	0.09477	0.01020	0.01004
24	0.01934	0.01298	0.01814	0.10343	0.02817	0.01290	0.01468	0.02263	0.02401	0.08179	0.06081	0.39011	0.10716	0.02946	0.01389	0.00439	0.00838	0.02633	0.01028	0.01112
25	0.02600	0.01320	0.01741	0.01698	0.02004	0.01203	0.01209	0.02844	0.02472	0.17753	0.05427	0.33969	0.05697	0.11828	0.02097	0.00543	0.00841	0.02408	0.01128	0.01217
26	0.02595	0.02292	0.03804	0.27954	0.10669	0.02534	0.10297	0.07971	0.02787	0.03872	0.02481	0.03248	0.01891	0.01175	0.01141	0.00361	0.01413	0.01101	0.10977	0.01436
27	0.08463	0.03337	0.15150	0.03303	0.04277	0.02712	0.15601	0.03936	0.02560	0.14309	0.02562	0.02949	0.01855	0.01318	0.01683	0.00400	0.12143	0.01086	0.00747	0.01609
28	0.02651	0.02628	0.10743	0.02895	0.07997	0.02281	0.02318	0.07797	0.02686	0.08797	0.03768	0.21347	0.03796	0.02189	0.01770	0.00425	0.11823	0.01776	0.00871	0.01443
29	0.44021	0.02178	0.02020	0.01800	0.02488	0.02414	0.01501	0.08024	0.02586	0.10112	0.02772	0.03987	0.02368	0.01489	0.00953	0.00387	0.00975	0.07649	0.00896	0.01378
30	0.02199	0.01463	0.01949	0.02317	0.09732	0.01363	0.01442	0.02622	0.02646	0.08737	0.10072	0.17251	0.16909	0.02275	0.01232	0.00373	0.00763	0.01977	0.13434	0.01245
31	0.15531	0.02702	0.10474	0.02191	0.03019	0.02254	0.02034	0.04017	0.06775	0.16249	0.08090	0.03562	0.03019	0.01433	0.01338	0.00361	0.06796	0.01066	0.00938	0.08151

[dist]
# distance from previous block
# <min> <max>
0	27

[block]
# block no. 2 follows, 10 sequences, length 26
# corresponding to MSA columns:
# 126-151
name=unknown_C
#
# <colnr> <probs for GDERKNQSTAVLIFYWHMCP>
#	G	D	E	R	K	N	Q	S	T	A	V	L	I	F	Y	W	H	M	C	P
0	0.03774	0.02092	0.02516	0.02080	0.02711	0.02139	0.01625	0.12992	0.12155	0.21835	0.03768	0.04084	0.02823	0.07364	0.02161	0.10919	0.01050	0.01198	0.01118	0.01596
1	0.02964	0.02576	0.04176	0.16739	0.05087	0.02925	0.13645	0.07757	0.07335	0.08431	0.02586	0.03163	0.01959	0.01396	0.01797	0.00410	0.13616	0.01155	0.00744	0.01537
2	0.01923	0.01389	0.01648	0.01692	0.01913	0.01467	0.01220	0.02757	0.11193	0.03335	0.04769	0.19404	0.04944	0.17278	0.07520	0.00738	0.01094	0.06353	0.08269	0.01094
3	0.01580	0.01272	0.01769	0.11976	0.02904	0.01314	0.01482	0.01932	0.02304	0.02982	0.06441	0.32412	0.15607	0.03502	0.06449	0.00572	0.01055	0.02491	0.00929	0.01028
4	0.15024	0.02167	0.02631	0.02052	0.02927	0.02068	0.01695	0.10105	0.03356	0.39979	0.03912	0.03497	0.02519	0.01377	0.01097	0.00359	0.01008	0.01070	0.01294	0.01864
5	0.02578	0.02036	0.02256	0.01977	0.02522	0.02186	0.01544	0.12250	0.19757	0.05078	0.21623	0.06326	0.11048	0.01974	0.01267	0.00375	0.00821	0.01666	0.01203	0.01511
6	0.03109	0.59826	0.06095	0.01990	0.02985	0.04602	0.01990	0.03483	0.02363	0.02736	0.01617	0.01866	0.01493	0.00995	0.00746	0.00249	0.01244	0.00622	0.00498	0.01493
7	0.01571	0.01328	0.01532	0.01454	0.01774	0.01290	0.01118	0.01926	0.02722	0.03496	0.20829	0.09615	0.35618	0.02701	0.01637	0.00398	0.06667	0.02209	0.01070	0.01043
8	0.04360	0.05090	0.03334	0.02933	0.03598	0.44375	0.02240	0.13239	0.03727	0.03735	0.01995	0.02235	0.01593	0.01238	0.01071	0.00309	0.01935	0.00808	0.00711	0.01473
9	0.02951	0.02757	0.10861	0.02271	0.03399	0.01864	0.05241	0.03622	0.02615	0.12971	0.02566	0.02762	0.01904	0.01018	0.00995	0.00255	0.01101	0.00856	0.00792	0.39200
10	0.03558	0.13151	0.04286	0.08536	0.11666	0.02663	0.08531	0.04143	0.02777	0.19453	0.02864	0.03056	0.02065	0.01149	0.01087	0.00327	0.01277	0.01017	0.00849	0.07546
11	0.05218	0.01979	0.02699	0.02069	0.02969	0.01709	0.01709	0.05668	0.03329	0.52677	0.04588	0.03959	0.02879	0.01439	0.01170	0.00360	0.00990	0.01170	0.01439	0.01979
12	0.02512	0.01320	0.01726	0.01619	0.01985	0.01201	0.01213	0.02932	0.02893	0.15946	0.21380	0.21912	0.07161	0.02418	0.01297	0.00386	0.00694	0.02126	0.08011	0.01268
13	0.03581	0.03577	0.21292	0.02739	0.03741	0.02476	0.02837	0.04317	0.02672	0.23899	0.03007	0.03101	0.02071	0.01447	0.01724	0.00395	0.13482	0.01023	0.00890	0.01730
14	0.04253	0.02314	0.02913	0.02352	0.03065	0.02448	0.01925	0.10105	0.12294	0.30360	0.03925	0.03675	0.02691	0.01556	0.01593	0.00389	0.09931	0.01160	0.01211	0.01840
15	0.03125	0.02146	0.02346	0.02075	0.02697	0.02360	0.01624	0.05437	0.33350	0.12380	0.04531	0.04278	0.03335	0.01513	0.01111	0.00365	0.00859	0.01248	0.13500	0.01719
16	0.03638	0.02784	0.09369	0.13552	0.12309	0.02409	0.07441	0.07201	0.03013	0.21857	0.03095	0.03292	0.02128	0.01234	0.01179	0.00366	0.01361	0.01101	0.00913	0.01756
17	0.03613	0.02775	0.11503	0.07660	0.04232	0.02138	0.11939	0.04360	0.02874	0.24483	0.03396	0.03510	0.02309	0.01254	0.01162	0.00361	0.01313	0.01141	0.08291	0.01687
18	0.02893	0.02498	0.02630	0.02367	0.03024	0.02893	0.01841	0.06180	0.49770	0.04865	0.04734	0.04339	0.03550	0.01578	0.01183	0.00394	0.00920	0.01315	0.01183	0.01841
19	0.01559	0.01071	0.01408	0.01653	0.01771	0.01020	0.01181	0.01846	0.02318	0.03177	0.06128	0.46151	0.07096	0.03363	0.01442	0.00464	0.00726	0.09589	0.07058	0.00978
20	0.02997	0.02483	0.08045	0.21632	0.05129	0.02383	0.07686	0.03693	0.02568	0.14612	0.02801	0.03311	0.02019	0.01314	0.01432	0.00381	0.07363	0.01091	0.07564	0.01496
21	0.04476	0.02845	0.03030	0.10964	0.03966	0.12614	0.02113	0.09602	0.03393	0.29888	0.03434	0.03323	0.02294	0.01342	0.01144	0.00351	0.01332	0.01051	0.01094	0.01743
22	0.02545	0.02545	0.03562	0.03053	0.03053	0.03562	0.02545	0.02799	0.01781	0.02799	0.01527	0.02545	0.01527	0.02036	0.03817	0.00509	0.56997	0.01018	0.00509	0.01272
23	0.31572	0.03767	0.16258	0.02770	0.03819	0.08567	0.10517	0.03682	0.02391	0.04279	0.01894	0.02286	0.01433	0.01082	0.00975	0.00361	0.01441	0.00837	0.00623	0.01445
24	0.01555	0.01159	0.01447	0.01431	0.01696	0.01050	0.01052	0.01998	0.02994	0.04089	0.36210	0.17103	0.18545	0.02693	0.01390	0.00388	0.00577	0.02365	0.01208	0.01050
25	0.10591	0.07987	0.03343	0.14773	0.04185	0.02834	0.02220	0.12033	0.03086	0.17626	0.02743	0.02970	0.01954	0.01348	0.01355	0.00369	0.07068	0.00988	0.00908	0.01620

[dist]
# distance from previous block
# <min> <max>
1	24

[block]
# block no. 3 follows, 10 sequences, length 12
# corresponding to MSA columns:
# 176-187
name=unknown_D
#
# <colnr> <probs for GDERKNQSTAVLIFYWHMCP>
#	G	D	E	R	K	N	Q	S	T	A	V	L	I	F	Y	W	H	M	C	P
0	0.02092	0.01253	0.01527	0.01410	0.01771	0.01143	0.01074	0.02587	0.03027	0.09588	0.30552	0.07743	0.15172	0.02171	0.01242	0.00351	0.00602	0.01863	0.13661	0.01172
1	0.02920	0.28781	0.22658	0.02441	0.03630	0.03291	0.02733	0.03676	0.02580	0.08543	0.06416	0.02897	0.02456	0.01203	0.00978	0.00315	0.01332	0.00896	0.00663	0.01593
2	0.01655	0.01287	0.01522	0.01515	0.01817	0.01223	0.01114	0.02349	0.07811	0.03904	0.25878	0.19633	0.20510	0.02721	0.01377	0.00399	0.00626	0.02375	0.01172	0.01112
3	0.02380	0.01401	0.01747	0.01597	0.01964	0.01316	0.01180	0.02948	0.05974	0.13248	0.23765	0.12006	0.11176	0.11605	0.02076	0.00503	0.00768	0.01943	0.01174	0.01228
4	0.01965	0.01725	0.02469	0.22237	0.04292	0.01997	0.02063	0.02716	0.06698	0.03335	0.09816	0.15715	0.10845	0.02145	0.01523	0.00414	0.06173	0.01816	0.00848	0.01208
5	0.30563	0.02152	0.02070	0.01762	0.02443	0.02355	0.01427	0.10436	0.07163	0.11877	0.02922	0.03021	0.02143	0.01277	0.00909	0.00344	0.00899	0.00919	0.13837	0.01484
6	0.03291	0.52013	0.05735	0.02085	0.03071	0.04465	0.02021	0.09630	0.02792	0.03371	0.01779	0.01994	0.01560	0.01050	0.00804	0.00263	0.01249	0.00681	0.00589	0.01560
7	0.01492	0.01066	0.01435	0.01705	0.01805	0.01009	0.01210	0.01749	0.02301	0.03053	0.06369	0.50955	0.07529	0.03573	0.01504	0.00483	0.00740	0.09979	0.01078	0.00965
8	0.02211	0.01221	0.01607	0.01660	0.01884	0.01122	0.01153	0.02435	0.02372	0.12763	0.05668	0.40528	0.06256	0.10868	0.02034	0.00540	0.00800	0.02658	0.01099	0.01117
9	0.20047	0.04115	0.25198	0.02607	0.03833	0.02767	0.02852	0.12612	0.03009	0.09243	0.02331	0.02510	0.01645	0.01187	0.01021	0.00362	0.01351	0.00865	0.00771	0.01674
10	0.09048	0.11528	0.03008	0.01818	0.02789	0.02179	0.01533	0.03610	0.02547	0.13478	0.02454	0.02582	0.01873	0.01018	0.00891	0.00239	0.00953	0.00768	0.00810	0.36874
11	0.01912	0.10942	0.02553	0.01957	0.02163	0.02048	0.01511	0.02152	0.02163	0.02898	0.04684	0.38351	0.05488	0.02900	0.01813	0.00443	0.11626	0.02425	0.00874	0.01098

[dist]
# distance from previous block
# <min> <max>
3	23

[block]
# block no. 4 follows, 10 sequences, length 23
# corresponding to MSA columns:
# 211-233
name=unknown_E
#
# <colnr> <probs for GDERKNQSTAVLIFYWHMCP>
#	G	D	E	R	K	N	Q	S	T	A	V	L	I	F	Y	W	H	M	C	P
0	0.02714	0.02900	0.12568	0.19264	0.11369	0.02407	0.10603	0.03551	0.02581	0.08706	0.02617	0.03211	0.01931	0.01159	0.01144	0.00362	0.01443	0.01082	0.08859	0.01530
1	0.52650	0.02366	0.02396	0.02808	0.13559	0.02644	0.01786	0.03453	0.02132	0.04895	0.01749	0.02115	0.01392	0.01070	0.00818	0.00357	0.01010	0.00722	0.00687	0.01392
2	0.14762	0.01778	0.02435	0.02516	0.07809	0.01787	0.05673	0.03055	0.02476	0.08855	0.04016	0.16227	0.03888	0.01967	0.01162	0.00392	0.00969	0.06936	0.11994	0.01302
3	0.01556	0.01172	0.01305	0.01271	0.01609	0.01034	0.00954	0.01968	0.02861	0.03818	0.25230	0.09569	0.31703	0.02574	0.01315	0.00370	0.00570	0.02184	0.07904	0.01034
4	0.03109	0.59826	0.06095	0.01990	0.02985	0.04602	0.01990	0.03483	0.02363	0.02736	0.01617	0.01866	0.01493	0.00995	0.00746	0.00249	0.01244	0.00622	0.00498	0.01493
5	0.01578	0.01137	0.01494	0.01509	0.01723	0.01052	0.01092	0.02025	0.02977	0.04163	0.38008	0.23365	0.10004	0.02752	0.01405	0.00397	0.00586	0.02459	0.01221	0.01052
6	0.01417	0.01012	0.01350	0.01619	0.01687	0.00945	0.01080	0.01619	0.02227	0.02969	0.06410	0.58367	0.07692	0.03644	0.01484	0.00472	0.00675	0.03306	0.01080	0.00945
7	0.01499	0.01101	0.01406	0.01504	0.01692	0.01008	0.01062	0.01845	0.02687	0.03637	0.24190	0.33457	0.14472	0.03073	0.01428	0.00422	0.00616	0.02740	0.01156	0.01008
8	0.01691	0.01128	0.01268	0.01268	0.01268	0.01128	0.00705	0.01691	0.01691	0.02255	0.03665	0.07611	0.04228	0.59126	0.05920	0.01128	0.01128	0.01691	0.00705	0.00705
9	0.04345	0.05543	0.03296	0.02996	0.03596	0.54457	0.02247	0.04644	0.03296	0.02846	0.01798	0.02097	0.01498	0.01199	0.01049	0.00300	0.02097	0.00749	0.00599	0.01348
10	0.02412	0.02067	0.02412	0.01723	0.02756	0.01550	0.01378	0.02929	0.02412	0.03790	0.02067	0.02412	0.01723	0.00861	0.00861	0.00172	0.00861	0.00689	0.00689	0.66236
11	0.02412	0.02067	0.02412	0.01723	0.02756	0.01550	0.01378	0.02929	0.02412	0.03790	0.02067	0.02412	0.01723	0.00861	0.00861	0.00172	0.00861	0.00689	0.00689	0.66236
12	0.01661	0.01246	0.01869	0.01869	0.02077	0.01454	0.01454	0.02077	0.01869	0.02700	0.03115	0.04569	0.02908	0.08723	0.54517	0.01869	0.03115	0.01246	0.00623	0.01038
13	0.01646	0.01189	0.01555	0.01463	0.01738	0.01097	0.01097	0.02195	0.03292	0.04664	0.51257	0.08688	0.10974	0.02378	0.01372	0.00366	0.00549	0.02103	0.01280	0.01097
14	0.02061	0.01674	0.02025	0.01629	0.02317	0.01341	0.01257	0.02554	0.02671	0.03978	0.18126	0.10487	0.05303	0.01644	0.01091	0.00266	0.00742	0.01422	0.00919	0.38495
15	0.02893	0.02498	0.02630	0.02367	0.03024	0.02893	0.01841	0.06180	0.49770	0.04865	0.04734	0.04339	0.03550	0.01578	0.01183	0.00394	0.00920	0.01315	0.01183	0.01841
16	0.02412	0.02067	0.02412	0.01723	0.02756	0.01550	0.01378	0.02929	0.02412	0.03790	0.02067	0.02412	0.01723	0.00861	0.00861	0.00172	0.00861	0.00689	0.00689	0.66236
17	0.03668	0.35749	0.04986	0.02282	0.03250	0.04178	0.02084	0.22427	0.03685	0.04691	0.02117	0.02260	0.01699	0.01166	0.00924	0.00291	0.01259	0.00803	0.00781	0.01699
18	0.02360	0.05577	0.46834	0.03282	0.04783	0.02810	0.04075	0.03571	0.02370	0.03571	0.02016	0.02467	0.01480	0.01223	0.01448	0.00386	0.08711	0.00879	0.00493	0.01662
19	0.02333	0.06016	0.53100	0.03315	0.05034	0.02701	0.04297	0.03683	0.02455	0.03683	0.02087	0.02455	0.01473	0.01105	0.01105	0.00368	0.01719	0.00859	0.00491	0.01719
20	0.01612	0.01187	0.01507	0.01427	0.01716	0.01083	0.01070	0.02128	0.03211	0.04470	0.46233	0.09007	0.16119	0.02450	0.01372	0.00369	0.00554	0.02148	0.01255	0.01083
21	0.14678	0.02709	0.11149	0.14954	0.04190	0.02416	0.02384	0.07107	0.06734	0.04031	0.02858	0.08593	0.02489	0.02406	0.07894	0.00573	0.01487	0.01209	0.00737	0.01400
22	0.15283	0.09883	0.03372	0.26360	0.05170	0.09312	0.02408	0.03626	0.02496	0.08759	0.02165	0.02680	0.01626	0.01160	0.01012	0.00351	0.01396	0.00883	0.00664	0.01393

[dist]
# distance from previous block
# <min> <max>
0	9

[block]
# block no. 5 follows, 10 sequences, length 31
# corresponding to MSA columns:
# 243-265,270-277
name=unknown_F
#
# <colnr> <probs for GDERKNQSTAVLIFYWHMCP>
#	G	D	E	R	K	N	Q	S	T	A	V	L	I	F	Y	W	H	M	C	P
0	0.20646	0.12264	0.03489	0.13453	0.08925	0.03141	0.02221	0.10503	0.07403	0.04489	0.02253	0.02610	0.01753	0.01175	0.00972	0.00347	0.01199	0.00883	0.00740	0.01534
1	0.57634	0.02405	0.01984	0.01706	0.02459	0.02763	0.01406	0.10296	0.02518	0.05544	0.01800	0.02029	0.01370	0.01128	0.00788	0.00358	0.00958	0.00694	0.00788	0.01370
2	0.01385	0.01136	0.01222	0.01291	0.01601	0.00972	0.00934	0.01656	0.02542	0.03098	0.10407	0.23270	0.40210	0.03124	0.01403	0.00413	0.00611	0.02673	0.01080	0.00972
3	0.04468	0.02624	0.08174	0.02311	0.03265	0.02194	0.02059	0.09891	0.10620	0.35379	0.04158	0.03736	0.02739	0.01421	0.01164	0.00365	0.01087	0.01146	0.01270	0.01930
4	0.04322	0.02449	0.03744	0.07354	0.04136	0.02371	0.11157	0.12636	0.03510	0.30493	0.03603	0.03512	0.02381	0.01316	0.01209	0.00367	0.01284	0.01177	0.01141	0.01838
5	0.05133	0.02116	0.02784	0.02134	0.03037	0.01913	0.01763	0.10206	0.03558	0.47814	0.04396	0.03834	0.02782	0.01435	0.01169	0.00359	0.01021	0.01156	0.01410	0.01979
6	0.02020	0.01010	0.01515	0.01515	0.01515	0.01010	0.01010	0.01515	0.01515	0.02020	0.02020	0.03535	0.02020	0.04040	0.04545	0.66162	0.01010	0.01010	0.00505	0.00505
7	0.05218	0.01979	0.02699	0.02069	0.02969	0.01709	0.01709	0.05668	0.03329	0.52677	0.04588	0.03959	0.02879	0.01439	0.01170	0.00360	0.00990	0.01170	0.01439	0.01979
8	0.67341	0.02249	0.01709	0.01529	0.02249	0.02609	0.01260	0.03419	0.01979	0.05218	0.01619	0.01889	0.01260	0.01080	0.00720	0.00360	0.00900	0.00630	0.00720	0.01260
9	0.67341	0.02249	0.01709	0.01529	0.02249	0.02609	0.01260	0.03419	0.01979	0.05218	0.01619	0.01889	0.01260	0.01080	0.00720	0.00360	0.00900	0.00630	0.00720	0.01260
10	0.03166	0.02472	0.07672	0.02531	0.07140	0.06839	0.01962	0.03647	0.02872	0.17845	0.14671	0.04671	0.04370	0.02432	0.06044	0.06646	0.01285	0.01300	0.00987	0.01449
11	0.02418	0.12180	0.03817	0.36556	0.10558	0.02803	0.02798	0.03091	0.02374	0.03147	0.02175	0.02989	0.01713	0.01141	0.01053	0.00347	0.01378	0.00967	0.07139	0.01358
12	0.67341	0.02249	0.01709	0.01529	0.02249	0.02609	0.01260	0.03419	0.01979	0.05218	0.01619	0.01889	0.01260	0.01080	0.00720	0.00360	0.00900	0.00630	0.00720	0.01260
13	0.02196	0.02067	0.03488	0.56331	0.08010	0.02584	0.03230	0.02972	0.02326	0.02972	0.02067	0.03101	0.01550	0.01163	0.01163	0.00388	0.01550	0.01034	0.00517	0.01292
14	0.02145	0.03617	0.24790	0.22131	0.05449	0.02337	0.03268	0.03127	0.02577	0.03623	0.11958	0.03941	0.03410	0.01382	0.01179	0.00375	0.01423	0.01172	0.00659	0.01440
15	0.01646	0.01189	0.01555	0.01463	0.01738	0.01097	0.01097	0.02195	0.03292	0.04664	0.51257	0.08688	0.10974	0.02378	0.01372	0.00366	0.00549	0.02103	0.01280	0.01097
16	0.01573	0.01257	0.01422	0.01430	0.01753	0.01159	0.01052	0.02156	0.06572	0.03621	0.19816	0.19119	0.29187	0.02830	0.01379	0.00402	0.00623	0.02440	0.01137	0.01073
17	0.03109	0.59826	0.06095	0.01990	0.02985	0.04602	0.01990	0.03483	0.02363	0.02736	0.01617	0.01866	0.01493	0.00995	0.00746	0.00249	0.01244	0.00622	0.00498	0.01493
18	0.02196	0.02067	0.03488	0.56331	0.08010	0.02584	0.03230	0.02972	0.02326	0.02972	0.02067	0.03101	0.01550	0.01163	0.01163	0.00388	0.01550	0.01034	0.00517	0.01292
19	0.01478	0.01081	0.01352	0.01489	0.01637	0.00996	0.01016	0.01737	0.02430	0.03228	0.14978	0.37246	0.14682	0.08745	0.01882	0.00505	0.00683	0.02802	0.01079	0.00954
20	0.01417	0.01012	0.01350	0.01619	0.01687	0.00945	0.01080	0.01619	0.02227	0.02969	0.06410	0.58367	0.07692	0.03644	0.01484	0.00472	0.00675	0.03306	0.01080	0.00945
21	0.02503	0.02063	0.02439	0.01843	0.02739	0.01747	0.01475	0.07436	0.02643	0.03986	0.02304	0.02784	0.01932	0.02129	0.09170	0.00452	0.01252	0.00812	0.00728	0.49563
22	0.02479	0.20910	0.03764	0.02244	0.02844	0.02681	0.06372	0.07501	0.02717	0.03488	0.03998	0.23647	0.04326	0.02212	0.01207	0.00383	0.01099	0.05970	0.00845	0.01313
23	0.01521	0.01123	0.01422	0.01476	0.01693	0.01024	0.01058	0.01905	0.02806	0.03814	0.28883	0.27114	0.16019	0.02925	0.01413	0.00409	0.00601	0.02594	0.01177	0.01024
24	0.02687	0.02553	0.07967	0.13276	0.11589	0.02064	0.02389	0.03356	0.02518	0.08026	0.02315	0.02760	0.01788	0.01022	0.01016	0.00277	0.01170	0.00869	0.00687	0.31670
25	0.03261	0.28998	0.04562	0.06995	0.07970	0.03647	0.02177	0.15010	0.03207	0.04219	0.02236	0.02555	0.01808	0.01154	0.00934	0.00298	0.01220	0.00853	0.07302	0.01594
26	0.02264	0.01214	0.01654	0.01676	0.01912	0.01116	0.01192	0.02436	0.02425	0.12561	0.09421	0.34941	0.06185	0.03166	0.01886	0.10575	0.00776	0.02432	0.01078	0.01090
27	0.01417	0.01012	0.01350	0.01619	0.01687	0.00945	0.01080	0.01619	0.02227	0.02969	0.06410	0.58367	0.07692	0.03644	0.01484	0.00472	0.00675	0.03306	0.01080	0.00945
28	0.04299	0.02719	0.03270	0.10785	0.04109	0.02922	0.02229	0.29292	0.04389	0.19253	0.03179	0.03164	0.02162	0.01372	0.01165	0.00358	0.01241	0.01079	0.01140	0.01872
29	0.02697	0.02058	0.02441	0.01758	0.02778	0.01567	0.01412	0.03207	0.02505	0.08763	0.02324	0.02569	0.01840	0.00920	0.00893	0.00191	0.00874	0.00738	0.00765	0.59699
30	0.13986	0.13754	0.04256	0.12960	0.04540	0.11072	0.11470	0.03857	0.06953	0.03623	0.02173	0.02631	0.01713	0.01124	0.01036	0.00345	0.01491	0.00939	0.00638	0.01441

[dist]
# distance from previous block
# <min> <max>
0	1

[block]
# block no. 6 follows, 10 sequences, length 17
# corresponding to MSA columns:
# 279-295
name=unknown_G
#
# <colnr> <probs for GDERKNQSTAVLIFYWHMCP>
#	G	D	E	R	K	N	Q	S	T	A	V	L	I	F	Y	W	H	M	C	P
0	0.67341	0.02249	0.01709	0.01529	0.02249	0.02609	0.01260	0.03419	0.01979	0.05218	0.01619	0.01889	0.01260	0.01080	0.00720	0.00360	0.00900	0.00630	0.00720	0.01260
1	0.02368	0.03618	0.21748	0.02866	0.03818	0.02548	0.06534	0.03787	0.12779	0.03762	0.04048	0.04925	0.07721	0.01714	0.01546	0.00412	0.07961	0.05538	0.00773	0.01537
2	0.01956	0.01209	0.01530	0.01603	0.01751	0.01166	0.01119	0.02154	0.02173	0.07105	0.05000	0.22882	0.05566	0.27684	0.03423	0.00761	0.00975	0.10043	0.00945	0.00954
3	0.01543	0.01084	0.01294	0.01408	0.01476	0.01035	0.00882	0.01659	0.02015	0.02647	0.05644	0.29496	0.10434	0.29955	0.03582	0.00776	0.00881	0.02453	0.00901	0.00834
4	0.01831	0.01214	0.01586	0.01758	0.01993	0.01192	0.01432	0.02312	0.02621	0.03704	0.10836	0.18514	0.06586	0.02809	0.01396	0.00451	0.00835	0.23510	0.14362	0.01055
5	0.01590	0.01187	0.01477	0.01405	0.01703	0.01074	0.01053	0.02087	0.03160	0.04351	0.43140	0.09203	0.19287	0.02494	0.01372	0.00371	0.00557	0.02176	0.01239	0.01074
6	0.03327	0.01838	0.02259	0.02020	0.02588	0.01833	0.01554	0.04567	0.17173	0.22635	0.05199	0.20971	0.04579	0.02166	0.01272	0.00405	0.00871	0.01878	0.01250	0.01616
7	0.01572	0.01158	0.01509	0.01512	0.01748	0.01094	0.01112	0.02008	0.02844	0.03933	0.32427	0.18699	0.13624	0.03418	0.07431	0.00561	0.00870	0.02290	0.01143	0.01047
8	0.03464	0.02861	0.13252	0.02475	0.03270	0.02264	0.02333	0.04335	0.07570	0.23040	0.03775	0.09919	0.02997	0.01747	0.01645	0.00404	0.10620	0.01348	0.01013	0.01667
9	0.02508	0.04795	0.33491	0.03988	0.05477	0.02803	0.22682	0.03701	0.02578	0.03701	0.02200	0.02745	0.01597	0.01052	0.01218	0.00378	0.01821	0.01077	0.00532	0.01655
10	0.04345	0.05543	0.03296	0.02996	0.03596	0.54457	0.02247	0.04644	0.03296	0.02846	0.01798	0.02097	0.01498	0.01199	0.01049	0.00300	0.02097	0.00749	0.00599	0.01348
11	0.02780	0.25772	0.21077	0.03739	0.14159	0.03464	0.06832	0.03586	0.02484	0.03347	0.01949	0.02374	0.01582	0.01038	0.00999	0.00320	0.01486	0.00848	0.00519	0.01645
12	0.02190	0.01877	0.02148	0.01606	0.02503	0.01429	0.01272	0.02659	0.02463	0.03651	0.04146	0.04291	0.12352	0.01307	0.00971	0.00219	0.00803	0.01067	0.00773	0.52274
13	0.02376	0.04108	0.28143	0.14535	0.10090	0.02467	0.03449	0.03380	0.02440	0.03566	0.02090	0.02627	0.01575	0.01064	0.01076	0.00333	0.01487	0.00882	0.00542	0.13771
14	0.16816	0.05177	0.41651	0.02917	0.04413	0.02681	0.03620	0.03624	0.02349	0.04025	0.01983	0.02329	0.01426	0.01099	0.01019	0.00366	0.01536	0.00808	0.00542	0.01617
15	0.01956	0.01249	0.01562	0.01572	0.01898	0.01123	0.01191	0.02324	0.02752	0.09343	0.16952	0.22792	0.20414	0.02869	0.01406	0.00421	0.00706	0.07183	0.01163	0.01124
16	0.01704	0.01275	0.01636	0.01785	0.02089	0.01208	0.01498	0.02172	0.02743	0.03524	0.13140	0.12039	0.20027	0.03037	0.01512	0.00474	0.00871	0.27121	0.01098	0.01049

[dist]
# distance from previous block
# <min> <max>
0	13

[block]
# block no. 7 follows, 10 sequences, length 19
# corresponding to MSA columns:
# 309-327
name=unknown_H
#
# <colnr> <probs for GDERKNQSTAVLIFYWHMCP>
#	G	D	E	R	K	N	Q	S	T	A	V	L	I	F	Y	W	H	M	C	P
0	0.03028	0.01481	0.01983	0.01719	0.02217	0.01322	0.01336	0.03501	0.03193	0.23385	0.28090	0.12136	0.07436	0.02144	0.01304	0.00375	0.00736	0.01864	0.01322	0.01428
1	0.09657	0.01978	0.02543	0.08647	0.09268	0.02123	0.01967	0.11692	0.02968	0.04262	0.04103	0.22858	0.04293	0.02253	0.01270	0.00416	0.01051	0.06367	0.00930	0.01354
2	0.03057	0.02965	0.09125	0.12281	0.04618	0.02813	0.10061	0.17530	0.08370	0.04632	0.02625	0.03127	0.01986	0.01608	0.01622	0.08700	0.01417	0.01103	0.00800	0.01560
3	0.02614	0.01913	0.02805	0.32293	0.05472	0.02222	0.02396	0.03624	0.08465	0.09001	0.03034	0.03603	0.02241	0.01285	0.01095	0.00362	0.01204	0.01094	0.13881	0.01396
4	0.08759	0.02856	0.04033	0.20848	0.18780	0.07639	0.07870	0.08415	0.02872	0.03963	0.02148	0.02805	0.01673	0.01129	0.01132	0.00361	0.01511	0.01011	0.00639	0.01557
5	0.05218	0.01979	0.02699	0.02069	0.02969	0.01709	0.01709	0.05668	0.03329	0.52677	0.04588	0.03959	0.02879	0.01439	0.01170	0.00360	0.00990	0.01170	0.01439	0.01979
6	0.03109	0.59826	0.06095	0.01990	0.02985	0.04602	0.01990	0.03483	0.02363	0.02736	0.01617	0.01866	0.01493	0.00995	0.00746	0.00249	0.01244	0.00622	0.00498	0.01493
7	0.02333	0.06016	0.53100	0.03315	0.05034	0.02701	0.04297	0.03683	0.02455	0.03683	0.02087	0.02455	0.01473	0.01105	0.01105	0.00368	0.01719	0.00859	0.00491	0.01719
8	0.02333	0.06016	0.53100	0.03315	0.05034	0.02701	0.04297	0.03683	0.02455	0.03683	0.02087	0.02455	0.01473	0.01105	0.01105	0.00368	0.01719	0.00859	0.00491	0.01719
9	0.02785	0.02117	0.02994	0.14246	0.04037	0.02361	0.05595	0.09091	0.08134	0.08677	0.07123	0.09684	0.03486	0.01711	0.01456	0.00390	0.06486	0.01435	0.06738	0.01453
10	0.01417	0.01012	0.01350	0.01619	0.01687	0.00945	0.01080	0.01619	0.02227	0.02969	0.06410	0.58367	0.07692	0.03644	0.01484	0.00472	0.00675	0.03306	0.01080	0.00945
11	0.02928	0.02335	0.02845	0.02698	0.07175	0.02630	0.01948	0.17319	0.10706	0.04808	0.09152	0.04405	0.03612	0.07783	0.07749	0.00614	0.07507	0.01300	0.00954	0.01533
12	0.01494	0.01183	0.01344	0.01304	0.01644	0.01033	0.00978	0.01900	0.02933	0.03812	0.29152	0.10091	0.33611	0.02696	0.01373	0.00381	0.00571	0.02300	0.01168	0.01033
13	0.01488	0.01083	0.01413	0.01617	0.01760	0.01008	0.01149	0.01774	0.02435	0.03229	0.11872	0.43395	0.12143	0.03389	0.01475	0.00460	0.00696	0.07533	0.01101	0.00979
14	0.02407	0.02326	0.03671	0.31079	0.11792	0.02956	0.03028	0.02986	0.02172	0.03015	0.01889	0.02874	0.01579	0.01458	0.02109	0.00426	0.21329	0.01028	0.00521	0.01355
15	0.02616	0.01294	0.01569	0.01474	0.01782	0.01216	0.01051	0.02925	0.02411	0.14994	0.04474	0.15962	0.04231	0.17035	0.02376	0.00558	0.00829	0.01711	0.20322	0.01169
16	0.02519	0.13599	0.03247	0.15297	0.03827	0.02596	0.01980	0.07394	0.07846	0.03841	0.14008	0.04328	0.04084	0.01803	0.01505	0.07646	0.01097	0.01233	0.00826	0.01324
17	0.02481	0.02357	0.04002	0.35826	0.26293	0.02659	0.03371	0.03221	0.02460	0.03317	0.02117	0.03008	0.01672	0.01110	0.01158	0.00370	0.01480	0.01035	0.00541	0.01521
18	0.09693	0.19229	0.09280	0.10993	0.08419	0.02883	0.02328	0.03130	0.02340	0.03400	0.02450	0.09435	0.02317	0.01367	0.00993	0.00325	0.01206	0.01100	0.00627	0.08485

[dist]
# distance from previous block
# <min> <max>
0	161

# created by:
# /st0/software/busco_prod/Augustus/scripts/msa2prfl.pl ./align_prep/9298.fa
