[name]
unknown

[dist]
# distance from previous block
# <min> <max>
0	40

[block]
# block no. 0 follows, 13 sequences, length 12
# corresponding to MSA columns:
# 41-52
name=unknown_A
#
# <colnr> <probs for GDERKNQSTAVLIFYWHMCP>
#	G	D	E	R	K	N	Q	S	T	A	V	L	I	F	Y	W	H	M	C	P
0	0.01711	0.01273	0.01668	0.01847	0.02115	0.01285	0.01556	0.02380	0.07160	0.03210	0.05934	0.15797	0.10121	0.02801	0.01397	0.00459	0.00890	0.36391	0.00984	0.01020
1	0.01997	0.01879	0.03171	0.60301	0.07282	0.02349	0.02936	0.02701	0.02114	0.02701	0.01879	0.02819	0.01409	0.01057	0.01057	0.00352	0.01409	0.00940	0.00470	0.01175
2	0.02469	0.02310	0.07250	0.19493	0.18708	0.02202	0.06594	0.06425	0.02491	0.07679	0.02759	0.11732	0.02460	0.01385	0.01111	0.00348	0.01230	0.01277	0.00674	0.01404
3	0.02450	0.01871	0.02540	0.13567	0.07171	0.05690	0.05780	0.02960	0.02587	0.11938	0.13296	0.05065	0.12236	0.01554	0.01105	0.00329	0.01004	0.01354	0.06260	0.01242
4	0.01497	0.01053	0.01336	0.01320	0.01454	0.01035	0.00902	0.01771	0.02224	0.03096	0.26083	0.11467	0.06604	0.25378	0.09542	0.00757	0.00977	0.01770	0.00885	0.00848
5	0.03419	0.02663	0.02835	0.02311	0.03050	0.02999	0.01864	0.32381	0.26288	0.05696	0.03301	0.03146	0.02415	0.01341	0.01066	0.00335	0.01022	0.01057	0.01066	0.01744
6	0.02108	0.01879	0.02615	0.26929	0.04568	0.01815	0.01980	0.02679	0.02159	0.03124	0.01879	0.02463	0.01498	0.00901	0.00901	0.00241	0.01054	0.00762	0.00559	0.39885
7	0.02884	0.02580	0.11108	0.07772	0.16342	0.02029	0.02368	0.03690	0.06160	0.15682	0.02606	0.02798	0.01905	0.01043	0.00987	0.00291	0.01095	0.00892	0.00750	0.17017
8	0.36104	0.28554	0.03345	0.01609	0.02384	0.03091	0.01463	0.03291	0.02045	0.07805	0.01680	0.01854	0.01350	0.00974	0.00696	0.00284	0.00959	0.00607	0.00618	0.01287
9	0.03017	0.01468	0.02028	0.01919	0.02410	0.01363	0.01639	0.03470	0.02690	0.26402	0.04982	0.08330	0.04588	0.02225	0.01289	0.00418	0.00942	0.28374	0.01118	0.01330
10	0.01457	0.00995	0.01158	0.01241	0.01446	0.00914	0.00884	0.01773	0.02297	0.03220	0.13232	0.28530	0.19135	0.02534	0.01175	0.00357	0.00551	0.02212	0.15975	0.00914
11	0.03241	0.09090	0.03232	0.07631	0.11028	0.26339	0.02132	0.03634	0.02579	0.07218	0.02042	0.02421	0.01638	0.01140	0.01141	0.00298	0.06228	0.00808	0.06842	0.01318

[dist]
# distance from previous block
# <min> <max>
0	1

[block]
# block no. 1 follows, 13 sequences, length 19
# corresponding to MSA columns:
# 54-72
name=unknown_B
#
# <colnr> <probs for GDERKNQSTAVLIFYWHMCP>
#	G	D	E	R	K	N	Q	S	T	A	V	L	I	F	Y	W	H	M	C	P
0	0.03075	0.10037	0.19755	0.02283	0.03286	0.02316	0.02368	0.10322	0.02816	0.17177	0.02943	0.03696	0.02301	0.01316	0.01027	0.00323	0.01167	0.06538	0.00822	0.06431
1	0.02730	0.50365	0.10629	0.01975	0.02914	0.03824	0.02014	0.03466	0.08137	0.02800	0.01840	0.02010	0.01569	0.00976	0.00758	0.00253	0.01142	0.00660	0.00523	0.01415
2	0.70310	0.02045	0.01554	0.01390	0.02045	0.02372	0.01145	0.03108	0.01799	0.04744	0.01472	0.01718	0.01145	0.00981	0.00654	0.00327	0.00818	0.00573	0.00654	0.01145
3	0.03647	0.09329	0.07988	0.02322	0.03204	0.03028	0.02063	0.32189	0.10030	0.11436	0.02765	0.02710	0.01974	0.01232	0.01016	0.00315	0.01126	0.00938	0.00971	0.01717
4	0.01294	0.01045	0.01151	0.01184	0.01470	0.00902	0.00866	0.01581	0.02426	0.03035	0.16568	0.19472	0.39870	0.02718	0.01268	0.00367	0.00544	0.02327	0.01009	0.00902
5	0.03096	0.27374	0.03981	0.02648	0.08943	0.24660	0.01979	0.03460	0.02594	0.02821	0.07294	0.02535	0.02302	0.01112	0.00887	0.00265	0.01378	0.00795	0.00571	0.01305
6	0.02496	0.02852	0.06239	0.04456	0.05526	0.02674	0.52406	0.03387	0.02496	0.03387	0.02139	0.02852	0.01604	0.00891	0.01248	0.00357	0.01783	0.01248	0.00535	0.01426
7	0.02629	0.30484	0.15430	0.06271	0.04057	0.06682	0.14399	0.03290	0.02297	0.02888	0.01747	0.02157	0.01416	0.00941	0.00917	0.00289	0.01434	0.00800	0.00478	0.01394
8	0.01538	0.01025	0.01153	0.01153	0.01153	0.01025	0.00641	0.01538	0.01538	0.02050	0.03331	0.06919	0.03844	0.62842	0.05382	0.01025	0.01025	0.01538	0.00641	0.00641
9	0.01538	0.01025	0.01153	0.01153	0.01153	0.01025	0.00641	0.01538	0.01538	0.02050	0.03331	0.06919	0.03844	0.62842	0.05382	0.01025	0.01025	0.01538	0.00641	0.00641
10	0.02544	0.02438	0.04160	0.12831	0.50476	0.02493	0.03209	0.03181	0.02373	0.03366	0.01976	0.02641	0.01644	0.00956	0.01048	0.00319	0.01274	0.00942	0.00517	0.01616
11	0.02192	0.01879	0.02192	0.01566	0.02506	0.01409	0.01253	0.02662	0.02192	0.03445	0.01879	0.02192	0.01566	0.00783	0.00783	0.00157	0.00783	0.00626	0.00626	0.69305
12	0.02545	0.02409	0.03941	0.12386	0.44299	0.02506	0.03028	0.03452	0.08323	0.03476	0.02241	0.02793	0.01821	0.01012	0.01051	0.00324	0.01226	0.00971	0.00580	0.01615
13	0.02486	0.02475	0.03433	0.21615	0.20723	0.07518	0.02702	0.03279	0.07679	0.03075	0.02053	0.02699	0.01674	0.01215	0.01505	0.00355	0.12634	0.00942	0.00555	0.01383
14	0.01410	0.01077	0.01294	0.01240	0.01527	0.00961	0.00930	0.01828	0.02789	0.03756	0.39971	0.08694	0.25996	0.02342	0.01248	0.00341	0.00512	0.02024	0.01100	0.00961
15	0.01407	0.01059	0.01301	0.01278	0.01534	0.00953	0.00944	0.01807	0.02725	0.03692	0.37915	0.14894	0.21750	0.02434	0.01260	0.00350	0.00522	0.02125	0.01094	0.00953
16	0.01386	0.01002	0.01228	0.01321	0.01435	0.00956	0.00880	0.01567	0.01995	0.02635	0.09435	0.29668	0.13779	0.20690	0.06554	0.00673	0.00869	0.02242	0.00867	0.00818
17	0.02235	0.02482	0.15139	0.11526	0.03733	0.01786	0.07450	0.02939	0.02558	0.10514	0.18628	0.08792	0.04560	0.01562	0.01145	0.00345	0.01084	0.01399	0.00828	0.01295
18	0.02542	0.05808	0.03034	0.02739	0.09100	0.02112	0.08539	0.03725	0.17419	0.10410	0.03945	0.18851	0.03624	0.01750	0.01141	0.00359	0.00982	0.01595	0.00903	0.01421

[dist]
# distance from previous block
# <min> <max>
0	7

[block]
# block no. 2 follows, 13 sequences, length 22
# corresponding to MSA columns:
# 80-101
name=unknown_C
#
# <colnr> <probs for GDERKNQSTAVLIFYWHMCP>
#	G	D	E	R	K	N	Q	S	T	A	V	L	I	F	Y	W	H	M	C	P
0	0.08829	0.10791	0.15789	0.14507	0.13814	0.02629	0.02701	0.06962	0.02472	0.08882	0.02093	0.02463	0.01561	0.01039	0.00959	0.00318	0.01258	0.00836	0.00616	0.01484
1	0.03014	0.02615	0.10250	0.04099	0.25275	0.02193	0.06584	0.03847	0.06292	0.16399	0.02781	0.03010	0.02036	0.01089	0.01043	0.00322	0.01169	0.00997	0.05361	0.01624
2	0.02514	0.02407	0.04106	0.15407	0.48132	0.02485	0.03194	0.03155	0.02359	0.03329	0.01971	0.02650	0.01631	0.00961	0.01048	0.00320	0.01281	0.00942	0.00514	0.01592
3	0.01837	0.00918	0.01377	0.01377	0.01377	0.00918	0.00918	0.01377	0.01377	0.01837	0.01837	0.03214	0.01837	0.03673	0.04132	0.69238	0.00918	0.00918	0.00459	0.00459
4	0.58168	0.02593	0.01818	0.01634	0.02269	0.12659	0.01309	0.03312	0.02018	0.04349	0.01502	0.01752	0.01185	0.01001	0.00709	0.00317	0.01017	0.00592	0.00634	0.01160
5	0.02976	0.37916	0.04295	0.02099	0.06251	0.03203	0.01765	0.06510	0.02494	0.10284	0.02755	0.02826	0.06244	0.01130	0.00835	0.00259	0.01038	0.00830	0.00668	0.05623
6	0.03137	0.28828	0.09246	0.01900	0.02855	0.02751	0.01840	0.03610	0.02399	0.17246	0.02313	0.02356	0.01732	0.00997	0.00835	0.00250	0.01042	0.00732	0.00714	0.15217
7	0.02356	0.15344	0.33447	0.03201	0.04504	0.02833	0.17216	0.03326	0.02291	0.03202	0.01887	0.02309	0.01417	0.00954	0.01014	0.00321	0.01546	0.00873	0.00472	0.01486
8	0.02203	0.02068	0.03380	0.42112	0.18925	0.02413	0.02904	0.03084	0.06648	0.03033	0.02113	0.02865	0.01630	0.01061	0.01056	0.00343	0.01323	0.00962	0.00535	0.01340
9	0.02572	0.17544	0.35915	0.02767	0.04066	0.02762	0.07585	0.03493	0.02317	0.08547	0.02054	0.02308	0.01495	0.01003	0.00961	0.00312	0.01421	0.00804	0.00542	0.01529
10	0.07227	0.02415	0.02719	0.07112	0.13129	0.12174	0.01957	0.03767	0.02614	0.21663	0.03218	0.11770	0.02695	0.01464	0.01059	0.00332	0.01141	0.01226	0.00871	0.01445
11	0.01288	0.00920	0.01227	0.01472	0.01534	0.00859	0.00981	0.01472	0.02024	0.02699	0.05828	0.62152	0.06993	0.03312	0.01350	0.00429	0.00613	0.03006	0.00981	0.00859
12	0.01478	0.01102	0.01630	0.01666	0.01836	0.01254	0.01272	0.01827	0.01747	0.02490	0.03269	0.12615	0.03278	0.07256	0.50292	0.01514	0.02508	0.01406	0.00627	0.00932
13	0.02397	0.03015	0.14494	0.14850	0.30532	0.02497	0.10480	0.03191	0.02336	0.03294	0.01974	0.02613	0.01555	0.00966	0.01070	0.00331	0.01418	0.00956	0.00501	0.01531
14	0.70310	0.02045	0.01554	0.01390	0.02045	0.02372	0.01145	0.03108	0.01799	0.04744	0.01472	0.01718	0.01145	0.00981	0.00654	0.00327	0.00818	0.00573	0.00654	0.01145
15	0.01271	0.00988	0.01157	0.01292	0.01486	0.00874	0.00901	0.01492	0.02197	0.02770	0.08020	0.38811	0.28918	0.03027	0.01305	0.00397	0.00578	0.02658	0.00982	0.00874
16	0.02400	0.04818	0.47005	0.02879	0.04227	0.02436	0.03528	0.03456	0.02256	0.08627	0.02078	0.02376	0.01471	0.01111	0.01233	0.00346	0.06847	0.00822	0.00534	0.01550
17	0.02180	0.02270	0.07079	0.15482	0.17079	0.02172	0.06400	0.03250	0.11438	0.03496	0.09873	0.04223	0.07779	0.01361	0.01110	0.00341	0.01120	0.01236	0.00725	0.01386
18	0.01869	0.01613	0.02195	0.01994	0.02040	0.02062	0.01536	0.02062	0.01613	0.02364	0.02362	0.04238	0.02481	0.22881	0.17512	0.00944	0.27578	0.01172	0.00545	0.00939
19	0.70310	0.02045	0.01554	0.01390	0.02045	0.02372	0.01145	0.03108	0.01799	0.04744	0.01472	0.01718	0.01145	0.00981	0.00654	0.00327	0.00818	0.00573	0.00654	0.01145
20	0.01407	0.01077	0.01289	0.01236	0.01525	0.00959	0.00927	0.01821	0.02781	0.03737	0.39334	0.08726	0.26645	0.02349	0.01248	0.00341	0.00512	0.02028	0.01098	0.00959
21	0.51156	0.13366	0.02754	0.01775	0.02517	0.02734	0.06412	0.03147	0.01933	0.04195	0.01539	0.01828	0.01230	0.00958	0.00718	0.00312	0.00972	0.00639	0.00605	0.01212

[dist]
# distance from previous block
# <min> <max>
0	2

[block]
# block no. 3 follows, 13 sequences, length 9
# corresponding to MSA columns:
# 104-112
name=unknown_D
#
# <colnr> <probs for GDERKNQSTAVLIFYWHMCP>
#	G	D	E	R	K	N	Q	S	T	A	V	L	I	F	Y	W	H	M	C	P
0	0.03104	0.02986	0.13541	0.04459	0.29790	0.02432	0.02890	0.10362	0.02838	0.13618	0.02444	0.02714	0.01802	0.01065	0.01043	0.00321	0.01235	0.00936	0.00725	0.01694
1	0.01855	0.00928	0.01323	0.01323	0.01357	0.00928	0.00893	0.01528	0.01494	0.02129	0.02060	0.03315	0.01958	0.03334	0.03661	0.59660	0.00859	0.00928	0.09934	0.00532
2	0.18844	0.02045	0.03158	0.29293	0.08873	0.02316	0.09283	0.02893	0.02138	0.03391	0.02136	0.03304	0.01784	0.01164	0.01018	0.00355	0.01268	0.04943	0.00570	0.01222
3	0.02297	0.09775	0.30411	0.03435	0.15353	0.02530	0.03088	0.03419	0.07507	0.03470	0.06672	0.02915	0.02334	0.01122	0.01010	0.00322	0.01291	0.00933	0.00587	0.01530
4	0.01427	0.01128	0.01318	0.01413	0.01725	0.01019	0.01155	0.01780	0.02419	0.02976	0.08717	0.10858	0.36421	0.02773	0.01332	0.00408	0.00706	0.20522	0.00979	0.00924
5	0.02529	0.02034	0.02411	0.08308	0.11786	0.06517	0.01780	0.09644	0.02791	0.08410	0.04956	0.10501	0.16400	0.01745	0.01106	0.00334	0.00984	0.01472	0.05001	0.01291
6	0.02714	0.07030	0.17058	0.14828	0.04328	0.08119	0.05889	0.03419	0.02453	0.11555	0.02729	0.03892	0.02237	0.01325	0.01078	0.00346	0.01366	0.07578	0.00678	0.01379
7	0.02691	0.14010	0.18664	0.02450	0.03230	0.08358	0.02453	0.06074	0.02442	0.06757	0.07107	0.02784	0.02307	0.01332	0.01523	0.00336	0.14578	0.00904	0.00623	0.01377
8	0.01440	0.00994	0.01227	0.01321	0.01361	0.00986	0.00828	0.01542	0.01738	0.02333	0.04249	0.27905	0.04953	0.35395	0.08275	0.00852	0.01018	0.02068	0.00765	0.00750

[dist]
# distance from previous block
# <min> <max>
1	4

[block]
# block no. 4 follows, 13 sequences, length 25
# corresponding to MSA columns:
# 117-141
name=unknown_E
#
# <colnr> <probs for GDERKNQSTAVLIFYWHMCP>
#	G	D	E	R	K	N	Q	S	T	A	V	L	I	F	Y	W	H	M	C	P
0	0.22114	0.06572	0.02362	0.01634	0.02470	0.02057	0.01353	0.07155	0.02381	0.08948	0.01998	0.02178	0.01546	0.00937	0.00787	0.00239	0.00861	0.00673	0.00720	0.33015
1	0.13620	0.07189	0.16905	0.20721	0.08322	0.02563	0.10066	0.03096	0.02168	0.03336	0.01833	0.02406	0.01390	0.00989	0.00978	0.00333	0.01374	0.00859	0.00507	0.01347
2	0.01782	0.01132	0.01757	0.11310	0.02492	0.01258	0.01356	0.01726	0.01580	0.02135	0.02091	0.03381	0.01965	0.04292	0.17150	0.40956	0.01475	0.00975	0.00488	0.00699
3	0.02785	0.34152	0.13121	0.02818	0.11417	0.03442	0.02376	0.08289	0.06409	0.03334	0.01938	0.02177	0.01588	0.01002	0.00855	0.00276	0.01200	0.00744	0.00569	0.01507
4	0.02402	0.26760	0.15874	0.02075	0.02952	0.02926	0.02118	0.03540	0.13551	0.03392	0.11243	0.03339	0.03197	0.01251	0.00933	0.00297	0.01059	0.00975	0.00704	0.01411
5	0.02064	0.01979	0.03436	0.02784	0.03360	0.01969	0.21058	0.03168	0.14241	0.03362	0.04048	0.25794	0.04040	0.01943	0.01247	0.00385	0.01118	0.01908	0.00830	0.01266
6	0.02658	0.16598	0.04425	0.02808	0.03566	0.06504	0.20900	0.03395	0.07103	0.06183	0.02470	0.03345	0.02115	0.11342	0.01760	0.00431	0.01374	0.01084	0.00630	0.01310
7	0.01317	0.01016	0.01204	0.01280	0.01501	0.00902	0.00913	0.01602	0.02387	0.03092	0.18461	0.29531	0.27379	0.02810	0.01287	0.00379	0.00557	0.02459	0.01021	0.00902
8	0.01997	0.01879	0.03171	0.60301	0.07282	0.02349	0.02936	0.02701	0.02114	0.02701	0.01879	0.02819	0.01409	0.01057	0.01057	0.00352	0.01409	0.00940	0.00470	0.01175
9	0.01931	0.01360	0.01694	0.01556	0.01890	0.01369	0.01223	0.02524	0.06498	0.08908	0.27780	0.07470	0.18692	0.02167	0.01436	0.00362	0.06175	0.04799	0.01051	0.01115
10	0.02398	0.02313	0.03785	0.18874	0.32454	0.02632	0.02964	0.02957	0.02162	0.03069	0.01830	0.02600	0.01546	0.01170	0.01583	0.00356	0.14435	0.00938	0.00497	0.01438
11	0.04535	0.01846	0.02447	0.01908	0.02704	0.01660	0.01566	0.05199	0.08097	0.51785	0.04184	0.03633	0.02678	0.01321	0.01065	0.00330	0.00893	0.01076	0.01286	0.01787
12	0.14670	0.02318	0.02611	0.02032	0.02836	0.02394	0.01678	0.24481	0.03638	0.28051	0.03076	0.02867	0.02049	0.01241	0.00997	0.00323	0.00996	0.00941	0.01103	0.01697
13	0.02102	0.01987	0.03362	0.51123	0.15633	0.02377	0.02989	0.02794	0.02164	0.02830	0.01898	0.02784	0.01455	0.01037	0.01055	0.00346	0.01383	0.00940	0.00479	0.01260
14	0.01349	0.00964	0.01297	0.01542	0.01630	0.00911	0.01088	0.01578	0.02085	0.02767	0.05794	0.54770	0.06860	0.03255	0.01366	0.00438	0.00666	0.09785	0.00980	0.00876
15	0.01444	0.01061	0.01387	0.01591	0.01773	0.01004	0.01234	0.01760	0.02249	0.02907	0.06554	0.33837	0.14802	0.03053	0.01376	0.00440	0.00741	0.20897	0.00978	0.00909
16	0.70310	0.02045	0.01554	0.01390	0.02045	0.02372	0.01145	0.03108	0.01799	0.04744	0.01472	0.01718	0.01145	0.00981	0.00654	0.00327	0.00818	0.00573	0.00654	0.01145
17	0.03797	0.02473	0.02768	0.02214	0.02982	0.02663	0.01799	0.27277	0.18780	0.18503	0.03455	0.03209	0.02415	0.01327	0.01064	0.00332	0.01003	0.01050	0.01125	0.01762
18	0.02496	0.02852	0.06239	0.04456	0.05526	0.02674	0.52406	0.03387	0.02496	0.03387	0.02139	0.02852	0.01604	0.00891	0.01248	0.00357	0.01783	0.01248	0.00535	0.01426
19	0.15104	0.02808	0.02902	0.02258	0.03072	0.03127	0.01865	0.44425	0.04441	0.06342	0.02360	0.02401	0.01689	0.01221	0.00990	0.00319	0.01106	0.00888	0.00990	0.01689
20	0.01288	0.00920	0.01227	0.01472	0.01534	0.00859	0.00981	0.01472	0.02024	0.02699	0.05828	0.62152	0.06993	0.03312	0.01350	0.00429	0.00613	0.03006	0.00981	0.00859
21	0.04272	0.02456	0.02572	0.02061	0.02797	0.11300	0.01661	0.11604	0.03298	0.36834	0.07244	0.03475	0.02823	0.01328	0.01057	0.00317	0.01077	0.01045	0.01134	0.01645
22	0.01997	0.01879	0.03171	0.60301	0.07282	0.02349	0.02936	0.02701	0.02114	0.02701	0.01879	0.02819	0.01409	0.01057	0.01057	0.00352	0.01409	0.00940	0.00470	0.01175
23	0.01638	0.01307	0.01889	0.01817	0.01959	0.01593	0.01413	0.01958	0.01672	0.02431	0.02653	0.04122	0.02558	0.12047	0.45132	0.01444	0.11722	0.01138	0.00557	0.00949
24	0.02025	0.01654	0.02050	0.01752	0.02177	0.01693	0.01406	0.07214	0.02692	0.03819	0.21987	0.05707	0.09867	0.01827	0.01516	0.00328	0.10765	0.04825	0.00890	0.15807

[dist]
# distance from previous block
# <min> <max>
0	1

[block]
# block no. 5 follows, 13 sequences, length 41
# corresponding to MSA columns:
# 143-183
name=unknown_F
#
# <colnr> <probs for GDERKNQSTAVLIFYWHMCP>
#	G	D	E	R	K	N	Q	S	T	A	V	L	I	F	Y	W	H	M	C	P
0	0.59165	0.02381	0.01878	0.01855	0.05664	0.08127	0.01372	0.03231	0.01961	0.04440	0.01522	0.01795	0.01201	0.00990	0.00710	0.00321	0.00957	0.00607	0.00635	0.01187
1	0.01837	0.00918	0.01377	0.01377	0.01377	0.00918	0.00918	0.01377	0.01377	0.01837	0.01837	0.03214	0.01837	0.03673	0.04132	0.69238	0.00918	0.00918	0.00459	0.00459
2	0.02389	0.02192	0.03459	0.15476	0.33625	0.02278	0.02684	0.06900	0.02562	0.03475	0.03446	0.03891	0.10530	0.01276	0.01083	0.00329	0.01159	0.01154	0.00632	0.01461
3	0.70310	0.02045	0.01554	0.01390	0.02045	0.02372	0.01145	0.03108	0.01799	0.04744	0.01472	0.01718	0.01145	0.00981	0.00654	0.00327	0.00818	0.00573	0.00654	0.01145
4	0.03239	0.23653	0.03747	0.02189	0.02946	0.11434	0.01858	0.16485	0.16680	0.04065	0.02507	0.02530	0.01960	0.01163	0.00918	0.00291	0.01174	0.00845	0.00782	0.01532
5	0.02678	0.02191	0.03647	0.25109	0.31636	0.02327	0.02910	0.03304	0.02385	0.10293	0.02239	0.02819	0.01705	0.01032	0.01053	0.00329	0.01264	0.00957	0.00609	0.01513
6	0.03754	0.02970	0.18748	0.02472	0.03532	0.01930	0.07433	0.04450	0.02742	0.35965	0.03305	0.03127	0.02144	0.01178	0.01065	0.00332	0.01182	0.01000	0.00980	0.01693
7	0.03267	0.03073	0.20663	0.02567	0.06456	0.02019	0.02458	0.04289	0.09110	0.25627	0.03409	0.03730	0.02464	0.01318	0.01073	0.00344	0.01137	0.04432	0.00924	0.01639
8	0.01513	0.01092	0.01437	0.01381	0.01629	0.01016	0.01055	0.02011	0.02947	0.04152	0.51597	0.08227	0.09658	0.02224	0.01264	0.00345	0.00538	0.05769	0.01148	0.00996
9	0.02417	0.29056	0.22317	0.02720	0.06963	0.03081	0.07685	0.03119	0.02250	0.02957	0.02468	0.02744	0.05846	0.01084	0.00915	0.00292	0.01300	0.00867	0.00507	0.01415
10	0.03801	0.02212	0.06783	0.02401	0.03249	0.01845	0.10537	0.04524	0.06568	0.36722	0.03776	0.07093	0.02674	0.01351	0.01110	0.00342	0.01076	0.01208	0.01077	0.01650
11	0.02039	0.04146	0.37652	0.02955	0.04155	0.02194	0.11745	0.03028	0.02304	0.03335	0.06107	0.10231	0.02684	0.01353	0.01106	0.00350	0.01409	0.01218	0.00578	0.01412
12	0.01677	0.01383	0.02112	0.11963	0.02913	0.01696	0.01703	0.02096	0.01763	0.02506	0.02519	0.03734	0.02301	0.06118	0.43033	0.01339	0.08521	0.01078	0.00539	0.01006
13	0.03175	0.04129	0.27186	0.02611	0.03704	0.11097	0.02749	0.10199	0.07326	0.13743	0.02568	0.02623	0.01801	0.01145	0.01020	0.00324	0.01380	0.00875	0.00753	0.01594
14	0.02132	0.02034	0.03572	0.26145	0.21507	0.02183	0.08890	0.02746	0.02239	0.03024	0.02630	0.13040	0.02485	0.01391	0.01128	0.00354	0.01270	0.01337	0.00583	0.01309
15	0.03267	0.03902	0.03097	0.02746	0.03063	0.35505	0.02156	0.03522	0.02422	0.02570	0.01532	0.02076	0.01373	0.01407	0.02003	0.00352	0.26518	0.00783	0.00511	0.01197
16	0.02387	0.02236	0.03761	0.05620	0.46767	0.02226	0.02853	0.02938	0.02341	0.03323	0.02654	0.12932	0.02596	0.01353	0.01099	0.00334	0.01145	0.01300	0.00603	0.01533
17	0.03565	0.02415	0.10327	0.13753	0.11407	0.01963	0.02376	0.04173	0.02658	0.31814	0.03118	0.03126	0.02081	0.01168	0.01052	0.00331	0.01137	0.00984	0.00921	0.01631
18	0.01261	0.01026	0.01118	0.01192	0.01460	0.00882	0.00857	0.01504	0.02294	0.02809	0.09243	0.25797	0.41143	0.02869	0.01280	0.00379	0.00559	0.02464	0.00982	0.00882
19	0.52249	0.01977	0.01802	0.01526	0.02225	0.02147	0.01258	0.03671	0.02137	0.19133	0.02216	0.02236	0.01551	0.01072	0.00767	0.00327	0.00840	0.00708	0.00835	0.01325
20	0.08116	0.04088	0.38252	0.02488	0.03663	0.02105	0.02959	0.03165	0.02331	0.07206	0.08996	0.06711	0.02842	0.01312	0.01030	0.00339	0.01260	0.01062	0.00647	0.01428
21	0.03811	0.02466	0.09738	0.07096	0.12160	0.02007	0.02262	0.07849	0.02898	0.33834	0.03241	0.03132	0.02154	0.01189	0.01052	0.00327	0.01098	0.00991	0.00992	0.01703
22	0.02224	0.01876	0.02030	0.01918	0.02376	0.02100	0.01453	0.04375	0.38642	0.03916	0.05119	0.17639	0.07929	0.01952	0.01151	0.00375	0.00764	0.01683	0.01048	0.01431
23	0.58650	0.02110	0.01834	0.06551	0.02603	0.02449	0.01375	0.07399	0.02103	0.04735	0.01600	0.01884	0.01225	0.01013	0.00724	0.00328	0.00899	0.00637	0.00674	0.01205
24	0.01885	0.00977	0.01016	0.01046	0.01270	0.00970	0.00769	0.02339	0.02193	0.03786	0.03747	0.11232	0.03246	0.01492	0.00816	0.00269	0.00508	0.01238	0.60229	0.00970
25	0.01742	0.00919	0.01351	0.01394	0.01404	0.00908	0.00929	0.01394	0.01489	0.01986	0.02528	0.13426	0.02730	0.03611	0.03650	0.57316	0.00865	0.01280	0.00550	0.00528
26	0.02617	0.02512	0.04292	0.06490	0.56246	0.02512	0.03245	0.03245	0.02407	0.03454	0.01989	0.02617	0.01675	0.00942	0.01047	0.00314	0.01256	0.00942	0.00523	0.01675
27	0.36007	0.03272	0.02280	0.02013	0.02645	0.24618	0.01579	0.06798	0.02545	0.07101	0.01763	0.01955	0.01359	0.01062	0.00822	0.00305	0.01275	0.00668	0.00675	0.01257
28	0.70310	0.02045	0.01554	0.01390	0.02045	0.02372	0.01145	0.03108	0.01799	0.04744	0.01472	0.01718	0.01145	0.00981	0.00654	0.00327	0.00818	0.00573	0.00654	0.01145
29	0.01739	0.01457	0.02069	0.01846	0.02256	0.01414	0.07063	0.02550	0.09262	0.03685	0.24735	0.07999	0.17202	0.02165	0.01263	0.00371	0.00780	0.10030	0.01009	0.01106
30	0.01288	0.00920	0.01227	0.01472	0.01534	0.00859	0.00981	0.01472	0.02024	0.02699	0.05828	0.62152	0.06993	0.03312	0.01350	0.00429	0.00613	0.03006	0.00981	0.00859
31	0.01496	0.01081	0.01413	0.01330	0.01580	0.00998	0.00998	0.01995	0.02993	0.04240	0.55689	0.07898	0.09976	0.02162	0.01247	0.00333	0.00499	0.01912	0.01164	0.00998
32	0.02209	0.12734	0.50874	0.02863	0.04343	0.02672	0.03644	0.03326	0.02222	0.03241	0.01844	0.02165	0.01342	0.00992	0.00964	0.00321	0.01509	0.00754	0.00447	0.01537
33	0.03298	0.38977	0.04474	0.02193	0.02946	0.26997	0.01907	0.03609	0.02504	0.02530	0.01539	0.01784	0.01359	0.00982	0.00794	0.00246	0.01456	0.00614	0.00491	0.01302
34	0.11481	0.45402	0.04617	0.01886	0.02728	0.07773	0.01763	0.08299	0.02454	0.03204	0.01591	0.01800	0.01376	0.00965	0.00734	0.00251	0.01151	0.00614	0.00546	0.01366
35	0.02820	0.20062	0.18728	0.02532	0.03381	0.10335	0.02544	0.09431	0.02526	0.03272	0.01726	0.02101	0.01414	0.01193	0.01417	0.00321	0.13482	0.00761	0.00540	0.01411
36	0.70310	0.02045	0.01554	0.01390	0.02045	0.02372	0.01145	0.03108	0.01799	0.04744	0.01472	0.01718	0.01145	0.00981	0.00654	0.00327	0.00818	0.00573	0.00654	0.01145
37	0.03625	0.06386	0.03082	0.02298	0.03026	0.02989	0.01899	0.30367	0.13941	0.11930	0.02928	0.02876	0.02120	0.01331	0.01235	0.00333	0.05945	0.00987	0.01006	0.01694
38	0.02089	0.01181	0.01571	0.01478	0.01791	0.01072	0.01104	0.02486	0.02742	0.14345	0.32185	0.21440	0.07717	0.02297	0.01238	0.00357	0.00609	0.02033	0.01144	0.01121
39	0.03102	0.01985	0.03280	0.14921	0.13047	0.01971	0.08515	0.03680	0.02583	0.22324	0.03282	0.04376	0.02582	0.01374	0.01139	0.00357	0.01186	0.07952	0.00858	0.01485
40	0.02418	0.02946	0.13857	0.15174	0.38261	0.02473	0.03313	0.03170	0.02324	0.03304	0.01953	0.02581	0.01567	0.00973	0.01041	0.00324	0.01339	0.00912	0.00500	0.01567

[dist]
# distance from previous block
# <min> <max>
0	46

# created by:
# /st0/software/busco_prod/Augustus/scripts/msa2prfl.pl ./align_prep/9319.fa
