[name]
unknown

[dist]
# distance from previous block
# <min> <max>
0	251

[block]
# block no. 0 follows, 12 sequences, length 49
# corresponding to MSA columns:
# 268-316
name=unknown_A
#
# <colnr> <probs for GDERKNQSTAVLIFYWHMCP>
#	G	D	E	R	K	N	Q	S	T	A	V	L	I	F	Y	W	H	M	C	P
0	0.01812	0.01329	0.01812	0.01965	0.02294	0.01277	0.01706	0.02312	0.02483	0.03295	0.05356	0.11206	0.05768	0.02772	0.01430	0.00465	0.00983	0.42435	0.00965	0.08335
1	0.03840	0.02246	0.02766	0.08310	0.03384	0.02328	0.01870	0.22998	0.03817	0.23559	0.10000	0.03774	0.03231	0.01422	0.01119	0.00337	0.01039	0.01153	0.01132	0.01675
2	0.01430	0.01057	0.01374	0.01529	0.01691	0.00947	0.01043	0.01652	0.02106	0.02867	0.05566	0.54578	0.06602	0.03132	0.01328	0.00412	0.00652	0.02833	0.00972	0.08229
3	0.02159	0.01830	0.02153	0.01604	0.02475	0.01392	0.01262	0.02612	0.02242	0.03469	0.02381	0.08652	0.02224	0.01091	0.00871	0.00192	0.00788	0.00913	0.00686	0.61003
4	0.04892	0.01856	0.02530	0.01940	0.02783	0.01603	0.01603	0.05314	0.03121	0.55634	0.04302	0.03711	0.02699	0.01350	0.01096	0.00337	0.00928	0.01096	0.01350	0.01856
5	0.03972	0.02968	0.03175	0.02474	0.03315	0.03301	0.02031	0.45757	0.10894	0.06593	0.02837	0.02793	0.02032	0.01329	0.01093	0.00332	0.01159	0.01012	0.01093	0.01839
6	0.02727	0.03205	0.10644	0.04206	0.05328	0.02812	0.40682	0.09253	0.02857	0.03897	0.02233	0.02843	0.01653	0.00977	0.01240	0.00361	0.01740	0.01205	0.00608	0.01530
7	0.01558	0.01168	0.01752	0.01752	0.01947	0.01363	0.01363	0.01947	0.01752	0.02531	0.02921	0.04283	0.02726	0.08178	0.57360	0.01752	0.02921	0.01168	0.00584	0.00974
8	0.04145	0.03054	0.03272	0.02509	0.03381	0.03381	0.02072	0.51243	0.05127	0.06872	0.02618	0.02618	0.01854	0.01309	0.01091	0.00327	0.01200	0.00982	0.01091	0.01854
9	0.02021	0.01617	0.01870	0.01718	0.02122	0.01717	0.01314	0.03586	0.23470	0.04450	0.33902	0.06477	0.07441	0.01922	0.01214	0.00354	0.00657	0.01669	0.01163	0.01314
10	0.01328	0.00949	0.01265	0.01518	0.01581	0.00886	0.01012	0.01518	0.02088	0.02783	0.06010	0.60969	0.07212	0.03416	0.01392	0.00443	0.00633	0.03100	0.01012	0.00886
11	0.02915	0.62337	0.05714	0.01866	0.02799	0.04314	0.01866	0.03265	0.02215	0.02565	0.01516	0.01749	0.01399	0.00933	0.00700	0.00233	0.01166	0.00583	0.00466	0.01399
12	0.31277	0.01959	0.02151	0.01733	0.02507	0.01948	0.01430	0.04451	0.02603	0.34874	0.03163	0.02918	0.02078	0.01211	0.00924	0.00337	0.00893	0.00889	0.01073	0.01580
13	0.02268	0.03939	0.29626	0.18764	0.14310	0.02528	0.06755	0.03259	0.02319	0.03297	0.01985	0.02575	0.01479	0.01031	0.01075	0.00348	0.01529	0.00910	0.00487	0.01516
14	0.02687	0.02331	0.03278	0.28904	0.12780	0.02690	0.02627	0.12776	0.13103	0.04045	0.02593	0.03057	0.01952	0.01194	0.01093	0.00352	0.01261	0.01025	0.00736	0.01516
15	0.01414	0.01109	0.01278	0.01236	0.01550	0.00974	0.00927	0.01807	0.02781	0.03647	0.32316	0.09338	0.32728	0.02500	0.01287	0.00356	0.00534	0.02139	0.01105	0.00974
16	0.02249	0.05272	0.49802	0.03540	0.10774	0.02539	0.03946	0.03440	0.02324	0.03466	0.01968	0.02350	0.01423	0.01028	0.01041	0.00343	0.01573	0.00826	0.00470	0.01625
17	0.02059	0.01938	0.03270	0.59060	0.07510	0.02422	0.03028	0.02786	0.02180	0.02786	0.01938	0.02907	0.01453	0.01090	0.01090	0.00363	0.01453	0.00969	0.00484	0.01211
18	0.01417	0.01076	0.01305	0.01320	0.01570	0.00964	0.00962	0.01787	0.02683	0.03583	0.30353	0.20248	0.23464	0.02651	0.01310	0.00372	0.00552	0.02318	0.01101	0.00964
19	0.09669	0.40354	0.04628	0.02026	0.02892	0.08399	0.01859	0.12554	0.02812	0.03625	0.01742	0.01936	0.01466	0.01029	0.00796	0.00265	0.01208	0.00670	0.00614	0.01454
20	0.02704	0.45933	0.20272	0.02225	0.03354	0.03799	0.02491	0.03319	0.02241	0.02822	0.01643	0.01909	0.01394	0.00963	0.00797	0.00266	0.01295	0.00647	0.00465	0.01461
21	0.03101	0.32706	0.08525	0.01975	0.02847	0.03260	0.01902	0.09434	0.05765	0.09245	0.02415	0.02536	0.01880	0.01107	0.00851	0.00276	0.01084	0.00798	0.08797	0.01496
22	0.02632	0.02251	0.02406	0.02201	0.02787	0.02590	0.01728	0.05497	0.48682	0.04452	0.04550	0.04758	0.03576	0.01608	0.01143	0.00381	0.00875	0.05117	0.01101	0.01665
23	0.01586	0.01057	0.01189	0.01189	0.01189	0.01057	0.00661	0.01586	0.01586	0.02114	0.03436	0.07135	0.03964	0.61681	0.05550	0.01057	0.01057	0.01586	0.00661	0.00661
24	0.02067	0.02328	0.09483	0.33603	0.13694	0.02201	0.02840	0.02781	0.02323	0.03144	0.07353	0.08102	0.02817	0.01367	0.01126	0.00359	0.01289	0.01223	0.00603	0.01298
25	0.01939	0.01035	0.01101	0.01084	0.01339	0.01019	0.00813	0.02448	0.02440	0.04124	0.13291	0.04848	0.04232	0.01454	0.00863	0.00271	0.00509	0.01200	0.54971	0.01019
26	0.01998	0.02382	0.12450	0.02205	0.02747	0.02044	0.02038	0.03128	0.12967	0.03157	0.02942	0.03700	0.02492	0.04834	0.29890	0.01077	0.06911	0.01095	0.00666	0.01277
27	0.01455	0.01047	0.01379	0.01432	0.01610	0.00970	0.01022	0.01837	0.02678	0.03722	0.34545	0.29757	0.09029	0.02715	0.01329	0.00384	0.00563	0.02433	0.01123	0.00970
28	0.51542	0.02269	0.01999	0.01682	0.02408	0.02556	0.01387	0.12594	0.02588	0.09463	0.01959	0.02094	0.01435	0.01097	0.00789	0.00335	0.00919	0.00707	0.00810	0.01366
29	0.24310	0.03559	0.23579	0.02441	0.03522	0.02451	0.05602	0.03838	0.08362	0.09096	0.02357	0.02520	0.01696	0.01105	0.00950	0.00346	0.01221	0.00846	0.00700	0.01500
30	0.01353	0.00959	0.01258	0.01486	0.01544	0.00902	0.00978	0.01525	0.02039	0.02719	0.05761	0.55769	0.06898	0.09044	0.01793	0.00502	0.00674	0.02953	0.00978	0.00864
31	0.03250	0.08345	0.03905	0.10565	0.16072	0.02882	0.06493	0.16967	0.07388	0.09532	0.02576	0.02844	0.01919	0.01151	0.01069	0.00330	0.01249	0.00997	0.00807	0.01658
32	0.01555	0.01055	0.01250	0.01315	0.01348	0.01044	0.00814	0.01630	0.01751	0.02328	0.04082	0.16993	0.04726	0.46560	0.04483	0.00903	0.00978	0.05705	0.00751	0.00729
33	0.01447	0.00999	0.01230	0.01367	0.01401	0.00965	0.00850	0.01549	0.01856	0.02475	0.04825	0.36187	0.05717	0.30237	0.03306	0.00726	0.00828	0.02403	0.00850	0.00782
34	0.39343	0.02777	0.02351	0.01961	0.02693	0.08746	0.01595	0.20215	0.03140	0.05346	0.01923	0.02090	0.01442	0.01129	0.00855	0.00328	0.01091	0.00740	0.00809	0.01427
35	0.01588	0.01010	0.01254	0.01312	0.01327	0.00995	0.00800	0.01537	0.01669	0.02225	0.03720	0.18841	0.04297	0.36439	0.04325	0.14539	0.00936	0.01807	0.00704	0.00675
36	0.03215	0.03381	0.14689	0.08579	0.10233	0.02949	0.02707	0.26290	0.08339	0.05128	0.02510	0.02722	0.01835	0.01204	0.01079	0.00338	0.01293	0.00965	0.00832	0.01713
37	0.01423	0.01064	0.01321	0.01353	0.01579	0.00963	0.00978	0.01789	0.02660	0.03587	0.30444	0.23920	0.19536	0.02694	0.01317	0.00378	0.00557	0.02373	0.01103	0.00963
38	0.02359	0.10174	0.24825	0.13722	0.04759	0.02815	0.07717	0.03522	0.08352	0.03298	0.02185	0.02640	0.01663	0.01149	0.01253	0.00353	0.06261	0.00923	0.00554	0.01477
39	0.02261	0.01938	0.02261	0.01615	0.02584	0.01453	0.01292	0.02745	0.02261	0.03553	0.01938	0.02261	0.01615	0.00807	0.00807	0.00161	0.00807	0.00646	0.00646	0.68346
40	0.01844	0.01458	0.01852	0.07278	0.02470	0.01526	0.01376	0.02927	0.13623	0.04255	0.38471	0.06755	0.07927	0.01956	0.01229	0.00351	0.00682	0.01715	0.01110	0.01196
41	0.01342	0.01018	0.01238	0.01370	0.01553	0.00914	0.00956	0.01598	0.02334	0.03026	0.13428	0.38665	0.22485	0.03066	0.01346	0.00407	0.00593	0.02712	0.01035	0.00914
42	0.02711	0.02367	0.02660	0.02663	0.08000	0.02700	0.01887	0.05551	0.47905	0.04462	0.04201	0.03932	0.03169	0.01429	0.01106	0.00365	0.00906	0.01207	0.01053	0.01726
43	0.02913	0.01418	0.01896	0.01604	0.02101	0.01264	0.01264	0.03390	0.03100	0.25345	0.33847	0.06331	0.07183	0.01869	0.01208	0.00341	0.00684	0.01614	0.01261	0.01367
44	0.03432	0.02741	0.03526	0.14127	0.15489	0.03026	0.02533	0.31541	0.03988	0.05371	0.02365	0.02690	0.01750	0.01193	0.01088	0.00333	0.01269	0.00977	0.00855	0.01705
45	0.01543	0.01115	0.01457	0.01372	0.01629	0.01029	0.01029	0.02058	0.03086	0.04372	0.54304	0.08145	0.10288	0.02229	0.01286	0.00343	0.00514	0.01972	0.01200	0.01029
46	0.02841	0.15406	0.03444	0.13088	0.03804	0.03103	0.02057	0.11337	0.25150	0.04126	0.03056	0.03129	0.02333	0.01261	0.01014	0.00333	0.01092	0.01004	0.00847	0.01575
47	0.01543	0.01115	0.01457	0.01372	0.01629	0.01029	0.01029	0.02058	0.03086	0.04372	0.54304	0.08145	0.10288	0.02229	0.01286	0.00343	0.00514	0.01972	0.01200	0.01029
48	0.07793	0.03117	0.17543	0.25962	0.05570	0.02530	0.09350	0.03420	0.07760	0.03425	0.02216	0.02783	0.01642	0.01089	0.01070	0.00358	0.01432	0.00965	0.00571	0.01406

[dist]
# distance from previous block
# <min> <max>
0	2

[block]
# block no. 1 follows, 12 sequences, length 41
# corresponding to MSA columns:
# 319-359
name=unknown_B
#
# <colnr> <probs for GDERKNQSTAVLIFYWHMCP>
#	G	D	E	R	K	N	Q	S	T	A	V	L	I	F	Y	W	H	M	C	P
0	0.29589	0.03035	0.17031	0.01981	0.03002	0.02167	0.02033	0.03306	0.02168	0.07661	0.01936	0.02174	0.01449	0.00992	0.00838	0.00296	0.01055	0.00699	0.00654	0.17934
1	0.16775	0.02312	0.03127	0.18928	0.04468	0.02564	0.07723	0.11908	0.07702	0.10338	0.02518	0.02833	0.01817	0.01160	0.01030	0.00350	0.01210	0.00970	0.00798	0.01471
2	0.69383	0.02109	0.01603	0.01434	0.02109	0.02446	0.01181	0.03205	0.01856	0.04892	0.01518	0.01771	0.01181	0.01012	0.00675	0.00337	0.00843	0.00590	0.00675	0.01181
3	0.02129	0.01405	0.01541	0.01269	0.01824	0.01201	0.00986	0.02627	0.02276	0.03849	0.02874	0.03304	0.02297	0.01075	0.00781	0.00215	0.00634	0.00860	0.39439	0.29413
4	0.02375	0.02643	0.11516	0.02250	0.02954	0.02317	0.02047	0.04546	0.32541	0.04197	0.09927	0.05193	0.04140	0.01668	0.01163	0.00378	0.00968	0.06640	0.00996	0.01541
5	0.01410	0.01109	0.01273	0.01232	0.01547	0.00972	0.00924	0.01800	0.02773	0.03627	0.31720	0.09371	0.33337	0.02507	0.01287	0.00356	0.00534	0.02144	0.01102	0.00972
6	0.02442	0.07990	0.03610	0.42280	0.10767	0.02733	0.02832	0.08528	0.02554	0.03309	0.01986	0.02742	0.01519	0.01090	0.01051	0.00343	0.01382	0.00933	0.00558	0.01350
7	0.01415	0.01016	0.01343	0.01459	0.01601	0.00944	0.01019	0.01737	0.02492	0.03427	0.25556	0.39589	0.08457	0.02936	0.01349	0.00402	0.00585	0.02643	0.01088	0.00944
8	0.01602	0.02325	0.17125	0.01961	0.02494	0.01378	0.01886	0.02140	0.02265	0.03161	0.10418	0.37899	0.05881	0.02591	0.01277	0.00403	0.00902	0.02306	0.00874	0.01112
9	0.08058	0.12844	0.14158	0.02876	0.08466	0.06526	0.02493	0.23275	0.03494	0.04797	0.02123	0.02327	0.01601	0.01130	0.00981	0.00314	0.01308	0.00838	0.00752	0.01638
10	0.02856	0.01657	0.01938	0.01769	0.02270	0.01711	0.01423	0.04129	0.17971	0.16045	0.04381	0.05406	0.03536	0.01653	0.01074	0.00352	0.00799	0.09135	0.20469	0.01426
11	0.02450	0.03682	0.23985	0.09163	0.25532	0.02568	0.03394	0.03626	0.08263	0.03572	0.02283	0.02723	0.01758	0.01065	0.01067	0.00341	0.01380	0.00938	0.00571	0.01639
12	0.01319	0.00985	0.01228	0.01422	0.01556	0.00894	0.00970	0.01529	0.02180	0.02821	0.07178	0.49256	0.18171	0.03264	0.01368	0.00425	0.00614	0.02914	0.01012	0.00894
13	0.02778	0.02881	0.08726	0.12534	0.11107	0.02851	0.13360	0.12988	0.07398	0.04055	0.02315	0.02821	0.01772	0.01206	0.01417	0.00364	0.08157	0.01050	0.00680	0.01542
14	0.69383	0.02109	0.01603	0.01434	0.02109	0.02446	0.01181	0.03205	0.01856	0.04892	0.01518	0.01771	0.01181	0.01012	0.00675	0.00337	0.00843	0.00590	0.00675	0.01181
15	0.04145	0.03054	0.03272	0.02509	0.03381	0.03381	0.02072	0.51243	0.05127	0.06872	0.02618	0.02618	0.01854	0.01309	0.01091	0.00327	0.01200	0.00982	0.01091	0.01854
16	0.21825	0.02266	0.03053	0.17362	0.19676	0.02463	0.02371	0.06521	0.02396	0.03988	0.01900	0.02438	0.01501	0.01022	0.00942	0.00323	0.01154	0.00833	0.00614	0.07352
17	0.02294	0.01360	0.01637	0.01494	0.01860	0.01284	0.01099	0.02857	0.07417	0.14178	0.15889	0.11497	0.15275	0.14455	0.02119	0.00505	0.00764	0.01798	0.01058	0.01159
18	0.01543	0.01115	0.01457	0.01372	0.01629	0.01029	0.01029	0.02058	0.03086	0.04372	0.54304	0.08145	0.10288	0.02229	0.01286	0.00343	0.00514	0.01972	0.01200	0.01029
19	0.02118	0.04880	0.46075	0.08386	0.04716	0.02388	0.03666	0.03265	0.02360	0.03470	0.06591	0.02878	0.02177	0.01147	0.01063	0.00347	0.01499	0.00925	0.00528	0.01521
20	0.03530	0.17972	0.11576	0.02195	0.03126	0.02765	0.02111	0.13324	0.03041	0.19752	0.02778	0.02832	0.02003	0.01801	0.06035	0.00437	0.01325	0.00905	0.00870	0.01623
21	0.03481	0.01553	0.02022	0.01654	0.02283	0.01348	0.01328	0.03891	0.02983	0.34550	0.15648	0.05994	0.14894	0.01816	0.01174	0.00345	0.00768	0.01520	0.01250	0.01498
22	0.04085	0.04827	0.03121	0.02757	0.03373	0.47992	0.02101	0.12451	0.03442	0.03394	0.01846	0.02079	0.01482	0.01156	0.01002	0.00289	0.01834	0.00750	0.00653	0.01366
23	0.10551	0.19005	0.25590	0.02544	0.03646	0.15208	0.02740	0.03580	0.02405	0.03227	0.01738	0.02030	0.01368	0.01028	0.00900	0.00303	0.01493	0.00703	0.00509	0.01432
24	0.02815	0.02209	0.03774	0.16433	0.23809	0.02249	0.08335	0.03456	0.02541	0.12343	0.02863	0.04056	0.02353	0.01292	0.01158	0.00360	0.01296	0.06410	0.00723	0.01524
25	0.01586	0.01057	0.01189	0.01189	0.01189	0.01057	0.00661	0.01586	0.01586	0.02114	0.03436	0.07135	0.03964	0.61681	0.05550	0.01057	0.01057	0.01586	0.00661	0.00661
26	0.02984	0.10744	0.18990	0.02794	0.03866	0.03051	0.08238	0.17729	0.12538	0.04549	0.02585	0.02730	0.01914	0.01171	0.01054	0.00334	0.01326	0.00965	0.00775	0.01661
27	0.03438	0.01533	0.01972	0.01650	0.02266	0.01322	0.01311	0.03791	0.02817	0.34290	0.06444	0.12337	0.18137	0.01997	0.01186	0.00359	0.00785	0.01677	0.01213	0.01473
28	0.02616	0.09198	0.03444	0.07946	0.03577	0.02663	0.09291	0.09509	0.20279	0.04232	0.11916	0.04051	0.03698	0.01403	0.01116	0.00343	0.01083	0.01239	0.00903	0.01494
29	0.02723	0.01983	0.02370	0.02211	0.02713	0.02116	0.01885	0.22085	0.03569	0.04724	0.04496	0.08381	0.04486	0.02323	0.01338	0.00431	0.01083	0.28696	0.01039	0.01348
30	0.02174	0.01828	0.02309	0.07791	0.07410	0.01992	0.01714	0.03773	0.23353	0.04224	0.24167	0.05484	0.05821	0.01700	0.01176	0.00354	0.00817	0.01483	0.01035	0.01394
31	0.04073	0.05197	0.03090	0.02809	0.03371	0.57303	0.02107	0.04354	0.03090	0.02669	0.01685	0.01966	0.01404	0.01124	0.00983	0.00281	0.01966	0.00702	0.00562	0.01264
32	0.02695	0.14924	0.06853	0.14155	0.03730	0.11868	0.02067	0.03225	0.02664	0.07588	0.15469	0.03879	0.03804	0.01374	0.01039	0.00314	0.01209	0.01101	0.00749	0.01293
33	0.01543	0.01115	0.01457	0.01372	0.01629	0.01029	0.01029	0.02058	0.03086	0.04372	0.54304	0.08145	0.10288	0.02229	0.01286	0.00343	0.00514	0.01972	0.01200	0.01029
34	0.10353	0.02197	0.02788	0.25689	0.04706	0.02564	0.02219	0.13643	0.11608	0.04341	0.06839	0.03352	0.02569	0.01290	0.01062	0.00352	0.01148	0.01057	0.00804	0.01419
35	0.01848	0.00977	0.01466	0.01466	0.01493	0.01004	0.01004	0.01493	0.01466	0.01982	0.02035	0.03448	0.02008	0.04391	0.11562	0.59130	0.01218	0.00977	0.00489	0.00542
36	0.02726	0.02813	0.07702	0.14639	0.09176	0.08709	0.08120	0.11311	0.02817	0.03725	0.02390	0.03279	0.01974	0.08171	0.01586	0.00414	0.01382	0.01041	0.06665	0.01360
37	0.02735	0.32847	0.16706	0.02169	0.03263	0.03296	0.02289	0.07465	0.02502	0.03334	0.01793	0.02048	0.01474	0.00968	0.00833	0.00255	0.01209	0.00682	0.00553	0.13580
38	0.15232	0.01870	0.02232	0.08412	0.02964	0.02022	0.01622	0.08996	0.06975	0.14007	0.11772	0.04005	0.03542	0.02354	0.08787	0.00537	0.01202	0.01147	0.00943	0.01381
39	0.02621	0.02908	0.16974	0.02229	0.03226	0.01901	0.05335	0.06559	0.02652	0.09937	0.06195	0.03138	0.02451	0.01129	0.00983	0.00280	0.01079	0.00944	0.08494	0.20964
40	0.11036	0.07932	0.08105	0.02498	0.07299	0.08796	0.02005	0.08083	0.08561	0.08548	0.02396	0.02537	0.01824	0.01086	0.00934	0.00288	0.01146	0.00821	0.00754	0.15349

[dist]
# distance from previous block
# <min> <max>
1	40

[block]
# block no. 2 follows, 12 sequences, length 20
# corresponding to MSA columns:
# 400-419
name=unknown_C
#
# <colnr> <probs for GDERKNQSTAVLIFYWHMCP>
#	G	D	E	R	K	N	Q	S	T	A	V	L	I	F	Y	W	H	M	C	P
0	0.11388	0.01794	0.02701	0.09694	0.03342	0.01812	0.09522	0.03080	0.02326	0.14283	0.03864	0.08676	0.07688	0.08398	0.06184	0.00548	0.01252	0.01372	0.00822	0.01255
1	0.02455	0.02244	0.03736	0.12211	0.40178	0.02298	0.02897	0.03065	0.02398	0.03452	0.02475	0.07309	0.02209	0.01200	0.01076	0.00332	0.01193	0.01138	0.06597	0.01536
2	0.02308	0.10209	0.29195	0.03028	0.04217	0.02598	0.13610	0.03442	0.06143	0.03562	0.08568	0.03231	0.02678	0.01178	0.01092	0.00340	0.01425	0.01063	0.00619	0.01495
3	0.01336	0.01035	0.01180	0.01284	0.01488	0.00920	0.00887	0.01548	0.02227	0.02791	0.08167	0.30975	0.29637	0.09226	0.01779	0.00471	0.00639	0.02556	0.00975	0.00879
4	0.07737	0.01834	0.02427	0.02039	0.02524	0.01932	0.05063	0.07458	0.06995	0.12306	0.20819	0.09070	0.05294	0.01814	0.01427	0.00366	0.07020	0.01507	0.01029	0.01339
5	0.04145	0.03054	0.03272	0.02509	0.03381	0.03381	0.02072	0.51243	0.05127	0.06872	0.02618	0.02618	0.01854	0.01309	0.01091	0.00327	0.01200	0.00982	0.01091	0.01854
6	0.02803	0.35531	0.19101	0.02301	0.03385	0.03582	0.02469	0.07829	0.07441	0.03388	0.02021	0.02205	0.01623	0.01048	0.00867	0.00286	0.01263	0.00743	0.00583	0.01530
7	0.02569	0.02192	0.02342	0.02115	0.02687	0.02506	0.01640	0.05336	0.46798	0.04538	0.10555	0.04568	0.04182	0.01571	0.01131	0.00367	0.00820	0.01323	0.01121	0.01640
8	0.02590	0.09497	0.02956	0.08376	0.07754	0.02569	0.01875	0.11176	0.17622	0.03970	0.03994	0.07835	0.07795	0.05570	0.01384	0.00392	0.01022	0.01311	0.00865	0.01448
9	0.01390	0.01060	0.01278	0.01326	0.01561	0.00948	0.00955	0.01723	0.02573	0.03394	0.24615	0.25272	0.24404	0.02778	0.01320	0.00382	0.00564	0.02433	0.01078	0.00948
10	0.03093	0.02917	0.03957	0.11353	0.04511	0.08183	0.15641	0.16713	0.13938	0.04438	0.02700	0.02994	0.02009	0.01187	0.01138	0.00348	0.01417	0.01090	0.00805	0.01569
11	0.01543	0.01115	0.01457	0.01372	0.01629	0.01029	0.01029	0.02058	0.03086	0.04372	0.54304	0.08145	0.10288	0.02229	0.01286	0.00343	0.00514	0.01972	0.01200	0.01029
12	0.02405	0.12980	0.03156	0.02122	0.02683	0.02234	0.07967	0.03205	0.08398	0.07183	0.02941	0.03535	0.02418	0.03608	0.20678	0.00810	0.01725	0.01057	0.09611	0.01284
13	0.01360	0.00989	0.01283	0.01460	0.01580	0.00912	0.01000	0.01610	0.02283	0.03056	0.14297	0.48225	0.11577	0.03169	0.01366	0.00420	0.00607	0.02850	0.01043	0.00912
14	0.01927	0.03685	0.30307	0.02640	0.03723	0.01995	0.09102	0.02794	0.02366	0.03266	0.04716	0.09779	0.15732	0.01683	0.01167	0.00363	0.01278	0.01464	0.00665	0.01348
15	0.01490	0.01093	0.01397	0.01362	0.01607	0.01000	0.01006	0.01940	0.02901	0.04027	0.43832	0.14871	0.14552	0.02431	0.01299	0.00358	0.00533	0.02145	0.01157	0.01000
16	0.02261	0.01938	0.02261	0.01615	0.02584	0.01453	0.01292	0.02745	0.02261	0.03553	0.01938	0.02261	0.01615	0.00807	0.00807	0.00161	0.00807	0.00646	0.00646	0.68346
17	0.39047	0.02187	0.02306	0.06294	0.07481	0.02369	0.01658	0.08101	0.02443	0.11086	0.02085	0.02300	0.01538	0.01070	0.00845	0.00324	0.00971	0.00758	0.00772	0.06364
18	0.01894	0.00947	0.01420	0.01420	0.01420	0.00947	0.00947	0.01420	0.01420	0.01894	0.01894	0.03314	0.01894	0.03788	0.04261	0.68277	0.00947	0.00947	0.00473	0.00473
19	0.01947	0.01309	0.01456	0.01377	0.01524	0.01347	0.00890	0.08277	0.02169	0.02997	0.03567	0.11021	0.03858	0.42582	0.04120	0.00827	0.00985	0.01584	0.07288	0.00874

[dist]
# distance from previous block
# <min> <max>
0	1

[block]
# block no. 3 follows, 12 sequences, length 10
# corresponding to MSA columns:
# 421-430
name=unknown_D
#
# <colnr> <probs for GDERKNQSTAVLIFYWHMCP>
#	G	D	E	R	K	N	Q	S	T	A	V	L	I	F	Y	W	H	M	C	P
0	0.01819	0.01391	0.01666	0.01459	0.01870	0.01200	0.01056	0.02123	0.02158	0.03102	0.10705	0.09603	0.04455	0.22321	0.02606	0.00543	0.00855	0.05191	0.00786	0.25093
1	0.01400	0.01007	0.01243	0.01377	0.01481	0.00941	0.00909	0.01584	0.02105	0.02781	0.10039	0.37712	0.12783	0.16679	0.02329	0.00567	0.00710	0.02555	0.00947	0.00850
2	0.02405	0.02160	0.02844	0.02137	0.03042	0.01911	0.07768	0.03545	0.13989	0.03778	0.02549	0.02765	0.02015	0.00977	0.00939	0.00236	0.00953	0.00864	0.00741	0.44381
3	0.01979	0.01640	0.01993	0.09057	0.02780	0.01771	0.01500	0.03370	0.19960	0.04057	0.25166	0.06363	0.12192	0.01891	0.01201	0.00358	0.00759	0.01630	0.01054	0.01278
4	0.12180	0.09914	0.03504	0.03165	0.14934	0.02907	0.02151	0.20737	0.03416	0.13154	0.02480	0.02596	0.01818	0.01153	0.00987	0.00318	0.01128	0.00898	0.00875	0.01683
5	0.04233	0.02444	0.02838	0.02227	0.03047	0.02537	0.01823	0.25051	0.11725	0.26813	0.03602	0.03299	0.02435	0.01352	0.01096	0.00338	0.01034	0.01069	0.01201	0.01835
6	0.01671	0.01392	0.01494	0.01418	0.01820	0.01357	0.01078	0.02645	0.14249	0.03621	0.18703	0.08512	0.33271	0.02353	0.01247	0.00363	0.00616	0.01985	0.01075	0.01129
7	0.02477	0.04975	0.43165	0.03226	0.04681	0.02665	0.09826	0.09328	0.02684	0.03878	0.02070	0.02423	0.01474	0.01054	0.01075	0.00346	0.01590	0.00889	0.00550	0.01623
8	0.09232	0.02202	0.03365	0.27644	0.05265	0.02411	0.08589	0.09404	0.02762	0.14792	0.02519	0.02941	0.01768	0.01143	0.01078	0.00352	0.01304	0.01003	0.00769	0.01457
9	0.02903	0.01970	0.02256	0.01974	0.02558	0.02111	0.01546	0.04868	0.31611	0.15057	0.15445	0.04897	0.04739	0.01618	0.01146	0.00357	0.00799	0.01368	0.01179	0.01598

[dist]
# distance from previous block
# <min> <max>
0	4

[block]
# block no. 4 follows, 12 sequences, length 37
# corresponding to MSA columns:
# 435-471
name=unknown_E
#
# <colnr> <probs for GDERKNQSTAVLIFYWHMCP>
#	G	D	E	R	K	N	Q	S	T	A	V	L	I	F	Y	W	H	M	C	P
0	0.69383	0.02109	0.01603	0.01434	0.02109	0.02446	0.01181	0.03205	0.01856	0.04892	0.01518	0.01771	0.01181	0.01012	0.00675	0.00337	0.00843	0.00590	0.00675	0.01181
1	0.08233	0.02755	0.02681	0.15540	0.03856	0.13262	0.01988	0.17679	0.03242	0.04397	0.02367	0.02767	0.01798	0.01191	0.00975	0.00314	0.01253	0.00900	0.13425	0.01376
2	0.14283	0.02099	0.02140	0.01790	0.02331	0.05608	0.01364	0.12442	0.02815	0.17977	0.03083	0.04129	0.02595	0.19942	0.02397	0.00554	0.01074	0.01117	0.00924	0.01335
3	0.01543	0.01115	0.01457	0.01372	0.01629	0.01029	0.01029	0.02058	0.03086	0.04372	0.54304	0.08145	0.10288	0.02229	0.01286	0.00343	0.00514	0.01972	0.01200	0.01029
4	0.01588	0.01138	0.01546	0.01693	0.01901	0.01096	0.01353	0.02019	0.02587	0.03491	0.20849	0.22714	0.07742	0.02867	0.01410	0.00439	0.00763	0.22755	0.01067	0.00983
5	0.11870	0.02942	0.03863	0.02949	0.03814	0.11113	0.17447	0.11306	0.03090	0.16971	0.02621	0.02785	0.01846	0.01129	0.01086	0.00337	0.01413	0.01015	0.00848	0.01556
6	0.02886	0.02786	0.04368	0.19319	0.14806	0.09609	0.17645	0.03569	0.02572	0.08468	0.02248	0.02837	0.01686	0.01046	0.01136	0.00344	0.01557	0.01046	0.00613	0.01460
7	0.01661	0.01238	0.01559	0.01457	0.01751	0.01199	0.01099	0.02435	0.08115	0.04391	0.49271	0.07733	0.09586	0.02153	0.01268	0.00346	0.00550	0.01897	0.01191	0.01099
8	0.01395	0.01000	0.01325	0.01473	0.01596	0.00930	0.01017	0.01685	0.02397	0.03275	0.20956	0.44621	0.08164	0.03049	0.01359	0.00412	0.00596	0.02751	0.01070	0.00930
9	0.13483	0.26196	0.07962	0.02446	0.06433	0.16173	0.02060	0.03704	0.02467	0.07453	0.01855	0.02071	0.01494	0.01035	0.00847	0.00284	0.01330	0.00698	0.00598	0.01409
10	0.02565	0.02096	0.03530	0.02958	0.07074	0.02033	0.16823	0.06952	0.06548	0.09420	0.21892	0.04983	0.05096	0.01521	0.01225	0.00349	0.01099	0.01471	0.00952	0.01412
11	0.02538	0.01374	0.01873	0.01793	0.02206	0.01279	0.01490	0.03022	0.02854	0.17764	0.20394	0.08692	0.06550	0.02320	0.01327	0.00408	0.00832	0.20883	0.01158	0.01242
12	0.01517	0.01094	0.01434	0.01390	0.01623	0.01011	0.01027	0.01991	0.02963	0.04176	0.48342	0.14665	0.09908	0.02376	0.01299	0.00355	0.00529	0.02111	0.01177	0.01011
13	0.02261	0.01938	0.02261	0.01615	0.02584	0.01453	0.01292	0.02745	0.02261	0.03553	0.01938	0.02261	0.01615	0.00807	0.00807	0.00161	0.00807	0.00646	0.00646	0.68346
14	0.02270	0.02051	0.03271	0.53353	0.07093	0.02519	0.02932	0.07676	0.02478	0.03198	0.02007	0.02878	0.01494	0.01112	0.01090	0.00360	0.01428	0.00970	0.00546	0.01276
15	0.01586	0.01057	0.01189	0.01189	0.01189	0.01057	0.00661	0.01586	0.01586	0.02114	0.03436	0.07135	0.03964	0.61681	0.05550	0.01057	0.01057	0.01586	0.00661	0.00661
16	0.01328	0.00949	0.01265	0.01518	0.01581	0.00886	0.01012	0.01518	0.02088	0.02783	0.06010	0.60969	0.07212	0.03416	0.01392	0.00443	0.00633	0.03100	0.01012	0.00886
17	0.03239	0.07576	0.03938	0.09241	0.14169	0.11141	0.09484	0.07529	0.08714	0.10387	0.02577	0.02853	0.01936	0.01130	0.01073	0.00328	0.01379	0.00993	0.00746	0.01566
18	0.02574	0.02941	0.06434	0.04596	0.05699	0.02757	0.50919	0.03493	0.02574	0.03493	0.02206	0.02941	0.01654	0.00919	0.01287	0.00368	0.01838	0.01287	0.00551	0.01471
19	0.01328	0.00949	0.01265	0.01518	0.01581	0.00886	0.01012	0.01518	0.02088	0.02783	0.06010	0.60969	0.07212	0.03416	0.01392	0.00443	0.00633	0.03100	0.01012	0.00886
20	0.10824	0.02916	0.14924	0.10119	0.07832	0.02268	0.05973	0.07318	0.02730	0.15938	0.06375	0.03175	0.02410	0.01208	0.01059	0.00343	0.01223	0.01016	0.00809	0.01540
21	0.02990	0.09684	0.11727	0.08487	0.09933	0.02460	0.02367	0.04146	0.12846	0.15268	0.06627	0.03433	0.02751	0.01266	0.01054	0.00334	0.01122	0.01051	0.00857	0.01597
22	0.02915	0.62337	0.05714	0.01866	0.02799	0.04314	0.01866	0.03265	0.02215	0.02565	0.01516	0.01749	0.01399	0.00933	0.00700	0.00233	0.01166	0.00583	0.00466	0.01399
23	0.01558	0.01168	0.01752	0.01752	0.01947	0.01363	0.01363	0.01947	0.01752	0.02531	0.02921	0.04283	0.02726	0.08178	0.57360	0.01752	0.02921	0.01168	0.00584	0.00974
24	0.08450	0.03143	0.18521	0.07562	0.10034	0.02225	0.08632	0.03745	0.02563	0.16527	0.05871	0.03152	0.02338	0.01170	0.01077	0.00344	0.01288	0.01026	0.00768	0.01564
25	0.02695	0.01406	0.01844	0.01746	0.02147	0.01318	0.01330	0.03250	0.06731	0.20923	0.08908	0.29177	0.05526	0.02438	0.01270	0.00398	0.00771	0.05671	0.01147	0.01302
26	0.01894	0.00947	0.01420	0.01420	0.01420	0.00947	0.00947	0.01420	0.01420	0.01894	0.01894	0.03314	0.01894	0.03788	0.04261	0.68277	0.00947	0.00947	0.00473	0.00473
27	0.04324	0.02052	0.02580	0.02008	0.02789	0.01955	0.01646	0.15765	0.03590	0.38138	0.09753	0.03972	0.03387	0.01443	0.01117	0.00336	0.00944	0.01172	0.01271	0.01759
28	0.03563	0.02729	0.09558	0.07495	0.09605	0.02412	0.02329	0.18971	0.03428	0.19274	0.03147	0.07300	0.02390	0.01387	0.01107	0.00344	0.01163	0.01149	0.00966	0.01684
29	0.69383	0.02109	0.01603	0.01434	0.02109	0.02446	0.01181	0.03205	0.01856	0.04892	0.01518	0.01771	0.01181	0.01012	0.00675	0.00337	0.00843	0.00590	0.00675	0.01181
30	0.03074	0.48240	0.11206	0.02020	0.03021	0.03771	0.02086	0.03540	0.02337	0.09220	0.01911	0.02056	0.01558	0.00996	0.00788	0.00259	0.01189	0.00672	0.00575	0.01480
31	0.07667	0.21919	0.18209	0.02342	0.03285	0.03092	0.02428	0.03728	0.07368	0.09392	0.02247	0.02444	0.01729	0.01191	0.01233	0.00328	0.08430	0.00816	0.00649	0.01502
32	0.03449	0.03138	0.09666	0.09154	0.03949	0.03066	0.02375	0.33001	0.11452	0.05632	0.02724	0.02826	0.01966	0.01275	0.01087	0.00340	0.01231	0.00995	0.00945	0.01730
33	0.02151	0.02442	0.09689	0.45505	0.06619	0.02470	0.02999	0.03220	0.08128	0.03076	0.02233	0.02968	0.01664	0.01129	0.01086	0.00362	0.01404	0.00980	0.00555	0.01321
34	0.02408	0.02561	0.07616	0.20034	0.15701	0.02448	0.09791	0.03536	0.10479	0.03478	0.02405	0.02935	0.01856	0.01066	0.01083	0.00332	0.01318	0.01009	0.00624	0.09322
35	0.03263	0.01800	0.02233	0.01691	0.02532	0.01451	0.01367	0.03695	0.02655	0.25687	0.04070	0.03896	0.08597	0.01280	0.00990	0.00262	0.00827	0.01042	0.00991	0.31669
36	0.02164	0.01919	0.02027	0.02105	0.05971	0.08011	0.01448	0.06610	0.06851	0.03875	0.22169	0.18268	0.09880	0.02177	0.01229	0.00359	0.00855	0.01887	0.01005	0.01190

[dist]
# distance from previous block
# <min> <max>
3	29

# created by:
# /st0/software/busco_prod/Augustus/scripts/msa2prfl.pl ./align_prep/9331.fa
