[name]
unknown

[dist]
# distance from previous block
# <min> <max>
0	35

[block]
# block no. 0 follows, 15 sequences, length 25
# corresponding to MSA columns:
# 35-59
name=unknown_A
#
# <colnr> <probs for GDERKNQSTAVLIFYWHMCP>
#	G	D	E	R	K	N	Q	S	T	A	V	L	I	F	Y	W	H	M	C	P
0	0.13427	0.02777	0.15097	0.09433	0.11027	0.02249	0.12878	0.03432	0.06600	0.10288	0.02225	0.02538	0.01622	0.00988	0.00964	0.00319	0.01221	0.00892	0.00627	0.01397
1	0.40536	0.18963	0.13760	0.01710	0.02554	0.02692	0.01747	0.02989	0.01861	0.03669	0.01465	0.01708	0.01167	0.00911	0.00687	0.00285	0.00984	0.00576	0.00530	0.01208
2	0.07368	0.02433	0.03428	0.16566	0.35284	0.08494	0.02654	0.03147	0.02267	0.06290	0.01902	0.02429	0.01513	0.00947	0.00955	0.00301	0.01231	0.00844	0.00536	0.01411
3	0.03025	0.24203	0.11922	0.02481	0.06833	0.07486	0.06074	0.06550	0.05039	0.13986	0.02213	0.02320	0.01652	0.00999	0.00876	0.00275	0.01183	0.00783	0.00660	0.01440
4	0.02397	0.01368	0.01680	0.01443	0.01875	0.01271	0.01093	0.02987	0.08184	0.18675	0.19438	0.05573	0.09530	0.12906	0.01774	0.00421	0.00719	0.01387	0.00986	0.06293
5	0.02372	0.38940	0.29278	0.02206	0.03333	0.03226	0.02577	0.03061	0.02060	0.02703	0.01564	0.01822	0.01272	0.00894	0.00775	0.00258	0.01246	0.00623	0.00424	0.01365
6	0.02297	0.10983	0.17703	0.12376	0.11729	0.06763	0.06332	0.02975	0.02166	0.02939	0.01743	0.02191	0.01377	0.00896	0.00897	0.00270	0.01267	0.00754	0.00479	0.13863
7	0.02069	0.01233	0.01556	0.01385	0.01762	0.01144	0.01069	0.02666	0.06666	0.14870	0.37940	0.06622	0.13257	0.01885	0.01130	0.00317	0.00572	0.01630	0.01099	0.01125
8	0.01316	0.00952	0.01267	0.01482	0.01604	0.00902	0.01095	0.01571	0.02036	0.02671	0.05745	0.46529	0.09823	0.02985	0.01294	0.00415	0.00664	0.15885	0.00923	0.00841
9	0.03212	0.02684	0.07592	0.12886	0.03558	0.12845	0.01996	0.09887	0.06456	0.19736	0.06832	0.03064	0.02411	0.01192	0.00991	0.00305	0.01161	0.00948	0.00836	0.01407
10	0.02196	0.15465	0.38326	0.02932	0.04193	0.02652	0.14471	0.03134	0.02144	0.03019	0.01766	0.02141	0.01320	0.00907	0.00942	0.00302	0.01445	0.00795	0.00440	0.01411
11	0.01249	0.00892	0.01196	0.01428	0.01500	0.00839	0.00985	0.01448	0.01943	0.02583	0.05475	0.59642	0.06518	0.03091	0.01282	0.00410	0.00608	0.07166	0.00925	0.00819
12	0.02308	0.02543	0.04579	0.21925	0.05394	0.07157	0.31600	0.03011	0.02231	0.02887	0.01861	0.02578	0.01426	0.00957	0.01223	0.00335	0.05235	0.01026	0.00482	0.01241
13	0.13434	0.03131	0.23694	0.02436	0.06973	0.02109	0.02358	0.03871	0.10228	0.18199	0.02623	0.02627	0.01830	0.01074	0.00924	0.00315	0.01084	0.00843	0.00754	0.01494
14	0.02717	0.02540	0.02694	0.22864	0.08543	0.17606	0.02107	0.06573	0.02493	0.08723	0.02526	0.11444	0.02246	0.01343	0.01011	0.00315	0.01267	0.01118	0.00655	0.01215
15	0.01504	0.01205	0.01633	0.01613	0.01733	0.01387	0.01224	0.01747	0.01731	0.02392	0.03933	0.15934	0.09158	0.13297	0.22664	0.00899	0.12030	0.04390	0.00661	0.00865
16	0.08520	0.02749	0.09799	0.20741	0.09312	0.06701	0.17884	0.06609	0.02352	0.03275	0.01845	0.02420	0.01395	0.00947	0.01002	0.00319	0.01405	0.00907	0.00521	0.01295
17	0.02645	0.02202	0.03689	0.13323	0.16266	0.02271	0.15553	0.03762	0.14175	0.11695	0.02673	0.02963	0.01971	0.01046	0.01044	0.00323	0.01197	0.01029	0.00711	0.01460
18	0.01411	0.01045	0.01533	0.01594	0.01758	0.01168	0.01234	0.01749	0.01723	0.02421	0.03387	0.14096	0.03475	0.06298	0.45388	0.01294	0.02159	0.06750	0.00636	0.00881
19	0.02297	0.02194	0.03738	0.22595	0.43605	0.02324	0.02975	0.02910	0.02189	0.03050	0.01845	0.02523	0.01506	0.00920	0.00990	0.00307	0.01227	0.00888	0.00479	0.01441
20	0.07210	0.01871	0.02527	0.11647	0.03260	0.07937	0.09436	0.02456	0.02084	0.02818	0.03010	0.09586	0.02966	0.02946	0.14260	0.00635	0.01533	0.12152	0.00634	0.01032
21	0.01234	0.00966	0.01139	0.01210	0.01428	0.00872	0.00871	0.01490	0.02155	0.02751	0.13029	0.27719	0.31225	0.03052	0.05714	0.00453	0.00689	0.02245	0.00914	0.00845
22	0.02040	0.04406	0.45222	0.03035	0.04341	0.02280	0.14269	0.03092	0.02197	0.03212	0.05041	0.02530	0.01777	0.00987	0.01008	0.00320	0.01460	0.00889	0.00477	0.01416
23	0.03115	0.02710	0.15758	0.09081	0.04074	0.02001	0.15932	0.03815	0.02471	0.26697	0.02745	0.02854	0.01839	0.01045	0.01035	0.00320	0.01249	0.00977	0.00786	0.01495
24	0.07315	0.17011	0.25007	0.02488	0.03512	0.02606	0.10653	0.06810	0.02362	0.03400	0.07740	0.02639	0.02188	0.01043	0.00920	0.00295	0.01233	0.00872	0.00563	0.01343

[dist]
# distance from previous block
# <min> <max>
0	7

[block]
# block no. 1 follows, 15 sequences, length 30
# corresponding to MSA columns:
# 67-96
name=unknown_B
#
# <colnr> <probs for GDERKNQSTAVLIFYWHMCP>
#	G	D	E	R	K	N	Q	S	T	A	V	L	I	F	Y	W	H	M	C	P
0	0.01419	0.01090	0.01323	0.01415	0.01622	0.01062	0.01030	0.01989	0.08761	0.03003	0.13419	0.35070	0.15794	0.02623	0.01219	0.00376	0.00603	0.06289	0.00959	0.00935
1	0.01894	0.01740	0.03135	0.02499	0.03026	0.01663	0.21399	0.05700	0.02549	0.03484	0.19319	0.16441	0.05124	0.01798	0.01199	0.00350	0.01021	0.05723	0.00821	0.01114
2	0.02480	0.02863	0.05281	0.08716	0.05087	0.09536	0.44492	0.03236	0.02381	0.03050	0.01940	0.02579	0.01470	0.00875	0.01129	0.00326	0.01666	0.01089	0.00500	0.01303
3	0.02642	0.02750	0.09828	0.30235	0.11068	0.12284	0.02583	0.03248	0.02301	0.10637	0.02048	0.02524	0.01500	0.01017	0.00974	0.00310	0.01344	0.00842	0.00569	0.01295
4	0.02129	0.02032	0.03397	0.36262	0.26254	0.02341	0.02832	0.02730	0.02061	0.02805	0.01774	0.02547	0.01422	0.01016	0.01177	0.00327	0.06263	0.00886	0.00462	0.01285
5	0.01932	0.01590	0.02437	0.05830	0.08907	0.01523	0.09344	0.02542	0.05851	0.07609	0.11474	0.06366	0.24102	0.01787	0.01132	0.00334	0.00868	0.04392	0.00835	0.01144
6	0.01883	0.01772	0.02990	0.62569	0.06866	0.02215	0.02769	0.02547	0.01993	0.02547	0.01772	0.02658	0.01329	0.00997	0.00997	0.00332	0.01329	0.00886	0.00443	0.01107
7	0.01501	0.01156	0.01405	0.01533	0.01706	0.01188	0.01073	0.02273	0.14371	0.02913	0.05169	0.50593	0.05789	0.02722	0.01214	0.00390	0.00626	0.02447	0.00946	0.00984
8	0.10498	0.01593	0.01816	0.01664	0.02111	0.01641	0.01298	0.10274	0.09126	0.13763	0.04409	0.22451	0.07326	0.01980	0.01081	0.00354	0.00770	0.05652	0.00966	0.01227
9	0.02284	0.02461	0.05906	0.09512	0.03256	0.11797	0.08447	0.03349	0.16810	0.02970	0.02925	0.08443	0.02638	0.12752	0.01761	0.00441	0.01189	0.01197	0.00682	0.01178
10	0.02451	0.02413	0.04303	0.05851	0.51260	0.02390	0.10341	0.03078	0.02282	0.03248	0.01895	0.02498	0.01570	0.00882	0.01013	0.00302	0.01254	0.00929	0.00495	0.01546
11	0.01478	0.01559	0.06722	0.01966	0.02343	0.01243	0.10877	0.01861	0.02048	0.02729	0.05125	0.41617	0.11483	0.02465	0.01218	0.00377	0.00840	0.02279	0.00809	0.00963
12	0.02067	0.01772	0.02067	0.01477	0.02362	0.01329	0.01181	0.02510	0.02067	0.03248	0.01772	0.02067	0.01477	0.00738	0.00738	0.00148	0.00738	0.00591	0.00591	0.71059
13	0.02132	0.17195	0.48924	0.02615	0.03965	0.02640	0.03289	0.03123	0.02089	0.02995	0.01709	0.02004	0.01266	0.00928	0.00886	0.00295	0.01392	0.00696	0.00422	0.01435
14	0.01219	0.00979	0.01088	0.01130	0.01389	0.00848	0.00821	0.01484	0.02267	0.02842	0.15786	0.21685	0.39780	0.02592	0.01199	0.00349	0.00517	0.02227	0.00950	0.00848
15	0.02168	0.02760	0.14515	0.23395	0.21429	0.02338	0.13126	0.02938	0.02165	0.02996	0.01853	0.02504	0.01426	0.00925	0.01019	0.00319	0.01381	0.00915	0.00466	0.01361
16	0.02186	0.02081	0.03538	0.33300	0.33766	0.02295	0.02919	0.02813	0.02137	0.02915	0.01825	0.02559	0.01459	0.00940	0.00992	0.00313	0.01254	0.00887	0.00469	0.01352
17	0.03566	0.02081	0.02148	0.01752	0.02357	0.08813	0.01405	0.14070	0.03013	0.27562	0.03164	0.03088	0.02196	0.01183	0.00909	0.00281	0.00912	0.00919	0.19150	0.01431
18	0.01259	0.00902	0.01197	0.01358	0.01456	0.00839	0.00929	0.01500	0.02115	0.02874	0.17434	0.51437	0.07230	0.02877	0.01251	0.00384	0.00554	0.02601	0.00964	0.00839
19	0.02572	0.28534	0.31091	0.02260	0.03401	0.02851	0.02626	0.03302	0.02167	0.09883	0.01899	0.02067	0.01420	0.00946	0.00833	0.00274	0.01235	0.00690	0.00525	0.01425
20	0.03222	0.01622	0.02000	0.01670	0.02277	0.01525	0.01358	0.07301	0.09032	0.32140	0.05348	0.05396	0.15396	0.01659	0.01073	0.00330	0.00786	0.05341	0.01098	0.01427
21	0.01387	0.01001	0.01311	0.01270	0.01484	0.00925	0.00939	0.01822	0.02712	0.03823	0.51869	0.14297	0.09067	0.02169	0.01187	0.00325	0.00483	0.01927	0.01077	0.00925
22	0.06527	0.07339	0.07276	0.07542	0.23669	0.12814	0.05513	0.03182	0.05255	0.03053	0.02157	0.07252	0.01916	0.01125	0.00959	0.00301	0.01250	0.00974	0.00555	0.01341
23	0.02266	0.01634	0.02623	0.02446	0.07052	0.01611	0.10650	0.02846	0.06000	0.13069	0.07771	0.23185	0.04206	0.01920	0.01276	0.00361	0.04320	0.04694	0.00865	0.01204
24	0.01215	0.00868	0.01157	0.01388	0.01446	0.00810	0.00925	0.01388	0.01909	0.02545	0.05495	0.64315	0.06593	0.03123	0.01272	0.00405	0.00578	0.02834	0.00925	0.00810
25	0.01763	0.08863	0.01824	0.01532	0.04786	0.01353	0.01095	0.02074	0.02206	0.06676	0.09599	0.20648	0.20940	0.02087	0.01053	0.00320	0.00644	0.01785	0.09750	0.01003
26	0.02872	0.16051	0.31792	0.02297	0.03437	0.02382	0.02628	0.03633	0.02313	0.19864	0.02352	0.02391	0.01627	0.01014	0.00903	0.00293	0.01206	0.00776	0.00666	0.01502
27	0.08055	0.02546	0.03715	0.15828	0.31095	0.09405	0.09049	0.03079	0.02248	0.03113	0.01794	0.02382	0.01448	0.00923	0.00972	0.00304	0.01313	0.00865	0.00497	0.01370
28	0.02212	0.02375	0.07078	0.15384	0.11282	0.02416	0.18691	0.05675	0.02207	0.03051	0.02115	0.07491	0.01855	0.01246	0.01469	0.00350	0.12179	0.01123	0.00536	0.01266
29	0.16238	0.15616	0.20924	0.02097	0.03054	0.02683	0.02200	0.09456	0.08955	0.06876	0.02094	0.02210	0.01562	0.01018	0.00839	0.00294	0.01095	0.00738	0.00644	0.01409

[dist]
# distance from previous block
# <min> <max>
2	13

[block]
# block no. 2 follows, 15 sequences, length 9
# corresponding to MSA columns:
# 110-118
name=unknown_C
#
# <colnr> <probs for GDERKNQSTAVLIFYWHMCP>
#	G	D	E	R	K	N	Q	S	T	A	V	L	I	F	Y	W	H	M	C	P
0	0.02095	0.01603	0.01822	0.01731	0.02137	0.01726	0.01336	0.03657	0.29470	0.07006	0.10292	0.15902	0.08493	0.01942	0.01121	0.00357	0.00715	0.06319	0.01005	0.01271
1	0.02362	0.06748	0.02437	0.02184	0.07257	0.08164	0.01566	0.07263	0.20903	0.03872	0.21166	0.04390	0.04607	0.01456	0.01025	0.00306	0.00865	0.01219	0.00900	0.01311
2	0.02125	0.01212	0.01608	0.01600	0.01910	0.01149	0.01251	0.02606	0.05407	0.15422	0.12713	0.26137	0.05690	0.02361	0.01211	0.00380	0.00718	0.14386	0.01021	0.01093
3	0.02682	0.44439	0.04616	0.07338	0.11614	0.09463	0.02022	0.03065	0.02143	0.02512	0.01508	0.01838	0.01330	0.00888	0.00749	0.00240	0.01181	0.00627	0.00447	0.01299
4	0.01442	0.00998	0.01245	0.01245	0.01300	0.01052	0.00801	0.01551	0.01497	0.02050	0.02996	0.05723	0.03277	0.47308	0.22256	0.01162	0.01490	0.01333	0.00583	0.00692
5	0.02565	0.03256	0.23157	0.03009	0.04048	0.02224	0.20351	0.07940	0.02536	0.10862	0.02552	0.03413	0.01993	0.01152	0.01079	0.00335	0.01371	0.06074	0.00657	0.01424
6	0.01215	0.00868	0.01157	0.01388	0.01446	0.00810	0.00925	0.01388	0.01909	0.02545	0.05495	0.64315	0.06593	0.03123	0.01272	0.00405	0.00578	0.02834	0.00925	0.00810
7	0.09128	0.01947	0.02141	0.01789	0.02387	0.02083	0.01433	0.15452	0.18813	0.15825	0.08958	0.03560	0.03068	0.01309	0.00960	0.00308	0.00804	0.01051	0.07526	0.01457
8	0.02436	0.32086	0.25583	0.02159	0.03248	0.03018	0.02424	0.06746	0.02249	0.03020	0.01648	0.01892	0.01321	0.00903	0.00792	0.00252	0.01193	0.00642	0.00480	0.07908

[dist]
# distance from previous block
# <min> <max>
0	1

[block]
# block no. 3 follows, 15 sequences, length 8
# corresponding to MSA columns:
# 120-127
name=unknown_D
#
# <colnr> <probs for GDERKNQSTAVLIFYWHMCP>
#	G	D	E	R	K	N	Q	S	T	A	V	L	I	F	Y	W	H	M	C	P
0	0.26712	0.02243	0.02953	0.02261	0.03037	0.02331	0.12997	0.15584	0.02780	0.16378	0.02301	0.02409	0.01613	0.01036	0.00908	0.00312	0.01059	0.00859	0.00813	0.01412
1	0.01810	0.01303	0.01549	0.01420	0.01775	0.01291	0.01086	0.02746	0.14328	0.07529	0.36266	0.06682	0.14462	0.01906	0.01130	0.00322	0.00568	0.01647	0.01065	0.01113
2	0.01435	0.01026	0.01388	0.01388	0.01492	0.01130	0.00979	0.01643	0.01539	0.02156	0.02866	0.04999	0.02962	0.31352	0.37783	0.01338	0.01963	0.01227	0.00563	0.00771
3	0.04383	0.01840	0.02402	0.01842	0.02616	0.01678	0.01521	0.11476	0.03093	0.52481	0.03731	0.03262	0.02367	0.01229	0.01002	0.00307	0.00881	0.00989	0.01203	0.01696
4	0.02344	0.09332	0.09966	0.14435	0.38512	0.02507	0.02934	0.02979	0.02181	0.03034	0.01797	0.02366	0.01473	0.00908	0.00947	0.00295	0.01226	0.00834	0.00470	0.01459
5	0.10973	0.01719	0.02232	0.01729	0.02485	0.01539	0.01428	0.04673	0.02742	0.54147	0.03688	0.03222	0.02334	0.01204	0.00965	0.00308	0.00841	0.00958	0.01174	0.01637
6	0.02256	0.06727	0.09503	0.13820	0.27311	0.02427	0.02647	0.03107	0.08016	0.03143	0.05112	0.02789	0.02052	0.01086	0.01141	0.00314	0.05670	0.00922	0.00558	0.01399
7	0.01282	0.00988	0.01171	0.01181	0.01424	0.00877	0.00865	0.01611	0.02434	0.03210	0.29308	0.18766	0.28426	0.02432	0.01195	0.00340	0.00504	0.02113	0.00997	0.00877

[dist]
# distance from previous block
# <min> <max>
0	22

[block]
# block no. 4 follows, 15 sequences, length 57
# corresponding to MSA columns:
# 150-206
name=unknown_E
#
# <colnr> <probs for GDERKNQSTAVLIFYWHMCP>
#	G	D	E	R	K	N	Q	S	T	A	V	L	I	F	Y	W	H	M	C	P
0	0.03057	0.02839	0.16675	0.03164	0.16074	0.02196	0.02468	0.07910	0.05717	0.20794	0.02612	0.02709	0.01850	0.01129	0.01168	0.00319	0.06088	0.00900	0.00770	0.01560
1	0.10040	0.32951	0.07534	0.02283	0.07902	0.07168	0.01902	0.06496	0.09370	0.03185	0.01875	0.02051	0.01539	0.00967	0.00777	0.00262	0.01088	0.00686	0.00569	0.01354
2	0.02679	0.01482	0.01896	0.01503	0.02121	0.01241	0.01196	0.03112	0.02606	0.23173	0.22282	0.04414	0.04598	0.01367	0.00984	0.00262	0.00683	0.01159	0.00993	0.22249
3	0.02555	0.03427	0.22712	0.03733	0.17767	0.02525	0.11459	0.13625	0.05596	0.03862	0.02088	0.02434	0.01563	0.00986	0.01008	0.00312	0.01324	0.00899	0.00598	0.01528
4	0.03581	0.02475	0.02842	0.02461	0.07215	0.02672	0.01863	0.34941	0.12841	0.14275	0.02877	0.02780	0.02034	0.01205	0.01000	0.00307	0.01013	0.00952	0.00999	0.01667
5	0.01628	0.01067	0.01402	0.01291	0.01564	0.00978	0.00978	0.02092	0.02824	0.07920	0.54380	0.07160	0.08915	0.01981	0.01164	0.00313	0.00497	0.01746	0.01107	0.00994
6	0.08290	0.03049	0.02289	0.02110	0.02458	0.30916	0.01605	0.02989	0.02194	0.02528	0.01920	0.02727	0.01761	0.07674	0.16845	0.00678	0.07580	0.00827	0.00527	0.01033
7	0.01215	0.00868	0.01157	0.01388	0.01446	0.00810	0.00925	0.01388	0.01909	0.02545	0.05495	0.64315	0.06593	0.03123	0.01272	0.00405	0.00578	0.02834	0.00925	0.00810
8	0.01732	0.00866	0.01299	0.01299	0.01299	0.00866	0.00866	0.01299	0.01299	0.01732	0.01732	0.03030	0.01732	0.03463	0.03896	0.70996	0.00866	0.00866	0.00433	0.00433
9	0.01215	0.00868	0.01157	0.01388	0.01446	0.00810	0.00925	0.01388	0.01909	0.02545	0.05495	0.64315	0.06593	0.03123	0.01272	0.00405	0.00578	0.02834	0.00925	0.00810
10	0.72007	0.01928	0.01465	0.01311	0.01928	0.02236	0.01080	0.02930	0.01697	0.04473	0.01388	0.01619	0.01080	0.00925	0.00617	0.00308	0.00771	0.00540	0.00617	0.01080
11	0.04473	0.01697	0.02313	0.01774	0.02545	0.01465	0.01465	0.04858	0.02853	0.59437	0.03933	0.03393	0.02468	0.01234	0.01003	0.00308	0.00848	0.01003	0.01234	0.01697
12	0.41530	0.09925	0.02336	0.01774	0.02383	0.22026	0.01432	0.03287	0.02110	0.03558	0.01439	0.01677	0.01170	0.00951	0.00714	0.00281	0.01146	0.00573	0.00561	0.01127
13	0.01411	0.01019	0.01333	0.01254	0.01489	0.00941	0.00941	0.01881	0.02822	0.03998	0.58221	0.07447	0.09406	0.02038	0.01176	0.00314	0.00470	0.01803	0.01097	0.00941
14	0.01606	0.01147	0.01606	0.01836	0.02065	0.01147	0.01606	0.02065	0.02295	0.02983	0.05278	0.11245	0.05737	0.02754	0.01377	0.00459	0.00918	0.52037	0.00918	0.00918
15	0.01282	0.00885	0.01153	0.01341	0.01427	0.00830	0.00908	0.01503	0.01996	0.02755	0.09539	0.54900	0.06495	0.02879	0.01219	0.00384	0.00561	0.02599	0.06518	0.00830
16	0.01999	0.05157	0.59800	0.02841	0.04315	0.02315	0.03683	0.03157	0.02105	0.03157	0.01789	0.02105	0.01263	0.00947	0.00947	0.00316	0.01473	0.00737	0.00421	0.01473
17	0.01424	0.01068	0.01602	0.01602	0.01780	0.01246	0.01246	0.01780	0.01602	0.02314	0.02670	0.03916	0.02492	0.07477	0.61015	0.01602	0.02670	0.01068	0.00534	0.00890
18	0.06653	0.02320	0.06875	0.01832	0.02678	0.02008	0.01585	0.13769	0.11565	0.04080	0.02251	0.02380	0.01737	0.00960	0.00845	0.00233	0.00880	0.00749	0.00730	0.35869
19	0.01294	0.00952	0.01241	0.01396	0.01531	0.00858	0.00949	0.01492	0.01923	0.02610	0.05148	0.58526	0.06118	0.02901	0.01223	0.00381	0.00593	0.02625	0.00894	0.07343
20	0.02536	0.19542	0.25649	0.02384	0.03400	0.02637	0.05876	0.03222	0.02141	0.10198	0.01933	0.02184	0.01458	0.01013	0.01092	0.00290	0.06986	0.00750	0.00546	0.06163
21	0.02134	0.17402	0.48737	0.02611	0.03959	0.02645	0.03282	0.03122	0.02089	0.02993	0.01707	0.02002	0.01266	0.00928	0.00885	0.00295	0.01391	0.00695	0.00422	0.01434
22	0.04473	0.01697	0.02313	0.01774	0.02545	0.01465	0.01465	0.04858	0.02853	0.59437	0.03933	0.03393	0.02468	0.01234	0.01003	0.00308	0.00848	0.01003	0.01234	0.01697
23	0.02240	0.02443	0.07995	0.14447	0.32002	0.02278	0.13639	0.02910	0.02209	0.03078	0.02097	0.06211	0.01802	0.01034	0.01042	0.00318	0.01294	0.01053	0.00508	0.01400
24	0.02926	0.09020	0.18892	0.02513	0.03465	0.06435	0.09954	0.03989	0.11722	0.17083	0.02683	0.02714	0.01903	0.01068	0.00974	0.00307	0.01218	0.00907	0.00742	0.01487
25	0.01215	0.00868	0.01157	0.01388	0.01446	0.00810	0.00925	0.01388	0.01909	0.02545	0.05495	0.64315	0.06593	0.03123	0.01272	0.00405	0.00578	0.02834	0.00925	0.00810
26	0.01215	0.00868	0.01157	0.01388	0.01446	0.00810	0.00925	0.01388	0.01909	0.02545	0.05495	0.64315	0.06593	0.03123	0.01272	0.00405	0.00578	0.02834	0.00925	0.00810
27	0.02045	0.04836	0.52794	0.03018	0.04431	0.02342	0.10368	0.03162	0.02137	0.03162	0.01819	0.02181	0.01295	0.00933	0.00977	0.00318	0.01500	0.00794	0.00432	0.01457
28	0.02578	0.02708	0.15201	0.09519	0.03489	0.02269	0.02177	0.04425	0.30493	0.11451	0.03256	0.03185	0.02357	0.01202	0.00996	0.00328	0.01016	0.00993	0.00843	0.01514
29	0.03336	0.04168	0.03689	0.03030	0.03683	0.44445	0.16963	0.03758	0.02692	0.02653	0.01675	0.02050	0.01349	0.00974	0.00977	0.00279	0.01765	0.00793	0.00511	0.01209
30	0.01596	0.02069	0.14664	0.02173	0.06788	0.01470	0.01821	0.02074	0.02056	0.02904	0.10776	0.30303	0.04764	0.02466	0.04674	0.00434	0.05326	0.01838	0.00744	0.01061
31	0.03499	0.02656	0.16433	0.02443	0.06452	0.01854	0.05127	0.04280	0.06437	0.35499	0.03196	0.03012	0.02112	0.01131	0.00999	0.00313	0.01061	0.00950	0.00938	0.01608
32	0.16801	0.03081	0.02366	0.02046	0.02661	0.27104	0.01598	0.04153	0.06956	0.20242	0.02439	0.02402	0.01745	0.01097	0.00886	0.00289	0.01234	0.00771	0.00792	0.01339
33	0.01858	0.00929	0.00929	0.00929	0.01161	0.00929	0.00697	0.02323	0.02091	0.03717	0.03252	0.03717	0.02555	0.01161	0.00697	0.00232	0.00465	0.00929	0.70499	0.00929
34	0.02415	0.02747	0.15235	0.22718	0.23148	0.02295	0.02907	0.06622	0.02354	0.07165	0.02004	0.02511	0.01504	0.00980	0.00983	0.00313	0.01261	0.00864	0.00549	0.01424
35	0.03268	0.02117	0.02983	0.10905	0.07803	0.05272	0.08311	0.10396	0.02777	0.24982	0.03052	0.08580	0.02342	0.01286	0.01040	0.00319	0.01103	0.01135	0.00879	0.01450
36	0.12216	0.03650	0.03525	0.02845	0.03534	0.32347	0.16851	0.07591	0.02689	0.03213	0.01721	0.02072	0.01354	0.00974	0.00948	0.00289	0.01577	0.00800	0.00562	0.01241
37	0.01518	0.00945	0.01264	0.01424	0.01548	0.00871	0.00976	0.01711	0.01996	0.07836	0.05349	0.58649	0.06210	0.02947	0.01247	0.00396	0.00603	0.02664	0.00954	0.00892
38	0.08015	0.03119	0.20199	0.03040	0.15475	0.06759	0.02434	0.06576	0.02390	0.07302	0.02934	0.08596	0.06335	0.01300	0.00981	0.00314	0.01151	0.01077	0.00643	0.01360
39	0.02574	0.01731	0.01984	0.01740	0.02261	0.01828	0.01362	0.04210	0.30406	0.15479	0.16053	0.04852	0.08066	0.01555	0.01058	0.00327	0.00714	0.01313	0.01072	0.01416
40	0.03379	0.03068	0.02368	0.02076	0.02606	0.29996	0.01596	0.03906	0.07007	0.17306	0.13090	0.03421	0.03260	0.01296	0.00987	0.00287	0.01228	0.00991	0.00845	0.01284
41	0.02499	0.07747	0.16583	0.03269	0.10733	0.02344	0.17363	0.03200	0.02298	0.10438	0.06598	0.02879	0.02188	0.01091	0.01205	0.00320	0.06243	0.00995	0.00615	0.01391
42	0.07998	0.07994	0.19359	0.10002	0.03545	0.02353	0.02293	0.14437	0.02582	0.08137	0.02021	0.02378	0.01507	0.01327	0.01277	0.08880	0.01161	0.00797	0.00633	0.01320
43	0.02813	0.29598	0.19959	0.02227	0.03216	0.07866	0.02325	0.14822	0.02706	0.03462	0.01737	0.01935	0.01368	0.00970	0.00827	0.00265	0.01247	0.00681	0.00559	0.01417
44	0.01766	0.01410	0.01810	0.01783	0.01957	0.01590	0.01365	0.06939	0.05474	0.03092	0.07363	0.34253	0.04997	0.02475	0.01616	0.00397	0.12534	0.07315	0.00854	0.01010
45	0.09299	0.16376	0.06229	0.01812	0.02631	0.02229	0.01640	0.07118	0.02638	0.35855	0.02943	0.02715	0.01975	0.01105	0.00886	0.00287	0.00941	0.00838	0.00942	0.01540
46	0.01402	0.01006	0.01362	0.01382	0.01501	0.01069	0.00981	0.01647	0.01758	0.02455	0.10399	0.13144	0.04257	0.22513	0.29414	0.01095	0.01623	0.01507	0.00679	0.00805
47	0.01219	0.00965	0.01098	0.01163	0.01397	0.00844	0.00835	0.01474	0.02224	0.02810	0.14701	0.27054	0.35376	0.02657	0.01208	0.00356	0.00524	0.02302	0.00947	0.00844
48	0.02398	0.02356	0.04192	0.11114	0.46809	0.02375	0.09950	0.03030	0.02255	0.03182	0.01884	0.02514	0.01547	0.00892	0.01013	0.00305	0.01264	0.00926	0.00490	0.01504
49	0.02612	0.60725	0.09596	0.01797	0.02699	0.03814	0.01864	0.02999	0.02032	0.02410	0.01418	0.01640	0.01278	0.00860	0.00664	0.00221	0.01099	0.00549	0.00426	0.01295
50	0.08827	0.03348	0.03631	0.02846	0.03594	0.22177	0.16886	0.19285	0.03166	0.03982	0.01922	0.02216	0.01457	0.01018	0.00985	0.00296	0.01470	0.00862	0.00666	0.01367
51	0.02002	0.01159	0.01420	0.01323	0.01700	0.01016	0.01023	0.02328	0.02464	0.15873	0.16798	0.14515	0.27176	0.02226	0.01161	0.00341	0.00610	0.04783	0.01027	0.01056
52	0.02480	0.02141	0.02254	0.02029	0.02592	0.02480	0.01578	0.05297	0.56946	0.04170	0.04057	0.03719	0.03043	0.01352	0.01014	0.00338	0.00789	0.01127	0.01014	0.01578
53	0.01960	0.01674	0.01765	0.01627	0.02088	0.01809	0.01253	0.03733	0.34358	0.03663	0.10417	0.05979	0.22010	0.01799	0.01082	0.00336	0.00669	0.01507	0.00991	0.01281
54	0.02352	0.02050	0.02447	0.02170	0.02723	0.02303	0.05713	0.04699	0.45362	0.03935	0.04065	0.04655	0.03288	0.01502	0.01076	0.00354	0.00875	0.07997	0.00962	0.01471
55	0.01999	0.05157	0.59800	0.02841	0.04315	0.02315	0.03683	0.03157	0.02105	0.03157	0.01789	0.02105	0.01263	0.00947	0.00947	0.00316	0.01473	0.00737	0.00421	0.01473
56	0.01411	0.01019	0.01333	0.01254	0.01489	0.00941	0.00941	0.01881	0.02822	0.03998	0.58221	0.07447	0.09406	0.02038	0.01176	0.00314	0.00470	0.01803	0.01097	0.00941

[dist]
# distance from previous block
# <min> <max>
0	6

[block]
# block no. 5 follows, 15 sequences, length 18
# corresponding to MSA columns:
# 213-230
name=unknown_F
#
# <colnr> <probs for GDERKNQSTAVLIFYWHMCP>
#	G	D	E	R	K	N	Q	S	T	A	V	L	I	F	Y	W	H	M	C	P
0	0.03806	0.03335	0.02904	0.02350	0.03059	0.20793	0.01881	0.36875	0.04016	0.07976	0.02215	0.02264	0.01611	0.01147	0.00967	0.00287	0.01299	0.00825	0.00861	0.01530
1	0.01501	0.01159	0.01421	0.01536	0.01816	0.01125	0.01263	0.02057	0.06650	0.02946	0.06834	0.14181	0.23453	0.02592	0.01272	0.00404	0.00741	0.27184	0.00929	0.00937
2	0.04426	0.01771	0.02359	0.01809	0.02582	0.01576	0.01494	0.08288	0.02978	0.55832	0.03828	0.03325	0.02415	0.01231	0.01002	0.00308	0.00865	0.00995	0.01218	0.01696
3	0.01883	0.01772	0.02990	0.62569	0.06866	0.02215	0.02769	0.02547	0.01993	0.02547	0.01772	0.02658	0.01329	0.00997	0.00997	0.00332	0.01329	0.00886	0.00443	0.01107
4	0.01334	0.01004	0.01234	0.01203	0.01449	0.00904	0.00892	0.01723	0.02602	0.03537	0.41304	0.12856	0.21791	0.02256	0.01185	0.00327	0.00488	0.01969	0.01038	0.00904
5	0.01944	0.01167	0.01682	0.01590	0.01854	0.01261	0.01232	0.02277	0.01803	0.11993	0.02923	0.04037	0.02579	0.11036	0.46318	0.01331	0.02224	0.01088	0.00659	0.01004
6	0.03442	0.04245	0.02696	0.02383	0.02960	0.50826	0.01800	0.03731	0.02696	0.02577	0.01580	0.01844	0.01317	0.00978	0.00872	0.00238	0.01618	0.00633	0.00527	0.13038
7	0.01641	0.01120	0.01575	0.01504	0.01580	0.01260	0.01100	0.01660	0.01668	0.02348	0.11635	0.04262	0.03359	0.11093	0.15128	0.27136	0.09485	0.01136	0.00587	0.00720
8	0.11691	0.46115	0.04062	0.01576	0.02293	0.03206	0.01492	0.02790	0.02117	0.02910	0.11047	0.02596	0.02634	0.01064	0.00728	0.00243	0.00926	0.00750	0.00566	0.01195
9	0.01432	0.00975	0.01291	0.01265	0.01445	0.00908	0.00917	0.01704	0.02433	0.03384	0.40300	0.13251	0.10160	0.02427	0.01649	0.12340	0.00551	0.01775	0.00957	0.00835
10	0.02312	0.03038	0.22173	0.03217	0.15679	0.02092	0.05189	0.06668	0.07027	0.07065	0.02825	0.13031	0.02512	0.01369	0.01035	0.00328	0.01142	0.01211	0.00670	0.01416
11	0.02349	0.02157	0.03159	0.36548	0.10001	0.05238	0.06026	0.11650	0.02595	0.03376	0.05592	0.02870	0.01952	0.01081	0.01015	0.00319	0.01268	0.00956	0.00592	0.01255
12	0.02064	0.01945	0.03141	0.43702	0.10463	0.02293	0.05961	0.03100	0.11381	0.02925	0.02185	0.02824	0.01653	0.01038	0.01010	0.00330	0.01247	0.00946	0.00548	0.01243
13	0.01845	0.01670	0.02748	0.38048	0.14238	0.01919	0.02414	0.02398	0.02048	0.02699	0.02693	0.13770	0.02606	0.01476	0.01071	0.00348	0.01145	0.05171	0.00570	0.01121
14	0.08389	0.05810	0.19521	0.02986	0.15115	0.02126	0.02424	0.03615	0.05998	0.17659	0.02613	0.05166	0.01969	0.01120	0.00947	0.00310	0.01092	0.00926	0.00721	0.01492
15	0.08328	0.02124	0.08290	0.06205	0.03333	0.01775	0.12671	0.03507	0.02394	0.25139	0.03254	0.10750	0.02631	0.01387	0.01053	0.00335	0.01073	0.03521	0.00857	0.01374
16	0.12137	0.02222	0.06467	0.03392	0.23500	0.02074	0.02124	0.06899	0.06097	0.13320	0.09282	0.03178	0.02712	0.01149	0.00963	0.00306	0.00970	0.00980	0.00774	0.01454
17	0.08584	0.02742	0.19021	0.02063	0.02938	0.01898	0.02063	0.04010	0.11662	0.24707	0.03241	0.07636	0.02419	0.01291	0.00978	0.00323	0.00995	0.01050	0.00884	0.01493

[dist]
# distance from previous block
# <min> <max>
0	478

# created by:
# /st0/software/busco_prod/Augustus/scripts/msa2prfl.pl ./align_prep/9347.fa
