[name]
unknown

[dist]
# distance from previous block
# <min> <max>
0	917

[block]
# block no. 0 follows, 12 sequences, length 25
# corresponding to MSA columns:
# 960-984
name=unknown_A
#
# <colnr> <probs for GDERKNQSTAVLIFYWHMCP>
#	G	D	E	R	K	N	Q	S	T	A	V	L	I	F	Y	W	H	M	C	P
0	0.08276	0.02507	0.02377	0.02139	0.02656	0.12416	0.01691	0.07729	0.09094	0.09573	0.03534	0.11977	0.03276	0.01798	0.01284	0.00364	0.05027	0.07423	0.00895	0.05963
1	0.07773	0.01537	0.01809	0.01544	0.02050	0.01483	0.01222	0.07350	0.02993	0.18285	0.20115	0.05380	0.08248	0.01676	0.01074	0.00325	0.00711	0.01389	0.13711	0.01325
2	0.03044	0.02028	0.02711	0.02002	0.02925	0.01687	0.05714	0.03712	0.05709	0.18010	0.02772	0.02835	0.02026	0.01009	0.00948	0.00241	0.00934	0.00863	0.00861	0.39970
3	0.02617	0.02062	0.03113	0.02383	0.03067	0.01995	0.10190	0.03126	0.02455	0.11124	0.10130	0.03503	0.03054	0.01328	0.01528	0.00310	0.12050	0.01082	0.00784	0.24100
4	0.01787	0.00947	0.01391	0.01439	0.01451	0.00935	0.00959	0.01439	0.01546	0.02061	0.02669	0.14173	0.02895	0.03718	0.03721	0.55501	0.00888	0.01352	0.00575	0.00551
5	0.02203	0.02175	0.03952	0.44922	0.10678	0.02498	0.12072	0.02960	0.02277	0.02976	0.01997	0.02898	0.01512	0.01049	0.01126	0.00361	0.01514	0.01029	0.00501	0.01298
6	0.03280	0.02645	0.10177	0.13291	0.07824	0.02323	0.02384	0.13047	0.06270	0.18042	0.07034	0.03457	0.02693	0.01300	0.01101	0.00343	0.01163	0.01080	0.00928	0.01617
7	0.03072	0.01872	0.02548	0.02582	0.09694	0.01842	0.01783	0.08747	0.02874	0.19339	0.07318	0.14891	0.03912	0.01844	0.01324	0.00362	0.04614	0.04358	0.01011	0.06013
8	0.01871	0.01379	0.01638	0.01639	0.01910	0.01372	0.01189	0.10933	0.02791	0.03701	0.09869	0.39223	0.12577	0.02840	0.01313	0.00403	0.00720	0.02507	0.01042	0.01084
9	0.02447	0.02194	0.06721	0.03568	0.15303	0.01919	0.11886	0.03062	0.02552	0.09301	0.07009	0.13044	0.03976	0.01812	0.01257	0.00387	0.01184	0.10168	0.00824	0.01385
10	0.02661	0.02452	0.03751	0.21845	0.12714	0.06326	0.11172	0.03307	0.02454	0.07373	0.02173	0.02754	0.01657	0.01011	0.01063	0.00312	0.01373	0.00956	0.00610	0.14035
11	0.04646	0.02250	0.02774	0.02127	0.02980	0.02187	0.01757	0.20417	0.03780	0.39599	0.03748	0.03352	0.02421	0.01336	0.01095	0.00334	0.01017	0.01059	0.01264	0.01855
12	0.01361	0.00993	0.01290	0.01514	0.01628	0.00922	0.01056	0.01588	0.02169	0.02843	0.06557	0.51053	0.12454	0.03307	0.01390	0.00440	0.00656	0.06868	0.01011	0.00900
13	0.06845	0.08120	0.11702	0.10650	0.22126	0.02672	0.11991	0.03436	0.02419	0.06771	0.02118	0.02637	0.01634	0.01007	0.01057	0.00333	0.01397	0.00958	0.00578	0.01550
14	0.03159	0.09301	0.04943	0.04270	0.18089	0.02632	0.21546	0.03830	0.02630	0.14950	0.02550	0.02911	0.01877	0.01030	0.01122	0.00334	0.01413	0.01080	0.00715	0.01617
15	0.03791	0.04772	0.03720	0.03145	0.03809	0.47030	0.11300	0.04192	0.02993	0.02824	0.01783	0.02150	0.01452	0.01085	0.01040	0.00297	0.01942	0.00812	0.00560	0.01303
16	0.12685	0.02758	0.07614	0.07749	0.22137	0.02608	0.11754	0.08859	0.02718	0.07593	0.02205	0.02654	0.01673	0.01043	0.01059	0.00339	0.01327	0.00973	0.00670	0.01582
17	0.07532	0.02517	0.03509	0.06891	0.11028	0.02962	0.05550	0.13875	0.02765	0.07582	0.02074	0.02603	0.01655	0.01421	0.01979	0.00388	0.22513	0.00971	0.00702	0.01483
18	0.02366	0.02081	0.02775	0.02375	0.02862	0.05598	0.10705	0.09964	0.08437	0.03801	0.04158	0.27153	0.04244	0.02115	0.01225	0.00380	0.01050	0.01932	0.05514	0.01268
19	0.03171	0.02099	0.03391	0.16617	0.04468	0.01992	0.11178	0.03777	0.02594	0.21202	0.02799	0.03047	0.01954	0.01085	0.01067	0.00311	0.01204	0.01002	0.00829	0.16214
20	0.02462	0.06909	0.09303	0.02632	0.03286	0.10567	0.11168	0.03219	0.05751	0.03225	0.05820	0.03377	0.02537	0.02630	0.12449	0.00616	0.05728	0.01070	0.05967	0.01284
21	0.03798	0.02862	0.12727	0.02289	0.03192	0.02291	0.02141	0.19700	0.03438	0.23636	0.03032	0.03040	0.02081	0.01552	0.01440	0.07994	0.01149	0.00987	0.00998	0.01653
22	0.02630	0.02496	0.04298	0.22886	0.24379	0.02656	0.12059	0.08591	0.02699	0.03669	0.02107	0.02803	0.01639	0.01038	0.01123	0.00345	0.01438	0.01031	0.00586	0.01525
23	0.01680	0.01994	0.11893	0.01926	0.02359	0.01539	0.01763	0.02178	0.01832	0.02644	0.02814	0.04325	0.02653	0.14606	0.39224	0.01386	0.02403	0.01161	0.00572	0.01048
24	0.02230	0.01580	0.02562	0.02162	0.02660	0.01460	0.10621	0.02762	0.02772	0.11290	0.21474	0.11043	0.10458	0.02120	0.01305	0.00384	0.00923	0.09950	0.01036	0.01210

[dist]
# distance from previous block
# <min> <max>
0	11

[block]
# block no. 1 follows, 12 sequences, length 6
# corresponding to MSA columns:
# 996-1001
name=unknown_B
#
# <colnr> <probs for GDERKNQSTAVLIFYWHMCP>
#	G	D	E	R	K	N	Q	S	T	A	V	L	I	F	Y	W	H	M	C	P
0	0.02591	0.02864	0.05920	0.04288	0.05328	0.02751	0.44548	0.03791	0.09092	0.03631	0.02495	0.03087	0.01871	0.00992	0.01264	0.00368	0.01712	0.01280	0.00624	0.01504
1	0.01727	0.01558	0.02807	0.02394	0.02793	0.01456	0.15603	0.02183	0.02391	0.03248	0.12703	0.35470	0.06084	0.02494	0.01344	0.00405	0.00966	0.02388	0.00908	0.01080
2	0.04214	0.02173	0.03671	0.02716	0.03635	0.01940	0.16018	0.04781	0.02961	0.40393	0.03689	0.03486	0.02394	0.01224	0.01152	0.00346	0.01194	0.01152	0.01116	0.01743
3	0.02672	0.02517	0.03625	0.02914	0.03672	0.02725	0.16105	0.05121	0.38196	0.04249	0.03785	0.03739	0.02839	0.01316	0.01161	0.00369	0.01148	0.01249	0.00946	0.01651
4	0.02010	0.01846	0.03043	0.02427	0.02999	0.01796	0.15706	0.03036	0.10934	0.04016	0.27089	0.06178	0.10648	0.01773	0.01258	0.00357	0.00961	0.01682	0.00979	0.01261
5	0.13294	0.13418	0.04660	0.18402	0.05080	0.02901	0.20863	0.03212	0.02285	0.03357	0.01895	0.02524	0.01476	0.00983	0.01027	0.00337	0.01450	0.00959	0.00538	0.01340

[dist]
# distance from previous block
# <min> <max>
1	26

[block]
# block no. 2 follows, 12 sequences, length 12
# corresponding to MSA columns:
# 1028-1039
name=unknown_C
#
# <colnr> <probs for GDERKNQSTAVLIFYWHMCP>
#	G	D	E	R	K	N	Q	S	T	A	V	L	I	F	Y	W	H	M	C	P
0	0.38136	0.02240	0.01734	0.01677	0.02146	0.10637	0.01275	0.02868	0.02122	0.03892	0.02926	0.20003	0.03070	0.01769	0.00944	0.00361	0.00956	0.01380	0.00761	0.01103
1	0.02466	0.01961	0.03199	0.39555	0.13776	0.02244	0.02722	0.03088	0.02296	0.09285	0.02358	0.03298	0.01841	0.05767	0.01432	0.00407	0.01335	0.01032	0.00612	0.01327
2	0.03070	0.01913	0.02344	0.01715	0.02645	0.01499	0.01387	0.03535	0.02525	0.19565	0.02665	0.02707	0.01948	0.00974	0.00896	0.00216	0.00844	0.00785	0.00862	0.47904
3	0.04510	0.02014	0.02699	0.07840	0.03340	0.01909	0.01807	0.10799	0.03276	0.44144	0.03850	0.03492	0.02466	0.01318	0.01095	0.00339	0.01015	0.01069	0.01229	0.01790
4	0.02929	0.02802	0.02331	0.01963	0.02609	0.19953	0.01512	0.03328	0.02791	0.08674	0.12247	0.04006	0.07286	0.01375	0.01019	0.00268	0.01133	0.01077	0.00818	0.21880
5	0.01822	0.01682	0.02604	0.41242	0.05654	0.01961	0.02352	0.02410	0.02274	0.02835	0.04738	0.05239	0.17743	0.01604	0.01151	0.00365	0.01176	0.01379	0.00647	0.01122
6	0.02503	0.01935	0.02020	0.01849	0.02354	0.02191	0.01430	0.04794	0.37345	0.04409	0.04167	0.04067	0.03164	0.01415	0.01003	0.00334	0.00754	0.01166	0.21593	0.01508
7	0.01945	0.19937	0.02738	0.01502	0.01976	0.02030	0.01270	0.02390	0.02771	0.03703	0.34636	0.06365	0.11064	0.01873	0.01106	0.00311	0.00718	0.01571	0.00960	0.01134
8	0.01465	0.01111	0.01349	0.01290	0.01581	0.00995	0.00967	0.01906	0.02902	0.03934	0.41004	0.08867	0.23862	0.02393	0.01287	0.00351	0.00526	0.02073	0.01143	0.00995
9	0.01573	0.01106	0.01438	0.01438	0.01524	0.01192	0.00971	0.01745	0.01659	0.02298	0.03208	0.05876	0.03418	0.38064	0.28419	0.01364	0.01880	0.01401	0.00627	0.00799
10	0.02159	0.02076	0.03292	0.41782	0.06081	0.02704	0.02831	0.02736	0.02023	0.02736	0.01782	0.02747	0.01447	0.01342	0.01855	0.00398	0.19357	0.00964	0.00482	0.01206
11	0.69383	0.02109	0.01603	0.01434	0.02109	0.02446	0.01181	0.03205	0.01856	0.04892	0.01518	0.01771	0.01181	0.01012	0.00675	0.00337	0.00843	0.00590	0.00675	0.01181

[dist]
# distance from previous block
# <min> <max>
0	19

[block]
# block no. 3 follows, 12 sequences, length 52
# corresponding to MSA columns:
# 1059-1110
name=unknown_D
#
# <colnr> <probs for GDERKNQSTAVLIFYWHMCP>
#	G	D	E	R	K	N	Q	S	T	A	V	L	I	F	Y	W	H	M	C	P
0	0.13722	0.05568	0.02635	0.01896	0.02751	0.02308	0.01563	0.14374	0.06286	0.13352	0.02565	0.02600	0.01884	0.01095	0.00913	0.00274	0.00945	0.00824	0.00890	0.23557
1	0.03049	0.34248	0.07851	0.02278	0.03057	0.15392	0.02089	0.03741	0.08063	0.02875	0.01902	0.02149	0.01619	0.01128	0.01083	0.00288	0.06496	0.00729	0.00560	0.01402
2	0.03515	0.06533	0.02910	0.02504	0.08533	0.02238	0.01810	0.16279	0.03403	0.21105	0.09904	0.09553	0.03691	0.01587	0.01118	0.00337	0.00976	0.01329	0.01072	0.01604
3	0.01524	0.01193	0.01674	0.02121	0.08388	0.01123	0.01294	0.01817	0.02291	0.03078	0.11448	0.42443	0.11663	0.02903	0.01329	0.00409	0.00696	0.02620	0.00973	0.01013
4	0.02532	0.02189	0.02485	0.09414	0.03333	0.02535	0.01834	0.05099	0.42290	0.04319	0.08258	0.04258	0.03666	0.01492	0.01122	0.00367	0.00909	0.01260	0.01037	0.01602
5	0.01580	0.01064	0.01224	0.01213	0.01245	0.01053	0.00708	0.01646	0.01777	0.02403	0.09937	0.07264	0.04772	0.54082	0.05005	0.00966	0.00988	0.01635	0.00730	0.00708
6	0.01855	0.01324	0.01539	0.01448	0.01740	0.01350	0.01068	0.02790	0.12223	0.04067	0.29627	0.06542	0.06873	0.09521	0.01708	0.00424	0.00649	0.01618	0.12522	0.01112
7	0.02821	0.02247	0.02574	0.09459	0.03428	0.02577	0.01881	0.05367	0.42021	0.08852	0.04106	0.03888	0.03033	0.01418	0.01106	0.00366	0.00944	0.01187	0.01051	0.01672
8	0.02806	0.54617	0.05401	0.09176	0.03401	0.04073	0.02014	0.03204	0.02211	0.02593	0.01570	0.01897	0.01406	0.00953	0.00750	0.00250	0.01203	0.00632	0.00469	0.01375
9	0.03645	0.02545	0.03189	0.11611	0.09651	0.02761	0.02245	0.25609	0.08882	0.14246	0.02931	0.03012	0.02077	0.01262	0.01092	0.00339	0.01168	0.01024	0.00982	0.01728
10	0.02125	0.02066	0.03675	0.52099	0.07278	0.02465	0.09149	0.02876	0.02231	0.02876	0.01972	0.02911	0.01479	0.01068	0.01115	0.00364	0.01503	0.01010	0.00493	0.01244
11	0.12337	0.02861	0.02977	0.02342	0.03163	0.03194	0.01923	0.40478	0.09572	0.06384	0.02663	0.02657	0.01918	0.01288	0.01039	0.00333	0.01120	0.00957	0.01039	0.01755
12	0.02396	0.02932	0.12260	0.22050	0.14356	0.06854	0.02848	0.03431	0.08772	0.03236	0.02361	0.02977	0.01857	0.01833	0.06800	0.00488	0.01567	0.00974	0.00587	0.01422
13	0.02659	0.02564	0.04287	0.06203	0.48231	0.02686	0.03223	0.03254	0.02379	0.03442	0.01972	0.02659	0.01689	0.01091	0.01399	0.00343	0.08758	0.00969	0.00532	0.01659
14	0.01488	0.01112	0.01382	0.01314	0.01595	0.01006	0.00986	0.01952	0.02957	0.04066	0.44999	0.08650	0.19784	0.02344	0.01287	0.00348	0.00523	0.02043	0.01160	0.01006
15	0.13735	0.08693	0.19751	0.12544	0.04667	0.02768	0.11901	0.07165	0.02479	0.03787	0.01942	0.02414	0.01452	0.01032	0.01007	0.00340	0.01426	0.00883	0.00569	0.01445
16	0.02468	0.27509	0.36623	0.02629	0.03978	0.03220	0.03194	0.03380	0.02269	0.03111	0.01787	0.02089	0.01388	0.00996	0.00906	0.00302	0.01440	0.00720	0.00463	0.01530
17	0.01467	0.01105	0.01315	0.01267	0.01530	0.00998	0.00924	0.01848	0.02727	0.03666	0.34876	0.08775	0.23566	0.09084	0.01766	0.00431	0.00587	0.02033	0.01080	0.00953
18	0.04295	0.02022	0.02729	0.02449	0.08066	0.01883	0.01792	0.10714	0.03309	0.39847	0.08008	0.03836	0.03122	0.01379	0.01110	0.00335	0.00966	0.01142	0.01222	0.01774
19	0.14375	0.02189	0.03341	0.06263	0.03569	0.02267	0.14023	0.07311	0.02755	0.13909	0.11184	0.03690	0.03206	0.01352	0.01286	0.00357	0.05466	0.01176	0.00866	0.01413
20	0.03718	0.14248	0.03604	0.02588	0.03223	0.31140	0.02086	0.14065	0.03233	0.03549	0.01831	0.02112	0.01503	0.01211	0.01222	0.00303	0.07539	0.00767	0.00650	0.01407
21	0.03148	0.02283	0.02424	0.01834	0.02724	0.07773	0.01464	0.03593	0.02577	0.16978	0.02523	0.02604	0.01873	0.00984	0.00902	0.00221	0.00969	0.00769	0.00819	0.43536
22	0.03348	0.02097	0.02724	0.12264	0.09238	0.05973	0.01972	0.07750	0.02674	0.20230	0.02752	0.03144	0.02022	0.01799	0.01808	0.15853	0.01164	0.00987	0.00829	0.01371
23	0.18442	0.01816	0.02161	0.01727	0.02468	0.01718	0.01417	0.04548	0.02755	0.38920	0.03619	0.03334	0.02383	0.01268	0.00968	0.00328	0.00862	0.00979	0.08670	0.01616
24	0.02226	0.05365	0.50983	0.03259	0.04819	0.02555	0.08801	0.03457	0.02330	0.03457	0.01982	0.02367	0.01409	0.01024	0.01061	0.00348	0.01635	0.00855	0.00470	0.01597
25	0.01709	0.01177	0.01424	0.01362	0.01705	0.01048	0.01053	0.02122	0.02806	0.07506	0.29674	0.09080	0.26653	0.02437	0.01291	0.00366	0.00600	0.05819	0.01122	0.01045
26	0.04002	0.01720	0.02160	0.01724	0.02400	0.01591	0.01402	0.08566	0.03057	0.36478	0.03939	0.03717	0.02652	0.01323	0.01000	0.00312	0.00831	0.01063	0.20449	0.01614
27	0.01894	0.00947	0.01420	0.01420	0.01420	0.00947	0.00947	0.01420	0.01420	0.01894	0.01894	0.03314	0.01894	0.03788	0.04261	0.68277	0.00947	0.00947	0.00473	0.00473
28	0.01558	0.01168	0.01752	0.01752	0.01947	0.01363	0.01363	0.01947	0.01752	0.02531	0.02921	0.04283	0.02726	0.08178	0.57360	0.01752	0.02921	0.01168	0.00584	0.00974
29	0.01565	0.01048	0.01195	0.01216	0.01221	0.01043	0.00689	0.01580	0.01626	0.02168	0.03644	0.11502	0.04228	0.56954	0.05212	0.01007	0.01023	0.01708	0.00689	0.00679
30	0.02493	0.01931	0.02285	0.01644	0.02602	0.01467	0.01319	0.02972	0.02337	0.08147	0.02146	0.02389	0.01711	0.00855	0.00833	0.00177	0.00818	0.00686	0.00708	0.62481
31	0.12717	0.14551	0.20561	0.02637	0.08975	0.02556	0.02461	0.03189	0.02316	0.06643	0.03369	0.03516	0.09694	0.01292	0.00965	0.00324	0.01168	0.00999	0.00643	0.01426
32	0.02979	0.02475	0.02616	0.02273	0.02937	0.02837	0.01790	0.14260	0.44008	0.04992	0.04099	0.03798	0.03054	0.01448	0.01106	0.00362	0.00926	0.01186	0.01106	0.01750
33	0.02059	0.01938	0.03270	0.59060	0.07510	0.02422	0.03028	0.02786	0.02180	0.02786	0.01938	0.02907	0.01453	0.01090	0.01090	0.00363	0.01453	0.00969	0.00484	0.01211
34	0.02187	0.05640	0.56031	0.03108	0.04719	0.02532	0.04029	0.03453	0.02302	0.03453	0.01957	0.02302	0.01381	0.01036	0.01036	0.00345	0.01611	0.00806	0.00460	0.01611
35	0.02574	0.02941	0.06434	0.04596	0.05699	0.02757	0.50919	0.03493	0.02574	0.03493	0.02206	0.02941	0.01654	0.00919	0.01287	0.00368	0.01838	0.01287	0.00551	0.01471
36	0.01559	0.01095	0.01419	0.01434	0.01516	0.01169	0.00963	0.01726	0.01683	0.02322	0.03388	0.09304	0.03669	0.36729	0.25990	0.01297	0.01775	0.01512	0.00652	0.00799
37	0.02059	0.01938	0.03270	0.59060	0.07510	0.02422	0.03028	0.02786	0.02180	0.02786	0.01938	0.02907	0.01453	0.01090	0.01090	0.00363	0.01453	0.00969	0.00484	0.01211
38	0.01363	0.01040	0.01254	0.01343	0.01555	0.00930	0.00953	0.01657	0.02451	0.03200	0.18695	0.31619	0.24161	0.02922	0.01332	0.00394	0.00578	0.02569	0.01055	0.00930
39	0.10101	0.02078	0.02571	0.13145	0.03617	0.02230	0.01873	0.13824	0.07503	0.18677	0.03431	0.10409	0.02751	0.01529	0.01090	0.00357	0.01036	0.01262	0.00993	0.01526
40	0.69383	0.02109	0.01603	0.01434	0.02109	0.02446	0.01181	0.03205	0.01856	0.04892	0.01518	0.01771	0.01181	0.01012	0.00675	0.00337	0.00843	0.00590	0.00675	0.01181
41	0.02691	0.13979	0.03668	0.14508	0.08501	0.11337	0.05737	0.03605	0.11017	0.03075	0.02445	0.03199	0.02078	0.07924	0.01518	0.00402	0.01348	0.00992	0.00630	0.01346
42	0.01729	0.01051	0.01407	0.01566	0.01717	0.00966	0.01079	0.01945	0.02204	0.08727	0.05818	0.54530	0.06704	0.03184	0.01358	0.00431	0.00666	0.02874	0.01050	0.00995
43	0.02971	0.07707	0.08175	0.02258	0.02968	0.08691	0.01943	0.08609	0.22928	0.08568	0.03667	0.10577	0.03068	0.01571	0.01088	0.00349	0.01094	0.01281	0.00937	0.01551
44	0.01493	0.01102	0.01289	0.01243	0.01540	0.00988	0.00932	0.01920	0.02796	0.03823	0.33981	0.08643	0.25785	0.02339	0.01241	0.00344	0.00528	0.02008	0.07017	0.00988
45	0.02296	0.01404	0.01722	0.01509	0.01945	0.01302	0.01174	0.06610	0.03133	0.13331	0.31912	0.07406	0.17706	0.02111	0.01237	0.00346	0.00652	0.01806	0.01177	0.01220
46	0.18942	0.20753	0.03645	0.02140	0.02930	0.03201	0.05659	0.08219	0.16808	0.04147	0.02499	0.02586	0.01955	0.01139	0.00892	0.00316	0.01060	0.00862	0.00761	0.01485
47	0.08276	0.02965	0.08188	0.02283	0.03171	0.08507	0.02011	0.17643	0.03513	0.27709	0.03130	0.02949	0.02092	0.01260	0.01050	0.00329	0.01185	0.00960	0.01057	0.01722
48	0.08812	0.13408	0.13869	0.05700	0.03467	0.02633	0.02241	0.08345	0.06947	0.19930	0.02833	0.02810	0.01984	0.01177	0.00981	0.00324	0.01151	0.00900	0.00865	0.01621
49	0.02800	0.02442	0.02931	0.07074	0.03314	0.02991	0.02090	0.12213	0.25231	0.04217	0.03017	0.03220	0.02353	0.01549	0.01854	0.00395	0.18815	0.01085	0.00864	0.01544
50	0.03059	0.07289	0.06488	0.02250	0.03108	0.02360	0.05410	0.04586	0.21640	0.14848	0.03371	0.03263	0.02463	0.01210	0.01024	0.00311	0.01011	0.01016	0.00936	0.14358
51	0.08711	0.41204	0.07844	0.02033	0.02931	0.10583	0.01949	0.03592	0.02383	0.07521	0.01811	0.01986	0.01496	0.01007	0.00790	0.00264	0.01248	0.00658	0.00574	0.01417

[dist]
# distance from previous block
# <min> <max>
0	2

[block]
# block no. 4 follows, 12 sequences, length 34
# corresponding to MSA columns:
# 1113-1146
name=unknown_E
#
# <colnr> <probs for GDERKNQSTAVLIFYWHMCP>
#	G	D	E	R	K	N	Q	S	T	A	V	L	I	F	Y	W	H	M	C	P
0	0.07329	0.03199	0.13029	0.02507	0.03477	0.08499	0.06705	0.07738	0.06411	0.19490	0.02851	0.02860	0.01990	0.01157	0.01037	0.00319	0.01259	0.00941	0.00871	0.08330
1	0.03368	0.02111	0.03280	0.16615	0.04367	0.02127	0.09805	0.09269	0.02964	0.23265	0.03859	0.03941	0.07299	0.01353	0.01144	0.00351	0.01198	0.01202	0.00943	0.01539
2	0.07757	0.07633	0.06639	0.01723	0.02080	0.01543	0.01436	0.02072	0.02130	0.03047	0.04776	0.40874	0.05497	0.02709	0.01234	0.00408	0.00819	0.05708	0.00877	0.01037
3	0.02542	0.02556	0.08748	0.08675	0.09408	0.02230	0.19099	0.06318	0.02657	0.08147	0.03675	0.10293	0.07639	0.01485	0.01207	0.00364	0.01338	0.01454	0.00741	0.01423
4	0.02782	0.03115	0.19842	0.13595	0.08535	0.02145	0.06188	0.03591	0.02591	0.15493	0.08506	0.03487	0.02765	0.01242	0.01110	0.00346	0.01289	0.01084	0.00768	0.01525
5	0.14155	0.07951	0.02776	0.07028	0.03111	0.02075	0.01694	0.04562	0.02754	0.37896	0.03390	0.03150	0.02228	0.01234	0.00993	0.00329	0.00987	0.00957	0.01081	0.01650
6	0.02059	0.01938	0.03270	0.59060	0.07510	0.02422	0.03028	0.02786	0.02180	0.02786	0.01938	0.02907	0.01453	0.01090	0.01090	0.00363	0.01453	0.00969	0.00484	0.01211
7	0.08624	0.02359	0.03831	0.13984	0.08265	0.02520	0.15735	0.08157	0.05841	0.07244	0.02665	0.07523	0.02208	0.01325	0.01277	0.00367	0.04699	0.01220	0.00724	0.01432
8	0.09515	0.02818	0.08665	0.13550	0.07179	0.11872	0.02190	0.03363	0.02508	0.11082	0.03507	0.08836	0.07451	0.01497	0.01071	0.00345	0.01246	0.01216	0.00751	0.01335
9	0.03597	0.01746	0.02232	0.01864	0.02479	0.01647	0.01476	0.08828	0.06310	0.31259	0.11043	0.14476	0.04465	0.01840	0.01175	0.00358	0.00843	0.01568	0.01228	0.01564
10	0.01894	0.00947	0.01420	0.01420	0.01420	0.00947	0.00947	0.01420	0.01420	0.01894	0.01894	0.03314	0.01894	0.03788	0.04261	0.68277	0.00947	0.00947	0.00473	0.00473
11	0.02931	0.09233	0.03716	0.22982	0.13962	0.02893	0.02606	0.13627	0.02902	0.07150	0.02171	0.02687	0.01662	0.01175	0.01228	0.00340	0.05615	0.00935	0.00679	0.01505
12	0.03846	0.03237	0.03429	0.03655	0.17666	0.15692	0.02359	0.19172	0.03574	0.12954	0.02514	0.02665	0.01850	0.01177	0.01063	0.00317	0.01364	0.00931	0.00854	0.01679
13	0.01853	0.01364	0.01828	0.02029	0.02317	0.01401	0.01754	0.02614	0.07568	0.03393	0.05639	0.11473	0.05979	0.02858	0.01466	0.00489	0.00990	0.42893	0.01015	0.01076
14	0.03562	0.02742	0.03272	0.18305	0.04535	0.03113	0.02339	0.37708	0.04304	0.05730	0.02428	0.02699	0.01742	0.01248	0.01091	0.00337	0.01271	0.00978	0.00921	0.01675
15	0.02701	0.16659	0.15301	0.12567	0.04146	0.11788	0.02520	0.03636	0.08173	0.03146	0.02094	0.02431	0.01648	0.01065	0.00948	0.00298	0.01377	0.00802	0.00575	0.08124
16	0.29852	0.02383	0.02115	0.01764	0.02445	0.08398	0.01393	0.07872	0.02510	0.11280	0.02278	0.02752	0.01823	0.07155	0.01316	0.00375	0.01033	0.00817	0.00787	0.11650
17	0.47091	0.02021	0.01923	0.01609	0.02342	0.02154	0.01327	0.03934	0.02293	0.22431	0.02480	0.02442	0.01706	0.01129	0.00821	0.00337	0.00873	0.00765	0.00908	0.01414
18	0.02046	0.01859	0.03122	0.54440	0.07022	0.02304	0.02861	0.02676	0.02119	0.02714	0.01934	0.02940	0.01489	0.01306	0.01344	0.05807	0.01413	0.00967	0.00484	0.01152
19	0.21460	0.02269	0.03237	0.02558	0.03296	0.02351	0.15067	0.08041	0.08355	0.09456	0.03038	0.10731	0.02597	0.01430	0.01073	0.00363	0.01133	0.01287	0.00843	0.01413
20	0.02496	0.02713	0.05861	0.04233	0.05209	0.02550	0.45205	0.03256	0.02442	0.03310	0.02170	0.02984	0.01682	0.01247	0.01627	0.08133	0.01736	0.01248	0.00543	0.01357
21	0.01586	0.01057	0.01189	0.01189	0.01189	0.01057	0.00661	0.01586	0.01586	0.02114	0.03436	0.07135	0.03964	0.61681	0.05550	0.01057	0.01057	0.01586	0.00661	0.00661
22	0.11162	0.01600	0.01955	0.01782	0.02291	0.01558	0.01396	0.03665	0.07239	0.23796	0.04631	0.21793	0.04277	0.02103	0.01174	0.00388	0.00828	0.05865	0.01111	0.01388
23	0.08667	0.01064	0.01439	0.01422	0.01490	0.01097	0.00970	0.01600	0.01464	0.02195	0.01856	0.03160	0.01822	0.03509	0.03901	0.61459	0.00937	0.00911	0.00494	0.00544
24	0.02261	0.01938	0.02261	0.01615	0.02584	0.01453	0.01292	0.02745	0.02261	0.03553	0.01938	0.02261	0.01615	0.00807	0.00807	0.00161	0.00807	0.00646	0.00646	0.68346
25	0.03206	0.02681	0.09040	0.02971	0.03713	0.02531	0.14091	0.04021	0.06945	0.19272	0.02816	0.03067	0.02036	0.01371	0.01788	0.00385	0.16609	0.01089	0.00816	0.01552
26	0.02476	0.02066	0.02377	0.01717	0.02675	0.01674	0.01381	0.08291	0.02589	0.03932	0.02016	0.02302	0.01642	0.00865	0.00840	0.00180	0.00852	0.00684	0.00697	0.60743
27	0.63104	0.02093	0.01758	0.06808	0.02612	0.02444	0.01353	0.03166	0.01886	0.04696	0.01557	0.01877	0.01206	0.01019	0.00713	0.00340	0.00900	0.00626	0.00657	0.01184
28	0.08237	0.03265	0.20804	0.16031	0.04669	0.02375	0.07610	0.07802	0.02514	0.03676	0.02574	0.10728	0.02274	0.01396	0.01097	0.00363	0.01350	0.01213	0.00635	0.01387
29	0.02783	0.01867	0.02235	0.01744	0.02502	0.01643	0.01390	0.06784	0.07383	0.13898	0.13531	0.03946	0.03793	0.01301	0.01009	0.00263	0.00802	0.01083	0.00967	0.31075
30	0.02059	0.01938	0.03270	0.59060	0.07510	0.02422	0.03028	0.02786	0.02180	0.02786	0.01938	0.02907	0.01453	0.01090	0.01090	0.00363	0.01453	0.00969	0.00484	0.01211
31	0.13142	0.02252	0.08324	0.01993	0.02654	0.01950	0.01764	0.07726	0.02732	0.20196	0.08199	0.13000	0.03609	0.01726	0.01276	0.00366	0.05281	0.01381	0.00989	0.01438
32	0.08185	0.12087	0.08705	0.02613	0.03559	0.02415	0.14826	0.03458	0.02436	0.11972	0.02599	0.06910	0.02128	0.01176	0.01018	0.00308	0.01221	0.01072	0.00720	0.12593
33	0.02281	0.21144	0.31766	0.02439	0.03612	0.02775	0.02868	0.03149	0.02418	0.03362	0.11216	0.03191	0.02984	0.01220	0.00984	0.00313	0.01287	0.00951	0.00595	0.01446

[dist]
# distance from previous block
# <min> <max>
0	2

[block]
# block no. 5 follows, 12 sequences, length 6
# corresponding to MSA columns:
# 1150-1155
name=unknown_F
#
# <colnr> <probs for GDERKNQSTAVLIFYWHMCP>
#	G	D	E	R	K	N	Q	S	T	A	V	L	I	F	Y	W	H	M	C	P
0	0.09219	0.12053	0.17540	0.02580	0.03636	0.02934	0.06630	0.15382	0.06885	0.09309	0.02446	0.02573	0.01777	0.01138	0.01001	0.00327	0.01275	0.00898	0.00775	0.01620
1	0.13551	0.02022	0.07055	0.01790	0.02500	0.01614	0.01559	0.03532	0.02517	0.23523	0.04346	0.14691	0.07576	0.01737	0.01072	0.00346	0.00880	0.01438	0.01004	0.07246
2	0.06891	0.01498	0.05772	0.01487	0.01711	0.01286	0.01139	0.01900	0.01774	0.02623	0.07195	0.05271	0.03500	0.28485	0.09346	0.16188	0.01200	0.01294	0.00642	0.00798
3	0.03184	0.13323	0.08323	0.11495	0.03782	0.07408	0.02185	0.11515	0.05775	0.12429	0.02863	0.08006	0.02338	0.01373	0.01037	0.00329	0.01224	0.01095	0.00814	0.01500
4	0.02513	0.11751	0.03472	0.06411	0.10988	0.07009	0.06328	0.03043	0.02467	0.03389	0.07267	0.03052	0.02533	0.01085	0.00953	0.00265	0.01121	0.00930	0.05733	0.19691
5	0.02647	0.13207	0.02933	0.01694	0.02644	0.02003	0.01430	0.03100	0.02339	0.08592	0.02096	0.02311	0.01683	0.00885	0.00816	0.00193	0.00887	0.00679	0.00683	0.49178

[dist]
# distance from previous block
# <min> <max>
0	11

[block]
# block no. 6 follows, 12 sequences, length 35
# corresponding to MSA columns:
# 1167-1201
name=unknown_G
#
# <colnr> <probs for GDERKNQSTAVLIFYWHMCP>
#	G	D	E	R	K	N	Q	S	T	A	V	L	I	F	Y	W	H	M	C	P
0	0.02185	0.01878	0.02376	0.10735	0.03335	0.01589	0.01607	0.02709	0.02270	0.03406	0.02274	0.03242	0.01998	0.01045	0.00913	0.00223	0.00927	0.04804	0.00652	0.51829
1	0.28258	0.09633	0.07095	0.01770	0.02397	0.02347	0.01559	0.03206	0.09709	0.03827	0.02745	0.11664	0.02569	0.01699	0.01204	0.06297	0.00931	0.01135	0.00731	0.01221
2	0.02818	0.11482	0.02966	0.08886	0.03231	0.02167	0.01688	0.07487	0.02617	0.11452	0.02696	0.08327	0.02302	0.01248	0.00953	0.00267	0.00981	0.01018	0.00781	0.26636
3	0.11227	0.12362	0.09708	0.03499	0.11294	0.02870	0.16685	0.07842	0.02667	0.08543	0.02191	0.02550	0.01651	0.01026	0.01029	0.00328	0.01369	0.00952	0.00663	0.01543
4	0.08523	0.25580	0.33130	0.02513	0.03797	0.03161	0.02998	0.03363	0.02231	0.03266	0.01760	0.02056	0.01370	0.00997	0.00883	0.00305	0.01383	0.00707	0.00482	0.01497
5	0.02542	0.08614	0.07772	0.02578	0.09302	0.07019	0.01965	0.03472	0.09904	0.03584	0.06417	0.02976	0.02510	0.01101	0.00949	0.00261	0.01062	0.00891	0.00703	0.26380
6	0.02261	0.01554	0.01929	0.01545	0.02175	0.01279	0.01211	0.02751	0.02742	0.10372	0.26008	0.05112	0.05687	0.01520	0.01061	0.00266	0.00689	0.01304	0.00985	0.29550
7	0.12204	0.01245	0.01435	0.01501	0.01768	0.01202	0.01068	0.01955	0.02158	0.03337	0.09263	0.41016	0.05982	0.02670	0.01211	0.00389	0.00673	0.02358	0.00940	0.07626
8	0.02694	0.29953	0.22414	0.02321	0.03487	0.03261	0.02559	0.07604	0.02514	0.03383	0.01820	0.02082	0.01461	0.00987	0.00864	0.00271	0.01278	0.00704	0.00543	0.09800
9	0.03079	0.12428	0.03236	0.02288	0.02964	0.12091	0.01864	0.10225	0.21548	0.03961	0.02803	0.02857	0.02198	0.01279	0.01185	0.00316	0.05765	0.00930	0.00818	0.08168
10	0.01586	0.01057	0.01189	0.01189	0.01189	0.01057	0.00661	0.01586	0.01586	0.02114	0.03436	0.07135	0.03964	0.61681	0.05550	0.01057	0.01057	0.01586	0.00661	0.00661
11	0.02839	0.01253	0.01443	0.01277	0.01697	0.01182	0.00999	0.03323	0.02522	0.18605	0.03767	0.03965	0.02768	0.01293	0.00856	0.00278	0.00626	0.01039	0.49017	0.01253
12	0.01328	0.00949	0.01265	0.01518	0.01581	0.00886	0.01012	0.01518	0.02088	0.02783	0.06010	0.60969	0.07212	0.03416	0.01392	0.00443	0.00633	0.03100	0.01012	0.00886
13	0.02270	0.01265	0.01679	0.01511	0.01882	0.01144	0.01155	0.02735	0.03005	0.15651	0.38833	0.11894	0.08321	0.02140	0.01253	0.00351	0.00617	0.01878	0.01217	0.01200
14	0.02222	0.01317	0.01578	0.01431	0.01800	0.01254	0.01079	0.02866	0.07111	0.12050	0.23913	0.06656	0.12176	0.07831	0.01583	0.00405	0.00668	0.01626	0.11265	0.01169
15	0.01430	0.01022	0.01377	0.01600	0.01716	0.00969	0.01157	0.01708	0.02256	0.03015	0.10194	0.46965	0.07301	0.03234	0.01404	0.00445	0.00694	0.11563	0.01027	0.00921
16	0.02469	0.20519	0.07429	0.21135	0.04662	0.03183	0.05460	0.03289	0.07171	0.02957	0.02002	0.02561	0.01627	0.01187	0.01348	0.00341	0.09875	0.00886	0.00542	0.01357
17	0.02073	0.01232	0.01627	0.01462	0.01812	0.01120	0.01120	0.02573	0.03092	0.12480	0.46395	0.07443	0.09088	0.02090	0.01256	0.00342	0.00580	0.01833	0.01224	0.01160
18	0.09566	0.24522	0.19247	0.02909	0.07743	0.07970	0.07403	0.03436	0.02336	0.03234	0.01766	0.02120	0.01424	0.00988	0.00905	0.00300	0.01406	0.00758	0.00509	0.01458
19	0.02607	0.03712	0.27464	0.16559	0.04832	0.02405	0.03093	0.09256	0.02688	0.08833	0.02545	0.06671	0.01990	0.01278	0.01087	0.00353	0.01387	0.01054	0.00670	0.01517
20	0.01533	0.01196	0.01556	0.07213	0.02193	0.01145	0.01184	0.02011	0.02846	0.03859	0.38311	0.08186	0.20233	0.02243	0.01267	0.00351	0.00620	0.01950	0.01081	0.01021
21	0.02691	0.49409	0.11223	0.02000	0.02937	0.03803	0.02068	0.03152	0.02178	0.02666	0.01712	0.02074	0.01533	0.01687	0.06541	0.00402	0.01398	0.00669	0.00478	0.01381
22	0.02315	0.01864	0.02790	0.05856	0.02918	0.02284	0.04644	0.02710	0.02064	0.08258	0.07457	0.03692	0.02819	0.03552	0.18040	0.00797	0.24917	0.01150	0.00673	0.01199
23	0.08350	0.01154	0.01317	0.01366	0.01623	0.01096	0.00990	0.01860	0.02452	0.03502	0.20858	0.27253	0.18949	0.02665	0.01262	0.00385	0.00600	0.02320	0.01033	0.00966
24	0.03107	0.08637	0.04163	0.10416	0.11574	0.07644	0.13042	0.11057	0.02953	0.09079	0.02549	0.06288	0.02072	0.01227	0.01103	0.00335	0.01389	0.01123	0.00729	0.01514
25	0.01328	0.00949	0.01265	0.01518	0.01581	0.00886	0.01012	0.01518	0.02088	0.02783	0.06010	0.60969	0.07212	0.03416	0.01392	0.00443	0.00633	0.03100	0.01012	0.00886
26	0.02528	0.02123	0.02953	0.13459	0.19637	0.05378	0.02213	0.02995	0.02339	0.07768	0.02782	0.09272	0.02585	0.09178	0.01658	0.00417	0.01173	0.01223	0.00681	0.09639
27	0.12938	0.16063	0.07486	0.07173	0.07675	0.03023	0.06550	0.13764	0.02862	0.04191	0.01965	0.02302	0.01538	0.01038	0.00929	0.00300	0.01217	0.00818	0.00666	0.07502
28	0.03622	0.03976	0.02651	0.02391	0.02884	0.39591	0.01779	0.03904	0.02907	0.08176	0.06888	0.03339	0.02650	0.08742	0.01587	0.00388	0.01617	0.00966	0.00712	0.01229
29	0.02318	0.02943	0.17358	0.14832	0.08641	0.02246	0.02621	0.07507	0.07595	0.03820	0.06289	0.06921	0.02785	0.01365	0.01075	0.00345	0.01189	0.01159	0.07568	0.01422
30	0.02558	0.01953	0.02999	0.41039	0.05970	0.02281	0.02573	0.07947	0.02590	0.09746	0.02665	0.08183	0.02165	0.01353	0.01118	0.00364	0.01289	0.01177	0.00701	0.01328
31	0.10366	0.01889	0.05694	0.06909	0.02673	0.01852	0.01628	0.07283	0.02417	0.03602	0.11257	0.04660	0.08016	0.06205	0.10189	0.07331	0.04920	0.01252	0.00753	0.01105
32	0.02282	0.02116	0.05897	0.02317	0.02817	0.02085	0.06609	0.10479	0.07933	0.03946	0.10725	0.12896	0.04341	0.02742	0.08400	0.00559	0.06517	0.05160	0.00880	0.01297
33	0.02070	0.01684	0.02164	0.01986	0.02199	0.01987	0.01564	0.08127	0.02290	0.03154	0.03879	0.09282	0.08396	0.12494	0.14090	0.00798	0.16452	0.05561	0.00742	0.01083
34	0.02645	0.02202	0.10594	0.08618	0.03103	0.01762	0.01891	0.07213	0.02491	0.13266	0.03142	0.07296	0.02641	0.08343	0.06782	0.05218	0.01244	0.01187	0.09081	0.01280

[dist]
# distance from previous block
# <min> <max>
13	210

# created by:
# /st0/software/busco_prod/Augustus/scripts/msa2prfl.pl ./align_prep/9376.fa
