[name]
unknown

[dist]
# distance from previous block
# <min> <max>
0	15

[block]
# block no. 0 follows, 9 sequences, length 14
# corresponding to MSA columns:
# 15-28
name=unknown_A
#
# <colnr> <probs for GDERKNQSTAVLIFYWHMCP>
#	G	D	E	R	K	N	Q	S	T	A	V	L	I	F	Y	W	H	M	C	P
0	0.02401	0.08125	0.02610	0.07766	0.03017	0.01885	0.01730	0.02868	0.02663	0.07697	0.10439	0.11494	0.05218	0.07922	0.01798	0.00478	0.01048	0.11490	0.00957	0.08395
1	0.02546	0.02765	0.09036	0.08528	0.04002	0.02577	0.07327	0.07295	0.11634	0.04259	0.10491	0.05128	0.09413	0.01782	0.01590	0.00409	0.07305	0.01479	0.00911	0.01523
2	0.01563	0.01155	0.01405	0.01475	0.01673	0.01057	0.01022	0.01868	0.02644	0.03514	0.19832	0.26070	0.17975	0.10651	0.02108	0.00531	0.00705	0.02632	0.01123	0.00997
3	0.02846	0.02733	0.02913	0.11670	0.03952	0.09023	0.02195	0.04724	0.24582	0.03989	0.03887	0.09666	0.03310	0.01797	0.01519	0.00416	0.06823	0.01436	0.00944	0.01577
4	0.02179	0.01341	0.01726	0.01566	0.01953	0.01209	0.01197	0.02702	0.03334	0.11003	0.39092	0.08613	0.14629	0.02394	0.01391	0.00381	0.00635	0.02085	0.01323	0.01247
5	0.03233	0.02863	0.04069	0.10339	0.04713	0.03135	0.12374	0.14792	0.21231	0.05095	0.03470	0.03645	0.02574	0.01385	0.01262	0.00395	0.01379	0.01268	0.00982	0.01795
6	0.01976	0.01506	0.01994	0.01876	0.01919	0.01785	0.01343	0.02067	0.01789	0.02526	0.03007	0.05634	0.03239	0.29972	0.14904	0.07767	0.13713	0.01429	0.00645	0.00908
7	0.17180	0.02230	0.03214	0.23742	0.16096	0.02512	0.02650	0.03219	0.02541	0.04059	0.08588	0.03657	0.02948	0.01324	0.01124	0.00381	0.01263	0.01125	0.00707	0.01438
8	0.36648	0.02916	0.02766	0.08538	0.09089	0.09112	0.02059	0.08587	0.02758	0.04908	0.01961	0.02352	0.01526	0.01174	0.00945	0.00365	0.01266	0.00814	0.00741	0.01477
9	0.02641	0.15200	0.16932	0.19023	0.05952	0.03229	0.13570	0.03556	0.02552	0.03394	0.02117	0.02783	0.01625	0.01106	0.01150	0.00367	0.01683	0.01020	0.00542	0.01559
10	0.03065	0.02691	0.07278	0.02670	0.03457	0.02509	0.07270	0.09284	0.19281	0.09967	0.08312	0.10909	0.04225	0.01820	0.01293	0.00404	0.01136	0.01609	0.01112	0.01707
11	0.02367	0.01701	0.02384	0.08335	0.03074	0.01820	0.01763	0.02845	0.02582	0.08830	0.13784	0.10316	0.04920	0.03437	0.12013	0.00701	0.08200	0.01580	0.00921	0.08427
12	0.02898	0.02738	0.08815	0.09522	0.09530	0.02444	0.07344	0.04323	0.13802	0.10121	0.11469	0.04541	0.04029	0.01519	0.01263	0.00388	0.01240	0.01370	0.00970	0.01674
13	0.02353	0.01370	0.01732	0.01592	0.02008	0.01216	0.01210	0.02797	0.03129	0.13546	0.26860	0.14364	0.18021	0.02556	0.01392	0.00397	0.00685	0.02214	0.01285	0.01272

[dist]
# distance from previous block
# <min> <max>
3	12

[block]
# block no. 1 follows, 9 sequences, length 12
# corresponding to MSA columns:
# 43-54
name=unknown_B
#
# <colnr> <probs for GDERKNQSTAVLIFYWHMCP>
#	G	D	E	R	K	N	Q	S	T	A	V	L	I	F	Y	W	H	M	C	P
0	0.11740	0.02436	0.02909	0.07219	0.03614	0.02435	0.01942	0.15032	0.03591	0.23007	0.03272	0.03211	0.02233	0.01316	0.01104	0.00343	0.01124	0.01023	0.01121	0.11327
1	0.16148	0.24664	0.03732	0.01852	0.02696	0.03207	0.01641	0.03744	0.07879	0.03995	0.02402	0.02634	0.01970	0.01144	0.00847	0.00290	0.01026	0.00799	0.08328	0.10999
2	0.10015	0.01923	0.02328	0.01894	0.02688	0.01686	0.01549	0.03784	0.02882	0.18483	0.09159	0.05155	0.03922	0.01604	0.01137	0.00331	0.00925	0.06445	0.01078	0.23012
3	0.03340	0.02757	0.02916	0.02519	0.03261	0.03155	0.01988	0.15131	0.38735	0.05593	0.04456	0.04138	0.03316	0.01591	0.01220	0.00398	0.01034	0.01299	0.01220	0.01935
4	0.01631	0.01167	0.01497	0.01561	0.01779	0.01121	0.01132	0.02023	0.02659	0.03699	0.19739	0.24437	0.13328	0.03876	0.09129	0.00644	0.01014	0.02426	0.06080	0.01056
5	0.11022	0.02369	0.02924	0.07416	0.03562	0.07491	0.06467	0.03935	0.02822	0.18632	0.04040	0.16733	0.03618	0.01912	0.01244	0.00401	0.01219	0.01660	0.01026	0.01505
6	0.02984	0.40013	0.17233	0.02709	0.03938	0.04105	0.07307	0.03679	0.02510	0.03175	0.01871	0.02217	0.01569	0.01055	0.00930	0.00303	0.01484	0.00785	0.00523	0.01609
7	0.02055	0.01197	0.01605	0.01745	0.01944	0.01096	0.01214	0.02302	0.02474	0.10255	0.06349	0.49020	0.07212	0.03428	0.01487	0.00471	0.00747	0.03089	0.01173	0.01138
8	0.22586	0.02323	0.02447	0.01982	0.02768	0.02438	0.01623	0.14860	0.03452	0.19738	0.03254	0.03221	0.02268	0.01355	0.01016	0.00356	0.01003	0.01001	0.10618	0.01690
9	0.02587	0.02951	0.13901	0.16528	0.04684	0.02325	0.02674	0.03901	0.11154	0.08441	0.09997	0.04875	0.07648	0.01624	0.01241	0.00392	0.01244	0.01370	0.00903	0.01557
10	0.04147	0.03285	0.17195	0.08829	0.04323	0.02178	0.02743	0.04926	0.03054	0.31422	0.03674	0.03532	0.02386	0.01353	0.01189	0.00378	0.01315	0.01099	0.01087	0.01883
11	0.01490	0.01088	0.01402	0.01606	0.01738	0.01001	0.01097	0.01753	0.02484	0.03302	0.12420	0.46189	0.12933	0.03532	0.01509	0.00466	0.00673	0.03174	0.01142	0.01001

[dist]
# distance from previous block
# <min> <max>
0	5

[block]
# block no. 2 follows, 9 sequences, length 22
# corresponding to MSA columns:
# 60-81
name=unknown_C
#
# <colnr> <probs for GDERKNQSTAVLIFYWHMCP>
#	G	D	E	R	K	N	Q	S	T	A	V	L	I	F	Y	W	H	M	C	P
0	0.11266	0.03571	0.17678	0.03596	0.10846	0.02508	0.08657	0.04401	0.02828	0.18641	0.02952	0.03107	0.02042	0.01219	0.01159	0.00377	0.01424	0.01057	0.00867	0.01801
1	0.03029	0.07344	0.04929	0.21689	0.10661	0.03172	0.14891	0.11841	0.03200	0.04241	0.02342	0.03028	0.01778	0.01170	0.01227	0.00378	0.01624	0.01135	0.00691	0.01630
2	0.03504	0.09885	0.14238	0.07008	0.04213	0.02509	0.07002	0.04258	0.02889	0.19822	0.03577	0.04600	0.02784	0.01531	0.01223	0.00390	0.01381	0.06547	0.00938	0.01701
3	0.02328	0.01825	0.02164	0.02027	0.02332	0.02019	0.01504	0.08218	0.11372	0.04095	0.10634	0.20905	0.05678	0.11106	0.02377	0.00552	0.06428	0.02080	0.01056	0.01300
4	0.34377	0.10996	0.03215	0.02192	0.02958	0.02894	0.06911	0.06790	0.02536	0.04655	0.02583	0.10133	0.02427	0.01501	0.00983	0.00375	0.01118	0.01180	0.00784	0.01393
5	0.02720	0.01366	0.01855	0.01772	0.02116	0.01240	0.01300	0.02970	0.02716	0.17149	0.12191	0.27653	0.06322	0.02954	0.01810	0.08314	0.00815	0.02296	0.01185	0.01257
6	0.04165	0.19446	0.04655	0.02690	0.03698	0.03403	0.07896	0.16627	0.03707	0.17712	0.02980	0.02984	0.02125	0.01275	0.01105	0.00339	0.01324	0.01032	0.00997	0.01840
7	0.02189	0.09235	0.02720	0.09364	0.03146	0.01960	0.01615	0.02665	0.02606	0.03633	0.14386	0.09921	0.04945	0.07374	0.01643	0.00400	0.00976	0.01482	0.00852	0.18887
8	0.03136	0.03249	0.14550	0.03661	0.10651	0.02563	0.09454	0.03912	0.02676	0.12710	0.02852	0.03280	0.02118	0.01362	0.01600	0.00389	0.09796	0.01115	0.09263	0.01664
9	0.03314	0.02513	0.02730	0.02407	0.03121	0.02829	0.01886	0.06322	0.42078	0.11182	0.04877	0.04436	0.03580	0.01613	0.01222	0.00403	0.00962	0.01340	0.01260	0.01924
10	0.01847	0.01612	0.02560	0.02219	0.02692	0.01481	0.09636	0.02385	0.02904	0.03832	0.19274	0.14168	0.19648	0.02614	0.01467	0.00428	0.00947	0.08038	0.01077	0.01173
11	0.02869	0.02748	0.04687	0.14704	0.43743	0.02830	0.03638	0.03597	0.02688	0.03799	0.02244	0.03013	0.01859	0.01092	0.01193	0.00364	0.01456	0.01072	0.00586	0.01818
12	0.01565	0.01109	0.01436	0.01583	0.01695	0.01044	0.01065	0.01833	0.02495	0.03397	0.16821	0.38004	0.08277	0.11246	0.02170	0.00559	0.00734	0.02872	0.01112	0.00980
13	0.01680	0.01318	0.01780	0.01881	0.01971	0.01418	0.01353	0.01950	0.02392	0.03298	0.12061	0.41622	0.07464	0.03323	0.01891	0.00479	0.09136	0.02875	0.01056	0.01052
14	0.33274	0.01876	0.01795	0.01580	0.02184	0.01955	0.01253	0.02981	0.02632	0.04994	0.20414	0.04763	0.05281	0.01613	0.01026	0.00351	0.00784	0.01254	0.00967	0.09024
15	0.02681	0.01866	0.02486	0.02470	0.08304	0.01589	0.01654	0.03153	0.02714	0.11078	0.08197	0.16336	0.04369	0.01839	0.01181	0.00323	0.00900	0.01617	0.00973	0.26269
16	0.35204	0.02442	0.02918	0.11121	0.12417	0.02868	0.02261	0.03402	0.02204	0.04400	0.01844	0.02439	0.01503	0.01265	0.01363	0.00396	0.09021	0.00853	0.00652	0.01424
17	0.07788	0.03311	0.11314	0.03080	0.04145	0.02786	0.12546	0.16206	0.03481	0.05017	0.02818	0.07794	0.02368	0.01408	0.01197	0.00361	0.01410	0.01263	0.00844	0.10864
18	0.09096	0.02335	0.03375	0.11111	0.22347	0.02466	0.02579	0.03988	0.08191	0.08538	0.02998	0.03430	0.02304	0.01252	0.01101	0.00360	0.01175	0.01087	0.10605	0.01663
19	0.22209	0.02585	0.02682	0.10566	0.07904	0.08448	0.01991	0.03822	0.02611	0.10470	0.02507	0.02863	0.01886	0.01198	0.00984	0.00340	0.01203	0.00898	0.07225	0.07607
20	0.12599	0.01860	0.02628	0.07249	0.03271	0.01874	0.06107	0.03375	0.02724	0.13516	0.10064	0.09861	0.04656	0.07123	0.01731	0.00488	0.01107	0.07388	0.01018	0.01362
21	0.02298	0.01781	0.02775	0.10343	0.03637	0.01686	0.07524	0.02787	0.02573	0.07945	0.05108	0.23908	0.09014	0.02296	0.01333	0.00400	0.01066	0.02096	0.00937	0.10493

[dist]
# distance from previous block
# <min> <max>
6	15

[block]
# block no. 3 follows, 9 sequences, length 13
# corresponding to MSA columns:
# 97-109
name=unknown_D
#
# <colnr> <probs for GDERKNQSTAVLIFYWHMCP>
#	G	D	E	R	K	N	Q	S	T	A	V	L	I	F	Y	W	H	M	C	P
0	0.02890	0.11203	0.03574	0.12135	0.03982	0.02331	0.06905	0.03417	0.02744	0.13120	0.08135	0.16383	0.04312	0.01934	0.01256	0.00390	0.01170	0.01725	0.00947	0.01446
1	0.03398	0.10547	0.03257	0.02549	0.07498	0.02410	0.01872	0.04435	0.11209	0.17272	0.12476	0.04520	0.04284	0.01534	0.01154	0.00342	0.00990	0.01277	0.01099	0.07879
2	0.02853	0.10418	0.02619	0.01889	0.02409	0.07322	0.01486	0.03200	0.02847	0.12763	0.09940	0.20263	0.12529	0.02389	0.01278	0.00388	0.00983	0.02016	0.01066	0.01342
3	0.04023	0.02697	0.07870	0.02612	0.03532	0.02316	0.06175	0.09722	0.10136	0.25418	0.04277	0.09033	0.03222	0.01654	0.01257	0.00392	0.01182	0.01426	0.01202	0.01854
4	0.02132	0.07926	0.17768	0.02491	0.03311	0.02125	0.06511	0.02837	0.02570	0.03581	0.12291	0.13586	0.04945	0.10307	0.02004	0.00508	0.01255	0.01715	0.00810	0.01328
5	0.04169	0.02086	0.02666	0.01989	0.02978	0.01699	0.01623	0.04664	0.03042	0.31100	0.03643	0.03418	0.02472	0.01236	0.01075	0.00290	0.00968	0.01000	0.01161	0.28721
6	0.46774	0.02656	0.02349	0.01956	0.02770	0.03025	0.01613	0.16992	0.03186	0.06087	0.02058	0.02249	0.01537	0.01220	0.00889	0.00369	0.01055	0.00788	0.00889	0.01537
7	0.01740	0.10584	0.02147	0.01586	0.01927	0.01615	0.01205	0.02011	0.02474	0.03091	0.07673	0.32657	0.20886	0.03075	0.01371	0.00423	0.00766	0.02667	0.01018	0.01084
8	0.08147	0.01930	0.02528	0.12597	0.10428	0.02099	0.01979	0.07871	0.02826	0.04424	0.03288	0.08820	0.02834	0.01529	0.01064	0.00353	0.01023	0.01287	0.23585	0.01387
9	0.03481	0.18799	0.04100	0.02912	0.10168	0.08552	0.02107	0.03963	0.02778	0.11282	0.02423	0.02633	0.01904	0.01096	0.00977	0.00275	0.01253	0.00836	0.00756	0.19707
10	0.43931	0.02458	0.02212	0.01901	0.02674	0.02779	0.01548	0.08808	0.10152	0.09472	0.02601	0.02657	0.01918	0.01269	0.00913	0.00377	0.00985	0.00863	0.00937	0.01546
11	0.03387	0.01924	0.02797	0.11423	0.10611	0.01889	0.02137	0.03948	0.02919	0.20889	0.04813	0.05573	0.08035	0.01719	0.01232	0.00386	0.01092	0.05361	0.08266	0.01599
12	0.02701	0.02576	0.04384	0.25984	0.33774	0.02786	0.03555	0.03450	0.02609	0.03595	0.02214	0.03068	0.01787	0.01123	0.01196	0.00374	0.01498	0.01071	0.00572	0.01683

[dist]
# distance from previous block
# <min> <max>
0	1

[block]
# block no. 4 follows, 9 sequences, length 17
# corresponding to MSA columns:
# 111-127
name=unknown_E
#
# <colnr> <probs for GDERKNQSTAVLIFYWHMCP>
#	G	D	E	R	K	N	Q	S	T	A	V	L	I	F	Y	W	H	M	C	P
0	0.02093	0.01305	0.01798	0.01744	0.02039	0.01284	0.01313	0.02533	0.02750	0.09313	0.21762	0.17236	0.07220	0.04534	0.16439	0.00854	0.01423	0.02065	0.01102	0.01192
1	0.01997	0.01563	0.02333	0.03025	0.11182	0.01543	0.02031	0.02482	0.02631	0.03511	0.05679	0.24015	0.06284	0.03031	0.01538	0.00499	0.01050	0.23372	0.01015	0.01219
2	0.01653	0.01183	0.01600	0.01810	0.01982	0.01130	0.01370	0.02033	0.02646	0.03552	0.14385	0.34986	0.08262	0.03395	0.01553	0.00488	0.00799	0.14974	0.01152	0.01046
3	0.02184	0.01579	0.01973	0.02047	0.02346	0.01610	0.01593	0.10057	0.03064	0.04063	0.05865	0.33239	0.06550	0.03203	0.01515	0.00486	0.00943	0.15341	0.01130	0.01214
4	0.23126	0.02129	0.02494	0.01978	0.02854	0.02040	0.01633	0.05185	0.03037	0.37739	0.03851	0.03471	0.02490	0.01381	0.01074	0.00372	0.00997	0.01047	0.01272	0.01831
5	0.03913	0.03042	0.03239	0.02635	0.03479	0.03423	0.02127	0.29566	0.23367	0.06517	0.03728	0.03557	0.02726	0.01523	0.01212	0.00381	0.01169	0.01199	0.01212	0.01987
6	0.10920	0.07713	0.07982	0.07235	0.03740	0.02726	0.02191	0.08634	0.11241	0.13965	0.03147	0.03178	0.02274	0.01294	0.01074	0.00348	0.01167	0.01005	0.00960	0.09207
7	0.03565	0.02169	0.03315	0.18195	0.04818	0.02240	0.06344	0.04539	0.08328	0.22141	0.08269	0.04287	0.03381	0.01473	0.01250	0.00389	0.01238	0.01302	0.01072	0.01686
8	0.15757	0.03143	0.13188	0.02385	0.03468	0.02373	0.02317	0.09397	0.03236	0.27798	0.03426	0.03238	0.02258	0.01342	0.01110	0.00373	0.01202	0.01025	0.01111	0.01854
9	0.03279	0.14230	0.18995	0.02375	0.03504	0.02547	0.02538	0.04002	0.02828	0.17609	0.04666	0.04534	0.10753	0.01571	0.01142	0.00359	0.01244	0.01238	0.00913	0.01674
10	0.01642	0.01227	0.01524	0.01450	0.01760	0.01109	0.01088	0.02153	0.03263	0.04485	0.41519	0.09546	0.19622	0.02586	0.01420	0.00384	0.00577	0.02254	0.01280	0.01109
11	0.03043	0.14234	0.22705	0.03329	0.04639	0.03119	0.13217	0.04260	0.07147	0.08915	0.02686	0.02955	0.01968	0.01178	0.01156	0.00366	0.01584	0.01050	0.00710	0.01741
12	0.09551	0.02269	0.03335	0.14591	0.14423	0.02283	0.02487	0.04583	0.02943	0.26399	0.03372	0.03471	0.02300	0.01304	0.01163	0.00375	0.01229	0.01100	0.01023	0.01798
13	0.01629	0.01204	0.01543	0.01664	0.01901	0.01118	0.01265	0.02032	0.02799	0.03718	0.19805	0.25552	0.16315	0.03168	0.01509	0.00457	0.00734	0.11355	0.01174	0.01058
14	0.03209	0.09596	0.04309	0.18008	0.09769	0.18151	0.06851	0.03766	0.02720	0.03147	0.01979	0.02669	0.01629	0.01270	0.01463	0.00369	0.08102	0.00966	0.00570	0.01458
15	0.15257	0.09006	0.03756	0.12591	0.04381	0.02788	0.07262	0.07950	0.02995	0.18407	0.02886	0.03073	0.02021	0.01252	0.01096	0.00367	0.01294	0.01028	0.00926	0.01665
16	0.04054	0.14351	0.03801	0.02407	0.03267	0.02470	0.05935	0.04569	0.03047	0.27504	0.04158	0.05272	0.03278	0.01679	0.01216	0.00383	0.01189	0.08566	0.01125	0.01727

[dist]
# distance from previous block
# <min> <max>
1	5

[block]
# block no. 5 follows, 9 sequences, length 22
# corresponding to MSA columns:
# 133-141,173-185
name=unknown_F
#
# <colnr> <probs for GDERKNQSTAVLIFYWHMCP>
#	G	D	E	R	K	N	Q	S	T	A	V	L	I	F	Y	W	H	M	C	P
0	0.02940	0.20739	0.08720	0.02092	0.02915	0.02803	0.01966	0.03855	0.08247	0.10543	0.17386	0.04786	0.05034	0.01620	0.01126	0.00342	0.01040	0.01308	0.00984	0.01555
1	0.02654	0.37871	0.04617	0.01996	0.02710	0.03458	0.01835	0.03024	0.02459	0.02991	0.03417	0.15634	0.03704	0.01951	0.01064	0.00350	0.01132	0.07043	0.00730	0.01359
2	0.10294	0.09990	0.03200	0.02175	0.02855	0.02590	0.01834	0.04040	0.02736	0.20205	0.07907	0.03640	0.03100	0.01557	0.01647	0.00369	0.12040	0.01095	0.00986	0.07742
3	0.16228	0.02063	0.02967	0.37425	0.06275	0.02497	0.02655	0.03025	0.02316	0.03584	0.02519	0.08701	0.02220	0.01460	0.01138	0.00404	0.01359	0.01230	0.00643	0.01291
4	0.02007	0.01572	0.01878	0.01872	0.02240	0.01611	0.01460	0.03197	0.14087	0.04228	0.20119	0.15005	0.12648	0.02660	0.01435	0.00438	0.00793	0.10257	0.01206	0.01286
5	0.02564	0.02017	0.03121	0.35286	0.06178	0.02239	0.02636	0.03264	0.02651	0.08486	0.08249	0.03913	0.02973	0.01344	0.01187	0.00364	0.01315	0.01170	0.00758	0.10285
6	0.38497	0.09106	0.02764	0.01903	0.02765	0.03015	0.01606	0.12121	0.02880	0.05357	0.01978	0.02207	0.01541	0.01145	0.00859	0.00333	0.01047	0.00745	0.00807	0.09324
7	0.01750	0.01166	0.01312	0.01312	0.01312	0.01166	0.00729	0.01750	0.01750	0.02333	0.03791	0.07873	0.04374	0.57717	0.06124	0.01166	0.01166	0.01750	0.00729	0.00729
8	0.02603	0.22987	0.31142	0.02769	0.04138	0.03267	0.03298	0.03576	0.02602	0.03595	0.07105	0.03032	0.02589	0.01247	0.01050	0.00340	0.01485	0.00946	0.00598	0.01631
9	0.09993	0.19767	0.10496	0.02975	0.03946	0.03423	0.11653	0.03853	0.02536	0.09379	0.02258	0.02650	0.01757	0.01256	0.01448	0.00368	0.09003	0.00966	0.00680	0.01593
10	0.02413	0.06223	0.51483	0.03429	0.05207	0.02794	0.04445	0.03810	0.02540	0.03810	0.02159	0.02540	0.01524	0.01143	0.01143	0.00381	0.01778	0.00889	0.00508	0.01778
11	0.02375	0.08177	0.08431	0.02125	0.02684	0.01964	0.01870	0.03186	0.07878	0.07985	0.05136	0.28482	0.05388	0.02636	0.01351	0.00437	0.00999	0.06509	0.01024	0.01361
12	0.03246	0.02315	0.03733	0.15625	0.24717	0.02354	0.02878	0.03865	0.02791	0.14984	0.03304	0.09107	0.02751	0.01491	0.01235	0.00384	0.01290	0.01358	0.00854	0.01718
13	0.02160	0.01986	0.03300	0.47404	0.07373	0.02436	0.03031	0.02879	0.02391	0.03074	0.02766	0.10708	0.02491	0.01561	0.01249	0.00413	0.01477	0.01397	0.00616	0.01286
14	0.03730	0.04329	0.24269	0.02905	0.04085	0.07906	0.03083	0.04568	0.02892	0.20598	0.03001	0.03068	0.02054	0.01369	0.01428	0.00384	0.06659	0.01008	0.00874	0.01790
15	0.03299	0.01950	0.02980	0.19477	0.09516	0.02006	0.02340	0.03844	0.02793	0.20398	0.04047	0.14958	0.03485	0.01839	0.01275	0.00405	0.01184	0.01621	0.01008	0.01576
16	0.03424	0.02378	0.03769	0.29533	0.06167	0.02599	0.07368	0.08956	0.03107	0.16284	0.02943	0.03407	0.02041	0.01286	0.01228	0.00389	0.01464	0.01145	0.00872	0.01637
17	0.02272	0.02138	0.03609	0.54825	0.08287	0.02673	0.03341	0.03074	0.02406	0.03074	0.02138	0.03208	0.01604	0.01203	0.01203	0.00401	0.01604	0.01069	0.00535	0.01337
18	0.02614	0.08320	0.04018	0.33200	0.06363	0.02883	0.06898	0.07751	0.02906	0.03792	0.07219	0.03652	0.02698	0.01325	0.01200	0.00379	0.01470	0.01176	0.00695	0.01441
19	0.32284	0.02130	0.02529	0.24065	0.04787	0.02520	0.02146	0.03205	0.02345	0.04355	0.07010	0.03238	0.02508	0.01297	0.01011	0.00385	0.01176	0.00991	0.00718	0.01299
20	0.10210	0.02934	0.09261	0.14862	0.04960	0.02680	0.08611	0.08336	0.07383	0.14367	0.03026	0.03282	0.02128	0.01286	0.01180	0.00387	0.01398	0.01111	0.00898	0.01699
21	0.11072	0.02565	0.02823	0.08518	0.03478	0.09425	0.02059	0.03754	0.02655	0.13674	0.07185	0.03703	0.02940	0.02402	0.07260	0.00566	0.12483	0.01134	0.00862	0.01440

[dist]
# distance from previous block
# <min> <max>
0	13

[block]
# block no. 6 follows, 9 sequences, length 21
# corresponding to MSA columns:
# 199-219
name=unknown_G
#
# <colnr> <probs for GDERKNQSTAVLIFYWHMCP>
#	G	D	E	R	K	N	Q	S	T	A	V	L	I	F	Y	W	H	M	C	P
0	0.13641	0.02218	0.02667	0.08752	0.03464	0.02554	0.01971	0.04344	0.14842	0.12259	0.03714	0.09795	0.03105	0.01791	0.01573	0.00422	0.08956	0.01380	0.00990	0.01563
1	0.08687	0.02564	0.02546	0.02026	0.02856	0.08010	0.01618	0.09239	0.03171	0.14670	0.02990	0.03102	0.02200	0.01224	0.01003	0.00289	0.01080	0.00929	0.10322	0.21472
2	0.02967	0.02438	0.03003	0.02723	0.07355	0.02460	0.01972	0.14538	0.03263	0.04659	0.02946	0.10688	0.02750	0.01632	0.01477	0.00333	0.07798	0.01287	0.00871	0.24840
3	0.18808	0.09667	0.03818	0.06763	0.03903	0.03202	0.07215	0.17248	0.03528	0.11083	0.02566	0.02765	0.01861	0.01250	0.01067	0.00361	0.01294	0.00980	0.00920	0.01700
4	0.12458	0.02313	0.03089	0.02441	0.03296	0.02243	0.08101	0.04401	0.11931	0.14275	0.03589	0.07633	0.02852	0.01450	0.01135	0.00353	0.01090	0.01262	0.01003	0.15088
5	0.03671	0.02330	0.02753	0.02106	0.03065	0.02118	0.01702	0.09694	0.09794	0.18274	0.03393	0.03300	0.02439	0.01242	0.01071	0.00291	0.00992	0.00998	0.01074	0.29692
6	0.03514	0.02646	0.03328	0.09404	0.10754	0.02888	0.02383	0.18219	0.13883	0.09570	0.03659	0.08138	0.02942	0.01611	0.01236	0.00388	0.01206	0.01358	0.01058	0.01816
7	0.32856	0.02799	0.02532	0.02208	0.02827	0.09008	0.01782	0.04219	0.08077	0.10051	0.02448	0.02664	0.01874	0.01406	0.01437	0.00395	0.10211	0.00888	0.00841	0.01480
8	0.03080	0.03014	0.08805	0.10051	0.04196	0.02652	0.02357	0.15287	0.08990	0.04918	0.02687	0.02958	0.02032	0.01209	0.01093	0.00313	0.01225	0.00967	0.00859	0.23308
9	0.02148	0.01769	0.02665	0.02851	0.08291	0.02125	0.01978	0.02433	0.01958	0.02855	0.02545	0.03852	0.02395	0.05670	0.27712	0.10698	0.15140	0.01170	0.00592	0.01154
10	0.03008	0.02138	0.02428	0.02174	0.02734	0.02361	0.01663	0.05110	0.28981	0.11144	0.04505	0.04953	0.03590	0.10698	0.08379	0.00703	0.01277	0.01386	0.01119	0.01651
11	0.01750	0.01166	0.01312	0.01312	0.01312	0.01166	0.00729	0.01750	0.01750	0.02333	0.03791	0.07873	0.04374	0.57717	0.06124	0.01166	0.01166	0.01750	0.00729	0.00729
12	0.25844	0.03124	0.03781	0.02989	0.03828	0.10185	0.14771	0.08735	0.02932	0.04653	0.02466	0.06852	0.02112	0.01354	0.01113	0.00381	0.01467	0.01169	0.00770	0.01474
13	0.12526	0.03454	0.13554	0.12011	0.04934	0.02934	0.09142	0.14114	0.03325	0.08967	0.02529	0.02895	0.01804	0.01234	0.01157	0.00381	0.01485	0.01039	0.00816	0.01698
14	0.01790	0.01430	0.01946	0.01903	0.02060	0.01650	0.01436	0.02089	0.02040	0.02833	0.04602	0.12198	0.09429	0.13698	0.26119	0.01245	0.09994	0.01741	0.00757	0.01040
15	0.02538	0.04049	0.23903	0.19538	0.19290	0.02778	0.03904	0.03562	0.02560	0.03631	0.02184	0.02863	0.01659	0.01140	0.01175	0.00380	0.01625	0.00995	0.00541	0.01687
16	0.03656	0.01789	0.02317	0.01930	0.02576	0.01664	0.01535	0.04510	0.08723	0.27368	0.22430	0.06070	0.06361	0.01889	0.01294	0.00379	0.00836	0.01608	0.01393	0.01671
17	0.01809	0.01095	0.01550	0.01707	0.01776	0.01066	0.01205	0.01747	0.02048	0.02718	0.04600	0.27232	0.05231	0.03885	0.02944	0.28815	0.00910	0.08011	0.00855	0.00797
18	0.03021	0.10660	0.18703	0.03302	0.04600	0.02786	0.15381	0.03921	0.02720	0.09572	0.02496	0.02855	0.01838	0.01092	0.01144	0.00338	0.01548	0.01024	0.00694	0.12305
19	0.02096	0.01832	0.02591	0.17310	0.04028	0.02013	0.02020	0.02660	0.02694	0.03762	0.18495	0.05646	0.09032	0.01862	0.01647	0.00379	0.08921	0.01506	0.00870	0.10635
20	0.02994	0.02434	0.02763	0.02019	0.03063	0.02115	0.01632	0.13396	0.03254	0.04800	0.02319	0.02589	0.01845	0.01024	0.00966	0.00222	0.00995	0.00802	0.00831	0.49937

[dist]
# distance from previous block
# <min> <max>
7	12

[block]
# block no. 7 follows, 9 sequences, length 24
# corresponding to MSA columns:
# 232-242,244-256
name=unknown_H
#
# <colnr> <probs for GDERKNQSTAVLIFYWHMCP>
#	G	D	E	R	K	N	Q	S	T	A	V	L	I	F	Y	W	H	M	C	P
0	0.02862	0.03653	0.21659	0.09950	0.12859	0.02352	0.03235	0.03732	0.02677	0.11594	0.03267	0.10932	0.02791	0.01581	0.01228	0.00393	0.01408	0.01369	0.00782	0.01675
1	0.04963	0.02145	0.02779	0.02196	0.03082	0.01990	0.01793	0.05959	0.11512	0.42720	0.04774	0.04166	0.03104	0.01515	0.01213	0.00379	0.01011	0.01237	0.01441	0.02022
2	0.01786	0.01433	0.02296	0.02277	0.02558	0.01367	0.07137	0.02204	0.02514	0.03333	0.06011	0.36862	0.06853	0.03279	0.01559	0.00498	0.00994	0.14890	0.01049	0.01100
3	0.03344	0.03156	0.09939	0.04954	0.25121	0.02919	0.03185	0.07696	0.02918	0.10959	0.02547	0.03018	0.01970	0.01362	0.01688	0.00393	0.11189	0.01067	0.00758	0.01817
4	0.01495	0.01069	0.01422	0.01656	0.01751	0.00997	0.01119	0.01748	0.02438	0.03286	0.11878	0.51074	0.08372	0.03609	0.01521	0.00475	0.00682	0.03268	0.01142	0.00997
5	0.01466	0.01047	0.01396	0.01675	0.01745	0.00977	0.01117	0.01675	0.02304	0.03071	0.06631	0.56931	0.07958	0.03769	0.01536	0.00489	0.00698	0.03420	0.01117	0.00977
6	0.02440	0.03111	0.12636	0.16341	0.05173	0.02954	0.09354	0.03170	0.02266	0.03236	0.02117	0.03063	0.01757	0.02249	0.07368	0.00594	0.19092	0.01105	0.00549	0.01425
7	0.02272	0.02138	0.03609	0.54825	0.08287	0.02673	0.03341	0.03074	0.02406	0.03074	0.02138	0.03208	0.01604	0.01203	0.01203	0.00401	0.01604	0.01069	0.00535	0.01337
8	0.01466	0.01047	0.01396	0.01675	0.01745	0.00977	0.01117	0.01675	0.02304	0.03071	0.06631	0.56931	0.07958	0.03769	0.01536	0.00489	0.00698	0.03420	0.01117	0.00977
9	0.04960	0.02194	0.03171	0.03089	0.11600	0.01966	0.02116	0.05471	0.03316	0.42520	0.04297	0.03893	0.02784	0.01414	0.01207	0.00370	0.01097	0.01185	0.01327	0.02022
10	0.04112	0.02343	0.02952	0.11720	0.03977	0.02453	0.02080	0.17564	0.03815	0.21909	0.03571	0.03613	0.02453	0.01410	0.01153	0.00360	0.01155	0.01132	0.10443	0.01783
11	0.03217	0.58441	0.06305	0.02059	0.03088	0.04761	0.02059	0.03603	0.02445	0.02831	0.01673	0.01930	0.01544	0.01029	0.00772	0.00257	0.01287	0.00643	0.00515	0.01544
12	0.02495	0.02138	0.02495	0.01782	0.02851	0.01604	0.01426	0.03029	0.02495	0.03921	0.02138	0.02495	0.01782	0.00891	0.00891	0.00178	0.00891	0.00713	0.00713	0.65072
13	0.57305	0.02286	0.01918	0.01664	0.02436	0.02563	0.01371	0.03878	0.02252	0.12086	0.02125	0.02268	0.01548	0.01171	0.00813	0.00372	0.00944	0.00733	0.00854	0.01412
14	0.01527	0.01223	0.01364	0.01329	0.01689	0.01060	0.00996	0.01929	0.02989	0.03837	0.26114	0.10614	0.35431	0.02828	0.01421	0.00396	0.00594	0.02404	0.01194	0.01060
15	0.02416	0.01520	0.01958	0.01909	0.02298	0.01486	0.01504	0.03252	0.08532	0.11044	0.20341	0.16859	0.07593	0.02637	0.01440	0.00440	0.00828	0.11362	0.01251	0.01330
16	0.37532	0.02291	0.02499	0.11501	0.03621	0.02685	0.01911	0.03711	0.02290	0.11342	0.02197	0.02582	0.01639	0.01315	0.01309	0.00397	0.08109	0.00861	0.00788	0.01420
17	0.01667	0.01228	0.01558	0.01476	0.01775	0.01120	0.01107	0.02200	0.03320	0.04622	0.44753	0.09322	0.16303	0.02535	0.01419	0.00382	0.00573	0.02223	0.01298	0.01120
18	0.01939	0.01385	0.01939	0.02216	0.02493	0.01385	0.01939	0.02493	0.02770	0.03601	0.06370	0.13572	0.06924	0.03324	0.01662	0.00554	0.01108	0.42113	0.01108	0.01108
19	0.08076	0.10609	0.18484	0.07388	0.04300	0.03164	0.02869	0.13546	0.07874	0.08427	0.02706	0.02880	0.01966	0.01277	0.01100	0.00365	0.01394	0.00974	0.00834	0.01768
20	0.03360	0.02802	0.07460	0.11226	0.11689	0.02642	0.08221	0.04849	0.15108	0.14636	0.03528	0.03672	0.02541	0.01334	0.01232	0.00389	0.01339	0.01212	0.00952	0.01808
21	0.02882	0.03001	0.03855	0.11485	0.12495	0.09735	0.02888	0.03312	0.02290	0.03115	0.01821	0.02719	0.01638	0.01675	0.02678	0.00450	0.30948	0.01023	0.00552	0.01436
22	0.19809	0.02675	0.04327	0.13875	0.19623	0.02825	0.12715	0.03576	0.02516	0.04152	0.02122	0.02806	0.01671	0.01094	0.01126	0.00380	0.01465	0.01039	0.00628	0.01576
23	0.01991	0.01092	0.01559	0.01559	0.01580	0.01114	0.01034	0.01660	0.01638	0.02205	0.02513	0.04529	0.02597	0.14359	0.09870	0.47028	0.01289	0.01197	0.00572	0.00616

[dist]
# distance from previous block
# <min> <max>
0	4

[block]
# block no. 8 follows, 9 sequences, length 96
# corresponding to MSA columns:
# 261-356
name=unknown_I
#
# <colnr> <probs for GDERKNQSTAVLIFYWHMCP>
#	G	D	E	R	K	N	Q	S	T	A	V	L	I	F	Y	W	H	M	C	P
0	0.02911	0.02650	0.03990	0.21281	0.10436	0.02964	0.08950	0.09353	0.16069	0.04381	0.03080	0.03521	0.02318	0.01315	0.01239	0.00394	0.01425	0.01206	0.00831	0.01687
1	0.01703	0.01230	0.01608	0.01514	0.01797	0.01135	0.01135	0.02270	0.03406	0.04825	0.49577	0.08987	0.11352	0.02460	0.01419	0.00378	0.00568	0.02176	0.01324	0.01135
2	0.59289	0.02306	0.01847	0.01604	0.02384	0.02580	0.01316	0.03482	0.02096	0.05238	0.01726	0.02013	0.01355	0.01092	0.00760	0.00351	0.00926	0.00658	0.00741	0.08234
3	0.01821	0.01539	0.02518	0.02804	0.08434	0.01462	0.06776	0.02191	0.02423	0.03274	0.05577	0.43687	0.06459	0.03099	0.01478	0.00462	0.00949	0.02884	0.00990	0.01172
4	0.01466	0.01047	0.01396	0.01675	0.01745	0.00977	0.01117	0.01675	0.02304	0.03071	0.06631	0.56931	0.07958	0.03769	0.01536	0.00489	0.00698	0.03420	0.01117	0.00977
5	0.04120	0.02477	0.02761	0.02187	0.02959	0.02602	0.01784	0.25771	0.04332	0.16101	0.03569	0.03581	0.02528	0.01442	0.01107	0.00342	0.01053	0.01121	0.18368	0.01796
6	0.02413	0.06223	0.51483	0.03429	0.05207	0.02794	0.04445	0.03810	0.02540	0.03810	0.02159	0.02540	0.01524	0.01143	0.01143	0.00381	0.01778	0.00889	0.00508	0.01778
7	0.01939	0.01385	0.01939	0.02216	0.02493	0.01385	0.01939	0.02493	0.02770	0.03601	0.06370	0.13572	0.06924	0.03324	0.01662	0.00554	0.01108	0.42113	0.01108	0.01108
8	0.02495	0.02138	0.02495	0.01782	0.02851	0.01604	0.01426	0.03029	0.02495	0.03921	0.02138	0.02495	0.01782	0.00891	0.00891	0.00178	0.00891	0.00713	0.00713	0.65072
9	0.02495	0.02138	0.02495	0.01782	0.02851	0.01604	0.01426	0.03029	0.02495	0.03921	0.02138	0.02495	0.01782	0.00891	0.00891	0.00178	0.00891	0.00713	0.00713	0.65072
10	0.02413	0.06223	0.51483	0.03429	0.05207	0.02794	0.04445	0.03810	0.02540	0.03810	0.02159	0.02540	0.01524	0.01143	0.01143	0.00381	0.01778	0.00889	0.00508	0.01778
11	0.66215	0.02327	0.01768	0.01582	0.02327	0.02699	0.01303	0.03537	0.02048	0.05398	0.01675	0.01954	0.01303	0.01117	0.00745	0.00372	0.00931	0.00651	0.00745	0.01303
12	0.02760	0.02598	0.04382	0.06564	0.43241	0.02588	0.03322	0.03402	0.02677	0.03807	0.02891	0.10737	0.02776	0.01460	0.01241	0.00376	0.01324	0.01410	0.00671	0.01772
13	0.01703	0.01230	0.01608	0.01514	0.01797	0.01135	0.01135	0.02270	0.03406	0.04825	0.49577	0.08987	0.11352	0.02460	0.01419	0.00378	0.00568	0.02176	0.01324	0.01135
14	0.66215	0.02327	0.01768	0.01582	0.02327	0.02699	0.01303	0.03537	0.02048	0.05398	0.01675	0.01954	0.01303	0.01117	0.00745	0.00372	0.00931	0.00651	0.00745	0.01303
15	0.01599	0.01204	0.01479	0.01457	0.01745	0.01084	0.01075	0.02052	0.03091	0.04188	0.34295	0.15750	0.21015	0.02780	0.01435	0.00400	0.00595	0.02429	0.01244	0.01084
16	0.04574	0.03370	0.03611	0.02768	0.03731	0.03731	0.02287	0.46200	0.05657	0.07583	0.02889	0.02889	0.02046	0.01444	0.01204	0.00361	0.01324	0.01083	0.01204	0.02046
17	0.02786	0.04113	0.26334	0.02623	0.04021	0.02201	0.02932	0.03732	0.02625	0.09244	0.02446	0.02699	0.01793	0.01082	0.01050	0.00299	0.01337	0.00855	0.00702	0.27123
18	0.02536	0.01905	0.02241	0.02007	0.02493	0.01993	0.01596	0.12349	0.10229	0.05293	0.27619	0.07609	0.07683	0.02232	0.01375	0.00401	0.00854	0.06888	0.01257	0.01438
19	0.02243	0.01121	0.01121	0.01121	0.01402	0.01121	0.00841	0.02803	0.02523	0.04486	0.03925	0.04486	0.03084	0.01402	0.00841	0.00280	0.00561	0.01121	0.64396	0.01121
20	0.01591	0.01225	0.01453	0.01396	0.01729	0.01087	0.01047	0.02053	0.03140	0.04195	0.34623	0.10024	0.26699	0.02695	0.01420	0.00390	0.00584	0.02321	0.01242	0.01087
21	0.01466	0.01047	0.01396	0.01675	0.01745	0.00977	0.01117	0.01675	0.02304	0.03071	0.06631	0.56931	0.07958	0.03769	0.01536	0.00489	0.00698	0.03420	0.01117	0.00977
22	0.66215	0.02327	0.01768	0.01582	0.02327	0.02699	0.01303	0.03537	0.02048	0.05398	0.01675	0.01954	0.01303	0.01117	0.00745	0.00372	0.00931	0.00651	0.00745	0.01303
23	0.01689	0.01226	0.01689	0.01696	0.01882	0.01289	0.01243	0.02069	0.02365	0.03330	0.16723	0.12600	0.06137	0.13557	0.25619	0.01214	0.01881	0.01858	0.00904	0.01030
24	0.04494	0.05734	0.03410	0.03100	0.03719	0.52886	0.02325	0.04804	0.03410	0.02945	0.01860	0.02170	0.01550	0.01240	0.01085	0.00310	0.02170	0.00775	0.00620	0.01395
25	0.01706	0.01357	0.01787	0.09098	0.02682	0.01323	0.01390	0.02233	0.03076	0.04131	0.32259	0.08884	0.20722	0.02444	0.01389	0.00389	0.00728	0.02119	0.01153	0.01131
26	0.04494	0.05734	0.03410	0.03100	0.03719	0.52886	0.02325	0.04804	0.03410	0.02945	0.01860	0.02170	0.01550	0.01240	0.01085	0.00310	0.02170	0.00775	0.00620	0.01395
27	0.03265	0.03152	0.03663	0.12863	0.10049	0.15959	0.07497	0.03861	0.02950	0.08171	0.03285	0.05224	0.02934	0.01661	0.01294	0.00402	0.01619	0.09881	0.00793	0.01475
28	0.66215	0.02327	0.01768	0.01582	0.02327	0.02699	0.01303	0.03537	0.02048	0.05398	0.01675	0.01954	0.01303	0.01117	0.00745	0.00372	0.00931	0.00651	0.00745	0.01303
29	0.02911	0.02710	0.05455	0.10658	0.05653	0.02621	0.29439	0.03773	0.02839	0.08749	0.03209	0.04816	0.02654	0.01421	0.01405	0.00423	0.01735	0.07206	0.00765	0.01558
30	0.02413	0.06223	0.51483	0.03429	0.05207	0.02794	0.04445	0.03810	0.02540	0.03810	0.02159	0.02540	0.01524	0.01143	0.01143	0.00381	0.01778	0.00889	0.00508	0.01778
31	0.01422	0.01219	0.01219	0.01219	0.01625	0.01016	0.00914	0.01727	0.02742	0.03250	0.12188	0.11579	0.49723	0.03047	0.01422	0.00406	0.00609	0.02539	0.01117	0.01016
32	0.03260	0.02735	0.03383	0.02828	0.03216	0.03380	0.02315	0.19848	0.03404	0.04767	0.02699	0.09208	0.02524	0.02043	0.02577	0.00457	0.27583	0.01347	0.00864	0.01564
33	0.01466	0.01047	0.01396	0.01675	0.01745	0.00977	0.01117	0.01675	0.02304	0.03071	0.06631	0.56931	0.07958	0.03769	0.01536	0.00489	0.00698	0.03420	0.01117	0.00977
34	0.02272	0.02138	0.03609	0.54825	0.08287	0.02673	0.03341	0.03074	0.02406	0.03074	0.02138	0.03208	0.01604	0.01203	0.01203	0.00401	0.01604	0.01069	0.00535	0.01337
35	0.01466	0.01047	0.01396	0.01675	0.01745	0.00977	0.01117	0.01675	0.02304	0.03071	0.06631	0.56931	0.07958	0.03769	0.01536	0.00489	0.00698	0.03420	0.01117	0.00977
36	0.02272	0.02138	0.03609	0.54825	0.08287	0.02673	0.03341	0.03074	0.02406	0.03074	0.02138	0.03208	0.01604	0.01203	0.01203	0.00401	0.01604	0.01069	0.00535	0.01337
37	0.02993	0.02585	0.02721	0.02448	0.03129	0.02993	0.01904	0.06393	0.48038	0.05033	0.04897	0.04489	0.03673	0.01632	0.01224	0.00408	0.00952	0.01360	0.01224	0.01904
38	0.03217	0.58441	0.06305	0.02059	0.03088	0.04761	0.02059	0.03603	0.02445	0.02831	0.01673	0.01930	0.01544	0.01029	0.00772	0.00257	0.01287	0.00643	0.00515	0.01544
39	0.03217	0.58441	0.06305	0.02059	0.03088	0.04761	0.02059	0.03603	0.02445	0.02831	0.01673	0.01930	0.01544	0.01029	0.00772	0.00257	0.01287	0.00643	0.00515	0.01544
40	0.01693	0.01153	0.01610	0.01813	0.01937	0.01145	0.01339	0.01902	0.02255	0.03013	0.05488	0.32988	0.06256	0.04395	0.08540	0.09964	0.01159	0.11429	0.00969	0.00953
41	0.02668	0.02359	0.03578	0.26897	0.14307	0.02737	0.02910	0.09200	0.02873	0.03869	0.02789	0.09880	0.02528	0.01620	0.01492	0.00409	0.06301	0.01368	0.00716	0.01499
42	0.66215	0.02327	0.01768	0.01582	0.02327	0.02699	0.01303	0.03537	0.02048	0.05398	0.01675	0.01954	0.01303	0.01117	0.00745	0.00372	0.00931	0.00651	0.00745	0.01303
43	0.01709	0.01149	0.01324	0.01364	0.01374	0.01139	0.00785	0.01739	0.01829	0.02439	0.04199	0.14929	0.04890	0.49958	0.05464	0.01069	0.01099	0.01990	0.00785	0.00765
44	0.02272	0.02138	0.03609	0.54825	0.08287	0.02673	0.03341	0.03074	0.02406	0.03074	0.02138	0.03208	0.01604	0.01203	0.01203	0.00401	0.01604	0.01069	0.00535	0.01337
45	0.02566	0.09421	0.04159	0.26494	0.20924	0.02833	0.03056	0.03260	0.02631	0.03520	0.07277	0.03597	0.02757	0.01274	0.01168	0.00366	0.01393	0.01136	0.00638	0.01531
46	0.01722	0.01275	0.01863	0.01863	0.02053	0.01465	0.01416	0.02103	0.01913	0.02740	0.03288	0.05086	0.03164	0.14580	0.47606	0.01846	0.02988	0.01342	0.00654	0.01035
47	0.09485	0.13533	0.20715	0.02402	0.03459	0.02609	0.02590	0.03528	0.02651	0.08982	0.08825	0.09561	0.03643	0.01624	0.01121	0.00369	0.01241	0.01306	0.00814	0.01542
48	0.03049	0.02601	0.03642	0.29075	0.11218	0.03013	0.02922	0.14910	0.09086	0.04606	0.02700	0.03260	0.02017	0.01306	0.01204	0.00386	0.01428	0.01110	0.00805	0.01660
49	0.01520	0.01223	0.01354	0.01321	0.01685	0.01057	0.00991	0.01916	0.02973	0.03797	0.25182	0.10678	0.36388	0.02843	0.01421	0.00397	0.00595	0.02413	0.01189	0.01057
50	0.02272	0.02138	0.03609	0.54825	0.08287	0.02673	0.03341	0.03074	0.02406	0.03074	0.02138	0.03208	0.01604	0.01203	0.01203	0.00401	0.01604	0.01069	0.00535	0.01337
51	0.02560	0.11435	0.33301	0.11159	0.11105	0.03019	0.03906	0.03665	0.02535	0.03603	0.02111	0.02619	0.01586	0.01129	0.01114	0.00366	0.01650	0.00909	0.00524	0.01703
52	0.02807	0.02390	0.02561	0.02314	0.02937	0.02725	0.01794	0.05800	0.41619	0.05003	0.11323	0.05136	0.04777	0.01751	0.01252	0.00404	0.00897	0.01478	0.01239	0.01794
53	0.01466	0.01047	0.01396	0.01675	0.01745	0.00977	0.01117	0.01675	0.02304	0.03071	0.06631	0.56931	0.07958	0.03769	0.01536	0.00489	0.00698	0.03420	0.01117	0.00977
54	0.01594	0.01184	0.01508	0.01683	0.01899	0.01099	0.01266	0.01945	0.02635	0.03434	0.12693	0.31374	0.17287	0.03357	0.01527	0.00473	0.00759	0.12111	0.01139	0.01034
55	0.02632	0.02632	0.03685	0.03159	0.03159	0.03685	0.02632	0.02895	0.01843	0.02895	0.01579	0.02632	0.01579	0.02106	0.03948	0.00526	0.55515	0.01053	0.00526	0.01316
56	0.02413	0.06223	0.51483	0.03429	0.05207	0.02794	0.04445	0.03810	0.02540	0.03810	0.02159	0.02540	0.01524	0.01143	0.01143	0.00381	0.01778	0.00889	0.00508	0.01778
57	0.01466	0.01047	0.01396	0.01675	0.01745	0.00977	0.01117	0.01675	0.02304	0.03071	0.06631	0.56931	0.07958	0.03769	0.01536	0.00489	0.00698	0.03420	0.01117	0.00977
58	0.04880	0.02163	0.02777	0.02207	0.03084	0.02032	0.01798	0.05978	0.13044	0.41139	0.04779	0.04180	0.03128	0.01520	0.01213	0.00380	0.01008	0.01242	0.01432	0.02017
59	0.02632	0.02632	0.03685	0.03159	0.03159	0.03685	0.02632	0.02895	0.01843	0.02895	0.01579	0.02632	0.01579	0.02106	0.03948	0.00526	0.55515	0.01053	0.00526	0.01316
60	0.03472	0.03995	0.02821	0.02746	0.03229	0.32288	0.02170	0.03880	0.03154	0.03207	0.03664	0.06730	0.03699	0.02073	0.01316	0.00408	0.01745	0.17308	0.00815	0.01280
61	0.01855	0.02302	0.12319	0.01925	0.02530	0.01491	0.01846	0.02601	0.03220	0.04607	0.39394	0.07603	0.09242	0.02177	0.01360	0.00379	0.00828	0.01900	0.01149	0.01273
62	0.02168	0.01841	0.02502	0.02259	0.02339	0.02319	0.01769	0.02282	0.01921	0.02727	0.03615	0.04912	0.09058	0.09656	0.08901	0.12333	0.26345	0.01369	0.00646	0.01039
63	0.42182	0.02734	0.02487	0.02045	0.02874	0.03101	0.01687	0.20170	0.03455	0.06250	0.02148	0.02319	0.01593	0.01245	0.00924	0.00368	0.01084	0.00820	0.00924	0.01593
64	0.03014	0.04806	0.29281	0.02883	0.04266	0.08773	0.03218	0.03981	0.02737	0.08760	0.02392	0.02649	0.01740	0.01136	0.01087	0.00326	0.01550	0.00870	0.00672	0.15860
65	0.02632	0.02632	0.03685	0.03159	0.03159	0.03685	0.02632	0.02895	0.01843	0.02895	0.01579	0.02632	0.01579	0.02106	0.03948	0.00526	0.55515	0.01053	0.00526	0.01316
66	0.11390	0.43744	0.05313	0.02148	0.03082	0.11421	0.02001	0.03767	0.02533	0.03173	0.01700	0.01968	0.01514	0.01071	0.00814	0.00279	0.01369	0.00663	0.00559	0.01492
67	0.04011	0.12916	0.03349	0.02186	0.03028	0.13182	0.01804	0.04420	0.03060	0.20861	0.04051	0.03902	0.07342	0.01446	0.01087	0.00317	0.01255	0.01096	0.00988	0.09698
68	0.03749	0.10425	0.16795	0.03426	0.08937	0.23058	0.02951	0.04422	0.03010	0.09008	0.02309	0.02562	0.01751	0.01204	0.01095	0.00336	0.01759	0.00876	0.00680	0.01646
69	0.01750	0.01166	0.01312	0.01312	0.01312	0.01166	0.00729	0.01750	0.01750	0.02333	0.03791	0.07873	0.04374	0.57717	0.06124	0.01166	0.01166	0.01750	0.00729	0.00729
70	0.02888	0.02767	0.04722	0.13402	0.44894	0.02835	0.03648	0.03614	0.02697	0.03822	0.02247	0.03007	0.01867	0.01089	0.01193	0.00363	0.01451	0.01072	0.00588	0.01834
71	0.03939	0.02695	0.08274	0.13898	0.05028	0.02317	0.11538	0.04674	0.03018	0.26874	0.03484	0.03591	0.02318	0.01299	0.01246	0.00386	0.01423	0.01195	0.01017	0.01786
72	0.01466	0.01047	0.01396	0.01675	0.01745	0.00977	0.01117	0.01675	0.02304	0.03071	0.06631	0.56931	0.07958	0.03769	0.01536	0.00489	0.00698	0.03420	0.01117	0.00977
73	0.04010	0.04741	0.02917	0.02674	0.03220	0.41742	0.02005	0.04374	0.03219	0.03276	0.02304	0.02668	0.01880	0.01275	0.01032	0.00304	0.01823	0.00849	0.14350	0.01336
74	0.04574	0.03370	0.03611	0.02768	0.03731	0.03731	0.02287	0.46200	0.05657	0.07583	0.02889	0.02889	0.02046	0.01444	0.01204	0.00361	0.01324	0.01083	0.01204	0.02046
75	0.02624	0.04211	0.22869	0.09778	0.06108	0.02913	0.26256	0.03755	0.02685	0.03755	0.02303	0.02985	0.01692	0.01081	0.01296	0.00396	0.01892	0.01189	0.00564	0.01649
76	0.01466	0.01047	0.01396	0.01675	0.01745	0.00977	0.01117	0.01675	0.02304	0.03071	0.06631	0.56931	0.07958	0.03769	0.01536	0.00489	0.00698	0.03420	0.01117	0.00977
77	0.09378	0.03218	0.02967	0.12382	0.09444	0.19462	0.02259	0.03511	0.02885	0.03617	0.09347	0.09660	0.03718	0.01665	0.01184	0.00368	0.01456	0.01354	0.00772	0.01351
78	0.02712	0.02176	0.03728	0.23853	0.10940	0.02303	0.08821	0.03441	0.02855	0.09749	0.12740	0.04543	0.03945	0.01467	0.01280	0.00388	0.01347	0.01376	0.00844	0.01492
79	0.02277	0.05479	0.44279	0.03177	0.04709	0.02533	0.03967	0.03503	0.02506	0.03704	0.02802	0.10363	0.02449	0.01521	0.01200	0.00396	0.01623	0.01253	0.00596	0.01663
80	0.02117	0.01147	0.01235	0.01213	0.01494	0.01125	0.00910	0.02679	0.02729	0.04565	0.14577	0.05536	0.05013	0.01649	0.00976	0.00303	0.00562	0.01367	0.49679	0.01125
81	0.03389	0.13223	0.16525	0.08146	0.04061	0.02589	0.02638	0.04098	0.02770	0.18644	0.03434	0.09488	0.02771	0.01553	0.01151	0.00371	0.01299	0.01269	0.00900	0.01679
82	0.03522	0.02547	0.08490	0.28437	0.05893	0.02329	0.02840	0.04255	0.02830	0.22094	0.03170	0.03486	0.02138	0.01309	0.01199	0.00387	0.01394	0.01105	0.00909	0.01665
83	0.02102	0.09715	0.02539	0.01810	0.02033	0.02177	0.01375	0.02309	0.02166	0.02908	0.09341	0.06458	0.08794	0.26153	0.03877	0.00735	0.12119	0.01579	0.00767	0.01043
84	0.03352	0.32199	0.10068	0.02259	0.03173	0.08489	0.02177	0.03724	0.02546	0.08596	0.02174	0.02530	0.01792	0.01571	0.01463	0.09601	0.01366	0.00810	0.00642	0.01469
85	0.03442	0.02212	0.02339	0.02054	0.02458	0.08976	0.01532	0.08277	0.02723	0.13381	0.02723	0.03446	0.02198	0.02853	0.03015	0.34108	0.01235	0.01046	0.00825	0.01157
