[name]
unknown

[dist]
# distance from previous block
# <min> <max>
109	547

[block]
# block no. 0 follows, 11 sequences, length 18
# corresponding to MSA columns:
# 702-719
name=unknown_A
#
# <colnr> <probs for GDERKNQSTAVLIFYWHMCP>
#	G	D	E	R	K	N	Q	S	T	A	V	L	I	F	Y	W	H	M	C	P
0	0.09293	0.02448	0.07679	0.02821	0.09244	0.02070	0.05898	0.03908	0.08039	0.15507	0.03331	0.09496	0.02735	0.01420	0.01090	0.00339	0.01077	0.01236	0.00895	0.11475
1	0.20901	0.06527	0.06110	0.02555	0.08889	0.02561	0.01941	0.07475	0.02481	0.04138	0.02739	0.03046	0.06248	0.01299	0.01231	0.00327	0.07452	0.00924	0.00696	0.12459
2	0.08953	0.02045	0.02609	0.02905	0.13647	0.02160	0.01867	0.09903	0.02895	0.07444	0.07624	0.04823	0.12470	0.01655	0.01334	0.00354	0.06207	0.01315	0.08380	0.01412
3	0.02274	0.01962	0.02458	0.02501	0.07584	0.02102	0.01735	0.03589	0.18595	0.03814	0.08385	0.15848	0.04304	0.01919	0.01460	0.00371	0.07291	0.01605	0.00928	0.11273
4	0.03851	0.07569	0.03075	0.10400	0.03656	0.02351	0.01938	0.09194	0.09007	0.26881	0.03454	0.03330	0.02371	0.01280	0.01070	0.00331	0.01072	0.01031	0.01059	0.07082
5	0.16044	0.02509	0.07674	0.06602	0.03264	0.02320	0.01971	0.14462	0.03188	0.14218	0.06165	0.03887	0.02793	0.01431	0.01057	0.00355	0.01071	0.04091	0.05370	0.01527
6	0.08683	0.02106	0.02987	0.03139	0.14043	0.02027	0.05731	0.03490	0.08098	0.08721	0.07206	0.09737	0.03351	0.01456	0.01096	0.00328	0.01009	0.01301	0.00851	0.14644
7	0.03399	0.02921	0.03071	0.02849	0.08146	0.11272	0.02067	0.11541	0.11713	0.09806	0.02751	0.02904	0.02100	0.01312	0.01376	0.00329	0.08194	0.00964	0.00861	0.12423
8	0.11131	0.02591	0.08199	0.21214	0.15795	0.02546	0.02766	0.03104	0.02238	0.03480	0.01912	0.02601	0.01535	0.01143	0.01315	0.00350	0.07699	0.00893	0.00555	0.08931
9	0.02535	0.02270	0.03462	0.25308	0.10809	0.02616	0.05798	0.08471	0.07600	0.03720	0.02811	0.04205	0.02393	0.01477	0.01404	0.00394	0.06059	0.06525	0.00711	0.01429
10	0.01519	0.01042	0.01262	0.01378	0.01407	0.01013	0.00843	0.01606	0.01866	0.02488	0.04723	0.30541	0.05576	0.35244	0.03828	0.00810	0.00897	0.02329	0.00843	0.00785
11	0.02524	0.10946	0.30256	0.03088	0.04364	0.02900	0.10162	0.04087	0.13327	0.03721	0.02577	0.02816	0.01918	0.01141	0.01086	0.00352	0.01474	0.00978	0.00639	0.01643
12	0.01517	0.01227	0.01535	0.07622	0.02286	0.01161	0.01200	0.01935	0.02719	0.03537	0.24801	0.13120	0.28222	0.02515	0.01315	0.00377	0.00667	0.02167	0.01054	0.01021
13	0.02483	0.02144	0.02914	0.29186	0.05188	0.02526	0.02389	0.08430	0.17359	0.04035	0.08635	0.03945	0.03160	0.01402	0.01154	0.00371	0.01181	0.01201	0.00840	0.01455
14	0.01973	0.01556	0.01852	0.01891	0.02214	0.01654	0.01442	0.03301	0.19388	0.03799	0.11290	0.25656	0.06269	0.02609	0.01344	0.00430	0.00790	0.10186	0.01102	0.01255
15	0.02408	0.01941	0.08252	0.01851	0.02397	0.01480	0.01611	0.03165	0.06818	0.13846	0.24122	0.16421	0.06757	0.02148	0.01264	0.00376	0.00806	0.01876	0.01131	0.01333
16	0.02542	0.02411	0.02538	0.07176	0.03252	0.08240	0.01608	0.03041	0.02430	0.03480	0.01969	0.02361	0.01625	0.00901	0.00884	0.00202	0.01043	0.00706	0.00640	0.52951
17	0.03936	0.02763	0.03154	0.02516	0.03253	0.03074	0.02090	0.35014	0.04407	0.11627	0.03063	0.03723	0.02384	0.01587	0.01454	0.00373	0.07597	0.05149	0.01077	0.01757

[dist]
# distance from previous block
# <min> <max>
1	5

[block]
# block no. 1 follows, 11 sequences, length 41
# corresponding to MSA columns:
# 725-758,762-768
name=unknown_B
#
# <colnr> <probs for GDERKNQSTAVLIFYWHMCP>
#	G	D	E	R	K	N	Q	S	T	A	V	L	I	F	Y	W	H	M	C	P
0	0.01621	0.01561	0.06866	0.01580	0.01789	0.01223	0.01209	0.01847	0.01880	0.02564	0.04127	0.22021	0.04699	0.33369	0.07966	0.00885	0.01174	0.01979	0.00761	0.00878
1	0.02205	0.06403	0.02372	0.08093	0.02839	0.01894	0.01527	0.09703	0.03027	0.04054	0.16979	0.10555	0.14377	0.01950	0.01176	0.00337	0.00860	0.01648	0.00954	0.09047
2	0.02678	0.08424	0.18573	0.18558	0.05550	0.02700	0.14835	0.03566	0.02493	0.08586	0.02293	0.02820	0.01661	0.01079	0.01127	0.00357	0.01564	0.01016	0.00602	0.01519
3	0.02902	0.04369	0.33865	0.02787	0.04086	0.02470	0.03187	0.04433	0.12744	0.13449	0.03014	0.03033	0.02103	0.01226	0.01097	0.00360	0.01368	0.00981	0.00790	0.01736
4	0.02659	0.11751	0.41034	0.02964	0.04429	0.02962	0.03587	0.10731	0.02821	0.04010	0.02074	0.02362	0.01504	0.01101	0.01038	0.00340	0.01544	0.00834	0.00577	0.01677
5	0.01629	0.01122	0.01383	0.01383	0.01436	0.01175	0.00875	0.01736	0.01683	0.02297	0.03405	0.06581	0.03751	0.46582	0.19125	0.01282	0.01604	0.01522	0.00661	0.00768
6	0.02549	0.08645	0.24549	0.12200	0.04992	0.02745	0.10371	0.07514	0.02650	0.03709	0.02079	0.02561	0.01553	0.01052	0.01071	0.00332	0.01510	0.00917	0.00573	0.08427
7	0.01371	0.00979	0.01306	0.01567	0.01632	0.00914	0.01045	0.01567	0.02155	0.02873	0.06203	0.59710	0.07444	0.03526	0.01437	0.00457	0.00653	0.03200	0.01045	0.00914
8	0.01656	0.01146	0.01598	0.01598	0.01717	0.01265	0.01144	0.01838	0.01719	0.02411	0.03050	0.05174	0.03092	0.23231	0.35270	0.09107	0.02215	0.01307	0.00613	0.00851
9	0.02519	0.03031	0.12550	0.10912	0.31086	0.02534	0.08603	0.03320	0.02562	0.03636	0.06264	0.03231	0.02411	0.01127	0.01150	0.00349	0.01405	0.01097	0.00595	0.01618
10	0.02318	0.02196	0.03723	0.42958	0.21033	0.02551	0.03221	0.03044	0.02341	0.03109	0.02034	0.02938	0.01583	0.01090	0.01122	0.00363	0.01453	0.01001	0.00517	0.01405
11	0.01608	0.01206	0.01809	0.01809	0.02010	0.01407	0.01407	0.02010	0.01809	0.02613	0.03015	0.04422	0.02814	0.08441	0.55984	0.01809	0.03015	0.01206	0.00603	0.01005
12	0.02657	0.03036	0.06641	0.04744	0.05882	0.02846	0.49336	0.03605	0.02657	0.03605	0.02277	0.03036	0.01708	0.00949	0.01328	0.00380	0.01898	0.01328	0.00569	0.01518
13	0.02332	0.01591	0.01937	0.01775	0.02209	0.01616	0.01388	0.03562	0.16071	0.10169	0.30283	0.07124	0.07436	0.02059	0.01276	0.00375	0.00720	0.05513	0.01214	0.01351
14	0.02932	0.02251	0.07253	0.02601	0.08480	0.02001	0.01993	0.07145	0.02985	0.16348	0.16080	0.05181	0.09482	0.01759	0.01495	0.00368	0.07732	0.01415	0.01012	0.01486
15	0.02171	0.02136	0.03501	0.02817	0.03204	0.02439	0.13471	0.02663	0.02402	0.03401	0.15165	0.04994	0.09642	0.01899	0.02271	0.00418	0.23939	0.01482	0.00754	0.01229
16	0.02462	0.02462	0.03447	0.02955	0.02955	0.03447	0.02462	0.02709	0.01724	0.02709	0.01477	0.02462	0.01477	0.01970	0.03694	0.00492	0.58385	0.00985	0.00492	0.01231
17	0.36068	0.02720	0.02888	0.02807	0.08812	0.08865	0.05508	0.03374	0.02160	0.04081	0.01690	0.02174	0.01397	0.01216	0.01384	0.00369	0.11753	0.00794	0.00619	0.01321
18	0.02842	0.48815	0.16739	0.02211	0.03330	0.04044	0.02423	0.03413	0.02307	0.02852	0.01666	0.01933	0.01440	0.00987	0.00799	0.00266	0.01306	0.00653	0.00480	0.01493
19	0.03520	0.16764	0.08095	0.02508	0.07430	0.02663	0.02081	0.08736	0.02912	0.18438	0.02688	0.02722	0.01953	0.01116	0.00968	0.00286	0.01116	0.00865	0.00855	0.14284
20	0.02325	0.02452	0.08515	0.01849	0.02928	0.01632	0.01668	0.02920	0.02339	0.03655	0.02003	0.02339	0.01639	0.00861	0.00861	0.00189	0.00932	0.00686	0.00644	0.59562
21	0.08745	0.03737	0.21800	0.02821	0.03940	0.02679	0.07603	0.16186	0.03190	0.09137	0.02498	0.02795	0.01813	0.01798	0.05831	0.00478	0.01557	0.00973	0.00776	0.01644
22	0.10439	0.08864	0.26438	0.03689	0.13654	0.02858	0.07232	0.07279	0.02613	0.03979	0.02026	0.02427	0.01536	0.01058	0.01032	0.00342	0.01455	0.00877	0.00579	0.01624
23	0.01495	0.01075	0.01417	0.01483	0.01660	0.00997	0.01054	0.01879	0.02732	0.03792	0.32317	0.30978	0.09223	0.02840	0.01375	0.00399	0.00585	0.02548	0.01154	0.00997
24	0.03419	0.02783	0.03339	0.03428	0.14226	0.03063	0.02298	0.23804	0.21304	0.05486	0.03251	0.03260	0.02434	0.01338	0.01130	0.00353	0.01135	0.01104	0.01008	0.01838
25	0.02304	0.02551	0.08921	0.24124	0.14983	0.02302	0.06831	0.03056	0.02450	0.03426	0.06217	0.03236	0.02340	0.01131	0.01106	0.00331	0.01336	0.01044	0.00601	0.11708
26	0.03915	0.03221	0.07492	0.03106	0.09356	0.07171	0.02404	0.25633	0.03927	0.13637	0.02694	0.02803	0.01934	0.01330	0.01323	0.00350	0.05983	0.00992	0.00956	0.01774
27	0.09540	0.02694	0.02957	0.02325	0.03170	0.02896	0.01907	0.30271	0.09976	0.17770	0.03242	0.03074	0.02243	0.01357	0.01094	0.00346	0.01101	0.01039	0.01156	0.01842
28	0.01622	0.01151	0.01530	0.01530	0.01635	0.01256	0.01060	0.01831	0.01726	0.02407	0.03269	0.05832	0.03426	0.33349	0.31914	0.01465	0.02093	0.01412	0.00641	0.00850
29	0.03241	0.02110	0.03058	0.17976	0.12184	0.02219	0.02323	0.07491	0.07169	0.18567	0.08836	0.03908	0.03164	0.01370	0.01150	0.00356	0.01133	0.01182	0.00957	0.01603
30	0.02583	0.02731	0.03347	0.40245	0.06326	0.13346	0.02856	0.03181	0.02377	0.02832	0.01886	0.02742	0.01488	0.01232	0.01407	0.00372	0.08332	0.00943	0.00515	0.01259
31	0.01637	0.01091	0.01228	0.01228	0.01228	0.01091	0.00682	0.01637	0.01637	0.02182	0.03546	0.07365	0.04092	0.60445	0.05729	0.01091	0.01091	0.01637	0.00682	0.00682
32	0.01371	0.00979	0.01306	0.01567	0.01632	0.00914	0.01045	0.01567	0.02155	0.02873	0.06203	0.59710	0.07444	0.03526	0.01437	0.00457	0.00653	0.03200	0.01045	0.00914
33	0.01733	0.01117	0.01326	0.01274	0.01548	0.01048	0.00955	0.02241	0.02866	0.04284	0.33383	0.07256	0.11770	0.02029	0.01153	0.00327	0.00532	0.01746	0.22363	0.01048
34	0.03099	0.49831	0.09509	0.02107	0.03119	0.04192	0.02130	0.08860	0.02649	0.03247	0.01736	0.01957	0.01498	0.01017	0.00798	0.00261	0.01245	0.00669	0.00557	0.01517
35	0.03858	0.02944	0.03141	0.02505	0.03330	0.03294	0.02038	0.37259	0.18388	0.06416	0.03236	0.03128	0.02346	0.01401	0.01131	0.00350	0.01140	0.01087	0.01131	0.01876
36	0.02334	0.02001	0.02334	0.01667	0.02667	0.01500	0.01334	0.02834	0.02334	0.03668	0.02001	0.02334	0.01667	0.00834	0.00834	0.00167	0.00834	0.00667	0.00667	0.67325
37	0.01413	0.01004	0.01317	0.01526	0.01604	0.00942	0.01017	0.01623	0.02205	0.02964	0.10182	0.50800	0.07455	0.08083	0.01779	0.00500	0.00678	0.02967	0.01033	0.00908
38	0.02228	0.11492	0.07415	0.06421	0.03037	0.02256	0.01873	0.03326	0.12360	0.03730	0.13821	0.05656	0.08321	0.01730	0.01137	0.00347	0.00971	0.05943	0.00886	0.07050
39	0.02722	0.06982	0.03189	0.16948	0.04137	0.02576	0.02177	0.08371	0.02563	0.07377	0.02233	0.02835	0.01789	0.01905	0.06416	0.00466	0.11225	0.00929	0.00680	0.14482
40	0.02433	0.10062	0.22180	0.08353	0.04096	0.02378	0.06902	0.03281	0.02644	0.07772	0.14547	0.04022	0.03809	0.01378	0.01127	0.00346	0.01281	0.01185	0.00748	0.01456

[dist]
# distance from previous block
# <min> <max>
0	82

[block]
# block no. 2 follows, 11 sequences, length 30
# corresponding to MSA columns:
# 851-880
name=unknown_C
#
# <colnr> <probs for GDERKNQSTAVLIFYWHMCP>
#	G	D	E	R	K	N	Q	S	T	A	V	L	I	F	Y	W	H	M	C	P
0	0.02024	0.01472	0.02188	0.20048	0.03679	0.01567	0.01700	0.02143	0.01867	0.02525	0.02175	0.03623	0.02031	0.09615	0.02988	0.27595	0.01144	0.01024	0.00541	0.10049
1	0.01391	0.01062	0.01226	0.01343	0.01530	0.00954	0.00916	0.01597	0.02253	0.02847	0.07987	0.32197	0.25830	0.11153	0.01989	0.00513	0.00680	0.02641	0.00995	0.00897
2	0.08800	0.43315	0.04959	0.09715	0.03547	0.08024	0.02049	0.03384	0.02319	0.02902	0.01639	0.01991	0.01433	0.01008	0.00799	0.00273	0.01280	0.00667	0.00511	0.01386
3	0.60239	0.09530	0.02184	0.01536	0.02265	0.02766	0.01307	0.03316	0.01962	0.04750	0.01567	0.01826	0.01247	0.01035	0.00700	0.00335	0.00912	0.00609	0.00670	0.01247
4	0.02721	0.02767	0.09585	0.12812	0.34340	0.02455	0.03186	0.03445	0.02591	0.07376	0.05788	0.03239	0.02393	0.01147	0.01127	0.00345	0.01312	0.01065	0.00650	0.01655
5	0.01371	0.00979	0.01306	0.01567	0.01632	0.00914	0.01045	0.01567	0.02155	0.02873	0.06203	0.59710	0.07444	0.03526	0.01437	0.00457	0.00653	0.03200	0.01045	0.00914
6	0.02033	0.01255	0.01603	0.01456	0.01823	0.01127	0.01113	0.02514	0.03097	0.11193	0.39837	0.08139	0.15941	0.02258	0.01301	0.00357	0.00596	0.01961	0.01231	0.01164
7	0.05050	0.01915	0.02612	0.02003	0.02873	0.01654	0.01654	0.05485	0.03221	0.54203	0.04440	0.03831	0.02786	0.01393	0.01132	0.00348	0.00958	0.01132	0.01393	0.01915
8	0.01593	0.01150	0.01504	0.01416	0.01681	0.01062	0.01062	0.02124	0.03186	0.04513	0.52830	0.08407	0.10620	0.02301	0.01327	0.00354	0.00531	0.02035	0.01239	0.01062
9	0.52475	0.02283	0.02000	0.01692	0.02436	0.02563	0.01395	0.09990	0.02529	0.10776	0.02043	0.02172	0.01489	0.01126	0.00804	0.00347	0.00931	0.00723	0.00833	0.01393
10	0.01593	0.01150	0.01504	0.01416	0.01681	0.01062	0.01062	0.02124	0.03186	0.04513	0.52830	0.08407	0.10620	0.02301	0.01327	0.00354	0.00531	0.02035	0.01239	0.01062
11	0.01595	0.01117	0.01375	0.01349	0.01607	0.01028	0.00997	0.02054	0.02883	0.04088	0.35780	0.13899	0.15186	0.02390	0.01273	0.00358	0.00549	0.02089	0.09355	0.01028
12	0.03009	0.61122	0.05898	0.01926	0.02889	0.04454	0.01926	0.03370	0.02287	0.02648	0.01565	0.01805	0.01444	0.00963	0.00722	0.00241	0.01204	0.00602	0.00481	0.01444
13	0.01514	0.01147	0.01395	0.01333	0.01633	0.01028	0.01000	0.01971	0.02999	0.04069	0.40338	0.09139	0.23389	0.02467	0.01328	0.00362	0.00543	0.02138	0.01181	0.01028
14	0.01371	0.00979	0.01306	0.01567	0.01632	0.00914	0.01045	0.01567	0.02155	0.02873	0.06203	0.59710	0.07444	0.03526	0.01437	0.00457	0.00653	0.03200	0.01045	0.00914
15	0.02334	0.02001	0.02334	0.01667	0.02667	0.01500	0.01334	0.02834	0.02334	0.03668	0.02001	0.02334	0.01667	0.00834	0.00834	0.00167	0.00834	0.00667	0.00667	0.67325
16	0.02559	0.02296	0.03555	0.27734	0.09868	0.02587	0.07780	0.09778	0.08867	0.03842	0.02838	0.08177	0.02380	0.01392	0.01177	0.00375	0.01341	0.01270	0.00729	0.01456
17	0.08563	0.01446	0.01507	0.01344	0.01778	0.01475	0.01055	0.07258	0.02691	0.10770	0.03493	0.03806	0.02637	0.01301	0.00852	0.00287	0.00673	0.01017	0.46795	0.01250
18	0.01381	0.01035	0.01282	0.01447	0.01609	0.00936	0.00999	0.01629	0.02350	0.03062	0.11681	0.42910	0.19093	0.03248	0.01400	0.00429	0.00621	0.02890	0.01062	0.00936
19	0.04279	0.03153	0.03378	0.02590	0.03490	0.03490	0.02139	0.49671	0.05292	0.07093	0.02702	0.02702	0.01914	0.01351	0.01126	0.00338	0.01239	0.01013	0.01126	0.01914
20	0.04279	0.03153	0.03378	0.02590	0.03490	0.03490	0.02139	0.49671	0.05292	0.07093	0.02702	0.02702	0.01914	0.01351	0.01126	0.00338	0.01239	0.01013	0.01126	0.01914
21	0.02144	0.01854	0.02919	0.03951	0.25565	0.01806	0.02166	0.02738	0.02898	0.04127	0.29422	0.05813	0.06541	0.01702	0.01229	0.00345	0.00903	0.01559	0.00924	0.01395
22	0.01608	0.01206	0.01809	0.01809	0.02010	0.01407	0.01407	0.02010	0.01809	0.02613	0.03015	0.04422	0.02814	0.08441	0.55984	0.01809	0.03015	0.01206	0.00603	0.01005
23	0.01561	0.01059	0.01250	0.01325	0.01344	0.01040	0.00786	0.01617	0.01785	0.02380	0.04308	0.22373	0.05053	0.44126	0.04498	0.00909	0.00966	0.02085	0.00786	0.00749
24	0.01631	0.01114	0.01343	0.01343	0.01383	0.01154	0.00826	0.01711	0.01671	0.02268	0.03441	0.06782	0.03838	0.50130	0.15697	0.01234	0.01473	0.01551	0.00666	0.00746
25	0.02018	0.01163	0.01713	0.01652	0.01652	0.01286	0.01163	0.01621	0.01498	0.02049	0.01895	0.03302	0.01895	0.03668	0.04311	0.58925	0.08139	0.00978	0.00489	0.00581
26	0.02926	0.54999	0.11292	0.02068	0.03108	0.04250	0.02173	0.03392	0.02297	0.02750	0.01615	0.01869	0.01442	0.00975	0.00761	0.00254	0.01255	0.00627	0.00481	0.01469
27	0.02372	0.02035	0.02351	0.01718	0.02689	0.01607	0.01371	0.03093	0.06371	0.03753	0.02213	0.02487	0.01813	0.00891	0.00859	0.00184	0.00838	0.00717	0.00706	0.61932
28	0.17468	0.23960	0.11978	0.02167	0.03164	0.03349	0.02148	0.12482	0.02870	0.08014	0.02071	0.02225	0.01583	0.01105	0.00880	0.00309	0.01193	0.00759	0.00719	0.01556
29	0.01622	0.01231	0.01673	0.01763	0.01859	0.01365	0.01286	0.01887	0.02049	0.02907	0.04780	0.37552	0.05433	0.04015	0.11445	0.00688	0.09084	0.02368	0.06008	0.00985

[dist]
# distance from previous block
# <min> <max>
0	6

[block]
# block no. 3 follows, 11 sequences, length 6
# corresponding to MSA columns:
# 887-892
name=unknown_D
#
# <colnr> <probs for GDERKNQSTAVLIFYWHMCP>
#	G	D	E	R	K	N	Q	S	T	A	V	L	I	F	Y	W	H	M	C	P
0	0.02592	0.02476	0.04218	0.21851	0.39998	0.02623	0.03358	0.03284	0.02471	0.03442	0.02083	0.02849	0.01700	0.01039	0.01118	0.00346	0.01385	0.01002	0.00540	0.01626
1	0.01486	0.01066	0.01332	0.01415	0.01553	0.00997	0.00958	0.01746	0.02383	0.03219	0.19573	0.29676	0.11829	0.14831	0.02279	0.00551	0.00700	0.02467	0.01026	0.00912
2	0.14270	0.02831	0.02914	0.02344	0.03153	0.03181	0.01911	0.32446	0.15048	0.06232	0.02939	0.02896	0.02142	0.01341	0.01061	0.00349	0.01102	0.01006	0.01061	0.01773
3	0.04286	0.02125	0.02640	0.02066	0.02847	0.02053	0.01689	0.16823	0.03772	0.33539	0.11763	0.04264	0.03813	0.01528	0.01162	0.00346	0.00965	0.01245	0.01296	0.01778
4	0.01371	0.00979	0.01306	0.01567	0.01632	0.00914	0.01045	0.01567	0.02155	0.02873	0.06203	0.59710	0.07444	0.03526	0.01437	0.00457	0.00653	0.03200	0.01045	0.00914
5	0.02413	0.01974	0.03478	0.15660	0.10763	0.02018	0.11865	0.02993	0.02423	0.08757	0.03472	0.17369	0.03311	0.02279	0.05559	0.00501	0.01408	0.01649	0.00764	0.01344

[dist]
# distance from previous block
# <min> <max>
0	9

[block]
# block no. 4 follows, 11 sequences, length 8
# corresponding to MSA columns:
# 902-909
name=unknown_E
#
# <colnr> <probs for GDERKNQSTAVLIFYWHMCP>
#	G	D	E	R	K	N	Q	S	T	A	V	L	I	F	Y	W	H	M	C	P
0	0.02257	0.05822	0.54613	0.03208	0.04871	0.02614	0.04158	0.03564	0.02376	0.03564	0.02020	0.02376	0.01426	0.01069	0.01069	0.00356	0.01663	0.00832	0.00475	0.01663
1	0.01330	0.01140	0.01140	0.01140	0.01520	0.00950	0.00855	0.01615	0.02565	0.03041	0.11402	0.10832	0.52967	0.02850	0.01330	0.00380	0.00570	0.02375	0.01045	0.00950
2	0.03314	0.10690	0.18881	0.07240	0.03796	0.02313	0.02526	0.04011	0.02652	0.22497	0.03285	0.08508	0.02538	0.01423	0.01089	0.00350	0.01224	0.01162	0.00882	0.01621
3	0.01855	0.01013	0.01391	0.01391	0.01391	0.01013	0.00885	0.01520	0.01520	0.02026	0.02455	0.04661	0.02627	0.21682	0.04817	0.46454	0.01013	0.01185	0.00550	0.00550
4	0.01723	0.01312	0.01604	0.01502	0.01826	0.01275	0.01135	0.02571	0.09319	0.04398	0.42691	0.08098	0.13725	0.02254	0.01304	0.00360	0.00581	0.01970	0.01209	0.01144
5	0.02683	0.02302	0.04030	0.17661	0.05028	0.02380	0.18090	0.09149	0.02843	0.07879	0.03169	0.13618	0.02838	0.01565	0.01252	0.00385	0.01398	0.01534	0.00779	0.01419
6	0.02969	0.02983	0.09630	0.13417	0.14791	0.02711	0.17988	0.09530	0.02930	0.08329	0.02416	0.02943	0.01780	0.01091	0.01184	0.00360	0.01532	0.01103	0.00689	0.01624
7	0.03322	0.03104	0.11831	0.02696	0.03437	0.09168	0.06861	0.03873	0.02627	0.18690	0.03193	0.10220	0.02654	0.01637	0.01601	0.00384	0.11050	0.01288	0.00854	0.01510

[dist]
# distance from previous block
# <min> <max>
1	64

[block]
# block no. 5 follows, 11 sequences, length 44
# corresponding to MSA columns:
# 974-997,999-1018
name=unknown_F
#
# <colnr> <probs for GDERKNQSTAVLIFYWHMCP>
#	G	D	E	R	K	N	Q	S	T	A	V	L	I	F	Y	W	H	M	C	P
0	0.02919	0.01809	0.02813	0.14972	0.03969	0.01803	0.05889	0.03458	0.02570	0.18632	0.03688	0.09684	0.03148	0.02346	0.06737	0.00519	0.01339	0.06122	0.00910	0.06673
1	0.10723	0.02485	0.06699	0.07323	0.09182	0.02361	0.02144	0.08880	0.12119	0.15904	0.07819	0.03684	0.03045	0.01367	0.01095	0.00355	0.01067	0.01122	0.00984	0.01641
2	0.03015	0.01674	0.01934	0.01694	0.02177	0.01683	0.01316	0.13404	0.03138	0.14559	0.04160	0.15842	0.03639	0.01817	0.01072	0.00339	0.00798	0.01525	0.24829	0.01385
3	0.09184	0.02149	0.02490	0.08162	0.03287	0.01987	0.01629	0.07160	0.06215	0.04090	0.02211	0.02530	0.01757	0.00985	0.00902	0.00240	0.00952	0.00774	0.00726	0.42570
4	0.10962	0.13401	0.03825	0.02514	0.03322	0.03450	0.05535	0.25200	0.07355	0.05236	0.02372	0.02558	0.01812	0.01283	0.01242	0.00341	0.06140	0.00934	0.00866	0.01651
5	0.01428	0.01003	0.01289	0.01494	0.01545	0.00952	0.00967	0.01582	0.02044	0.02725	0.05632	0.48461	0.06724	0.15758	0.02359	0.00593	0.00747	0.02864	0.00967	0.00864
6	0.02395	0.08944	0.03805	0.29582	0.10351	0.03029	0.02820	0.02940	0.02126	0.02880	0.01804	0.02679	0.01516	0.01351	0.01860	0.00391	0.18755	0.00950	0.00501	0.01320
7	0.01757	0.01115	0.01569	0.01569	0.01700	0.01218	0.01143	0.01889	0.01758	0.02560	0.02864	0.04466	0.02738	0.12384	0.30516	0.19026	0.01982	0.01177	0.07737	0.00835
8	0.01608	0.01206	0.01809	0.01809	0.02010	0.01407	0.01407	0.02010	0.01809	0.02613	0.03015	0.04422	0.02814	0.08441	0.55984	0.01809	0.03015	0.01206	0.00603	0.01005
9	0.01608	0.01206	0.01809	0.01809	0.02010	0.01407	0.01407	0.02010	0.01809	0.02613	0.03015	0.04422	0.02814	0.08441	0.55984	0.01809	0.03015	0.01206	0.00603	0.01005
10	0.01684	0.01203	0.01665	0.01925	0.02127	0.01184	0.01588	0.02108	0.02463	0.03223	0.06031	0.26468	0.06761	0.03231	0.01520	0.00500	0.00924	0.33355	0.01039	0.01001
11	0.68395	0.02177	0.01654	0.01480	0.02177	0.02525	0.01219	0.03309	0.01915	0.05050	0.01567	0.01828	0.01219	0.01045	0.00697	0.00348	0.00871	0.00609	0.00697	0.01219
12	0.01622	0.01150	0.01527	0.01527	0.01631	0.01254	0.01055	0.01829	0.01725	0.02404	0.03273	0.05849	0.03434	0.33658	0.31615	0.01461	0.02082	0.01415	0.00641	0.00848
13	0.01611	0.01193	0.01746	0.01746	0.01925	0.01373	0.01328	0.01969	0.01790	0.02566	0.03072	0.04740	0.02952	0.14071	0.50543	0.01731	0.02807	0.01253	0.00612	0.00970
14	0.01339	0.01107	0.01175	0.01230	0.01544	0.00943	0.00895	0.01605	0.02480	0.03005	0.10314	0.21063	0.43438	0.02992	0.01352	0.00396	0.00587	0.02548	0.01045	0.00943
15	0.02959	0.02474	0.03343	0.02805	0.03003	0.03244	0.02334	0.08115	0.02284	0.09161	0.01954	0.02647	0.01677	0.01836	0.03118	0.00459	0.45532	0.01005	0.00666	0.01385
16	0.03488	0.15401	0.03512	0.02305	0.03087	0.07653	0.01915	0.15054	0.22314	0.08904	0.03262	0.03136	0.02444	0.01324	0.01038	0.00331	0.01137	0.01012	0.00972	0.01710
17	0.02098	0.01049	0.01049	0.01049	0.01311	0.01049	0.00787	0.02623	0.02360	0.04196	0.03672	0.04196	0.02885	0.01311	0.00787	0.00262	0.00525	0.01049	0.66693	0.01049
18	0.02400	0.02227	0.03062	0.02317	0.03068	0.02148	0.06478	0.02879	0.02206	0.03409	0.01891	0.02439	0.01621	0.01144	0.01636	0.00274	0.16080	0.00817	0.00611	0.43293
19	0.02592	0.02477	0.04219	0.21799	0.40045	0.02623	0.03358	0.03285	0.02471	0.03442	0.02083	0.02849	0.01700	0.01039	0.01117	0.00346	0.01385	0.01002	0.00540	0.01627
20	0.01814	0.01296	0.01814	0.02073	0.02332	0.01296	0.01814	0.02332	0.02591	0.03368	0.05959	0.12696	0.06478	0.03109	0.01555	0.00518	0.01036	0.45848	0.01036	0.01036
21	0.02465	0.01991	0.03287	0.51270	0.07186	0.02402	0.02955	0.03179	0.02363	0.08834	0.02284	0.03097	0.01650	0.01156	0.01126	0.00372	0.01437	0.01016	0.00604	0.01328
22	0.01608	0.01206	0.01809	0.01809	0.02010	0.01407	0.01407	0.02010	0.01809	0.02613	0.03015	0.04422	0.02814	0.08441	0.55984	0.01809	0.03015	0.01206	0.00603	0.01005
23	0.02786	0.02674	0.04568	0.06908	0.53424	0.02674	0.03454	0.03454	0.02563	0.03677	0.02117	0.02786	0.01783	0.01003	0.01114	0.00334	0.01337	0.01003	0.00557	0.01783
24	0.24096	0.01994	0.02324	0.01845	0.02664	0.01916	0.01523	0.04831	0.02829	0.39424	0.03576	0.03229	0.02315	0.01288	0.01001	0.00348	0.00932	0.00975	0.01184	0.01706
25	0.08388	0.19514	0.31489	0.02655	0.03966	0.03184	0.03093	0.08844	0.02652	0.03865	0.01942	0.02219	0.01469	0.01072	0.00954	0.00324	0.01427	0.00774	0.00571	0.01597
26	0.01619	0.01161	0.01580	0.01580	0.01702	0.01282	0.01121	0.01863	0.01741	0.02443	0.03224	0.05582	0.03318	0.28939	0.36176	0.01526	0.02257	0.01376	0.00634	0.00878
27	0.03454	0.02376	0.04084	0.12277	0.20575	0.02324	0.11013	0.04104	0.02763	0.21147	0.02938	0.03226	0.02077	0.01147	0.01160	0.00353	0.01330	0.01106	0.00842	0.01703
28	0.02371	0.02034	0.02351	0.01717	0.02688	0.01604	0.01369	0.03085	0.06252	0.03751	0.02207	0.02483	0.01808	0.00889	0.00858	0.00184	0.00838	0.00715	0.00705	0.62090
29	0.04279	0.03153	0.03378	0.02590	0.03490	0.03490	0.02139	0.49671	0.05292	0.07093	0.02702	0.02702	0.01914	0.01351	0.01126	0.00338	0.01239	0.01013	0.01126	0.01914
30	0.02734	0.40898	0.23714	0.02395	0.03614	0.03781	0.02742	0.03441	0.02320	0.02983	0.01731	0.02014	0.01438	0.01002	0.00849	0.00283	0.01372	0.00686	0.00479	0.01524
31	0.01392	0.01018	0.01310	0.01501	0.01625	0.00935	0.01025	0.01637	0.02321	0.03083	0.12208	0.48187	0.12999	0.03307	0.01412	0.00436	0.00629	0.02971	0.01067	0.00935
32	0.01591	0.01276	0.01908	0.17899	0.03412	0.01375	0.01650	0.01948	0.02183	0.02874	0.04981	0.43222	0.05716	0.02828	0.01346	0.00433	0.00899	0.02560	0.00886	0.01012
33	0.02098	0.01049	0.01049	0.01049	0.01311	0.01049	0.00787	0.02623	0.02360	0.04196	0.03672	0.04196	0.02885	0.01311	0.00787	0.00262	0.00525	0.01049	0.66693	0.01049
34	0.02499	0.02055	0.02397	0.01816	0.02725	0.01705	0.01477	0.08115	0.02699	0.04025	0.02509	0.03498	0.02216	0.01139	0.00945	0.00224	0.00902	0.05598	0.00759	0.52697
35	0.02566	0.02590	0.10974	0.06335	0.07457	0.02233	0.02255	0.03753	0.13088	0.09658	0.11586	0.04750	0.08294	0.01659	0.01449	0.00377	0.07240	0.01335	0.00908	0.01493
36	0.03412	0.02798	0.02964	0.10553	0.03840	0.07816	0.02106	0.17498	0.23248	0.08631	0.03404	0.03377	0.02494	0.01375	0.01124	0.00357	0.01188	0.01099	0.01011	0.01706
37	0.21763	0.02302	0.03419	0.10329	0.23170	0.02436	0.06780	0.03155	0.02302	0.03894	0.02400	0.08716	0.02191	0.01297	0.01048	0.00361	0.01197	0.01156	0.00645	0.01438
38	0.02619	0.01583	0.02251	0.12666	0.08181	0.01607	0.01730	0.03185	0.02717	0.13521	0.14802	0.04739	0.04295	0.01491	0.01076	0.00329	0.00876	0.01281	0.19721	0.01330
39	0.01955	0.00978	0.01466	0.01466	0.01466	0.00978	0.00978	0.01466	0.01466	0.01955	0.01955	0.03421	0.01955	0.03910	0.04399	0.67253	0.00978	0.00978	0.00489	0.00489
40	0.01593	0.01150	0.01504	0.01416	0.01681	0.01062	0.01062	0.02124	0.03186	0.04513	0.52830	0.08407	0.10620	0.02301	0.01327	0.00354	0.00531	0.02035	0.01239	0.01062
41	0.07717	0.02317	0.02957	0.19273	0.04408	0.02540	0.02180	0.13035	0.02849	0.04163	0.02060	0.02596	0.01614	0.01181	0.01302	0.00319	0.07686	0.00877	0.00698	0.20229
42	0.01471	0.01103	0.01337	0.01418	0.01633	0.01007	0.01025	0.01778	0.02495	0.03266	0.17842	0.24827	0.21306	0.08324	0.01791	0.00476	0.00675	0.06226	0.01054	0.00947
43	0.09383	0.24133	0.09339	0.02123	0.03043	0.03130	0.02014	0.04416	0.13894	0.13746	0.02892	0.02832	0.02153	0.01199	0.00938	0.00318	0.01100	0.00890	0.00838	0.01620

[dist]
# distance from previous block
# <min> <max>
1	3

[block]
# block no. 6 follows, 11 sequences, length 21
# corresponding to MSA columns:
# 1022-1042
name=unknown_G
#
# <colnr> <probs for GDERKNQSTAVLIFYWHMCP>
#	G	D	E	R	K	N	Q	S	T	A	V	L	I	F	Y	W	H	M	C	P
0	0.02429	0.01659	0.02451	0.02073	0.02571	0.01593	0.07415	0.03293	0.09230	0.12451	0.25481	0.13670	0.06799	0.02050	0.01287	0.00374	0.00840	0.01861	0.01139	0.01335
1	0.02095	0.01637	0.02730	0.08397	0.03259	0.01575	0.10759	0.02608	0.02641	0.08180	0.16073	0.20478	0.10452	0.02208	0.01317	0.00391	0.00983	0.02047	0.00968	0.01200
2	0.07924	0.02591	0.09459	0.12283	0.04001	0.02148	0.02212	0.08531	0.02903	0.21900	0.02910	0.02995	0.01997	0.01182	0.01043	0.00323	0.01149	0.00945	0.00917	0.12588
3	0.03635	0.01853	0.02660	0.08671	0.09688	0.01736	0.01894	0.04125	0.02941	0.30796	0.09252	0.04922	0.09648	0.01583	0.01172	0.00354	0.00978	0.01343	0.01127	0.01622
4	0.01507	0.01133	0.01440	0.01539	0.01760	0.01002	0.01070	0.01772	0.02280	0.03103	0.09346	0.45300	0.10135	0.03048	0.01344	0.00407	0.00662	0.02736	0.01010	0.09406
5	0.02878	0.32117	0.24607	0.02511	0.03740	0.03612	0.02825	0.09358	0.02706	0.03574	0.01888	0.02143	0.01497	0.01054	0.00909	0.00298	0.01388	0.00744	0.00561	0.01590
6	0.03240	0.07318	0.03356	0.06324	0.03497	0.02299	0.08416	0.08231	0.07852	0.17728	0.09140	0.05055	0.03752	0.01604	0.01199	0.00370	0.01130	0.06916	0.01023	0.01551
7	0.18853	0.11812	0.03319	0.02171	0.02944	0.02737	0.05070	0.06812	0.02527	0.12408	0.02236	0.02471	0.01707	0.01191	0.01259	0.00322	0.08491	0.00833	0.00768	0.12069
8	0.07361	0.08106	0.08941	0.08229	0.09982	0.02473	0.02311	0.09352	0.02808	0.08474	0.02545	0.03319	0.02071	0.01220	0.01022	0.00313	0.01171	0.04150	0.00751	0.15401
9	0.02228	0.01502	0.02053	0.01944	0.02150	0.01694	0.01516	0.02522	0.02085	0.09263	0.03722	0.09762	0.03750	0.16499	0.15864	0.00922	0.12068	0.08562	0.00801	0.01091
10	0.01922	0.01560	0.02286	0.13398	0.09660	0.01573	0.01786	0.02455	0.02604	0.03698	0.19863	0.14432	0.05715	0.01897	0.01192	0.00349	0.00877	0.01693	0.05717	0.07323
11	0.03047	0.02492	0.06183	0.02477	0.07706	0.06861	0.01862	0.09242	0.03027	0.14259	0.04960	0.10814	0.12961	0.01788	0.01162	0.00343	0.01057	0.01486	0.00962	0.07310
12	0.01394	0.01024	0.01308	0.01487	0.01623	0.00938	0.01020	0.01646	0.02347	0.03110	0.12984	0.46157	0.14282	0.03272	0.01407	0.00433	0.00625	0.02932	0.01070	0.00938
13	0.03621	0.07833	0.03145	0.02238	0.03004	0.03039	0.01857	0.35131	0.04485	0.06101	0.09092	0.03490	0.03074	0.01434	0.01084	0.00324	0.01079	0.01111	0.07175	0.01683
14	0.03394	0.24213	0.07827	0.11324	0.04072	0.03151	0.05492	0.08382	0.02828	0.15331	0.02501	0.02685	0.01831	0.01135	0.00989	0.00315	0.01276	0.00897	0.00767	0.01590
15	0.01814	0.02028	0.08376	0.12339	0.03702	0.01686	0.08585	0.02391	0.02432	0.03279	0.10849	0.24796	0.08636	0.02245	0.01302	0.00401	0.01073	0.02061	0.00841	0.01166
16	0.08307	0.14330	0.09662	0.01899	0.02950	0.02324	0.01803	0.03077	0.02293	0.03573	0.01877	0.02189	0.01552	0.00908	0.00829	0.00222	0.01017	0.00670	0.00608	0.39912
17	0.46326	0.08435	0.09047	0.01806	0.02674	0.02630	0.01718	0.03590	0.02157	0.10085	0.01945	0.02120	0.01442	0.01079	0.00796	0.00339	0.01016	0.00696	0.00724	0.01376
18	0.03965	0.02387	0.09210	0.02128	0.02973	0.01837	0.01918	0.08928	0.03195	0.33862	0.07482	0.10058	0.03581	0.01647	0.01171	0.00361	0.01014	0.01373	0.01198	0.01713
19	0.02014	0.02194	0.08482	0.06714	0.09715	0.01872	0.06704	0.02889	0.08575	0.03361	0.04325	0.29372	0.04554	0.02251	0.01285	0.00407	0.01065	0.02069	0.00847	0.01304
20	0.02035	0.02449	0.14305	0.08495	0.07594	0.01725	0.02162	0.02782	0.02639	0.03959	0.18997	0.04886	0.04815	0.01530	0.01096	0.00333	0.00974	0.01310	0.16630	0.01284

[dist]
# distance from previous block
# <min> <max>
38	110

[block]
# block no. 7 follows, 11 sequences, length 28
# corresponding to MSA columns:
# 1172-1199
name=unknown_H
#
# <colnr> <probs for GDERKNQSTAVLIFYWHMCP>
#	G	D	E	R	K	N	Q	S	T	A	V	L	I	F	Y	W	H	M	C	P
0	0.11926	0.02540	0.02548	0.12366	0.07227	0.13053	0.01994	0.03336	0.06509	0.03770	0.13559	0.04891	0.04121	0.01604	0.01131	0.00362	0.01201	0.05773	0.00815	0.01275
1	0.02001	0.01523	0.02000	0.11538	0.02973	0.01628	0.01557	0.09661	0.02641	0.03505	0.04673	0.36074	0.05219	0.07530	0.01692	0.00476	0.00934	0.02326	0.00932	0.01117
2	0.02389	0.07922	0.02427	0.07653	0.02790	0.15623	0.01563	0.02685	0.02476	0.02854	0.07837	0.17268	0.08120	0.11295	0.01891	0.00471	0.01200	0.01685	0.00773	0.01077
3	0.03519	0.01966	0.02472	0.01899	0.02741	0.01719	0.01541	0.07750	0.02881	0.24478	0.03179	0.03229	0.02284	0.02026	0.07653	0.00454	0.01182	0.00951	0.00994	0.27080
4	0.09406	0.03004	0.11933	0.09771	0.04616	0.02547	0.17395	0.09526	0.02777	0.04072	0.02539	0.08047	0.02154	0.01288	0.01146	0.00359	0.01425	0.01224	0.00687	0.06083
5	0.03185	0.10278	0.11085	0.06933	0.03665	0.09728	0.02213	0.07406	0.02810	0.10798	0.02319	0.02533	0.01739	0.01076	0.00971	0.00279	0.01275	0.00814	0.00730	0.20163
6	0.03654	0.02034	0.02619	0.02352	0.06788	0.01938	0.01727	0.10478	0.06956	0.25517	0.13736	0.04430	0.04145	0.01504	0.01145	0.00334	0.00924	0.01261	0.01177	0.07279
7	0.11555	0.01443	0.01728	0.01603	0.02040	0.01365	0.01218	0.02972	0.02647	0.17325	0.14589	0.22248	0.10240	0.02313	0.01222	0.00386	0.00733	0.01987	0.01129	0.01257
8	0.02664	0.09063	0.07990	0.16276	0.05022	0.09252	0.16346	0.03351	0.02456	0.03189	0.02089	0.02769	0.01651	0.01151	0.01342	0.00353	0.06943	0.01013	0.05715	0.01367
9	0.02410	0.02007	0.03402	0.13636	0.18304	0.02078	0.07314	0.03012	0.02445	0.06929	0.03318	0.09156	0.03109	0.02479	0.07873	0.00564	0.01499	0.08348	0.00728	0.01389
10	0.01615	0.01257	0.01754	0.02207	0.08661	0.01194	0.01323	0.01904	0.02316	0.03124	0.11448	0.36211	0.10531	0.08863	0.01814	0.00487	0.00770	0.02528	0.00964	0.01030
11	0.02654	0.02734	0.14564	0.11240	0.07773	0.02054	0.02476	0.03634	0.08406	0.12777	0.03746	0.16224	0.03348	0.01755	0.01187	0.00382	0.01156	0.01526	0.00867	0.01497
12	0.07337	0.09634	0.26001	0.10549	0.07966	0.07265	0.03134	0.03754	0.07467	0.03549	0.02190	0.02556	0.01658	0.01115	0.01024	0.00343	0.01469	0.00866	0.00579	0.01545
13	0.02932	0.03019	0.09630	0.07891	0.12023	0.07534	0.05987	0.06989	0.07818	0.07981	0.03040	0.04258	0.02563	0.01503	0.01374	0.00383	0.05618	0.07142	0.00777	0.01538
14	0.01527	0.01315	0.01894	0.01747	0.02101	0.01177	0.06804	0.01883	0.02487	0.03176	0.12020	0.26594	0.27415	0.02807	0.01367	0.00404	0.00756	0.02505	0.01004	0.01016
15	0.15699	0.02284	0.03247	0.20652	0.11452	0.02551	0.06165	0.03887	0.11719	0.07647	0.02628	0.03033	0.01966	0.01175	0.01060	0.00364	0.01229	0.01012	0.00742	0.01490
16	0.02738	0.03896	0.25803	0.03416	0.09316	0.02506	0.09427	0.07370	0.06243	0.08332	0.07288	0.03354	0.02662	0.01244	0.01149	0.00357	0.01408	0.01101	0.00744	0.01649
17	0.01912	0.00993	0.01434	0.01434	0.01434	0.00993	0.00937	0.01490	0.01490	0.01986	0.02172	0.03960	0.02247	0.11632	0.04580	0.58217	0.00993	0.01068	0.00515	0.00515
18	0.02562	0.01758	0.02840	0.27544	0.04892	0.01925	0.05543	0.03075	0.02364	0.11421	0.02958	0.07914	0.02422	0.01661	0.01464	0.07280	0.01199	0.01227	0.08703	0.01249
19	0.08016	0.03136	0.08091	0.18982	0.08635	0.09193	0.02622	0.15960	0.03264	0.08100	0.02319	0.02705	0.01696	0.01189	0.01076	0.00346	0.01411	0.00936	0.00760	0.01563
20	0.03543	0.09962	0.02970	0.07745	0.03197	0.02214	0.01790	0.09400	0.02970	0.24257	0.03743	0.11928	0.03079	0.02180	0.05421	0.00466	0.01196	0.01354	0.01029	0.01558
21	0.02376	0.01312	0.01665	0.01479	0.01895	0.01179	0.01143	0.02851	0.03039	0.15436	0.32135	0.07354	0.13988	0.02088	0.01238	0.00348	0.00632	0.01795	0.06810	0.01237
22	0.68395	0.02177	0.01654	0.01480	0.02177	0.02525	0.01219	0.03309	0.01915	0.05050	0.01567	0.01828	0.01219	0.01045	0.00697	0.00348	0.00871	0.00609	0.00697	0.01219
23	0.11331	0.01913	0.02237	0.07484	0.02967	0.01818	0.01501	0.03067	0.08066	0.03629	0.02246	0.02732	0.01848	0.01464	0.01448	0.10869	0.00937	0.00816	0.00683	0.32944
24	0.12812	0.02098	0.02438	0.01967	0.02702	0.02111	0.01598	0.13106	0.07020	0.26542	0.11773	0.04130	0.03757	0.01498	0.01105	0.00350	0.00924	0.01199	0.01203	0.01668
25	0.09833	0.01953	0.02690	0.02578	0.09586	0.01804	0.01799	0.04644	0.02855	0.38205	0.03645	0.03479	0.02438	0.01547	0.01400	0.06647	0.01004	0.01055	0.01135	0.01704
26	0.03036	0.12018	0.03219	0.11236	0.03584	0.09694	0.01952	0.03457	0.02514	0.11943	0.02788	0.09530	0.02454	0.01463	0.01245	0.00323	0.05821	0.01133	0.00756	0.11833
27	0.08510	0.08028	0.15846	0.09655	0.04593	0.02781	0.13073	0.07697	0.06244	0.09158	0.02492	0.02815	0.01808	0.01129	0.01091	0.00353	0.01427	0.01003	0.00716	0.01581

[dist]
# distance from previous block
# <min> <max>
5	43

# created by:
# /st0/software/busco_prod/Augustus/scripts/msa2prfl.pl ./align_prep/9401.fa
