[name]
unknown

[dist]
# distance from previous block
# <min> <max>
13	343

[block]
# block no. 0 follows, 10 sequences, length 6
# corresponding to MSA columns:
# 343-348
name=unknown_A
#
# <colnr> <probs for GDERKNQSTAVLIFYWHMCP>
#	G	D	E	R	K	N	Q	S	T	A	V	L	I	F	Y	W	H	M	C	P
0	0.02486	0.02305	0.03400	0.02428	0.03494	0.01859	0.11648	0.03105	0.02486	0.03776	0.02131	0.02573	0.01732	0.00888	0.00975	0.00221	0.01105	0.00841	0.00667	0.51883
1	0.01539	0.01063	0.01314	0.01464	0.01502	0.01026	0.00913	0.01651	0.01989	0.02653	0.05194	0.35876	0.06157	0.28229	0.03450	0.00763	0.00875	0.02591	0.00913	0.00838
2	0.42114	0.02378	0.02256	0.01860	0.02658	0.02599	0.01534	0.12198	0.02922	0.15944	0.02484	0.02508	0.01746	0.01217	0.00900	0.00358	0.00990	0.00825	0.00959	0.01550
3	0.02353	0.14363	0.02656	0.01698	0.02190	0.02080	0.01378	0.03075	0.07917	0.07281	0.16119	0.15439	0.09048	0.02099	0.01168	0.00356	0.00802	0.01777	0.06907	0.01293
4	0.01770	0.01242	0.01516	0.01510	0.01747	0.01216	0.01087	0.02426	0.06735	0.04060	0.27346	0.18705	0.08037	0.07251	0.01694	0.00444	0.00656	0.02140	0.09327	0.01091
5	0.01826	0.01619	0.02643	0.02159	0.02661	0.01479	0.11379	0.02410	0.03018	0.04094	0.31025	0.08051	0.18534	0.02202	0.01373	0.00378	0.00872	0.02025	0.01079	0.01175

[dist]
# distance from previous block
# <min> <max>
0	1

[block]
# block no. 1 follows, 10 sequences, length 12
# corresponding to MSA columns:
# 350-361
name=unknown_B
#
# <colnr> <probs for GDERKNQSTAVLIFYWHMCP>
#	G	D	E	R	K	N	Q	S	T	A	V	L	I	F	Y	W	H	M	C	P
0	0.02383	0.02067	0.02556	0.09031	0.03459	0.01689	0.01626	0.02934	0.02400	0.03680	0.02067	0.02504	0.01700	0.00902	0.00902	0.00201	0.00954	0.00735	0.00666	0.57545
1	0.01552	0.01069	0.01310	0.01447	0.01481	0.01035	0.00895	0.01655	0.01963	0.02618	0.05059	0.33392	0.05988	0.30945	0.03667	0.00795	0.00898	0.02512	0.00895	0.00827
2	0.17267	0.06885	0.03134	0.02923	0.11794	0.02624	0.01997	0.12693	0.03265	0.14025	0.09161	0.03550	0.03134	0.01370	0.01063	0.00347	0.01062	0.01087	0.00975	0.01644
3	0.02723	0.08313	0.08611	0.23883	0.05173	0.02553	0.02572	0.03711	0.07602	0.08412	0.02568	0.03003	0.01919	0.01157	0.01062	0.00330	0.01285	0.00955	0.00710	0.13457
4	0.02482	0.02263	0.02937	0.06760	0.03454	0.07233	0.07949	0.07661	0.02836	0.03679	0.03906	0.15309	0.03964	0.02792	0.06746	0.00554	0.01472	0.10311	0.00848	0.06846
5	0.03719	0.14126	0.07983	0.08544	0.08835	0.02571	0.02320	0.04298	0.02796	0.23466	0.03021	0.03061	0.02121	0.01197	0.01048	0.00323	0.01194	0.00961	0.00910	0.07506
6	0.14995	0.02556	0.07581	0.09928	0.08719	0.02462	0.02290	0.08184	0.02873	0.09341	0.11086	0.03792	0.03384	0.01477	0.01348	0.00376	0.06111	0.01147	0.00858	0.01492
7	0.02139	0.01670	0.02203	0.14676	0.03477	0.01733	0.01676	0.02908	0.06439	0.03639	0.08179	0.04438	0.03404	0.07197	0.06560	0.00528	0.01178	0.01192	0.12427	0.14340
8	0.02909	0.08594	0.14965	0.12310	0.04387	0.02526	0.02579	0.08040	0.02806	0.08825	0.02358	0.02692	0.01754	0.01100	0.01025	0.00302	0.01281	0.00871	0.00717	0.19958
9	0.02290	0.01665	0.02162	0.11597	0.03236	0.01763	0.01676	0.03350	0.12751	0.08673	0.13487	0.17905	0.10251	0.02242	0.01300	0.00402	0.00886	0.01960	0.01072	0.01333
10	0.02944	0.12474	0.02829	0.01867	0.02496	0.02266	0.01532	0.08027	0.07994	0.13423	0.10090	0.12551	0.12789	0.02028	0.01192	0.00363	0.00900	0.01682	0.01082	0.01468
11	0.03342	0.02928	0.08542	0.03027	0.08311	0.07456	0.07102	0.04260	0.07712	0.16307	0.09578	0.03937	0.03407	0.01374	0.01170	0.00343	0.01246	0.01197	0.00956	0.07805

[dist]
# distance from previous block
# <min> <max>
0	13

[block]
# block no. 2 follows, 10 sequences, length 10
# corresponding to MSA columns:
# 375-384
name=unknown_C
#
# <colnr> <probs for GDERKNQSTAVLIFYWHMCP>
#	G	D	E	R	K	N	Q	S	T	A	V	L	I	F	Y	W	H	M	C	P
0	0.11249	0.10927	0.11820	0.10246	0.08600	0.02513	0.02419	0.03419	0.02553	0.09687	0.07692	0.08108	0.03182	0.01479	0.01084	0.00358	0.01185	0.01215	0.00782	0.01479
1	0.02850	0.10229	0.11651	0.07624	0.03579	0.02350	0.02212	0.07855	0.02807	0.10733	0.03436	0.15414	0.03183	0.01722	0.01135	0.00351	0.01147	0.01445	0.00858	0.09418
2	0.11101	0.07385	0.07972	0.15444	0.07818	0.02343	0.02268	0.03273	0.02478	0.06884	0.05947	0.03261	0.02469	0.01212	0.01005	0.00325	0.01145	0.00978	0.07356	0.09335
3	0.02653	0.02025	0.03157	0.11997	0.07264	0.01998	0.07949	0.06459	0.02658	0.08468	0.03268	0.13926	0.03043	0.01912	0.01555	0.07113	0.01185	0.01485	0.00808	0.11078
4	0.03510	0.01983	0.02603	0.02087	0.02768	0.01891	0.01684	0.03915	0.02672	0.24368	0.03580	0.09932	0.02912	0.01650	0.01578	0.00347	0.10568	0.01270	0.01026	0.19657
5	0.20507	0.22570	0.11410	0.09297	0.03821	0.03403	0.02327	0.07996	0.02586	0.04058	0.01869	0.02219	0.01484	0.01098	0.00891	0.00326	0.01266	0.00758	0.00628	0.01487
6	0.03295	0.29665	0.08994	0.10634	0.08794	0.03392	0.02476	0.03859	0.02582	0.12692	0.02360	0.02608	0.01805	0.01120	0.00962	0.00311	0.01294	0.00851	0.00691	0.01613
7	0.01580	0.01252	0.01467	0.01431	0.01794	0.01071	0.01047	0.01931	0.02637	0.03498	0.17277	0.22483	0.24384	0.02744	0.01337	0.00380	0.00640	0.02383	0.01070	0.09595
8	0.16899	0.01772	0.02123	0.01807	0.02450	0.01688	0.01434	0.04083	0.02857	0.28485	0.09995	0.13488	0.04365	0.01860	0.01156	0.00380	0.00863	0.01541	0.01210	0.01545
9	0.02220	0.02748	0.12039	0.47194	0.07497	0.02604	0.03414	0.03094	0.02348	0.03094	0.02071	0.02990	0.01537	0.01153	0.01153	0.00384	0.01579	0.01004	0.00512	0.01366

[dist]
# distance from previous block
# <min> <max>
0	2

[block]
# block no. 3 follows, 10 sequences, length 31
# corresponding to MSA columns:
# 387-417
name=unknown_D
#
# <colnr> <probs for GDERKNQSTAVLIFYWHMCP>
#	G	D	E	R	K	N	Q	S	T	A	V	L	I	F	Y	W	H	M	C	P
0	0.03020	0.07437	0.13277	0.08241	0.04744	0.02970	0.16190	0.14898	0.03296	0.04564	0.02483	0.02953	0.01850	0.01165	0.01151	0.00354	0.01512	0.01084	0.07193	0.01621
1	0.02793	0.01267	0.01415	0.01286	0.01686	0.01212	0.00997	0.03316	0.02621	0.14241	0.03957	0.04259	0.02960	0.01372	0.00886	0.00289	0.00634	0.01102	0.52440	0.01267
2	0.09371	0.01652	0.02076	0.01822	0.02202	0.01746	0.01383	0.03230	0.02251	0.17711	0.03423	0.04870	0.03012	0.20804	0.13298	0.00908	0.06812	0.01278	0.00890	0.01260
3	0.29597	0.02915	0.12629	0.02108	0.03103	0.02274	0.02059	0.04357	0.02607	0.23562	0.02883	0.02819	0.01940	0.01226	0.00976	0.00362	0.01103	0.00889	0.00956	0.01637
4	0.01611	0.01198	0.01763	0.01818	0.01997	0.01349	0.01377	0.01983	0.01942	0.02755	0.03790	0.15592	0.03888	0.07682	0.43651	0.01583	0.02615	0.01668	0.00717	0.01019
5	0.02327	0.01349	0.01718	0.01534	0.01958	0.01201	0.01182	0.02807	0.03179	0.14214	0.34237	0.08192	0.16953	0.02293	0.01331	0.00370	0.00647	0.01978	0.01275	0.01256
6	0.04327	0.03739	0.03006	0.02527	0.03247	0.24336	0.01984	0.16583	0.03815	0.14439	0.02842	0.02893	0.02061	0.01318	0.01082	0.00323	0.01490	0.00951	0.07413	0.01624
7	0.12885	0.01725	0.02145	0.01890	0.02502	0.01677	0.01565	0.04015	0.02762	0.25853	0.04249	0.05635	0.03438	0.02503	0.06730	0.00545	0.01172	0.09876	0.07327	0.01505
8	0.15574	0.01580	0.01901	0.01780	0.02077	0.01767	0.01348	0.02619	0.02000	0.08102	0.03083	0.09115	0.02987	0.12237	0.16272	0.07760	0.06633	0.01323	0.00756	0.01086
9	0.02950	0.01480	0.01686	0.01472	0.01933	0.01448	0.01155	0.07476	0.02988	0.14552	0.08601	0.04549	0.03665	0.01478	0.00974	0.00306	0.00703	0.01200	0.40030	0.01352
10	0.19149	0.02785	0.07191	0.07112	0.03418	0.07276	0.02040	0.08449	0.02994	0.14407	0.07293	0.04047	0.03023	0.01485	0.01092	0.00370	0.01189	0.04234	0.00939	0.01507
11	0.02075	0.01394	0.01920	0.12712	0.02954	0.01448	0.01441	0.02405	0.02343	0.07633	0.12485	0.13909	0.05285	0.23502	0.03032	0.00671	0.01030	0.01817	0.00894	0.01050
12	0.03538	0.18095	0.11535	0.08084	0.04219	0.07817	0.07203	0.08310	0.02994	0.13684	0.02545	0.02746	0.01855	0.01174	0.01060	0.00332	0.01448	0.00940	0.00774	0.01646
13	0.02996	0.08682	0.17710	0.10635	0.04591	0.02663	0.07520	0.03782	0.02556	0.12602	0.02484	0.02851	0.01810	0.01213	0.01342	0.00354	0.06467	0.00972	0.00705	0.08068
14	0.02826	0.15324	0.08472	0.12775	0.03879	0.07486	0.02247	0.03288	0.02351	0.07584	0.02464	0.03628	0.02199	0.13108	0.02277	0.00507	0.06566	0.01046	0.00644	0.01328
15	0.54819	0.02318	0.01984	0.01696	0.02455	0.02611	0.01398	0.07929	0.02455	0.10376	0.02042	0.02192	0.01498	0.01148	0.00809	0.00359	0.00946	0.00726	0.00837	0.01404
16	0.01936	0.01040	0.01452	0.01452	0.01452	0.01040	0.00932	0.01560	0.01560	0.02081	0.02442	0.04582	0.02587	0.18187	0.04898	0.49460	0.01040	0.01185	0.00556	0.00556
17	0.16069	0.02219	0.02288	0.06909	0.03023	0.06013	0.01708	0.07762	0.07358	0.08880	0.12076	0.05540	0.07650	0.01788	0.01164	0.00382	0.01030	0.05748	0.01002	0.01389
18	0.02014	0.01069	0.01138	0.01194	0.01423	0.01055	0.00868	0.02487	0.02396	0.04056	0.04330	0.15407	0.03946	0.01824	0.00951	0.00312	0.00569	0.01539	0.52366	0.01055
19	0.09133	0.01887	0.02106	0.01758	0.02333	0.01889	0.01361	0.12278	0.03120	0.17352	0.04741	0.05370	0.09879	0.13429	0.02098	0.00512	0.00969	0.01382	0.06975	0.01426
20	0.02245	0.13286	0.02561	0.01804	0.02191	0.01941	0.01393	0.02785	0.06667	0.07634	0.05110	0.36920	0.05607	0.02712	0.01277	0.00409	0.00842	0.02381	0.01003	0.01233
21	0.02014	0.01069	0.01138	0.01194	0.01423	0.01055	0.00868	0.02487	0.02396	0.04056	0.04330	0.15407	0.03946	0.01824	0.00951	0.00312	0.00569	0.01539	0.52366	0.01055
22	0.48815	0.02431	0.02164	0.01813	0.02593	0.02732	0.01495	0.12756	0.02817	0.09955	0.02129	0.02262	0.01554	0.01177	0.00851	0.00358	0.00986	0.00764	0.00876	0.01472
23	0.03303	0.03006	0.08681	0.08110	0.04260	0.06284	0.11601	0.08136	0.07261	0.12713	0.02987	0.03283	0.02172	0.01314	0.01361	0.00371	0.05561	0.01120	0.06869	0.01609
24	0.08946	0.01877	0.05734	0.01796	0.02356	0.01610	0.01514	0.03424	0.02538	0.18344	0.08298	0.04806	0.03643	0.11163	0.11506	0.00738	0.01352	0.01270	0.07728	0.01355
25	0.03795	0.03809	0.03051	0.02633	0.03315	0.23231	0.02048	0.16846	0.15832	0.04738	0.06462	0.03350	0.02854	0.01437	0.01139	0.00343	0.01455	0.01076	0.00955	0.01630
26	0.03048	0.13562	0.08732	0.02937	0.11319	0.02436	0.02221	0.03604	0.02579	0.13441	0.02991	0.07973	0.02540	0.01878	0.04878	0.00424	0.01284	0.01131	0.00797	0.12223
27	0.01952	0.02094	0.12051	0.01850	0.02224	0.01437	0.01642	0.02069	0.01796	0.02500	0.02623	0.04599	0.02638	0.19833	0.09455	0.27189	0.01409	0.01201	0.00572	0.00867
28	0.03124	0.06520	0.03370	0.12875	0.12142	0.02606	0.02328	0.15021	0.03299	0.09438	0.03400	0.14304	0.03106	0.01728	0.01197	0.00374	0.01190	0.01487	0.00908	0.01583
29	0.03482	0.13372	0.03684	0.07835	0.03752	0.07268	0.02161	0.19221	0.18131	0.04961	0.03032	0.03081	0.02297	0.01341	0.01085	0.00345	0.01250	0.01029	0.00942	0.01732
30	0.10116	0.06305	0.06471	0.06008	0.03209	0.02056	0.01901	0.04233	0.02842	0.27238	0.08439	0.03979	0.03263	0.02123	0.06227	0.00500	0.01252	0.01148	0.01067	0.01620

[dist]
# distance from previous block
# <min> <max>
0	8

[block]
# block no. 4 follows, 10 sequences, length 12
# corresponding to MSA columns:
# 426-437
name=unknown_E
#
# <colnr> <probs for GDERKNQSTAVLIFYWHMCP>
#	G	D	E	R	K	N	Q	S	T	A	V	L	I	F	Y	W	H	M	C	P
0	0.13513	0.08793	0.07842	0.07441	0.12084	0.02330	0.02249	0.02899	0.02356	0.03610	0.03453	0.17077	0.03577	0.01921	0.01157	0.00394	0.01125	0.06081	0.00754	0.01344
1	0.13975	0.03507	0.09961	0.14339	0.08506	0.13364	0.07463	0.03614	0.02564	0.03648	0.01977	0.02521	0.01542	0.01090	0.01049	0.00339	0.01541	0.00887	0.00594	0.07519
2	0.11252	0.02750	0.08105	0.08855	0.07935	0.02491	0.06576	0.11871	0.02899	0.04363	0.02185	0.02734	0.01716	0.01436	0.01448	0.07753	0.01274	0.00937	0.00708	0.12710
3	0.02067	0.01869	0.03097	0.43175	0.06577	0.02311	0.02801	0.02755	0.02215	0.02906	0.02320	0.03455	0.01878	0.02989	0.14051	0.00745	0.01928	0.01085	0.00542	0.01231
4	0.01661	0.01246	0.01869	0.01869	0.02077	0.01454	0.01454	0.02077	0.01869	0.02700	0.03115	0.04569	0.02908	0.08723	0.54517	0.01869	0.03115	0.01246	0.00623	0.01038
5	0.18814	0.02357	0.03317	0.08293	0.12253	0.02454	0.07082	0.07659	0.02841	0.13074	0.02987	0.04029	0.02410	0.01402	0.01128	0.00382	0.01229	0.05850	0.00869	0.01570
6	0.02618	0.01990	0.03065	0.22131	0.13372	0.02061	0.02418	0.03256	0.02736	0.10055	0.13195	0.04318	0.03861	0.01408	0.01173	0.00347	0.01149	0.01247	0.00834	0.08765
7	0.28981	0.02868	0.02595	0.02520	0.07426	0.11501	0.01808	0.09570	0.02999	0.10003	0.07012	0.03022	0.02571	0.01302	0.00988	0.00347	0.01178	0.00945	0.00875	0.01486
8	0.03249	0.02116	0.02515	0.01977	0.02795	0.01909	0.01570	0.12689	0.03211	0.14644	0.03493	0.12418	0.03043	0.01572	0.01096	0.00300	0.00944	0.01314	0.01013	0.28133
9	0.10141	0.09571	0.15256	0.17177	0.04764	0.02784	0.02799	0.03695	0.02443	0.11878	0.02353	0.02768	0.01719	0.01250	0.01303	0.00371	0.06588	0.00923	0.00689	0.01529
10	0.02911	0.02527	0.07875	0.18217	0.09717	0.02423	0.02572	0.11896	0.02928	0.08220	0.02543	0.03230	0.01969	0.02325	0.06794	0.09077	0.01528	0.01050	0.00738	0.01460
11	0.02454	0.02342	0.02228	0.08020	0.03025	0.10892	0.01663	0.07251	0.08210	0.03625	0.06037	0.18359	0.16679	0.02308	0.01279	0.00391	0.01081	0.01940	0.00953	0.01263

[dist]
# distance from previous block
# <min> <max>
0	16

[block]
# block no. 5 follows, 10 sequences, length 19
# corresponding to MSA columns:
# 454-472
name=unknown_F
#
# <colnr> <probs for GDERKNQSTAVLIFYWHMCP>
#	G	D	E	R	K	N	Q	S	T	A	V	L	I	F	Y	W	H	M	C	P
0	0.01526	0.01023	0.01311	0.01542	0.01639	0.00965	0.01041	0.01778	0.02258	0.03168	0.06030	0.50504	0.07007	0.03311	0.01387	0.00443	0.00655	0.02983	0.10466	0.00965
1	0.02412	0.02067	0.02412	0.01723	0.02756	0.01550	0.01378	0.02929	0.02412	0.03790	0.02067	0.02412	0.01723	0.00861	0.00861	0.00172	0.00861	0.00689	0.00689	0.66236
2	0.12699	0.05415	0.44905	0.03030	0.04590	0.02686	0.03813	0.03641	0.02380	0.03928	0.02013	0.02365	0.01439	0.01101	0.01044	0.00367	0.01588	0.00823	0.00528	0.01646
3	0.01860	0.01197	0.01476	0.01510	0.01801	0.01063	0.01091	0.02169	0.02636	0.08795	0.14399	0.30466	0.21183	0.02998	0.01399	0.00420	0.00665	0.02630	0.01149	0.01093
4	0.09139	0.11379	0.03557	0.16286	0.11188	0.02708	0.02322	0.06959	0.02779	0.13252	0.02662	0.03012	0.01970	0.01197	0.01025	0.00338	0.01201	0.00963	0.06498	0.01565
5	0.07915	0.02474	0.07673	0.14885	0.04221	0.02286	0.02306	0.06731	0.02751	0.17011	0.03074	0.07530	0.02422	0.01490	0.01353	0.00371	0.05973	0.01176	0.00883	0.07473
6	0.08862	0.03361	0.14986	0.02642	0.03684	0.02603	0.06358	0.16821	0.03324	0.04878	0.02760	0.08775	0.02366	0.01422	0.01113	0.00343	0.01272	0.01184	0.00824	0.12422
7	0.02887	0.02671	0.11030	0.02265	0.03094	0.02072	0.02072	0.03851	0.09181	0.13337	0.03522	0.11151	0.03015	0.01636	0.01385	0.00350	0.06437	0.01313	0.00912	0.17819
8	0.02520	0.01843	0.02151	0.02011	0.02333	0.06659	0.01549	0.02897	0.02502	0.11026	0.10673	0.14190	0.04667	0.04422	0.19243	0.00891	0.06619	0.01656	0.00917	0.01231
9	0.02931	0.14910	0.36731	0.02881	0.04341	0.02880	0.03476	0.03964	0.02578	0.11328	0.02403	0.02591	0.01701	0.01139	0.01052	0.00346	0.01518	0.00867	0.00643	0.01720
10	0.03108	0.01793	0.02128	0.01820	0.02338	0.01779	0.01380	0.07705	0.10474	0.18083	0.11608	0.06058	0.08338	0.15413	0.02345	0.00550	0.00940	0.01546	0.01148	0.01445
11	0.02900	0.19337	0.07288	0.01912	0.02639	0.02383	0.01743	0.03351	0.02701	0.14661	0.09703	0.14202	0.08801	0.01924	0.01136	0.00351	0.00981	0.01592	0.00963	0.01432
12	0.01778	0.01127	0.01370	0.01366	0.01606	0.01069	0.01003	0.02269	0.02847	0.04288	0.28786	0.15205	0.07871	0.02249	0.01209	0.00352	0.00567	0.01966	0.22004	0.01069
13	0.11050	0.02855	0.10690	0.02235	0.03273	0.02215	0.02086	0.10775	0.03188	0.24324	0.03151	0.03045	0.02139	0.01237	0.01054	0.00326	0.01115	0.00957	0.01035	0.13247
14	0.02458	0.02309	0.08503	0.06881	0.03572	0.01921	0.09200	0.06852	0.02885	0.08595	0.10751	0.21716	0.05051	0.02146	0.01324	0.00404	0.01133	0.01967	0.00961	0.01371
15	0.02422	0.11991	0.23440	0.02466	0.03578	0.02596	0.02678	0.03704	0.10130	0.03920	0.11154	0.03770	0.03519	0.01363	0.01085	0.00333	0.01220	0.01099	0.00764	0.08767
16	0.13225	0.02129	0.05689	0.07132	0.03122	0.01906	0.01770	0.03743	0.06255	0.15839	0.16579	0.04664	0.04616	0.01556	0.01124	0.00351	0.00939	0.01280	0.01043	0.07037
17	0.03014	0.01712	0.02224	0.07884	0.03005	0.01688	0.01616	0.03859	0.09690	0.20171	0.10160	0.14598	0.11258	0.02104	0.01273	0.00392	0.00890	0.01808	0.01173	0.01482
18	0.13039	0.12390	0.03073	0.02430	0.07339	0.02743	0.01777	0.09732	0.10799	0.04321	0.04193	0.11775	0.08356	0.01770	0.01091	0.00363	0.00997	0.01435	0.00900	0.01480

[dist]
# distance from previous block
# <min> <max>
2	34

[block]
# block no. 6 follows, 10 sequences, length 14
# corresponding to MSA columns:
# 514-527
name=unknown_G
#
# <colnr> <probs for GDERKNQSTAVLIFYWHMCP>
#	G	D	E	R	K	N	Q	S	T	A	V	L	I	F	Y	W	H	M	C	P
0	0.02838	0.02967	0.13249	0.08802	0.03913	0.02312	0.02425	0.09397	0.09122	0.08721	0.06909	0.04306	0.03152	0.01472	0.01157	0.00352	0.01188	0.04590	0.00897	0.12231
1	0.02505	0.06716	0.03080	0.09143	0.03510	0.02281	0.06272	0.12002	0.03281	0.04350	0.13854	0.10212	0.09008	0.02016	0.01288	0.00389	0.01098	0.06667	0.00970	0.01358
2	0.18513	0.09579	0.12477	0.09204	0.03913	0.03026	0.02398	0.09304	0.12682	0.04542	0.02562	0.02773	0.01933	0.01229	0.01002	0.00359	0.01224	0.00918	0.00777	0.01584
3	0.03609	0.02937	0.02622	0.02228	0.02897	0.14994	0.01742	0.10112	0.11048	0.12753	0.07945	0.03793	0.03241	0.01434	0.01097	0.00325	0.01185	0.01118	0.08292	0.06627
4	0.25115	0.02241	0.02523	0.08073	0.03359	0.02386	0.01788	0.08372	0.07474	0.22788	0.03181	0.03113	0.02181	0.01299	0.01021	0.00365	0.01042	0.00979	0.01049	0.01651
5	0.02359	0.02067	0.02677	0.15167	0.04050	0.01805	0.01834	0.02939	0.02391	0.03588	0.02067	0.02581	0.01680	0.00936	0.00936	0.00225	0.01031	0.00774	0.00647	0.50247
6	0.03091	0.01752	0.02166	0.01910	0.02484	0.01709	0.01528	0.04184	0.13408	0.20172	0.16799	0.06921	0.10135	0.02043	0.01291	0.00392	0.00838	0.06373	0.01268	0.01536
7	0.01662	0.01301	0.01842	0.08707	0.02640	0.01380	0.01466	0.02124	0.02482	0.03393	0.18463	0.12469	0.11788	0.04588	0.19397	0.00894	0.01569	0.01853	0.00910	0.01071
8	0.01563	0.01125	0.01480	0.01520	0.01719	0.01042	0.01091	0.01986	0.02906	0.04049	0.34999	0.26698	0.09784	0.02837	0.01413	0.00404	0.00594	0.02539	0.01208	0.01042
9	0.04719	0.01875	0.02502	0.01954	0.02787	0.01615	0.01602	0.05149	0.03241	0.46245	0.05522	0.04898	0.09179	0.01635	0.01196	0.00364	0.00938	0.01336	0.01393	0.01850
10	0.01439	0.01054	0.01352	0.01545	0.01678	0.00968	0.01057	0.01694	0.02407	0.03193	0.12428	0.46455	0.13645	0.03404	0.01457	0.00450	0.00649	0.03055	0.01104	0.00968
11	0.01566	0.01186	0.01444	0.01379	0.01689	0.01063	0.01035	0.02040	0.03104	0.04216	0.39651	0.09424	0.22860	0.02545	0.01373	0.00374	0.00561	0.02207	0.01221	0.01063
12	0.03109	0.59826	0.06095	0.01990	0.02985	0.04602	0.01990	0.03483	0.02363	0.02736	0.01617	0.01866	0.01493	0.00995	0.00746	0.00249	0.01244	0.00622	0.00498	0.01493
13	0.02271	0.01599	0.01916	0.01845	0.02223	0.01647	0.01373	0.03528	0.17061	0.08498	0.17942	0.23514	0.06892	0.02472	0.01334	0.00410	0.00744	0.02181	0.01198	0.01352

[dist]
# distance from previous block
# <min> <max>
3	8

[block]
# block no. 7 follows, 10 sequences, length 19
# corresponding to MSA columns:
# 536-554
name=unknown_H
#
# <colnr> <probs for GDERKNQSTAVLIFYWHMCP>
#	G	D	E	R	K	N	Q	S	T	A	V	L	I	F	Y	W	H	M	C	P
0	0.12535	0.04369	0.31762	0.02681	0.04041	0.02404	0.03114	0.03938	0.02540	0.12846	0.02471	0.02641	0.01720	0.01140	0.01038	0.00348	0.01388	0.00867	0.00716	0.07442
1	0.07990	0.04577	0.32272	0.02783	0.04178	0.02619	0.03206	0.10115	0.02857	0.04371	0.02150	0.02451	0.01576	0.01102	0.01038	0.00329	0.01430	0.00837	0.00646	0.13473
2	0.06865	0.01530	0.01875	0.01687	0.02123	0.01559	0.01304	0.03405	0.06196	0.15057	0.09461	0.04964	0.03949	0.08379	0.14110	0.00771	0.01358	0.01308	0.12782	0.01318
3	0.01591	0.01072	0.01323	0.01455	0.01626	0.01001	0.01017	0.01927	0.02497	0.03541	0.14584	0.35313	0.11326	0.02936	0.01332	0.00409	0.00620	0.02608	0.12821	0.01001
4	0.03016	0.16181	0.34396	0.02820	0.04243	0.02905	0.03358	0.04004	0.02596	0.12417	0.02448	0.02610	0.01733	0.01144	0.01044	0.00343	0.01490	0.00868	0.00665	0.01720
5	0.02443	0.01314	0.01705	0.01654	0.02014	0.01171	0.01219	0.02766	0.02709	0.16332	0.12134	0.30987	0.13317	0.02805	0.01371	0.00418	0.00730	0.02470	0.01199	0.01242
6	0.02661	0.01666	0.02058	0.01789	0.02256	0.01631	0.01390	0.10999	0.03591	0.12127	0.31165	0.11698	0.07815	0.02181	0.01315	0.00372	0.00760	0.01888	0.01263	0.01374
7	0.02553	0.02257	0.03704	0.20168	0.30068	0.02406	0.02970	0.03241	0.02517	0.03659	0.02446	0.03208	0.01966	0.01131	0.01093	0.00344	0.01277	0.01044	0.12401	0.01546
8	0.04117	0.02463	0.02862	0.02301	0.03065	0.02549	0.01854	0.26766	0.04232	0.20266	0.03993	0.13230	0.03288	0.01817	0.01224	0.00375	0.01082	0.01494	0.01232	0.01791
9	0.12588	0.02202	0.02697	0.02094	0.02977	0.02100	0.01730	0.11692	0.03484	0.40211	0.03963	0.03536	0.02550	0.01390	0.01114	0.00358	0.01022	0.01086	0.01312	0.01892
10	0.02028	0.01191	0.01591	0.01655	0.01888	0.01089	0.01177	0.02336	0.02602	0.10698	0.15031	0.40425	0.07627	0.03065	0.01415	0.00434	0.00697	0.02750	0.01173	0.01129
11	0.07857	0.02033	0.06487	0.02013	0.02523	0.01785	0.01713	0.07245	0.06704	0.07254	0.10384	0.22604	0.05641	0.02456	0.01314	0.00425	0.00929	0.08257	0.01059	0.01317
12	0.05074	0.02211	0.02843	0.02179	0.03085	0.02054	0.01800	0.13348	0.03717	0.44448	0.04262	0.03747	0.02715	0.01432	0.01168	0.00358	0.01042	0.01147	0.01389	0.01979
13	0.16535	0.02028	0.02519	0.01971	0.02838	0.01873	0.01627	0.05258	0.03083	0.44031	0.04048	0.03582	0.02584	0.01374	0.01088	0.00360	0.00973	0.01071	0.01308	0.01848
14	0.01567	0.01162	0.01478	0.01575	0.01812	0.01074	0.01191	0.01961	0.02742	0.03652	0.22142	0.24506	0.17253	0.03012	0.01448	0.00433	0.00688	0.10135	0.01144	0.01025
15	0.02333	0.06016	0.53100	0.03315	0.05034	0.02701	0.04297	0.03683	0.02455	0.03683	0.02087	0.02455	0.01473	0.01105	0.01105	0.00368	0.01719	0.00859	0.00491	0.01719
16	0.05218	0.01979	0.02699	0.02069	0.02969	0.01709	0.01709	0.05668	0.03329	0.52677	0.04588	0.03959	0.02879	0.01439	0.01170	0.00360	0.00990	0.01170	0.01439	0.01979
17	0.02189	0.01250	0.01667	0.01647	0.01938	0.01137	0.01201	0.02557	0.02797	0.12613	0.21640	0.31216	0.07954	0.02803	0.01388	0.00415	0.00688	0.02500	0.01215	0.01186
18	0.15711	0.12761	0.03101	0.01875	0.02824	0.02620	0.01589	0.09829	0.02772	0.04408	0.02005	0.02266	0.01627	0.01008	0.00857	0.00250	0.01001	0.00718	0.00731	0.32048

[dist]
# distance from previous block
# <min> <max>
0	6

[block]
# block no. 8 follows, 10 sequences, length 14
# corresponding to MSA columns:
# 561-574
name=unknown_I
#
# <colnr> <probs for GDERKNQSTAVLIFYWHMCP>
#	G	D	E	R	K	N	Q	S	T	A	V	L	I	F	Y	W	H	M	C	P
0	0.03084	0.03227	0.15332	0.02355	0.03484	0.02248	0.02307	0.08776	0.08669	0.11538	0.02850	0.02929	0.02082	0.01154	0.01040	0.00296	0.01148	0.00918	0.00862	0.25700
1	0.18180	0.27562	0.03521	0.01638	0.02339	0.03020	0.01477	0.03167	0.02391	0.03872	0.07638	0.03136	0.02803	0.01243	0.00824	0.00293	0.00941	0.00884	0.13762	0.01310
2	0.11857	0.02087	0.02578	0.02053	0.02896	0.01986	0.01678	0.05491	0.10076	0.40238	0.04276	0.03783	0.02797	0.01420	0.01121	0.00365	0.00969	0.01130	0.01321	0.01878
3	0.01892	0.01593	0.02316	0.22432	0.04245	0.01803	0.01987	0.02688	0.08068	0.03201	0.04561	0.30840	0.04861	0.02452	0.01326	0.00431	0.01036	0.02202	0.00879	0.01186
4	0.01691	0.01128	0.01268	0.01268	0.01268	0.01128	0.00705	0.01691	0.01691	0.02255	0.03665	0.07611	0.04228	0.59126	0.05920	0.01128	0.01128	0.01691	0.00705	0.00705
5	0.45066	0.02037	0.01886	0.01628	0.02318	0.02203	0.01326	0.03690	0.02446	0.14697	0.09592	0.03316	0.03029	0.01345	0.00907	0.00361	0.00866	0.00957	0.00948	0.01380
6	0.01466	0.01089	0.01368	0.01494	0.01677	0.00990	0.01046	0.01774	0.02577	0.03428	0.18722	0.36708	0.17020	0.03190	0.01435	0.00430	0.00626	0.02838	0.01130	0.00990
7	0.02050	0.01292	0.01683	0.01681	0.01987	0.01207	0.01314	0.02477	0.02819	0.08987	0.21674	0.14061	0.11797	0.08081	0.01858	0.00496	0.00808	0.13456	0.01149	0.01123
8	0.03322	0.02711	0.02871	0.02454	0.03188	0.03093	0.01945	0.17910	0.37341	0.05557	0.04189	0.03905	0.03109	0.01527	0.01178	0.00382	0.01021	0.01240	0.01178	0.01879
9	0.01684	0.01158	0.01422	0.01422	0.01476	0.01211	0.00897	0.01790	0.01737	0.02369	0.03524	0.06831	0.03890	0.46210	0.18373	0.01318	0.01637	0.01577	0.00684	0.00790
10	0.16777	0.14041	0.03448	0.11581	0.03834	0.08480	0.02044	0.08169	0.02884	0.14766	0.02483	0.02661	0.01808	0.01199	0.00979	0.00335	0.01266	0.00870	0.00828	0.01548
11	0.31982	0.22644	0.03610	0.01925	0.02784	0.03511	0.01710	0.12535	0.02826	0.04779	0.01858	0.02065	0.01488	0.01115	0.00820	0.00319	0.01098	0.00712	0.00732	0.01488
12	0.10502	0.08893	0.15997	0.11724	0.09667	0.02934	0.16993	0.03528	0.02478	0.03698	0.02075	0.02679	0.01586	0.01055	0.01120	0.00364	0.01592	0.01011	0.00562	0.01542
13	0.01738	0.01989	0.09160	0.01775	0.02290	0.01440	0.01577	0.02518	0.07180	0.03726	0.18281	0.18811	0.19976	0.02552	0.01339	0.00400	0.00797	0.02206	0.01052	0.01194

[dist]
# distance from previous block
# <min> <max>
0	4

[block]
# block no. 9 follows, 10 sequences, length 11
# corresponding to MSA columns:
# 579-589
name=unknown_J
#
# <colnr> <probs for GDERKNQSTAVLIFYWHMCP>
#	G	D	E	R	K	N	Q	S	T	A	V	L	I	F	Y	W	H	M	C	P
0	0.18976	0.08949	0.07540	0.02593	0.03549	0.02857	0.09412	0.09512	0.07559	0.13979	0.02796	0.02884	0.02008	0.01213	0.01045	0.00356	0.01239	0.00990	0.00894	0.01653
1	0.02002	0.01951	0.09919	0.01861	0.02265	0.01348	0.01582	0.02371	0.02251	0.07812	0.04904	0.32400	0.05419	0.15563	0.02395	0.00592	0.00979	0.02331	0.00934	0.01119
2	0.02864	0.02065	0.02874	0.08827	0.03383	0.02487	0.02112	0.07903	0.02521	0.11423	0.02724	0.03502	0.02231	0.03860	0.18663	0.00879	0.18400	0.01119	0.00768	0.01392
3	0.02799	0.39093	0.05504	0.02477	0.03390	0.03703	0.10827	0.03320	0.02590	0.03246	0.09872	0.03230	0.03095	0.01218	0.00972	0.00296	0.01271	0.01012	0.00643	0.01443
4	0.01683	0.01231	0.01552	0.01493	0.01756	0.01116	0.01059	0.02062	0.02705	0.03807	0.28522	0.18769	0.08190	0.11770	0.02087	0.00494	0.00703	0.02153	0.01081	0.07769
5	0.16239	0.02524	0.08547	0.07599	0.03425	0.02279	0.05433	0.09889	0.02968	0.04774	0.11080	0.03913	0.03460	0.01406	0.01058	0.00351	0.01082	0.01153	0.11426	0.01393
6	0.18970	0.08084	0.02679	0.01845	0.02653	0.02324	0.01545	0.08556	0.02934	0.21425	0.03069	0.03036	0.02167	0.01240	0.00948	0.00319	0.00959	0.00918	0.08714	0.07616
7	0.16221	0.15614	0.03772	0.08034	0.08752	0.08015	0.02184	0.12803	0.03110	0.08156	0.02209	0.02472	0.01696	0.01168	0.00971	0.00328	0.01288	0.00849	0.00770	0.01588
8	0.20075	0.16133	0.03360	0.02169	0.02920	0.16542	0.01801	0.08310	0.02968	0.07857	0.05899	0.02721	0.02332	0.01253	0.00942	0.00318	0.01309	0.00858	0.00782	0.01450
9	0.17454	0.07666	0.02943	0.02436	0.07558	0.02591	0.01786	0.10854	0.06691	0.07679	0.07683	0.03268	0.02854	0.01280	0.00995	0.00316	0.01004	0.00991	0.00891	0.13057
10	0.03152	0.02246	0.03052	0.02488	0.03086	0.02392	0.06668	0.13178	0.08087	0.12603	0.12724	0.10048	0.04520	0.01874	0.01578	0.00395	0.07703	0.01562	0.01085	0.01561

[dist]
# distance from previous block
# <min> <max>
23	40

[block]
# block no. 10 follows, 10 sequences, length 20
# corresponding to MSA columns:
# 641-660
name=unknown_K
#
# <colnr> <probs for GDERKNQSTAVLIFYWHMCP>
#	G	D	E	R	K	N	Q	S	T	A	V	L	I	F	Y	W	H	M	C	P
0	0.03395	0.01983	0.02525	0.02533	0.07946	0.02000	0.01760	0.04696	0.16870	0.20649	0.04524	0.11367	0.03630	0.01725	0.01172	0.00373	0.00916	0.01478	0.08778	0.01677
1	0.02516	0.09872	0.03123	0.13935	0.03906	0.02297	0.01908	0.06595	0.02619	0.03669	0.02539	0.08614	0.02324	0.01293	0.01005	0.00278	0.01080	0.01071	0.00707	0.30649
2	0.01895	0.01459	0.01768	0.01687	0.02020	0.01480	0.01262	0.03011	0.13580	0.04480	0.34742	0.14439	0.08863	0.02370	0.01345	0.00387	0.00649	0.02089	0.01231	0.01244
3	0.21131	0.08688	0.09482	0.01981	0.02933	0.02501	0.01866	0.07934	0.02667	0.08044	0.02295	0.02522	0.01747	0.01106	0.00891	0.00299	0.01053	0.00792	0.06027	0.16040
4	0.10755	0.09274	0.10137	0.03408	0.08997	0.02880	0.13067	0.07398	0.06687	0.12156	0.02731	0.02954	0.01993	0.01168	0.01111	0.00357	0.01378	0.01048	0.00810	0.01690
5	0.02332	0.09457	0.02671	0.14027	0.03348	0.02147	0.01706	0.06228	0.02352	0.03243	0.02726	0.04119	0.02480	0.12818	0.07850	0.08238	0.01354	0.01125	0.10659	0.01120
6	0.02879	0.02763	0.04721	0.07139	0.51871	0.02763	0.03569	0.03569	0.02648	0.03800	0.02188	0.02879	0.01842	0.01036	0.01151	0.00345	0.01382	0.01036	0.00576	0.01842
7	0.10497	0.20220	0.19761	0.02443	0.03606	0.03259	0.02604	0.08559	0.06542	0.04092	0.02186	0.02404	0.01698	0.01120	0.00948	0.00317	0.01301	0.00807	0.00666	0.06970
8	0.02864	0.08132	0.06984	0.07952	0.08940	0.02066	0.02071	0.03441	0.02877	0.15289	0.14990	0.05447	0.10753	0.01705	0.01191	0.00356	0.01024	0.01442	0.00986	0.01489
9	0.01515	0.01164	0.01405	0.01515	0.01780	0.01053	0.01149	0.01864	0.02627	0.03364	0.14626	0.24037	0.25763	0.03108	0.01447	0.00437	0.00696	0.10339	0.01105	0.01004
10	0.02889	0.02107	0.07626	0.02001	0.02612	0.01677	0.01725	0.08380	0.03177	0.16630	0.16415	0.19429	0.05961	0.02226	0.01297	0.00391	0.00907	0.01930	0.01168	0.01450
11	0.04223	0.15659	0.03938	0.02389	0.03317	0.02638	0.06789	0.04998	0.07704	0.30889	0.03666	0.03419	0.02501	0.01300	0.01094	0.00341	0.01148	0.01078	0.01101	0.01807
12	0.04823	0.02178	0.02769	0.02171	0.03041	0.02060	0.01778	0.09988	0.09833	0.41648	0.04428	0.03893	0.02879	0.01454	0.01171	0.00363	0.01009	0.01177	0.01377	0.01960
13	0.01442	0.01129	0.01306	0.01371	0.01640	0.00993	0.00987	0.01758	0.02647	0.03391	0.17967	0.25272	0.29860	0.03048	0.01408	0.00412	0.00608	0.02648	0.01120	0.00993
14	0.02503	0.17827	0.42783	0.03024	0.04584	0.03118	0.03791	0.03639	0.02435	0.03475	0.01984	0.02326	0.01478	0.01081	0.01026	0.00342	0.01615	0.00807	0.00493	0.01669
15	0.08610	0.09706	0.09987	0.02428	0.03353	0.03102	0.02215	0.14535	0.20339	0.08986	0.03320	0.03225	0.02441	0.01354	0.01079	0.00358	0.01150	0.01046	0.00989	0.01779
16	0.01673	0.01340	0.01716	0.07950	0.02554	0.01371	0.01382	0.02322	0.07918	0.03225	0.06704	0.36895	0.14572	0.02985	0.01392	0.00439	0.00789	0.02652	0.01027	0.01097
17	0.02456	0.03366	0.21154	0.08700	0.03944	0.02143	0.02636	0.07710	0.02887	0.07766	0.05510	0.05527	0.17868	0.01767	0.01211	0.00376	0.01227	0.01443	0.00832	0.01477
18	0.02911	0.01871	0.02255	0.01908	0.02499	0.01788	0.01484	0.12897	0.03394	0.12590	0.14706	0.17355	0.05453	0.02071	0.01240	0.00356	0.00861	0.01782	0.01142	0.11437
19	0.11010	0.08761	0.11286	0.02353	0.03303	0.02791	0.02213	0.13667	0.08753	0.15207	0.03064	0.03104	0.02212	0.01838	0.04968	0.00462	0.01333	0.00998	0.00958	0.01719

[dist]
# distance from previous block
# <min> <max>
1	50

[block]
# block no. 11 follows, 10 sequences, length 15
# corresponding to MSA columns:
# 712-726
name=unknown_L
#
# <colnr> <probs for GDERKNQSTAVLIFYWHMCP>
#	G	D	E	R	K	N	Q	S	T	A	V	L	I	F	Y	W	H	M	C	P
0	0.09007	0.12069	0.13709	0.02793	0.08833	0.02516	0.02407	0.04152	0.02797	0.20437	0.07415	0.03453	0.02864	0.01310	0.01067	0.00343	0.01177	0.01044	0.00918	0.01688
1	0.29531	0.07656	0.02966	0.14088	0.03975	0.08127	0.02033	0.11642	0.02862	0.04659	0.01952	0.02343	0.01500	0.01161	0.00935	0.00349	0.01263	0.00807	0.00725	0.01428
2	0.14362	0.02117	0.02581	0.13254	0.03790	0.02164	0.01864	0.07656	0.02637	0.08292	0.02396	0.02880	0.01864	0.01968	0.07112	0.00479	0.01324	0.00891	0.00763	0.21607
3	0.26341	0.02694	0.08115	0.02324	0.03162	0.02483	0.07060	0.08232	0.06870	0.08315	0.10142	0.03608	0.03249	0.01375	0.01055	0.00367	0.01101	0.01110	0.00904	0.01492
4	0.13325	0.02739	0.08150	0.17372	0.10069	0.02590	0.02534	0.07968	0.07065	0.04247	0.02330	0.02787	0.01784	0.01144	0.01038	0.00339	0.01248	0.00924	0.00708	0.11641
5	0.09054	0.03290	0.17483	0.11048	0.10088	0.02439	0.11102	0.03377	0.02461	0.03875	0.02400	0.02998	0.01826	0.01124	0.01077	0.00355	0.01408	0.01015	0.12096	0.01485
6	0.02221	0.02793	0.12609	0.46585	0.07463	0.02605	0.03426	0.03102	0.02349	0.03102	0.02071	0.02982	0.01536	0.01152	0.01152	0.00384	0.01581	0.01002	0.00512	0.01370
7	0.10791	0.01787	0.02209	0.01838	0.02558	0.01625	0.01510	0.04317	0.02987	0.33015	0.05867	0.06049	0.12848	0.01870	0.01203	0.00383	0.00907	0.05364	0.01256	0.01616
8	0.01755	0.01271	0.01499	0.01440	0.01646	0.01160	0.00922	0.01901	0.01957	0.02715	0.04056	0.19321	0.04632	0.34570	0.03883	0.00788	0.00966	0.01910	0.00795	0.12812
9	0.55921	0.02200	0.01891	0.01629	0.02382	0.02444	0.01342	0.03832	0.02227	0.13943	0.02165	0.02270	0.01557	0.01146	0.00802	0.00360	0.00916	0.00729	0.00852	0.01392
10	0.02752	0.12549	0.03188	0.01873	0.02888	0.02318	0.01577	0.07859	0.02731	0.03980	0.02064	0.02355	0.01709	0.00943	0.00873	0.00205	0.00975	0.00715	0.00706	0.47741
11	0.04297	0.01865	0.02462	0.01973	0.02725	0.01688	0.01597	0.05012	0.07322	0.38874	0.14015	0.04945	0.04570	0.01641	0.01212	0.00364	0.00895	0.01370	0.01385	0.01789
12	0.01728	0.11824	0.02222	0.01688	0.01926	0.01617	0.01247	0.01962	0.02252	0.02926	0.05529	0.47980	0.06553	0.03157	0.01349	0.00431	0.00779	0.02813	0.00973	0.01045
13	0.02481	0.08933	0.15651	0.12321	0.04466	0.02585	0.07464	0.08205	0.02937	0.04012	0.11488	0.07697	0.03762	0.01537	0.01190	0.00367	0.01327	0.01344	0.00770	0.01464
14	0.04200	0.02683	0.12711	0.02269	0.03238	0.01822	0.02159	0.04803	0.03026	0.37091	0.04293	0.09898	0.03148	0.01625	0.01193	0.00374	0.01101	0.01352	0.01207	0.01808

[dist]
# distance from previous block
# <min> <max>
8	66

[block]
# block no. 12 follows, 10 sequences, length 37
# corresponding to MSA columns:
# 804-840
name=unknown_M
#
# <colnr> <probs for GDERKNQSTAVLIFYWHMCP>
#	G	D	E	R	K	N	Q	S	T	A	V	L	I	F	Y	W	H	M	C	P
0	0.07636	0.02464	0.12091	0.01999	0.02681	0.01789	0.01859	0.03028	0.08981	0.03942	0.12703	0.17511	0.09134	0.02115	0.01219	0.00381	0.00925	0.01809	0.00946	0.06787
1	0.14014	0.11939	0.08239	0.09253	0.03426	0.02399	0.01925	0.02942	0.02367	0.03619	0.03875	0.04098	0.11577	0.01411	0.00988	0.00314	0.01063	0.01089	0.00697	0.14768
2	0.03312	0.12174	0.07560	0.02122	0.03136	0.02505	0.01917	0.08077	0.07326	0.13802	0.02815	0.02850	0.02089	0.01137	0.00983	0.00277	0.01068	0.00880	0.00880	0.25091
3	0.21785	0.01948	0.02676	0.02223	0.02816	0.01938	0.10436	0.02747	0.02220	0.03821	0.03344	0.18206	0.03487	0.07967	0.01634	0.00457	0.01070	0.01629	0.00786	0.08811
4	0.21873	0.02356	0.07735	0.11748	0.03645	0.02124	0.01996	0.03645	0.02434	0.16276	0.03081	0.08008	0.02537	0.06062	0.01438	0.00437	0.01127	0.01180	0.00871	0.01426
5	0.01943	0.01624	0.02043	0.06809	0.02524	0.01860	0.01483	0.02523	0.07647	0.02971	0.04981	0.13425	0.11723	0.19814	0.03186	0.00650	0.11087	0.01812	0.00822	0.01074
6	0.03698	0.08588	0.03179	0.02101	0.03071	0.02498	0.01756	0.16394	0.03483	0.15847	0.02800	0.02814	0.02034	0.01159	0.01005	0.00273	0.01050	0.00893	0.00974	0.26381
7	0.28988	0.02418	0.02324	0.01889	0.02657	0.02622	0.01542	0.18724	0.03303	0.05662	0.02376	0.02598	0.01798	0.01201	0.00903	0.00322	0.00978	0.00844	0.09730	0.09119
8	0.03417	0.01734	0.02155	0.01857	0.02424	0.01664	0.01485	0.09764	0.03274	0.22213	0.10026	0.11481	0.04603	0.01933	0.01201	0.00371	0.00867	0.05110	0.12902	0.01518
9	0.02237	0.02123	0.03497	0.50071	0.07428	0.02699	0.03149	0.02951	0.02262	0.02951	0.02004	0.03035	0.01548	0.01265	0.01475	0.00402	0.08065	0.01032	0.00516	0.01290
10	0.01498	0.01091	0.01410	0.01524	0.01696	0.01004	0.01069	0.01836	0.02656	0.03608	0.23388	0.36017	0.12657	0.03117	0.01434	0.00426	0.00621	0.02790	0.01154	0.01004
11	0.01513	0.01080	0.01459	0.01729	0.01838	0.01027	0.01246	0.01785	0.02321	0.03076	0.06357	0.48896	0.07483	0.03554	0.01510	0.00486	0.00758	0.11833	0.01078	0.00971
12	0.02645	0.01783	0.02033	0.01874	0.02282	0.01873	0.01390	0.11262	0.11302	0.08128	0.04656	0.21622	0.04558	0.10027	0.01881	0.00495	0.00901	0.01914	0.08019	0.01356
13	0.01691	0.01128	0.01268	0.01268	0.01268	0.01128	0.00705	0.01691	0.01691	0.02255	0.03665	0.07611	0.04228	0.59126	0.05920	0.01128	0.01128	0.01691	0.00705	0.00705
14	0.01936	0.01144	0.01534	0.01681	0.01862	0.01049	0.01166	0.02172	0.02377	0.09759	0.06161	0.50935	0.07035	0.03343	0.01441	0.00457	0.00718	0.03014	0.01129	0.01086
15	0.09795	0.02477	0.02924	0.11198	0.03859	0.02684	0.02049	0.22714	0.03863	0.16254	0.03059	0.03166	0.02136	0.01334	0.01091	0.00352	0.01156	0.01037	0.07136	0.01714
16	0.58443	0.02224	0.01952	0.09015	0.03036	0.02606	0.01529	0.03358	0.02027	0.04911	0.01681	0.02055	0.01299	0.01091	0.00780	0.00364	0.00989	0.00685	0.00692	0.01264
17	0.12851	0.01724	0.01912	0.01640	0.02291	0.01536	0.01301	0.02622	0.02495	0.03981	0.10442	0.10007	0.08633	0.01794	0.01090	0.00316	0.00806	0.05921	0.00887	0.27751
18	0.02412	0.02067	0.02412	0.01723	0.02756	0.01550	0.01378	0.02929	0.02412	0.03790	0.02067	0.02412	0.01723	0.00861	0.00861	0.00172	0.00861	0.00689	0.00689	0.66236
19	0.04014	0.11126	0.03566	0.02739	0.03448	0.33109	0.02155	0.11918	0.09895	0.03854	0.02343	0.02492	0.01857	0.01259	0.01051	0.00315	0.01701	0.00861	0.00761	0.01537
20	0.02835	0.01737	0.02318	0.10902	0.03271	0.01811	0.01732	0.09195	0.03016	0.13865	0.09485	0.15399	0.04464	0.02608	0.06123	0.00518	0.01165	0.01674	0.06492	0.01390
21	0.60165	0.02218	0.01824	0.01592	0.02332	0.02505	0.01312	0.03679	0.02135	0.10701	0.01962	0.02128	0.01447	0.01121	0.00772	0.00360	0.00910	0.00692	0.00803	0.01343
22	0.10563	0.12407	0.03040	0.06865	0.03128	0.02423	0.01721	0.03922	0.07780	0.14751	0.10948	0.03907	0.03600	0.01395	0.01039	0.00325	0.00981	0.01110	0.00959	0.09134
23	0.60165	0.02218	0.01824	0.01592	0.02332	0.02505	0.01312	0.03679	0.02135	0.10701	0.01962	0.02128	0.01447	0.01121	0.00772	0.00360	0.00910	0.00692	0.00803	0.01343
24	0.04232	0.02248	0.02876	0.08541	0.03593	0.02260	0.01954	0.16526	0.03792	0.28887	0.09192	0.04085	0.03412	0.01504	0.01190	0.00361	0.01084	0.01228	0.01237	0.01796
25	0.01662	0.01138	0.01399	0.01398	0.01647	0.01055	0.01024	0.02120	0.02889	0.04140	0.31029	0.17212	0.13395	0.02498	0.01300	0.00372	0.00575	0.02189	0.11904	0.01055
26	0.02606	0.16264	0.02956	0.01818	0.02374	0.02280	0.01504	0.07024	0.02803	0.09200	0.08811	0.16161	0.10765	0.02852	0.06903	0.00521	0.01152	0.01729	0.00950	0.01328
27	0.11685	0.14398	0.08083	0.08787	0.07680	0.02974	0.02256	0.12148	0.03064	0.04394	0.06850	0.03686	0.06642	0.01399	0.01046	0.00341	0.01183	0.01089	0.00783	0.01510
28	0.08129	0.08870	0.08197	0.03139	0.09150	0.02578	0.10156	0.07338	0.02931	0.08793	0.09068	0.03532	0.03055	0.01263	0.01107	0.00331	0.01239	0.01122	0.00815	0.09188
29	0.02744	0.07536	0.03026	0.20655	0.04461	0.07776	0.02123	0.03291	0.02721	0.09117	0.09854	0.04365	0.07323	0.01469	0.01125	0.00335	0.01215	0.01211	0.00805	0.08846
30	0.02480	0.08091	0.03505	0.02579	0.03112	0.02171	0.11711	0.02956	0.02508	0.08970	0.08161	0.19337	0.04468	0.02689	0.06149	0.00532	0.06554	0.01840	0.00875	0.01314
31	0.02696	0.08160	0.08783	0.07071	0.03858	0.02490	0.05933	0.07127	0.08242	0.04013	0.02423	0.02743	0.01898	0.01063	0.01008	0.00278	0.01182	0.00891	0.00722	0.29418
32	0.08038	0.02488	0.07425	0.03104	0.11165	0.02193	0.06291	0.03177	0.02514	0.08234	0.04417	0.04634	0.12845	0.01598	0.01456	0.00360	0.07674	0.01297	0.00783	0.10308
33	0.03322	0.09171	0.02942	0.02155	0.02793	0.08139	0.01733	0.16220	0.07853	0.08810	0.08019	0.11131	0.03804	0.01745	0.01138	0.00349	0.01091	0.01412	0.06633	0.01540
34	0.10672	0.02396	0.02437	0.02098	0.02756	0.06573	0.01692	0.11901	0.08352	0.08991	0.11361	0.05241	0.04209	0.01715	0.01165	0.00360	0.01042	0.07020	0.01042	0.08979
35	0.03042	0.02366	0.07602	0.03268	0.14307	0.01887	0.02283	0.03630	0.02719	0.16009	0.03760	0.10388	0.03340	0.01691	0.01198	0.00360	0.01104	0.07111	0.00928	0.13007
36	0.02845	0.22293	0.09423	0.02094	0.02956	0.02805	0.01965	0.07382	0.02723	0.07686	0.03172	0.14979	0.03079	0.01660	0.01044	0.00321	0.01100	0.01348	0.00796	0.10326

[dist]
# distance from previous block
# <min> <max>
10	72

[block]
# block no. 13 follows, 10 sequences, length 37
# corresponding to MSA columns:
# 922-958
name=unknown_N
#
# <colnr> <probs for GDERKNQSTAVLIFYWHMCP>
#	G	D	E	R	K	N	Q	S	T	A	V	L	I	F	Y	W	H	M	C	P
0	0.10919	0.03121	0.13492	0.13818	0.15611	0.02548	0.07824	0.03817	0.02588	0.11667	0.02481	0.02918	0.01803	0.01138	0.01118	0.00367	0.01419	0.01009	0.00706	0.01637
1	0.03303	0.02982	0.16112	0.10187	0.04083	0.02011	0.02515	0.04059	0.02858	0.21820	0.09042	0.03866	0.03194	0.01370	0.01147	0.00349	0.01200	0.01136	0.00961	0.07806
2	0.03805	0.07821	0.03149	0.15109	0.04096	0.02281	0.02076	0.07778	0.03044	0.26673	0.03735	0.09322	0.02867	0.01563	0.01159	0.00367	0.01139	0.01303	0.01062	0.01653
