[name]
unknown

[dist]
# distance from previous block
# <min> <max>
0	164

[block]
# block no. 0 follows, 11 sequences, length 26
# corresponding to MSA columns:
# 646-671
name=unknown_A
#
# <colnr> <probs for GDERKNQSTAVLIFYWHMCP>
#	G	D	E	R	K	N	Q	S	T	A	V	L	I	F	Y	W	H	M	C	P
0	0.02479	0.07501	0.08417	0.29508	0.05637	0.02458	0.07104	0.03203	0.02441	0.07640	0.02799	0.04364	0.02366	0.01410	0.01169	0.00381	0.01409	0.07692	0.00662	0.01358
1	0.28958	0.01523	0.01427	0.01355	0.01640	0.01666	0.00932	0.02303	0.01733	0.03331	0.02573	0.04695	0.02697	0.30323	0.03534	0.07623	0.00989	0.01149	0.00668	0.00882
2	0.02620	0.20768	0.14491	0.12403	0.08437	0.03210	0.11045	0.03605	0.06764	0.03292	0.02161	0.02619	0.01700	0.01061	0.01030	0.00329	0.01446	0.00931	0.00564	0.01522
3	0.01486	0.01230	0.01315	0.01312	0.01667	0.01112	0.00975	0.02029	0.06640	0.03324	0.14878	0.15239	0.39291	0.02752	0.01326	0.00386	0.00601	0.02334	0.01075	0.01028
4	0.01838	0.01170	0.01546	0.01512	0.01774	0.01072	0.01110	0.02264	0.02893	0.08475	0.35134	0.22720	0.09010	0.02572	0.01341	0.00383	0.00604	0.02289	0.01197	0.01096
5	0.09503	0.09008	0.19105	0.16572	0.04978	0.02917	0.06792	0.11144	0.02805	0.04059	0.02062	0.02532	0.01531	0.01108	0.01043	0.00348	0.01445	0.00901	0.00623	0.01524
6	0.02421	0.17872	0.43998	0.02929	0.04439	0.03015	0.03672	0.03522	0.02357	0.03365	0.01921	0.02252	0.01430	0.01046	0.00994	0.00331	0.01563	0.00782	0.00477	0.01616
7	0.02603	0.12327	0.09167	0.13171	0.04367	0.03059	0.07646	0.04148	0.18968	0.03598	0.02790	0.03103	0.02162	0.01289	0.01323	0.00365	0.06615	0.01045	0.00721	0.01533
8	0.02006	0.01489	0.02260	0.07636	0.02849	0.01437	0.05921	0.02564	0.02910	0.07735	0.29531	0.07733	0.12315	0.02132	0.01317	0.00379	0.00852	0.06692	0.01068	0.01174
9	0.02675	0.01389	0.01778	0.01567	0.02042	0.01223	0.01214	0.03089	0.02966	0.20718	0.23208	0.12188	0.16922	0.02230	0.01273	0.00367	0.00694	0.01915	0.01230	0.01310
10	0.02303	0.02228	0.03142	0.02741	0.02779	0.03067	0.02266	0.02579	0.01740	0.02691	0.01764	0.02827	0.01726	0.03175	0.13433	0.00738	0.48072	0.01026	0.00513	0.01189
11	0.03068	0.03040	0.08655	0.10048	0.27997	0.02884	0.06514	0.15816	0.03256	0.04503	0.02266	0.02766	0.01755	0.01110	0.01130	0.00344	0.01396	0.01014	0.00698	0.01738
12	0.02126	0.02001	0.03376	0.57739	0.07752	0.02501	0.03126	0.02876	0.02251	0.02876	0.02001	0.03001	0.01500	0.01125	0.01125	0.00375	0.01500	0.01000	0.00500	0.01250
13	0.01608	0.01206	0.01809	0.01809	0.02010	0.01407	0.01407	0.02010	0.01809	0.02613	0.03015	0.04422	0.02814	0.08441	0.55984	0.01809	0.03015	0.01206	0.00603	0.01005
14	0.01491	0.01058	0.01410	0.01648	0.01750	0.01013	0.01181	0.01740	0.02205	0.02921	0.05919	0.44900	0.06941	0.08400	0.01837	0.00526	0.00775	0.12357	0.01011	0.00921
15	0.03477	0.02267	0.02565	0.02204	0.02911	0.02455	0.01743	0.05832	0.36899	0.19599	0.04539	0.04088	0.03240	0.01487	0.01141	0.00372	0.00911	0.01230	0.01220	0.01822
16	0.01534	0.01102	0.01464	0.01546	0.01735	0.01032	0.01139	0.01937	0.02731	0.03768	0.30053	0.28221	0.08963	0.02853	0.01394	0.00411	0.00633	0.07336	0.01143	0.01003
17	0.01618	0.01165	0.01600	0.01600	0.01729	0.01293	0.01146	0.01876	0.01747	0.02458	0.03206	0.05480	0.03273	0.27144	0.37910	0.01551	0.02323	0.01361	0.00631	0.00889
18	0.03233	0.50674	0.05390	0.02108	0.02999	0.14099	0.01972	0.03581	0.02456	0.02668	0.01598	0.01848	0.01445	0.01000	0.00777	0.00250	0.01358	0.00625	0.00500	0.01418
19	0.02126	0.02001	0.03376	0.57739	0.07752	0.02501	0.03126	0.02876	0.02251	0.02876	0.02001	0.03001	0.01500	0.01125	0.01125	0.00375	0.01500	0.01000	0.00500	0.01250
20	0.02412	0.02451	0.10937	0.07810	0.08466	0.01996	0.02201	0.03580	0.12163	0.08651	0.16593	0.09567	0.04950	0.01728	0.01200	0.00368	0.01010	0.01505	0.00954	0.01458
21	0.01490	0.01146	0.01361	0.01307	0.01618	0.01018	0.00981	0.01924	0.02942	0.03934	0.36529	0.09361	0.27283	0.02517	0.01329	0.00364	0.00546	0.02169	0.01163	0.01018
22	0.02359	0.03846	0.25115	0.19185	0.11076	0.02636	0.13025	0.03368	0.02418	0.03392	0.02077	0.02730	0.01542	0.01053	0.01143	0.00364	0.01631	0.00999	0.00510	0.01531
23	0.01634	0.01101	0.01276	0.01276	0.01292	0.01117	0.00742	0.01668	0.01651	0.02218	0.03502	0.07122	0.03986	0.56148	0.09881	0.01150	0.01250	0.01601	0.00675	0.00709
24	0.03169	0.11222	0.03507	0.02312	0.03209	0.02726	0.05885	0.12627	0.13675	0.08882	0.02870	0.02925	0.02169	0.01160	0.01009	0.00291	0.01081	0.00953	0.00885	0.19442
25	0.03547	0.08182	0.07396	0.06472	0.03523	0.08102	0.02094	0.16692	0.03430	0.13800	0.03284	0.03320	0.05653	0.01319	0.01059	0.00315	0.01227	0.01016	0.00906	0.08662

[dist]
# distance from previous block
# <min> <max>
1	16

[block]
# block no. 1 follows, 11 sequences, length 28
# corresponding to MSA columns:
# 701-728
name=unknown_B
#
# <colnr> <probs for GDERKNQSTAVLIFYWHMCP>
#	G	D	E	R	K	N	Q	S	T	A	V	L	I	F	Y	W	H	M	C	P
0	0.02583	0.02916	0.07603	0.11444	0.08968	0.09515	0.02421	0.03499	0.09397	0.03327	0.03138	0.03540	0.06656	0.01463	0.01581	0.00361	0.12013	0.01083	0.00673	0.07821
1	0.02650	0.02988	0.11371	0.16009	0.04301	0.07301	0.02441	0.11271	0.07804	0.04251	0.13960	0.04107	0.03823	0.01465	0.01154	0.00354	0.01251	0.01212	0.00841	0.01445
2	0.01685	0.01396	0.01752	0.01675	0.01829	0.01537	0.01245	0.01935	0.02243	0.03026	0.13700	0.16514	0.17940	0.13045	0.02659	0.00542	0.13387	0.02025	0.00890	0.00976
3	0.03567	0.03644	0.13173	0.03294	0.08521	0.10852	0.07113	0.13164	0.03218	0.13190	0.02533	0.02760	0.01837	0.01263	0.01354	0.00354	0.06714	0.00983	0.00804	0.01662
4	0.01612	0.01191	0.01733	0.01733	0.01907	0.01365	0.01312	0.01961	0.01786	0.02556	0.03085	0.04808	0.02981	0.15264	0.49391	0.01715	0.02762	0.01262	0.00613	0.00963
5	0.03009	0.61122	0.05898	0.01926	0.02889	0.04454	0.01926	0.03370	0.02287	0.02648	0.01565	0.01805	0.01444	0.00963	0.00722	0.00241	0.01204	0.00602	0.00481	0.01444
6	0.01500	0.01147	0.01375	0.01318	0.01624	0.01022	0.00989	0.01943	0.02966	0.03990	0.38113	0.09269	0.25663	0.02496	0.01328	0.00363	0.00545	0.02156	0.01170	0.01022
7	0.01544	0.01149	0.01437	0.01365	0.01652	0.01041	0.01024	0.02029	0.03071	0.04239	0.45124	0.08858	0.18497	0.02403	0.01328	0.00359	0.00538	0.02099	0.01203	0.01041
8	0.68395	0.02177	0.01654	0.01480	0.02177	0.02525	0.01219	0.03309	0.01915	0.05050	0.01567	0.01828	0.01219	0.01045	0.00697	0.00348	0.00871	0.00609	0.00697	0.01219
9	0.02630	0.02741	0.03423	0.02950	0.03005	0.08480	0.02435	0.02880	0.01864	0.02713	0.01503	0.02421	0.01475	0.01892	0.03437	0.00473	0.52980	0.00960	0.00501	0.01238
10	0.02334	0.02001	0.02334	0.01667	0.02667	0.01500	0.01334	0.02834	0.02334	0.03668	0.02001	0.02334	0.01667	0.00834	0.00834	0.00167	0.00834	0.00667	0.00667	0.67325
11	0.02874	0.02357	0.04006	0.30261	0.11079	0.02563	0.11471	0.07716	0.02765	0.10215	0.02449	0.03067	0.01775	0.01136	0.01163	0.00365	0.01462	0.01080	0.00694	0.01503
12	0.03654	0.02600	0.02787	0.02346	0.03026	0.06190	0.01920	0.27628	0.04091	0.11903	0.03787	0.09740	0.03345	0.01867	0.01227	0.00380	0.01166	0.09625	0.01100	0.01619
13	0.09316	0.31165	0.12259	0.06336	0.03546	0.03464	0.02286	0.07832	0.02636	0.08754	0.02069	0.02277	0.01606	0.01079	0.00883	0.00299	0.01243	0.00760	0.00655	0.01534
14	0.01637	0.01091	0.01228	0.01228	0.01228	0.01091	0.00682	0.01637	0.01637	0.02182	0.03546	0.07365	0.04092	0.60445	0.05729	0.01091	0.01091	0.01637	0.00682	0.00682
15	0.02896	0.02439	0.03838	0.18511	0.16335	0.02787	0.06274	0.07599	0.02614	0.08757	0.02245	0.02888	0.01747	0.01325	0.01725	0.00386	0.14408	0.01037	0.00666	0.01521
16	0.01637	0.01091	0.01228	0.01228	0.01228	0.01091	0.00682	0.01637	0.01637	0.02182	0.03546	0.07365	0.04092	0.60445	0.05729	0.01091	0.01091	0.01637	0.00682	0.00682
17	0.03276	0.01736	0.02136	0.01765	0.02341	0.01674	0.01408	0.11441	0.03449	0.21562	0.21601	0.05347	0.05493	0.01705	0.01157	0.00337	0.00794	0.01429	0.09858	0.01492
18	0.02010	0.01204	0.01527	0.01405	0.01727	0.01115	0.01068	0.02530	0.03041	0.09139	0.39426	0.07219	0.08490	0.02037	0.01212	0.00337	0.00570	0.01773	0.13028	0.01140
19	0.02242	0.01294	0.01713	0.01526	0.01905	0.01173	0.01173	0.02755	0.03193	0.13847	0.43740	0.07548	0.09148	0.02130	0.01291	0.00353	0.00611	0.01866	0.01268	0.01222
20	0.02205	0.01220	0.01490	0.01425	0.01593	0.01162	0.00919	0.02317	0.02011	0.11659	0.04164	0.15722	0.04433	0.40044	0.04164	0.00849	0.00992	0.01814	0.00872	0.00944
21	0.02690	0.01989	0.02370	0.01711	0.02694	0.01521	0.01376	0.03182	0.02450	0.10297	0.02321	0.02530	0.01814	0.00907	0.00873	0.00191	0.00850	0.00728	0.00762	0.58744
22	0.01634	0.01102	0.01284	0.01284	0.01304	0.01122	0.00753	0.01673	0.01654	0.02224	0.03495	0.07079	0.03968	0.55386	0.10617	0.01161	0.01278	0.01595	0.00674	0.00713
23	0.02462	0.02462	0.03447	0.02955	0.02955	0.03447	0.02462	0.02709	0.01724	0.02709	0.01477	0.02462	0.01477	0.01970	0.03694	0.00492	0.58385	0.00985	0.00492	0.01231
24	0.03209	0.08570	0.03134	0.02076	0.03031	0.02629	0.01728	0.22289	0.03554	0.04982	0.02246	0.02432	0.01746	0.01061	0.00943	0.00245	0.01039	0.00804	0.00838	0.33443
25	0.09868	0.02061	0.02746	0.16219	0.04055	0.02171	0.02030	0.10103	0.02997	0.25731	0.03193	0.03335	0.02199	0.01912	0.05956	0.00483	0.01307	0.01040	0.00995	0.01599
26	0.02639	0.17065	0.12755	0.06586	0.03608	0.02970	0.02289	0.04265	0.20515	0.03728	0.02856	0.02958	0.02213	0.01187	0.00987	0.00315	0.01145	0.00931	0.00752	0.10236
27	0.09675	0.12743	0.03208	0.11464	0.03585	0.02557	0.01890	0.09690	0.02959	0.16107	0.07793	0.03336	0.02777	0.01280	0.01011	0.00319	0.01070	0.01004	0.00901	0.06633

[dist]
# distance from previous block
# <min> <max>
0	6

[block]
# block no. 2 follows, 11 sequences, length 30
# corresponding to MSA columns:
# 766-780,787-801
name=unknown_C
#
# <colnr> <probs for GDERKNQSTAVLIFYWHMCP>
#	G	D	E	R	K	N	Q	S	T	A	V	L	I	F	Y	W	H	M	C	P
0	0.02825	0.04032	0.23924	0.03339	0.04552	0.02867	0.15129	0.12466	0.11263	0.04417	0.02645	0.02916	0.01928	0.01167	0.01160	0.00363	0.01516	0.01069	0.00733	0.01692
1	0.01606	0.01133	0.01425	0.01362	0.01550	0.01070	0.00952	0.01983	0.02739	0.03841	0.38603	0.08107	0.08735	0.19086	0.02598	0.00567	0.00693	0.01920	0.01078	0.00952
2	0.02800	0.02418	0.02545	0.02291	0.02927	0.02800	0.01782	0.05981	0.51390	0.04708	0.04581	0.04199	0.03436	0.01527	0.01145	0.00382	0.00891	0.01273	0.01145	0.01782
3	0.01484	0.01117	0.01383	0.01443	0.01687	0.01015	0.01073	0.01859	0.02690	0.03572	0.24812	0.22876	0.20985	0.02849	0.01379	0.00404	0.00622	0.06644	0.01116	0.00990
4	0.01552	0.01101	0.01318	0.01330	0.01584	0.01004	0.00972	0.01957	0.02727	0.03795	0.27264	0.18432	0.19276	0.02544	0.01279	0.00368	0.00563	0.02216	0.09712	0.01004
5	0.02422	0.02193	0.03303	0.41781	0.06410	0.02716	0.02839	0.07453	0.07200	0.03422	0.02260	0.03034	0.01722	0.01270	0.01388	0.00384	0.07195	0.01026	0.00619	0.01360
6	0.02257	0.05822	0.54613	0.03208	0.04871	0.02614	0.04158	0.03564	0.02376	0.03564	0.02020	0.02376	0.01426	0.01069	0.01069	0.00356	0.01663	0.00832	0.00475	0.01663
7	0.01692	0.01330	0.01970	0.01922	0.02103	0.01608	0.01511	0.02079	0.01800	0.02622	0.02863	0.04229	0.02682	0.07804	0.50833	0.01679	0.08470	0.01184	0.00592	0.01027
8	0.03452	0.01513	0.01902	0.01617	0.02199	0.01358	0.01309	0.03901	0.02836	0.28999	0.05243	0.05536	0.09661	0.01692	0.01090	0.00340	0.00787	0.04717	0.20381	0.01469
9	0.02657	0.03036	0.06641	0.04744	0.05882	0.02846	0.49336	0.03605	0.02657	0.03605	0.02277	0.03036	0.01708	0.00949	0.01328	0.00380	0.01898	0.01328	0.00569	0.01518
10	0.60012	0.02304	0.01880	0.01625	0.02348	0.02651	0.01339	0.09370	0.02357	0.05317	0.01716	0.01943	0.01310	0.01085	0.00753	0.00347	0.00919	0.00662	0.00753	0.01310
11	0.02563	0.02014	0.02304	0.01890	0.02568	0.01924	0.01476	0.13807	0.07612	0.04535	0.09809	0.13767	0.04103	0.01698	0.01105	0.00304	0.00862	0.01441	0.00962	0.25257
12	0.04204	0.05364	0.03190	0.02900	0.03480	0.55926	0.02175	0.04494	0.03190	0.02755	0.01740	0.02030	0.01450	0.01160	0.01015	0.00290	0.02030	0.00725	0.00580	0.01305
13	0.09645	0.07864	0.02957	0.02080	0.02835	0.02269	0.05468	0.08144	0.07874	0.22514	0.03446	0.03391	0.02432	0.01278	0.01007	0.00327	0.00990	0.01037	0.12839	0.01603
14	0.02076	0.02239	0.10296	0.07180	0.03122	0.01777	0.02050	0.08513	0.02803	0.03702	0.05564	0.16196	0.13124	0.02397	0.01323	0.00421	0.01058	0.14011	0.00913	0.01234
15	0.22509	0.01616	0.01912	0.01799	0.02246	0.01702	0.05125	0.02734	0.02287	0.04066	0.03757	0.11065	0.03664	0.01889	0.01068	0.00385	0.00889	0.12876	0.17291	0.01123
16	0.01718	0.01266	0.01718	0.01637	0.01791	0.01380	0.01212	0.02009	0.02266	0.03214	0.21828	0.06195	0.05814	0.14422	0.16911	0.06394	0.06881	0.01559	0.00839	0.00948
17	0.02825	0.02058	0.02214	0.01908	0.02460	0.02254	0.01504	0.16308	0.18474	0.05188	0.11454	0.04458	0.04015	0.01545	0.01075	0.00334	0.00832	0.01264	0.18316	0.01512
18	0.01774	0.01097	0.01465	0.01592	0.01765	0.01009	0.01109	0.02038	0.02398	0.08301	0.12121	0.47327	0.07386	0.03149	0.01391	0.00433	0.00668	0.02837	0.01106	0.01035
19	0.02334	0.02001	0.02334	0.01667	0.02667	0.01500	0.01334	0.02834	0.02334	0.03668	0.02001	0.02334	0.01667	0.00834	0.00834	0.00167	0.00834	0.00667	0.00667	0.67325
20	0.03347	0.02443	0.02643	0.02237	0.02934	0.02718	0.01779	0.16760	0.30837	0.10300	0.04016	0.03781	0.02939	0.01451	0.01110	0.00358	0.00956	0.01174	0.06445	0.01770
21	0.68395	0.02177	0.01654	0.01480	0.02177	0.02525	0.01219	0.03309	0.01915	0.05050	0.01567	0.01828	0.01219	0.01045	0.00697	0.00348	0.00871	0.00609	0.00697	0.01219
22	0.40086	0.02053	0.01796	0.01560	0.02180	0.02309	0.01266	0.11161	0.02616	0.05182	0.02310	0.02594	0.01772	0.01167	0.00794	0.00324	0.00845	0.00793	0.17896	0.01295
23	0.01734	0.01313	0.01733	0.01669	0.01743	0.01516	0.01184	0.01915	0.01712	0.02411	0.03079	0.05633	0.03276	0.33519	0.24094	0.01279	0.09296	0.01392	0.00628	0.00874
24	0.02716	0.39541	0.24909	0.02426	0.03662	0.03736	0.02797	0.03446	0.02322	0.03006	0.01742	0.02028	0.01437	0.01004	0.00858	0.00286	0.01383	0.00692	0.00479	0.01530
25	0.02328	0.02319	0.06687	0.01795	0.02851	0.01593	0.01569	0.02895	0.02337	0.03659	0.02002	0.02337	0.01647	0.00853	0.00853	0.00183	0.00903	0.00681	0.00651	0.61858
26	0.12914	0.02875	0.10336	0.13731	0.16386	0.02718	0.07291	0.03512	0.06786	0.03724	0.02173	0.02741	0.01710	0.01181	0.01330	0.00372	0.07143	0.00972	0.00607	0.01500
27	0.02616	0.02501	0.04261	0.19996	0.41664	0.02630	0.03370	0.03305	0.02482	0.03471	0.02087	0.02841	0.01710	0.01034	0.01117	0.00345	0.01379	0.01002	0.00542	0.01646
28	0.02462	0.02462	0.03447	0.02955	0.02955	0.03447	0.02462	0.02709	0.01724	0.02709	0.01477	0.02462	0.01477	0.01970	0.03694	0.00492	0.58385	0.00985	0.00492	0.01231
29	0.12554	0.02765	0.06934	0.02216	0.03068	0.06605	0.01919	0.09402	0.11782	0.25930	0.03499	0.03257	0.02390	0.01322	0.01062	0.00349	0.01107	0.01019	0.01089	0.01730

[dist]
# distance from previous block
# <min> <max>
0	1

[block]
# block no. 3 follows, 11 sequences, length 25
# corresponding to MSA columns:
# 803-827
name=unknown_D
#
# <colnr> <probs for GDERKNQSTAVLIFYWHMCP>
#	G	D	E	R	K	N	Q	S	T	A	V	L	I	F	Y	W	H	M	C	P
0	0.03780	0.10678	0.03444	0.02538	0.03291	0.19290	0.02046	0.20891	0.14351	0.04725	0.02684	0.02717	0.02049	0.01285	0.01048	0.00321	0.01397	0.00933	0.00887	0.01644
1	0.01613	0.01209	0.01601	0.01692	0.01811	0.01272	0.01241	0.01806	0.02084	0.02780	0.05516	0.29401	0.11161	0.08621	0.06610	0.05896	0.06663	0.07228	0.00878	0.00917
2	0.02838	0.09192	0.20794	0.16375	0.04725	0.02441	0.02920	0.03650	0.02533	0.13820	0.02864	0.03801	0.02230	0.01342	0.01109	0.00364	0.01367	0.05378	0.00729	0.01528
3	0.03155	0.21265	0.25944	0.02606	0.03808	0.09452	0.02871	0.03925	0.02583	0.11228	0.02237	0.02399	0.01650	0.01101	0.00971	0.00313	0.01462	0.00799	0.00635	0.01596
4	0.02907	0.01362	0.01695	0.01470	0.01931	0.01250	0.01152	0.03404	0.02889	0.20567	0.18724	0.05345	0.05182	0.01636	0.01062	0.00318	0.00667	0.01373	0.25732	0.01335
5	0.05050	0.01915	0.02612	0.02003	0.02873	0.01654	0.01654	0.05485	0.03221	0.54203	0.04440	0.03831	0.02786	0.01393	0.01132	0.00348	0.00958	0.01132	0.01393	0.01915
6	0.02015	0.01971	0.06605	0.20727	0.10157	0.01851	0.02246	0.02695	0.02657	0.03767	0.21102	0.05057	0.05061	0.01562	0.01161	0.00350	0.01036	0.01378	0.07345	0.01257
7	0.04283	0.14277	0.08601	0.02167	0.03139	0.02493	0.02010	0.09250	0.03154	0.34100	0.03448	0.03167	0.02294	0.01270	0.01043	0.00327	0.01106	0.00984	0.01091	0.01796
8	0.02257	0.05822	0.54613	0.03208	0.04871	0.02614	0.04158	0.03564	0.02376	0.03564	0.02020	0.02376	0.01426	0.01069	0.01069	0.00356	0.01663	0.00832	0.00475	0.01663
9	0.01489	0.01064	0.01441	0.01702	0.01819	0.01016	0.01250	0.01771	0.02271	0.03005	0.06138	0.47188	0.07187	0.03415	0.01468	0.00473	0.00755	0.14559	0.01043	0.00947
10	0.03927	0.02866	0.03477	0.12610	0.04331	0.09098	0.06960	0.19169	0.03663	0.18205	0.02887	0.03014	0.01999	0.01258	0.01134	0.00346	0.01372	0.01040	0.00963	0.01681
11	0.02343	0.05226	0.44346	0.03537	0.05088	0.02664	0.13828	0.03573	0.02436	0.03573	0.02075	0.02517	0.01486	0.01044	0.01125	0.00361	0.01714	0.00938	0.00495	0.01632
12	0.02257	0.05822	0.54613	0.03208	0.04871	0.02614	0.04158	0.03564	0.02376	0.03564	0.02020	0.02376	0.01426	0.01069	0.01069	0.00356	0.01663	0.00832	0.00475	0.01663
13	0.04885	0.02180	0.02776	0.02128	0.03005	0.02047	0.01758	0.14942	0.03665	0.44120	0.04068	0.03589	0.02599	0.01384	0.01131	0.00346	0.01018	0.01106	0.01336	0.01915
14	0.02186	0.01999	0.03157	0.29805	0.11185	0.02417	0.02687	0.02751	0.02201	0.02966	0.02604	0.04591	0.02434	0.05678	0.01964	0.00462	0.11518	0.07558	0.00596	0.01241
15	0.01367	0.00998	0.01287	0.01519	0.01620	0.00918	0.01023	0.01573	0.02201	0.02892	0.06791	0.54189	0.12587	0.03450	0.01425	0.00448	0.00644	0.03107	0.01045	0.00918
16	0.02865	0.08398	0.07066	0.16389	0.04060	0.02294	0.02177	0.07916	0.02894	0.13495	0.12133	0.04084	0.03595	0.01972	0.05414	0.00459	0.01288	0.01182	0.00877	0.01443
17	0.68395	0.02177	0.01654	0.01480	0.02177	0.02525	0.01219	0.03309	0.01915	0.05050	0.01567	0.01828	0.01219	0.01045	0.00697	0.00348	0.00871	0.00609	0.00697	0.01219
18	0.61436	0.02560	0.07226	0.01662	0.02460	0.02534	0.01528	0.03335	0.01964	0.04894	0.01615	0.01886	0.01241	0.01047	0.00736	0.00349	0.00954	0.00633	0.00673	0.01266
19	0.02468	0.03449	0.20186	0.15329	0.04886	0.02579	0.07547	0.07391	0.11502	0.03982	0.06981	0.03462	0.02672	0.01282	0.01148	0.00366	0.01378	0.01118	0.00729	0.01544
20	0.01656	0.01049	0.01452	0.01540	0.01651	0.01005	0.01094	0.01740	0.02226	0.03027	0.16472	0.24340	0.06359	0.03309	0.02389	0.22300	0.00762	0.05895	0.00911	0.00823
21	0.01838	0.01505	0.02112	0.01919	0.02223	0.01548	0.05094	0.02499	0.06846	0.03671	0.22738	0.12716	0.10039	0.08909	0.02030	0.00481	0.05369	0.06352	0.01002	0.01106
22	0.03062	0.03580	0.16931	0.12622	0.04356	0.08925	0.02663	0.12244	0.03062	0.08028	0.02429	0.02764	0.01775	0.01169	0.01047	0.00325	0.01387	0.00911	0.05931	0.06788
23	0.01448	0.00987	0.01279	0.01513	0.01599	0.00928	0.01018	0.01678	0.02177	0.03012	0.05937	0.53869	0.06964	0.03293	0.01368	0.00437	0.00639	0.02973	0.07952	0.00928
24	0.01414	0.01060	0.01324	0.01516	0.01688	0.00970	0.01088	0.01672	0.02315	0.02977	0.07537	0.41205	0.19261	0.03299	0.01423	0.00444	0.00678	0.08147	0.01044	0.00938

[dist]
# distance from previous block
# <min> <max>
0	12

[block]
# block no. 4 follows, 11 sequences, length 31
# corresponding to MSA columns:
# 840-870
name=unknown_E
#
# <colnr> <probs for GDERKNQSTAVLIFYWHMCP>
#	G	D	E	R	K	N	Q	S	T	A	V	L	I	F	Y	W	H	M	C	P
0	0.02862	0.07855	0.08069	0.07288	0.03449	0.02299	0.01980	0.11541	0.03017	0.08262	0.07456	0.03158	0.02652	0.01184	0.01001	0.00276	0.01064	0.00948	0.00815	0.24824
1	0.16142	0.13185	0.17147	0.07761	0.03793	0.02783	0.02449	0.07253	0.02570	0.08913	0.02141	0.02397	0.01587	0.01087	0.00933	0.00319	0.01239	0.00796	0.00681	0.06822
2	0.15715	0.29501	0.18270	0.02273	0.03299	0.03484	0.02444	0.03358	0.02193	0.03381	0.01683	0.02020	0.01397	0.01089	0.01052	0.00314	0.05863	0.00697	0.00523	0.01443
3	0.02772	0.03355	0.08603	0.02970	0.03249	0.13329	0.02580	0.03135	0.02068	0.02804	0.01582	0.02372	0.01467	0.01725	0.02918	0.00440	0.41913	0.00920	0.00507	0.01289
4	0.02253	0.02306	0.07570	0.01799	0.02795	0.01571	0.01594	0.02838	0.02422	0.03740	0.07002	0.02936	0.02523	0.01002	0.00906	0.00204	0.00888	0.00818	0.00704	0.54129
5	0.68395	0.02177	0.01654	0.01480	0.02177	0.02525	0.01219	0.03309	0.01915	0.05050	0.01567	0.01828	0.01219	0.01045	0.00697	0.00348	0.00871	0.00609	0.00697	0.01219
6	0.01670	0.01404	0.02125	0.01859	0.02178	0.01303	0.08721	0.01985	0.02289	0.02992	0.10688	0.17587	0.17398	0.19641	0.02650	0.00602	0.00951	0.02110	0.00880	0.00967
7	0.02649	0.01693	0.02035	0.01783	0.02323	0.01569	0.01360	0.10278	0.02922	0.12625	0.05107	0.25539	0.09336	0.02253	0.01215	0.00359	0.00825	0.01950	0.01051	0.13128
8	0.02257	0.05822	0.54613	0.03208	0.04871	0.02614	0.04158	0.03564	0.02376	0.03564	0.02020	0.02376	0.01426	0.01069	0.01069	0.00356	0.01663	0.00832	0.00475	0.01663
9	0.02548	0.02005	0.02241	0.02009	0.02510	0.02186	0.01549	0.12757	0.22226	0.04824	0.16734	0.13978	0.05615	0.02014	0.01235	0.00378	0.00828	0.01729	0.01149	0.01484
10	0.02786	0.02674	0.04568	0.06908	0.53424	0.02674	0.03454	0.03454	0.02563	0.03677	0.02117	0.02786	0.01783	0.01003	0.01114	0.00334	0.01337	0.01003	0.00557	0.01783
11	0.01955	0.00978	0.01466	0.01466	0.01466	0.00978	0.00978	0.01466	0.01466	0.01955	0.01955	0.03421	0.01955	0.03910	0.04399	0.67253	0.00978	0.00978	0.00489	0.00489
12	0.02279	0.01224	0.01243	0.01177	0.01492	0.01252	0.00899	0.06533	0.02604	0.04437	0.03591	0.04072	0.02804	0.01315	0.00815	0.00269	0.00584	0.01046	0.61243	0.01121
13	0.03215	0.01969	0.03091	0.36967	0.05934	0.02185	0.02577	0.03848	0.02612	0.22005	0.02910	0.03310	0.01980	0.01225	0.01128	0.00365	0.01298	0.01049	0.00833	0.01498
14	0.04204	0.05364	0.03190	0.02900	0.03480	0.55926	0.02175	0.04494	0.03190	0.02755	0.01740	0.02030	0.01450	0.01160	0.01015	0.00290	0.02030	0.00725	0.00580	0.01305
15	0.02301	0.02158	0.03531	0.43963	0.15812	0.02556	0.03080	0.03228	0.06191	0.03169	0.02226	0.03056	0.01705	0.01134	0.01125	0.00368	0.01422	0.01022	0.00562	0.01391
16	0.01652	0.01076	0.01219	0.01245	0.01275	0.01070	0.00727	0.01719	0.01754	0.02434	0.03821	0.12273	0.04315	0.49434	0.04855	0.00953	0.00996	0.01739	0.06704	0.00738
17	0.02268	0.01997	0.02977	0.08099	0.20746	0.02150	0.02209	0.02999	0.07200	0.03492	0.11799	0.04806	0.03942	0.12680	0.02273	0.00504	0.06421	0.01336	0.00752	0.01348
18	0.02515	0.02108	0.02431	0.01753	0.02744	0.01686	0.01409	0.07193	0.02609	0.03986	0.02066	0.02368	0.01690	0.00882	0.00861	0.00183	0.00871	0.00699	0.00710	0.61238
19	0.01634	0.01102	0.01282	0.01282	0.01300	0.01121	0.00749	0.01671	0.01653	0.02222	0.03497	0.07092	0.03973	0.55605	0.10405	0.01158	0.01270	0.01597	0.00675	0.00712
20	0.01392	0.00996	0.01325	0.01553	0.01637	0.00928	0.01046	0.01620	0.02252	0.03028	0.10591	0.54882	0.07743	0.03411	0.01426	0.00447	0.00642	0.03090	0.01063	0.00928
21	0.02660	0.01754	0.01689	0.01516	0.01919	0.06325	0.01152	0.07545	0.02835	0.09110	0.08031	0.04941	0.07328	0.06426	0.01373	0.00366	0.00826	0.01257	0.31737	0.01207
22	0.01434	0.01144	0.01284	0.01249	0.01584	0.00994	0.00937	0.01816	0.02810	0.03622	0.27759	0.09875	0.36247	0.02634	0.01329	0.00370	0.00555	0.02241	0.01122	0.00994
23	0.15758	0.45011	0.04817	0.01846	0.02750	0.03857	0.01768	0.03529	0.02291	0.07260	0.01797	0.01973	0.01509	0.01013	0.00750	0.00270	0.01120	0.00646	0.00596	0.01439
24	0.15151	0.02025	0.02233	0.01665	0.02595	0.01710	0.01344	0.03189	0.02343	0.08973	0.02162	0.02387	0.01694	0.00929	0.00837	0.00219	0.00853	0.00702	0.00745	0.48243
25	0.02431	0.03359	0.17749	0.09366	0.13678	0.02538	0.14981	0.03585	0.07441	0.03736	0.07399	0.03461	0.02683	0.01200	0.01183	0.00362	0.01459	0.01170	0.00659	0.01559
26	0.03332	0.08752	0.11818	0.02138	0.03202	0.02222	0.02043	0.08162	0.02863	0.17995	0.02708	0.02741	0.01939	0.01092	0.00973	0.00274	0.01086	0.00851	0.00861	0.24950
27	0.02759	0.21472	0.03104	0.01674	0.02256	0.02326	0.01437	0.03169	0.02500	0.12295	0.08289	0.09315	0.03617	0.02201	0.06140	0.00445	0.01078	0.01243	0.13362	0.01320
28	0.09174	0.03780	0.21707	0.02461	0.03556	0.07127	0.02570	0.07926	0.02706	0.03996	0.02400	0.03328	0.02012	0.01247	0.01024	0.00318	0.01313	0.05206	0.00673	0.17477
29	0.09523	0.08963	0.13436	0.02643	0.03601	0.02851	0.06967	0.11562	0.06812	0.13982	0.02695	0.02818	0.01941	0.01262	0.01264	0.00355	0.05862	0.00972	0.00844	0.01650
30	0.38797	0.02089	0.01989	0.01598	0.02419	0.02077	0.01303	0.03359	0.02193	0.09468	0.02007	0.02206	0.01533	0.01005	0.00788	0.00284	0.00866	0.00682	0.00756	0.24581

[dist]
# distance from previous block
# <min> <max>
0	13

[block]
# block no. 5 follows, 11 sequences, length 7
# corresponding to MSA columns:
# 884-890
name=unknown_F
#
# <colnr> <probs for GDERKNQSTAVLIFYWHMCP>
#	G	D	E	R	K	N	Q	S	T	A	V	L	I	F	Y	W	H	M	C	P
0	0.09421	0.02961	0.12749	0.10602	0.17851	0.02383	0.06749	0.03623	0.02504	0.10753	0.02357	0.02766	0.01750	0.01067	0.01059	0.00334	0.01314	0.00945	0.00678	0.08135
1	0.02012	0.01847	0.03064	0.49284	0.06831	0.02262	0.02813	0.02679	0.02236	0.02875	0.02633	0.11537	0.02395	0.01487	0.01172	0.00387	0.01373	0.01331	0.00582	0.01200
2	0.03009	0.61122	0.05898	0.01926	0.02889	0.04454	0.01926	0.03370	0.02287	0.02648	0.01565	0.01805	0.01444	0.00963	0.00722	0.00241	0.01204	0.00602	0.00481	0.01444
3	0.03698	0.07789	0.02845	0.01986	0.02682	0.02049	0.01656	0.04124	0.02837	0.29475	0.10794	0.03979	0.03543	0.01495	0.01403	0.00336	0.08005	0.01144	0.01085	0.09076
4	0.02257	0.05822	0.54613	0.03208	0.04871	0.02614	0.04158	0.03564	0.02376	0.03564	0.02020	0.02376	0.01426	0.01069	0.01069	0.00356	0.01663	0.00832	0.00475	0.01663
5	0.02257	0.05822	0.54613	0.03208	0.04871	0.02614	0.04158	0.03564	0.02376	0.03564	0.02020	0.02376	0.01426	0.01069	0.01069	0.00356	0.01663	0.00832	0.00475	0.01663
6	0.02153	0.08311	0.02335	0.01759	0.01966	0.02065	0.01297	0.06759	0.02151	0.02892	0.03236	0.11963	0.03573	0.31468	0.03849	0.00746	0.10206	0.01547	0.00718	0.01007

[dist]
# distance from previous block
# <min> <max>
0	1

[block]
# block no. 6 follows, 11 sequences, length 18
# corresponding to MSA columns:
# 892,897-913
name=unknown_G
#
# <colnr> <probs for GDERKNQSTAVLIFYWHMCP>
#	G	D	E	R	K	N	Q	S	T	A	V	L	I	F	Y	W	H	M	C	P
0	0.01442	0.01158	0.01308	0.01393	0.01713	0.01024	0.01089	0.01770	0.02528	0.03096	0.09647	0.16326	0.37856	0.02978	0.01391	0.00419	0.00683	0.12169	0.01043	0.00966
1	0.02551	0.03887	0.23319	0.03411	0.04590	0.02745	0.17736	0.04324	0.17618	0.03931	0.02893	0.03149	0.02137	0.01173	0.01175	0.00372	0.01499	0.01125	0.00712	0.01654
2	0.01912	0.01570	0.01934	0.01767	0.02076	0.01711	0.01372	0.02866	0.11822	0.04135	0.32158	0.07043	0.12532	0.02170	0.01631	0.00382	0.08837	0.01781	0.01095	0.01207
3	0.01938	0.02456	0.13758	0.02244	0.02720	0.01911	0.02136	0.02495	0.02335	0.03312	0.12287	0.11824	0.04953	0.08285	0.02247	0.00501	0.12308	0.10313	0.00804	0.01170
4	0.02414	0.02189	0.03504	0.46710	0.12219	0.02619	0.03061	0.07671	0.02592	0.03388	0.02084	0.02947	0.01573	0.01135	0.01124	0.00367	0.01456	0.01002	0.00570	0.01375
5	0.01565	0.01149	0.01465	0.01386	0.01664	0.01050	0.01040	0.02069	0.03119	0.04354	0.48339	0.08670	0.15211	0.02361	0.01328	0.00357	0.00535	0.02072	0.01218	0.01050
6	0.07981	0.08778	0.03146	0.02309	0.03083	0.03213	0.01892	0.22053	0.25378	0.05421	0.03345	0.03218	0.02498	0.01368	0.01063	0.00348	0.01053	0.01058	0.01038	0.01757
7	0.01715	0.01160	0.01425	0.01415	0.01709	0.01034	0.01039	0.02076	0.02731	0.07370	0.24432	0.22135	0.22134	0.02719	0.01342	0.00388	0.00607	0.02374	0.01141	0.01054
8	0.02662	0.02854	0.11561	0.10615	0.09094	0.02317	0.02418	0.12708	0.03063	0.04346	0.07774	0.03230	0.02655	0.01202	0.01059	0.00302	0.01170	0.01000	0.00759	0.19211
9	0.02390	0.04616	0.35810	0.08484	0.14295	0.02642	0.08931	0.03493	0.02432	0.03534	0.02065	0.02576	0.01530	0.01048	0.01111	0.00356	0.01615	0.00932	0.00503	0.01636
10	0.01371	0.00979	0.01306	0.01567	0.01632	0.00914	0.01045	0.01567	0.02155	0.02873	0.06203	0.59710	0.07444	0.03526	0.01437	0.00457	0.00653	0.03200	0.01045	0.00914
11	0.02564	0.02160	0.03591	0.29974	0.22963	0.02391	0.02962	0.03227	0.02405	0.07542	0.02342	0.03123	0.01828	0.01761	0.06039	0.00487	0.01532	0.01031	0.00606	0.01474
12	0.08454	0.03941	0.22797	0.17255	0.13726	0.08306	0.03301	0.03450	0.02424	0.03459	0.01962	0.02517	0.01491	0.01079	0.01052	0.00349	0.01534	0.00872	0.00527	0.01503
13	0.01506	0.01109	0.01440	0.01655	0.01838	0.01043	0.01259	0.01822	0.02367	0.03062	0.07037	0.36017	0.15121	0.03274	0.01456	0.00463	0.00762	0.16768	0.01042	0.00960
14	0.01622	0.01196	0.01570	0.01778	0.02019	0.01144	0.01457	0.02024	0.02491	0.03196	0.07090	0.22559	0.15894	0.03149	0.01484	0.00478	0.00861	0.27957	0.01040	0.00993
15	0.09301	0.02244	0.02380	0.06581	0.02979	0.06814	0.01735	0.13158	0.08162	0.04137	0.03288	0.12273	0.03040	0.03398	0.14633	0.00724	0.01597	0.01371	0.00845	0.01340
16	0.32330	0.02520	0.02454	0.02011	0.02790	0.02806	0.01648	0.20122	0.08598	0.10703	0.02584	0.02595	0.01862	0.01240	0.00940	0.00348	0.01011	0.00876	0.00967	0.01595
17	0.61401	0.02148	0.01760	0.01538	0.02254	0.02429	0.01267	0.03549	0.02060	0.10477	0.01884	0.02049	0.01392	0.01083	0.00745	0.00348	0.00880	0.00667	0.00773	0.01296

[dist]
# distance from previous block
# <min> <max>
0	2

[block]
# block no. 7 follows, 11 sequences, length 22
# corresponding to MSA columns:
# 916-937
name=unknown_H
#
# <colnr> <probs for GDERKNQSTAVLIFYWHMCP>
#	G	D	E	R	K	N	Q	S	T	A	V	L	I	F	Y	W	H	M	C	P
0	0.02652	0.24590	0.13270	0.02907	0.03937	0.03249	0.15187	0.03667	0.08151	0.03448	0.06334	0.03047	0.02487	0.01150	0.01042	0.00323	0.01378	0.01032	0.00643	0.01508
1	0.01766	0.01262	0.01760	0.02019	0.02257	0.01255	0.01732	0.02250	0.02544	0.03315	0.05985	0.17713	0.06581	0.03154	0.01542	0.00512	0.00995	0.41297	0.01037	0.01023
2	0.01809	0.01336	0.01767	0.01973	0.02224	0.01360	0.01624	0.02527	0.07575	0.03388	0.05875	0.23220	0.06395	0.03045	0.01483	0.00489	0.00928	0.30848	0.01050	0.01084
3	0.01556	0.01147	0.01506	0.01645	0.01852	0.01045	0.01195	0.01856	0.02313	0.03147	0.08974	0.42887	0.06913	0.03096	0.01384	0.00429	0.00723	0.09447	0.01018	0.07870
4	0.02334	0.02001	0.02334	0.01667	0.02667	0.01500	0.01334	0.02834	0.02334	0.03668	0.02001	0.02334	0.01667	0.00834	0.00834	0.00167	0.00834	0.00667	0.00667	0.67325
5	0.04279	0.03153	0.03378	0.02590	0.03490	0.03490	0.02139	0.49671	0.05292	0.07093	0.02702	0.02702	0.01914	0.01351	0.01126	0.00338	0.01239	0.01013	0.01126	0.01914
6	0.01612	0.01280	0.01734	0.10831	0.02698	0.01276	0.01409	0.02085	0.02731	0.03642	0.26467	0.14268	0.17957	0.02424	0.01322	0.00386	0.00750	0.05041	0.01036	0.01050
7	0.02409	0.01688	0.01946	0.01754	0.02205	0.01750	0.01331	0.03805	0.20342	0.09947	0.20910	0.06466	0.10190	0.08171	0.01709	0.00444	0.00773	0.01644	0.01146	0.01369
8	0.14005	0.02324	0.02403	0.02124	0.02796	0.02631	0.01674	0.05481	0.37979	0.10047	0.04062	0.03764	0.02996	0.01432	0.01069	0.00373	0.00895	0.01147	0.01097	0.01702
9	0.03366	0.01715	0.02043	0.01691	0.02265	0.01671	0.01353	0.11580	0.03288	0.21296	0.11977	0.04522	0.03978	0.01511	0.01050	0.00319	0.00792	0.01235	0.22863	0.01487
10	0.02495	0.12273	0.04358	0.02942	0.03565	0.06368	0.18693	0.02969	0.02240	0.02894	0.02383	0.03804	0.02252	0.15480	0.06094	0.00623	0.07567	0.01193	0.00576	0.01232
11	0.01553	0.01061	0.01456	0.01687	0.01795	0.01020	0.01236	0.01754	0.02188	0.02895	0.05649	0.41017	0.06559	0.03462	0.01810	0.08193	0.00790	0.13998	0.00978	0.00897
12	0.15570	0.02069	0.02520	0.01967	0.02812	0.01963	0.01625	0.09045	0.03187	0.41803	0.03806	0.03396	0.02447	0.01331	0.01059	0.00347	0.00968	0.01034	0.01253	0.01799
13	0.01402	0.01033	0.01314	0.01476	0.01623	0.00944	0.01018	0.01668	0.02391	0.03173	0.14801	0.43578	0.15012	0.03217	0.01402	0.00428	0.00620	0.02878	0.01077	0.00944
14	0.13951	0.25272	0.15942	0.02204	0.03240	0.03214	0.02289	0.03928	0.08019	0.08881	0.02321	0.02432	0.01772	0.01112	0.00891	0.00313	0.01195	0.00790	0.00688	0.01546
15	0.02531	0.02175	0.03188	0.16709	0.15220	0.02458	0.02456	0.10604	0.02896	0.04003	0.10964	0.03907	0.03323	0.02077	0.06298	0.00496	0.07320	0.01199	0.00754	0.01424
16	0.01493	0.00991	0.01263	0.01481	0.01579	0.00937	0.01002	0.01744	0.02189	0.03094	0.05780	0.50430	0.06682	0.03156	0.01328	0.00425	0.00632	0.02840	0.12019	0.00937
17	0.03433	0.02373	0.09005	0.02736	0.06588	0.01848	0.08039	0.04048	0.02876	0.26271	0.08282	0.08730	0.03763	0.01650	0.01222	0.00375	0.01130	0.04967	0.01059	0.01606
18	0.02992	0.02828	0.12359	0.03712	0.16625	0.02231	0.08486	0.03942	0.06587	0.13377	0.03020	0.03295	0.02219	0.01175	0.01085	0.00338	0.01221	0.01069	0.11806	0.01631
19	0.02283	0.06373	0.08272	0.11838	0.03750	0.02204	0.04929	0.07143	0.06852	0.04031	0.17191	0.05824	0.04976	0.01763	0.01223	0.00376	0.01108	0.07628	0.00893	0.01341
20	0.43055	0.02426	0.02461	0.02415	0.07955	0.02809	0.01755	0.11005	0.02527	0.04974	0.01805	0.02150	0.01425	0.01198	0.01159	0.00362	0.07629	0.00762	0.00730	0.01397
21	0.02158	0.01416	0.02007	0.05994	0.02468	0.01544	0.01548	0.02349	0.02151	0.08680	0.04252	0.26252	0.04563	0.02892	0.02222	0.11616	0.09430	0.06546	0.00869	0.01043

[dist]
# distance from previous block
# <min> <max>
0	10

# created by:
# /st0/software/busco_prod/Augustus/scripts/msa2prfl.pl ./align_prep/9415.fa
