[name]
unknown

[dist]
# distance from previous block
# <min> <max>
0	367

[block]
# block no. 0 follows, 12 sequences, length 89
# corresponding to MSA columns:
# 377-465
name=unknown_A
#
# <colnr> <probs for GDERKNQSTAVLIFYWHMCP>
#	G	D	E	R	K	N	Q	S	T	A	V	L	I	F	Y	W	H	M	C	P
0	0.08767	0.01302	0.01599	0.01484	0.01769	0.01246	0.01048	0.02339	0.01940	0.10565	0.03268	0.14073	0.03291	0.14996	0.02916	0.19752	0.00890	0.01422	0.00773	0.06561
1	0.01971	0.01382	0.01854	0.01655	0.02006	0.01324	0.03979	0.02633	0.07565	0.08208	0.27442	0.11577	0.11336	0.10002	0.01825	0.00451	0.00746	0.01858	0.01063	0.01123
2	0.03587	0.02117	0.02968	0.02727	0.08536	0.02089	0.05929	0.07445	0.14084	0.26275	0.03980	0.09116	0.03035	0.01500	0.01142	0.00355	0.01017	0.01317	0.01094	0.01686
3	0.02708	0.02347	0.03732	0.22771	0.17225	0.02512	0.08247	0.07874	0.07558	0.06816	0.02443	0.02958	0.01845	0.01099	0.01096	0.00338	0.01311	0.01022	0.00683	0.05416
4	0.03284	0.03977	0.02870	0.02571	0.03084	0.39014	0.04792	0.03621	0.02772	0.02722	0.02837	0.03248	0.06798	0.02472	0.10635	0.00545	0.01984	0.00972	0.00609	0.01194
5	0.03489	0.16510	0.10053	0.02778	0.03794	0.02779	0.14578	0.08315	0.02866	0.20157	0.02724	0.02815	0.01917	0.01107	0.01047	0.00321	0.01313	0.00986	0.00824	0.01626
6	0.14121	0.32665	0.10202	0.02035	0.02958	0.08288	0.01991	0.03647	0.02366	0.10068	0.01951	0.02096	0.01533	0.01030	0.00813	0.00281	0.01206	0.00689	0.00625	0.01436
7	0.02058	0.01187	0.01501	0.01445	0.01711	0.01086	0.01027	0.02335	0.02444	0.12361	0.17142	0.21667	0.11519	0.14920	0.02176	0.00521	0.00737	0.02076	0.01043	0.01047
8	0.02241	0.01226	0.01567	0.01462	0.01727	0.01136	0.01030	0.02508	0.02422	0.14420	0.18087	0.16555	0.06026	0.21600	0.02652	0.00592	0.00802	0.01864	0.01022	0.01061
9	0.02059	0.01938	0.03270	0.59060	0.07510	0.02422	0.03028	0.02786	0.02180	0.02786	0.01938	0.02907	0.01453	0.01090	0.01090	0.00363	0.01453	0.00969	0.00484	0.01211
10	0.13107	0.01943	0.02496	0.09438	0.03320	0.01921	0.01744	0.04734	0.07125	0.37338	0.03622	0.03372	0.02382	0.01281	0.01039	0.00344	0.00980	0.01023	0.01123	0.01667
11	0.08049	0.01500	0.01773	0.01747	0.02060	0.01575	0.01327	0.10838	0.02706	0.03868	0.08810	0.29987	0.05398	0.03188	0.07266	0.00549	0.01023	0.06249	0.00966	0.01120
12	0.02261	0.01938	0.02261	0.01615	0.02584	0.01453	0.01292	0.02745	0.02261	0.03553	0.01938	0.02261	0.01615	0.00807	0.00807	0.00161	0.00807	0.00646	0.00646	0.68346
13	0.01974	0.01113	0.01494	0.01595	0.01799	0.01016	0.01119	0.02206	0.02275	0.12357	0.05700	0.50597	0.06394	0.03042	0.01338	0.00424	0.00686	0.02737	0.01073	0.01061
14	0.08744	0.01344	0.01762	0.01636	0.01962	0.01413	0.01255	0.02581	0.02097	0.11917	0.08487	0.04536	0.03427	0.10156	0.27459	0.06346	0.01800	0.01206	0.00788	0.01083
15	0.08033	0.01532	0.01876	0.01632	0.02082	0.01510	0.01240	0.03417	0.06852	0.20441	0.13631	0.05260	0.04407	0.15205	0.07531	0.00634	0.01056	0.01354	0.01024	0.01285
16	0.69383	0.02109	0.01603	0.01434	0.02109	0.02446	0.01181	0.03205	0.01856	0.04892	0.01518	0.01771	0.01181	0.01012	0.00675	0.00337	0.00843	0.00590	0.00675	0.01181
17	0.25418	0.02017	0.02212	0.01790	0.02519	0.02050	0.01466	0.10344	0.02970	0.27197	0.08527	0.03410	0.02906	0.01329	0.00979	0.00337	0.00892	0.01010	0.01080	0.01547
18	0.02531	0.01683	0.01960	0.01787	0.02245	0.01713	0.01363	0.09579	0.13161	0.11779	0.09725	0.21737	0.11719	0.02243	0.01227	0.00378	0.00778	0.01934	0.01109	0.01348
19	0.35965	0.02150	0.02113	0.01774	0.02465	0.02330	0.01440	0.13835	0.02834	0.15116	0.02741	0.08089	0.02212	0.01376	0.00917	0.00345	0.00917	0.01019	0.00930	0.01431
20	0.08648	0.01312	0.01549	0.01434	0.01808	0.01230	0.01077	0.02540	0.02617	0.12704	0.22439	0.14068	0.15033	0.06844	0.01540	0.00415	0.00683	0.01863	0.01075	0.01121
21	0.02181	0.01393	0.01768	0.01624	0.02009	0.01352	0.01271	0.03020	0.09614	0.11369	0.36098	0.07398	0.07931	0.02085	0.01258	0.00361	0.00665	0.06181	0.01190	0.01233
22	0.20674	0.02189	0.02366	0.01939	0.02646	0.02300	0.01569	0.19153	0.03311	0.19879	0.03270	0.10422	0.02633	0.01523	0.01026	0.00348	0.00955	0.01194	0.01049	0.01555
23	0.01362	0.00995	0.01282	0.01448	0.01578	0.00915	0.00995	0.01619	0.02308	0.03083	0.15136	0.46173	0.12814	0.03135	0.01362	0.00417	0.00603	0.02814	0.01046	0.00915
24	0.01328	0.00949	0.01265	0.01518	0.01581	0.00886	0.01012	0.01518	0.02088	0.02783	0.06010	0.60969	0.07212	0.03416	0.01392	0.00443	0.00633	0.03100	0.01012	0.00886
25	0.02413	0.01373	0.01728	0.01591	0.01998	0.01278	0.01207	0.03028	0.07268	0.16817	0.20135	0.19322	0.12849	0.02287	0.01247	0.00371	0.00683	0.01991	0.01161	0.01253
26	0.04073	0.05197	0.03090	0.02809	0.03371	0.57303	0.02107	0.04354	0.03090	0.02669	0.01685	0.01966	0.01404	0.01124	0.00983	0.00281	0.01966	0.00702	0.00562	0.01264
27	0.02059	0.01938	0.03270	0.59060	0.07510	0.02422	0.03028	0.02786	0.02180	0.02786	0.01938	0.02907	0.01453	0.01090	0.01090	0.00363	0.01453	0.00969	0.00484	0.01211
28	0.03136	0.01614	0.02056	0.01787	0.02322	0.01540	0.01392	0.03999	0.11582	0.25976	0.15734	0.14939	0.05296	0.01935	0.01193	0.00363	0.00772	0.01671	0.01215	0.01477
29	0.01416	0.01014	0.01275	0.01394	0.01507	0.00949	0.00934	0.01639	0.02215	0.02975	0.15250	0.36475	0.10864	0.14327	0.02162	0.00536	0.00685	0.02528	0.00981	0.00873
30	0.04213	0.02945	0.03204	0.02457	0.03327	0.03219	0.02029	0.47044	0.04943	0.11330	0.02772	0.02718	0.01932	0.01313	0.01091	0.00328	0.01175	0.00992	0.01114	0.01854
31	0.60758	0.02516	0.01799	0.01615	0.02275	0.09690	0.01303	0.03357	0.02019	0.04598	0.01540	0.01797	0.01210	0.01027	0.00715	0.00330	0.00992	0.00605	0.00660	0.01192
32	0.01528	0.01229	0.01377	0.01319	0.01667	0.01138	0.00995	0.02172	0.07624	0.03670	0.27599	0.08935	0.31921	0.02425	0.01270	0.00358	0.00567	0.02066	0.01097	0.01042
33	0.04892	0.01856	0.02530	0.01940	0.02783	0.01603	0.01603	0.05314	0.03121	0.55634	0.04302	0.03711	0.02699	0.01350	0.01096	0.00337	0.00928	0.01096	0.01350	0.01856
34	0.02543	0.01929	0.02290	0.01650	0.02605	0.01469	0.01325	0.03020	0.02353	0.09129	0.02191	0.02416	0.01731	0.00866	0.00838	0.00180	0.00820	0.00694	0.00721	0.61228
35	0.01698	0.01277	0.01591	0.01484	0.01788	0.01251	0.01121	0.02551	0.09666	0.04397	0.47719	0.07606	0.09369	0.02130	0.01263	0.00346	0.00560	0.01874	0.01188	0.01121
36	0.02782	0.01373	0.01838	0.01606	0.02059	0.01227	0.01244	0.03218	0.02968	0.23552	0.29013	0.13443	0.07011	0.02053	0.01228	0.00354	0.00686	0.01790	0.01232	0.01323
37	0.03068	0.54791	0.05367	0.01990	0.02874	0.11312	0.01898	0.03409	0.02331	0.02579	0.01538	0.01778	0.01400	0.00958	0.00737	0.00240	0.01272	0.00599	0.00479	0.01381
38	0.04892	0.01856	0.02530	0.01940	0.02783	0.01603	0.01603	0.05314	0.03121	0.55634	0.04302	0.03711	0.02699	0.01350	0.01096	0.00337	0.00928	0.01096	0.01350	0.01856
39	0.04244	0.02896	0.03174	0.02434	0.03302	0.03146	0.02010	0.45178	0.04862	0.13311	0.02840	0.02762	0.01966	0.01314	0.01092	0.00329	0.01164	0.00997	0.01125	0.01854
40	0.04145	0.03054	0.03272	0.02509	0.03381	0.03381	0.02072	0.51243	0.05127	0.06872	0.02618	0.02618	0.01854	0.01309	0.01091	0.00327	0.01200	0.00982	0.01091	0.01854
41	0.04345	0.02733	0.03074	0.02357	0.03221	0.02905	0.01947	0.38956	0.04590	0.19917	0.03068	0.02910	0.02080	0.01320	0.01092	0.00330	0.01127	0.01012	0.01160	0.01855
42	0.02574	0.02941	0.06434	0.04596	0.05699	0.02757	0.50919	0.03493	0.02574	0.03493	0.02206	0.02941	0.01654	0.00919	0.01287	0.00368	0.01838	0.01287	0.00551	0.01471
43	0.03991	0.02978	0.03186	0.02478	0.03323	0.03310	0.02035	0.46378	0.10242	0.06624	0.02813	0.02773	0.02012	0.01327	0.01093	0.00332	0.01164	0.01009	0.01093	0.01841
44	0.02059	0.01938	0.03270	0.59060	0.07510	0.02422	0.03028	0.02786	0.02180	0.02786	0.01938	0.02907	0.01453	0.01090	0.01090	0.00363	0.01453	0.00969	0.00484	0.01211
45	0.04563	0.01787	0.02400	0.01864	0.02664	0.01540	0.01532	0.04971	0.03063	0.50817	0.04918	0.04331	0.07429	0.01479	0.01114	0.00340	0.00893	0.01207	0.01319	0.01770
46	0.02915	0.62337	0.05714	0.01866	0.02799	0.04314	0.01866	0.03265	0.02215	0.02565	0.01516	0.01749	0.01399	0.00933	0.00700	0.00233	0.01166	0.00583	0.00466	0.01399
47	0.01543	0.01115	0.01457	0.01372	0.01629	0.01029	0.01029	0.02058	0.03086	0.04372	0.54304	0.08145	0.10288	0.02229	0.01286	0.00343	0.00514	0.01972	0.01200	0.01029
48	0.01332	0.00992	0.01241	0.01421	0.01561	0.00901	0.00973	0.01558	0.02229	0.02907	0.09783	0.47127	0.17585	0.03209	0.01364	0.00421	0.00609	0.02864	0.01023	0.00901
49	0.36121	0.09759	0.02130	0.01467	0.02085	0.02231	0.01230	0.03224	0.02220	0.09828	0.06730	0.02926	0.02440	0.01188	0.00791	0.00310	0.00808	0.00837	0.12434	0.01240
50	0.01337	0.01047	0.01212	0.01296	0.01535	0.00922	0.00924	0.01612	0.02414	0.03073	0.14853	0.29276	0.30744	0.02939	0.01327	0.00393	0.00578	0.02560	0.01037	0.00922
51	0.07963	0.01323	0.01594	0.01431	0.01814	0.01242	0.01087	0.02627	0.02785	0.12979	0.31761	0.06982	0.12329	0.07463	0.01590	0.00409	0.00668	0.01700	0.01111	0.01141
52	0.01620	0.01157	0.01599	0.01851	0.02042	0.01137	0.01518	0.02022	0.02375	0.03109	0.05849	0.27889	0.06575	0.03141	0.01469	0.00483	0.00885	0.33305	0.01007	0.00966
53	0.04168	0.02745	0.03048	0.02366	0.03210	0.02958	0.01945	0.37771	0.09019	0.16623	0.03126	0.02972	0.02160	0.01333	0.01094	0.00333	0.01114	0.01028	0.01145	0.01843
54	0.11796	0.01883	0.02431	0.01886	0.02711	0.01693	0.01557	0.05088	0.02985	0.50202	0.04004	0.03504	0.02537	0.01313	0.01051	0.00337	0.00919	0.01042	0.01277	0.01783
55	0.02021	0.01510	0.01720	0.01595	0.01972	0.01593	0.01217	0.03398	0.19702	0.04382	0.28704	0.06064	0.06644	0.01810	0.01135	0.00337	0.00631	0.01557	0.12748	0.01261
56	0.01328	0.00949	0.01265	0.01518	0.01581	0.00886	0.01012	0.01518	0.02088	0.02783	0.06010	0.60969	0.07212	0.03416	0.01392	0.00443	0.00633	0.03100	0.01012	0.00886
57	0.01371	0.01044	0.01261	0.01341	0.01557	0.00935	0.00955	0.01674	0.02481	0.03252	0.20279	0.30239	0.23894	0.02887	0.01330	0.00392	0.00575	0.02537	0.01061	0.00935
58	0.01328	0.00949	0.01265	0.01518	0.01581	0.00886	0.01012	0.01518	0.02088	0.02783	0.06010	0.60969	0.07212	0.03416	0.01392	0.00443	0.00633	0.03100	0.01012	0.00886
59	0.02712	0.02342	0.02465	0.02219	0.02835	0.02712	0.01726	0.05794	0.52909	0.04561	0.04438	0.04068	0.03328	0.01479	0.01109	0.00370	0.00863	0.01233	0.01109	0.01726
60	0.69383	0.02109	0.01603	0.01434	0.02109	0.02446	0.01181	0.03205	0.01856	0.04892	0.01518	0.01771	0.01181	0.01012	0.00675	0.00337	0.00843	0.00590	0.00675	0.01181
61	0.01353	0.00959	0.01258	0.01486	0.01543	0.00902	0.00978	0.01525	0.02039	0.02718	0.05759	0.55738	0.06896	0.09078	0.01796	0.00503	0.00674	0.02953	0.00978	0.00864
62	0.02644	0.02636	0.04409	0.03383	0.04237	0.02734	0.25816	0.04667	0.28260	0.04038	0.03345	0.03516	0.02509	0.01205	0.01196	0.00369	0.01341	0.01259	0.00836	0.01601
63	0.01819	0.00947	0.01400	0.01433	0.01442	0.00939	0.00956	0.01433	0.01509	0.02011	0.02437	0.10928	0.02596	0.03739	0.03882	0.59319	0.00905	0.01231	0.00545	0.00528
64	0.01365	0.01031	0.01262	0.01366	0.01561	0.00927	0.00963	0.01651	0.02424	0.03183	0.18187	0.34690	0.21506	0.02964	0.01339	0.00399	0.00583	0.02619	0.01054	0.00927
65	0.04437	0.02585	0.02982	0.02286	0.03147	0.02685	0.01889	0.33268	0.04342	0.25956	0.03277	0.03046	0.02185	0.01325	0.01093	0.00331	0.01093	0.01027	0.01192	0.01855
66	0.01323	0.00969	0.01244	0.01464	0.01567	0.00890	0.00988	0.01524	0.02140	0.02805	0.06675	0.54304	0.13448	0.03330	0.01378	0.00433	0.00622	0.02994	0.01012	0.00890
67	0.02988	0.02494	0.04175	0.06065	0.48000	0.02460	0.03116	0.03606	0.02567	0.10438	0.02348	0.02832	0.01855	0.01021	0.01082	0.00326	0.01247	0.00988	0.00647	0.01744
68	0.02523	0.02026	0.02550	0.01870	0.02808	0.01649	0.04332	0.03247	0.06600	0.07694	0.02348	0.02567	0.01846	0.00913	0.00884	0.00205	0.00883	0.00769	0.00734	0.53554
69	0.02239	0.02121	0.03595	0.44341	0.20824	0.02470	0.03118	0.02943	0.02265	0.03004	0.01970	0.02848	0.01530	0.01057	0.01087	0.00352	0.01409	0.00970	0.00500	0.01356
70	0.02397	0.09228	0.16825	0.01991	0.02995	0.01967	0.02038	0.03044	0.02428	0.08449	0.06375	0.03787	0.09114	0.01275	0.00976	0.00273	0.01022	0.01021	0.00726	0.24067
71	0.01910	0.01533	0.01878	0.01567	0.02170	0.01254	0.01228	0.02380	0.02526	0.03716	0.18973	0.10085	0.05230	0.01678	0.01071	0.00274	0.00719	0.05559	0.00883	0.35367
72	0.02958	0.03178	0.13581	0.02254	0.03013	0.11951	0.02052	0.03938	0.11418	0.12480	0.03285	0.08679	0.02784	0.07882	0.01552	0.00411	0.01228	0.01197	0.00832	0.05324
73	0.03481	0.01965	0.02376	0.01930	0.02632	0.01922	0.01548	0.09513	0.14308	0.25023	0.12993	0.04344	0.04024	0.01484	0.01107	0.00328	0.00857	0.01232	0.01177	0.07756
74	0.01830	0.01182	0.01528	0.01403	0.01722	0.01073	0.01066	0.02317	0.03043	0.08948	0.46360	0.07922	0.13036	0.02190	0.01269	0.00344	0.00555	0.01918	0.01199	0.01096
75	0.02412	0.18973	0.15489	0.08113	0.03444	0.02484	0.02203	0.03036	0.02420	0.07234	0.07930	0.03931	0.09326	0.01353	0.00990	0.00302	0.01108	0.01073	0.00690	0.07488
76	0.01619	0.01289	0.01879	0.01837	0.02139	0.01163	0.05042	0.01950	0.02207	0.03015	0.05086	0.41423	0.05835	0.02786	0.01313	0.00404	0.00801	0.08468	0.00922	0.10824
77	0.02468	0.22209	0.09699	0.07140	0.03188	0.08571	0.01998	0.03226	0.07132	0.03244	0.12277	0.04068	0.07771	0.01422	0.00999	0.00307	0.01132	0.01116	0.00716	0.01314
78	0.63812	0.02087	0.01683	0.01478	0.02167	0.02373	0.01217	0.03387	0.01965	0.09275	0.01759	0.01939	0.01312	0.01041	0.00711	0.00337	0.00851	0.00634	0.00733	0.01239
79	0.03224	0.12952	0.03051	0.02073	0.02768	0.07546	0.01707	0.07161	0.16573	0.14277	0.03183	0.03227	0.02413	0.02158	0.08432	0.00498	0.01319	0.00983	0.00897	0.05560
80	0.02420	0.10484	0.10971	0.07223	0.07330	0.02424	0.02176	0.07863	0.08493	0.03818	0.10193	0.03589	0.03166	0.01871	0.05892	0.00433	0.01250	0.01059	0.00747	0.08598
81	0.01578	0.06593	0.01737	0.01394	0.01696	0.01277	0.01063	0.01970	0.02704	0.03637	0.32166	0.18103	0.17226	0.02440	0.01254	0.00357	0.00603	0.02124	0.01063	0.01014
82	0.10132	0.13944	0.12640	0.02176	0.02977	0.12850	0.02041	0.07539	0.02700	0.07625	0.06869	0.03189	0.02549	0.06731	0.01372	0.00375	0.01278	0.00938	0.00712	0.01363
83	0.02381	0.01600	0.01958	0.01778	0.02119	0.01738	0.01331	0.08095	0.11436	0.07993	0.03309	0.04566	0.02941	0.17223	0.19595	0.07148	0.01585	0.01227	0.00810	0.01168
84	0.01809	0.01500	0.02074	0.01708	0.02219	0.01291	0.05614	0.02260	0.02537	0.03605	0.22367	0.10203	0.10003	0.07191	0.01541	0.00367	0.00781	0.01609	0.00902	0.20417
85	0.02357	0.35785	0.07215	0.01863	0.02563	0.03061	0.01776	0.02788	0.02166	0.02772	0.06700	0.03089	0.02581	0.03144	0.17103	0.00688	0.01640	0.00890	0.00566	0.01256
86	0.02844	0.07448	0.02668	0.01874	0.02592	0.02165	0.01537	0.16290	0.03248	0.08530	0.13051	0.03799	0.03611	0.01910	0.05746	0.00398	0.01076	0.01084	0.00917	0.19213
87	0.24817	0.09075	0.03198	0.02550	0.07017	0.07778	0.06010	0.10125	0.07617	0.08706	0.02297	0.02458	0.01733	0.01116	0.00923	0.00324	0.01158	0.00846	0.00775	0.01478
88	0.02510	0.07190	0.07313	0.01780	0.02309	0.01550	0.01524	0.02889	0.02434	0.17060	0.05212	0.29919	0.09225	0.02345	0.01206	0.00379	0.00848	0.02038	0.01000	0.01267

[dist]
# distance from previous block
# <min> <max>
0	2

[block]
# block no. 1 follows, 12 sequences, length 28
# corresponding to MSA columns:
# 468-495
name=unknown_B
#
# <colnr> <probs for GDERKNQSTAVLIFYWHMCP>
#	G	D	E	R	K	N	Q	S	T	A	V	L	I	F	Y	W	H	M	C	P
0	0.03161	0.06827	0.03235	0.02380	0.03178	0.06470	0.05497	0.20580	0.13201	0.04723	0.02700	0.02861	0.02076	0.01612	0.04518	0.00388	0.01269	0.00959	0.00864	0.13499
1	0.02900	0.13121	0.21886	0.02640	0.07185	0.02463	0.02571	0.03798	0.05630	0.14309	0.06093	0.03037	0.02427	0.01171	0.01001	0.00311	0.01193	0.00936	0.00756	0.06573
2	0.12261	0.02699	0.14877	0.09308	0.03636	0.02008	0.02261	0.03864	0.02473	0.23441	0.02911	0.03088	0.02032	0.02031	0.07892	0.00515	0.01385	0.00953	0.00848	0.01518
3	0.02786	0.01510	0.02297	0.01975	0.02455	0.01375	0.07274	0.03184	0.02525	0.21079	0.04653	0.27173	0.04437	0.02136	0.01199	0.00374	0.00865	0.01932	0.09467	0.01305
4	0.02663	0.01985	0.02906	0.18083	0.15269	0.02121	0.02258	0.09894	0.02818	0.09200	0.06173	0.10869	0.03093	0.01508	0.01115	0.00348	0.01092	0.01327	0.05862	0.01416
5	0.02499	0.07672	0.21424	0.25049	0.10667	0.02538	0.03181	0.03345	0.02344	0.08078	0.02149	0.02671	0.01571	0.01072	0.01043	0.00341	0.01420	0.00898	0.00563	0.01475
6	0.02187	0.05640	0.56031	0.03108	0.04719	0.02532	0.04029	0.03453	0.02302	0.03453	0.01957	0.02302	0.01381	0.01036	0.01036	0.00345	0.01611	0.00806	0.00460	0.01611
7	0.01393	0.00994	0.01228	0.01388	0.01465	0.00935	0.00899	0.01541	0.01995	0.02621	0.05843	0.41375	0.11226	0.18908	0.02491	0.00599	0.00738	0.02613	0.00918	0.00829
8	0.07953	0.02412	0.06849	0.19195	0.08423	0.02363	0.07399	0.04050	0.11728	0.14316	0.02888	0.03147	0.02069	0.01179	0.01079	0.00354	0.01230	0.01037	0.00801	0.01528
9	0.01894	0.00947	0.01420	0.01420	0.01420	0.00947	0.00947	0.01420	0.01420	0.01894	0.01894	0.03314	0.01894	0.03788	0.04261	0.68277	0.00947	0.00947	0.00473	0.00473
10	0.03774	0.01915	0.02401	0.02019	0.02688	0.01871	0.01642	0.10428	0.10144	0.30982	0.04450	0.10091	0.03544	0.01761	0.01176	0.00371	0.00934	0.06960	0.01209	0.01642
11	0.10430	0.01358	0.01937	0.16815	0.03133	0.01530	0.01532	0.02010	0.01678	0.02509	0.01858	0.03011	0.01687	0.02718	0.02963	0.41591	0.01069	0.00908	0.00502	0.00760
12	0.02544	0.28617	0.23501	0.08335	0.10492	0.03275	0.02943	0.03298	0.02277	0.03032	0.01782	0.02178	0.01439	0.00990	0.00906	0.00297	0.01370	0.00749	0.00475	0.01499
13	0.04352	0.02131	0.02629	0.02080	0.02883	0.02087	0.01697	0.12295	0.13194	0.38297	0.04076	0.03617	0.02696	0.01369	0.01098	0.00342	0.00956	0.01106	0.01264	0.01830
14	0.01935	0.01170	0.01538	0.01616	0.01879	0.01076	0.01224	0.02253	0.02436	0.10595	0.09619	0.33307	0.12351	0.02878	0.01352	0.00424	0.00731	0.11481	0.01072	0.01062
15	0.02259	0.01989	0.03187	0.27212	0.08701	0.02210	0.08166	0.07603	0.02397	0.03173	0.02449	0.03995	0.02210	0.17264	0.02304	0.00542	0.01357	0.01174	0.00607	0.01201
16	0.03220	0.02838	0.13523	0.11147	0.10551	0.02278	0.02508	0.11567	0.02925	0.17664	0.02838	0.03326	0.02109	0.06904	0.01502	0.00407	0.01245	0.01031	0.00834	0.01583
17	0.11849	0.02225	0.02464	0.02011	0.02742	0.02350	0.01629	0.15840	0.15376	0.21749	0.03541	0.03328	0.02473	0.01324	0.01022	0.00337	0.00935	0.01034	0.06092	0.01679
18	0.03428	0.02536	0.02749	0.02289	0.03017	0.02827	0.01832	0.21312	0.31395	0.10632	0.03800	0.03534	0.02758	0.01408	0.01102	0.00352	0.00985	0.01133	0.01128	0.01783
19	0.02728	0.02652	0.03335	0.33570	0.12050	0.10460	0.02729	0.09204	0.06208	0.03488	0.02171	0.02791	0.01659	0.01134	0.01075	0.00343	0.01436	0.00951	0.00620	0.01398
20	0.02331	0.01129	0.01247	0.01166	0.01492	0.01089	0.00892	0.02829	0.02471	0.10391	0.08894	0.04444	0.03558	0.01379	0.00857	0.00273	0.00560	0.01125	0.52753	0.01120
21	0.15638	0.10847	0.03434	0.12844	0.17325	0.02670	0.02279	0.03713	0.07566	0.10197	0.02383	0.02690	0.01817	0.01094	0.00955	0.00327	0.01126	0.00885	0.00706	0.01504
22	0.10088	0.02457	0.02712	0.02135	0.02895	0.02615	0.01748	0.30860	0.04141	0.15642	0.10256	0.03540	0.03163	0.01421	0.01081	0.00332	0.01016	0.01109	0.01117	0.01672
23	0.01902	0.01161	0.01567	0.01642	0.01883	0.01083	0.01246	0.02258	0.02524	0.09687	0.16399	0.31988	0.07140	0.02816	0.01357	0.00421	0.00722	0.12053	0.01093	0.01061
24	0.02795	0.01504	0.01929	0.01680	0.02163	0.01422	0.01307	0.03577	0.09292	0.21430	0.27652	0.10136	0.06641	0.01930	0.01208	0.00352	0.00706	0.01671	0.01225	0.01382
25	0.01470	0.01058	0.01392	0.01422	0.01613	0.00980	0.01023	0.01873	0.02745	0.03830	0.37810	0.26185	0.09237	0.02634	0.01322	0.00377	0.00555	0.02357	0.01136	0.00980
26	0.01419	0.01094	0.01256	0.01261	0.01497	0.01015	0.00895	0.01675	0.02256	0.02888	0.13567	0.11860	0.28909	0.15920	0.09045	0.00685	0.00949	0.02019	0.00909	0.00883
27	0.01881	0.02015	0.08835	0.02095	0.02510	0.01891	0.01847	0.02753	0.09158	0.02947	0.02876	0.03824	0.02521	0.05724	0.37106	0.01256	0.07833	0.01112	0.00634	0.01183

[dist]
# distance from previous block
# <min> <max>
0	10

[block]
# block no. 2 follows, 12 sequences, length 20
# corresponding to MSA columns:
# 506-525
name=unknown_C
#
# <colnr> <probs for GDERKNQSTAVLIFYWHMCP>
#	G	D	E	R	K	N	Q	S	T	A	V	L	I	F	Y	W	H	M	C	P
0	0.12143	0.13529	0.09473	0.04010	0.20760	0.02976	0.09813	0.08240	0.02614	0.03888	0.01953	0.02390	0.01561	0.01003	0.00983	0.00319	0.01311	0.00881	0.00596	0.01556
1	0.69383	0.02109	0.01603	0.01434	0.02109	0.02446	0.01181	0.03205	0.01856	0.04892	0.01518	0.01771	0.01181	0.01012	0.00675	0.00337	0.00843	0.00590	0.00675	0.01181
2	0.02224	0.02471	0.08937	0.40910	0.18469	0.02474	0.03206	0.02987	0.02264	0.03038	0.01967	0.02796	0.01511	0.01056	0.01082	0.00352	0.01432	0.00953	0.00495	0.01375
3	0.02685	0.02829	0.02706	0.23634	0.04469	0.19899	0.02160	0.03391	0.06326	0.03210	0.09503	0.03519	0.02926	0.01304	0.01056	0.00325	0.01364	0.01046	0.06424	0.01224
4	0.01451	0.01072	0.01356	0.01368	0.01594	0.00977	0.00994	0.01849	0.02748	0.03763	0.35790	0.21595	0.16202	0.02604	0.01313	0.00372	0.00549	0.02301	0.01125	0.00977
5	0.02247	0.01274	0.01640	0.01625	0.01869	0.01228	0.01232	0.02507	0.02202	0.12233	0.04447	0.08402	0.04580	0.29301	0.03264	0.00724	0.01014	0.18296	0.00911	0.01003
6	0.02341	0.02425	0.04285	0.03361	0.03804	0.02843	0.20553	0.02857	0.02022	0.02939	0.01932	0.02861	0.01697	0.02412	0.10236	0.00614	0.29921	0.01110	0.00520	0.01267
7	0.02925	0.09912	0.02382	0.01661	0.02146	0.01740	0.01324	0.03251	0.02337	0.20955	0.03596	0.08911	0.03109	0.12309	0.12247	0.00703	0.01293	0.01277	0.06640	0.01284
8	0.69383	0.02109	0.01603	0.01434	0.02109	0.02446	0.01181	0.03205	0.01856	0.04892	0.01518	0.01771	0.01181	0.01012	0.00675	0.00337	0.00843	0.00590	0.00675	0.01181
9	0.01835	0.01478	0.01755	0.01702	0.01988	0.01600	0.01290	0.02786	0.14228	0.03307	0.10484	0.11441	0.13571	0.11212	0.08364	0.00643	0.04627	0.05651	0.00924	0.01114
10	0.09610	0.01453	0.01667	0.01439	0.01973	0.01334	0.01140	0.03201	0.02672	0.21456	0.11166	0.06143	0.19549	0.01837	0.01086	0.00336	0.00700	0.01501	0.10445	0.01291
11	0.02946	0.01639	0.02101	0.06474	0.02721	0.01515	0.01448	0.03572	0.06220	0.20594	0.03834	0.13430	0.03225	0.01579	0.01044	0.00313	0.00833	0.01344	0.10345	0.14823
12	0.03206	0.02676	0.03231	0.13315	0.17929	0.11849	0.02365	0.03729	0.02631	0.13958	0.02409	0.02739	0.01803	0.01069	0.01022	0.00298	0.01284	0.00894	0.00718	0.12873
13	0.35222	0.02164	0.02614	0.08419	0.15560	0.02330	0.01961	0.03572	0.02263	0.13345	0.02181	0.02450	0.01609	0.01070	0.00888	0.00337	0.01028	0.00809	0.00743	0.01436
14	0.01961	0.10017	0.02620	0.09068	0.05693	0.02036	0.01689	0.02572	0.06634	0.03207	0.12388	0.23483	0.05092	0.02151	0.01381	0.00377	0.05788	0.01834	0.00840	0.01167
15	0.09976	0.02052	0.02809	0.10726	0.13012	0.02027	0.02021	0.06550	0.02740	0.18649	0.07121	0.03322	0.02635	0.01205	0.01025	0.00314	0.01026	0.01009	0.00881	0.10901
16	0.03156	0.07138	0.02658	0.01938	0.02683	0.15174	0.01524	0.03520	0.02545	0.12555	0.02428	0.02915	0.01986	0.07248	0.01382	0.00320	0.01162	0.00833	0.00741	0.28094
17	0.35488	0.02116	0.02111	0.01697	0.02484	0.02166	0.01392	0.08562	0.02564	0.16904	0.02366	0.02405	0.01687	0.01087	0.00841	0.00305	0.00894	0.00761	0.00873	0.13298
18	0.02971	0.06437	0.15023	0.02271	0.03078	0.06215	0.02154	0.10555	0.06178	0.13214	0.03580	0.16899	0.03235	0.01740	0.01123	0.00355	0.01141	0.01449	0.00898	0.01485
19	0.10144	0.01568	0.01955	0.01628	0.02176	0.01456	0.01271	0.03687	0.02767	0.28940	0.17543	0.05201	0.04792	0.09994	0.01728	0.00440	0.00824	0.01352	0.01143	0.01393

[dist]
# distance from previous block
# <min> <max>
0	7

[block]
# block no. 3 follows, 12 sequences, length 31
# corresponding to MSA columns:
# 533-563
name=unknown_D
#
# <colnr> <probs for GDERKNQSTAVLIFYWHMCP>
#	G	D	E	R	K	N	Q	S	T	A	V	L	I	F	Y	W	H	M	C	P
0	0.02687	0.02845	0.11963	0.03375	0.12802	0.02331	0.09769	0.07993	0.09732	0.07534	0.09585	0.03615	0.03095	0.01255	0.01117	0.00331	0.01193	0.01146	0.00808	0.06824
1	0.02673	0.01477	0.01864	0.01597	0.02156	0.01248	0.01231	0.03038	0.02604	0.20064	0.09733	0.18390	0.12100	0.02023	0.01154	0.00332	0.00740	0.01741	0.01064	0.14771
2	0.69383	0.02109	0.01603	0.01434	0.02109	0.02446	0.01181	0.03205	0.01856	0.04892	0.01518	0.01771	0.01181	0.01012	0.00675	0.00337	0.00843	0.00590	0.00675	0.01181
3	0.02691	0.14331	0.16391	0.02617	0.07948	0.02646	0.02370	0.10448	0.02718	0.03850	0.01977	0.02269	0.01564	0.00978	0.00911	0.00260	0.01174	0.00753	0.00625	0.23479
4	0.01354	0.01095	0.01203	0.01202	0.01519	0.00944	0.00892	0.01681	0.02599	0.03279	0.21137	0.13944	0.39967	0.02684	0.01296	0.00368	0.00549	0.02285	0.01058	0.00944
5	0.08424	0.01192	0.01207	0.01138	0.01483	0.01199	0.00876	0.02852	0.02323	0.08802	0.03439	0.03824	0.02639	0.01254	0.00784	0.00269	0.00577	0.00985	0.55627	0.01107
6	0.03778	0.03307	0.11914	0.03054	0.11157	0.13118	0.02385	0.04546	0.06579	0.24570	0.03053	0.02998	0.02118	0.01204	0.01062	0.00328	0.01301	0.00960	0.00902	0.01667
7	0.02735	0.03097	0.16604	0.07797	0.08990	0.02318	0.15274	0.03755	0.06611	0.11839	0.07364	0.03447	0.02664	0.01197	0.01148	0.00351	0.01362	0.01145	0.00753	0.01548
8	0.03902	0.01602	0.02113	0.01698	0.02354	0.01417	0.01374	0.04352	0.02975	0.39171	0.11785	0.04445	0.03870	0.01470	0.01069	0.00324	0.00794	0.01216	0.12479	0.01589
9	0.02187	0.01303	0.01804	0.01923	0.02239	0.01254	0.01619	0.02629	0.02542	0.11466	0.05577	0.18348	0.05852	0.02811	0.01424	0.00467	0.00935	0.33439	0.01060	0.01121
10	0.02698	0.02299	0.03619	0.20795	0.20111	0.02492	0.06511	0.03928	0.14005	0.08259	0.02779	0.03186	0.02094	0.01153	0.01108	0.00351	0.01254	0.01067	0.00728	0.01563
11	0.03464	0.24993	0.04205	0.02569	0.07080	0.03615	0.02066	0.26166	0.07592	0.04836	0.02308	0.02415	0.01791	0.01157	0.00946	0.00295	0.01168	0.00852	0.00818	0.01665
12	0.59301	0.02158	0.01802	0.01555	0.02258	0.02447	0.01281	0.06946	0.02201	0.09157	0.01826	0.01992	0.01354	0.01062	0.00740	0.00337	0.00877	0.00661	0.00760	0.01286
13	0.02764	0.02981	0.12363	0.16240	0.17419	0.02573	0.13294	0.07794	0.02701	0.07890	0.02279	0.02809	0.01689	0.01057	0.01122	0.00346	0.01456	0.01024	0.00634	0.01565
14	0.42771	0.02293	0.02591	0.02040	0.02844	0.02420	0.08846	0.07476	0.02322	0.04645	0.01788	0.02102	0.01382	0.00992	0.00826	0.00313	0.01021	0.00740	0.00689	0.11899
15	0.04080	0.05002	0.03106	0.02782	0.03372	0.52393	0.02104	0.08624	0.03275	0.03051	0.01770	0.02026	0.01445	0.01140	0.00993	0.00285	0.01896	0.00728	0.00610	0.01318
16	0.01558	0.01168	0.01752	0.01752	0.01947	0.01363	0.01363	0.01947	0.01752	0.02531	0.02921	0.04283	0.02726	0.08178	0.57360	0.01752	0.02921	0.01168	0.00584	0.00974
17	0.01394	0.00995	0.01340	0.01593	0.01685	0.00942	0.01125	0.01631	0.02152	0.02856	0.05974	0.53564	0.07069	0.03355	0.01409	0.00452	0.00689	0.09862	0.01011	0.00904
18	0.04892	0.01856	0.02530	0.01940	0.02783	0.01603	0.01603	0.05314	0.03121	0.55634	0.04302	0.03711	0.02699	0.01350	0.01096	0.00337	0.00928	0.01096	0.01350	0.01856
19	0.04073	0.05197	0.03090	0.02809	0.03371	0.57303	0.02107	0.04354	0.03090	0.02669	0.01685	0.01966	0.01404	0.01124	0.00983	0.00281	0.01966	0.00702	0.00562	0.01264
20	0.01871	0.01087	0.01458	0.01582	0.01764	0.00995	0.01102	0.02096	0.02245	0.10825	0.05750	0.52257	0.06525	0.03102	0.01347	0.00427	0.00678	0.02795	0.01063	0.01033
21	0.02107	0.01787	0.01642	0.01539	0.01929	0.09588	0.01159	0.02457	0.02773	0.08000	0.20539	0.11293	0.26505	0.02283	0.01231	0.00350	0.00796	0.01913	0.01026	0.01084
22	0.01328	0.00949	0.01265	0.01518	0.01581	0.00886	0.01012	0.01518	0.02088	0.02783	0.06010	0.60969	0.07212	0.03416	0.01392	0.00443	0.00633	0.03100	0.01012	0.00886
23	0.01574	0.01105	0.01432	0.01432	0.01516	0.01189	0.00963	0.01741	0.01657	0.02294	0.03214	0.05907	0.03431	0.38633	0.27868	0.01357	0.01860	0.01406	0.00628	0.00795
24	0.02261	0.01938	0.02261	0.01615	0.02584	0.01453	0.01292	0.02745	0.02261	0.03553	0.01938	0.02261	0.01615	0.00807	0.00807	0.00161	0.00807	0.00646	0.00646	0.68346
25	0.69383	0.02109	0.01603	0.01434	0.02109	0.02446	0.01181	0.03205	0.01856	0.04892	0.01518	0.01771	0.01181	0.01012	0.00675	0.00337	0.00843	0.00590	0.00675	0.01181
26	0.02059	0.01938	0.03270	0.59060	0.07510	0.02422	0.03028	0.02786	0.02180	0.02786	0.01938	0.02907	0.01453	0.01090	0.01090	0.00363	0.01453	0.00969	0.00484	0.01211
27	0.01721	0.01301	0.01587	0.01406	0.01772	0.01133	0.01011	0.02079	0.02433	0.03492	0.24494	0.11151	0.06283	0.15747	0.02159	0.00470	0.00727	0.01639	0.00914	0.18482
28	0.02187	0.05640	0.56031	0.03108	0.04719	0.02532	0.04029	0.03453	0.02302	0.03453	0.01957	0.02302	0.01381	0.01036	0.01036	0.00345	0.01611	0.00806	0.00460	0.01611
29	0.01586	0.01057	0.01189	0.01189	0.01189	0.01057	0.00661	0.01586	0.01586	0.02114	0.03436	0.07135	0.03964	0.61681	0.05550	0.01057	0.01057	0.01586	0.00661	0.00661
30	0.02161	0.02713	0.14746	0.02107	0.02856	0.02094	0.02008	0.03925	0.24305	0.04019	0.13827	0.05361	0.11896	0.01704	0.01151	0.00359	0.00930	0.01427	0.00958	0.01451

[dist]
# distance from previous block
# <min> <max>
0	32

[block]
# block no. 4 follows, 12 sequences, length 51
# corresponding to MSA columns:
# 596-646
name=unknown_E
#
# <colnr> <probs for GDERKNQSTAVLIFYWHMCP>
#	G	D	E	R	K	N	Q	S	T	A	V	L	I	F	Y	W	H	M	C	P
0	0.03350	0.07995	0.07646	0.07260	0.03484	0.02460	0.05646	0.15848	0.03121	0.16893	0.02915	0.03540	0.02262	0.10677	0.01765	0.00443	0.01212	0.01075	0.00883	0.01520
1	0.12202	0.01269	0.01495	0.01468	0.01657	0.01406	0.01042	0.01994	0.01699	0.02728	0.02915	0.05075	0.02998	0.29293	0.26938	0.01242	0.01820	0.01251	0.00630	0.00876
2	0.01469	0.01030	0.01333	0.01522	0.01602	0.00994	0.01055	0.01666	0.02036	0.02699	0.05319	0.38801	0.06227	0.18034	0.02460	0.00608	0.00805	0.10567	0.00922	0.00850
3	0.02261	0.01938	0.02261	0.01615	0.02584	0.01453	0.01292	0.02745	0.02261	0.03553	0.01938	0.02261	0.01615	0.00807	0.00807	0.00161	0.00807	0.00646	0.00646	0.68346
4	0.02315	0.18120	0.26943	0.02749	0.03890	0.02744	0.10353	0.03179	0.02456	0.03400	0.10700	0.03252	0.02927	0.01194	0.01036	0.00321	0.01355	0.01024	0.00601	0.01440
5	0.09964	0.04698	0.02906	0.02638	0.03215	0.48154	0.01993	0.04357	0.06732	0.03015	0.01878	0.02107	0.01529	0.01140	0.00964	0.00293	0.01780	0.00732	0.00613	0.01291
6	0.03007	0.02295	0.02473	0.02136	0.02791	0.02550	0.01686	0.12487	0.36196	0.09489	0.04746	0.04397	0.07729	0.01558	0.01122	0.00360	0.00893	0.01279	0.01120	0.01684
7	0.02641	0.02719	0.05761	0.04193	0.05201	0.02547	0.43338	0.03491	0.02601	0.06690	0.02664	0.03852	0.02145	0.01139	0.01295	0.00378	0.01705	0.05544	0.00643	0.01451
8	0.37028	0.01982	0.02068	0.01688	0.02447	0.02023	0.01392	0.04263	0.02490	0.30349	0.02915	0.02745	0.01943	0.01181	0.00886	0.00337	0.00886	0.00844	0.01013	0.01519
9	0.01756	0.01169	0.01483	0.01373	0.01691	0.01055	0.01041	0.02226	0.02995	0.08013	0.43753	0.08179	0.16637	0.02246	0.01272	0.00346	0.00552	0.01958	0.01182	0.01074
10	0.01971	0.01124	0.01363	0.01349	0.01626	0.01076	0.01041	0.02448	0.02601	0.07278	0.19973	0.11087	0.05928	0.01967	0.01091	0.00333	0.00608	0.07135	0.28939	0.01062
11	0.01620	0.01099	0.01388	0.01316	0.01573	0.01027	0.00987	0.02133	0.02961	0.04324	0.46348	0.07505	0.09113	0.02079	0.01204	0.00329	0.00513	0.01822	0.11631	0.01027
12	0.02251	0.02277	0.04335	0.12766	0.04758	0.02280	0.26290	0.03240	0.07276	0.03684	0.14927	0.04294	0.03857	0.01315	0.01237	0.00361	0.01364	0.01393	0.00748	0.01344
13	0.02673	0.01925	0.02303	0.01666	0.02615	0.01477	0.01341	0.03148	0.02396	0.11718	0.02309	0.02488	0.01785	0.00892	0.00853	0.00189	0.00826	0.00717	0.00756	0.57923
14	0.01436	0.01110	0.01309	0.01260	0.01563	0.00983	0.00945	0.01851	0.02834	0.03773	0.36144	0.09131	0.28821	0.02453	0.01287	0.00354	0.00530	0.02110	0.01121	0.00983
15	0.69383	0.02109	0.01603	0.01434	0.02109	0.02446	0.01181	0.03205	0.01856	0.04892	0.01518	0.01771	0.01181	0.01012	0.00675	0.00337	0.00843	0.00590	0.00675	0.01181
16	0.03063	0.27368	0.08870	0.08155	0.11518	0.03483	0.02435	0.15792	0.03021	0.03938	0.01962	0.02275	0.01572	0.01060	0.00924	0.00293	0.01259	0.00801	0.00642	0.01569
17	0.18680	0.15465	0.08241	0.02721	0.07640	0.02861	0.08716	0.08029	0.02620	0.12107	0.02231	0.02431	0.01655	0.01061	0.00933	0.00318	0.01197	0.00850	0.00728	0.01517
18	0.47974	0.02039	0.02020	0.10553	0.03069	0.02300	0.01541	0.03494	0.02119	0.13102	0.02052	0.02276	0.01479	0.01081	0.00811	0.00341	0.00953	0.00735	0.00759	0.01299
19	0.01492	0.01075	0.01411	0.01407	0.01618	0.00994	0.01025	0.01928	0.02846	0.03990	0.42685	0.20853	0.09548	0.02515	0.01311	0.00367	0.00543	0.02243	0.01155	0.00994
20	0.01362	0.00984	0.01297	0.01534	0.01632	0.00919	0.01064	0.01584	0.02148	0.02834	0.06298	0.53771	0.10027	0.03342	0.01395	0.00443	0.00659	0.06798	0.01011	0.00898
21	0.01503	0.01113	0.01402	0.01330	0.01605	0.01012	0.00998	0.01981	0.02993	0.04150	0.47548	0.08512	0.17183	0.02312	0.01286	0.00347	0.00520	0.02023	0.01171	0.01012
22	0.02994	0.01390	0.01757	0.01535	0.02033	0.01234	0.01195	0.03376	0.02709	0.25946	0.09349	0.14223	0.12703	0.01964	0.01133	0.00346	0.00717	0.01666	0.12391	0.01343
23	0.47286	0.02210	0.02035	0.01696	0.02432	0.02437	0.01398	0.11124	0.02601	0.14542	0.02203	0.02261	0.01566	0.01121	0.00818	0.00336	0.00915	0.00745	0.00864	0.01411
24	0.03548	0.02511	0.02754	0.02275	0.03016	0.02769	0.01826	0.21395	0.28623	0.13365	0.03789	0.03512	0.02721	0.01400	0.01101	0.00350	0.00989	0.01125	0.01141	0.01790
25	0.14510	0.41534	0.04576	0.11416	0.03470	0.03666	0.01940	0.03174	0.02146	0.03013	0.01587	0.01948	0.01370	0.00973	0.00761	0.00274	0.01157	0.00649	0.00506	0.01329
26	0.02552	0.02214	0.02549	0.11117	0.03534	0.02579	0.01932	0.05111	0.41937	0.04205	0.04126	0.04379	0.03211	0.01510	0.01130	0.00377	0.00964	0.03966	0.01005	0.01602
27	0.02201	0.02321	0.04714	0.03478	0.04304	0.02161	0.33982	0.02961	0.02692	0.03660	0.15903	0.04921	0.08634	0.01412	0.01287	0.00362	0.01393	0.01549	0.00754	0.01311
28	0.02059	0.01938	0.03270	0.59060	0.07510	0.02422	0.03028	0.02786	0.02180	0.02786	0.01938	0.02907	0.01453	0.01090	0.01090	0.00363	0.01453	0.00969	0.00484	0.01211
29	0.69383	0.02109	0.01603	0.01434	0.02109	0.02446	0.01181	0.03205	0.01856	0.04892	0.01518	0.01771	0.01181	0.01012	0.00675	0.00337	0.00843	0.00590	0.00675	0.01181
30	0.01493	0.01047	0.01188	0.01230	0.01303	0.01005	0.00748	0.01571	0.01820	0.02366	0.05141	0.16757	0.12947	0.42026	0.04138	0.00839	0.00901	0.01960	0.00779	0.00742
31	0.08894	0.02618	0.02728	0.02273	0.03001	0.02967	0.01824	0.24415	0.28825	0.05547	0.03439	0.03274	0.02537	0.01370	0.01065	0.00349	0.01001	0.01075	0.01065	0.01733
32	0.02212	0.02040	0.03188	0.35881	0.13652	0.02196	0.02626	0.02863	0.02249	0.03107	0.01956	0.02706	0.01538	0.00998	0.01015	0.00305	0.01260	0.00885	0.00535	0.18787
33	0.02297	0.01399	0.01856	0.06304	0.02438	0.01377	0.01375	0.06728	0.02700	0.12725	0.12653	0.32778	0.05963	0.02493	0.01272	0.00392	0.00782	0.02212	0.01065	0.01190
34	0.02915	0.62337	0.05714	0.01866	0.02799	0.04314	0.01866	0.03265	0.02215	0.02565	0.01516	0.01749	0.01399	0.00933	0.00700	0.00233	0.01166	0.00583	0.00466	0.01399
35	0.02574	0.02941	0.06434	0.04596	0.05699	0.02757	0.50919	0.03493	0.02574	0.03493	0.02206	0.02941	0.01654	0.00919	0.01287	0.00368	0.01838	0.01287	0.00551	0.01471
36	0.04352	0.01971	0.02717	0.11602	0.03629	0.01891	0.01882	0.08761	0.03132	0.42627	0.03762	0.03484	0.02418	0.01302	0.01095	0.00341	0.01039	0.01065	0.01182	0.01747
37	0.01894	0.00947	0.01420	0.01420	0.01420	0.00947	0.00947	0.01420	0.01420	0.01894	0.01894	0.03314	0.01894	0.03788	0.04261	0.68277	0.00947	0.00947	0.00473	0.00473
38	0.01467	0.01046	0.01254	0.01363	0.01466	0.00995	0.00908	0.01622	0.01984	0.02579	0.05736	0.26402	0.13314	0.27128	0.03088	0.00688	0.00828	0.06454	0.00868	0.00810
39	0.04049	0.08138	0.11441	0.02304	0.03285	0.02572	0.02161	0.19985	0.03574	0.26732	0.03135	0.02958	0.02100	0.01250	0.01050	0.00326	0.01146	0.00968	0.01048	0.01777
40	0.02853	0.01844	0.02135	0.01863	0.02383	0.01922	0.01452	0.12554	0.14630	0.13042	0.13216	0.13393	0.04766	0.01847	0.01151	0.00353	0.00808	0.01571	0.06765	0.01454
41	0.01377	0.01085	0.01243	0.01252	0.01539	0.00951	0.00920	0.01718	0.02623	0.03386	0.24372	0.17102	0.33187	0.02684	0.01303	0.00371	0.00552	0.02311	0.01073	0.00951
42	0.04892	0.01856	0.02530	0.01940	0.02783	0.01603	0.01603	0.05314	0.03121	0.55634	0.04302	0.03711	0.02699	0.01350	0.01096	0.00337	0.00928	0.01096	0.01350	0.01856
43	0.02614	0.28263	0.19052	0.03077	0.04241	0.03344	0.18375	0.03388	0.02354	0.03098	0.01855	0.02281	0.01478	0.00955	0.00978	0.00306	0.01501	0.00870	0.00493	0.01478
44	0.02699	0.02591	0.04426	0.06693	0.54879	0.02591	0.03346	0.03346	0.02483	0.03562	0.02051	0.02699	0.01727	0.00972	0.01079	0.00324	0.01295	0.00972	0.00540	0.01727
45	0.01352	0.00959	0.01258	0.01488	0.01545	0.00901	0.00980	0.01524	0.02041	0.02722	0.05773	0.56029	0.06914	0.08763	0.01773	0.00499	0.00672	0.02961	0.00980	0.00865
46	0.02680	0.44039	0.21953	0.02267	0.03418	0.03739	0.02564	0.03326	0.02243	0.02852	0.01658	0.01928	0.01393	0.00966	0.00808	0.00269	0.01310	0.00655	0.00464	0.01468
47	0.02059	0.01994	0.02302	0.06922	0.02779	0.10123	0.05960	0.02572	0.02910	0.03766	0.33037	0.06434	0.11025	0.01880	0.01222	0.00339	0.00950	0.01649	0.00962	0.01113
48	0.03964	0.02552	0.06164	0.02242	0.03086	0.02431	0.01919	0.17956	0.16141	0.26009	0.03721	0.03409	0.02540	0.01351	0.01094	0.00343	0.01030	0.01080	0.01161	0.01807
49	0.01369	0.00966	0.01253	0.01467	0.01520	0.00913	0.00957	0.01529	0.02009	0.02678	0.05606	0.52530	0.06702	0.12550	0.02044	0.00539	0.00699	0.02862	0.00957	0.00850
50	0.19508	0.08174	0.16493	0.07083	0.03706	0.02929	0.02413	0.19253	0.03116	0.04821	0.02031	0.02282	0.01497	0.01117	0.00942	0.00330	0.01235	0.00807	0.00726	0.01535

[dist]
# distance from previous block
# <min> <max>
0	33

# created by:
# /st0/software/busco_prod/Augustus/scripts/msa2prfl.pl ./align_prep/9417.fa
