[name]
unknown

[dist]
# distance from previous block
# <min> <max>
0	35

[block]
# block no. 0 follows, 11 sequences, length 26
# corresponding to MSA columns:
# 35-60
name=unknown_A
#
# <colnr> <probs for GDERKNQSTAVLIFYWHMCP>
#	G	D	E	R	K	N	Q	S	T	A	V	L	I	F	Y	W	H	M	C	P
0	0.10303	0.02386	0.03369	0.07650	0.23561	0.02432	0.02484	0.09927	0.02915	0.10448	0.02709	0.03553	0.02203	0.01263	0.01085	0.00342	0.01172	0.04468	0.00797	0.06933
1	0.10290	0.07504	0.03362	0.15790	0.11100	0.09604	0.02364	0.09001	0.12619	0.04027	0.02498	0.02831	0.01933	0.01196	0.01034	0.00342	0.01299	0.00947	0.00737	0.01523
2	0.12857	0.10364	0.03752	0.19003	0.13552	0.02654	0.07499	0.03043	0.02343	0.03436	0.03081	0.03578	0.07862	0.01261	0.01047	0.00346	0.01258	0.01089	0.00614	0.01362
3	0.02414	0.03693	0.23708	0.04700	0.27261	0.02427	0.03398	0.03313	0.02576	0.03749	0.09117	0.03406	0.02870	0.01209	0.01126	0.00346	0.01353	0.01079	0.00620	0.01636
4	0.01900	0.01502	0.01833	0.01746	0.02013	0.01588	0.01320	0.07753	0.02772	0.03720	0.15155	0.25011	0.16590	0.02681	0.01640	0.00410	0.07979	0.02249	0.01022	0.01113
5	0.02904	0.12734	0.08819	0.02594	0.09734	0.02235	0.01996	0.03420	0.02572	0.14111	0.09072	0.04012	0.03284	0.08553	0.01607	0.00400	0.01080	0.01111	0.00826	0.08937
6	0.03000	0.10258	0.09238	0.11758	0.10188	0.02969	0.02551	0.19027	0.03290	0.04432	0.02344	0.02850	0.01844	0.02176	0.08681	0.00537	0.01581	0.00965	0.00731	0.01579
7	0.02499	0.01468	0.01825	0.01609	0.01976	0.01468	0.01242	0.02844	0.02572	0.15128	0.13293	0.06615	0.16507	0.09423	0.02070	0.00459	0.07837	0.01621	0.08341	0.01204
8	0.02328	0.02120	0.09198	0.01894	0.02494	0.01662	0.01694	0.03430	0.11727	0.10538	0.31161	0.06252	0.07090	0.01879	0.01235	0.00359	0.00805	0.01620	0.01135	0.01380
9	0.01852	0.01646	0.02453	0.02152	0.02403	0.01835	0.06649	0.02201	0.02200	0.03035	0.10536	0.13310	0.12086	0.09524	0.08892	0.00663	0.14926	0.01779	0.00791	0.01065
10	0.22785	0.20219	0.03691	0.02702	0.09232	0.18399	0.01980	0.03684	0.02470	0.03523	0.01685	0.02000	0.01422	0.01049	0.00848	0.00299	0.01358	0.00690	0.00583	0.01380
11	0.38788	0.21958	0.03243	0.01806	0.02575	0.09907	0.01572	0.03479	0.02199	0.03970	0.01588	0.01846	0.01322	0.01032	0.00745	0.00306	0.01127	0.00622	0.00611	0.01304
12	0.02213	0.12585	0.21328	0.02437	0.03402	0.02449	0.05525	0.03277	0.08470	0.03481	0.07159	0.10287	0.09453	0.01674	0.01130	0.00357	0.01190	0.01413	0.00748	0.01423
13	0.02295	0.02884	0.14659	0.02843	0.08644	0.02323	0.02391	0.03693	0.15550	0.04054	0.16981	0.04616	0.04597	0.01629	0.01455	0.00375	0.07317	0.01324	0.00879	0.01491
14	0.01619	0.01162	0.01588	0.01588	0.01713	0.01287	0.01132	0.01868	0.01744	0.02449	0.03217	0.05539	0.03299	0.28181	0.36908	0.01536	0.02285	0.01369	0.00633	0.00882
15	0.03031	0.03545	0.14357	0.11461	0.21347	0.09930	0.06776	0.03784	0.02652	0.09034	0.02301	0.02761	0.01733	0.01093	0.01111	0.00343	0.01523	0.00969	0.00630	0.01617
16	0.01733	0.01372	0.01624	0.01449	0.01889	0.01220	0.01105	0.02369	0.05966	0.04036	0.31424	0.07689	0.18645	0.02134	0.01233	0.00330	0.00614	0.01837	0.01091	0.12241
17	0.41778	0.09276	0.02619	0.01960	0.02571	0.11351	0.01622	0.03421	0.02133	0.04093	0.01582	0.01946	0.01317	0.01182	0.01166	0.00347	0.09074	0.00679	0.00626	0.01259
18	0.03009	0.61122	0.05898	0.01926	0.02889	0.04454	0.01926	0.03370	0.02287	0.02648	0.01565	0.01805	0.01444	0.00963	0.00722	0.00241	0.01204	0.00602	0.00481	0.01444
19	0.03212	0.01794	0.02080	0.01763	0.02333	0.01820	0.01398	0.09705	0.11640	0.18109	0.10740	0.04499	0.03909	0.01513	0.01059	0.00328	0.00794	0.01243	0.20544	0.01518
20	0.01586	0.01137	0.01368	0.01310	0.01603	0.01034	0.00983	0.02058	0.02948	0.04129	0.37604	0.08522	0.19832	0.02323	0.01269	0.00350	0.00540	0.02008	0.08363	0.01034
21	0.01961	0.01462	0.01756	0.01771	0.02040	0.01500	0.01281	0.08802	0.08191	0.03865	0.11281	0.39307	0.06622	0.02851	0.01348	0.00419	0.00746	0.02539	0.01091	0.01168
22	0.01509	0.01148	0.01401	0.01430	0.01711	0.01040	0.01094	0.01917	0.02777	0.03669	0.26988	0.15534	0.24159	0.02737	0.01372	0.00397	0.00628	0.08361	0.01123	0.01004
23	0.03074	0.03407	0.03676	0.17126	0.19295	0.20921	0.02817	0.03580	0.02599	0.03052	0.01882	0.02539	0.01564	0.01205	0.01401	0.00348	0.08640	0.00905	0.00543	0.01425
24	0.11490	0.01997	0.02331	0.01743	0.02667	0.01676	0.01415	0.03683	0.02545	0.18884	0.02672	0.02716	0.01944	0.01027	0.00905	0.00244	0.00875	0.00798	0.00887	0.39503
25	0.02829	0.12401	0.09293	0.02385	0.03387	0.02427	0.07769	0.03425	0.02443	0.09802	0.02238	0.02535	0.01738	0.01040	0.01127	0.00270	0.04916	0.00835	0.00683	0.28456

[dist]
# distance from previous block
# <min> <max>
3	41

[block]
# block no. 1 follows, 11 sequences, length 59
# corresponding to MSA columns:
# 155-172,175-215
name=unknown_B
#
# <colnr> <probs for GDERKNQSTAVLIFYWHMCP>
#	G	D	E	R	K	N	Q	S	T	A	V	L	I	F	Y	W	H	M	C	P
0	0.02578	0.21336	0.12385	0.15308	0.09710	0.03080	0.02650	0.03484	0.06812	0.03247	0.02115	0.02544	0.01694	0.01060	0.00961	0.00305	0.01294	0.00840	0.00572	0.08026
1	0.10855	0.02741	0.02683	0.02518	0.07764	0.12144	0.01782	0.08460	0.02867	0.09496	0.02639	0.07706	0.02262	0.01299	0.00998	0.00292	0.01153	0.01024	0.00807	0.20511
2	0.21765	0.09241	0.06719	0.08864	0.07001	0.08332	0.02074	0.03728	0.05638	0.07851	0.02176	0.02454	0.01669	0.01097	0.00917	0.00319	0.01200	0.00801	0.00694	0.07459
3	0.03000	0.15342	0.09373	0.09567	0.09578	0.02729	0.10803	0.03621	0.02504	0.12659	0.02568	0.03217	0.02026	0.06507	0.01489	0.00401	0.01367	0.01039	0.00696	0.01512
4	0.01703	0.01764	0.06910	0.01713	0.02111	0.01470	0.01487	0.02224	0.02801	0.03889	0.32822	0.07643	0.17829	0.02260	0.01579	0.00376	0.07401	0.01867	0.01034	0.01117
5	0.02616	0.03716	0.18700	0.10194	0.19649	0.08370	0.07875	0.03451	0.02556	0.03422	0.02402	0.03537	0.02034	0.01239	0.01153	0.00361	0.01553	0.05051	0.00575	0.01544
6	0.02151	0.01199	0.01527	0.01531	0.01825	0.01086	0.01113	0.02472	0.02536	0.12812	0.11344	0.32424	0.11780	0.02694	0.01291	0.00397	0.00674	0.02376	0.07631	0.01135
7	0.02390	0.03427	0.18660	0.13836	0.09330	0.02894	0.08193	0.03151	0.02188	0.03172	0.01876	0.02629	0.01519	0.01354	0.01966	0.00405	0.20083	0.00982	0.00503	0.01441
8	0.01547	0.01134	0.01451	0.01402	0.01661	0.01038	0.01040	0.02024	0.03033	0.04223	0.44612	0.13211	0.14496	0.02464	0.01337	0.00366	0.00546	0.02172	0.01203	0.01038
9	0.03121	0.01937	0.02212	0.01902	0.02467	0.02023	0.01495	0.13510	0.13441	0.14130	0.08588	0.10678	0.04017	0.01729	0.01122	0.00350	0.00847	0.01445	0.13455	0.01530
10	0.01955	0.00978	0.01466	0.01466	0.01466	0.00978	0.00978	0.01466	0.01466	0.01955	0.01955	0.03421	0.01955	0.03910	0.04399	0.67253	0.00978	0.00978	0.00489	0.00489
11	0.01619	0.01160	0.01579	0.01579	0.01700	0.01282	0.01120	0.01862	0.01741	0.02442	0.03225	0.05588	0.03320	0.29040	0.36077	0.01525	0.02253	0.01377	0.00634	0.00877
12	0.01608	0.01206	0.01809	0.01809	0.02010	0.01407	0.01407	0.02010	0.01809	0.02613	0.03015	0.04422	0.02814	0.08441	0.55984	0.01809	0.03015	0.01206	0.00603	0.01005
13	0.02126	0.02001	0.03376	0.57739	0.07752	0.02501	0.03126	0.02876	0.02251	0.02876	0.02001	0.03001	0.01500	0.01125	0.01125	0.00375	0.01500	0.01000	0.00500	0.01250
14	0.02334	0.02001	0.02334	0.01667	0.02667	0.01500	0.01334	0.02834	0.02334	0.03668	0.02001	0.02334	0.01667	0.00834	0.00834	0.00167	0.00834	0.00667	0.00667	0.67325
15	0.02332	0.05300	0.45633	0.03495	0.05061	0.02657	0.12616	0.03572	0.02429	0.03572	0.02068	0.02500	0.01479	0.01047	0.01118	0.00361	0.01707	0.00925	0.00493	0.01636
16	0.02338	0.11751	0.49390	0.03071	0.04659	0.02811	0.03919	0.03544	0.02367	0.03466	0.01971	0.02315	0.01428	0.01058	0.01032	0.00344	0.01614	0.00807	0.00476	0.01640
17	0.04502	0.02154	0.02682	0.02126	0.02952	0.02091	0.01734	0.10434	0.13355	0.38857	0.04279	0.03783	0.02824	0.01416	0.01134	0.00354	0.00975	0.01148	0.01313	0.01888
18	0.03128	0.01624	0.02264	0.12233	0.03310	0.01559	0.01675	0.03593	0.02843	0.25300	0.12206	0.10447	0.11280	0.01878	0.01215	0.00369	0.00914	0.01606	0.01121	0.01436
19	0.61362	0.02284	0.01843	0.01602	0.02321	0.02631	0.01320	0.08394	0.02286	0.05274	0.01692	0.01924	0.01295	0.01078	0.00744	0.00347	0.00911	0.00654	0.00744	0.01295
20	0.68395	0.02177	0.01654	0.01480	0.02177	0.02525	0.01219	0.03309	0.01915	0.05050	0.01567	0.01828	0.01219	0.01045	0.00697	0.00348	0.00871	0.00609	0.00697	0.01219
21	0.02126	0.02001	0.03376	0.57739	0.07752	0.02501	0.03126	0.02876	0.02251	0.02876	0.02001	0.03001	0.01500	0.01125	0.01125	0.00375	0.01500	0.01000	0.00500	0.01250
22	0.02786	0.02674	0.04568	0.06908	0.53424	0.02674	0.03454	0.03454	0.02563	0.03677	0.02117	0.02786	0.01783	0.01003	0.01114	0.00334	0.01337	0.01003	0.00557	0.01783
23	0.03118	0.01627	0.02303	0.12276	0.03374	0.01581	0.01765	0.03593	0.02796	0.24545	0.09324	0.11677	0.08190	0.01971	0.01246	0.00388	0.00966	0.06727	0.01105	0.01426
24	0.01637	0.01091	0.01228	0.01228	0.01228	0.01091	0.00682	0.01637	0.01637	0.02182	0.03546	0.07365	0.04092	0.60445	0.05729	0.01091	0.01091	0.01637	0.00682	0.00682
25	0.02462	0.02462	0.03447	0.02955	0.02955	0.03447	0.02462	0.02709	0.01724	0.02709	0.01477	0.02462	0.01477	0.01970	0.03694	0.00492	0.58385	0.00985	0.00492	0.01231
26	0.68395	0.02177	0.01654	0.01480	0.02177	0.02525	0.01219	0.03309	0.01915	0.05050	0.01567	0.01828	0.01219	0.01045	0.00697	0.00348	0.00871	0.00609	0.00697	0.01219
27	0.02269	0.10055	0.34010	0.03177	0.09742	0.02513	0.03276	0.03263	0.02541	0.03664	0.11498	0.03497	0.03190	0.01282	0.01089	0.00342	0.01368	0.01054	0.00628	0.01543
28	0.03154	0.02441	0.03670	0.04548	0.27377	0.02585	0.02657	0.10245	0.02876	0.11161	0.02569	0.03078	0.02032	0.02083	0.07802	0.00526	0.07722	0.01045	0.00758	0.01670
29	0.02257	0.05822	0.54613	0.03208	0.04871	0.02614	0.04158	0.03564	0.02376	0.03564	0.02020	0.02376	0.01426	0.01069	0.01069	0.00356	0.01663	0.00832	0.00475	0.01663
30	0.01460	0.01048	0.01385	0.01507	0.01652	0.00973	0.01052	0.01789	0.02566	0.03527	0.24788	0.39262	0.08710	0.03038	0.01393	0.00416	0.00604	0.02736	0.01122	0.00973
31	0.01608	0.01079	0.01236	0.01264	0.01271	0.01072	0.00721	0.01629	0.01692	0.02256	0.03831	0.12978	0.04451	0.54342	0.05268	0.01023	0.01044	0.01804	0.00721	0.00707
32	0.03492	0.11097	0.12225	0.02838	0.08704	0.02727	0.02384	0.08685	0.13449	0.18106	0.03254	0.03168	0.02322	0.01261	0.01065	0.00340	0.01164	0.01013	0.00943	0.01764
33	0.04279	0.03153	0.03378	0.02590	0.03490	0.03490	0.02139	0.49671	0.05292	0.07093	0.02702	0.02702	0.01914	0.01351	0.01126	0.00338	0.01239	0.01013	0.01126	0.01914
34	0.03169	0.44068	0.10605	0.02230	0.03218	0.10184	0.02211	0.07212	0.02641	0.03113	0.01725	0.01964	0.01480	0.01028	0.00826	0.00267	0.01352	0.00674	0.00544	0.01489
35	0.02462	0.02462	0.03447	0.02955	0.02955	0.03447	0.02462	0.02709	0.01724	0.02709	0.01477	0.02462	0.01477	0.01970	0.03694	0.00492	0.58385	0.00985	0.00492	0.01231
36	0.02154	0.02792	0.14157	0.02918	0.03707	0.02143	0.15756	0.03146	0.07630	0.03313	0.03161	0.09789	0.02896	0.08565	0.11974	0.00722	0.01736	0.01427	0.00681	0.01334
37	0.03009	0.61122	0.05898	0.01926	0.02889	0.04454	0.01926	0.03370	0.02287	0.02648	0.01565	0.01805	0.01444	0.00963	0.00722	0.00241	0.01204	0.00602	0.00481	0.01444
38	0.02258	0.02475	0.13417	0.03401	0.17184	0.01808	0.02355	0.02477	0.01972	0.02787	0.02015	0.03020	0.01795	0.02479	0.02757	0.34007	0.01224	0.00955	0.00506	0.01107
39	0.02591	0.01358	0.01700	0.01489	0.01953	0.01208	0.01161	0.03043	0.02979	0.18528	0.24963	0.07138	0.16335	0.02047	0.01214	0.00348	0.00662	0.01739	0.08261	0.01284
40	0.03315	0.09344	0.03431	0.02695	0.08550	0.02753	0.02007	0.17005	0.03257	0.09474	0.02363	0.02590	0.01820	0.01179	0.01228	0.00292	0.06320	0.00873	0.00824	0.20679
41	0.02583	0.02102	0.08466	0.02841	0.12147	0.01636	0.02002	0.03113	0.02683	0.14548	0.13284	0.20462	0.05249	0.02067	0.01246	0.00379	0.00944	0.01839	0.00997	0.01412
42	0.04462	0.08359	0.03262	0.02349	0.03183	0.12650	0.01930	0.19066	0.03784	0.24980	0.03123	0.02952	0.02138	0.01297	0.01071	0.00324	0.01270	0.00970	0.01073	0.01758
43	0.03596	0.02345	0.02647	0.02237	0.02967	0.02537	0.01780	0.10163	0.32911	0.19243	0.04354	0.03945	0.03097	0.01471	0.01139	0.00368	0.00945	0.01206	0.01215	0.01833
44	0.01334	0.01124	0.01156	0.01182	0.01531	0.00947	0.00874	0.01611	0.02525	0.03024	0.10891	0.15632	0.48496	0.02917	0.01341	0.00388	0.00578	0.02456	0.01045	0.00947
45	0.02235	0.13856	0.14141	0.08636	0.03457	0.07581	0.02222	0.02785	0.02379	0.02985	0.03970	0.19643	0.07886	0.01937	0.01135	0.00362	0.01203	0.01623	0.00706	0.01257
46	0.36814	0.07046	0.02562	0.01865	0.02661	0.02734	0.01565	0.14215	0.02954	0.14522	0.02362	0.02399	0.01688	0.01173	0.00877	0.00337	0.00997	0.00798	0.00907	0.01525
47	0.02563	0.02459	0.04113	0.21201	0.35233	0.02701	0.03261	0.03213	0.02390	0.03350	0.02020	0.02816	0.01671	0.01134	0.01373	0.00362	0.07033	0.01000	0.00534	0.01574
48	0.02358	0.01160	0.01241	0.01170	0.01516	0.01109	0.00895	0.02846	0.02483	0.09903	0.04609	0.04881	0.08367	0.01490	0.00887	0.00285	0.00580	0.01204	0.51874	0.01139
49	0.02425	0.02831	0.12143	0.08178	0.03305	0.06111	0.02120	0.07517	0.05830	0.03279	0.02727	0.04355	0.02575	0.22264	0.03020	0.00629	0.07595	0.01193	0.00672	0.01231
50	0.01593	0.01150	0.01504	0.01416	0.01681	0.01062	0.01062	0.02124	0.03186	0.04513	0.52830	0.08407	0.10620	0.02301	0.01327	0.00354	0.00531	0.02035	0.01239	0.01062
51	0.02227	0.02032	0.02832	0.02495	0.02517	0.02729	0.02007	0.02396	0.01700	0.02570	0.01930	0.03335	0.01972	0.09674	0.09730	0.06648	0.40519	0.01085	0.00526	0.01076
52	0.03638	0.10862	0.03539	0.02751	0.08133	0.06847	0.02062	0.20895	0.08966	0.09798	0.02714	0.02771	0.02027	0.01213	0.01030	0.00307	0.01188	0.00935	0.00917	0.09409
53	0.01434	0.01040	0.01362	0.01556	0.01687	0.00968	0.01095	0.01709	0.02362	0.03152	0.13019	0.45402	0.11015	0.03275	0.01423	0.00442	0.00661	0.06379	0.01071	0.00947
54	0.02847	0.09723	0.11747	0.22263	0.10193	0.02778	0.07895	0.06843	0.02674	0.09045	0.02312	0.02820	0.01704	0.01113	0.01091	0.00347	0.01438	0.00979	0.00650	0.01537
55	0.02787	0.15396	0.14041	0.11145	0.12529	0.03126	0.08302	0.08552	0.06622	0.03771	0.02246	0.02668	0.01743	0.01097	0.01055	0.00334	0.01413	0.00948	0.00627	0.01599
56	0.01608	0.01206	0.01809	0.01809	0.02010	0.01407	0.01407	0.02010	0.01809	0.02613	0.03015	0.04422	0.02814	0.08441	0.55984	0.01809	0.03015	0.01206	0.00603	0.01005
57	0.02302	0.03707	0.23813	0.03521	0.04671	0.02402	0.21874	0.03296	0.02594	0.03651	0.07573	0.04440	0.03032	0.01379	0.01256	0.00384	0.01574	0.06403	0.00654	0.01472
58	0.03642	0.08617	0.14041	0.03146	0.08700	0.02812	0.07205	0.16397	0.03404	0.16804	0.02787	0.02872	0.01954	0.01196	0.01098	0.00339	0.01326	0.00999	0.00892	0.01770

[dist]
# distance from previous block
# <min> <max>
0	3

[block]
# block no. 2 follows, 11 sequences, length 67
# corresponding to MSA columns:
# 219-285
name=unknown_C
#
# <colnr> <probs for GDERKNQSTAVLIFYWHMCP>
#	G	D	E	R	K	N	Q	S	T	A	V	L	I	F	Y	W	H	M	C	P
0	0.01371	0.00979	0.01306	0.01567	0.01632	0.00914	0.01045	0.01567	0.02155	0.02873	0.06203	0.59710	0.07444	0.03526	0.01437	0.00457	0.00653	0.03200	0.01045	0.00914
1	0.03141	0.07980	0.12180	0.07624	0.08462	0.02504	0.10893	0.04086	0.06767	0.15519	0.02820	0.03026	0.02027	0.01132	0.01095	0.00334	0.01321	0.01023	0.00792	0.07273
2	0.02987	0.08346	0.18978	0.15623	0.04684	0.02559	0.02808	0.08299	0.02776	0.12483	0.02464	0.02757	0.01754	0.01135	0.01046	0.00329	0.01339	0.00906	0.00725	0.08001
3	0.02244	0.01528	0.02256	0.19471	0.03784	0.01603	0.01803	0.02831	0.02892	0.10901	0.29880	0.06046	0.06620	0.01800	0.01236	0.00360	0.00900	0.01579	0.01025	0.01241
4	0.03151	0.07460	0.03120	0.02807	0.07395	0.15659	0.02030	0.05215	0.32021	0.04000	0.03466	0.03381	0.02671	0.01352	0.01080	0.00345	0.01225	0.01069	0.00910	0.01642
5	0.02332	0.09968	0.43222	0.02885	0.04397	0.02615	0.03577	0.03446	0.02363	0.03501	0.01979	0.02322	0.01461	0.01028	0.01007	0.00320	0.01509	0.00789	0.00502	0.10776
6	0.03351	0.02850	0.02931	0.10458	0.08642	0.14921	0.02115	0.08386	0.07092	0.11964	0.02870	0.03465	0.02277	0.07033	0.06241	0.00530	0.01536	0.01055	0.00815	0.01467
7	0.03011	0.46919	0.04969	0.01871	0.02730	0.03883	0.01789	0.07938	0.02600	0.03312	0.01973	0.02228	0.01692	0.01051	0.00772	0.00254	0.01113	0.00706	0.09754	0.01437
8	0.01634	0.01101	0.01277	0.01277	0.01294	0.01118	0.00743	0.01668	0.01651	0.02219	0.03501	0.07116	0.03984	0.56046	0.09980	0.01152	0.01254	0.01600	0.00675	0.00709
9	0.01622	0.01151	0.01531	0.01531	0.01636	0.01256	0.01060	0.01832	0.01727	0.02407	0.03269	0.05828	0.03425	0.33293	0.31968	0.01466	0.02096	0.01412	0.00641	0.00851
10	0.03363	0.02123	0.02376	0.02010	0.02643	0.02259	0.01625	0.17231	0.14327	0.13707	0.03912	0.04376	0.02997	0.01526	0.01083	0.00345	0.00925	0.04621	0.16943	0.01608
11	0.02126	0.02001	0.03376	0.57739	0.07752	0.02501	0.03126	0.02876	0.02251	0.02876	0.02001	0.03001	0.01500	0.01125	0.01125	0.00375	0.01500	0.01000	0.00500	0.01250
12	0.01608	0.01090	0.01273	0.01283	0.01325	0.01072	0.00766	0.01699	0.01897	0.02566	0.10628	0.12007	0.05288	0.47469	0.04748	0.00934	0.00976	0.01826	0.00791	0.00755
13	0.02641	0.01983	0.02645	0.06930	0.07123	0.02209	0.02015	0.07336	0.10500	0.08975	0.08114	0.10353	0.04209	0.02018	0.01609	0.00415	0.08982	0.09572	0.00959	0.01414
14	0.01608	0.01206	0.01809	0.01809	0.02010	0.01407	0.01407	0.02010	0.01809	0.02613	0.03015	0.04422	0.02814	0.08441	0.55984	0.01809	0.03015	0.01206	0.00603	0.01005
15	0.02423	0.02142	0.03494	0.19005	0.29923	0.02274	0.02772	0.03039	0.02377	0.03417	0.02419	0.03410	0.02049	0.05904	0.01446	0.00396	0.01247	0.01060	0.09750	0.01451
16	0.03396	0.02178	0.02589	0.01917	0.02865	0.01887	0.01559	0.11675	0.03084	0.17739	0.02773	0.02797	0.02008	0.01073	0.00964	0.00245	0.00937	0.00851	0.00940	0.38522
17	0.03792	0.02950	0.07883	0.11094	0.04339	0.02846	0.06420	0.25907	0.03944	0.15186	0.02845	0.02972	0.01965	0.01266	0.01140	0.00351	0.01316	0.01046	0.00980	0.01758
18	0.03001	0.02801	0.07582	0.07997	0.11932	0.02763	0.02418	0.17892	0.16015	0.04823	0.03315	0.08648	0.02748	0.01507	0.01154	0.00365	0.01167	0.01275	0.00918	0.01681
19	0.19835	0.02863	0.07971	0.04755	0.31003	0.02713	0.02804	0.08089	0.02655	0.04367	0.02026	0.02495	0.01620	0.01054	0.01004	0.00340	0.01235	0.00888	0.00644	0.01640
20	0.02347	0.03675	0.22692	0.11427	0.09478	0.02527	0.18069	0.03332	0.02543	0.03584	0.07049	0.03296	0.02451	0.01153	0.01189	0.00364	0.01577	0.01145	0.00590	0.01511
21	0.01637	0.01091	0.01228	0.01228	0.01228	0.01091	0.00682	0.01637	0.01637	0.02182	0.03546	0.07365	0.04092	0.60445	0.05729	0.01091	0.01091	0.01637	0.00682	0.00682
22	0.02699	0.08421	0.20962	0.08690	0.17772	0.02870	0.03193	0.07733	0.09474	0.03921	0.02422	0.02777	0.01852	0.01135	0.01074	0.00345	0.01379	0.00951	0.00649	0.01680
23	0.02334	0.02001	0.02334	0.01667	0.02667	0.01500	0.01334	0.02834	0.02334	0.03668	0.02001	0.02334	0.01667	0.00834	0.00834	0.00167	0.00834	0.00667	0.00667	0.67325
24	0.02848	0.43390	0.14173	0.02841	0.10261	0.03887	0.02526	0.03416	0.02341	0.02950	0.01721	0.02041	0.01488	0.00987	0.00837	0.00274	0.01302	0.00698	0.00491	0.01529
25	0.02411	0.03182	0.15536	0.21662	0.18233	0.02700	0.07870	0.03234	0.02346	0.03292	0.02009	0.02754	0.01574	0.01149	0.01389	0.00373	0.07273	0.00993	0.00515	0.01505
26	0.01741	0.01413	0.02219	0.01879	0.02266	0.01310	0.07775	0.02330	0.03112	0.04387	0.45800	0.07660	0.09381	0.02113	0.01328	0.00358	0.00721	0.01937	0.01146	0.01125
27	0.02356	0.02636	0.10039	0.02192	0.03298	0.01791	0.06570	0.03013	0.02372	0.03647	0.02031	0.02411	0.01638	0.00878	0.00916	0.00215	0.01056	0.00756	0.00630	0.51554
28	0.01714	0.01333	0.01775	0.01630	0.01859	0.01394	0.01257	0.02205	0.02983	0.04262	0.45688	0.07581	0.09349	0.02255	0.01657	0.00373	0.08577	0.01889	0.01135	0.01086
29	0.01619	0.01163	0.01593	0.01593	0.01719	0.01290	0.01137	0.01871	0.01745	0.02453	0.03212	0.05516	0.03289	0.27777	0.37298	0.01542	0.02300	0.01366	0.00632	0.00885
30	0.02098	0.01049	0.01049	0.01049	0.01311	0.01049	0.00787	0.02623	0.02360	0.04196	0.03672	0.04196	0.02885	0.01311	0.00787	0.00262	0.00525	0.01049	0.66693	0.01049
31	0.02471	0.02000	0.06835	0.02834	0.11975	0.01677	0.01929	0.03151	0.06375	0.12123	0.08072	0.26390	0.04984	0.02229	0.01261	0.00393	0.00930	0.01992	0.00986	0.01392
32	0.02098	0.01049	0.01049	0.01049	0.01311	0.01049	0.00787	0.02623	0.02360	0.04196	0.03672	0.04196	0.02885	0.01311	0.00787	0.00262	0.00525	0.01049	0.66693	0.01049
33	0.02928	0.04343	0.33287	0.10520	0.04786	0.02520	0.03376	0.08454	0.02800	0.12619	0.02506	0.02749	0.01722	0.01162	0.01094	0.00356	0.01475	0.00926	0.00704	0.01675
34	0.01922	0.02312	0.11518	0.02491	0.02982	0.01853	0.06687	0.02478	0.02300	0.03176	0.04372	0.23544	0.04749	0.02519	0.01708	0.00454	0.09082	0.13852	0.00821	0.01180
35	0.02334	0.02001	0.02334	0.01667	0.02667	0.01500	0.01334	0.02834	0.02334	0.03668	0.02001	0.02334	0.01667	0.00834	0.00834	0.00167	0.00834	0.00667	0.00667	0.67325
36	0.01608	0.01206	0.01809	0.01809	0.02010	0.01407	0.01407	0.02010	0.01809	0.02613	0.03015	0.04422	0.02814	0.08441	0.55984	0.01809	0.03015	0.01206	0.00603	0.01005
37	0.04204	0.05364	0.03190	0.02900	0.03480	0.55926	0.02175	0.04494	0.03190	0.02755	0.01740	0.02030	0.01450	0.01160	0.01015	0.00290	0.02030	0.00725	0.00580	0.01305
38	0.02334	0.02001	0.02334	0.01667	0.02667	0.01500	0.01334	0.02834	0.02334	0.03668	0.02001	0.02334	0.01667	0.00834	0.00834	0.00167	0.00834	0.00667	0.00667	0.67325
39	0.03009	0.61122	0.05898	0.01926	0.02889	0.04454	0.01926	0.03370	0.02287	0.02648	0.01565	0.01805	0.01444	0.00963	0.00722	0.00241	0.01204	0.00602	0.00481	0.01444
40	0.02331	0.01955	0.02890	0.25557	0.09561	0.02233	0.02371	0.10241	0.02700	0.03608	0.03048	0.13647	0.02881	0.02613	0.08811	0.00580	0.01495	0.01439	0.00724	0.01314
41	0.01952	0.01514	0.01761	0.01447	0.01931	0.01276	0.01018	0.02233	0.02107	0.03090	0.07631	0.05161	0.03616	0.27478	0.03058	0.00596	0.00919	0.01231	0.00729	0.31253
42	0.01814	0.01296	0.01814	0.02073	0.02332	0.01296	0.01814	0.02332	0.02591	0.03368	0.05959	0.12696	0.06478	0.03109	0.01555	0.00518	0.01036	0.45848	0.01036	0.01036
43	0.01489	0.01146	0.01361	0.01307	0.01618	0.01018	0.00980	0.01923	0.02941	0.03931	0.36457	0.09366	0.27356	0.02518	0.01329	0.00364	0.00546	0.02170	0.01162	0.01018
44	0.02478	0.03541	0.17221	0.02928	0.03708	0.11350	0.09114	0.03182	0.02532	0.03251	0.03286	0.09849	0.03229	0.01857	0.01473	0.00408	0.06417	0.12156	0.00694	0.01327
45	0.02098	0.01049	0.01049	0.01049	0.01311	0.01049	0.00787	0.02623	0.02360	0.04196	0.03672	0.04196	0.02885	0.01311	0.00787	0.00262	0.00525	0.01049	0.66693	0.01049
46	0.15184	0.29996	0.12892	0.02154	0.03150	0.03536	0.02180	0.07601	0.07265	0.03833	0.02034	0.02217	0.01633	0.01084	0.00852	0.00303	0.01193	0.00743	0.00640	0.01513
47	0.02751	0.03165	0.12532	0.03350	0.12048	0.06356	0.06565	0.11128	0.07378	0.04435	0.14379	0.04115	0.03940	0.01431	0.01173	0.00348	0.01250	0.01249	0.00851	0.01554
48	0.02098	0.01049	0.01049	0.01049	0.01311	0.01049	0.00787	0.02623	0.02360	0.04196	0.03672	0.04196	0.02885	0.01311	0.00787	0.00262	0.00525	0.01049	0.66693	0.01049
49	0.03008	0.16632	0.21280	0.03176	0.08818	0.12009	0.02941	0.08076	0.02738	0.03516	0.01906	0.02278	0.01522	0.01160	0.01223	0.00329	0.06451	0.00813	0.00567	0.01556
50	0.02525	0.25527	0.37254	0.02751	0.04165	0.03269	0.03363	0.03495	0.02344	0.03238	0.01858	0.02173	0.01432	0.01031	0.00946	0.00315	0.01500	0.00750	0.00477	0.01585
51	0.01955	0.00978	0.01466	0.01466	0.01466	0.00978	0.00978	0.01466	0.01466	0.01955	0.01955	0.03421	0.01955	0.03910	0.04399	0.67253	0.00978	0.00978	0.00489	0.00489
52	0.01619	0.01163	0.01593	0.01593	0.01719	0.01290	0.01137	0.01871	0.01745	0.02453	0.03212	0.05516	0.03289	0.27777	0.37298	0.01542	0.02300	0.01366	0.00632	0.00885
53	0.02462	0.02462	0.03447	0.02955	0.02955	0.03447	0.02462	0.02709	0.01724	0.02709	0.01477	0.02462	0.01477	0.01970	0.03694	0.00492	0.58385	0.00985	0.00492	0.01231
54	0.02399	0.02059	0.02363	0.01754	0.02703	0.01681	0.01396	0.03272	0.09156	0.03812	0.02359	0.02593	0.01913	0.00930	0.00877	0.00197	0.00841	0.00751	0.00733	0.58210
55	0.02646	0.04062	0.21572	0.08409	0.09526	0.07890	0.22416	0.03608	0.02577	0.03458	0.02105	0.02698	0.01581	0.01027	0.01179	0.00359	0.01755	0.01054	0.00533	0.01546
56	0.02098	0.01049	0.01049	0.01049	0.01311	0.01049	0.00787	0.02623	0.02360	0.04196	0.03672	0.04196	0.02885	0.01311	0.00787	0.00262	0.00525	0.01049	0.66693	0.01049
57	0.01443	0.01054	0.01357	0.01472	0.01638	0.00969	0.01032	0.01763	0.02551	0.03454	0.22752	0.37147	0.13129	0.03037	0.01388	0.00414	0.00603	0.02716	0.01112	0.00969
58	0.46774	0.02752	0.02288	0.06720	0.06879	0.11758	0.01714	0.03490	0.02214	0.04369	0.01675	0.02034	0.01326	0.01068	0.00819	0.00339	0.01159	0.00692	0.00649	0.01281
59	0.01827	0.02140	0.10820	0.01976	0.02487	0.01601	0.01771	0.02814	0.11425	0.03405	0.05875	0.28087	0.11892	0.02594	0.01315	0.00421	0.00898	0.06464	0.00964	0.01222
60	0.13908	0.02573	0.02674	0.02233	0.02982	0.02883	0.01795	0.19430	0.24912	0.09541	0.03491	0.03315	0.02545	0.01383	0.01066	0.00360	0.01004	0.01073	0.01088	0.01745
61	0.02738	0.03197	0.15179	0.09628	0.17262	0.02537	0.10228	0.03523	0.02477	0.08390	0.02270	0.02792	0.01726	0.01128	0.01339	0.00351	0.06358	0.00998	0.00621	0.07258
62	0.03387	0.08210	0.17976	0.02973	0.07831	0.07029	0.02694	0.08217	0.07035	0.15195	0.02754	0.02856	0.01984	0.01266	0.01260	0.00349	0.05534	0.00952	0.00813	0.01684
63	0.02718	0.22042	0.04185	0.02358	0.03117	0.02931	0.09747	0.11054	0.03159	0.04178	0.18242	0.04277	0.04499	0.01455	0.01089	0.00317	0.01113	0.01254	0.00850	0.01416
64	0.01938	0.01132	0.01409	0.01419	0.01647	0.01064	0.01014	0.02301	0.02526	0.08032	0.17758	0.24113	0.06578	0.07404	0.01604	0.00431	0.00656	0.02090	0.15833	0.01052
65	0.02882	0.08958	0.08630	0.07836	0.08519	0.06978	0.14446	0.11370	0.03128	0.04117	0.09209	0.03442	0.02902	0.01254	0.01151	0.00342	0.01433	0.01155	0.00736	0.01512
66	0.02870	0.11437	0.09357	0.04821	0.22135	0.08151	0.18096	0.03602	0.02601	0.03412	0.02048	0.02624	0.01650	0.01000	0.01116	0.00333	0.01595	0.01012	0.00546	0.01593

[dist]
# distance from previous block
# <min> <max>
1	7

[block]
# block no. 3 follows, 11 sequences, length 15
# corresponding to MSA columns:
# 293-307
name=unknown_D
#
# <colnr> <probs for GDERKNQSTAVLIFYWHMCP>
#	G	D	E	R	K	N	Q	S	T	A	V	L	I	F	Y	W	H	M	C	P
0	0.03166	0.03563	0.18063	0.02664	0.03508	0.06624	0.02619	0.11244	0.02995	0.12143	0.07261	0.03235	0.02620	0.01483	0.01662	0.00375	0.13341	0.01050	0.00815	0.01570
1	0.01870	0.01276	0.01660	0.01580	0.01580	0.01434	0.01061	0.01756	0.01597	0.02196	0.02713	0.05337	0.02999	0.33261	0.04983	0.21801	0.10271	0.01325	0.00591	0.00710
2	0.12698	0.02067	0.06837	0.07169	0.02832	0.01924	0.01689	0.03155	0.11379	0.03863	0.13273	0.05598	0.04503	0.12890	0.02006	0.00513	0.00994	0.04520	0.00871	0.01220
3	0.02157	0.01276	0.01435	0.01356	0.01576	0.01435	0.01056	0.02636	0.02258	0.03957	0.03319	0.03917	0.02658	0.01417	0.01254	0.00299	0.09831	0.01039	0.56045	0.01078
4	0.02610	0.09035	0.02857	0.01791	0.02777	0.02048	0.01485	0.07653	0.02629	0.03896	0.02021	0.02309	0.01666	0.00901	0.00850	0.00193	0.00918	0.00694	0.00692	0.52974
5	0.02867	0.08395	0.09122	0.02671	0.06880	0.02764	0.02213	0.14136	0.17686	0.04670	0.08047	0.04578	0.03532	0.01574	0.01148	0.00363	0.01102	0.05677	0.00953	0.01622
6	0.02211	0.01269	0.01290	0.01249	0.01571	0.01331	0.00947	0.03163	0.10246	0.04279	0.03818	0.04197	0.02973	0.01346	0.00844	0.00281	0.00583	0.01085	0.56150	0.01167
7	0.02873	0.06921	0.03201	0.13637	0.08583	0.07165	0.02215	0.10769	0.17069	0.04262	0.08751	0.03745	0.03204	0.01391	0.01115	0.00348	0.01180	0.01149	0.00875	0.01547
8	0.07913	0.02640	0.08050	0.09664	0.08005	0.02403	0.14249	0.07147	0.05361	0.12644	0.03064	0.08479	0.02473	0.01375	0.01171	0.00370	0.01329	0.01290	0.00822	0.01550
9	0.16056	0.02600	0.06569	0.07079	0.07129	0.02470	0.02068	0.11825	0.08653	0.12700	0.02740	0.02849	0.01986	0.01189	0.01004	0.00330	0.01091	0.00925	0.00888	0.09851
10	0.07709	0.02521	0.04238	0.09599	0.22018	0.02614	0.12503	0.03440	0.02439	0.07326	0.02188	0.02794	0.01729	0.01136	0.01412	0.00356	0.08046	0.01025	0.00627	0.06281
11	0.02880	0.02539	0.08200	0.11961	0.10022	0.02233	0.08372	0.08102	0.02874	0.11775	0.03694	0.04420	0.07104	0.01435	0.01175	0.00356	0.01263	0.04373	0.00821	0.06401
12	0.02994	0.02268	0.03119	0.09086	0.07851	0.02148	0.05436	0.08017	0.07479	0.11367	0.02700	0.02933	0.02016	0.01087	0.01028	0.00284	0.01094	0.00941	0.00826	0.27326
13	0.08952	0.01991	0.02780	0.15748	0.11594	0.02070	0.02170	0.03440	0.06158	0.10215	0.07637	0.04462	0.03203	0.01440	0.01113	0.00351	0.01084	0.05612	0.00833	0.09146
14	0.02512	0.03267	0.16974	0.04263	0.23092	0.02441	0.03028	0.03724	0.10351	0.03781	0.02868	0.03874	0.02422	0.01305	0.01129	0.00353	0.01279	0.05527	0.00688	0.07123

[dist]
# distance from previous block
# <min> <max>
0	26

# created by:
# /st0/software/busco_prod/Augustus/scripts/msa2prfl.pl ./align_prep/9421.fa
