[name]
unknown

[dist]
# distance from previous block
# <min> <max>
0	41

[block]
# block no. 0 follows, 12 sequences, length 69
# corresponding to MSA columns:
# 46-72,81-122
name=unknown_A
#
# <colnr> <probs for GDERKNQSTAVLIFYWHMCP>
#	G	D	E	R	K	N	Q	S	T	A	V	L	I	F	Y	W	H	M	C	P
0	0.08542	0.01468	0.01722	0.01668	0.02035	0.01446	0.01276	0.07428	0.02642	0.03856	0.13032	0.26939	0.05837	0.02412	0.01222	0.00380	0.00763	0.08051	0.00979	0.08300
1	0.01688	0.01217	0.01541	0.01651	0.01836	0.01198	0.01190	0.06970	0.02548	0.03420	0.10428	0.45396	0.06864	0.03038	0.01358	0.00425	0.00713	0.06466	0.01039	0.01014
2	0.43039	0.02063	0.02065	0.01737	0.02390	0.02291	0.01435	0.03769	0.02211	0.19720	0.02336	0.02413	0.01659	0.01209	0.01112	0.00352	0.07183	0.00780	0.00854	0.01383
3	0.01855	0.01478	0.02053	0.12643	0.07353	0.01466	0.01668	0.02242	0.02278	0.03052	0.05181	0.06601	0.16835	0.02137	0.01506	0.07759	0.00928	0.09209	0.05508	0.08251
4	0.08941	0.03302	0.02556	0.02250	0.02830	0.23225	0.01740	0.12154	0.12585	0.04210	0.08124	0.03266	0.02874	0.01341	0.01016	0.00315	0.01275	0.00998	0.05598	0.01401
5	0.02034	0.01279	0.01766	0.01891	0.02190	0.01237	0.01599	0.02503	0.02603	0.08964	0.10925	0.14983	0.06407	0.02782	0.01429	0.00462	0.00911	0.33883	0.01063	0.01088
6	0.01903	0.01645	0.02470	0.02124	0.02414	0.01839	0.06341	0.02246	0.01838	0.02669	0.02556	0.04144	0.02499	0.16419	0.24445	0.01049	0.13418	0.01167	0.00582	0.08232
7	0.07856	0.01893	0.02746	0.02161	0.02884	0.01767	0.10152	0.03805	0.06964	0.23300	0.05674	0.05410	0.17288	0.01664	0.01157	0.00354	0.00971	0.01451	0.01042	0.01460
8	0.01468	0.01105	0.01373	0.01521	0.01686	0.01065	0.01057	0.01955	0.06730	0.03116	0.11213	0.45261	0.12241	0.03056	0.01345	0.00418	0.00633	0.02737	0.01040	0.00978
9	0.01399	0.01094	0.01278	0.01335	0.01610	0.00972	0.01004	0.01733	0.02538	0.03245	0.18515	0.19689	0.31223	0.02801	0.01331	0.00391	0.00608	0.07238	0.01051	0.00945
10	0.02691	0.02304	0.03357	0.02645	0.03299	0.02466	0.14345	0.12529	0.13804	0.04347	0.03576	0.03820	0.06003	0.01392	0.01310	0.00349	0.06069	0.01213	0.13028	0.01452
11	0.01351	0.00958	0.01258	0.01489	0.01547	0.00901	0.00981	0.01524	0.02043	0.02724	0.05782	0.56202	0.06924	0.08576	0.01760	0.00497	0.00670	0.02966	0.00981	0.00866
12	0.03776	0.09075	0.03166	0.02242	0.03046	0.02933	0.01859	0.24163	0.17383	0.15856	0.03341	0.03143	0.02380	0.01323	0.01054	0.00331	0.01048	0.01030	0.01081	0.01770
13	0.02915	0.62337	0.05714	0.01866	0.02799	0.04314	0.01866	0.03265	0.02215	0.02565	0.01516	0.01749	0.01399	0.00933	0.00700	0.00233	0.01166	0.00583	0.00466	0.01399
14	0.01328	0.00949	0.01265	0.01518	0.01581	0.00886	0.01012	0.01518	0.02088	0.02783	0.06010	0.60969	0.07212	0.03416	0.01392	0.00443	0.00633	0.03100	0.01012	0.00886
15	0.02510	0.04577	0.35935	0.03476	0.04861	0.02689	0.17465	0.08593	0.02684	0.03831	0.02100	0.02522	0.01511	0.01031	0.01115	0.00350	0.01633	0.00965	0.00555	0.01596
16	0.03616	0.03699	0.03585	0.02920	0.03629	0.26924	0.11353	0.12467	0.03227	0.07986	0.02294	0.02647	0.01773	0.01838	0.06676	0.00457	0.01812	0.00944	0.00723	0.01430
17	0.02915	0.62337	0.05714	0.01866	0.02799	0.04314	0.01866	0.03265	0.02215	0.02565	0.01516	0.01749	0.01399	0.00933	0.00700	0.00233	0.01166	0.00583	0.00466	0.01399
18	0.01849	0.01609	0.01828	0.07918	0.02381	0.06352	0.01345	0.02056	0.01948	0.02503	0.03658	0.21231	0.04104	0.23955	0.06961	0.00735	0.06151	0.01796	0.00714	0.00907
19	0.01778	0.01459	0.01616	0.01555	0.01956	0.01465	0.01208	0.02893	0.16364	0.03726	0.18082	0.08412	0.26203	0.02321	0.01261	0.00376	0.00673	0.06401	0.01079	0.01172
20	0.04073	0.05197	0.03090	0.02809	0.03371	0.57303	0.02107	0.04354	0.03090	0.02669	0.01685	0.01966	0.01404	0.01124	0.00983	0.00281	0.01966	0.00702	0.00562	0.01264
21	0.02261	0.01938	0.02261	0.01615	0.02584	0.01453	0.01292	0.02745	0.02261	0.03553	0.01938	0.02261	0.01615	0.00807	0.00807	0.00161	0.00807	0.00646	0.00646	0.68346
22	0.02163	0.02046	0.02861	0.02514	0.02550	0.02777	0.02048	0.02410	0.01678	0.02564	0.01879	0.03142	0.01888	0.08138	0.13794	0.00764	0.44117	0.01048	0.00513	0.01107
23	0.02915	0.62337	0.05714	0.01866	0.02799	0.04314	0.01866	0.03265	0.02215	0.02565	0.01516	0.01749	0.01399	0.00933	0.00700	0.00233	0.01166	0.00583	0.00466	0.01399
24	0.03171	0.01588	0.01924	0.01675	0.02190	0.01543	0.01307	0.07161	0.07752	0.23049	0.04309	0.14465	0.03570	0.01724	0.01060	0.00337	0.00770	0.01454	0.19521	0.01430
25	0.04195	0.02197	0.02647	0.02114	0.02905	0.02209	0.01719	0.13717	0.16317	0.33678	0.04033	0.03606	0.02709	0.01376	0.01099	0.00344	0.00960	0.01111	0.01241	0.01822
26	0.08450	0.02587	0.02794	0.14119	0.03855	0.11606	0.04607	0.07972	0.11520	0.07549	0.07238	0.07189	0.03013	0.01436	0.01089	0.00347	0.01214	0.01192	0.00836	0.01387
27	0.02790	0.02153	0.02949	0.35412	0.05519	0.06104	0.02449	0.06715	0.02708	0.12379	0.07585	0.03480	0.02573	0.01266	0.01103	0.00348	0.01287	0.01073	0.00754	0.01354
28	0.01343	0.01049	0.01218	0.01297	0.01537	0.00925	0.00927	0.01624	0.02433	0.03108	0.15935	0.28572	0.30312	0.02918	0.01326	0.00392	0.00576	0.02542	0.01042	0.00925
29	0.04162	0.04832	0.03029	0.02714	0.03307	0.51231	0.02052	0.04459	0.03093	0.08442	0.01971	0.02157	0.01546	0.01148	0.00996	0.00287	0.01853	0.00745	0.00648	0.01329
30	0.02581	0.02304	0.03629	0.21123	0.28803	0.02503	0.02854	0.07460	0.06145	0.03578	0.02227	0.02894	0.01783	0.01272	0.01311	0.05160	0.01278	0.00989	0.00608	0.01497
31	0.01780	0.01234	0.01505	0.01507	0.01667	0.01231	0.01030	0.07036	0.02394	0.03237	0.12351	0.27460	0.05858	0.18841	0.02675	0.05414	0.00813	0.02125	0.00917	0.00924
32	0.01977	0.01315	0.01757	0.01608	0.01882	0.01325	0.01235	0.02420	0.02839	0.09615	0.38377	0.12296	0.08204	0.02217	0.01522	0.00367	0.06921	0.01879	0.01120	0.01122
33	0.02989	0.01809	0.02513	0.08595	0.08195	0.01757	0.01869	0.07398	0.02780	0.18904	0.03944	0.13748	0.03561	0.01813	0.01175	0.00363	0.00997	0.08517	0.00976	0.08098
34	0.02240	0.01485	0.01875	0.01578	0.02118	0.01230	0.01186	0.02479	0.02216	0.08815	0.06481	0.15067	0.03508	0.02057	0.01640	0.13056	0.00792	0.01343	0.00802	0.30034
35	0.02259	0.11278	0.51028	0.02984	0.04528	0.02709	0.03813	0.03434	0.02293	0.03365	0.01913	0.02247	0.01383	0.01026	0.01002	0.00334	0.01567	0.00784	0.00461	0.01590
36	0.02160	0.01399	0.01797	0.01648	0.01964	0.01461	0.01247	0.07126	0.02398	0.08888	0.08885	0.05501	0.07932	0.15981	0.25481	0.01069	0.01740	0.01396	0.00829	0.01098
37	0.24249	0.01733	0.01740	0.01539	0.02091	0.01783	0.01218	0.08063	0.02658	0.11409	0.08471	0.10680	0.16615	0.01868	0.01051	0.00355	0.00775	0.01491	0.00971	0.01241
38	0.07309	0.01420	0.01747	0.01550	0.02010	0.01307	0.01179	0.03218	0.02561	0.23397	0.09254	0.15812	0.09772	0.07887	0.01576	0.00426	0.00774	0.01685	0.05834	0.01281
39	0.02446	0.02904	0.09286	0.03601	0.04200	0.03027	0.22608	0.03057	0.02100	0.03057	0.01798	0.02608	0.01519	0.01422	0.02405	0.00420	0.30613	0.01079	0.00506	0.01345
40	0.27558	0.01583	0.01641	0.01485	0.01954	0.01638	0.01149	0.02907	0.02431	0.12173	0.18611	0.10207	0.04970	0.05678	0.01319	0.00397	0.00749	0.01403	0.00971	0.01175
41	0.09133	0.01390	0.01686	0.01498	0.01923	0.01304	0.01143	0.02904	0.02723	0.17410	0.24598	0.09971	0.10368	0.07267	0.01560	0.00413	0.00714	0.01674	0.01111	0.01209
42	0.09086	0.01195	0.01436	0.01487	0.01742	0.01147	0.01071	0.02133	0.02381	0.07758	0.15658	0.35508	0.09950	0.02694	0.01260	0.00397	0.00651	0.02374	0.01042	0.01030
43	0.02798	0.01876	0.02185	0.01887	0.02435	0.01966	0.01482	0.08851	0.21196	0.13503	0.22651	0.05368	0.05644	0.01717	0.01171	0.00350	0.00779	0.01457	0.01182	0.01503
44	0.09213	0.01639	0.02050	0.01696	0.02353	0.01468	0.01359	0.04029	0.02785	0.35869	0.05515	0.10963	0.12742	0.01807	0.01129	0.00354	0.00819	0.01495	0.01194	0.01520
45	0.01839	0.01210	0.01509	0.01502	0.01758	0.01140	0.01088	0.05186	0.02576	0.06827	0.16302	0.28541	0.14755	0.02812	0.01567	0.06402	0.00679	0.02264	0.01031	0.01014
46	0.08906	0.01254	0.01426	0.01532	0.01745	0.01295	0.01101	0.02301	0.07082	0.03298	0.04830	0.33390	0.05299	0.08493	0.01641	0.00470	0.00738	0.05974	0.08223	0.01002
47	0.02457	0.01412	0.01750	0.01651	0.01994	0.01352	0.01226	0.07322	0.02589	0.14551	0.05258	0.24391	0.09213	0.13394	0.02064	0.00520	0.00854	0.05814	0.01028	0.01163
48	0.02051	0.01136	0.01511	0.01580	0.01794	0.01039	0.01106	0.02274	0.02259	0.13208	0.05501	0.46074	0.06103	0.06853	0.01608	0.00462	0.00719	0.02603	0.01056	0.01063
49	0.06173	0.02111	0.02157	0.08097	0.02880	0.06925	0.01615	0.07656	0.16419	0.03948	0.03473	0.04624	0.02964	0.07463	0.01485	0.00415	0.01018	0.05662	0.13617	0.01298
50	0.57089	0.02162	0.02176	0.07385	0.02945	0.02470	0.05572	0.03188	0.01948	0.04566	0.01618	0.01982	0.01248	0.01012	0.00768	0.00343	0.00988	0.00687	0.00646	0.01208
51	0.02562	0.02290	0.03539	0.15956	0.26134	0.02580	0.02733	0.07014	0.02481	0.03571	0.02131	0.02828	0.01745	0.01216	0.01474	0.00351	0.11184	0.00974	0.07774	0.01463
52	0.01866	0.01084	0.01493	0.01414	0.01547	0.01022	0.00965	0.01650	0.01707	0.02362	0.07675	0.04095	0.02968	0.09006	0.03693	0.46931	0.00896	0.01087	0.00589	0.07950
53	0.08678	0.01548	0.01634	0.01484	0.01816	0.01595	0.01067	0.11239	0.02618	0.03677	0.08484	0.10336	0.14489	0.23533	0.02732	0.00609	0.00889	0.01656	0.00881	0.01036
54	0.02480	0.01624	0.01951	0.01804	0.02189	0.01658	0.01376	0.14188	0.02931	0.09510	0.04834	0.23678	0.07829	0.08730	0.05673	0.00557	0.01034	0.05729	0.01002	0.01224
55	0.27858	0.01777	0.01821	0.01580	0.02165	0.01869	0.01265	0.03676	0.07901	0.16222	0.12822	0.03912	0.03668	0.01399	0.00944	0.00334	0.00768	0.01082	0.07590	0.01347
56	0.07055	0.01287	0.01636	0.01577	0.01916	0.01201	0.01168	0.02670	0.02558	0.15876	0.16947	0.30407	0.06454	0.02468	0.01245	0.00386	0.00689	0.02173	0.01114	0.01172
57	0.01663	0.01083	0.01448	0.01556	0.01740	0.01007	0.01129	0.01984	0.02461	0.06739	0.18606	0.38462	0.07632	0.02927	0.01356	0.00415	0.00658	0.07053	0.01083	0.00999
58	0.02889	0.03267	0.03942	0.03171	0.03759	0.19031	0.16055	0.03376	0.02466	0.03014	0.02083	0.03114	0.01849	0.01371	0.01751	0.00361	0.16430	0.04266	0.00576	0.07227
59	0.08239	0.01369	0.01742	0.01643	0.02040	0.01273	0.01229	0.03001	0.02506	0.21150	0.09138	0.32001	0.05427	0.02409	0.01222	0.00390	0.00741	0.02111	0.01115	0.01254
60	0.07191	0.01741	0.02067	0.01611	0.02370	0.01455	0.01280	0.03216	0.02479	0.15537	0.06547	0.06980	0.02902	0.01250	0.00934	0.00251	0.00784	0.01027	0.05651	0.34726
61	0.01412	0.01062	0.01318	0.01432	0.01642	0.00968	0.01054	0.01728	0.02448	0.03202	0.16959	0.30467	0.20954	0.02948	0.01356	0.00409	0.00632	0.08022	0.01049	0.00938
62	0.01846	0.01185	0.01520	0.01629	0.01858	0.01126	0.01189	0.02292	0.05633	0.08638	0.06117	0.41554	0.10307	0.02968	0.01345	0.00427	0.00713	0.07539	0.01054	0.01061
63	0.07601	0.01495	0.01939	0.01674	0.02189	0.01392	0.01311	0.03464	0.02538	0.27466	0.07264	0.10164	0.08516	0.02718	0.07510	0.07909	0.01049	0.01419	0.01052	0.01332
64	0.01984	0.01154	0.01618	0.01559	0.01724	0.01209	0.01122	0.02063	0.01764	0.07552	0.02901	0.04601	0.02778	0.18167	0.26315	0.18997	0.01790	0.01195	0.00648	0.00860
65	0.02560	0.02541	0.02727	0.02454	0.02653	0.11889	0.01934	0.07415	0.02367	0.03094	0.02835	0.18241	0.03038	0.02125	0.02296	0.00420	0.28033	0.01496	0.00697	0.01187
66	0.01501	0.01059	0.01428	0.01474	0.01645	0.01038	0.01066	0.01768	0.02291	0.03142	0.20349	0.22108	0.10841	0.04015	0.13234	0.08071	0.01096	0.02045	0.00923	0.00906
67	0.02992	0.02681	0.03693	0.16317	0.14556	0.08633	0.06878	0.07472	0.02629	0.08976	0.02173	0.02731	0.01684	0.01254	0.01559	0.00362	0.12315	0.00981	0.00653	0.01462
68	0.02606	0.02602	0.04272	0.09417	0.04508	0.06087	0.23924	0.09070	0.06454	0.03848	0.07135	0.09078	0.03038	0.01395	0.01219	0.00362	0.01428	0.01409	0.00750	0.01398

[dist]
# distance from previous block
# <min> <max>
2	10

[block]
# block no. 1 follows, 12 sequences, length 36
# corresponding to MSA columns:
# 134-169
name=unknown_B
#
# <colnr> <probs for GDERKNQSTAVLIFYWHMCP>
#	G	D	E	R	K	N	Q	S	T	A	V	L	I	F	Y	W	H	M	C	P
0	0.02523	0.02328	0.08359	0.15153	0.13294	0.02199	0.02423	0.03247	0.05312	0.09937	0.08600	0.03895	0.03010	0.06559	0.01769	0.00421	0.07694	0.01153	0.00737	0.01388
1	0.22787	0.02701	0.03166	0.14448	0.22621	0.10453	0.02457	0.03344	0.02325	0.03685	0.01817	0.02353	0.01465	0.01028	0.00946	0.00329	0.01287	0.00818	0.00573	0.01399
2	0.02422	0.02976	0.12196	0.17808	0.11944	0.02616	0.20720	0.03551	0.08043	0.03441	0.02333	0.02934	0.01761	0.01048	0.01155	0.00358	0.01532	0.01092	0.00582	0.01488
3	0.02119	0.02052	0.03021	0.02580	0.02737	0.02606	0.06159	0.02444	0.02004	0.02927	0.08351	0.09668	0.07054	0.02077	0.02737	0.00441	0.37804	0.01414	0.00657	0.01147
4	0.02273	0.01535	0.02051	0.02109	0.05765	0.01586	0.01484	0.07575	0.05369	0.09374	0.10068	0.19820	0.04725	0.03835	0.16367	0.00748	0.01385	0.01753	0.00938	0.01238
5	0.02530	0.01467	0.01875	0.01733	0.02183	0.01402	0.01402	0.03284	0.08468	0.16686	0.21290	0.07768	0.10496	0.02157	0.01271	0.00384	0.00773	0.12369	0.01165	0.01296
6	0.02915	0.62337	0.05714	0.01866	0.02799	0.04314	0.01866	0.03265	0.02215	0.02565	0.01516	0.01749	0.01399	0.00933	0.00700	0.00233	0.01166	0.00583	0.00466	0.01399
7	0.02921	0.01504	0.01972	0.01621	0.02194	0.01303	0.01283	0.03396	0.02995	0.23959	0.28430	0.05693	0.06269	0.01710	0.01152	0.00318	0.00711	0.01467	0.01187	0.09917
8	0.02411	0.02034	0.02205	0.02039	0.02547	0.02300	0.01561	0.04851	0.41118	0.04315	0.09964	0.11748	0.04566	0.01806	0.01164	0.00376	0.00796	0.01549	0.01107	0.01544
9	0.02451	0.21247	0.35876	0.02659	0.03968	0.03054	0.03162	0.03661	0.07925	0.03327	0.02109	0.02343	0.01604	0.01056	0.00949	0.00316	0.01402	0.00791	0.00535	0.01564
10	0.01824	0.01207	0.01465	0.01404	0.01768	0.01074	0.01101	0.02229	0.02770	0.09121	0.25047	0.09163	0.27070	0.02453	0.01295	0.00373	0.00636	0.07815	0.01114	0.01070
11	0.01685	0.01236	0.01511	0.01451	0.01467	0.01374	0.00941	0.01749	0.01611	0.02215	0.03136	0.06285	0.03535	0.49465	0.09759	0.01043	0.08681	0.01469	0.00631	0.00755
12	0.03041	0.02487	0.03208	0.32667	0.10926	0.10634	0.02617	0.03626	0.02553	0.14159	0.02417	0.02913	0.01742	0.01138	0.01074	0.00341	0.01402	0.00956	0.00687	0.01412
13	0.02723	0.02552	0.04816	0.03591	0.04407	0.02576	0.30375	0.03715	0.08171	0.08907	0.06567	0.03474	0.02582	0.01252	0.01539	0.00377	0.08899	0.01271	0.00736	0.01469
14	0.01813	0.01087	0.01382	0.01446	0.01665	0.01000	0.01031	0.02124	0.02401	0.08615	0.13366	0.36169	0.09936	0.02702	0.01258	0.00387	0.00623	0.02399	0.09570	0.01026
15	0.07279	0.24293	0.04174	0.03320	0.19375	0.02935	0.02152	0.03160	0.02287	0.03286	0.01790	0.02180	0.01542	0.00920	0.00846	0.00252	0.01098	0.00723	0.00548	0.17840
16	0.02668	0.10016	0.09062	0.10749	0.07476	0.02331	0.02213	0.03218	0.02374	0.11405	0.05506	0.06540	0.02547	0.01349	0.01286	0.00322	0.07353	0.01060	0.00718	0.11806
17	0.02029	0.03512	0.26328	0.11635	0.04577	0.02173	0.11351	0.02908	0.02323	0.03217	0.03484	0.10851	0.07849	0.01511	0.01161	0.00367	0.01389	0.01367	0.00609	0.01358
18	0.02425	0.02312	0.03932	0.29073	0.34635	0.02519	0.03210	0.03107	0.02353	0.03230	0.02003	0.02788	0.01610	0.01022	0.01084	0.00341	0.01363	0.00970	0.00516	0.01507
19	0.02641	0.02648	0.04201	0.10369	0.17163	0.06401	0.15232	0.06798	0.02674	0.03610	0.07367	0.03246	0.02504	0.01255	0.01468	0.00358	0.08848	0.01136	0.00640	0.01440
20	0.02290	0.01854	0.03219	0.22601	0.04662	0.01928	0.12407	0.02816	0.02393	0.08395	0.07531	0.04545	0.10075	0.01699	0.01515	0.07614	0.01225	0.01318	0.00718	0.01197
21	0.02672	0.02176	0.06758	0.43005	0.06308	0.02255	0.02793	0.03371	0.02389	0.14110	0.02444	0.03037	0.01714	0.01142	0.01088	0.00357	0.01352	0.00985	0.00667	0.01376
22	0.13814	0.01421	0.01568	0.01590	0.01907	0.01485	0.01221	0.02541	0.07936	0.03651	0.12875	0.16661	0.08937	0.08675	0.01674	0.00472	0.00790	0.10771	0.00954	0.01057
23	0.07132	0.01526	0.01809	0.07442	0.02520	0.01592	0.01362	0.02927	0.12111	0.07087	0.11135	0.12961	0.16573	0.02216	0.01415	0.05580	0.00789	0.01707	0.00954	0.01163
24	0.02410	0.02199	0.03642	0.05305	0.39986	0.02190	0.02821	0.03018	0.02552	0.03596	0.08283	0.04960	0.03437	0.01463	0.01176	0.00357	0.01161	0.09226	0.00692	0.01526
25	0.01766	0.01068	0.01327	0.01390	0.01531	0.01014	0.00931	0.01980	0.02123	0.06865	0.08586	0.31059	0.05698	0.19345	0.02462	0.00579	0.00752	0.02202	0.08399	0.00921
26	0.14468	0.01528	0.01761	0.01548	0.02051	0.01465	0.01217	0.03181	0.02554	0.20313	0.12154	0.06159	0.12010	0.09445	0.01678	0.00447	0.00817	0.04905	0.01043	0.01255
27	0.02017	0.01318	0.01568	0.01486	0.01693	0.01312	0.01015	0.07496	0.02434	0.06472	0.12193	0.18333	0.05380	0.28772	0.03172	0.00680	0.00885	0.01880	0.00916	0.00978
28	0.01647	0.01273	0.01763	0.01728	0.01835	0.01489	0.01280	0.01898	0.01734	0.02464	0.03177	0.10563	0.03332	0.20357	0.31744	0.01281	0.09444	0.01444	0.00634	0.00914
29	0.02652	0.01380	0.01759	0.01663	0.02035	0.01299	0.01238	0.06542	0.02641	0.18548	0.04993	0.33824	0.05021	0.02426	0.01216	0.00383	0.00748	0.02134	0.08242	0.01255
30	0.01900	0.01111	0.01388	0.01402	0.01583	0.01047	0.00958	0.02144	0.02231	0.08860	0.11910	0.26226	0.05811	0.18828	0.02423	0.00566	0.00752	0.02082	0.07811	0.00966
31	0.14336	0.01722	0.01834	0.01673	0.02108	0.01875	0.01286	0.08203	0.12572	0.04383	0.16363	0.09617	0.04858	0.05426	0.04588	0.00470	0.00895	0.01441	0.05107	0.01245
32	0.01631	0.01058	0.01197	0.01189	0.01243	0.01050	0.00710	0.01741	0.01817	0.02563	0.08657	0.06896	0.04481	0.48853	0.04579	0.00894	0.00940	0.01562	0.08201	0.00738
33	0.02221	0.01248	0.01558	0.01461	0.01841	0.01131	0.01141	0.02642	0.02734	0.13942	0.20511	0.11657	0.16191	0.02212	0.01213	0.00360	0.00662	0.06495	0.09628	0.01155
34	0.01807	0.08005	0.01843	0.01428	0.01752	0.01513	0.01103	0.02255	0.05987	0.02968	0.05691	0.10404	0.18333	0.09087	0.05758	0.06368	0.00924	0.04445	0.09339	0.00987
35	0.02642	0.01634	0.01929	0.01646	0.02206	0.01542	0.01277	0.03571	0.12944	0.16554	0.13780	0.05958	0.14382	0.05925	0.01446	0.00381	0.00766	0.01496	0.01082	0.08841

[dist]
# distance from previous block
# <min> <max>
0	6

[block]
# block no. 2 follows, 12 sequences, length 20
# corresponding to MSA columns:
# 176-195
name=unknown_C
#
# <colnr> <probs for GDERKNQSTAVLIFYWHMCP>
#	G	D	E	R	K	N	Q	S	T	A	V	L	I	F	Y	W	H	M	C	P
0	0.02691	0.02306	0.06830	0.09787	0.03377	0.02218	0.01948	0.13189	0.14041	0.08475	0.18056	0.04637	0.04601	0.01565	0.01148	0.00348	0.00975	0.01317	0.01012	0.01479
1	0.11322	0.01609	0.01752	0.01565	0.02049	0.01609	0.01248	0.09878	0.03011	0.08037	0.18883	0.07133	0.20106	0.02079	0.01177	0.00359	0.00744	0.05185	0.01052	0.01202
2	0.01400	0.01097	0.01267	0.01250	0.01548	0.00964	0.00928	0.01771	0.02710	0.03540	0.29072	0.13390	0.31997	0.02585	0.01295	0.00363	0.00542	0.02223	0.01092	0.00964
3	0.02871	0.02858	0.03548	0.02920	0.03336	0.10384	0.09096	0.10619	0.06269	0.03557	0.02254	0.06115	0.02012	0.01629	0.02205	0.00402	0.26765	0.01122	0.00672	0.01364
4	0.13001	0.10964	0.03017	0.02118	0.02850	0.02891	0.01794	0.21757	0.10292	0.08118	0.03079	0.03947	0.02543	0.01469	0.01034	0.00345	0.01054	0.07220	0.00947	0.01558
5	0.01668	0.01277	0.01685	0.01738	0.01828	0.01400	0.01297	0.01902	0.02038	0.02774	0.07214	0.23665	0.05409	0.18687	0.02865	0.00621	0.09901	0.12280	0.00844	0.00907
6	0.01477	0.01019	0.01343	0.01521	0.01648	0.00958	0.01093	0.01626	0.02108	0.02745	0.06059	0.37263	0.12988	0.03316	0.01836	0.10869	0.00728	0.09629	0.00928	0.00846
7	0.02958	0.10619	0.03310	0.02854	0.10343	0.03015	0.02029	0.12088	0.31495	0.04503	0.03421	0.03335	0.02612	0.01307	0.01047	0.00338	0.01018	0.01069	0.00938	0.01701
8	0.02450	0.12970	0.06381	0.02543	0.07104	0.02285	0.08771	0.03025	0.02316	0.03366	0.01911	0.02303	0.01579	0.00870	0.00889	0.00225	0.01096	0.00759	0.00583	0.38574
9	0.02925	0.11621	0.25160	0.02433	0.03511	0.02466	0.02649	0.07502	0.02611	0.14580	0.02598	0.02858	0.01910	0.02209	0.09666	0.00543	0.01573	0.00908	0.00721	0.01556
10	0.35832	0.20511	0.10320	0.01867	0.02759	0.03080	0.01835	0.06745	0.02260	0.04151	0.01657	0.01898	0.01322	0.01013	0.00761	0.00307	0.01069	0.00646	0.00614	0.01353
11	0.02269	0.02220	0.03968	0.40145	0.17329	0.02506	0.09932	0.03006	0.02301	0.03052	0.02000	0.02868	0.01540	0.01040	0.01116	0.00356	0.01475	0.01015	0.00506	0.01358
12	0.02586	0.02659	0.15280	0.02696	0.10305	0.01773	0.02224	0.03260	0.02646	0.13526	0.14721	0.07191	0.04090	0.01460	0.01098	0.00319	0.01015	0.01257	0.00867	0.11025
13	0.13519	0.02290	0.02864	0.03237	0.17111	0.05130	0.02039	0.03992	0.07395	0.18584	0.03525	0.03559	0.06354	0.01337	0.01165	0.00343	0.04044	0.01067	0.00883	0.01562
14	0.03685	0.01592	0.02166	0.01830	0.02445	0.01413	0.01491	0.04114	0.02955	0.36685	0.12316	0.09858	0.04689	0.01865	0.01203	0.00368	0.00852	0.07677	0.01254	0.01540
15	0.03132	0.01946	0.02967	0.15436	0.14104	0.02019	0.02235	0.03667	0.02675	0.21833	0.10808	0.03916	0.03305	0.01392	0.01301	0.00351	0.05320	0.01168	0.00910	0.01513
16	0.02963	0.03700	0.15137	0.07369	0.22378	0.11106	0.06994	0.10343	0.02906	0.03827	0.02062	0.02521	0.01601	0.01059	0.01075	0.00328	0.01505	0.00922	0.00603	0.01601
17	0.01966	0.01174	0.01480	0.01434	0.01710	0.01065	0.01032	0.02272	0.02524	0.11295	0.19936	0.22119	0.14148	0.10558	0.01864	0.00470	0.00690	0.02143	0.01070	0.01050
18	0.01461	0.01041	0.01241	0.01302	0.01413	0.00983	0.00845	0.01635	0.02093	0.02777	0.13100	0.23636	0.13098	0.26960	0.03061	0.00668	0.00777	0.02193	0.00897	0.00821
19	0.02604	0.02452	0.04320	0.16037	0.11912	0.02543	0.19527	0.10483	0.02859	0.03835	0.02699	0.04187	0.02311	0.01322	0.01217	0.00374	0.01464	0.07730	0.00683	0.01441

[dist]
# distance from previous block
# <min> <max>
0	16

# created by:
# /st0/software/busco_prod/Augustus/scripts/msa2prfl.pl ./align_prep/9423.fa
