[name]
unknown

[dist]
# distance from previous block
# <min> <max>
9	39

[block]
# block no. 0 follows, 12 sequences, length 53
# corresponding to MSA columns:
# 39-91
name=unknown_A
#
# <colnr> <probs for GDERKNQSTAVLIFYWHMCP>
#	G	D	E	R	K	N	Q	S	T	A	V	L	I	F	Y	W	H	M	C	P
0	0.03301	0.01801	0.02356	0.02167	0.07026	0.01659	0.01519	0.07753	0.02844	0.24385	0.09346	0.04501	0.03527	0.12554	0.01908	0.00448	0.00945	0.01213	0.01023	0.09724
1	0.09056	0.02876	0.08869	0.02576	0.03410	0.02734	0.07776	0.22134	0.07268	0.09123	0.07212	0.03221	0.02625	0.01341	0.01236	0.00349	0.04592	0.01079	0.00920	0.01603
2	0.02943	0.02297	0.03821	0.09865	0.04254	0.02267	0.17945	0.07529	0.08148	0.13415	0.03141	0.08173	0.02500	0.01319	0.01159	0.00347	0.01270	0.01283	0.00842	0.07481
3	0.07932	0.19427	0.04752	0.03360	0.10770	0.03003	0.17079	0.07208	0.02567	0.03559	0.02377	0.08664	0.02167	0.01238	0.01039	0.00326	0.01312	0.01158	0.00630	0.01433
4	0.02272	0.09132	0.07467	0.02582	0.06027	0.02019	0.10400	0.02821	0.02385	0.07128	0.08605	0.14242	0.03771	0.02455	0.08068	0.00511	0.01329	0.01479	0.00760	0.06550
5	0.16115	0.10101	0.11118	0.12093	0.03830	0.02642	0.02223	0.07602	0.07671	0.12849	0.02519	0.02681	0.01818	0.01148	0.00955	0.00333	0.01152	0.00872	0.00776	0.01503
6	0.01844	0.02702	0.18752	0.02228	0.02996	0.01638	0.05927	0.02533	0.02451	0.03511	0.15628	0.19265	0.05110	0.01918	0.01185	0.00353	0.01021	0.01714	0.00811	0.08414
7	0.02826	0.01944	0.06909	0.02451	0.10261	0.01586	0.01696	0.03221	0.02421	0.19235	0.08809	0.05084	0.03682	0.22084	0.02639	0.00584	0.01044	0.01314	0.00895	0.01316
8	0.25308	0.02500	0.08331	0.02944	0.12306	0.02505	0.02157	0.02910	0.02004	0.03686	0.02197	0.09448	0.02108	0.01519	0.01575	0.00382	0.15126	0.01081	0.00621	0.01295
9	0.31964	0.02141	0.02820	0.09172	0.03522	0.02244	0.09151	0.03815	0.02376	0.19276	0.02490	0.02659	0.01732	0.01106	0.00943	0.00345	0.01096	0.00892	0.00830	0.01427
10	0.03176	0.02420	0.08049	0.20996	0.18658	0.02209	0.02736	0.03829	0.02583	0.20413	0.02747	0.03060	0.01931	0.01138	0.01084	0.00342	0.01252	0.00997	0.00782	0.01600
11	0.12318	0.02032	0.02403	0.01895	0.02673	0.01969	0.01556	0.13307	0.03275	0.34547	0.04363	0.03992	0.07892	0.01451	0.01064	0.00339	0.00928	0.01141	0.01181	0.01672
12	0.02282	0.02143	0.03501	0.40476	0.19430	0.02491	0.02997	0.03194	0.06681	0.03143	0.02185	0.02954	0.01688	0.01093	0.01089	0.00354	0.01361	0.00993	0.00553	0.01390
13	0.02868	0.13805	0.08346	0.03243	0.08287	0.02815	0.15087	0.06221	0.02550	0.09791	0.02570	0.07720	0.02192	0.01344	0.01380	0.00350	0.08095	0.01170	0.00690	0.01478
14	0.01554	0.01044	0.01199	0.01230	0.01238	0.01036	0.00704	0.01577	0.01648	0.02197	0.03753	0.13774	0.04365	0.54496	0.05037	0.00981	0.01005	0.01772	0.00704	0.00688
15	0.01567	0.01130	0.01560	0.01560	0.01688	0.01258	0.01123	0.01824	0.01695	0.02389	0.03096	0.05258	0.03149	0.26455	0.39661	0.01515	0.02284	0.01311	0.00610	0.00867
16	0.02055	0.01850	0.02953	0.31341	0.12794	0.02187	0.02463	0.02574	0.02044	0.02752	0.02265	0.03698	0.02047	0.12386	0.07085	0.00612	0.06098	0.01094	0.00532	0.01171
17	0.02350	0.18372	0.44732	0.02829	0.04288	0.02932	0.03543	0.03411	0.02283	0.03254	0.01858	0.02178	0.01385	0.01013	0.00960	0.00320	0.01511	0.00756	0.00462	0.01564
18	0.01460	0.01098	0.01351	0.01316	0.01585	0.00989	0.00976	0.01887	0.02849	0.03875	0.39222	0.13205	0.21257	0.02465	0.01296	0.00358	0.00534	0.02151	0.01137	0.00989
19	0.02259	0.01234	0.01258	0.01176	0.01496	0.01269	0.00902	0.07755	0.02591	0.04366	0.03456	0.03910	0.02694	0.01274	0.00797	0.00262	0.00582	0.01013	0.60598	0.01106
20	0.02059	0.01938	0.03270	0.59060	0.07510	0.02422	0.03028	0.02786	0.02180	0.02786	0.01938	0.02907	0.01453	0.01090	0.01090	0.00363	0.01453	0.00969	0.00484	0.01211
21	0.02103	0.02280	0.13149	0.01972	0.02605	0.01641	0.06630	0.03001	0.06711	0.03786	0.03427	0.09678	0.02905	0.01434	0.00970	0.00315	0.00916	0.01242	0.34000	0.01234
22	0.01383	0.01014	0.01298	0.01427	0.01581	0.00929	0.00994	0.01672	0.02411	0.03240	0.19908	0.40222	0.13881	0.03009	0.01350	0.00406	0.00590	0.02691	0.01064	0.00929
23	0.02261	0.01938	0.02261	0.01615	0.02584	0.01453	0.01292	0.02745	0.02261	0.03553	0.01938	0.02261	0.01615	0.00807	0.00807	0.00161	0.00807	0.00646	0.00646	0.68346
24	0.01788	0.00985	0.01341	0.01341	0.01341	0.00985	0.00849	0.01477	0.01477	0.01970	0.02424	0.04627	0.02605	0.23676	0.04704	0.45185	0.00985	0.01166	0.00538	0.00538
25	0.01920	0.01318	0.01553	0.01428	0.01821	0.01230	0.01093	0.02618	0.08218	0.09093	0.29041	0.08066	0.23941	0.02243	0.01249	0.00354	0.00607	0.01917	0.01141	0.01150
26	0.02221	0.01812	0.03127	0.02649	0.03151	0.01806	0.14674	0.02809	0.02601	0.07368	0.12417	0.07711	0.05068	0.02117	0.01545	0.00426	0.05780	0.20607	0.00901	0.01210
27	0.02434	0.14343	0.04083	0.28430	0.18988	0.02930	0.02824	0.03020	0.02225	0.02938	0.01839	0.02571	0.01515	0.01098	0.01225	0.00336	0.06429	0.00890	0.00495	0.01387
28	0.03139	0.03634	0.07871	0.02351	0.02946	0.27831	0.01931	0.03752	0.06998	0.07674	0.03677	0.13347	0.06893	0.01696	0.01105	0.00335	0.01399	0.01339	0.00783	0.01297
29	0.01789	0.01474	0.02099	0.02001	0.02131	0.01825	0.01587	0.02110	0.01782	0.02578	0.02848	0.04804	0.02839	0.11540	0.33453	0.01246	0.16999	0.05292	0.00602	0.01000
30	0.02745	0.02533	0.03382	0.12780	0.25805	0.08227	0.02533	0.08934	0.02647	0.03468	0.02191	0.03143	0.01907	0.07433	0.01794	0.06140	0.01326	0.01004	0.00608	0.01400
31	0.01566	0.01151	0.01507	0.01720	0.01883	0.01140	0.01291	0.02078	0.06234	0.03067	0.05815	0.41938	0.06625	0.03142	0.01404	0.00455	0.00762	0.16219	0.01017	0.00987
32	0.02620	0.21163	0.35678	0.02730	0.04025	0.09776	0.03197	0.03512	0.02375	0.03112	0.01802	0.02109	0.01389	0.01018	0.00937	0.00307	0.01533	0.00732	0.00475	0.01510
33	0.02187	0.05640	0.56031	0.03108	0.04719	0.02532	0.04029	0.03453	0.02302	0.03453	0.01957	0.02302	0.01381	0.01036	0.01036	0.00345	0.01611	0.00806	0.00460	0.01611
34	0.01479	0.01097	0.01394	0.01466	0.01697	0.01013	0.01113	0.01867	0.02627	0.03516	0.25702	0.22030	0.17510	0.02756	0.01350	0.00400	0.00636	0.10293	0.01084	0.00969
35	0.02311	0.01920	0.02119	0.01928	0.02421	0.02134	0.01486	0.04510	0.35794	0.04496	0.21568	0.05469	0.05719	0.01737	0.01170	0.00361	0.00743	0.01487	0.01141	0.01486
36	0.03198	0.02584	0.02739	0.02317	0.03020	0.02939	0.01843	0.21205	0.36707	0.05345	0.03821	0.03576	0.02829	0.01422	0.01103	0.00355	0.00977	0.01148	0.01103	0.01769
37	0.02142	0.01464	0.01999	0.01769	0.02197	0.01370	0.04058	0.02846	0.07792	0.10204	0.23859	0.19306	0.06666	0.02139	0.01230	0.00355	0.00730	0.01913	0.01079	0.06879
38	0.03387	0.02296	0.03200	0.14306	0.07122	0.02386	0.05763	0.13321	0.09310	0.17953	0.03031	0.03147	0.02136	0.01207	0.01086	0.00332	0.01161	0.01036	0.00929	0.06890
39	0.02473	0.09317	0.27568	0.04346	0.20208	0.02746	0.11214	0.03410	0.02394	0.03414	0.01987	0.02479	0.01534	0.00988	0.01060	0.00332	0.01511	0.00915	0.00500	0.01605
40	0.01373	0.00983	0.01237	0.01420	0.01499	0.00921	0.00930	0.01535	0.02030	0.02674	0.05981	0.46469	0.10820	0.14179	0.02155	0.00550	0.00704	0.02747	0.00947	0.00847
41	0.02059	0.01938	0.03270	0.59060	0.07510	0.02422	0.03028	0.02786	0.02180	0.02786	0.01938	0.02907	0.01453	0.01090	0.01090	0.00363	0.01453	0.00969	0.00484	0.01211
42	0.03309	0.02229	0.03142	0.23604	0.10219	0.02432	0.02413	0.12955	0.06806	0.17505	0.02880	0.03125	0.02023	0.01216	0.01092	0.00346	0.01208	0.01024	0.00877	0.01595
43	0.02962	0.02961	0.02991	0.02472	0.03093	0.20944	0.10689	0.03398	0.02844	0.09575	0.09178	0.05082	0.15891	0.01629	0.01158	0.00332	0.01325	0.01379	0.00829	0.01267
44	0.01486	0.01071	0.01407	0.01410	0.01616	0.00991	0.01024	0.01915	0.02822	0.03953	0.41543	0.22103	0.09475	0.02543	0.01314	0.00369	0.00546	0.02270	0.01151	0.00991
45	0.03717	0.02618	0.03543	0.04295	0.27219	0.07110	0.02511	0.09229	0.03035	0.21486	0.02843	0.02969	0.02042	0.01149	0.01078	0.00325	0.01219	0.00991	0.00875	0.01744
46	0.13349	0.14427	0.14300	0.02476	0.03356	0.12924	0.06446	0.06912	0.02574	0.03559	0.02262	0.08416	0.02041	0.01295	0.00972	0.00323	0.01359	0.01013	0.00628	0.01368
47	0.01981	0.02390	0.12517	0.06720	0.17721	0.01814	0.02416	0.02597	0.02402	0.03363	0.09827	0.19733	0.04534	0.01963	0.01215	0.00379	0.01066	0.05292	0.00767	0.01306
48	0.01638	0.01070	0.01283	0.01314	0.01345	0.01070	0.00825	0.01652	0.01683	0.02234	0.03568	0.07385	0.04039	0.48584	0.04921	0.07795	0.01039	0.07188	0.00684	0.00684
49	0.02170	0.02032	0.03417	0.40661	0.19566	0.02345	0.02953	0.02834	0.02253	0.02991	0.02290	0.07445	0.01981	0.01243	0.01111	0.00359	0.01347	0.01138	0.00541	0.01322
50	0.02596	0.03433	0.21970	0.18785	0.09358	0.02433	0.11925	0.03499	0.02433	0.09721	0.02293	0.02788	0.01640	0.01063	0.01107	0.00352	0.01500	0.00987	0.00599	0.01516
51	0.02100	0.01938	0.02388	0.07303	0.09020	0.07725	0.01775	0.02436	0.01976	0.02611	0.02562	0.04168	0.02499	0.17242	0.22620	0.01017	0.07826	0.01149	0.00574	0.01070
52	0.02264	0.02789	0.13519	0.09809	0.25170	0.02234	0.02813	0.03174	0.06427	0.03533	0.07732	0.04171	0.08981	0.01363	0.01118	0.00343	0.01181	0.01208	0.00678	0.01494

[dist]
# distance from previous block
# <min> <max>
0	9

[block]
# block no. 1 follows, 12 sequences, length 19
# corresponding to MSA columns:
# 102-120
name=unknown_B
#
# <colnr> <probs for GDERKNQSTAVLIFYWHMCP>
#	G	D	E	R	K	N	Q	S	T	A	V	L	I	F	Y	W	H	M	C	P
0	0.01877	0.02251	0.12303	0.01814	0.02488	0.01559	0.01710	0.02795	0.08259	0.03960	0.26902	0.05927	0.10722	0.01759	0.01149	0.00323	0.00813	0.01502	0.00948	0.10938
1	0.02705	0.20841	0.04734	0.03970	0.20194	0.03259	0.08701	0.03468	0.07086	0.03208	0.02045	0.02524	0.01727	0.01137	0.01354	0.00328	0.09723	0.00916	0.00564	0.01517
2	0.02864	0.30505	0.04250	0.13184	0.03800	0.03493	0.02090	0.09848	0.13095	0.03574	0.02346	0.02567	0.01868	0.01125	0.00911	0.00299	0.01164	0.00844	0.00683	0.01489
3	0.13765	0.02115	0.02595	0.02045	0.02792	0.02109	0.04370	0.03791	0.09635	0.13975	0.02652	0.02779	0.01986	0.01172	0.01220	0.00301	0.07406	0.00881	0.00831	0.23582
4	0.02567	0.03343	0.13281	0.24112	0.09957	0.13031	0.02819	0.03267	0.02421	0.03075	0.01903	0.02495	0.01479	0.01034	0.01017	0.00311	0.01475	0.00839	0.00524	0.11049
5	0.02407	0.01306	0.01734	0.01518	0.01927	0.01177	0.01177	0.02898	0.03095	0.17600	0.41401	0.07001	0.08330	0.02002	0.01237	0.00342	0.00621	0.01746	0.01239	0.01242
6	0.01389	0.01078	0.01264	0.01283	0.01551	0.00953	0.00937	0.01735	0.02627	0.03434	0.25817	0.19490	0.29141	0.02695	0.01308	0.00374	0.00554	0.02337	0.01081	0.00953
7	0.02978	0.53244	0.08716	0.02036	0.02977	0.09234	0.02028	0.03381	0.02304	0.02632	0.01560	0.01805	0.01399	0.00958	0.00748	0.00245	0.01271	0.00609	0.00475	0.01400
8	0.01372	0.01036	0.01268	0.01361	0.01562	0.00932	0.00963	0.01669	0.02458	0.03236	0.19784	0.32854	0.21700	0.02923	0.01335	0.00396	0.00579	0.02580	0.01060	0.00932
9	0.02133	0.01204	0.01638	0.01725	0.01989	0.01120	0.01317	0.02448	0.02397	0.13221	0.05616	0.37385	0.06092	0.02910	0.01363	0.00437	0.00785	0.14039	0.01076	0.01105
10	0.01325	0.01035	0.01202	0.01310	0.01533	0.00913	0.00926	0.01579	0.02349	0.02975	0.11884	0.33045	0.30010	0.03018	0.01335	0.00400	0.00586	0.02637	0.01026	0.00913
11	0.01638	0.01067	0.01395	0.01395	0.01451	0.01123	0.00917	0.01657	0.01601	0.02190	0.02987	0.05574	0.03206	0.35074	0.20122	0.14376	0.01569	0.01342	0.00602	0.00714
12	0.02574	0.02463	0.04200	0.16913	0.45634	0.02558	0.03284	0.03237	0.02424	0.03411	0.02029	0.02739	0.01674	0.00995	0.01082	0.00332	0.01326	0.00971	0.00529	0.01626
13	0.40354	0.01995	0.02020	0.01662	0.02412	0.02066	0.01371	0.04154	0.02425	0.27733	0.02771	0.02644	0.01864	0.01164	0.00865	0.00337	0.00881	0.00818	0.00978	0.01485
14	0.02573	0.02769	0.03224	0.44719	0.06454	0.16414	0.02793	0.03186	0.02412	0.02756	0.01874	0.02667	0.01441	0.01099	0.01063	0.00342	0.01584	0.00901	0.00504	0.01225
15	0.02308	0.04797	0.40536	0.03573	0.05025	0.02603	0.18678	0.03465	0.02387	0.03465	0.02035	0.02502	0.01467	0.00999	0.01114	0.00352	0.01682	0.00956	0.00489	0.01567
16	0.02187	0.05640	0.56031	0.03108	0.04719	0.02532	0.04029	0.03453	0.02302	0.03453	0.01957	0.02302	0.01381	0.01036	0.01036	0.00345	0.01611	0.00806	0.00460	0.01611
17	0.01384	0.01018	0.01310	0.01522	0.01662	0.00945	0.01090	0.01633	0.02213	0.02879	0.06793	0.45744	0.14741	0.03251	0.01391	0.00439	0.00673	0.09393	0.01011	0.00908
18	0.01847	0.03601	0.31397	0.02274	0.03298	0.01834	0.02639	0.02729	0.02538	0.03588	0.17077	0.05390	0.14007	0.01677	0.01149	0.00349	0.01125	0.01395	0.00757	0.01328

[dist]
# distance from previous block
# <min> <max>
0	12

[block]
# block no. 2 follows, 12 sequences, length 25
# corresponding to MSA columns:
# 133-157
name=unknown_C
#
# <colnr> <probs for GDERKNQSTAVLIFYWHMCP>
#	G	D	E	R	K	N	Q	S	T	A	V	L	I	F	Y	W	H	M	C	P
0	0.02898	0.02093	0.02385	0.02163	0.02746	0.02293	0.01753	0.09452	0.29871	0.10825	0.04558	0.05847	0.03807	0.01813	0.01201	0.00393	0.00939	0.12269	0.01112	0.01582
1	0.01461	0.01113	0.01466	0.01477	0.01712	0.01118	0.01111	0.01829	0.02290	0.03104	0.17592	0.13736	0.17471	0.04861	0.23524	0.00920	0.01492	0.01872	0.00888	0.00963
2	0.02049	0.01705	0.08269	0.01747	0.02169	0.01218	0.01470	0.02422	0.02334	0.12050	0.05723	0.38612	0.10514	0.02695	0.01286	0.00405	0.00797	0.02386	0.01002	0.01148
3	0.02576	0.01458	0.01903	0.01870	0.02267	0.01419	0.01489	0.03287	0.08866	0.17108	0.05288	0.23567	0.05242	0.02502	0.01314	0.00424	0.00855	0.16170	0.01111	0.01284
4	0.02147	0.02088	0.03702	0.03051	0.03502	0.02269	0.18527	0.02681	0.02257	0.03112	0.03445	0.12608	0.03544	0.02060	0.01964	0.00442	0.16733	0.13957	0.00712	0.01197
5	0.02385	0.02385	0.03340	0.02863	0.02863	0.03340	0.02385	0.02624	0.01670	0.02624	0.01431	0.02385	0.01431	0.01908	0.03578	0.00477	0.59685	0.00954	0.00477	0.01193
6	0.02401	0.02200	0.03641	0.05310	0.40799	0.02224	0.02724	0.02926	0.02267	0.03232	0.02353	0.03516	0.02164	0.10355	0.08693	0.00604	0.01464	0.01082	0.00562	0.01484
7	0.02762	0.03224	0.06014	0.04372	0.05407	0.09599	0.44797	0.03601	0.02638	0.03389	0.02141	0.02819	0.01623	0.00945	0.01249	0.00357	0.01854	0.01213	0.00553	0.01445
8	0.02059	0.01938	0.03270	0.59060	0.07510	0.02422	0.03028	0.02786	0.02180	0.02786	0.01938	0.02907	0.01453	0.01090	0.01090	0.00363	0.01453	0.00969	0.00484	0.01211
9	0.02385	0.02385	0.03340	0.02863	0.02863	0.03340	0.02385	0.02624	0.01670	0.02624	0.01431	0.02385	0.01431	0.01908	0.03578	0.00477	0.59685	0.00954	0.00477	0.01193
10	0.02385	0.02385	0.03340	0.02863	0.02863	0.03340	0.02385	0.02624	0.01670	0.02624	0.01431	0.02385	0.01431	0.01908	0.03578	0.00477	0.59685	0.00954	0.00477	0.01193
11	0.01815	0.01107	0.01450	0.01512	0.01734	0.01007	0.01076	0.02105	0.02445	0.09740	0.15765	0.39631	0.10673	0.02873	0.01326	0.00404	0.00640	0.02566	0.01092	0.01038
12	0.01309	0.01095	0.01140	0.01151	0.01491	0.00926	0.00855	0.01597	0.02501	0.03036	0.13775	0.13687	0.48165	0.02767	0.01295	0.00371	0.00555	0.02331	0.01026	0.00926
13	0.09427	0.08429	0.02710	0.02104	0.02759	0.02849	0.01685	0.05276	0.42620	0.04391	0.03847	0.03601	0.02916	0.01377	0.01024	0.00353	0.00892	0.01102	0.01000	0.01638
14	0.02387	0.03802	0.25214	0.11276	0.17420	0.02586	0.14891	0.03354	0.02395	0.03406	0.02036	0.02625	0.01539	0.00999	0.01113	0.00348	0.01569	0.00980	0.00504	0.01556
15	0.01545	0.01132	0.01546	0.01534	0.01704	0.01221	0.01126	0.01858	0.01943	0.02716	0.10597	0.05836	0.07222	0.19043	0.34571	0.01317	0.02026	0.01442	0.00712	0.00908
16	0.01707	0.01145	0.01440	0.01378	0.01675	0.01031	0.01028	0.02126	0.02844	0.07582	0.36042	0.14918	0.18135	0.02420	0.01286	0.00360	0.00567	0.02116	0.01150	0.01049
17	0.09671	0.10905	0.17367	0.02346	0.03193	0.09368	0.02342	0.03473	0.02390	0.10522	0.02991	0.03168	0.06884	0.01368	0.01334	0.00342	0.09299	0.00954	0.00678	0.01405
18	0.02679	0.02277	0.02301	0.01802	0.02610	0.09084	0.01407	0.03099	0.02444	0.08583	0.02555	0.08345	0.02265	0.01171	0.00920	0.00224	0.00961	0.00949	0.00742	0.45583
19	0.01913	0.02143	0.09622	0.08930	0.03182	0.01633	0.01851	0.02485	0.02147	0.03091	0.03349	0.03927	0.08488	0.03116	0.16256	0.00669	0.01541	0.01058	0.00629	0.23969
20	0.03196	0.01942	0.02563	0.02071	0.02721	0.01935	0.05073	0.14833	0.03170	0.19565	0.04756	0.04799	0.12283	0.02936	0.12336	0.00624	0.01384	0.01326	0.01013	0.01474
21	0.02901	0.02828	0.02993	0.10395	0.15698	0.16851	0.02230	0.03643	0.07835	0.07061	0.09115	0.07613	0.03296	0.01438	0.01107	0.00334	0.01280	0.01212	0.00770	0.01400
22	0.02946	0.10672	0.03344	0.10141	0.13681	0.09228	0.02213	0.03709	0.07754	0.10576	0.06663	0.04145	0.02988	0.01401	0.01080	0.00337	0.01199	0.05677	0.00791	0.01454
23	0.02759	0.02886	0.09014	0.13097	0.11410	0.09095	0.12099	0.03411	0.02586	0.09671	0.03544	0.03866	0.09080	0.01304	0.01137	0.00344	0.01397	0.01185	0.00694	0.01420
24	0.02877	0.06695	0.03098	0.13929	0.10197	0.06014	0.02114	0.09380	0.06529	0.09097	0.09601	0.03516	0.03021	0.01275	0.01053	0.00313	0.01125	0.01062	0.00817	0.08287

[dist]
# distance from previous block
# <min> <max>
0	6

[block]
# block no. 3 follows, 12 sequences, length 15
# corresponding to MSA columns:
# 164-178
name=unknown_D
#
# <colnr> <probs for GDERKNQSTAVLIFYWHMCP>
#	G	D	E	R	K	N	Q	S	T	A	V	L	I	F	Y	W	H	M	C	P
0	0.08754	0.02258	0.06825	0.02878	0.14097	0.01932	0.01972	0.03390	0.07290	0.09241	0.12718	0.03792	0.03561	0.01279	0.01025	0.00301	0.00942	0.01088	0.00835	0.15821
1	0.08842	0.02435	0.03257	0.09748	0.12562	0.02555	0.05293	0.15167	0.08948	0.09837	0.02635	0.02859	0.01949	0.01148	0.01040	0.00323	0.01149	0.00971	0.00838	0.08443
2	0.02958	0.09625	0.03478	0.02800	0.08468	0.07240	0.06874	0.04318	0.19113	0.08434	0.02943	0.03016	0.02249	0.01148	0.01012	0.00302	0.01133	0.00976	0.00814	0.13097
3	0.02585	0.02806	0.02989	0.08653	0.07520	0.18076	0.06571	0.03016	0.02524	0.02942	0.03761	0.09632	0.08831	0.01801	0.01433	0.00373	0.07333	0.07260	0.00691	0.01201
4	0.04145	0.03054	0.03272	0.02509	0.03381	0.03381	0.02072	0.51243	0.05127	0.06872	0.02618	0.02618	0.01854	0.01309	0.01091	0.00327	0.01200	0.00982	0.01091	0.01854
5	0.03256	0.02310	0.02633	0.02344	0.07592	0.06809	0.01686	0.03964	0.07366	0.18358	0.02832	0.02857	0.02075	0.01069	0.00959	0.00257	0.00998	0.00864	0.00872	0.30899
6	0.01586	0.01057	0.01189	0.01189	0.01189	0.01057	0.00661	0.01586	0.01586	0.02114	0.03436	0.07135	0.03964	0.61681	0.05550	0.01057	0.01057	0.01586	0.00661	0.00661
7	0.01394	0.00997	0.01335	0.01553	0.01655	0.00938	0.01090	0.01649	0.02233	0.02996	0.10947	0.50577	0.07432	0.03253	0.01393	0.00439	0.00658	0.07518	0.01031	0.00912
8	0.03071	0.21265	0.12666	0.02411	0.03313	0.07950	0.05335	0.11635	0.02896	0.08084	0.02606	0.09230	0.02287	0.01359	0.01002	0.00315	0.01279	0.01085	0.00727	0.01484
9	0.03509	0.08795	0.04135	0.03258	0.09731	0.02883	0.12558	0.18394	0.07978	0.13495	0.02805	0.02928	0.02029	0.01170	0.01094	0.00331	0.01267	0.01048	0.00892	0.01699
10	0.01586	0.01057	0.01189	0.01189	0.01189	0.01057	0.00661	0.01586	0.01586	0.02114	0.03436	0.07135	0.03964	0.61681	0.05550	0.01057	0.01057	0.01586	0.00661	0.00661
11	0.01401	0.01036	0.01412	0.01557	0.01693	0.01047	0.01111	0.01665	0.02014	0.02715	0.05457	0.37396	0.10164	0.04936	0.19969	0.00871	0.01385	0.02383	0.00870	0.00918
12	0.15210	0.08297	0.03035	0.02702	0.09499	0.09237	0.01919	0.15535	0.10365	0.04506	0.02688	0.07514	0.02293	0.01360	0.00993	0.00331	0.01137	0.01057	0.00820	0.01503
13	0.28454	0.02818	0.02472	0.02085	0.02799	0.09256	0.01676	0.19202	0.12503	0.05203	0.02431	0.02491	0.01821	0.01207	0.00925	0.00333	0.01093	0.00848	0.00875	0.01507
14	0.19821	0.03229	0.03265	0.03221	0.12111	0.19737	0.07767	0.03939	0.02626	0.11316	0.02156	0.02418	0.01626	0.01079	0.00977	0.00321	0.01406	0.00848	0.00701	0.01435

[dist]
# distance from previous block
# <min> <max>
0	12

# created by:
# /st0/software/busco_prod/Augustus/scripts/msa2prfl.pl ./align_prep/9452.fa
