[name]
unknown

[dist]
# distance from previous block
# <min> <max>
0	74

[block]
# block no. 0 follows, 13 sequences, length 63
# corresponding to MSA columns:
# 88-150
name=unknown_A
#
# <colnr> <probs for GDERKNQSTAVLIFYWHMCP>
#	G	D	E	R	K	N	Q	S	T	A	V	L	I	F	Y	W	H	M	C	P
0	0.09934	0.02632	0.03601	0.04469	0.31108	0.02783	0.02575	0.21630	0.03300	0.04777	0.02141	0.02497	0.01667	0.01068	0.01011	0.00317	0.01178	0.00909	0.00735	0.01667
1	0.58704	0.02272	0.05756	0.01559	0.02297	0.02296	0.01390	0.03331	0.01954	0.09884	0.01774	0.01944	0.01307	0.01016	0.00721	0.00328	0.00881	0.00637	0.00705	0.01241
2	0.01559	0.01061	0.01274	0.01309	0.01358	0.01075	0.00845	0.01658	0.01679	0.02241	0.03620	0.07430	0.04075	0.50058	0.08855	0.00999	0.01155	0.08354	0.00683	0.00712
3	0.03154	0.03514	0.02528	0.02276	0.02776	0.32412	0.01728	0.07133	0.10696	0.03540	0.15435	0.03729	0.03793	0.01417	0.01051	0.00303	0.01351	0.01079	0.00810	0.01274
4	0.02614	0.01709	0.02085	0.01623	0.02354	0.01437	0.01290	0.03263	0.06399	0.15187	0.14818	0.03924	0.03832	0.01258	0.00971	0.00248	0.00747	0.01055	0.00929	0.34257
5	0.01476	0.01065	0.01395	0.01344	0.01575	0.00984	0.00996	0.01943	0.02896	0.04085	0.50683	0.13344	0.09677	0.02277	0.01257	0.00342	0.00510	0.02022	0.01146	0.00984
6	0.02417	0.03374	0.20528	0.09500	0.36645	0.02482	0.03425	0.03236	0.02331	0.03365	0.01952	0.02514	0.01552	0.00970	0.01035	0.00323	0.01362	0.00892	0.00496	0.01602
7	0.02766	0.58472	0.10013	0.01913	0.02874	0.04034	0.01990	0.03182	0.02156	0.02562	0.01507	0.01742	0.01355	0.00913	0.00707	0.00236	0.01168	0.00584	0.00452	0.01375
8	0.02996	0.02449	0.02475	0.02169	0.02779	0.06651	0.01694	0.12004	0.36062	0.08435	0.03944	0.07475	0.03091	0.01502	0.01082	0.00349	0.00953	0.01234	0.01045	0.01613
9	0.02551	0.02852	0.04562	0.24937	0.05806	0.11803	0.25679	0.03270	0.02437	0.03000	0.01959	0.02683	0.01492	0.00986	0.01128	0.00341	0.01664	0.01039	0.00512	0.01299
10	0.02710	0.50585	0.12903	0.02332	0.06974	0.03810	0.02218	0.03198	0.02180	0.02684	0.01570	0.01842	0.01378	0.00922	0.00753	0.00248	0.01202	0.00625	0.00457	0.01410
11	0.56098	0.02235	0.01789	0.01560	0.02229	0.06471	0.01270	0.03480	0.02062	0.11942	0.01865	0.01997	0.01369	0.01036	0.00734	0.00323	0.00911	0.00650	0.00738	0.01243
12	0.01510	0.01133	0.01699	0.01699	0.01888	0.01322	0.01322	0.01888	0.01699	0.02454	0.02832	0.04154	0.02643	0.07930	0.58652	0.01699	0.02832	0.01133	0.00566	0.00944
13	0.02972	0.03030	0.11878	0.08220	0.16556	0.02652	0.14098	0.15749	0.03065	0.07955	0.02293	0.02680	0.01688	0.01056	0.01091	0.00331	0.01383	0.00999	0.00700	0.01604
14	0.01513	0.01015	0.01161	0.01185	0.01191	0.01008	0.00675	0.01531	0.01586	0.02115	0.03582	0.12463	0.04160	0.56866	0.04977	0.00965	0.00984	0.01685	0.00675	0.00663
15	0.01347	0.00987	0.01308	0.01449	0.01582	0.00948	0.01017	0.01613	0.02155	0.02907	0.13235	0.41384	0.11033	0.03741	0.09446	0.00589	0.00904	0.02511	0.00950	0.00894
16	0.01510	0.01133	0.01699	0.01699	0.01888	0.01322	0.01322	0.01888	0.01699	0.02454	0.02832	0.04154	0.02643	0.07930	0.58652	0.01699	0.02832	0.01133	0.00566	0.00944
17	0.02192	0.01879	0.02192	0.01566	0.02506	0.01409	0.01253	0.02662	0.02192	0.03445	0.01879	0.02192	0.01566	0.00783	0.00783	0.00157	0.00783	0.00626	0.00626	0.69305
18	0.01522	0.01046	0.01250	0.01219	0.01312	0.01015	0.00773	0.01708	0.02079	0.02864	0.22802	0.07283	0.06124	0.40276	0.03844	0.00768	0.00829	0.01677	0.00835	0.00773
19	0.70310	0.02045	0.01554	0.01390	0.02045	0.02372	0.01145	0.03108	0.01799	0.04744	0.01472	0.01718	0.01145	0.00981	0.00654	0.00327	0.00818	0.00573	0.00654	0.01145
20	0.01837	0.00918	0.01377	0.01377	0.01377	0.00918	0.00918	0.01377	0.01377	0.01837	0.01837	0.03214	0.01837	0.03673	0.04132	0.69238	0.00918	0.00918	0.00459	0.00459
21	0.02496	0.02852	0.06239	0.04456	0.05526	0.02674	0.52406	0.03387	0.02496	0.03387	0.02139	0.02852	0.01604	0.00891	0.01248	0.00357	0.01783	0.01248	0.00535	0.01426
22	0.02121	0.05469	0.57364	0.03014	0.04576	0.02455	0.03906	0.03348	0.02232	0.03348	0.01897	0.02232	0.01339	0.01005	0.01005	0.00335	0.01563	0.00781	0.00446	0.01563
23	0.01388	0.01077	0.01263	0.01216	0.01513	0.00952	0.00912	0.01785	0.02737	0.03632	0.35941	0.08898	0.30103	0.02388	0.01248	0.00343	0.00515	0.02052	0.01084	0.00952
24	0.03651	0.02480	0.03501	0.02668	0.03512	0.02533	0.12890	0.19869	0.12502	0.20120	0.03232	0.03160	0.02243	0.01227	0.01104	0.00336	0.01166	0.01092	0.01019	0.01695
25	0.01496	0.01081	0.01413	0.01330	0.01580	0.00998	0.00998	0.01995	0.02993	0.04240	0.55689	0.07898	0.09976	0.02162	0.01247	0.00333	0.00499	0.01912	0.01164	0.00998
26	0.02732	0.29888	0.08636	0.09211	0.18864	0.08373	0.02518	0.03253	0.02304	0.02863	0.01709	0.02135	0.01453	0.00955	0.00873	0.00277	0.01299	0.00739	0.00483	0.01434
27	0.70310	0.02045	0.01554	0.01390	0.02045	0.02372	0.01145	0.03108	0.01799	0.04744	0.01472	0.01718	0.01145	0.00981	0.00654	0.00327	0.00818	0.00573	0.00654	0.01145
28	0.02889	0.02462	0.04979	0.03614	0.04554	0.02278	0.36717	0.03640	0.02656	0.15033	0.07487	0.03476	0.02590	0.01098	0.01208	0.00348	0.01474	0.01269	0.00759	0.01467
29	0.03103	0.49358	0.05107	0.02014	0.02917	0.03660	0.05475	0.03494	0.02312	0.11104	0.01943	0.02079	0.01573	0.00967	0.00781	0.00252	0.01142	0.00693	0.00593	0.01431
30	0.02621	0.01587	0.02443	0.02247	0.07013	0.01455	0.06511	0.03145	0.02902	0.19148	0.30967	0.05708	0.06318	0.01685	0.01177	0.00332	0.00808	0.01519	0.01087	0.01328
31	0.01496	0.01081	0.01413	0.01330	0.01580	0.00998	0.00998	0.01995	0.02993	0.04240	0.55689	0.07898	0.09976	0.02162	0.01247	0.00333	0.00499	0.01912	0.01164	0.00998
32	0.01518	0.01105	0.01556	0.01556	0.01696	0.01244	0.01143	0.01796	0.01657	0.02349	0.02963	0.04877	0.02957	0.22296	0.44715	0.01523	0.02359	0.01239	0.00586	0.00865
33	0.02617	0.02512	0.04292	0.06490	0.56246	0.02512	0.03245	0.03245	0.02407	0.03454	0.01989	0.02617	0.01675	0.00942	0.01047	0.00314	0.01256	0.00942	0.00523	0.01675
34	0.02827	0.63478	0.05540	0.01809	0.02714	0.04184	0.01809	0.03166	0.02148	0.02488	0.01470	0.01696	0.01357	0.00905	0.00678	0.00226	0.01131	0.00565	0.00452	0.01357
35	0.01399	0.01077	0.01278	0.01227	0.01520	0.00956	0.00921	0.01806	0.02762	0.03691	0.37858	0.08801	0.28149	0.02366	0.01248	0.00342	0.00513	0.02039	0.01092	0.00956
36	0.01326	0.01074	0.01176	0.01151	0.01475	0.00925	0.00863	0.01664	0.02589	0.03282	0.24543	0.09475	0.41720	0.02519	0.01249	0.00350	0.00524	0.02133	0.01038	0.00925
37	0.02121	0.05469	0.57364	0.03014	0.04576	0.02455	0.03906	0.03348	0.02232	0.03348	0.01897	0.02232	0.01339	0.01005	0.01005	0.00335	0.01563	0.00781	0.00446	0.01563
38	0.02192	0.01879	0.02192	0.01566	0.02506	0.01409	0.01253	0.02662	0.02192	0.03445	0.01879	0.02192	0.01566	0.00783	0.00783	0.00157	0.00783	0.00626	0.00626	0.69305
39	0.01311	0.00930	0.01220	0.01443	0.01499	0.00874	0.00950	0.01478	0.01980	0.02640	0.05599	0.57089	0.06704	0.08770	0.01719	0.00484	0.00651	0.02871	0.00950	0.00839
40	0.02121	0.05469	0.57364	0.03014	0.04576	0.02455	0.03906	0.03348	0.02232	0.03348	0.01897	0.02232	0.01339	0.01005	0.01005	0.00335	0.01563	0.00781	0.00446	0.01563
41	0.03892	0.02898	0.03101	0.02407	0.03230	0.03219	0.01979	0.48403	0.09497	0.06458	0.02700	0.02667	0.01929	0.01284	0.01059	0.00321	0.01134	0.00974	0.01059	0.01787
42	0.01705	0.01131	0.01457	0.01347	0.01646	0.01028	0.01020	0.02177	0.02945	0.07851	0.48164	0.07790	0.13412	0.02146	0.01234	0.00334	0.00530	0.01880	0.01158	0.01045
43	0.04299	0.02513	0.02895	0.02220	0.03055	0.02613	0.01834	0.34361	0.04220	0.26083	0.03169	0.02948	0.02114	0.01284	0.01060	0.00321	0.01062	0.00995	0.01155	0.01799
44	0.01419	0.01021	0.01344	0.01383	0.01562	0.00946	0.00992	0.01801	0.02633	0.03667	0.37146	0.28074	0.08867	0.02590	0.01285	0.00369	0.00541	0.02319	0.01096	0.00946
45	0.03766	0.03468	0.02866	0.02425	0.03103	0.23537	0.01904	0.19743	0.14697	0.09715	0.02747	0.02714	0.02027	0.01242	0.01023	0.00311	0.01343	0.00915	0.00896	0.01558
46	0.01327	0.01005	0.01225	0.01317	0.01513	0.00903	0.00932	0.01614	0.02377	0.03123	0.19480	0.33219	0.22451	0.02840	0.01294	0.00384	0.00562	0.02505	0.01026	0.00903
47	0.01811	0.01430	0.01786	0.01718	0.02029	0.01578	0.01312	0.02956	0.17289	0.03488	0.16584	0.10334	0.05022	0.04202	0.22554	0.00857	0.01475	0.01515	0.00899	0.01161
48	0.02766	0.01934	0.02547	0.01847	0.02770	0.01534	0.05087	0.03253	0.02395	0.14997	0.02393	0.02545	0.01796	0.00904	0.00878	0.00208	0.00882	0.00766	0.00767	0.49732
49	0.02630	0.02271	0.02391	0.02152	0.02749	0.02630	0.01674	0.05618	0.54336	0.04423	0.04303	0.03945	0.03228	0.01434	0.01076	0.00359	0.00837	0.01195	0.01076	0.01674
50	0.02731	0.36769	0.13912	0.02609	0.03651	0.03517	0.12840	0.06938	0.02446	0.03128	0.01760	0.02090	0.01439	0.00945	0.00880	0.00278	0.01341	0.00773	0.00514	0.01438
51	0.02386	0.02277	0.03875	0.26501	0.38038	0.02452	0.03130	0.03043	0.02298	0.03174	0.01948	0.02692	0.01576	0.00985	0.01051	0.00328	0.01313	0.00941	0.00503	0.01489
52	0.02776	0.03301	0.19887	0.04161	0.22816	0.02379	0.07981	0.03793	0.07217	0.11506	0.02515	0.02794	0.01851	0.01056	0.01059	0.00331	0.01309	0.00966	0.00670	0.01635
53	0.03389	0.20579	0.07868	0.02291	0.03161	0.07486	0.02065	0.26475	0.08764	0.04690	0.02294	0.02368	0.01748	0.01148	0.00939	0.00293	0.01206	0.00833	0.00802	0.01599
54	0.01373	0.01041	0.01266	0.01283	0.01523	0.00934	0.00934	0.01729	0.02593	0.03463	0.30488	0.20968	0.23394	0.02583	0.01271	0.00362	0.00536	0.02260	0.01066	0.00934
55	0.14665	0.02289	0.02699	0.02695	0.11108	0.02447	0.01864	0.12923	0.17625	0.16157	0.03130	0.03043	0.02253	0.01225	0.00995	0.00332	0.00970	0.00980	0.00966	0.01634
56	0.02350	0.24289	0.40551	0.02623	0.03972	0.03016	0.03226	0.03289	0.02205	0.03069	0.01759	0.02058	0.01345	0.00972	0.00899	0.00300	0.01422	0.00711	0.00448	0.01496
57	0.01426	0.01060	0.01211	0.01211	0.01375	0.01024	0.00812	0.01587	0.01888	0.02416	0.05995	0.07681	0.22977	0.31551	0.12496	0.00886	0.01136	0.01730	0.00755	0.00784
58	0.70310	0.02045	0.01554	0.01390	0.02045	0.02372	0.01145	0.03108	0.01799	0.04744	0.01472	0.01718	0.01145	0.00981	0.00654	0.00327	0.00818	0.00573	0.00654	0.01145
59	0.03262	0.24888	0.03838	0.02164	0.02951	0.07583	0.01862	0.20304	0.15163	0.04330	0.02490	0.02510	0.01935	0.01162	0.00917	0.00290	0.01132	0.00848	0.00804	0.01567
60	0.02744	0.01619	0.02141	0.01969	0.06071	0.01375	0.01404	0.03147	0.02500	0.19738	0.08373	0.16119	0.03838	0.01627	0.01052	0.00295	0.00790	0.01414	0.00954	0.22830
61	0.03051	0.15513	0.08424	0.03124	0.07764	0.02584	0.18135	0.03681	0.02524	0.16528	0.02719	0.03371	0.02107	0.01154	0.01063	0.00326	0.01311	0.04386	0.00734	0.01501
62	0.02231	0.04779	0.45497	0.02828	0.04182	0.02493	0.03424	0.03838	0.13479	0.03580	0.02417	0.02602	0.01747	0.01097	0.01020	0.00340	0.01406	0.00871	0.00582	0.01587

[dist]
# distance from previous block
# <min> <max>
0	6

[block]
# block no. 1 follows, 13 sequences, length 26
# corresponding to MSA columns:
# 157-182
name=unknown_B
#
# <colnr> <probs for GDERKNQSTAVLIFYWHMCP>
#	G	D	E	R	K	N	Q	S	T	A	V	L	I	F	Y	W	H	M	C	P
0	0.02356	0.01271	0.01689	0.01476	0.01876	0.01145	0.01145	0.02831	0.03002	0.18197	0.42054	0.06760	0.08029	0.01936	0.01198	0.00331	0.00605	0.01687	0.01202	0.01210
1	0.04010	0.01584	0.02065	0.01644	0.02311	0.01404	0.01338	0.04441	0.02812	0.42942	0.03980	0.03690	0.02642	0.01288	0.00977	0.00306	0.00792	0.01043	0.19147	0.01584
2	0.02265	0.02962	0.15283	0.02722	0.10830	0.07994	0.02192	0.02873	0.02299	0.03209	0.06631	0.03240	0.02484	0.06320	0.06091	0.00443	0.01323	0.00936	0.00602	0.19301
3	0.02334	0.01970	0.02208	0.02032	0.02521	0.02284	0.01580	0.04631	0.40406	0.03902	0.03914	0.04000	0.03073	0.03153	0.16313	0.00713	0.01365	0.01179	0.00941	0.01480
4	0.01278	0.00960	0.01186	0.01366	0.01506	0.00868	0.00934	0.01484	0.02126	0.02741	0.07120	0.48396	0.19914	0.03144	0.01323	0.00410	0.00593	0.02801	0.00982	0.00868
5	0.03361	0.17929	0.02990	0.01714	0.02401	0.02100	0.01472	0.03776	0.02785	0.28338	0.17347	0.04254	0.04268	0.01432	0.01011	0.00302	0.00853	0.01160	0.01043	0.01466
6	0.13383	0.12359	0.07758	0.06865	0.11781	0.05420	0.02128	0.03845	0.02470	0.20547	0.02494	0.02595	0.01784	0.01081	0.00927	0.00308	0.01128	0.00838	0.00774	0.01516
7	0.03054	0.11929	0.04121	0.08880	0.22952	0.06980	0.05781	0.16360	0.03070	0.04028	0.02031	0.02439	0.01610	0.01040	0.01002	0.00305	0.01307	0.00889	0.00652	0.01569
8	0.02317	0.01232	0.01644	0.01516	0.01869	0.01111	0.01143	0.02708	0.02746	0.18052	0.28602	0.21097	0.07203	0.02236	0.01225	0.00357	0.00637	0.01973	0.01155	0.01177
9	0.01354	0.00948	0.01207	0.01388	0.01433	0.00903	0.00891	0.01490	0.01895	0.02527	0.05167	0.47534	0.06160	0.19067	0.02417	0.00587	0.00722	0.02617	0.00891	0.00801
10	0.02855	0.02031	0.02283	0.02011	0.02553	0.02201	0.01560	0.16113	0.22536	0.10412	0.04256	0.18963	0.03802	0.01877	0.01142	0.00364	0.00865	0.01600	0.01072	0.01503
11	0.03471	0.01610	0.02053	0.01673	0.02213	0.01495	0.01288	0.07796	0.02790	0.32347	0.09589	0.04871	0.03699	0.17686	0.02226	0.00512	0.00910	0.01275	0.01095	0.01403
12	0.02868	0.01858	0.02262	0.01649	0.02557	0.01448	0.01333	0.03321	0.02413	0.17613	0.02486	0.02565	0.01844	0.00922	0.00857	0.00202	0.00814	0.00742	0.00807	0.51440
13	0.41544	0.02093	0.01761	0.01562	0.02117	0.06358	0.01246	0.07022	0.02470	0.04606	0.15922	0.03436	0.03553	0.01326	0.00867	0.00324	0.00845	0.00967	0.00814	0.01166
14	0.03231	0.02489	0.04421	0.03271	0.04186	0.02409	0.27472	0.07731	0.10595	0.18227	0.03040	0.03195	0.02135	0.01112	0.01159	0.00346	0.01358	0.01169	0.00862	0.01590
15	0.02443	0.19938	0.29349	0.02761	0.03939	0.02798	0.10544	0.03275	0.02277	0.05770	0.02191	0.06143	0.01816	0.01126	0.00981	0.00315	0.01388	0.00955	0.00540	0.01453
16	0.10751	0.01492	0.01840	0.01548	0.02091	0.01381	0.01233	0.03411	0.02825	0.26306	0.24434	0.05558	0.09360	0.01707	0.01102	0.00332	0.00706	0.01426	0.01152	0.01343
17	0.02641	0.02244	0.03109	0.08735	0.25354	0.06105	0.02307	0.07195	0.02840	0.07872	0.16377	0.04049	0.03909	0.01340	0.01096	0.00320	0.01081	0.01190	0.00794	0.01441
18	0.01534	0.00997	0.01215	0.01277	0.01463	0.00939	0.00913	0.01905	0.02406	0.03530	0.21440	0.26617	0.09386	0.02359	0.01150	0.00346	0.00541	0.02080	0.18965	0.00939
19	0.01335	0.01023	0.01303	0.01408	0.01595	0.00992	0.01016	0.01596	0.02058	0.02683	0.06553	0.30639	0.21025	0.04337	0.16484	0.00743	0.01176	0.02269	0.00872	0.00892
20	0.03258	0.02304	0.02571	0.02740	0.13000	0.09228	0.01793	0.09169	0.06574	0.16115	0.03054	0.03187	0.02248	0.01192	0.00960	0.00297	0.01017	0.00967	0.18849	0.01476
21	0.02592	0.01671	0.01873	0.01672	0.02154	0.01774	0.01301	0.04137	0.24686	0.12139	0.12235	0.04521	0.04073	0.01478	0.01012	0.00320	0.00701	0.01234	0.19025	0.01403
22	0.08033	0.02746	0.10178	0.02475	0.06405	0.06816	0.04650	0.13535	0.03150	0.10340	0.16487	0.03940	0.03887	0.01395	0.01071	0.00324	0.01087	0.01159	0.00894	0.01429
23	0.02324	0.04094	0.30905	0.03928	0.09370	0.02554	0.24676	0.03356	0.02360	0.03374	0.02009	0.02531	0.01482	0.00951	0.01113	0.00342	0.01631	0.00995	0.00491	0.01513
24	0.02333	0.02139	0.03468	0.41147	0.19901	0.02471	0.02939	0.07092	0.02434	0.03237	0.01964	0.02742	0.01513	0.01045	0.01054	0.00339	0.01348	0.00941	0.00534	0.01360
25	0.02337	0.07909	0.25546	0.02903	0.09405	0.02520	0.02729	0.03934	0.18901	0.03715	0.07114	0.03253	0.02697	0.01223	0.01029	0.00332	0.01178	0.01010	0.00716	0.01549

[dist]
# distance from previous block
# <min> <max>
0	1

[block]
# block no. 2 follows, 13 sequences, length 15
# corresponding to MSA columns:
# 184-198
name=unknown_C
#
# <colnr> <probs for GDERKNQSTAVLIFYWHMCP>
#	G	D	E	R	K	N	Q	S	T	A	V	L	I	F	Y	W	H	M	C	P
0	0.02498	0.02286	0.06827	0.10442	0.25107	0.02158	0.02492	0.03459	0.10586	0.08290	0.03147	0.12377	0.02799	0.01448	0.01099	0.00346	0.01093	0.01310	0.00744	0.01492
1	0.02845	0.31027	0.13364	0.02634	0.07990	0.15482	0.02313	0.03349	0.02342	0.02741	0.01719	0.02085	0.01472	0.01444	0.04780	0.00363	0.01501	0.00700	0.00486	0.01364
2	0.62587	0.02433	0.07876	0.01574	0.02331	0.02381	0.01458	0.03135	0.01848	0.04586	0.01520	0.01776	0.01167	0.00984	0.00694	0.00328	0.00902	0.00596	0.00631	0.01192
3	0.02196	0.02152	0.03214	0.24153	0.04450	0.02908	0.02545	0.02603	0.01803	0.02603	0.01571	0.02501	0.01396	0.01556	0.02573	0.00422	0.38796	0.00931	0.00465	0.01163
4	0.02337	0.02621	0.08676	0.08393	0.09980	0.11253	0.02131	0.06860	0.02556	0.03230	0.03505	0.21842	0.03657	0.01944	0.01163	0.00366	0.01179	0.06335	0.00745	0.01226
5	0.01510	0.01133	0.01699	0.01699	0.01888	0.01322	0.01322	0.01888	0.01699	0.02454	0.02832	0.04154	0.02643	0.07930	0.58652	0.01699	0.02832	0.01133	0.00566	0.00944
6	0.01513	0.01122	0.01646	0.01646	0.01816	0.01293	0.01255	0.01854	0.01683	0.02415	0.02881	0.04425	0.02761	0.13311	0.53432	0.01633	0.02655	0.01172	0.00574	0.00914
7	0.02611	0.12478	0.12632	0.09314	0.04138	0.02650	0.14949	0.06340	0.07634	0.07145	0.02453	0.03064	0.01941	0.06424	0.01415	0.00386	0.01343	0.01020	0.00649	0.01413
8	0.01444	0.01027	0.01139	0.01160	0.01255	0.00977	0.00711	0.01527	0.01798	0.02308	0.05396	0.12538	0.17132	0.42599	0.03996	0.00806	0.00867	0.01839	0.00756	0.00723
9	0.02121	0.05469	0.57364	0.03014	0.04576	0.02455	0.03906	0.03348	0.02232	0.03348	0.01897	0.02232	0.01339	0.01005	0.01005	0.00335	0.01563	0.00781	0.00446	0.01563
10	0.01533	0.01042	0.01239	0.01239	0.01269	0.01072	0.00748	0.01593	0.01563	0.02114	0.03253	0.06482	0.03654	0.54167	0.13797	0.01132	0.01311	0.01474	0.00629	0.00689
11	0.02362	0.01720	0.01984	0.01777	0.02249	0.01832	0.01376	0.04039	0.27489	0.09596	0.26029	0.05583	0.06022	0.01729	0.01147	0.00344	0.00700	0.01485	0.01136	0.01400
12	0.04098	0.02102	0.02552	0.02037	0.02804	0.02098	0.01656	0.12804	0.16229	0.35801	0.03946	0.03518	0.02641	0.01334	0.01066	0.00334	0.00926	0.01079	0.01210	0.01768
13	0.02924	0.02475	0.03892	0.05407	0.42895	0.02511	0.02872	0.08108	0.06593	0.08309	0.02396	0.02792	0.01882	0.01040	0.01051	0.00319	0.01186	0.00972	0.00680	0.01696
14	0.11174	0.02900	0.02654	0.02227	0.02922	0.12508	0.01772	0.19814	0.18778	0.10091	0.02948	0.02860	0.02155	0.01258	0.01000	0.00324	0.01131	0.00945	0.00953	0.01587

[dist]
# distance from previous block
# <min> <max>
0	1

[block]
# block no. 3 follows, 13 sequences, length 47
# corresponding to MSA columns:
# 200-246
name=unknown_D
#
# <colnr> <probs for GDERKNQSTAVLIFYWHMCP>
#	G	D	E	R	K	N	Q	S	T	A	V	L	I	F	Y	W	H	M	C	P
0	0.14549	0.02930	0.02980	0.14236	0.03976	0.14013	0.05232	0.16480	0.08228	0.04274	0.02192	0.02490	0.01651	0.01133	0.00982	0.00324	0.01312	0.00874	0.00734	0.01409
1	0.01521	0.01091	0.01487	0.01487	0.01603	0.01206	0.01057	0.01752	0.01636	0.02297	0.03026	0.05228	0.03110	0.29258	0.37961	0.01437	0.02130	0.01290	0.00595	0.00826
2	0.02609	0.03217	0.20540	0.02545	0.03512	0.02309	0.07386	0.04284	0.21812	0.10421	0.03783	0.03716	0.06429	0.01321	0.01082	0.00347	0.01152	0.01129	0.00839	0.01568
3	0.02074	0.01958	0.03311	0.53573	0.13404	0.02369	0.02975	0.02769	0.02151	0.02796	0.01893	0.02794	0.01443	0.01043	0.01056	0.00348	0.01390	0.00940	0.00477	0.01237
4	0.02313	0.02313	0.03238	0.02776	0.02776	0.03238	0.02313	0.02545	0.01619	0.02545	0.01388	0.02313	0.01388	0.01851	0.03470	0.00463	0.60907	0.00925	0.00463	0.01157
5	0.04003	0.02146	0.03700	0.02729	0.03630	0.01923	0.18299	0.04571	0.02851	0.39331	0.03502	0.03353	0.02284	0.01171	0.01124	0.00337	0.01190	0.01124	0.01054	0.01676
6	0.01288	0.00920	0.01227	0.01472	0.01534	0.00859	0.00981	0.01472	0.02024	0.02699	0.05828	0.62152	0.06993	0.03312	0.01350	0.00429	0.00613	0.03006	0.00981	0.00859
7	0.03733	0.01881	0.02329	0.01914	0.02604	0.01848	0.01537	0.04988	0.19692	0.34635	0.09362	0.04141	0.03551	0.01435	0.01086	0.00338	0.00839	0.01191	0.01219	0.01678
8	0.02304	0.01562	0.01847	0.01602	0.02050	0.01553	0.01252	0.11097	0.07279	0.09753	0.31689	0.06550	0.13293	0.01936	0.01184	0.00335	0.00682	0.01651	0.01130	0.01252
9	0.01496	0.01081	0.01413	0.01330	0.01580	0.00998	0.00998	0.01995	0.02993	0.04240	0.55689	0.07898	0.09976	0.02162	0.01247	0.00333	0.00499	0.01912	0.01164	0.00998
10	0.03273	0.02128	0.02410	0.02069	0.02734	0.02303	0.01637	0.05477	0.38729	0.20410	0.04263	0.03840	0.03042	0.01396	0.01072	0.00349	0.00856	0.01155	0.01147	0.01712
11	0.01911	0.01168	0.01450	0.01325	0.01672	0.01049	0.01013	0.02349	0.02821	0.10943	0.35739	0.07519	0.18035	0.02089	0.01187	0.00331	0.00559	0.01800	0.05960	0.01081
12	0.21517	0.02680	0.02302	0.02009	0.02656	0.13775	0.01583	0.04564	0.19359	0.14756	0.02971	0.02860	0.02163	0.01217	0.00935	0.00326	0.01063	0.00896	0.00901	0.01465
13	0.03172	0.03840	0.03887	0.03159	0.03829	0.33268	0.18314	0.03659	0.02671	0.02831	0.01948	0.02495	0.01601	0.01880	0.08263	0.00478	0.01982	0.00922	0.00544	0.01256
14	0.70310	0.02045	0.01554	0.01390	0.02045	0.02372	0.01145	0.03108	0.01799	0.04744	0.01472	0.01718	0.01145	0.00981	0.00654	0.00327	0.00818	0.00573	0.00654	0.01145
15	0.02745	0.02738	0.03903	0.05092	0.36655	0.08151	0.06071	0.03837	0.13079	0.03561	0.02436	0.02833	0.01956	0.01054	0.01057	0.00322	0.01270	0.00988	0.00639	0.01613
16	0.01538	0.01025	0.01153	0.01153	0.01153	0.01025	0.00641	0.01538	0.01538	0.02050	0.03331	0.06919	0.03844	0.62842	0.05382	0.01025	0.01025	0.01538	0.00641	0.00641
17	0.01513	0.01124	0.01656	0.01656	0.01830	0.01298	0.01268	0.01861	0.01687	0.02423	0.02871	0.04370	0.02737	0.12234	0.54476	0.01646	0.02690	0.01165	0.00572	0.00920
18	0.02630	0.02271	0.02391	0.02152	0.02749	0.02630	0.01674	0.05618	0.54336	0.04423	0.04303	0.03945	0.03228	0.01434	0.01076	0.00359	0.00837	0.01195	0.01076	0.01674
19	0.01288	0.00920	0.01227	0.01472	0.01534	0.00859	0.00981	0.01472	0.02024	0.02699	0.05828	0.62152	0.06993	0.03312	0.01350	0.00429	0.00613	0.03006	0.00981	0.00859
20	0.02306	0.01936	0.02111	0.01944	0.02431	0.02178	0.01490	0.04596	0.40448	0.04232	0.13518	0.10008	0.04766	0.01736	0.01131	0.00361	0.00757	0.01489	0.01083	0.01479
21	0.02488	0.02122	0.02269	0.02049	0.02603	0.02426	0.01589	0.05165	0.47917	0.04400	0.10728	0.04439	0.04071	0.01525	0.01097	0.00355	0.00795	0.01285	0.01087	0.01589
22	0.70310	0.02045	0.01554	0.01390	0.02045	0.02372	0.01145	0.03108	0.01799	0.04744	0.01472	0.01718	0.01145	0.00981	0.00654	0.00327	0.00818	0.00573	0.00654	0.01145
23	0.03881	0.02525	0.02783	0.02162	0.02929	0.02711	0.01777	0.38698	0.04310	0.14509	0.02918	0.02886	0.02045	0.01271	0.01019	0.00310	0.01037	0.00974	0.09557	0.01697
24	0.03807	0.04018	0.02978	0.02558	0.03207	0.33628	0.01986	0.20152	0.10057	0.04141	0.02262	0.02367	0.01737	0.01191	0.01003	0.00298	0.01531	0.00833	0.00778	0.01468
25	0.02121	0.05469	0.57364	0.03014	0.04576	0.02455	0.03906	0.03348	0.02232	0.03348	0.01897	0.02232	0.01339	0.01005	0.01005	0.00335	0.01563	0.00781	0.00446	0.01563
26	0.02242	0.02129	0.03614	0.39035	0.26632	0.02414	0.03058	0.02916	0.02230	0.02999	0.01923	0.02739	0.01514	0.01012	0.01053	0.00337	0.01349	0.00941	0.00491	0.01372
27	0.01997	0.01879	0.03171	0.60301	0.07282	0.02349	0.02936	0.02701	0.02114	0.02701	0.01879	0.02819	0.01409	0.01057	0.01057	0.00352	0.01409	0.00940	0.00470	0.01175
28	0.01837	0.00918	0.01377	0.01377	0.01377	0.00918	0.00918	0.01377	0.01377	0.01837	0.01837	0.03214	0.01837	0.03673	0.04132	0.69238	0.00918	0.00918	0.00459	0.00459
29	0.35953	0.15850	0.02869	0.02030	0.05733	0.12294	0.01577	0.03290	0.02141	0.03727	0.01557	0.01830	0.01287	0.00968	0.00743	0.00284	0.01096	0.00615	0.00582	0.05572
30	0.02482	0.02375	0.04048	0.18178	0.45611	0.02477	0.03178	0.03127	0.02344	0.03291	0.01965	0.02661	0.01617	0.00967	0.01049	0.00322	0.01289	0.00942	0.00512	0.01566
31	0.01647	0.01199	0.01625	0.01838	0.02095	0.01176	0.01591	0.02106	0.02431	0.03126	0.06237	0.11708	0.12303	0.02890	0.01434	0.00471	0.00919	0.43266	0.00975	0.00963
32	0.02605	0.02546	0.04486	0.06287	0.51178	0.02528	0.08157	0.03259	0.02416	0.03447	0.02004	0.02640	0.01668	0.00937	0.01067	0.00318	0.01309	0.00973	0.00525	0.01650
33	0.02537	0.28441	0.28592	0.02377	0.03579	0.03127	0.02729	0.06503	0.02377	0.03229	0.01766	0.02033	0.01394	0.00965	0.00859	0.00276	0.01302	0.00694	0.00503	0.06716
34	0.02356	0.02289	0.04021	0.27931	0.31891	0.02462	0.07652	0.03040	0.02298	0.03145	0.01959	0.02720	0.01562	0.00984	0.01069	0.00333	0.01366	0.00969	0.00503	0.01451
35	0.01301	0.00946	0.01227	0.01424	0.01527	0.00873	0.00966	0.01516	0.02134	0.02832	0.10100	0.53201	0.11722	0.03166	0.01332	0.00415	0.00597	0.02851	0.00995	0.00873
36	0.02801	0.03847	0.17883	0.03524	0.12711	0.15589	0.09196	0.07105	0.06331	0.03466	0.02338	0.06099	0.01946	0.01189	0.01061	0.00326	0.01482	0.01023	0.00614	0.01467
37	0.02925	0.02132	0.02598	0.02194	0.02852	0.02290	0.05494	0.05041	0.36364	0.14461	0.04602	0.04271	0.07016	0.01463	0.01100	0.00352	0.00899	0.01253	0.01072	0.01619
38	0.02307	0.01746	0.01961	0.01768	0.02251	0.01867	0.01368	0.04051	0.29233	0.08330	0.20838	0.05764	0.10523	0.01774	0.01145	0.00348	0.00707	0.01510	0.01112	0.01396
39	0.02019	0.01478	0.01562	0.01429	0.01805	0.05550	0.01089	0.02418	0.02818	0.10280	0.31199	0.07590	0.22456	0.02129	0.01202	0.00335	0.00671	0.01808	0.01078	0.01083
40	0.15866	0.26108	0.04181	0.07046	0.13196	0.08298	0.05620	0.03249	0.02230	0.03193	0.01659	0.02054	0.01397	0.00953	0.00835	0.00285	0.01231	0.00723	0.00520	0.01355
41	0.04019	0.02962	0.03173	0.02433	0.03279	0.03279	0.02010	0.52721	0.04971	0.06663	0.02538	0.02538	0.01798	0.01269	0.01058	0.00317	0.01163	0.00952	0.01058	0.01798
42	0.01538	0.01025	0.01153	0.01153	0.01153	0.01025	0.00641	0.01538	0.01538	0.02050	0.03331	0.06919	0.03844	0.62842	0.05382	0.01025	0.01025	0.01538	0.00641	0.00641
43	0.02941	0.03129	0.07591	0.02743	0.03520	0.12884	0.13040	0.15749	0.08403	0.04191	0.07935	0.03687	0.06677	0.01339	0.01110	0.00328	0.01326	0.01165	0.00806	0.01436
44	0.01428	0.01028	0.01352	0.01377	0.01564	0.00952	0.00992	0.01823	0.02674	0.03733	0.39270	0.25763	0.08994	0.02541	0.01281	0.00364	0.00537	0.02272	0.01104	0.00952
45	0.08472	0.07257	0.06100	0.01601	0.02026	0.01606	0.01377	0.02120	0.02071	0.03002	0.08475	0.13178	0.13427	0.03973	0.19781	0.00785	0.01452	0.01529	0.00738	0.01032
46	0.02525	0.13168	0.06964	0.02062	0.02563	0.19277	0.01737	0.02883	0.02190	0.02519	0.02228	0.03253	0.02086	0.10995	0.20209	0.00827	0.01940	0.00923	0.00541	0.01109

[dist]
# distance from previous block
# <min> <max>
0	808

# created by:
# /st0/software/busco_prod/Augustus/scripts/msa2prfl.pl ./align_prep/9467.fa
