[name]
unknown

[dist]
# distance from previous block
# <min> <max>
0	21

[block]
# block no. 0 follows, 14 sequences, length 20
# corresponding to MSA columns:
# 21-40
name=unknown_A
#
# <colnr> <probs for GDERKNQSTAVLIFYWHMCP>
#	G	D	E	R	K	N	Q	S	T	A	V	L	I	F	Y	W	H	M	C	P
0	0.03371	0.02073	0.09977	0.01998	0.02726	0.01532	0.01869	0.03901	0.02659	0.34159	0.04155	0.05718	0.03371	0.01696	0.01139	0.00365	0.00984	0.15777	0.01057	0.01476
1	0.02320	0.09669	0.02970	0.09816	0.16537	0.02137	0.01967	0.03160	0.10202	0.07447	0.13692	0.09021	0.03908	0.01456	0.01042	0.00319	0.00935	0.01276	0.00791	0.01338
2	0.02744	0.64552	0.05378	0.01756	0.02634	0.04061	0.01756	0.03073	0.02085	0.02414	0.01427	0.01646	0.01317	0.00878	0.00658	0.00219	0.01097	0.00549	0.00439	0.01317
3	0.01274	0.00911	0.01212	0.01413	0.01494	0.00849	0.00954	0.01488	0.02075	0.02795	0.11669	0.56753	0.07126	0.03084	0.01298	0.00406	0.00582	0.02793	0.00973	0.00849
4	0.09607	0.01303	0.01315	0.01384	0.01626	0.04414	0.00993	0.01842	0.02196	0.03068	0.12445	0.33481	0.17544	0.02547	0.01174	0.00369	0.00660	0.02208	0.00913	0.00911
5	0.02650	0.36124	0.23676	0.02240	0.03334	0.03365	0.02491	0.09544	0.02458	0.03215	0.01702	0.01931	0.01365	0.00956	0.00815	0.00267	0.01248	0.00669	0.00511	0.01440
6	0.02343	0.02820	0.17745	0.02604	0.03284	0.02223	0.09443	0.02931	0.02126	0.10165	0.03065	0.10136	0.06017	0.01603	0.01739	0.00374	0.18186	0.01246	0.00656	0.01293
7	0.01268	0.01051	0.01116	0.01127	0.01456	0.00899	0.00863	0.01563	0.02390	0.02912	0.14068	0.09815	0.49041	0.02574	0.01228	0.00354	0.00549	0.05875	0.00968	0.00881
8	0.02619	0.43739	0.08310	0.01948	0.02691	0.03543	0.01887	0.06347	0.02168	0.02722	0.01650	0.02189	0.01528	0.05700	0.01384	0.00319	0.08776	0.00702	0.00493	0.01284
9	0.01874	0.01574	0.06480	0.01565	0.01852	0.01335	0.01245	0.08284	0.02254	0.03085	0.12635	0.13599	0.04304	0.15047	0.02710	0.18150	0.00879	0.01486	0.00753	0.00890
10	0.07864	0.09922	0.03499	0.07539	0.03564	0.06353	0.08386	0.24356	0.03336	0.07337	0.02148	0.02366	0.01594	0.01064	0.00954	0.00292	0.01203	0.00856	0.00769	0.06597
11	0.11294	0.02646	0.02736	0.02189	0.02904	0.09672	0.04730	0.23625	0.07023	0.14279	0.02668	0.02681	0.01903	0.01172	0.00961	0.00305	0.01106	0.00903	0.05681	0.01520
12	0.01657	0.01200	0.01499	0.01472	0.01708	0.01173	0.01077	0.07842	0.02749	0.03785	0.29826	0.29561	0.07581	0.02449	0.01229	0.00359	0.00605	0.02176	0.01046	0.01005
13	0.02184	0.05279	0.54676	0.02905	0.04352	0.06447	0.03664	0.03310	0.02219	0.03198	0.01824	0.02144	0.01302	0.00981	0.00971	0.00321	0.01540	0.00751	0.00440	0.01493
14	0.01913	0.00956	0.00956	0.00956	0.01196	0.00956	0.00717	0.02391	0.02152	0.03826	0.03348	0.03826	0.02630	0.01196	0.00717	0.00239	0.00478	0.00956	0.69632	0.00956
15	0.01281	0.00906	0.01182	0.01390	0.01442	0.00854	0.00911	0.01437	0.01905	0.02541	0.05352	0.56163	0.06403	0.10840	0.01801	0.00489	0.00646	0.02738	0.00911	0.00807
16	0.03833	0.04891	0.02908	0.02644	0.03173	0.59815	0.01983	0.04098	0.02908	0.02512	0.01586	0.01851	0.01322	0.01058	0.00925	0.00264	0.01851	0.00661	0.00529	0.01190
17	0.02975	0.03138	0.18914	0.02784	0.03750	0.02344	0.12776	0.13019	0.02858	0.15033	0.02707	0.03343	0.02046	0.01247	0.01202	0.00342	0.04446	0.04788	0.00773	0.01515
18	0.03163	0.02453	0.03038	0.02856	0.09837	0.10319	0.08543	0.04217	0.15508	0.18327	0.03346	0.08327	0.02637	0.01342	0.01065	0.00328	0.01129	0.01182	0.00889	0.01495
19	0.06463	0.13966	0.02781	0.01755	0.02527	0.02354	0.01457	0.03712	0.20921	0.03574	0.02552	0.02607	0.02024	0.01016	0.00833	0.00244	0.00845	0.00788	0.00731	0.28851

[dist]
# distance from previous block
# <min> <max>
0	2

[block]
# block no. 1 follows, 14 sequences, length 47
# corresponding to MSA columns:
# 43-89
name=unknown_B
#
# <colnr> <probs for GDERKNQSTAVLIFYWHMCP>
#	G	D	E	R	K	N	Q	S	T	A	V	L	I	F	Y	W	H	M	C	P
0	0.13347	0.07805	0.06456	0.01964	0.02784	0.05395	0.01713	0.15846	0.07891	0.11302	0.02382	0.02423	0.01754	0.01068	0.00882	0.00277	0.01010	0.00791	0.00809	0.14101
1	0.02213	0.01094	0.01507	0.01404	0.01628	0.01016	0.01014	0.02150	0.01968	0.13433	0.09154	0.08456	0.09027	0.02828	0.02644	0.36784	0.00786	0.01293	0.00770	0.00830
2	0.20622	0.05216	0.02817	0.08455	0.10880	0.02348	0.04703	0.03898	0.14364	0.12917	0.02636	0.02753	0.01942	0.01099	0.00920	0.00322	0.00996	0.00895	0.00782	0.01435
3	0.03378	0.03875	0.02589	0.02329	0.02796	0.41182	0.01733	0.10018	0.02905	0.02951	0.02139	0.05725	0.01995	0.10143	0.01570	0.00382	0.01573	0.00927	0.00627	0.01162
4	0.03662	0.01522	0.02032	0.01631	0.02253	0.01339	0.01319	0.04085	0.02864	0.41369	0.16013	0.04469	0.04170	0.01452	0.01046	0.00312	0.00752	0.01213	0.06996	0.01503
5	0.01330	0.00954	0.01267	0.01412	0.01534	0.00891	0.00993	0.01614	0.02262	0.03083	0.20755	0.44289	0.07595	0.02867	0.01286	0.00392	0.00580	0.05015	0.01004	0.00879
6	0.02732	0.02162	0.03393	0.04632	0.37085	0.02181	0.02497	0.03535	0.09911	0.10384	0.02508	0.02903	0.01973	0.01291	0.01319	0.07246	0.01084	0.00962	0.00676	0.01524
7	0.02259	0.02851	0.12502	0.11000	0.04962	0.02320	0.31354	0.03079	0.02289	0.03206	0.01968	0.02571	0.01490	0.00884	0.01078	0.00310	0.01491	0.01007	0.00514	0.12865
8	0.71184	0.01985	0.01508	0.01350	0.01985	0.02302	0.01111	0.03017	0.01746	0.04604	0.01429	0.01667	0.01111	0.00953	0.00635	0.00318	0.00794	0.00556	0.00635	0.01111
9	0.01740	0.01411	0.01957	0.10182	0.02705	0.01580	0.01507	0.02466	0.08688	0.02736	0.02736	0.03781	0.02429	0.08369	0.35029	0.01111	0.02009	0.01054	0.00610	0.07902
10	0.01964	0.10637	0.03163	0.45250	0.05720	0.02348	0.02450	0.02533	0.02045	0.02592	0.02260	0.10358	0.02057	0.01286	0.01010	0.00334	0.01230	0.01118	0.00517	0.01126
11	0.11271	0.10416	0.38085	0.02526	0.03767	0.02653	0.02983	0.10445	0.02483	0.03799	0.01836	0.02093	0.01341	0.00999	0.00907	0.00311	0.01327	0.00735	0.00544	0.01477
12	0.02428	0.30185	0.11655	0.08283	0.03790	0.03010	0.11817	0.03021	0.02162	0.02839	0.01698	0.02100	0.01394	0.00886	0.00854	0.00259	0.01249	0.00744	0.00479	0.11148
13	0.06704	0.23978	0.03314	0.01981	0.06116	0.02407	0.01568	0.03262	0.02286	0.16773	0.02773	0.11008	0.02439	0.01301	0.00881	0.00275	0.00918	0.01040	0.00758	0.10218
14	0.22634	0.02694	0.12675	0.06969	0.03084	0.05979	0.01931	0.08202	0.02419	0.10837	0.02592	0.10949	0.02237	0.01361	0.00937	0.00331	0.01064	0.01065	0.00741	0.01300
15	0.10877	0.01512	0.01688	0.01644	0.01962	0.01590	0.01214	0.14365	0.02628	0.03805	0.04341	0.40656	0.04839	0.02445	0.01155	0.00378	0.00750	0.02132	0.00930	0.01090
16	0.01915	0.01225	0.01643	0.01619	0.01873	0.01288	0.01209	0.02460	0.07262	0.09796	0.03942	0.21538	0.03931	0.08306	0.25948	0.00947	0.01576	0.01656	0.00814	0.01051
17	0.01508	0.09963	0.01771	0.01443	0.01632	0.01301	0.01051	0.01728	0.01995	0.02672	0.04898	0.50465	0.05727	0.02745	0.01177	0.00377	0.00659	0.02447	0.05530	0.00911
18	0.02676	0.03495	0.26340	0.02650	0.03708	0.02286	0.09166	0.10778	0.07257	0.10953	0.07916	0.03142	0.02542	0.01182	0.01049	0.00326	0.01244	0.01018	0.00757	0.01516
19	0.03639	0.03221	0.10989	0.02441	0.03362	0.03069	0.02213	0.46869	0.04446	0.06009	0.02375	0.02421	0.01682	0.01195	0.01019	0.00310	0.01184	0.00900	0.00942	0.01713
20	0.02531	0.55487	0.04781	0.01709	0.02471	0.03601	0.01642	0.02839	0.02068	0.02444	0.02029	0.10421	0.02096	0.01211	0.00751	0.00248	0.01026	0.00886	0.00512	0.01248
21	0.02776	0.34730	0.03920	0.01899	0.02648	0.03277	0.01686	0.04183	0.24527	0.06554	0.02733	0.02669	0.02149	0.01116	0.00842	0.00279	0.00965	0.00833	0.00742	0.01471
22	0.02744	0.64552	0.05378	0.01756	0.02634	0.04061	0.01756	0.03073	0.02085	0.02414	0.01427	0.01646	0.01317	0.00878	0.00658	0.00219	0.01097	0.00549	0.00439	0.01317
23	0.11926	0.04441	0.43357	0.02671	0.03867	0.02469	0.03211	0.03116	0.02030	0.03343	0.01719	0.02106	0.01279	0.01077	0.01234	0.00340	0.09193	0.00747	0.00464	0.01408
24	0.02287	0.03708	0.25513	0.03807	0.05022	0.02517	0.35292	0.03273	0.02328	0.03273	0.01989	0.02545	0.01462	0.00906	0.01124	0.00338	0.01651	0.01043	0.00487	0.01433
25	0.01247	0.00905	0.01178	0.01396	0.01480	0.00836	0.00938	0.01433	0.01996	0.02633	0.06055	0.58769	0.11026	0.03163	0.01302	0.00411	0.00589	0.02854	0.00953	0.00836
26	0.01241	0.00930	0.01153	0.01331	0.01463	0.00842	0.00909	0.01440	0.02059	0.02658	0.06847	0.49853	0.19431	0.03060	0.01285	0.00399	0.00576	0.02729	0.00953	0.00842
27	0.01284	0.00982	0.01187	0.01316	0.01508	0.00884	0.00949	0.01538	0.02199	0.02815	0.10853	0.35554	0.25379	0.02881	0.01277	0.00389	0.00590	0.06588	0.00964	0.00864
28	0.02773	0.02849	0.02892	0.15913	0.03845	0.16867	0.02163	0.07884	0.13655	0.03235	0.02204	0.02610	0.01754	0.01305	0.01544	0.00346	0.15317	0.00900	0.00644	0.01301
29	0.01270	0.01010	0.01140	0.01174	0.01438	0.00880	0.00855	0.01558	0.02375	0.03015	0.18920	0.20780	0.36707	0.02628	0.01233	0.00357	0.00529	0.02262	0.00989	0.00880
30	0.02040	0.02205	0.08377	0.13280	0.03803	0.01763	0.09235	0.02674	0.02259	0.03290	0.08950	0.03049	0.02524	0.01018	0.00953	0.00254	0.01052	0.00926	0.00616	0.31729
31	0.01492	0.00995	0.01119	0.01119	0.01119	0.00995	0.00622	0.01492	0.01492	0.01990	0.03233	0.06716	0.03731	0.63935	0.05223	0.00995	0.00995	0.01492	0.00622	0.00622
32	0.02995	0.03275	0.02988	0.03011	0.11229	0.26201	0.04505	0.06534	0.10742	0.03367	0.09206	0.03097	0.02750	0.01257	0.01135	0.00306	0.04389	0.00981	0.00703	0.01329
33	0.02708	0.02577	0.04627	0.03390	0.04266	0.02549	0.32619	0.17225	0.03151	0.04277	0.09240	0.03313	0.02653	0.01125	0.01160	0.00332	0.01403	0.01214	0.00738	0.01431
34	0.02593	0.01894	0.02267	0.13157	0.06438	0.07286	0.01680	0.02998	0.02395	0.15569	0.04122	0.12946	0.10430	0.01601	0.01052	0.00314	0.00977	0.01359	0.00819	0.10103
35	0.01506	0.01038	0.01324	0.01252	0.01494	0.00967	0.00939	0.01989	0.02818	0.04082	0.50802	0.07223	0.08869	0.01994	0.01153	0.00313	0.00483	0.01752	0.09034	0.00967
36	0.02468	0.02552	0.03419	0.26023	0.22445	0.11197	0.02731	0.02998	0.02207	0.02824	0.01755	0.02467	0.01443	0.01104	0.01341	0.00333	0.10035	0.00873	0.00483	0.01305
37	0.01774	0.01120	0.01428	0.01437	0.01718	0.00984	0.01031	0.02032	0.02195	0.09929	0.08111	0.40642	0.11677	0.02596	0.01204	0.00365	0.00633	0.02307	0.00968	0.07849
38	0.02712	0.02517	0.03318	0.24493	0.04786	0.09539	0.09439	0.08810	0.10673	0.06689	0.02363	0.02789	0.01765	0.01139	0.01164	0.00334	0.04479	0.00968	0.00671	0.01352
39	0.15828	0.02248	0.02516	0.01962	0.02740	0.02329	0.01620	0.24712	0.03502	0.27827	0.02949	0.02757	0.01969	0.01200	0.00961	0.00314	0.00964	0.00906	0.01061	0.01636
40	0.01328	0.00978	0.01212	0.01279	0.01467	0.00885	0.00908	0.01587	0.02312	0.03062	0.21976	0.29387	0.20815	0.02737	0.01394	0.03978	0.00557	0.02297	0.00979	0.00862
41	0.01725	0.01277	0.01679	0.01843	0.07192	0.01211	0.01220	0.02296	0.06180	0.06393	0.29364	0.15004	0.16354	0.02141	0.01185	0.00340	0.00622	0.01881	0.01012	0.01080
42	0.01297	0.01033	0.01163	0.01152	0.01443	0.00899	0.00856	0.01628	0.02507	0.03221	0.26012	0.12729	0.37492	0.02469	0.01219	0.00343	0.00513	0.02111	0.01013	0.00899
43	0.02579	0.02152	0.03426	0.15369	0.23085	0.02350	0.05346	0.06483	0.02452	0.08804	0.06718	0.03070	0.02309	0.01216	0.01382	0.00338	0.09838	0.01020	0.00653	0.01410
44	0.34556	0.02395	0.02224	0.01821	0.02533	0.06297	0.01489	0.18332	0.02944	0.15071	0.02232	0.02254	0.01578	0.01101	0.00843	0.00311	0.00978	0.00759	0.00861	0.01420
45	0.02451	0.01767	0.02357	0.02459	0.13146	0.01559	0.01585	0.03039	0.05373	0.12559	0.09140	0.04161	0.10284	0.01300	0.00980	0.00265	0.00812	0.01111	0.00823	0.24829
46	0.06828	0.16584	0.06189	0.02368	0.05962	0.06884	0.01953	0.21824	0.10064	0.08098	0.02388	0.02434	0.01792	0.01120	0.00917	0.00292	0.01120	0.00833	0.00803	0.01546

[dist]
# distance from previous block
# <min> <max>
0	6

[block]
# block no. 2 follows, 14 sequences, length 26
# corresponding to MSA columns:
# 96-121
name=unknown_C
#
# <colnr> <probs for GDERKNQSTAVLIFYWHMCP>
#	G	D	E	R	K	N	Q	S	T	A	V	L	I	F	Y	W	H	M	C	P
0	0.02572	0.30160	0.12147	0.07310	0.07074	0.02950	0.02153	0.03274	0.05834	0.06029	0.01945	0.02194	0.01560	0.00949	0.00822	0.00257	0.01114	0.00713	0.00555	0.10386
1	0.19147	0.13678	0.05702	0.01625	0.02327	0.02100	0.01458	0.03362	0.02396	0.20002	0.10387	0.03734	0.07484	0.01327	0.00904	0.00303	0.00852	0.01019	0.00870	0.01324
2	0.02904	0.02566	0.03723	0.03516	0.14555	0.02766	0.12455	0.18811	0.15315	0.04421	0.02594	0.02839	0.01975	0.01170	0.01228	0.00334	0.05436	0.01032	0.00784	0.01578
3	0.25327	0.01826	0.02152	0.05448	0.02702	0.01806	0.01469	0.04228	0.02508	0.37895	0.03086	0.02872	0.02018	0.01155	0.00907	0.00319	0.00880	0.00875	0.01019	0.01509
4	0.02038	0.01721	0.02027	0.01490	0.02312	0.01315	0.01183	0.02498	0.02231	0.03447	0.09158	0.02864	0.02605	0.00938	0.00820	0.00175	0.00723	0.00774	0.00677	0.61003
5	0.11461	0.02170	0.03444	0.24339	0.33045	0.02367	0.02777	0.02953	0.02162	0.03271	0.01828	0.02490	0.01470	0.00957	0.00969	0.00319	0.01213	0.00866	0.00507	0.01393
6	0.02410	0.02106	0.02872	0.21123	0.11848	0.02427	0.02239	0.09345	0.18669	0.03780	0.06983	0.03374	0.02641	0.01269	0.01164	0.00339	0.04178	0.01063	0.00759	0.01410
7	0.01391	0.01031	0.01298	0.01264	0.01504	0.00937	0.00936	0.01806	0.02711	0.03733	0.43790	0.14007	0.17194	0.02301	0.01221	0.00337	0.00502	0.02021	0.01081	0.00937
8	0.02418	0.02314	0.03945	0.17474	0.47311	0.02406	0.03089	0.03043	0.02279	0.03205	0.01909	0.02580	0.01573	0.00937	0.01018	0.00312	0.01249	0.00914	0.00497	0.01527
9	0.01286	0.00935	0.01214	0.01371	0.01489	0.00862	0.00942	0.01530	0.02175	0.02919	0.15906	0.48330	0.11343	0.02951	0.01283	0.00393	0.00568	0.02654	0.00987	0.00862
10	0.01461	0.01005	0.01235	0.01261	0.01304	0.01036	0.00792	0.01555	0.01575	0.02138	0.03395	0.12246	0.03822	0.45932	0.15954	0.01066	0.01310	0.01565	0.00643	0.00705
11	0.02155	0.01428	0.01707	0.01514	0.01932	0.01403	0.01174	0.05792	0.11303	0.11365	0.31752	0.06518	0.14016	0.01897	0.01150	0.00329	0.00630	0.01626	0.01104	0.01206
12	0.03833	0.04891	0.02908	0.02644	0.03173	0.59815	0.01983	0.04098	0.02908	0.02512	0.01586	0.01851	0.01322	0.01058	0.00925	0.00264	0.01851	0.00661	0.00529	0.01190
13	0.11440	0.01931	0.03041	0.26923	0.15795	0.02121	0.05858	0.02890	0.02157	0.07502	0.02399	0.09122	0.02076	0.01237	0.01016	0.00337	0.01163	0.01111	0.00613	0.01269
14	0.02221	0.02021	0.02745	0.02040	0.02866	0.01789	0.08327	0.02977	0.07883	0.03374	0.02075	0.02405	0.01686	0.00918	0.01042	0.00221	0.05391	0.00769	0.00631	0.48619
15	0.03314	0.02841	0.02728	0.02316	0.02873	0.14513	0.01844	0.14392	0.19260	0.11252	0.02846	0.02858	0.02127	0.01336	0.01370	0.00334	0.10472	0.00952	0.00873	0.01498
16	0.01448	0.01029	0.01307	0.01451	0.01648	0.00991	0.01121	0.01775	0.02146	0.02889	0.06040	0.26446	0.15741	0.03147	0.06229	0.00504	0.00851	0.16046	0.08299	0.00892
17	0.51749	0.02231	0.02212	0.01807	0.02513	0.02505	0.05755	0.13365	0.02426	0.04869	0.01693	0.01922	0.01277	0.01002	0.00763	0.00318	0.00941	0.00686	0.00704	0.01263
18	0.01492	0.00995	0.01119	0.01119	0.01119	0.00995	0.00622	0.01492	0.01492	0.01990	0.03233	0.06716	0.03731	0.63935	0.05223	0.00995	0.00995	0.01492	0.00622	0.00622
19	0.07875	0.16130	0.15245	0.02286	0.03254	0.03135	0.02244	0.29220	0.03481	0.04815	0.02046	0.02176	0.01518	0.01085	0.00912	0.00294	0.01182	0.00786	0.00752	0.01564
20	0.02951	0.28469	0.14991	0.02470	0.03367	0.22305	0.06047	0.03467	0.02401	0.02674	0.01609	0.01899	0.01333	0.00956	0.00850	0.00264	0.01478	0.00676	0.00474	0.01318
21	0.03208	0.01583	0.01939	0.01628	0.02190	0.01535	0.01296	0.04144	0.13533	0.28746	0.10968	0.04185	0.03629	0.01390	0.00993	0.00308	0.00727	0.01152	0.15391	0.01454
22	0.18729	0.02481	0.08421	0.01982	0.02826	0.02221	0.01784	0.17434	0.03095	0.26817	0.02816	0.02677	0.01883	0.01159	0.00937	0.00316	0.00993	0.00869	0.00976	0.01582
23	0.02940	0.19152	0.03851	0.10829	0.14491	0.03094	0.02232	0.19132	0.07535	0.04054	0.02138	0.02412	0.01674	0.01059	0.00927	0.00291	0.01144	0.00840	0.00690	0.01515
24	0.02081	0.01923	0.06583	0.15275	0.14638	0.01774	0.02058	0.02760	0.05408	0.06999	0.14411	0.04818	0.09451	0.05804	0.01372	0.00374	0.00985	0.01291	0.00757	0.01237
25	0.02718	0.01984	0.02716	0.07444	0.14865	0.01828	0.01866	0.03477	0.08077	0.13812	0.02522	0.02708	0.01898	0.00980	0.00919	0.00253	0.00935	0.00839	0.00747	0.29412

[dist]
# distance from previous block
# <min> <max>
0	1

[block]
# block no. 3 follows, 14 sequences, length 6
# corresponding to MSA columns:
# 123-128
name=unknown_D
#
# <colnr> <probs for GDERKNQSTAVLIFYWHMCP>
#	G	D	E	R	K	N	Q	S	T	A	V	L	I	F	Y	W	H	M	C	P
0	0.03275	0.01771	0.02546	0.02023	0.02679	0.01673	0.07296	0.04154	0.11463	0.30403	0.16421	0.04457	0.04222	0.01441	0.01097	0.00327	0.00867	0.01269	0.01115	0.01501
1	0.02842	0.02761	0.10236	0.03533	0.04491	0.02381	0.33928	0.03592	0.02446	0.15019	0.02424	0.02827	0.01728	0.01030	0.01305	0.00345	0.05884	0.01105	0.00667	0.01456
2	0.02454	0.10440	0.24193	0.03032	0.12253	0.02609	0.02697	0.08567	0.12659	0.03739	0.05572	0.02839	0.02242	0.01125	0.00978	0.00312	0.01188	0.00918	0.00662	0.01522
3	0.01327	0.00966	0.01204	0.01297	0.01435	0.00893	0.00887	0.01568	0.02184	0.02921	0.18538	0.34359	0.14304	0.11090	0.01802	0.00462	0.00612	0.02357	0.00951	0.00842
4	0.02198	0.09243	0.26664	0.02339	0.03274	0.02030	0.06255	0.02939	0.02323	0.08787	0.10126	0.12993	0.03475	0.01504	0.01054	0.00330	0.01136	0.01300	0.00704	0.01325
5	0.07455	0.01006	0.01207	0.01371	0.01472	0.00989	0.00913	0.01579	0.01869	0.02692	0.04889	0.48623	0.05789	0.12907	0.01888	0.00502	0.00678	0.02477	0.00871	0.00824

[dist]
# distance from previous block
# <min> <max>
0	9

[block]
# block no. 4 follows, 14 sequences, length 16
# corresponding to MSA columns:
# 138-153
name=unknown_E
#
# <colnr> <probs for GDERKNQSTAVLIFYWHMCP>
#	G	D	E	R	K	N	Q	S	T	A	V	L	I	F	Y	W	H	M	C	P
0	0.48292	0.15567	0.02455	0.01495	0.02202	0.02589	0.01299	0.03267	0.01963	0.10576	0.01743	0.01882	0.01328	0.00975	0.00688	0.00296	0.00869	0.00611	0.00669	0.01232
1	0.10799	0.18036	0.22200	0.03005	0.10853	0.08542	0.06763	0.03255	0.02215	0.03162	0.01701	0.02053	0.01348	0.00941	0.00880	0.00292	0.01343	0.00733	0.00485	0.01393
2	0.02352	0.02597	0.13858	0.07986	0.07769	0.01861	0.08567	0.03010	0.02251	0.08704	0.02355	0.06670	0.01943	0.01072	0.00967	0.00274	0.01119	0.00966	0.00632	0.25047
3	0.01447	0.01166	0.01468	0.01476	0.01677	0.01188	0.01129	0.01757	0.02294	0.03047	0.18682	0.21304	0.22117	0.02554	0.01515	0.00383	0.07969	0.06974	0.00933	0.00921
4	0.02549	0.03158	0.21900	0.02323	0.03432	0.01959	0.06428	0.06759	0.02451	0.10125	0.02162	0.02380	0.01586	0.00936	0.00921	0.00258	0.01137	0.00781	0.00650	0.28105
5	0.01250	0.00893	0.01191	0.01429	0.01488	0.00834	0.00953	0.01429	0.01965	0.02620	0.05656	0.63265	0.06787	0.03215	0.01310	0.00417	0.00595	0.02917	0.00953	0.00834
6	0.02572	0.25801	0.09570	0.04302	0.32285	0.03037	0.02690	0.03130	0.02228	0.02994	0.01735	0.02174	0.01481	0.00906	0.00879	0.00275	0.01201	0.00764	0.00476	0.01501
7	0.01839	0.01236	0.01903	0.01768	0.02043	0.01186	0.06344	0.02152	0.02111	0.09399	0.08313	0.31996	0.05058	0.08016	0.10975	0.00633	0.01111	0.02039	0.00871	0.01006
8	0.01973	0.01592	0.01827	0.01695	0.02094	0.01714	0.01312	0.03575	0.27302	0.04136	0.29510	0.06120	0.06429	0.01815	0.01146	0.00343	0.00663	0.04404	0.01079	0.01271
9	0.02824	0.07824	0.03773	0.04373	0.32212	0.02255	0.06347	0.03342	0.02400	0.13916	0.02683	0.08747	0.02288	0.01207	0.01031	0.00314	0.01117	0.01127	0.00696	0.01523
10	0.01492	0.00995	0.01119	0.01119	0.01119	0.00995	0.00622	0.01492	0.01492	0.01990	0.03233	0.06716	0.03731	0.63935	0.05223	0.00995	0.00995	0.01492	0.00622	0.00622
11	0.02743	0.10625	0.08814	0.03576	0.09536	0.11165	0.24096	0.06283	0.06851	0.03325	0.02084	0.02500	0.01618	0.00970	0.01042	0.00311	0.01498	0.00967	0.00573	0.01421
12	0.07724	0.03624	0.02970	0.16989	0.08418	0.33624	0.02226	0.07057	0.02712	0.03018	0.01722	0.02150	0.01373	0.01044	0.00945	0.00293	0.01564	0.00753	0.00551	0.01246
13	0.01452	0.01049	0.01372	0.01291	0.01533	0.00968	0.00968	0.01937	0.02905	0.04115	0.56992	0.07666	0.09683	0.02098	0.01210	0.00323	0.00484	0.01856	0.01130	0.00968
14	0.02651	0.15160	0.03450	0.29642	0.04833	0.15124	0.02312	0.05834	0.06130	0.02868	0.01890	0.02389	0.01490	0.01039	0.00932	0.00299	0.01367	0.00803	0.00538	0.01251
15	0.02392	0.01506	0.01923	0.07025	0.02473	0.01526	0.01372	0.05835	0.10416	0.14173	0.24469	0.05442	0.08956	0.01826	0.01311	0.04937	0.00750	0.01420	0.01020	0.01227

[dist]
# distance from previous block
# <min> <max>
0	6

[block]
# block no. 5 follows, 14 sequences, length 27
# corresponding to MSA columns:
# 160-186
name=unknown_F
#
# <colnr> <probs for GDERKNQSTAVLIFYWHMCP>
#	G	D	E	R	K	N	Q	S	T	A	V	L	I	F	Y	W	H	M	C	P
0	0.01315	0.00960	0.01249	0.01434	0.01564	0.00894	0.01026	0.01566	0.02134	0.02815	0.10230	0.46007	0.12633	0.03007	0.01305	0.00409	0.00624	0.09003	0.00966	0.00863
1	0.07999	0.02456	0.02566	0.02145	0.02825	0.02786	0.01718	0.24718	0.31506	0.05184	0.03296	0.03129	0.02434	0.01297	0.01008	0.00330	0.00938	0.01023	0.01008	0.01636
2	0.01295	0.01019	0.01124	0.01138	0.01388	0.00897	0.00811	0.01550	0.02283	0.02883	0.16914	0.15163	0.36244	0.10626	0.01749	0.00435	0.00585	0.02110	0.00940	0.00848
3	0.01489	0.01009	0.01189	0.01189	0.01213	0.01033	0.00708	0.01537	0.01513	0.02041	0.03170	0.06364	0.03578	0.56561	0.12388	0.01081	0.01225	0.01441	0.00612	0.00660
4	0.01400	0.01047	0.01300	0.01236	0.01501	0.00946	0.00927	0.01836	0.02782	0.03823	0.46864	0.08146	0.19993	0.02207	0.01211	0.00328	0.00492	0.01923	0.01091	0.00946
5	0.02304	0.09729	0.50167	0.02750	0.04161	0.02450	0.03458	0.03368	0.02218	0.07327	0.01975	0.02225	0.01395	0.00990	0.00954	0.00316	0.01435	0.00762	0.00497	0.01518
6	0.03292	0.26962	0.03878	0.02112	0.02909	0.06984	0.01840	0.25560	0.09429	0.04394	0.02200	0.02262	0.01710	0.01101	0.00879	0.00275	0.01126	0.00788	0.00769	0.01530
7	0.03833	0.04891	0.02908	0.02644	0.03173	0.59815	0.01983	0.04098	0.02908	0.02512	0.01586	0.01851	0.01322	0.01058	0.00925	0.00264	0.01851	0.00661	0.00529	0.01190
8	0.02185	0.08598	0.04684	0.03220	0.04020	0.02293	0.33804	0.02890	0.02522	0.03428	0.17275	0.04015	0.03791	0.01209	0.01154	0.00327	0.01319	0.01323	0.00681	0.01262
9	0.45122	0.02680	0.11369	0.02230	0.08197	0.02430	0.01857	0.08888	0.02227	0.04466	0.01666	0.01929	0.01267	0.00984	0.00775	0.00316	0.00995	0.00668	0.00633	0.01303
10	0.43297	0.23586	0.06544	0.01591	0.02366	0.02908	0.01506	0.03051	0.01890	0.03768	0.01455	0.01692	0.01194	0.00929	0.00665	0.00285	0.00945	0.00566	0.00555	0.01208
11	0.12958	0.07138	0.22919	0.02231	0.03204	0.02428	0.02332	0.04083	0.18698	0.09987	0.02725	0.02723	0.01979	0.01128	0.00932	0.00324	0.01091	0.00870	0.00748	0.01503
12	0.02878	0.22949	0.22112	0.02136	0.03212	0.02598	0.02317	0.03526	0.02316	0.15820	0.02222	0.02306	0.01620	0.00988	0.00863	0.00270	0.01147	0.00738	0.00650	0.09330
13	0.02205	0.01924	0.02728	0.16001	0.03739	0.02122	0.07704	0.07281	0.19297	0.03905	0.17249	0.04367	0.04172	0.01422	0.01102	0.00337	0.00983	0.01275	0.00869	0.01319
14	0.02553	0.02204	0.02320	0.02088	0.02669	0.02553	0.01624	0.05453	0.55679	0.04293	0.04177	0.03829	0.03133	0.01392	0.01044	0.00348	0.00812	0.01160	0.01044	0.01624
15	0.02274	0.02740	0.10303	0.10043	0.17316	0.10644	0.05688	0.02885	0.02505	0.03269	0.15002	0.03998	0.06334	0.01316	0.01066	0.00315	0.01197	0.01159	0.00663	0.01282
16	0.01300	0.01014	0.01179	0.01198	0.01455	0.00894	0.00876	0.01618	0.02454	0.03188	0.24934	0.19448	0.31672	0.02552	0.01231	0.00352	0.00523	0.02208	0.01011	0.00894
17	0.19457	0.02442	0.09837	0.02208	0.02980	0.02151	0.11069	0.08523	0.06266	0.08455	0.02479	0.02728	0.01832	0.01072	0.00899	0.00310	0.01037	0.00896	0.14025	0.01334
18	0.02412	0.02651	0.09582	0.13188	0.45496	0.02412	0.03176	0.03091	0.02282	0.03246	0.01907	0.02527	0.01559	0.00935	0.01013	0.00312	0.01269	0.00898	0.00494	0.01551
19	0.01219	0.01014	0.01066	0.01108	0.01404	0.00861	0.00810	0.01465	0.02274	0.02746	0.09566	0.19219	0.48309	0.02707	0.01230	0.00359	0.00533	0.02297	0.00953	0.00861
20	0.02993	0.09919	0.02993	0.08047	0.03096	0.01900	0.07489	0.03487	0.02668	0.24448	0.17473	0.04212	0.04067	0.01370	0.01051	0.00312	0.00946	0.01198	0.00955	0.01378
21	0.01326	0.00989	0.01194	0.01249	0.01432	0.00900	0.00873	0.01594	0.02282	0.03019	0.21427	0.26474	0.20801	0.09643	0.01701	0.00437	0.00589	0.02248	0.00966	0.00857
22	0.01919	0.01722	0.02342	0.02416	0.09333	0.06055	0.07800	0.02189	0.01922	0.02500	0.03053	0.09630	0.03261	0.31447	0.06893	0.00738	0.01265	0.03946	0.00624	0.00945
23	0.71184	0.01985	0.01508	0.01350	0.01985	0.02302	0.01111	0.03017	0.01746	0.04604	0.01429	0.01667	0.01111	0.00953	0.00635	0.00318	0.00794	0.00556	0.00635	0.01111
24	0.02841	0.09184	0.10562	0.02432	0.03176	0.02901	0.05335	0.20676	0.11600	0.04286	0.02779	0.02939	0.04724	0.01322	0.01359	0.00333	0.10310	0.00982	0.00769	0.01489
25	0.02902	0.01838	0.02175	0.01792	0.02463	0.01756	0.01412	0.06389	0.17439	0.18839	0.03630	0.11014	0.02955	0.01423	0.01000	0.00295	0.00802	0.01198	0.00978	0.19704
26	0.36774	0.01742	0.01646	0.01475	0.01972	0.01915	0.01167	0.09268	0.02479	0.04517	0.16695	0.09647	0.04042	0.01523	0.00907	0.00328	0.00736	0.01189	0.00850	0.01128

[dist]
# distance from previous block
# <min> <max>
1	3

[block]
# block no. 6 follows, 14 sequences, length 8
# corresponding to MSA columns:
# 190-197
name=unknown_G
#
# <colnr> <probs for GDERKNQSTAVLIFYWHMCP>
#	G	D	E	R	K	N	Q	S	T	A	V	L	I	F	Y	W	H	M	C	P
0	0.02583	0.02052	0.02351	0.02214	0.05935	0.02245	0.01619	0.17718	0.22796	0.04616	0.13086	0.10768	0.04227	0.01649	0.01097	0.00338	0.00843	0.01401	0.01010	0.01452
1	0.01930	0.01530	0.01814	0.08357	0.02434	0.01704	0.01327	0.03069	0.20607	0.02974	0.03622	0.05736	0.03470	0.28886	0.02909	0.00643	0.00968	0.06174	0.00783	0.01063
2	0.03408	0.28205	0.03873	0.02297	0.02962	0.38027	0.01894	0.03697	0.02587	0.02474	0.01524	0.01771	0.01320	0.00987	0.00821	0.00247	0.01556	0.00617	0.00494	0.01239
3	0.01507	0.01085	0.01448	0.01453	0.01694	0.01026	0.01154	0.01988	0.02758	0.03833	0.43043	0.08723	0.08661	0.02297	0.01266	0.00363	0.00609	0.15050	0.01080	0.00962
4	0.11525	0.02516	0.02606	0.02060	0.02821	0.08009	0.01682	0.23533	0.03528	0.27012	0.02911	0.02736	0.01959	0.01200	0.00976	0.00309	0.01060	0.00902	0.01034	0.01622
5	0.02760	0.10649	0.37498	0.02556	0.03808	0.02499	0.02992	0.09078	0.02578	0.12785	0.02238	0.02368	0.01559	0.01043	0.00957	0.00311	0.01322	0.00801	0.00640	0.01559
6	0.01227	0.00985	0.01096	0.01185	0.01424	0.00854	0.00844	0.01456	0.02199	0.02715	0.08624	0.29838	0.38299	0.02829	0.01249	0.00373	0.00548	0.02447	0.00953	0.00854
7	0.02540	0.02438	0.04165	0.06299	0.57533	0.02438	0.03149	0.03149	0.02337	0.03353	0.01930	0.02540	0.01626	0.00914	0.01016	0.00305	0.01219	0.00914	0.00508	0.01626

[dist]
# distance from previous block
# <min> <max>
0	354

# created by:
# /st0/software/busco_prod/Augustus/scripts/msa2prfl.pl ./align_prep/9470.fa
