[name]
unknown

[dist]
# distance from previous block
# <min> <max>
0	8

[block]
# block no. 0 follows, 14 sequences, length 8
# corresponding to MSA columns:
# 121-128
name=unknown_A
#
# <colnr> <probs for GDERKNQSTAVLIFYWHMCP>
#	G	D	E	R	K	N	Q	S	T	A	V	L	I	F	Y	W	H	M	C	P
0	0.03123	0.03501	0.08913	0.02377	0.02987	0.27854	0.02055	0.07305	0.02823	0.08229	0.02942	0.04692	0.02693	0.01557	0.01080	0.00335	0.01425	0.14119	0.00736	0.01255
1	0.02350	0.24475	0.03301	0.01605	0.02505	0.02340	0.01411	0.02761	0.02113	0.03008	0.01681	0.01954	0.01447	0.00803	0.00723	0.00176	0.00882	0.00587	0.00547	0.45332
2	0.01749	0.00903	0.01312	0.01312	0.01312	0.00903	0.00860	0.01355	0.01355	0.01806	0.01950	0.03535	0.02007	0.10533	0.04151	0.62161	0.00903	0.00961	0.00466	0.00466
3	0.01706	0.01068	0.01584	0.01550	0.01614	0.01200	0.01132	0.01597	0.01465	0.02046	0.02089	0.03374	0.02025	0.04884	0.23608	0.40750	0.06198	0.00965	0.00483	0.00663
4	0.03123	0.02344	0.03479	0.03687	0.20984	0.02376	0.08157	0.15998	0.06695	0.13450	0.06829	0.03190	0.02523	0.01170	0.01061	0.00317	0.01114	0.01060	0.00848	0.01596
5	0.03409	0.03520	0.03003	0.16400	0.04093	0.28057	0.02177	0.19835	0.03323	0.03810	0.01924	0.02256	0.01469	0.01106	0.00982	0.00297	0.01505	0.00805	0.00672	0.01357
6	0.01380	0.01013	0.01293	0.01293	0.01506	0.00927	0.00943	0.01770	0.02630	0.03628	0.40205	0.20318	0.14472	0.02404	0.01233	0.00346	0.00513	0.02128	0.01070	0.00927
7	0.14454	0.03222	0.11674	0.03308	0.09896	0.09157	0.17063	0.12192	0.02737	0.03979	0.01928	0.02312	0.01459	0.00987	0.00993	0.00318	0.01392	0.00889	0.00615	0.01425

[dist]
# distance from previous block
# <min> <max>
0	1

[block]
# block no. 1 follows, 14 sequences, length 46
# corresponding to MSA columns:
# 130-175
name=unknown_B
#
# <colnr> <probs for GDERKNQSTAVLIFYWHMCP>
#	G	D	E	R	K	N	Q	S	T	A	V	L	I	F	Y	W	H	M	C	P
0	0.51739	0.01993	0.02040	0.01677	0.02377	0.02155	0.05200	0.03461	0.02052	0.15960	0.02038	0.02141	0.01450	0.01014	0.00764	0.00320	0.00882	0.00707	0.00762	0.01268
1	0.02265	0.01914	0.02199	0.01610	0.02494	0.01559	0.01288	0.05925	0.05906	0.03599	0.02022	0.02263	0.01643	0.00831	0.00795	0.00175	0.00786	0.00665	0.00663	0.61399
2	0.01422	0.00965	0.01140	0.01209	0.01226	0.00948	0.00718	0.01474	0.01629	0.02172	0.03935	0.23090	0.04616	0.46353	0.04090	0.00827	0.00879	0.01905	0.00718	0.00683
3	0.02174	0.01643	0.01974	0.01529	0.02272	0.01280	0.01192	0.02574	0.02166	0.07876	0.02730	0.13674	0.02591	0.01262	0.00886	0.00216	0.00739	0.01076	0.00729	0.51418
4	0.02887	0.03035	0.14611	0.03062	0.08384	0.02521	0.11992	0.18858	0.07746	0.08001	0.02692	0.06766	0.02126	0.01235	0.01071	0.00330	0.01246	0.01106	0.00781	0.01549
5	0.02014	0.01287	0.01807	0.05698	0.05705	0.01361	0.01270	0.05333	0.05433	0.02443	0.02123	0.03352	0.01993	0.07815	0.03310	0.45833	0.00963	0.00964	0.00544	0.00752
6	0.02259	0.02718	0.12599	0.06907	0.08379	0.05732	0.11769	0.06688	0.02328	0.03197	0.02164	0.02848	0.01773	0.02760	0.16782	0.00663	0.01777	0.00951	0.00554	0.07152
7	0.65370	0.01964	0.01585	0.01391	0.02040	0.02233	0.01146	0.03190	0.01850	0.09288	0.01658	0.01826	0.01236	0.00980	0.00670	0.00318	0.00801	0.00597	0.00691	0.01167
8	0.02070	0.01592	0.01814	0.01369	0.02101	0.01258	0.01082	0.02532	0.02134	0.03473	0.02232	0.02583	0.01817	0.00877	0.00749	0.00175	0.00685	0.00701	0.19095	0.51660
9	0.01838	0.01591	0.02484	0.02237	0.05859	0.01558	0.10301	0.02727	0.10016	0.03949	0.36841	0.05975	0.06880	0.01715	0.01176	0.00329	0.00790	0.01590	0.00974	0.01171
10	0.71184	0.01985	0.01508	0.01350	0.01985	0.02302	0.01111	0.03017	0.01746	0.04604	0.01429	0.01667	0.01111	0.00953	0.00635	0.00318	0.00794	0.00556	0.00635	0.01111
11	0.01687	0.01092	0.01350	0.01256	0.01559	0.00989	0.00952	0.02122	0.02736	0.07952	0.39580	0.07427	0.17393	0.02050	0.01154	0.00320	0.00520	0.01773	0.07081	0.01007
12	0.02650	0.02647	0.04059	0.05988	0.52912	0.07316	0.03050	0.03230	0.02385	0.03281	0.01901	0.02481	0.01600	0.00927	0.01008	0.00301	0.01273	0.00893	0.00510	0.01588
13	0.02760	0.12765	0.22169	0.02313	0.03409	0.02253	0.06234	0.03464	0.02333	0.15084	0.02271	0.02412	0.01638	0.00970	0.00911	0.00272	0.01167	0.00788	0.00660	0.16130
14	0.02902	0.59213	0.05123	0.01762	0.02633	0.03844	0.01735	0.03237	0.02158	0.07161	0.01650	0.01803	0.01421	0.00911	0.00690	0.00228	0.01078	0.00590	0.00510	0.01353
15	0.71184	0.01985	0.01508	0.01350	0.01985	0.02302	0.01111	0.03017	0.01746	0.04604	0.01429	0.01667	0.01111	0.00953	0.00635	0.00318	0.00794	0.00556	0.00635	0.01111
16	0.71184	0.01985	0.01508	0.01350	0.01985	0.02302	0.01111	0.03017	0.01746	0.04604	0.01429	0.01667	0.01111	0.00953	0.00635	0.00318	0.00794	0.00556	0.00635	0.01111
17	0.71184	0.01985	0.01508	0.01350	0.01985	0.02302	0.01111	0.03017	0.01746	0.04604	0.01429	0.01667	0.01111	0.00953	0.00635	0.00318	0.00794	0.00556	0.00635	0.01111
18	0.03229	0.02408	0.02353	0.01915	0.02516	0.07381	0.01540	0.32406	0.03762	0.05237	0.02683	0.02867	0.02005	0.01205	0.00914	0.00281	0.00974	0.00912	0.23982	0.01432
19	0.01829	0.01491	0.01802	0.01746	0.02070	0.01616	0.01408	0.02890	0.16435	0.03539	0.17519	0.07560	0.13272	0.02158	0.01411	0.00384	0.06068	0.14698	0.00972	0.01133
20	0.01897	0.01761	0.02953	0.56252	0.06611	0.02193	0.02713	0.02553	0.02017	0.02601	0.01905	0.02849	0.01472	0.01608	0.06157	0.00456	0.01488	0.00928	0.00464	0.01120
21	0.71184	0.01985	0.01508	0.01350	0.01985	0.02302	0.01111	0.03017	0.01746	0.04604	0.01429	0.01667	0.01111	0.00953	0.00635	0.00318	0.00794	0.00556	0.00635	0.01111
22	0.01971	0.01585	0.02551	0.34047	0.04742	0.01817	0.06509	0.02595	0.02121	0.03126	0.02411	0.03143	0.01852	0.01075	0.00928	0.00304	0.01070	0.00955	0.26105	0.01093
23	0.71184	0.01985	0.01508	0.01350	0.01985	0.02302	0.01111	0.03017	0.01746	0.04604	0.01429	0.01667	0.01111	0.00953	0.00635	0.00318	0.00794	0.00556	0.00635	0.01111
24	0.01879	0.01645	0.02477	0.23731	0.12048	0.01833	0.02053	0.02691	0.09366	0.03057	0.06996	0.20715	0.03776	0.01765	0.01122	0.00358	0.00987	0.01590	0.00733	0.01178
25	0.01452	0.01049	0.01372	0.01291	0.01533	0.00968	0.00968	0.01937	0.02905	0.04115	0.56992	0.07666	0.09683	0.02098	0.01210	0.00323	0.00484	0.01856	0.01130	0.00968
26	0.65724	0.02057	0.01636	0.01432	0.02082	0.02374	0.01179	0.07163	0.01996	0.04755	0.01513	0.01732	0.01163	0.00975	0.00667	0.00317	0.00821	0.00586	0.00667	0.01163
27	0.07008	0.11978	0.03248	0.07811	0.11520	0.07266	0.01968	0.13384	0.06409	0.03839	0.02026	0.02304	0.01607	0.00999	0.00886	0.00266	0.01103	0.00775	0.00662	0.14941
28	0.01654	0.01181	0.01654	0.01890	0.02126	0.01181	0.01654	0.02126	0.02362	0.03071	0.05433	0.11576	0.05906	0.02835	0.01417	0.00472	0.00945	0.50626	0.00945	0.00945
29	0.02452	0.01808	0.02626	0.22595	0.11200	0.01951	0.02080	0.07337	0.05797	0.11255	0.06928	0.09082	0.07571	0.01482	0.01079	0.00337	0.01026	0.01290	0.00794	0.01311
30	0.01288	0.00987	0.01182	0.01250	0.01462	0.00880	0.00893	0.01576	0.02344	0.03060	0.20599	0.29322	0.26055	0.02701	0.01249	0.00367	0.00539	0.02368	0.00998	0.00880
31	0.02245	0.02245	0.03143	0.02694	0.02694	0.03143	0.02245	0.02470	0.01572	0.02470	0.01347	0.02245	0.01347	0.01796	0.03368	0.00449	0.62057	0.00898	0.00449	0.01123
32	0.02018	0.01956	0.03328	0.49105	0.06355	0.02419	0.06905	0.02656	0.02019	0.02656	0.01782	0.02674	0.01381	0.01114	0.01349	0.00356	0.09375	0.00934	0.00460	0.01158
33	0.04604	0.01746	0.02382	0.01826	0.02620	0.01508	0.01508	0.05001	0.02937	0.58244	0.04049	0.03493	0.02540	0.01270	0.01032	0.00318	0.00873	0.01032	0.01270	0.01746
34	0.02117	0.01259	0.01626	0.01446	0.01814	0.01178	0.01114	0.02751	0.06541	0.14247	0.43461	0.06622	0.07897	0.01895	0.01166	0.00324	0.00579	0.01654	0.01150	0.01159
35	0.02160	0.01603	0.01749	0.01614	0.01791	0.05951	0.01219	0.02425	0.01959	0.06300	0.02939	0.04665	0.02787	0.19611	0.02664	0.00525	0.13775	0.04323	0.20979	0.00961
36	0.03522	0.04003	0.02821	0.06474	0.03310	0.40857	0.01957	0.13145	0.03137	0.03267	0.02076	0.06692	0.01819	0.01252	0.00980	0.00289	0.01588	0.00899	0.00649	0.01263
37	0.02030	0.01954	0.03414	0.52021	0.11330	0.02319	0.07011	0.02722	0.02107	0.02740	0.01854	0.02721	0.01406	0.01003	0.01040	0.00339	0.01384	0.00936	0.00466	0.01202
38	0.03072	0.46601	0.04635	0.02023	0.02796	0.20836	0.01824	0.03381	0.02333	0.02444	0.01475	0.01708	0.01318	0.00932	0.00739	0.00233	0.01324	0.00582	0.00466	0.01279
39	0.02905	0.02510	0.10570	0.07099	0.19473	0.02118	0.02407	0.10569	0.02779	0.15393	0.03355	0.03879	0.06559	0.01313	0.01058	0.00327	0.01108	0.04265	0.00796	0.01517
40	0.12903	0.16081	0.15035	0.02247	0.03191	0.06379	0.06575	0.03734	0.02380	0.18748	0.02322	0.02391	0.01651	0.01031	0.00893	0.00297	0.01185	0.00795	0.00713	0.01448
41	0.02823	0.01745	0.06911	0.02062	0.06078	0.01364	0.01586	0.03212	0.02418	0.26171	0.04389	0.28559	0.04163	0.02041	0.01143	0.00359	0.00836	0.01796	0.01011	0.01332
42	0.01346	0.01034	0.01136	0.01112	0.01399	0.00910	0.00820	0.01668	0.02435	0.03178	0.22954	0.08632	0.36292	0.06423	0.01445	0.00376	0.00538	0.01953	0.05464	0.00886
43	0.01958	0.02539	0.18470	0.10489	0.07799	0.01726	0.02320	0.02617	0.02245	0.06512	0.08186	0.12103	0.06742	0.02088	0.05005	0.00439	0.01194	0.05639	0.00706	0.01224
44	0.08454	0.06331	0.03500	0.25063	0.19551	0.02432	0.05972	0.03229	0.05743	0.06964	0.02118	0.02642	0.01624	0.01009	0.00978	0.00320	0.01212	0.00902	0.00584	0.01374
45	0.02170	0.01127	0.01517	0.01538	0.01799	0.01019	0.01105	0.02408	0.02231	0.17869	0.05215	0.46878	0.05623	0.02682	0.01234	0.00390	0.00672	0.02400	0.01040	0.01084

[dist]
# distance from previous block
# <min> <max>
1	15

[block]
# block no. 2 follows, 14 sequences, length 67
# corresponding to MSA columns:
# 191-257
name=unknown_C
#
# <colnr> <probs for GDERKNQSTAVLIFYWHMCP>
#	G	D	E	R	K	N	Q	S	T	A	V	L	I	F	Y	W	H	M	C	P
0	0.14533	0.15914	0.16320	0.02449	0.07787	0.02683	0.02231	0.10239	0.02578	0.13014	0.02149	0.02270	0.01569	0.01030	0.00872	0.00296	0.01122	0.00762	0.00695	0.01486
1	0.03051	0.15146	0.28631	0.02366	0.03489	0.06054	0.02626	0.03790	0.02427	0.19344	0.02403	0.02444	0.01672	0.01050	0.00930	0.00300	0.01270	0.00795	0.00688	0.01527
2	0.65223	0.02024	0.01739	0.01779	0.06808	0.02314	0.01288	0.03028	0.01798	0.04496	0.01472	0.01743	0.01156	0.00949	0.00668	0.00316	0.00831	0.00587	0.00624	0.01156
3	0.02804	0.13365	0.07176	0.06336	0.03208	0.06156	0.07353	0.03292	0.02410	0.15583	0.06333	0.07366	0.02897	0.01449	0.01194	0.00331	0.05287	0.05378	0.00765	0.01318
4	0.02938	0.54194	0.04992	0.01858	0.02726	0.03913	0.01789	0.11644	0.02545	0.03095	0.01601	0.01783	0.01389	0.00937	0.00720	0.00234	0.01103	0.00612	0.00538	0.01389
5	0.01419	0.01048	0.01326	0.01256	0.01513	0.00954	0.00942	0.01872	0.02826	0.03928	0.50509	0.07973	0.16282	0.02168	0.01211	0.00326	0.00489	0.01899	0.01105	0.00954
6	0.03833	0.04891	0.02908	0.02644	0.03173	0.59815	0.01983	0.04098	0.02908	0.02512	0.01586	0.01851	0.01322	0.01058	0.00925	0.00264	0.01851	0.00661	0.00529	0.01190
7	0.02082	0.05145	0.55243	0.03015	0.04501	0.02397	0.07003	0.03252	0.02183	0.03252	0.01857	0.02205	0.01316	0.00968	0.00990	0.00326	0.01530	0.00787	0.00439	0.01508
8	0.01452	0.01049	0.01372	0.01291	0.01533	0.00968	0.00968	0.01937	0.02905	0.04115	0.56992	0.07666	0.09683	0.02098	0.01210	0.00323	0.00484	0.01856	0.01130	0.00968
9	0.02169	0.14900	0.49998	0.02736	0.04149	0.02655	0.03462	0.03221	0.02153	0.03115	0.01774	0.02082	0.01303	0.00959	0.00924	0.00308	0.01449	0.00724	0.00434	0.01484
10	0.21539	0.01807	0.02159	0.01705	0.02458	0.01710	0.01407	0.04496	0.02634	0.44601	0.03382	0.03028	0.02177	0.01189	0.00931	0.00318	0.00853	0.00911	0.01109	0.01585
11	0.04604	0.01746	0.02382	0.01826	0.02620	0.01508	0.01508	0.05001	0.02937	0.58244	0.04049	0.03493	0.02540	0.01270	0.01032	0.00318	0.00873	0.01032	0.01270	0.01746
12	0.71184	0.01985	0.01508	0.01350	0.01985	0.02302	0.01111	0.03017	0.01746	0.04604	0.01429	0.01667	0.01111	0.00953	0.00635	0.00318	0.00794	0.00556	0.00635	0.01111
13	0.03840	0.04692	0.02925	0.02616	0.03173	0.54216	0.01980	0.09042	0.03098	0.02903	0.01673	0.01911	0.01364	0.01075	0.00935	0.00269	0.01779	0.00687	0.00578	0.01245
14	0.02553	0.02204	0.02320	0.02088	0.02669	0.02553	0.01624	0.05453	0.55679	0.04293	0.04177	0.03829	0.03133	0.01392	0.01044	0.00348	0.00812	0.01160	0.01044	0.01624
15	0.02128	0.01824	0.02128	0.01520	0.02432	0.01368	0.01216	0.02584	0.02128	0.03344	0.01824	0.02128	0.01520	0.00760	0.00760	0.00152	0.00760	0.00608	0.00608	0.70208
16	0.01247	0.00908	0.01176	0.01390	0.01478	0.00837	0.00936	0.01433	0.02002	0.02635	0.06125	0.57987	0.11763	0.03154	0.01300	0.00410	0.00588	0.02843	0.00953	0.00837
17	0.02062	0.01933	0.02661	0.02354	0.02377	0.02594	0.01918	0.02274	0.01637	0.02450	0.02063	0.03908	0.02192	0.12186	0.03482	0.00542	0.45905	0.05913	0.00527	0.01022
18	0.03103	0.03002	0.02294	0.02007	0.02467	0.24719	0.01513	0.16077	0.03016	0.03662	0.02409	0.03203	0.02081	0.12054	0.01661	0.00398	0.01274	0.00925	0.12944	0.01191
19	0.04421	0.01693	0.02284	0.01767	0.02523	0.01471	0.01454	0.04823	0.02884	0.54532	0.04001	0.03516	0.02546	0.01265	0.01011	0.00312	0.00846	0.01027	0.05933	0.01693
20	0.04421	0.01693	0.02284	0.01767	0.02523	0.01471	0.01454	0.04823	0.02884	0.54532	0.04001	0.03516	0.02546	0.01265	0.01011	0.00312	0.00846	0.01027	0.05933	0.01693
21	0.01514	0.01048	0.01484	0.01484	0.01600	0.01164	0.01077	0.01688	0.01572	0.02212	0.02736	0.04541	0.02736	0.20328	0.39746	0.10475	0.02094	0.01164	0.00553	0.00786
22	0.02463	0.14719	0.42473	0.02620	0.03938	0.02648	0.03182	0.06449	0.02369	0.07160	0.01966	0.02191	0.01417	0.00995	0.00930	0.00306	0.01379	0.00753	0.00529	0.01514
23	0.65336	0.02237	0.01630	0.01462	0.02088	0.07296	0.01187	0.03110	0.01847	0.04423	0.01443	0.01683	0.01130	0.00962	0.00660	0.00313	0.00886	0.00565	0.00626	0.01118
24	0.01783	0.00891	0.01337	0.01337	0.01337	0.00891	0.00891	0.01337	0.01337	0.01783	0.01783	0.03119	0.01783	0.03565	0.04011	0.70143	0.00891	0.00891	0.00446	0.00446
25	0.02002	0.02024	0.08574	0.01849	0.02324	0.05963	0.04749	0.02652	0.05655	0.06209	0.20578	0.16917	0.05432	0.01858	0.01110	0.00332	0.00854	0.01634	0.08159	0.01125
26	0.02162	0.08301	0.40398	0.09019	0.08350	0.02507	0.08804	0.03173	0.02189	0.03145	0.01844	0.02279	0.01357	0.00958	0.00987	0.00321	0.01477	0.00819	0.00450	0.01460
27	0.71184	0.01985	0.01508	0.01350	0.01985	0.02302	0.01111	0.03017	0.01746	0.04604	0.01429	0.01667	0.01111	0.00953	0.00635	0.00318	0.00794	0.00556	0.00635	0.01111
28	0.01684	0.01076	0.01264	0.01190	0.01500	0.00973	0.00902	0.02096	0.02599	0.07344	0.29593	0.07294	0.21669	0.02016	0.01105	0.00313	0.00520	0.01719	0.14154	0.00989
29	0.02401	0.15613	0.35309	0.02917	0.04181	0.02686	0.13003	0.03324	0.02245	0.06239	0.01936	0.02263	0.01424	0.00952	0.00965	0.00309	0.01444	0.00823	0.00499	0.01467
30	0.01454	0.01371	0.05550	0.01758	0.02022	0.01126	0.04472	0.01817	0.02122	0.02885	0.10043	0.40663	0.06016	0.03049	0.04974	0.00480	0.00890	0.07481	0.00882	0.00945
31	0.01250	0.00893	0.01191	0.01429	0.01488	0.00834	0.00953	0.01429	0.01965	0.02620	0.05656	0.63265	0.06787	0.03215	0.01310	0.00417	0.00595	0.02917	0.00953	0.00834
32	0.01373	0.00964	0.01227	0.01316	0.01475	0.00894	0.00928	0.01691	0.02344	0.03264	0.24295	0.34926	0.10920	0.02612	0.01221	0.00364	0.00541	0.02329	0.06423	0.00894
33	0.12073	0.02732	0.12515	0.15956	0.03972	0.02481	0.02267	0.17297	0.08456	0.04251	0.02463	0.06708	0.01986	0.01254	0.00985	0.00332	0.01137	0.01004	0.00731	0.01401
34	0.01386	0.01056	0.01505	0.01943	0.07405	0.01003	0.01185	0.01611	0.02004	0.02697	0.05263	0.56854	0.06242	0.02972	0.01279	0.00405	0.00661	0.02706	0.00906	0.00917
35	0.66616	0.02045	0.01615	0.01418	0.02066	0.02362	0.01168	0.06485	0.01955	0.04731	0.01499	0.01721	0.01154	0.00972	0.00662	0.00317	0.00817	0.00581	0.00662	0.01154
36	0.04604	0.01746	0.02382	0.01826	0.02620	0.01508	0.01508	0.05001	0.02937	0.58244	0.04049	0.03493	0.02540	0.01270	0.01032	0.00318	0.00873	0.01032	0.01270	0.01746
37	0.02540	0.02438	0.04165	0.06299	0.57533	0.02438	0.03149	0.03149	0.02337	0.03353	0.01930	0.02540	0.01626	0.00914	0.01016	0.00305	0.01219	0.00914	0.00508	0.01626
38	0.01398	0.01047	0.01296	0.01234	0.01500	0.00945	0.00925	0.01831	0.02776	0.03809	0.46363	0.08170	0.20503	0.02212	0.01211	0.00328	0.00492	0.01927	0.01089	0.00945
39	0.03692	0.12620	0.03228	0.02529	0.03103	0.52592	0.01953	0.03965	0.02802	0.02499	0.01566	0.01824	0.01321	0.01034	0.00891	0.00259	0.01753	0.00646	0.00517	0.01206
40	0.04604	0.01746	0.02382	0.01826	0.02620	0.01508	0.01508	0.05001	0.02937	0.58244	0.04049	0.03493	0.02540	0.01270	0.01032	0.00318	0.00873	0.01032	0.01270	0.01746
41	0.03759	0.02804	0.03000	0.02332	0.03128	0.03116	0.01916	0.48974	0.10194	0.06238	0.02645	0.02608	0.01892	0.01249	0.01028	0.00312	0.01096	0.00949	0.01028	0.01732
42	0.03833	0.04891	0.02908	0.02644	0.03173	0.59815	0.01983	0.04098	0.02908	0.02512	0.01586	0.01851	0.01322	0.01058	0.00925	0.00264	0.01851	0.00661	0.00529	0.01190
43	0.03833	0.04891	0.02908	0.02644	0.03173	0.59815	0.01983	0.04098	0.02908	0.02512	0.01586	0.01851	0.01322	0.01058	0.00925	0.00264	0.01851	0.00661	0.00529	0.01190
44	0.04604	0.01746	0.02382	0.01826	0.02620	0.01508	0.01508	0.05001	0.02937	0.58244	0.04049	0.03493	0.02540	0.01270	0.01032	0.00318	0.00873	0.01032	0.01270	0.01746
45	0.71184	0.01985	0.01508	0.01350	0.01985	0.02302	0.01111	0.03017	0.01746	0.04604	0.01429	0.01667	0.01111	0.00953	0.00635	0.00318	0.00794	0.00556	0.00635	0.01111
46	0.02744	0.64552	0.05378	0.01756	0.02634	0.04061	0.01756	0.03073	0.02085	0.02414	0.01427	0.01646	0.01317	0.00878	0.00658	0.00219	0.01097	0.00549	0.00439	0.01317
47	0.02349	0.02078	0.02953	0.35716	0.08980	0.02458	0.02452	0.08843	0.16545	0.03520	0.02521	0.02983	0.01892	0.01137	0.01030	0.00337	0.01186	0.00979	0.00675	0.01365
48	0.03044	0.01795	0.02222	0.01633	0.02501	0.01420	0.01324	0.03478	0.02427	0.23657	0.02647	0.02633	0.01897	0.00949	0.00861	0.00213	0.00802	0.00765	0.00853	0.44877
49	0.01703	0.00943	0.01415	0.01415	0.01461	0.00989	0.00989	0.01461	0.01415	0.01932	0.02024	0.03347	0.01978	0.04598	0.17970	0.53026	0.01355	0.00943	0.00472	0.00563
50	0.02149	0.02123	0.03180	0.07778	0.03162	0.02796	0.06222	0.02491	0.01821	0.02721	0.07321	0.02901	0.02246	0.01688	0.02767	0.00418	0.45537	0.01025	0.00527	0.01128
51	0.01783	0.00891	0.01337	0.01337	0.01337	0.00891	0.00891	0.01337	0.01337	0.01783	0.01783	0.03119	0.01783	0.03565	0.04011	0.70143	0.00891	0.00891	0.00446	0.00446
52	0.04604	0.01746	0.02382	0.01826	0.02620	0.01508	0.01508	0.05001	0.02937	0.58244	0.04049	0.03493	0.02540	0.01270	0.01032	0.00318	0.00873	0.01032	0.01270	0.01746
53	0.02464	0.02375	0.08368	0.20445	0.08421	0.02242	0.14206	0.06422	0.06095	0.07534	0.02267	0.02840	0.01707	0.01303	0.01380	0.07704	0.01310	0.00993	0.00613	0.01310
54	0.03833	0.04891	0.02908	0.02644	0.03173	0.59815	0.01983	0.04098	0.02908	0.02512	0.01586	0.01851	0.01322	0.01058	0.00925	0.00264	0.01851	0.00661	0.00529	0.01190
55	0.01749	0.01289	0.01724	0.01911	0.02183	0.01326	0.01651	0.02477	0.07991	0.03200	0.05301	0.10758	0.05613	0.02683	0.01378	0.00459	0.00931	0.45404	0.00955	0.01017
56	0.45662	0.08158	0.02463	0.08038	0.02890	0.02411	0.05977	0.02934	0.01919	0.03943	0.01842	0.02654	0.01575	0.01094	0.00790	0.00325	0.00978	0.04591	0.00611	0.01145
57	0.02400	0.08949	0.03346	0.02550	0.02747	0.07907	0.04978	0.02609	0.01767	0.02446	0.01461	0.02264	0.01397	0.01757	0.02810	0.07293	0.40905	0.00858	0.00459	0.01097
58	0.02500	0.08055	0.19585	0.03027	0.09037	0.02420	0.11359	0.03695	0.12240	0.07257	0.02446	0.02665	0.01829	0.01018	0.00989	0.00304	0.01235	0.00914	0.00647	0.08777
59	0.06880	0.31630	0.23359	0.02190	0.03267	0.03153	0.02428	0.07259	0.02357	0.06343	0.01803	0.01999	0.01402	0.00967	0.00818	0.00275	0.01215	0.00679	0.00543	0.01432
60	0.02119	0.01282	0.01604	0.01455	0.01847	0.01194	0.01139	0.02738	0.06934	0.14248	0.31322	0.07197	0.15502	0.02017	0.01177	0.00338	0.00622	0.05006	0.01108	0.01151
61	0.01897	0.01268	0.01802	0.01807	0.02142	0.01223	0.04520	0.02366	0.02374	0.07025	0.05363	0.09198	0.10350	0.02349	0.01256	0.00407	0.00875	0.31996	0.10761	0.01021
62	0.02952	0.07662	0.30755	0.02777	0.07101	0.06354	0.02853	0.10383	0.02715	0.13423	0.02283	0.02414	0.01604	0.01058	0.00972	0.00310	0.01329	0.00820	0.00674	0.01561
63	0.01712	0.01130	0.01521	0.07354	0.02132	0.01115	0.01190	0.01985	0.02107	0.07504	0.08983	0.28210	0.08508	0.14246	0.02002	0.00505	0.00796	0.07191	0.00881	0.00927
64	0.01250	0.00893	0.01191	0.01429	0.01488	0.00834	0.00953	0.01429	0.01965	0.02620	0.05656	0.63265	0.06787	0.03215	0.01310	0.00417	0.00595	0.02917	0.00953	0.00834
65	0.02072	0.04014	0.37001	0.03404	0.13952	0.02206	0.06681	0.03020	0.02278	0.03297	0.06217	0.03190	0.05857	0.01146	0.01031	0.00324	0.01336	0.00991	0.00537	0.01445
66	0.02417	0.02437	0.04426	0.11346	0.33531	0.02531	0.15827	0.03061	0.02252	0.03171	0.01898	0.02589	0.01553	0.01001	0.01299	0.00333	0.07379	0.00987	0.00499	0.01463

[dist]
# distance from previous block
# <min> <max>
0	2

[block]
# block no. 3 follows, 14 sequences, length 6
# corresponding to MSA columns:
# 260-265
name=unknown_D
#
# <colnr> <probs for GDERKNQSTAVLIFYWHMCP>
#	G	D	E	R	K	N	Q	S	T	A	V	L	I	F	Y	W	H	M	C	P
0	0.02842	0.03286	0.02734	0.02477	0.02735	0.29514	0.01924	0.03078	0.02262	0.02512	0.02119	0.11387	0.02167	0.01665	0.01901	0.00357	0.24271	0.01095	0.00564	0.01110
1	0.71184	0.01985	0.01508	0.01350	0.01985	0.02302	0.01111	0.03017	0.01746	0.04604	0.01429	0.01667	0.01111	0.00953	0.00635	0.00318	0.00794	0.00556	0.00635	0.01111
2	0.14047	0.01948	0.02360	0.01837	0.02612	0.01870	0.01517	0.11986	0.03046	0.42889	0.03438	0.03079	0.02218	0.01219	0.00974	0.00316	0.00900	0.00948	0.01143	0.01655
3	0.02794	0.19127	0.11513	0.02082	0.02905	0.02827	0.01970	0.12906	0.16253	0.07304	0.07757	0.03100	0.02712	0.01225	0.00944	0.00299	0.01022	0.00954	0.00812	0.01495
4	0.02371	0.02121	0.03034	0.03891	0.27252	0.02172	0.02269	0.03620	0.18064	0.03589	0.03084	0.04170	0.02672	0.01314	0.01053	0.00325	0.01009	0.08081	0.00740	0.09171
5	0.08690	0.15900	0.26889	0.02450	0.03500	0.02670	0.06169	0.03447	0.10063	0.03354	0.02322	0.02932	0.01882	0.01132	0.00937	0.00318	0.01238	0.04116	0.00584	0.01408

[dist]
# distance from previous block
# <min> <max>
0	1

[block]
# block no. 4 follows, 14 sequences, length 6
# corresponding to MSA columns:
# 267-272
name=unknown_E
#
# <colnr> <probs for GDERKNQSTAVLIFYWHMCP>
#	G	D	E	R	K	N	Q	S	T	A	V	L	I	F	Y	W	H	M	C	P
0	0.02140	0.02349	0.11880	0.15198	0.07694	0.01894	0.10807	0.02784	0.02228	0.07088	0.03013	0.14447	0.02835	0.01521	0.01112	0.00346	0.01191	0.04969	0.00664	0.05839
1	0.71184	0.01985	0.01508	0.01350	0.01985	0.02302	0.01111	0.03017	0.01746	0.04604	0.01429	0.01667	0.01111	0.00953	0.00635	0.00318	0.00794	0.00556	0.00635	0.01111
2	0.02429	0.02489	0.04731	0.11806	0.32836	0.02478	0.21567	0.03140	0.02336	0.03246	0.01971	0.02645	0.01572	0.00909	0.01088	0.00324	0.01422	0.01022	0.00506	0.01483
3	0.01414	0.01047	0.01319	0.01251	0.01510	0.00952	0.00938	0.01863	0.02815	0.03902	0.49605	0.08016	0.17203	0.02177	0.01211	0.00327	0.00490	0.01905	0.01102	0.00952
4	0.01233	0.00963	0.01119	0.01244	0.01440	0.00849	0.00871	0.01450	0.02142	0.02692	0.07906	0.37919	0.30681	0.02923	0.01264	0.00383	0.00559	0.02561	0.00953	0.00849
5	0.01452	0.01049	0.01372	0.01291	0.01533	0.00968	0.00968	0.01937	0.02905	0.04115	0.56992	0.07666	0.09683	0.02098	0.01210	0.00323	0.00484	0.01856	0.01130	0.00968

[dist]
# distance from previous block
# <min> <max>
1	8

[block]
# block no. 5 follows, 14 sequences, length 38
# corresponding to MSA columns:
# 281-318
name=unknown_F
#
# <colnr> <probs for GDERKNQSTAVLIFYWHMCP>
#	G	D	E	R	K	N	Q	S	T	A	V	L	I	F	Y	W	H	M	C	P
0	0.02744	0.64552	0.05378	0.01756	0.02634	0.04061	0.01756	0.03073	0.02085	0.02414	0.01427	0.01646	0.01317	0.00878	0.00658	0.00219	0.01097	0.00549	0.00439	0.01317
1	0.01492	0.00995	0.01119	0.01119	0.01119	0.00995	0.00622	0.01492	0.01492	0.01990	0.03233	0.06716	0.03731	0.63935	0.05223	0.00995	0.00995	0.01492	0.00622	0.00622
2	0.01477	0.01054	0.01420	0.01420	0.01524	0.01158	0.00997	0.01686	0.01581	0.02213	0.02958	0.05191	0.03069	0.31991	0.36262	0.01367	0.01991	0.01269	0.00581	0.00789
3	0.07651	0.16355	0.14679	0.02594	0.03585	0.03058	0.10705	0.21637	0.03126	0.04337	0.01989	0.02228	0.01494	0.01028	0.00942	0.00299	0.01273	0.00834	0.00677	0.01508
4	0.10142	0.02034	0.03045	0.07766	0.31894	0.02123	0.02327	0.03014	0.07641	0.03410	0.02798	0.14016	0.02677	0.01408	0.01031	0.00334	0.01020	0.01275	0.00658	0.01387
5	0.02498	0.15317	0.26870	0.02252	0.03400	0.02477	0.02493	0.07583	0.02413	0.06226	0.01926	0.02152	0.01460	0.00941	0.00869	0.00261	0.01184	0.00710	0.00572	0.18393
6	0.08501	0.08147	0.08257	0.01469	0.01982	0.07569	0.01337	0.02788	0.02188	0.03558	0.02633	0.03025	0.02078	0.01103	0.00755	0.00257	0.00827	0.00827	0.41605	0.01094
7	0.29920	0.01335	0.01406	0.01342	0.01599	0.01463	0.00981	0.02018	0.01503	0.02927	0.01639	0.02531	0.01510	0.02506	0.02642	0.41834	0.00852	0.00755	0.00522	0.00716
8	0.03569	0.02362	0.03505	0.03554	0.19042	0.02344	0.08105	0.17185	0.03200	0.22361	0.02790	0.02862	0.01952	0.01110	0.01046	0.00315	0.01139	0.00990	0.00898	0.01669
9	0.02282	0.08552	0.15034	0.02596	0.03057	0.03005	0.02465	0.02995	0.07283	0.02817	0.01749	0.02336	0.01517	0.01497	0.02376	0.00392	0.37402	0.00864	0.00506	0.01275
10	0.02245	0.02245	0.03143	0.02694	0.02694	0.03143	0.02245	0.02470	0.01572	0.02470	0.01347	0.02245	0.01347	0.01796	0.03368	0.00449	0.62057	0.00898	0.00449	0.01123
11	0.02128	0.01824	0.02128	0.01520	0.02432	0.01368	0.01216	0.02584	0.02128	0.03344	0.01824	0.02128	0.01520	0.00760	0.00760	0.00152	0.00760	0.00608	0.00608	0.70208
12	0.02427	0.02303	0.03906	0.05874	0.52640	0.02298	0.02958	0.02999	0.02304	0.03289	0.02256	0.07842	0.02076	0.01115	0.01042	0.00315	0.01165	0.01089	0.00547	0.01556
13	0.02128	0.01824	0.02128	0.01520	0.02432	0.01368	0.01216	0.02584	0.02128	0.03344	0.01824	0.02128	0.01520	0.00760	0.00760	0.00152	0.00760	0.00608	0.00608	0.70208
14	0.02581	0.02007	0.02474	0.02109	0.02521	0.02358	0.01711	0.23132	0.02924	0.04053	0.02404	0.03103	0.02033	0.04109	0.26754	0.00909	0.11810	0.00995	0.00727	0.01286
15	0.03024	0.02349	0.08838	0.02515	0.03294	0.01982	0.13644	0.10005	0.05381	0.20383	0.03480	0.14331	0.02917	0.01515	0.01119	0.00344	0.01112	0.01392	0.00911	0.01462
16	0.02307	0.26780	0.39322	0.02501	0.03786	0.02991	0.03054	0.03186	0.02137	0.02947	0.01691	0.01978	0.01306	0.00940	0.00860	0.00287	0.01365	0.00682	0.00435	0.01444
17	0.01485	0.01022	0.01258	0.01258	0.01306	0.01070	0.00794	0.01581	0.01533	0.02092	0.03107	0.06014	0.03426	0.49242	0.19500	0.01166	0.01453	0.01390	0.00603	0.00699
18	0.01385	0.01018	0.01320	0.01461	0.01644	0.00952	0.01108	0.01708	0.02299	0.03037	0.15907	0.31542	0.14791	0.02815	0.01304	0.00403	0.00652	0.14777	0.00984	0.00892
19	0.02855	0.20228	0.30877	0.02349	0.03521	0.02619	0.02699	0.03625	0.02331	0.16289	0.02263	0.02348	0.01604	0.01020	0.00904	0.00295	0.01250	0.00768	0.00637	0.01519
20	0.02080	0.01175	0.01598	0.01520	0.01699	0.01207	0.01104	0.02164	0.01814	0.11298	0.03210	0.10116	0.03186	0.19048	0.13259	0.15825	0.04215	0.03888	0.00715	0.00879
21	0.02376	0.02367	0.04316	0.18581	0.34844	0.02435	0.13830	0.03057	0.02289	0.03171	0.01937	0.02633	0.01552	0.00930	0.01060	0.00322	0.01362	0.00977	0.00498	0.01463
22	0.02511	0.02572	0.03858	0.21207	0.33208	0.08993	0.06745	0.03121	0.02329	0.03046	0.01872	0.02533	0.01513	0.00958	0.01023	0.00314	0.01372	0.00907	0.00497	0.01421
23	0.02747	0.03275	0.20787	0.08112	0.16625	0.02381	0.10563	0.08534	0.02608	0.11052	0.02259	0.02596	0.01632	0.01014	0.01037	0.00322	0.01342	0.00928	0.00639	0.01548
24	0.02114	0.04473	0.43714	0.10060	0.09971	0.02390	0.06688	0.03170	0.02186	0.03190	0.01863	0.02305	0.01355	0.00968	0.00999	0.00326	0.01484	0.00819	0.00448	0.01476
25	0.02687	0.41727	0.04184	0.01778	0.02481	0.03205	0.01645	0.03160	0.04810	0.08265	0.06772	0.02674	0.02355	0.01609	0.05357	0.00364	0.04202	0.00800	0.00621	0.01305
26	0.03005	0.07199	0.13092	0.20780	0.09113	0.02177	0.02494	0.03647	0.02409	0.22225	0.02584	0.02799	0.01784	0.01081	0.00990	0.00318	0.01188	0.00899	0.00740	0.01475
27	0.03382	0.02221	0.08541	0.06479	0.03549	0.01801	0.12521	0.03950	0.02596	0.32093	0.03441	0.09281	0.02572	0.01340	0.01091	0.00336	0.01117	0.01227	0.00946	0.01515
28	0.01608	0.01320	0.02120	0.13050	0.03006	0.01402	0.06058	0.01979	0.01985	0.02634	0.04070	0.19920	0.07758	0.03486	0.13901	0.05421	0.01353	0.07286	0.00700	0.00946
29	0.02407	0.08697	0.43192	0.02893	0.04237	0.02433	0.09161	0.03421	0.02269	0.08826	0.02066	0.02336	0.01458	0.00986	0.00986	0.00319	0.01447	0.00824	0.00529	0.01511
30	0.03128	0.08886	0.05226	0.01771	0.02390	0.01686	0.01535	0.03548	0.02538	0.29253	0.08901	0.09659	0.03651	0.02232	0.07077	0.00463	0.01065	0.04608	0.00994	0.01387
31	0.02724	0.14588	0.33282	0.02628	0.03845	0.02515	0.07523	0.03577	0.02332	0.14224	0.02237	0.02399	0.01577	0.01008	0.00953	0.00307	0.01334	0.00819	0.00611	0.01517
32	0.02475	0.02607	0.13376	0.32364	0.05274	0.02331	0.02671	0.07804	0.08563	0.08961	0.02381	0.02808	0.01711	0.01101	0.01019	0.00334	0.01261	0.00925	0.00652	0.01381
33	0.07831	0.09911	0.03414	0.03599	0.22598	0.14216	0.02213	0.03832	0.07672	0.11627	0.02310	0.02508	0.01779	0.01043	0.00936	0.00294	0.01213	0.00838	0.00682	0.01484
34	0.02836	0.02609	0.03022	0.23249	0.13243	0.14713	0.02359	0.07684	0.02576	0.08450	0.02146	0.02679	0.01656	0.01662	0.06350	0.00432	0.01505	0.00888	0.00618	0.01322
35	0.02997	0.07349	0.02653	0.01957	0.02549	0.01756	0.06467	0.03645	0.07980	0.25308	0.07990	0.17478	0.03918	0.01721	0.01095	0.00338	0.00877	0.01518	0.01014	0.01389
36	0.01416	0.00998	0.01249	0.01307	0.01500	0.00915	0.00959	0.01589	0.02179	0.02827	0.15694	0.19171	0.22749	0.02839	0.01780	0.13510	0.00642	0.06982	0.00888	0.00807
37	0.02150	0.13670	0.03460	0.19415	0.08141	0.02282	0.07285	0.02669	0.02125	0.02873	0.02223	0.09327	0.02055	0.01163	0.00946	0.00281	0.01113	0.01034	0.00555	0.17233

[dist]
# distance from previous block
# <min> <max>
0	16

# created by:
# /st0/software/busco_prod/Augustus/scripts/msa2prfl.pl ./align_prep/9476.fa
