[name]
unknown

[dist]
# distance from previous block
# <min> <max>
0	273

[block]
# block no. 0 follows, 13 sequences, length 38
# corresponding to MSA columns:
# 283-320
name=unknown_A
#
# <colnr> <probs for GDERKNQSTAVLIFYWHMCP>
#	G	D	E	R	K	N	Q	S	T	A	V	L	I	F	Y	W	H	M	C	P
0	0.03791	0.04511	0.02845	0.02552	0.03100	0.48711	0.01931	0.08539	0.03113	0.03075	0.01869	0.02134	0.01514	0.01118	0.00945	0.00274	0.01721	0.00731	0.06265	0.01258
1	0.02853	0.02396	0.03175	0.06924	0.20625	0.02587	0.02286	0.17131	0.15620	0.04597	0.08116	0.03460	0.02905	0.01279	0.01078	0.00330	0.01062	0.01104	0.00863	0.01611
2	0.04682	0.01899	0.02515	0.01928	0.02749	0.01702	0.01593	0.09224	0.03193	0.52672	0.04032	0.03508	0.02547	0.01305	0.01063	0.00326	0.00922	0.01054	0.01287	0.01799
3	0.03019	0.03612	0.21669	0.03013	0.04128	0.02667	0.13988	0.17664	0.06655	0.09304	0.02505	0.02701	0.01774	0.01111	0.01085	0.00336	0.01389	0.00989	0.00761	0.01628
4	0.01536	0.01250	0.01802	0.01573	0.01927	0.01136	0.05942	0.02018	0.02808	0.03833	0.39963	0.07941	0.19893	0.02159	0.01248	0.00341	0.00632	0.01922	0.01060	0.01015
5	0.02269	0.19923	0.31521	0.02399	0.03531	0.02735	0.02775	0.03320	0.06859	0.03332	0.09076	0.02986	0.02646	0.01168	0.00957	0.00308	0.01245	0.00909	0.00597	0.01444
6	0.02122	0.01279	0.01574	0.01425	0.01784	0.01234	0.01094	0.02859	0.08051	0.11149	0.34557	0.06239	0.07052	0.01813	0.01117	0.00319	0.00585	0.01566	0.13012	0.01169
7	0.02868	0.12692	0.02951	0.07664	0.03088	0.02128	0.01622	0.03545	0.06907	0.14743	0.02510	0.02623	0.01884	0.01001	0.00878	0.00243	0.00937	0.00791	0.00765	0.30161
8	0.02139	0.01227	0.01594	0.01418	0.01795	0.01102	0.01093	0.02597	0.02943	0.14934	0.40746	0.07236	0.12915	0.02037	0.01210	0.00334	0.00585	0.01769	0.01176	0.01152
9	0.02192	0.01879	0.02192	0.01566	0.02506	0.01409	0.01253	0.02662	0.02192	0.03445	0.01879	0.02192	0.01566	0.00783	0.00783	0.00157	0.00783	0.00626	0.00626	0.69305
10	0.01300	0.00969	0.01211	0.01370	0.01515	0.00880	0.00944	0.01533	0.02203	0.02883	0.11743	0.45434	0.18040	0.03061	0.01318	0.00404	0.00585	0.02729	0.00999	0.00880
11	0.02459	0.04187	0.35583	0.03328	0.09577	0.02319	0.09784	0.03443	0.02352	0.08128	0.02139	0.02470	0.01541	0.00991	0.01027	0.00319	0.01434	0.00870	0.00558	0.07490
12	0.02156	0.01825	0.06560	0.02141	0.07415	0.01544	0.01599	0.03025	0.10164	0.09979	0.23421	0.11064	0.10976	0.01900	0.01171	0.00345	0.00771	0.01654	0.01011	0.01278
13	0.03245	0.01401	0.01780	0.01485	0.02011	0.01266	0.01184	0.03698	0.02750	0.29959	0.12995	0.04470	0.03943	0.01433	0.00987	0.00301	0.00693	0.01187	0.23827	0.01386
14	0.01755	0.00947	0.01316	0.01316	0.01316	0.00947	0.00843	0.01421	0.01421	0.01895	0.02244	0.04223	0.02383	0.19786	0.04472	0.50662	0.00947	0.01087	0.00509	0.00509
15	0.09114	0.03612	0.25059	0.02631	0.03759	0.02408	0.07663	0.10753	0.05726	0.11663	0.02436	0.02582	0.01718	0.01084	0.01004	0.00324	0.01277	0.00889	0.00732	0.05568
16	0.01329	0.00949	0.01273	0.01518	0.01597	0.00894	0.01052	0.01542	0.02064	0.02744	0.05805	0.57277	0.06905	0.03274	0.01360	0.00435	0.00648	0.07483	0.00981	0.00870
17	0.01837	0.00918	0.01377	0.01377	0.01377	0.00918	0.00918	0.01377	0.01377	0.01837	0.01837	0.03214	0.01837	0.03673	0.04132	0.69238	0.00918	0.00918	0.00459	0.00459
18	0.02560	0.14376	0.22726	0.03342	0.04526	0.02919	0.23198	0.07558	0.02560	0.03497	0.01976	0.02418	0.01490	0.00963	0.01051	0.00323	0.01542	0.00949	0.00536	0.01491
19	0.02827	0.63478	0.05540	0.01809	0.02714	0.04184	0.01809	0.03166	0.02148	0.02488	0.01470	0.01696	0.01357	0.00905	0.00678	0.00226	0.01131	0.00565	0.00452	0.01357
20	0.02106	0.01991	0.03368	0.50832	0.15898	0.02378	0.02991	0.02797	0.02166	0.02834	0.01899	0.02783	0.01456	0.01037	0.01055	0.00346	0.01382	0.00940	0.00479	0.01263
21	0.08604	0.03847	0.29760	0.02512	0.03597	0.02519	0.02740	0.04254	0.23487	0.03916	0.02842	0.02885	0.02093	0.01178	0.01001	0.00344	0.01197	0.00931	0.00723	0.01570
22	0.02039	0.01963	0.03434	0.55521	0.07132	0.02377	0.07171	0.02760	0.02147	0.02760	0.01901	0.02822	0.01426	0.01043	0.01073	0.00353	0.01441	0.00966	0.00475	0.01196
23	0.01250	0.01071	0.01071	0.01071	0.01428	0.00893	0.00803	0.01517	0.02410	0.02856	0.10711	0.10175	0.55817	0.02678	0.01250	0.00357	0.00536	0.02231	0.00982	0.00893
24	0.02192	0.01879	0.02192	0.01566	0.02506	0.01409	0.01253	0.02662	0.02192	0.03445	0.01879	0.02192	0.01566	0.00783	0.00783	0.00157	0.00783	0.00626	0.00626	0.69305
25	0.02732	0.03328	0.07075	0.08499	0.08676	0.20261	0.17564	0.03312	0.02555	0.02986	0.02729	0.07848	0.05077	0.01285	0.01114	0.00330	0.01562	0.01188	0.00589	0.01291
26	0.01837	0.00918	0.01377	0.01377	0.01377	0.00918	0.00918	0.01377	0.01377	0.01837	0.01837	0.03214	0.01837	0.03673	0.04132	0.69238	0.00918	0.00918	0.00459	0.00459
27	0.01704	0.01217	0.01704	0.01947	0.02191	0.01217	0.01704	0.02191	0.02434	0.03164	0.05598	0.11926	0.06085	0.02921	0.01460	0.00487	0.00974	0.49130	0.00974	0.00974
28	0.02192	0.01879	0.02192	0.01566	0.02506	0.01409	0.01253	0.02662	0.02192	0.03445	0.01879	0.02192	0.01566	0.00783	0.00783	0.00157	0.00783	0.00626	0.00626	0.69305
29	0.01837	0.00918	0.01377	0.01377	0.01377	0.00918	0.00918	0.01377	0.01377	0.01837	0.01837	0.03214	0.01837	0.03673	0.04132	0.69238	0.00918	0.00918	0.00459	0.00459
30	0.01250	0.01071	0.01071	0.01071	0.01428	0.00893	0.00803	0.01517	0.02410	0.02856	0.10711	0.10175	0.55817	0.02678	0.01250	0.00357	0.00536	0.02231	0.00982	0.00893
31	0.02967	0.02399	0.03256	0.03655	0.19883	0.02676	0.02319	0.10474	0.16810	0.09391	0.02806	0.03014	0.02159	0.01316	0.01484	0.00354	0.11590	0.01022	0.00813	0.01612
32	0.03877	0.02916	0.03286	0.02843	0.08633	0.03201	0.02134	0.47720	0.04712	0.06339	0.02483	0.02546	0.01786	0.01236	0.01057	0.00317	0.01173	0.00951	0.01004	0.01786
33	0.01475	0.01080	0.01383	0.01307	0.01566	0.00988	0.00980	0.01953	0.02941	0.04117	0.51700	0.08100	0.14041	0.02207	0.01247	0.00335	0.00502	0.01940	0.01148	0.00988
34	0.02625	0.08379	0.13803	0.03990	0.24569	0.02623	0.02720	0.09886	0.07783	0.03937	0.07165	0.03067	0.02514	0.01154	0.01029	0.00317	0.01180	0.00994	0.00685	0.01579
35	0.01560	0.01163	0.01548	0.01437	0.01732	0.01109	0.01095	0.02029	0.02622	0.03755	0.38690	0.06528	0.07536	0.03384	0.14566	0.00635	0.01067	0.01619	0.00978	0.06948
36	0.01807	0.07785	0.03014	0.02251	0.02705	0.01701	0.14483	0.02265	0.02386	0.03217	0.16076	0.27895	0.05715	0.02169	0.01231	0.00367	0.00944	0.02045	0.00854	0.01090
37	0.02542	0.18265	0.19276	0.02079	0.03183	0.02420	0.02197	0.03197	0.02263	0.07634	0.01973	0.02198	0.01535	0.00922	0.00845	0.00241	0.01109	0.00693	0.00587	0.26844

[dist]
# distance from previous block
# <min> <max>
0	2

[block]
# block no. 1 follows, 13 sequences, length 31
# corresponding to MSA columns:
# 323-353
name=unknown_B
#
# <colnr> <probs for GDERKNQSTAVLIFYWHMCP>
#	G	D	E	R	K	N	Q	S	T	A	V	L	I	F	Y	W	H	M	C	P
0	0.02224	0.02358	0.08436	0.06368	0.11955	0.01818	0.05144	0.02839	0.02264	0.03366	0.02198	0.03086	0.01897	0.01018	0.00946	0.00250	0.01055	0.04442	0.00602	0.37734
1	0.08190	0.02022	0.02774	0.36102	0.05339	0.02443	0.02366	0.03692	0.19183	0.03444	0.02637	0.03091	0.01981	0.01174	0.01028	0.00352	0.01170	0.00991	0.00684	0.01335
2	0.01973	0.07034	0.02816	0.09103	0.18840	0.01867	0.02070	0.02414	0.02236	0.02995	0.03843	0.23535	0.04158	0.02084	0.01190	0.00380	0.01001	0.10518	0.00743	0.01202
3	0.03584	0.02745	0.02928	0.02345	0.03113	0.03076	0.01904	0.37977	0.20423	0.05962	0.03091	0.02979	0.02246	0.01321	0.01063	0.00330	0.01061	0.01028	0.01063	0.01759
4	0.02238	0.02126	0.03607	0.39363	0.26334	0.02413	0.03056	0.02913	0.02228	0.02994	0.01922	0.02740	0.01513	0.01012	0.01053	0.00337	0.01350	0.00941	0.00491	0.01369
5	0.01837	0.00918	0.01377	0.01377	0.01377	0.00918	0.00918	0.01377	0.01377	0.01837	0.01837	0.03214	0.01837	0.03673	0.04132	0.69238	0.00918	0.00918	0.00459	0.00459
6	0.02503	0.02310	0.02213	0.02038	0.02558	0.08002	0.01560	0.04686	0.39114	0.03922	0.04831	0.09485	0.08838	0.01693	0.01105	0.00356	0.00895	0.01409	0.01004	0.01475
7	0.01288	0.00920	0.01227	0.01472	0.01534	0.00859	0.00981	0.01472	0.02024	0.02699	0.05828	0.62152	0.06993	0.03312	0.01350	0.00429	0.00613	0.03006	0.00981	0.00859
8	0.03681	0.02771	0.08722	0.08607	0.08313	0.02583	0.02291	0.25784	0.03665	0.18711	0.02781	0.02818	0.01913	0.01202	0.01053	0.00325	0.01170	0.00961	0.00953	0.01700
9	0.02630	0.02271	0.02391	0.02152	0.02749	0.02630	0.01674	0.05618	0.54336	0.04423	0.04303	0.03945	0.03228	0.01434	0.01076	0.00359	0.00837	0.01195	0.01076	0.01674
10	0.02623	0.10531	0.08985	0.06099	0.03296	0.15868	0.05335	0.03019	0.02145	0.02625	0.01860	0.02846	0.01733	0.09921	0.02262	0.00441	0.17798	0.00917	0.00509	0.01185
11	0.02496	0.02852	0.06239	0.04456	0.05526	0.02674	0.52406	0.03387	0.02496	0.03387	0.02139	0.02852	0.01604	0.00891	0.01248	0.00357	0.01783	0.01248	0.00535	0.01426
12	0.01538	0.01025	0.01153	0.01153	0.01153	0.01025	0.00641	0.01538	0.01538	0.02050	0.03331	0.06919	0.03844	0.62842	0.05382	0.01025	0.01025	0.01538	0.00641	0.00641
13	0.64541	0.02305	0.01679	0.01506	0.02151	0.07260	0.01223	0.03205	0.01903	0.04556	0.01486	0.01734	0.01164	0.00991	0.00680	0.00322	0.00913	0.00582	0.00645	0.01152
14	0.02204	0.02283	0.04444	0.37125	0.06553	0.02484	0.23467	0.02986	0.02272	0.02986	0.01987	0.02833	0.01490	0.00988	0.01136	0.00354	0.01564	0.01068	0.00497	0.01279
15	0.02767	0.37495	0.05068	0.02843	0.08720	0.07135	0.09137	0.03197	0.02214	0.02728	0.01618	0.02042	0.01429	0.01033	0.01153	0.00285	0.08539	0.00751	0.00478	0.01367
16	0.01687	0.00952	0.01292	0.01318	0.01324	0.00945	0.00839	0.01437	0.01495	0.01993	0.02717	0.10498	0.02997	0.22035	0.04231	0.40867	0.00920	0.01328	0.00570	0.00557
17	0.02334	0.04394	0.38261	0.11832	0.04955	0.02546	0.08611	0.08289	0.02521	0.03592	0.01985	0.02417	0.01424	0.01028	0.01043	0.00338	0.01521	0.00871	0.00522	0.01513
18	0.01604	0.01019	0.01128	0.01128	0.01165	0.01019	0.00656	0.01679	0.01641	0.02338	0.03349	0.06465	0.03671	0.53455	0.04674	0.00906	0.00944	0.01453	0.11012	0.00693
19	0.03741	0.02797	0.03024	0.02301	0.03161	0.02994	0.01894	0.45094	0.04548	0.06173	0.02438	0.02486	0.01763	0.01195	0.01016	0.00293	0.01106	0.00902	0.00992	0.12083
20	0.01753	0.00919	0.01354	0.01392	0.01401	0.00909	0.00928	0.01392	0.01476	0.01968	0.02445	0.12193	0.02622	0.03618	0.03708	0.58754	0.00872	0.01236	0.00539	0.00520
21	0.01757	0.01385	0.01672	0.01655	0.01993	0.01351	0.01230	0.02616	0.12948	0.03343	0.09261	0.31904	0.05573	0.02405	0.01207	0.00370	0.00707	0.06184	0.00962	0.11477
22	0.04689	0.01888	0.02508	0.01923	0.02743	0.01685	0.01589	0.08772	0.03174	0.53150	0.04047	0.03518	0.02555	0.01306	0.01063	0.00326	0.00920	0.01055	0.01290	0.01799
23	0.02602	0.02121	0.03661	0.21453	0.10297	0.02221	0.14245	0.03485	0.07693	0.11388	0.02892	0.08197	0.02338	0.01278	0.01130	0.00353	0.01277	0.01238	0.00725	0.01405
24	0.03182	0.28674	0.03746	0.02079	0.02728	0.27238	0.01747	0.03516	0.02526	0.02752	0.01843	0.02129	0.01565	0.01034	0.00807	0.00249	0.01369	0.00679	0.10892	0.01244
25	0.01458	0.01103	0.01557	0.10444	0.02428	0.01134	0.01307	0.01729	0.02024	0.02674	0.04951	0.43113	0.05742	0.09006	0.01726	0.00483	0.00808	0.06551	0.00868	0.00895
26	0.02446	0.02837	0.14992	0.02251	0.03264	0.01999	0.05847	0.03628	0.12903	0.06921	0.02539	0.02696	0.01921	0.01006	0.00945	0.00264	0.01053	0.00852	0.00713	0.30923
27	0.12571	0.01904	0.02095	0.01539	0.02435	0.01556	0.01236	0.02730	0.02133	0.03643	0.01817	0.02120	0.01502	0.00813	0.00763	0.00183	0.00788	0.00618	0.00631	0.58921
28	0.01683	0.10638	0.01996	0.01413	0.01784	0.01542	0.01115	0.02215	0.05845	0.03436	0.26384	0.14865	0.18808	0.02209	0.01165	0.00337	0.00641	0.01892	0.00981	0.01051
29	0.02329	0.02505	0.08937	0.10750	0.27426	0.02206	0.02642	0.03212	0.07590	0.03397	0.02478	0.07201	0.02156	0.01168	0.01029	0.00310	0.01142	0.01060	0.00616	0.11847
30	0.02494	0.03182	0.11027	0.08664	0.08055	0.18008	0.02317	0.03002	0.02265	0.02764	0.02245	0.06475	0.02039	0.02809	0.14229	0.00642	0.07002	0.01016	0.00546	0.01218

[dist]
# distance from previous block
# <min> <max>
0	16

[block]
# block no. 2 follows, 13 sequences, length 11
# corresponding to MSA columns:
# 370-380
name=unknown_C
#
# <colnr> <probs for GDERKNQSTAVLIFYWHMCP>
#	G	D	E	R	K	N	Q	S	T	A	V	L	I	F	Y	W	H	M	C	P
0	0.02497	0.03794	0.23426	0.03282	0.04211	0.06198	0.16115	0.06228	0.02360	0.03311	0.01855	0.02416	0.01451	0.01211	0.01696	0.00368	0.16702	0.00946	0.00517	0.01417
1	0.03011	0.02182	0.03560	0.18017	0.31081	0.02230	0.02742	0.03602	0.02496	0.16881	0.02518	0.02914	0.01852	0.01062	0.01053	0.00326	0.01202	0.00972	0.00710	0.01588
2	0.01520	0.01387	0.01622	0.01504	0.01771	0.01489	0.01187	0.01778	0.02209	0.02777	0.08341	0.08177	0.41983	0.02467	0.01814	0.00384	0.15881	0.01899	0.00850	0.00960
3	0.02782	0.02360	0.03157	0.02645	0.02842	0.03091	0.02200	0.10050	0.02233	0.08102	0.01808	0.02463	0.01559	0.01717	0.02901	0.00429	0.46784	0.00942	0.00626	0.01308
4	0.01761	0.00945	0.01320	0.01320	0.01320	0.00945	0.00848	0.01418	0.01418	0.01891	0.02217	0.04156	0.02347	0.18713	0.04450	0.51900	0.00945	0.01076	0.00505	0.00505
5	0.02007	0.02123	0.10406	0.12238	0.08231	0.01707	0.05047	0.02646	0.02561	0.06364	0.24686	0.05145	0.05244	0.05373	0.01411	0.00379	0.01007	0.01387	0.00821	0.01217
6	0.03505	0.02686	0.03173	0.17142	0.04296	0.03043	0.02245	0.40007	0.04245	0.05656	0.02371	0.02610	0.01699	0.01215	0.01058	0.00326	0.01226	0.00949	0.00908	0.01640
7	0.19289	0.02804	0.18828	0.01987	0.02760	0.01977	0.02014	0.03065	0.08612	0.03892	0.11764	0.11951	0.03803	0.01582	0.01015	0.00349	0.00967	0.01293	0.00775	0.01272
8	0.02917	0.12120	0.14432	0.09334	0.03770	0.02275	0.05117	0.03560	0.02414	0.16791	0.02418	0.02596	0.01738	0.01020	0.00944	0.00283	0.01160	0.00834	0.00712	0.15565
9	0.70310	0.02045	0.01554	0.01390	0.02045	0.02372	0.01145	0.03108	0.01799	0.04744	0.01472	0.01718	0.01145	0.00981	0.00654	0.00327	0.00818	0.00573	0.00654	0.01145
10	0.02435	0.01909	0.02424	0.16779	0.03636	0.02132	0.01854	0.18551	0.06411	0.04088	0.03666	0.24082	0.03656	0.01959	0.01163	0.00369	0.01007	0.01701	0.00882	0.01295

[dist]
# distance from previous block
# <min> <max>
3	20

[block]
# block no. 3 follows, 13 sequences, length 10
# corresponding to MSA columns:
# 401-410
name=unknown_D
#
# <colnr> <probs for GDERKNQSTAVLIFYWHMCP>
#	G	D	E	R	K	N	Q	S	T	A	V	L	I	F	Y	W	H	M	C	P
0	0.70310	0.02045	0.01554	0.01390	0.02045	0.02372	0.01145	0.03108	0.01799	0.04744	0.01472	0.01718	0.01145	0.00981	0.00654	0.00327	0.00818	0.00573	0.00654	0.01145
1	0.03612	0.02537	0.04232	0.03107	0.04038	0.02463	0.23117	0.16444	0.03295	0.21645	0.02901	0.03016	0.01983	0.01123	0.01140	0.00337	0.01339	0.01113	0.00919	0.01642
2	0.01392	0.01077	0.01269	0.01221	0.01516	0.00953	0.00916	0.01794	0.02747	0.03656	0.36719	0.08858	0.29310	0.02379	0.01248	0.00343	0.00514	0.02047	0.01087	0.00953
3	0.02584	0.02550	0.02938	0.19177	0.11531	0.10662	0.02245	0.03845	0.17474	0.03394	0.02563	0.02895	0.01990	0.01117	0.01008	0.00310	0.01208	0.00932	0.00686	0.10890
4	0.01602	0.01144	0.01434	0.09395	0.02007	0.01210	0.00961	0.01700	0.01618	0.02141	0.03129	0.06348	0.03505	0.54233	0.04779	0.00931	0.01079	0.01454	0.00617	0.00715
5	0.02906	0.10358	0.02794	0.02273	0.07995	0.02078	0.01648	0.10530	0.02913	0.16201	0.13119	0.10572	0.04106	0.02077	0.05259	0.00423	0.01041	0.01350	0.00951	0.01404
6	0.18165	0.08587	0.03551	0.24511	0.15237	0.02609	0.07030	0.03017	0.02138	0.03369	0.01788	0.02407	0.01414	0.00985	0.00939	0.00326	0.01246	0.00844	0.00528	0.01310
7	0.08660	0.15086	0.07655	0.11206	0.15707	0.02557	0.02254	0.03062	0.05958	0.03357	0.07862	0.07066	0.02839	0.01284	0.00975	0.00317	0.01082	0.01077	0.00645	0.01352
8	0.33322	0.02059	0.01981	0.01628	0.02335	0.02157	0.01316	0.09997	0.06266	0.04629	0.06997	0.02686	0.02315	0.01117	0.00828	0.00288	0.00829	0.00809	0.00782	0.17659
9	0.18942	0.07976	0.02749	0.01923	0.02730	0.07993	0.04574	0.03629	0.02403	0.16647	0.02297	0.02390	0.01687	0.01008	0.00858	0.00269	0.01031	0.00759	0.00769	0.19365

[dist]
# distance from previous block
# <min> <max>
4	11

[block]
# block no. 4 follows, 13 sequences, length 8
# corresponding to MSA columns:
# 423-430
name=unknown_E
#
# <colnr> <probs for GDERKNQSTAVLIFYWHMCP>
#	G	D	E	R	K	N	Q	S	T	A	V	L	I	F	Y	W	H	M	C	P
0	0.22339	0.02840	0.12682	0.11495	0.09876	0.02523	0.05087	0.07535	0.08842	0.04081	0.02147	0.02487	0.01619	0.01068	0.00941	0.00336	0.01175	0.00854	0.00653	0.01421
1	0.01385	0.01005	0.01327	0.01550	0.01682	0.00948	0.01139	0.01649	0.02158	0.02825	0.06217	0.45353	0.11217	0.03161	0.01367	0.00437	0.00693	0.14019	0.00980	0.00889
2	0.02907	0.02756	0.07860	0.07539	0.03386	0.05881	0.02066	0.22017	0.13412	0.04630	0.03783	0.04331	0.07743	0.01527	0.01103	0.00346	0.01126	0.05183	0.00904	0.01500
3	0.02039	0.02231	0.01634	0.01554	0.01966	0.17766	0.01166	0.02308	0.02581	0.02778	0.08057	0.07758	0.39894	0.02213	0.01163	0.00332	0.00936	0.01778	0.00854	0.00990
4	0.23302	0.02810	0.07240	0.02132	0.02980	0.02801	0.01880	0.30091	0.03650	0.09980	0.02307	0.02360	0.01636	0.01166	0.00936	0.00322	0.01074	0.00836	0.00909	0.01587
5	0.01798	0.01636	0.03027	0.02505	0.02952	0.01717	0.16259	0.02326	0.01932	0.02727	0.02629	0.03773	0.02339	0.05872	0.41866	0.01307	0.02525	0.01166	0.00557	0.01085
6	0.02084	0.04419	0.41517	0.19765	0.05367	0.02424	0.03623	0.03159	0.02198	0.03159	0.01892	0.02404	0.01360	0.01020	0.01020	0.00340	0.01518	0.00828	0.00453	0.01449
7	0.02430	0.01278	0.01703	0.01503	0.01903	0.01149	0.01159	0.02877	0.02926	0.19540	0.36684	0.10928	0.07589	0.02003	0.01201	0.00339	0.00625	0.01750	0.01192	0.01221

[dist]
# distance from previous block
# <min> <max>
0	4

[block]
# block no. 5 follows, 13 sequences, length 24
# corresponding to MSA columns:
# 435-458
name=unknown_F
#
# <colnr> <probs for GDERKNQSTAVLIFYWHMCP>
#	G	D	E	R	K	N	Q	S	T	A	V	L	I	F	Y	W	H	M	C	P
0	0.03529	0.01643	0.02303	0.02145	0.07417	0.01471	0.01540	0.03987	0.02957	0.35460	0.20037	0.04847	0.04824	0.01540	0.01119	0.00328	0.00808	0.01317	0.01189	0.01537
1	0.02140	0.01879	0.02453	0.17172	0.03775	0.01659	0.01700	0.02673	0.02172	0.03248	0.01879	0.02359	0.01524	0.00856	0.00856	0.00209	0.00949	0.00710	0.00585	0.51203
2	0.02193	0.01545	0.01715	0.01510	0.01758	0.01621	0.01038	0.15181	0.02588	0.03483	0.08075	0.05848	0.03881	0.40740	0.03841	0.00771	0.01012	0.01417	0.00801	0.00982
3	0.47958	0.01961	0.01861	0.01558	0.02268	0.02093	0.01284	0.03805	0.02218	0.22552	0.02392	0.02359	0.01647	0.01093	0.00794	0.00327	0.00846	0.00740	0.00877	0.01368
4	0.13418	0.03160	0.07757	0.02207	0.03007	0.16470	0.01904	0.10840	0.03032	0.23996	0.02713	0.02633	0.01861	0.01173	0.00972	0.00313	0.01242	0.00856	0.00907	0.01539
5	0.03088	0.01407	0.01896	0.01641	0.02134	0.01247	0.01275	0.03469	0.02787	0.30508	0.18240	0.18180	0.05577	0.01995	0.01178	0.00352	0.00727	0.01735	0.01195	0.01370
6	0.01402	0.01008	0.01329	0.01394	0.01559	0.00935	0.00990	0.01759	0.02555	0.03543	0.33131	0.32442	0.08627	0.02682	0.01293	0.00376	0.00551	0.02407	0.01081	0.00935
7	0.03090	0.02516	0.02856	0.17698	0.04129	0.06702	0.02117	0.17296	0.19631	0.08442	0.02984	0.03096	0.02181	0.01255	0.01056	0.00337	0.01159	0.01015	0.00889	0.01551
8	0.02305	0.02047	0.02750	0.02874	0.16785	0.01702	0.01782	0.02817	0.02250	0.03448	0.01908	0.02305	0.01595	0.00825	0.00853	0.00198	0.00909	0.00710	0.00599	0.51335
9	0.01546	0.02169	0.16168	0.01829	0.02344	0.01311	0.01750	0.02071	0.02286	0.03170	0.14423	0.32740	0.09190	0.02443	0.01232	0.00382	0.00839	0.02160	0.00873	0.01074
10	0.19781	0.01337	0.01451	0.01346	0.01703	0.01363	0.01037	0.02291	0.02676	0.04374	0.41283	0.06256	0.07630	0.01848	0.01090	0.00331	0.00584	0.01556	0.01029	0.01037
11	0.08867	0.04133	0.34593	0.03714	0.17950	0.02407	0.03324	0.03409	0.02287	0.06817	0.02022	0.02370	0.01489	0.01005	0.00986	0.00328	0.01370	0.00822	0.00540	0.01567
12	0.43264	0.02577	0.02201	0.01838	0.02547	0.06964	0.01500	0.19645	0.02942	0.05216	0.01838	0.02004	0.01378	0.01085	0.00811	0.00320	0.01016	0.00707	0.00780	0.01368
13	0.01331	0.01074	0.01183	0.01156	0.01478	0.00927	0.00867	0.01674	0.02601	0.03310	0.25470	0.09428	0.40775	0.02508	0.01249	0.00349	0.00523	0.02127	0.01042	0.00927
14	0.01688	0.17578	0.02336	0.01467	0.01822	0.01750	0.01159	0.01933	0.02148	0.02680	0.05824	0.33805	0.17034	0.02523	0.01148	0.00358	0.00732	0.02174	0.00841	0.00999
15	0.33846	0.02375	0.03137	0.06833	0.03534	0.02561	0.13826	0.11942	0.02608	0.07197	0.01985	0.02313	0.01464	0.01032	0.00919	0.00334	0.01161	0.00854	0.00715	0.01362
16	0.03416	0.18595	0.03772	0.06057	0.15510	0.06252	0.02128	0.04019	0.05664	0.20508	0.02668	0.02735	0.01955	0.01096	0.00951	0.00297	0.01132	0.00879	0.00791	0.01576
17	0.20758	0.47155	0.04481	0.01698	0.02536	0.03702	0.01633	0.03151	0.02056	0.03087	0.01471	0.01702	0.01301	0.00925	0.00672	0.00253	0.01048	0.00567	0.00506	0.01301
18	0.01479	0.01060	0.01432	0.01589	0.01760	0.01013	0.01222	0.01846	0.02415	0.03260	0.19001	0.31344	0.07489	0.02879	0.01358	0.00422	0.00701	0.17769	0.01027	0.00933
19	0.20467	0.03242	0.21729	0.06288	0.09734	0.02273	0.05676	0.03276	0.02263	0.07853	0.05880	0.02728	0.02071	0.01094	0.00957	0.00332	0.01206	0.00886	0.00635	0.01410
20	0.02727	0.01858	0.02981	0.44778	0.06064	0.02138	0.02569	0.03353	0.02357	0.17123	0.02488	0.03026	0.01730	0.01124	0.01059	0.00346	0.01274	0.00972	0.00693	0.01341
21	0.02389	0.01231	0.01499	0.01347	0.01564	0.01166	0.00883	0.02498	0.01933	0.16645	0.03555	0.06037	0.03518	0.46492	0.04234	0.00840	0.00992	0.01412	0.00818	0.00949
22	0.07126	0.08942	0.17741	0.11090	0.10463	0.02646	0.02666	0.12686	0.02816	0.10693	0.02248	0.02510	0.01628	0.01082	0.00982	0.00320	0.01258	0.00858	0.00696	0.01550
23	0.02957	0.08145	0.29528	0.02477	0.03627	0.02371	0.02744	0.04206	0.11433	0.17722	0.02886	0.02852	0.02006	0.01152	0.01009	0.00329	0.01230	0.00912	0.00785	0.01630

[dist]
# distance from previous block
# <min> <max>
6	21

# created by:
# /st0/software/busco_prod/Augustus/scripts/msa2prfl.pl ./align_prep/9478.fa
