[name]
unknown

[dist]
# distance from previous block
# <min> <max>
26	178

[block]
# block no. 0 follows, 11 sequences, length 13
# corresponding to MSA columns:
# 218-230
name=unknown_A
#
# <colnr> <probs for GDERKNQSTAVLIFYWHMCP>
#	G	D	E	R	K	N	Q	S	T	A	V	L	I	F	Y	W	H	M	C	P
0	0.08218	0.09276	0.07017	0.02193	0.02914	0.08033	0.05179	0.08563	0.02924	0.10980	0.07229	0.08095	0.03159	0.01476	0.01044	0.00330	0.01128	0.01205	0.09615	0.01421
1	0.02847	0.07908	0.13364	0.10126	0.07750	0.02444	0.05691	0.07076	0.02693	0.09144	0.02312	0.02656	0.01730	0.01049	0.01017	0.00296	0.01266	0.00884	0.00692	0.19055
2	0.17867	0.02249	0.03044	0.02726	0.08724	0.02188	0.08006	0.07398	0.02776	0.11451	0.07808	0.03257	0.02723	0.01196	0.01020	0.00315	0.01060	0.01021	0.00851	0.14321
3	0.07799	0.08679	0.07118	0.02058	0.02864	0.02312	0.01806	0.07675	0.10765	0.16797	0.03579	0.10578	0.02951	0.01535	0.01062	0.00336	0.00994	0.01250	0.00982	0.08859
4	0.03590	0.02453	0.03023	0.08253	0.03587	0.02606	0.02029	0.20018	0.03481	0.15293	0.02693	0.02868	0.01947	0.01317	0.01411	0.00331	0.08717	0.00966	0.00942	0.14476
5	0.03048	0.02998	0.12536	0.08378	0.03676	0.07751	0.02237	0.03926	0.06914	0.15010	0.09493	0.03684	0.03170	0.01325	0.01090	0.00323	0.01187	0.01079	0.00882	0.11292
6	0.07638	0.10088	0.03218	0.02173	0.02961	0.02553	0.05340	0.13628	0.06843	0.08605	0.02908	0.07120	0.02480	0.05355	0.01340	0.00360	0.01078	0.01118	0.00866	0.14329
7	0.10252	0.02823	0.07022	0.08189	0.15017	0.02779	0.05874	0.14691	0.09633	0.08637	0.02699	0.02941	0.01997	0.01200	0.01091	0.00352	0.01251	0.01021	0.00839	0.01691
8	0.03317	0.02555	0.06594	0.08980	0.09051	0.02320	0.02213	0.11549	0.08444	0.15301	0.02948	0.03054	0.02124	0.01185	0.01061	0.00313	0.01121	0.00977	0.00910	0.15982
9	0.03851	0.02765	0.08902	0.09804	0.03924	0.02571	0.02354	0.16587	0.03393	0.23206	0.03044	0.03099	0.02081	0.01373	0.01405	0.00366	0.07524	0.01032	0.00999	0.01723
10	0.12163	0.08764	0.02944	0.02379	0.06972	0.02610	0.01764	0.18415	0.03370	0.04916	0.09361	0.09670	0.03515	0.01565	0.01057	0.00330	0.00997	0.01264	0.00913	0.07031
11	0.02647	0.02188	0.02186	0.01849	0.02372	0.08802	0.01398	0.09805	0.02647	0.03439	0.03125	0.03678	0.07583	0.02217	0.02154	0.22701	0.01074	0.01026	0.00711	0.18399
12	0.03863	0.02490	0.03165	0.08919	0.09312	0.02617	0.02185	0.23953	0.03939	0.18392	0.06950	0.03489	0.02766	0.01372	0.01142	0.00346	0.01149	0.01122	0.01071	0.01759

[dist]
# distance from previous block
# <min> <max>
0	1

[block]
# block no. 1 follows, 11 sequences, length 28
# corresponding to MSA columns:
# 232-259
name=unknown_B
#
# <colnr> <probs for GDERKNQSTAVLIFYWHMCP>
#	G	D	E	R	K	N	Q	S	T	A	V	L	I	F	Y	W	H	M	C	P
0	0.09886	0.14838	0.17003	0.07790	0.04060	0.08508	0.06024	0.03694	0.02457	0.08935	0.02105	0.02445	0.01591	0.01145	0.01156	0.00338	0.05067	0.00848	0.00622	0.01488
1	0.02816	0.21667	0.13068	0.03054	0.08942	0.02966	0.09655	0.03489	0.02460	0.06721	0.02084	0.02430	0.01650	0.00987	0.00963	0.00284	0.01315	0.00842	0.00598	0.14008
2	0.01896	0.01798	0.01625	0.01540	0.01898	0.09500	0.01155	0.02296	0.02949	0.03677	0.29064	0.08350	0.25423	0.02335	0.01280	0.00354	0.00778	0.01963	0.01063	0.01057
3	0.02401	0.01427	0.01945	0.01797	0.02075	0.01503	0.01360	0.02711	0.02280	0.13911	0.09004	0.14148	0.04456	0.12836	0.16235	0.00871	0.07309	0.01652	0.00914	0.01165
4	0.03902	0.04730	0.03051	0.02768	0.03360	0.44483	0.02090	0.04815	0.13571	0.03175	0.02352	0.02497	0.01878	0.01239	0.01043	0.00310	0.01784	0.00843	0.00702	0.01407
5	0.01988	0.01222	0.01511	0.01459	0.01803	0.01081	0.01084	0.02342	0.02733	0.11314	0.20448	0.21607	0.21834	0.02646	0.01326	0.00388	0.00640	0.02300	0.01152	0.01121
6	0.02334	0.02001	0.02334	0.01667	0.02667	0.01500	0.01334	0.02834	0.02334	0.03668	0.02001	0.02334	0.01667	0.00834	0.00834	0.00167	0.00834	0.00667	0.00667	0.67325
7	0.04204	0.05364	0.03190	0.02900	0.03480	0.55926	0.02175	0.04494	0.03190	0.02755	0.01740	0.02030	0.01450	0.01160	0.01015	0.00290	0.02030	0.00725	0.00580	0.01305
8	0.04374	0.01771	0.02426	0.01928	0.02673	0.01574	0.01574	0.04815	0.03073	0.44275	0.08802	0.04318	0.03519	0.02202	0.06785	0.00499	0.01129	0.01224	0.01298	0.01742
9	0.01428	0.01023	0.01357	0.01528	0.01645	0.00952	0.01049	0.01710	0.02419	0.03294	0.18154	0.46561	0.08258	0.03212	0.01409	0.00431	0.00622	0.02901	0.01095	0.00952
10	0.03942	0.02827	0.03018	0.02352	0.03154	0.03113	0.01930	0.42398	0.04839	0.06646	0.02852	0.02933	0.02064	0.01345	0.01074	0.00326	0.01128	0.01019	0.11261	0.01780
11	0.02395	0.01548	0.01863	0.01697	0.02136	0.01493	0.01329	0.09748	0.03187	0.10777	0.19128	0.14804	0.16552	0.02395	0.01307	0.00386	0.00768	0.06072	0.01155	0.01259
12	0.17362	0.01787	0.02168	0.01864	0.02529	0.01711	0.01532	0.04181	0.02753	0.31355	0.04243	0.09991	0.03465	0.01785	0.01135	0.00385	0.00923	0.08128	0.01161	0.01542
13	0.02126	0.02001	0.03376	0.57739	0.07752	0.02501	0.03126	0.02876	0.02251	0.02876	0.02001	0.03001	0.01500	0.01125	0.01125	0.00375	0.01500	0.01000	0.00500	0.01250
14	0.16077	0.01455	0.01634	0.01577	0.01995	0.01414	0.01183	0.02780	0.02398	0.14407	0.05664	0.28098	0.12185	0.02447	0.01201	0.00399	0.00751	0.02089	0.01048	0.01199
15	0.01904	0.01191	0.01574	0.01513	0.01795	0.01090	0.01120	0.02347	0.02949	0.09346	0.36868	0.19901	0.09056	0.02492	0.01332	0.00377	0.00604	0.02212	0.01210	0.01117
16	0.04483	0.02825	0.03175	0.02434	0.03327	0.03004	0.02011	0.37961	0.04743	0.19578	0.03163	0.03001	0.02145	0.01362	0.01128	0.00341	0.01164	0.01045	0.01197	0.01914
17	0.68395	0.02177	0.01654	0.01480	0.02177	0.02525	0.01219	0.03309	0.01915	0.05050	0.01567	0.01828	0.01219	0.01045	0.00697	0.00348	0.00871	0.00609	0.00697	0.01219
18	0.02334	0.02001	0.02334	0.01667	0.02667	0.01500	0.01334	0.02834	0.02334	0.03668	0.02001	0.02334	0.01667	0.00834	0.00834	0.00167	0.00834	0.00667	0.00667	0.67325
19	0.01572	0.01091	0.01340	0.01364	0.01565	0.01016	0.00967	0.01942	0.02623	0.03690	0.26781	0.20424	0.12776	0.08516	0.01746	0.00447	0.00621	0.02201	0.08343	0.00974
20	0.01341	0.01098	0.01184	0.01253	0.01550	0.00941	0.00905	0.01603	0.02457	0.02996	0.10024	0.23785	0.40903	0.03030	0.01358	0.00400	0.00592	0.02594	0.01045	0.00941
21	0.26962	0.02136	0.02360	0.01883	0.02696	0.02149	0.01554	0.09367	0.02985	0.32193	0.03260	0.03017	0.02150	0.01268	0.00980	0.00347	0.00957	0.00938	0.01123	0.01673
22	0.02540	0.01722	0.02149	0.01902	0.02355	0.01836	0.01499	0.10760	0.08398	0.09537	0.17282	0.05169	0.04923	0.04035	0.19705	0.00845	0.01571	0.01407	0.01011	0.01353
23	0.09674	0.01386	0.01810	0.01684	0.02022	0.01346	0.01277	0.02826	0.02167	0.16369	0.03430	0.10118	0.03137	0.02819	0.02542	0.28635	0.00934	0.05918	0.00865	0.01045
24	0.01345	0.01081	0.01201	0.01297	0.01561	0.00937	0.00925	0.01598	0.02415	0.02979	0.09496	0.28757	0.36272	0.03098	0.01369	0.00408	0.00600	0.02678	0.01045	0.00937
25	0.01997	0.01189	0.01546	0.01548	0.01826	0.01073	0.01124	0.02333	0.02649	0.11281	0.19436	0.31683	0.12385	0.02785	0.01348	0.00404	0.00657	0.02470	0.01153	0.01114
26	0.02627	0.06789	0.03924	0.02885	0.03549	0.07917	0.18709	0.07339	0.02710	0.03562	0.03099	0.12167	0.02952	0.08015	0.01679	0.00435	0.01377	0.01477	0.07494	0.01293
27	0.37596	0.15740	0.08246	0.01973	0.02808	0.11204	0.01821	0.03531	0.02240	0.04025	0.01640	0.01911	0.01324	0.01047	0.00790	0.00317	0.01203	0.00648	0.00609	0.01326

[dist]
# distance from previous block
# <min> <max>
0	11

[block]
# block no. 2 follows, 11 sequences, length 107
# corresponding to MSA columns:
# 271-377
name=unknown_C
#
# <colnr> <probs for GDERKNQSTAVLIFYWHMCP>
#	G	D	E	R	K	N	Q	S	T	A	V	L	I	F	Y	W	H	M	C	P
0	0.07937	0.02902	0.08310	0.02637	0.03394	0.02852	0.05842	0.15577	0.02963	0.04422	0.02039	0.02488	0.01628	0.01327	0.01733	0.00349	0.16603	0.00909	0.00719	0.15368
1	0.02429	0.01791	0.02188	0.01832	0.02379	0.01750	0.01416	0.09907	0.05738	0.03632	0.02477	0.03213	0.02128	0.03277	0.12976	0.17407	0.01379	0.00949	0.00713	0.22419
2	0.02908	0.04493	0.32558	0.03074	0.04332	0.02805	0.06422	0.12473	0.02956	0.08084	0.02302	0.02604	0.01649	0.01229	0.01359	0.00367	0.07091	0.00938	0.00679	0.01679
3	0.02324	0.01297	0.01682	0.01638	0.01912	0.01233	0.01171	0.02715	0.05640	0.13408	0.10227	0.27397	0.05664	0.09444	0.02129	0.07025	0.00799	0.02124	0.01047	0.01123
4	0.03368	0.01548	0.02047	0.01695	0.02287	0.01360	0.01351	0.03826	0.03146	0.30245	0.23721	0.06254	0.10543	0.01880	0.01226	0.00353	0.00757	0.01597	0.01301	0.01496
5	0.01953	0.01359	0.01650	0.01692	0.01934	0.01377	0.01194	0.02773	0.12225	0.06705	0.08999	0.34783	0.06176	0.09468	0.01845	0.00500	0.00763	0.02402	0.01061	0.01141
6	0.10396	0.01819	0.02116	0.01772	0.02437	0.01731	0.01402	0.03937	0.10403	0.19569	0.10922	0.08252	0.07260	0.01652	0.01100	0.00336	0.00814	0.01368	0.01097	0.11617
7	0.19334	0.02170	0.02515	0.01976	0.02812	0.02141	0.01632	0.11947	0.03250	0.35608	0.03513	0.03198	0.02292	0.01307	0.01032	0.00347	0.00982	0.00994	0.01193	0.01757
8	0.01432	0.01076	0.01328	0.01410	0.01620	0.00971	0.01002	0.01759	0.02592	0.03444	0.22540	0.30719	0.20086	0.02959	0.01374	0.00404	0.00593	0.02615	0.01107	0.00971
9	0.04162	0.01792	0.02320	0.01865	0.02585	0.01640	0.01510	0.04885	0.07830	0.38884	0.08938	0.04342	0.03601	0.01483	0.01112	0.00342	0.00861	0.01221	0.08906	0.01722
10	0.02618	0.01368	0.01756	0.01573	0.02025	0.01207	0.01208	0.03015	0.02909	0.19953	0.21523	0.15502	0.16173	0.02313	0.01282	0.00374	0.00695	0.01997	0.01219	0.01291
11	0.04648	0.02560	0.03011	0.02308	0.03195	0.02610	0.01907	0.28490	0.04299	0.29676	0.03535	0.03243	0.02332	0.01371	0.01129	0.00343	0.01104	0.01070	0.01254	0.01915
12	0.53989	0.02117	0.01872	0.01599	0.02335	0.02327	0.01318	0.03804	0.02212	0.16228	0.02221	0.02284	0.01575	0.01124	0.00796	0.00348	0.00890	0.00728	0.00855	0.01377
13	0.04078	0.01708	0.02256	0.01801	0.02527	0.01477	0.01462	0.04500	0.03114	0.40594	0.10945	0.05445	0.11562	0.01724	0.01185	0.00354	0.00849	0.01429	0.01321	0.01668
14	0.03856	0.02943	0.03140	0.02504	0.03329	0.03293	0.02037	0.37189	0.18462	0.06412	0.03239	0.03130	0.02349	0.01401	0.01131	0.00350	0.01139	0.01087	0.01131	0.01876
15	0.03009	0.61122	0.05898	0.01926	0.02889	0.04454	0.01926	0.03370	0.02287	0.02648	0.01565	0.01805	0.01444	0.00963	0.00722	0.00241	0.01204	0.00602	0.00481	0.01444
16	0.01862	0.01039	0.01559	0.01559	0.01613	0.01093	0.01093	0.01613	0.01559	0.02132	0.02240	0.03691	0.02186	0.05130	0.18287	0.49634	0.01526	0.01039	0.00520	0.00628
17	0.02941	0.01379	0.01863	0.01753	0.02162	0.01230	0.01305	0.03239	0.02610	0.24775	0.05451	0.35867	0.05457	0.02616	0.01307	0.00411	0.00783	0.02317	0.01193	0.01341
18	0.03009	0.61122	0.05898	0.01926	0.02889	0.04454	0.01926	0.03370	0.02287	0.02648	0.01565	0.01805	0.01444	0.00963	0.00722	0.00241	0.01204	0.00602	0.00481	0.01444
19	0.68395	0.02177	0.01654	0.01480	0.02177	0.02525	0.01219	0.03309	0.01915	0.05050	0.01567	0.01828	0.01219	0.01045	0.00697	0.00348	0.00871	0.00609	0.00697	0.01219
20	0.01667	0.01139	0.01587	0.01587	0.01699	0.01251	0.01130	0.01821	0.01708	0.02390	0.03020	0.05151	0.03069	0.23220	0.33630	0.11035	0.02150	0.01301	0.00610	0.00835
21	0.01936	0.01123	0.01507	0.01634	0.01823	0.01028	0.01138	0.02169	0.02319	0.10758	0.05933	0.51127	0.06729	0.03199	0.01390	0.00440	0.00700	0.02882	0.01098	0.01068
22	0.05050	0.01915	0.02612	0.02003	0.02873	0.01654	0.01654	0.05485	0.03221	0.54203	0.04440	0.03831	0.02786	0.01393	0.01132	0.00348	0.00958	0.01132	0.01393	0.01915
23	0.02126	0.02001	0.03376	0.57739	0.07752	0.02501	0.03126	0.02876	0.02251	0.02876	0.02001	0.03001	0.01500	0.01125	0.01125	0.00375	0.01500	0.01000	0.00500	0.01250
24	0.02126	0.02001	0.03376	0.57739	0.07752	0.02501	0.03126	0.02876	0.02251	0.02876	0.02001	0.03001	0.01500	0.01125	0.01125	0.00375	0.01500	0.01000	0.00500	0.01250
25	0.01723	0.01076	0.01510	0.01638	0.01729	0.01073	0.01196	0.01744	0.01943	0.02584	0.04183	0.20511	0.04653	0.08307	0.06509	0.24905	0.01052	0.12103	0.00783	0.00776
26	0.24530	0.03819	0.02817	0.02836	0.08607	0.29363	0.01979	0.04067	0.02716	0.07016	0.01907	0.02170	0.01503	0.01121	0.00932	0.00317	0.01512	0.00746	0.00669	0.01372
27	0.03175	0.02533	0.05035	0.03695	0.04657	0.02336	0.31775	0.03912	0.02760	0.17156	0.03244	0.08793	0.02559	0.01320	0.01286	0.00379	0.01523	0.01458	0.00838	0.01566
28	0.03096	0.02681	0.03595	0.02789	0.03658	0.02796	0.11776	0.16762	0.21230	0.04959	0.03196	0.03266	0.02392	0.01252	0.01131	0.00336	0.01187	0.01121	0.00946	0.11830
29	0.10172	0.02978	0.03122	0.02451	0.03303	0.03322	0.02012	0.40406	0.10125	0.06634	0.02805	0.02787	0.02018	0.01342	0.01088	0.00344	0.01165	0.01004	0.01088	0.01834
30	0.01944	0.01812	0.01687	0.01587	0.01928	0.09675	0.01190	0.02382	0.03045	0.03902	0.35365	0.07955	0.18807	0.02246	0.01279	0.00350	0.00776	0.01906	0.01091	0.01075
31	0.01873	0.01177	0.01413	0.01366	0.01570	0.01097	0.00922	0.02093	0.02318	0.07805	0.15654	0.13637	0.13244	0.27245	0.03199	0.00684	0.00830	0.01962	0.00964	0.00947
32	0.68395	0.02177	0.01654	0.01480	0.02177	0.02525	0.01219	0.03309	0.01915	0.05050	0.01567	0.01828	0.01219	0.01045	0.00697	0.00348	0.00871	0.00609	0.00697	0.01219
33	0.04279	0.03153	0.03378	0.02590	0.03490	0.03490	0.02139	0.49671	0.05292	0.07093	0.02702	0.02702	0.01914	0.01351	0.01126	0.00338	0.01239	0.01013	0.01126	0.01914
34	0.01612	0.01188	0.01717	0.01717	0.01887	0.01357	0.01293	0.01951	0.01782	0.02545	0.03098	0.04885	0.03015	0.16629	0.48072	0.01696	0.02712	0.01274	0.00615	0.00954
35	0.01413	0.00997	0.01294	0.01514	0.01569	0.00942	0.00988	0.01578	0.02073	0.02764	0.05785	0.51469	0.06916	0.12488	0.02112	0.00557	0.00722	0.02954	0.00988	0.00878
36	0.03009	0.61122	0.05898	0.01926	0.02889	0.04454	0.01926	0.03370	0.02287	0.02648	0.01565	0.01805	0.01444	0.00963	0.00722	0.00241	0.01204	0.00602	0.00481	0.01444
37	0.02762	0.01987	0.02378	0.01720	0.02700	0.01525	0.01384	0.03251	0.02474	0.11624	0.02385	0.02570	0.01843	0.00922	0.00881	0.00195	0.00853	0.00740	0.00781	0.57027
38	0.02333	0.01265	0.01652	0.01600	0.01941	0.01132	0.01180	0.02661	0.02658	0.16122	0.14805	0.30688	0.12110	0.02689	0.01328	0.00402	0.00698	0.02373	0.01168	0.01197
39	0.17232	0.01966	0.02428	0.01902	0.02739	0.01822	0.01571	0.05067	0.02970	0.44751	0.03888	0.03446	0.02485	0.01326	0.01048	0.00348	0.00941	0.01031	0.01259	0.01782
40	0.03009	0.61122	0.05898	0.01926	0.02889	0.04454	0.01926	0.03370	0.02287	0.02648	0.01565	0.01805	0.01444	0.00963	0.00722	0.00241	0.01204	0.00602	0.00481	0.01444
41	0.02786	0.02674	0.04568	0.06908	0.53424	0.02674	0.03454	0.03454	0.02563	0.03677	0.02117	0.02786	0.01783	0.01003	0.01114	0.00334	0.01337	0.01003	0.00557	0.01783
42	0.02300	0.01324	0.01710	0.01560	0.01970	0.01192	0.01227	0.02771	0.03038	0.14611	0.31554	0.08247	0.15236	0.02276	0.01309	0.00373	0.00676	0.06184	0.01221	0.01221
43	0.01499	0.01033	0.01268	0.01404	0.01438	0.00999	0.00871	0.01601	0.01907	0.02542	0.04930	0.34618	0.05837	0.30811	0.03494	0.00761	0.00863	0.02450	0.00871	0.00803
44	0.01856	0.01234	0.01443	0.01340	0.01735	0.01072	0.01023	0.02248	0.02867	0.09493	0.25665	0.09140	0.31762	0.02482	0.01306	0.00367	0.00601	0.02108	0.01156	0.01102
45	0.31254	0.02004	0.01930	0.01632	0.02280	0.02163	0.01327	0.10792	0.02773	0.13210	0.02746	0.02889	0.02004	0.01217	0.00858	0.00325	0.00856	0.00869	0.17471	0.01400
46	0.03692	0.02586	0.02751	0.02175	0.02904	0.02833	0.01775	0.37004	0.04503	0.06313	0.02963	0.03104	0.02175	0.01340	0.01035	0.00317	0.01046	0.01023	0.18778	0.01681
47	0.01619	0.01167	0.01540	0.01492	0.01757	0.01089	0.01149	0.02148	0.03117	0.04381	0.47410	0.08903	0.10141	0.02394	0.01354	0.00373	0.00589	0.07102	0.01216	0.01059
48	0.21234	0.01793	0.02076	0.01714	0.02386	0.01740	0.01388	0.04054	0.02861	0.28477	0.15833	0.04442	0.04334	0.01528	0.01064	0.00350	0.00827	0.01218	0.01167	0.01513
49	0.21104	0.01603	0.01791	0.01592	0.02101	0.01598	0.01247	0.03202	0.02724	0.16438	0.21620	0.11198	0.05748	0.01868	0.01116	0.00363	0.00742	0.01549	0.01102	0.01295
50	0.15023	0.01957	0.02461	0.01920	0.02764	0.01791	0.01586	0.05142	0.03016	0.46464	0.03988	0.03516	0.02539	0.01338	0.01063	0.00348	0.00944	0.01050	0.01283	0.01806
51	0.01525	0.01037	0.01356	0.01587	0.01705	0.00990	0.01136	0.01810	0.02247	0.03104	0.05872	0.45888	0.06765	0.03204	0.01380	0.00444	0.00699	0.09666	0.08635	0.00949
52	0.21115	0.01734	0.02003	0.01745	0.02352	0.01689	0.01373	0.03844	0.02583	0.27149	0.04141	0.18336	0.03618	0.01874	0.01097	0.00378	0.00852	0.01548	0.01112	0.01458
53	0.02729	0.01434	0.02152	0.01905	0.02299	0.01321	0.04607	0.02937	0.02477	0.17835	0.09741	0.16506	0.04634	0.02653	0.02071	0.16985	0.00920	0.04629	0.00997	0.01167
54	0.03835	0.03811	0.09194	0.03505	0.13173	0.17140	0.02571	0.18357	0.03636	0.10322	0.02455	0.02631	0.01810	0.01206	0.01088	0.00328	0.01486	0.00927	0.00828	0.01697
55	0.68395	0.02177	0.01654	0.01480	0.02177	0.02525	0.01219	0.03309	0.01915	0.05050	0.01567	0.01828	0.01219	0.01045	0.00697	0.00348	0.00871	0.00609	0.00697	0.01219
56	0.03270	0.06062	0.03295	0.08573	0.03637	0.02074	0.09226	0.04007	0.06498	0.22362	0.08575	0.10410	0.03734	0.01609	0.01189	0.00364	0.01101	0.01450	0.01026	0.01536
57	0.01546	0.01124	0.01489	0.01685	0.01870	0.01067	0.01295	0.01901	0.02464	0.03250	0.12002	0.32858	0.11778	0.03176	0.01455	0.00459	0.00764	0.17774	0.01064	0.00977
58	0.02334	0.02001	0.02334	0.01667	0.02667	0.01500	0.01334	0.02834	0.02334	0.03668	0.02001	0.02334	0.01667	0.00834	0.00834	0.00167	0.00834	0.00667	0.00667	0.67325
59	0.07514	0.01567	0.02011	0.01677	0.02236	0.01418	0.01317	0.03508	0.02850	0.23794	0.20493	0.05115	0.05206	0.01931	0.01525	0.08073	0.00797	0.01355	0.01132	0.06478
60	0.02224	0.01128	0.01621	0.01523	0.01667	0.01070	0.01057	0.01882	0.01668	0.06134	0.02151	0.03370	0.01998	0.03481	0.03874	0.56962	0.00965	0.00966	0.00572	0.05686
61	0.01414	0.01042	0.01324	0.01467	0.01626	0.00952	0.01019	0.01697	0.02447	0.03261	0.17296	0.40711	0.15311	0.03150	0.01396	0.00422	0.00613	0.02813	0.01088	0.00952
62	0.03588	0.01592	0.02144	0.01755	0.02369	0.01404	0.01404	0.04064	0.03206	0.33193	0.24901	0.05766	0.06098	0.01777	0.01215	0.00351	0.00777	0.01514	0.01328	0.01555
63	0.36975	0.02118	0.02049	0.01739	0.02425	0.02304	0.01412	0.08879	0.05985	0.13569	0.09350	0.03320	0.02989	0.01341	0.00934	0.00350	0.00882	0.00982	0.00967	0.01432
64	0.01939	0.01166	0.01489	0.01484	0.01754	0.01067	0.01082	0.02317	0.02686	0.09516	0.22322	0.26494	0.11040	0.02594	0.01294	0.00384	0.00627	0.02291	0.07356	0.01097
65	0.01533	0.01115	0.01349	0.01337	0.01533	0.01033	0.00928	0.01850	0.02572	0.03485	0.27939	0.14304	0.16044	0.17183	0.02449	0.00556	0.00693	0.02125	0.01043	0.00930
66	0.01517	0.01132	0.01409	0.01372	0.01643	0.01025	0.01017	0.01965	0.02958	0.04050	0.39741	0.13764	0.19195	0.02532	0.01338	0.00369	0.00551	0.02217	0.01180	0.01025
67	0.36736	0.01987	0.01818	0.01664	0.02196	0.02234	0.01284	0.07538	0.07962	0.04540	0.02974	0.11917	0.02842	0.08160	0.01468	0.00451	0.00898	0.01247	0.00842	0.01242
68	0.02126	0.02001	0.03376	0.57739	0.07752	0.02501	0.03126	0.02876	0.02251	0.02876	0.02001	0.03001	0.01500	0.01125	0.01125	0.00375	0.01500	0.01000	0.00500	0.01250
69	0.03009	0.61122	0.05898	0.01926	0.02889	0.04454	0.01926	0.03370	0.02287	0.02648	0.01565	0.01805	0.01444	0.00963	0.00722	0.00241	0.01204	0.00602	0.00481	0.01444
70	0.02239	0.01260	0.01614	0.01454	0.01818	0.01157	0.01116	0.02753	0.03062	0.12605	0.37162	0.06995	0.08119	0.01996	0.01210	0.00339	0.00600	0.01732	0.11570	0.01200
71	0.12875	0.01550	0.01781	0.01654	0.02106	0.01538	0.01261	0.03205	0.07383	0.14503	0.14107	0.19998	0.09218	0.02209	0.01199	0.00384	0.00745	0.01886	0.01109	0.01288
72	0.01535	0.01163	0.01533	0.01669	0.01717	0.01225	0.01146	0.01706	0.02025	0.02746	0.05257	0.45070	0.06249	0.12314	0.02365	0.00561	0.07175	0.02706	0.00926	0.00913
73	0.01558	0.01124	0.01473	0.01440	0.01674	0.01039	0.01059	0.02036	0.03024	0.04255	0.45489	0.16485	0.10120	0.02494	0.01345	0.00370	0.00550	0.02219	0.01208	0.01039
74	0.04531	0.01994	0.02549	0.01984	0.02804	0.01820	0.01630	0.10936	0.03424	0.42212	0.04987	0.04463	0.08279	0.01550	0.01153	0.00350	0.00952	0.01255	0.01319	0.01807
75	0.58300	0.02330	0.01926	0.01655	0.02383	0.02677	0.01364	0.10608	0.02447	0.05372	0.01746	0.01966	0.01328	0.01093	0.00764	0.00347	0.00929	0.00673	0.00764	0.01328
76	0.21326	0.01908	0.02173	0.01778	0.02476	0.01887	0.01445	0.07142	0.03001	0.27384	0.13719	0.04178	0.03952	0.01487	0.01055	0.00349	0.00863	0.01173	0.01155	0.01549
77	0.10057	0.01393	0.01590	0.01435	0.01721	0.01370	0.00982	0.02672	0.02147	0.13472	0.08322	0.06098	0.04129	0.35708	0.03768	0.00780	0.00983	0.01453	0.00885	0.01036
78	0.02035	0.01199	0.01590	0.01531	0.01716	0.01174	0.01081	0.02260	0.05486	0.06606	0.17468	0.10811	0.05337	0.08420	0.02910	0.26182	0.00821	0.01591	0.00883	0.00898
79	0.02607	0.02062	0.03686	0.17643	0.04670	0.02098	0.16472	0.03168	0.02359	0.10798	0.02877	0.04314	0.02459	0.17082	0.02428	0.00565	0.01429	0.01293	0.00708	0.01282
80	0.02126	0.02001	0.03376	0.57739	0.07752	0.02501	0.03126	0.02876	0.02251	0.02876	0.02001	0.03001	0.01500	0.01125	0.01125	0.00375	0.01500	0.01000	0.00500	0.01250
81	0.03775	0.01579	0.02143	0.01809	0.02373	0.01401	0.01399	0.04042	0.02727	0.35225	0.04488	0.15205	0.03726	0.06160	0.01831	0.06965	0.00908	0.01565	0.01186	0.01490
82	0.10172	0.02766	0.03337	0.29615	0.13055	0.11038	0.02717	0.07845	0.02706	0.03635	0.01998	0.02655	0.01545	0.01125	0.01058	0.00349	0.01463	0.00915	0.00605	0.01402
83	0.27655	0.02140	0.02303	0.01910	0.02662	0.02218	0.01586	0.11172	0.03003	0.24116	0.03277	0.03796	0.02443	0.01428	0.01014	0.00363	0.00977	0.05297	0.01064	0.01576
84	0.01443	0.01010	0.01285	0.01476	0.01523	0.00962	0.00947	0.01586	0.02015	0.02687	0.05488	0.45618	0.06542	0.18850	0.02592	0.00628	0.00771	0.02779	0.00947	0.00852
85	0.50402	0.02235	0.02312	0.08841	0.10890	0.02546	0.01791	0.03281	0.02056	0.04582	0.01704	0.02115	0.01340	0.01047	0.00812	0.00349	0.01017	0.00717	0.00652	0.01311
86	0.01905	0.00995	0.01429	0.01429	0.01429	0.00995	0.00931	0.01493	0.01493	0.01991	0.02206	0.04042	0.02291	0.12811	0.04608	0.56836	0.00995	0.01081	0.00519	0.00519
87	0.02146	0.02602	0.11443	0.49154	0.07298	0.02518	0.03288	0.02984	0.02270	0.02984	0.02004	0.02902	0.01489	0.01116	0.01116	0.00372	0.01526	0.00974	0.00496	0.01315
88	0.02326	0.01768	0.01924	0.07196	0.02398	0.09778	0.01376	0.02081	0.01814	0.02171	0.01926	0.03161	0.01831	0.03205	0.03546	0.50169	0.01194	0.00940	0.00504	0.00692
89	0.02226	0.02395	0.07031	0.01881	0.02593	0.07503	0.01591	0.02738	0.02587	0.03611	0.13485	0.12634	0.04441	0.01629	0.01076	0.00284	0.00953	0.01380	0.00821	0.29141
90	0.30661	0.02360	0.02244	0.01921	0.02649	0.02636	0.01541	0.09596	0.20342	0.05027	0.02837	0.02841	0.02149	0.01235	0.00923	0.00341	0.00917	0.00903	0.00906	0.07970
91	0.01987	0.01268	0.01888	0.12920	0.02906	0.01323	0.01487	0.02125	0.02139	0.06188	0.09233	0.20099	0.04496	0.02882	0.02312	0.22334	0.00937	0.01753	0.00798	0.00927
92	0.16778	0.02923	0.13206	0.11053	0.03958	0.02479	0.02420	0.07389	0.02642	0.17042	0.02549	0.02771	0.01789	0.01267	0.01278	0.00367	0.06807	0.00919	0.00814	0.01549
93	0.02930	0.03334	0.21724	0.02743	0.03812	0.02061	0.09936	0.03781	0.02821	0.17407	0.13558	0.04159	0.03799	0.01400	0.01182	0.00357	0.01269	0.01248	0.00900	0.01580
94	0.01632	0.01109	0.01319	0.01319	0.01351	0.01141	0.00796	0.01696	0.01664	0.02250	0.03463	0.06902	0.03891	0.52257	0.13641	0.01204	0.01394	0.01569	0.00670	0.00733
95	0.02002	0.01174	0.01396	0.01355	0.01463	0.01137	0.00835	0.02074	0.01878	0.08275	0.03947	0.12808	0.04316	0.47254	0.04717	0.00934	0.01027	0.01753	0.00805	0.00851
96	0.24130	0.02157	0.02702	0.25459	0.04772	0.02472	0.02184	0.08003	0.02593	0.12069	0.02314	0.02725	0.01653	0.01164	0.00988	0.00359	0.01187	0.00896	0.00765	0.01410
97	0.01995	0.01601	0.01804	0.01752	0.02118	0.01690	0.01320	0.03360	0.20432	0.03795	0.13268	0.13466	0.13162	0.08820	0.01787	0.00478	0.00794	0.06039	0.01070	0.01246
98	0.08435	0.18485	0.09628	0.02496	0.06402	0.02925	0.02171	0.08130	0.02806	0.15610	0.05849	0.02987	0.02420	0.01287	0.01187	0.00330	0.05493	0.00943	0.00828	0.01588
99	0.02814	0.24941	0.09680	0.02022	0.02955	0.02920	0.01940	0.03750	0.10151	0.08145	0.03393	0.03404	0.06956	0.01269	0.00944	0.00289	0.01065	0.00968	0.00755	0.11639
100	0.09059	0.02354	0.08452	0.02470	0.08389	0.01878	0.01923	0.03646	0.05978	0.14758	0.14054	0.04144	0.03971	0.01393	0.01074	0.00319	0.00952	0.01164	0.00949	0.13072
101	0.10682	0.02396	0.03004	0.03172	0.15530	0.02355	0.02036	0.14120	0.03118	0.08436	0.02955	0.03155	0.05200	0.01198	0.01013	0.00298	0.01051	0.00975	0.00830	0.18476
102	0.11206	0.02299	0.02586	0.10756	0.03514	0.07242	0.01830	0.07105	0.02987	0.23214	0.08584	0.03625	0.03012	0.01348	0.01070	0.00334	0.01100	0.01072	0.01007	0.06110
103	0.03240	0.02976	0.10690	0.02306	0.03105	0.08121	0.02053	0.08510	0.11818	0.15067	0.03740	0.12446	0.03147	0.01648	0.01140	0.00353	0.01144	0.01361	0.00980	0.06154
104	0.03465	0.11457	0.03232	0.08237	0.03449	0.02474	0.01855	0.09397	0.07550	0.18410	0.02957	0.02974	0.02130	0.01172	0.00997	0.00294	0.01054	0.00925	0.00926	0.17046
105	0.08182	0.02624	0.10668	0.02120	0.03103	0.01966	0.01967	0.04542	0.08385	0.26674	0.03373	0.03197	0.02308	0.01218	0.01032	0.00316	0.01029	0.00969	0.01022	0.15304
106	0.17490	0.02342	0.05843	0.10665	0.03489	0.02210	0.01860	0.07740	0.06418	0.04365	0.08050	0.03209	0.02719	0.01217	0.00974	0.00309	0.01011	0.00956	0.00783	0.18351

[dist]
# distance from previous block
# <min> <max>
10	99

[block]
# block no. 3 follows, 11 sequences, length 40
# corresponding to MSA columns:
# 477-496,499-518
name=unknown_D
#
# <colnr> <probs for GDERKNQSTAVLIFYWHMCP>
#	G	D	E	R	K	N	Q	S	T	A	V	L	I	F	Y	W	H	M	C	P
0	0.12839	0.16480	0.03409	0.02452	0.08985	0.02825	0.01807	0.11660	0.02833	0.04321	0.02172	0.02476	0.01751	0.01070	0.00869	0.00276	0.01029	0.00794	0.08573	0.13379
1	0.15431	0.02832	0.08227	0.02190	0.03032	0.02675	0.01957	0.24905	0.03788	0.09882	0.07036	0.03211	0.02642	0.01349	0.01035	0.00339	0.01080	0.01022	0.05744	0.01623
2	0.12832	0.13140	0.02975	0.06573	0.02983	0.02575	0.01683	0.11743	0.02865	0.04237	0.07933	0.08103	0.03137	0.01871	0.04323	0.00404	0.01126	0.01144	0.00802	0.09551
3	0.16352	0.02937	0.12735	0.08864	0.03669	0.02523	0.02264	0.13614	0.06388	0.07634	0.02405	0.02765	0.01797	0.01542	0.01438	0.08723	0.01203	0.00915	0.00775	0.01456
4	0.27114	0.02523	0.08669	0.05934	0.03121	0.02203	0.01858	0.03364	0.06906	0.04190	0.02435	0.03286	0.02048	0.01230	0.00926	0.00325	0.01023	0.04712	0.00720	0.17412
5	0.15449	0.02343	0.06844	0.01995	0.02737	0.02094	0.01730	0.03548	0.08141	0.10195	0.02937	0.08889	0.02519	0.01449	0.01242	0.00330	0.06439	0.01106	0.00828	0.19185
6	0.24086	0.02135	0.02293	0.05828	0.02884	0.02233	0.01548	0.11744	0.02800	0.13599	0.02623	0.03187	0.02062	0.08573	0.01530	0.00419	0.01021	0.00940	0.00880	0.09616
7	0.06884	0.03188	0.09514	0.02365	0.03199	0.09189	0.02091	0.08889	0.12840	0.04119	0.02504	0.02709	0.01956	0.01227	0.01250	0.00312	0.06673	0.00886	0.00765	0.19442
8	0.16051	0.02546	0.02959	0.02677	0.08482	0.02666	0.01966	0.22734	0.03749	0.20702	0.02961	0.02896	0.02039	0.01270	0.01048	0.00343	0.01097	0.00975	0.01067	0.01773
9	0.02444	0.01548	0.02077	0.07899	0.02840	0.01572	0.01636	0.03268	0.08870	0.12885	0.17051	0.13728	0.06066	0.02232	0.01308	0.00406	0.00878	0.10880	0.01109	0.01303
10	0.14620	0.02721	0.08942	0.01994	0.03005	0.02188	0.01813	0.11558	0.02803	0.04530	0.02053	0.02315	0.01601	0.00996	0.00892	0.00254	0.01018	0.00740	0.00732	0.35226
11	0.02502	0.01458	0.02025	0.02246	0.08298	0.01393	0.01398	0.02765	0.02271	0.14690	0.04255	0.19822	0.04318	0.20723	0.06097	0.00699	0.01095	0.01832	0.00924	0.01189
12	0.01691	0.01158	0.01599	0.01763	0.01947	0.01127	0.01398	0.02012	0.02458	0.03285	0.13971	0.21473	0.06879	0.03159	0.01843	0.08823	0.00850	0.22613	0.01006	0.00945
13	0.02382	0.03663	0.22832	0.20622	0.17800	0.02614	0.07491	0.03334	0.02408	0.03389	0.02060	0.02720	0.01560	0.01060	0.01119	0.00359	0.01554	0.00966	0.00511	0.01557
14	0.02334	0.02001	0.02334	0.01667	0.02667	0.01500	0.01334	0.02834	0.02334	0.03668	0.02001	0.02334	0.01667	0.00834	0.00834	0.00167	0.00834	0.00667	0.00667	0.67325
15	0.01684	0.01480	0.02605	0.02341	0.02667	0.01385	0.12804	0.02063	0.02277	0.03051	0.05247	0.45910	0.06047	0.02899	0.01410	0.00438	0.00956	0.02744	0.00929	0.01061
16	0.01956	0.01172	0.01534	0.01556	0.01725	0.01152	0.01069	0.02156	0.02058	0.08980	0.04555	0.25971	0.04953	0.22441	0.12621	0.00891	0.01258	0.02081	0.00892	0.00980
17	0.01391	0.01122	0.01238	0.01252	0.01569	0.00969	0.00923	0.01718	0.02647	0.03333	0.19574	0.16387	0.38299	0.02817	0.01343	0.00384	0.00572	0.02405	0.01086	0.00969
18	0.34871	0.02687	0.02555	0.02060	0.02864	0.03030	0.01700	0.27549	0.03681	0.06118	0.02161	0.02285	0.01582	0.01205	0.00921	0.00343	0.01063	0.00821	0.00921	0.01582
19	0.02786	0.02674	0.04568	0.06908	0.53424	0.02674	0.03454	0.03454	0.02563	0.03677	0.02117	0.02786	0.01783	0.01003	0.01114	0.00334	0.01337	0.01003	0.00557	0.01783
20	0.03234	0.01482	0.02011	0.01693	0.02205	0.01325	0.01325	0.03594	0.02989	0.27138	0.24169	0.05675	0.05927	0.02082	0.01619	0.08661	0.00783	0.01487	0.01217	0.01385
21	0.04328	0.04394	0.03163	0.02712	0.03406	0.36368	0.02101	0.15619	0.03705	0.10247	0.02312	0.02419	0.01730	0.01236	0.01057	0.00309	0.01703	0.00846	0.00815	0.01530
22	0.02800	0.02418	0.02545	0.02291	0.02927	0.02800	0.01782	0.05981	0.51390	0.04708	0.04581	0.04199	0.03436	0.01527	0.01145	0.00382	0.00891	0.01273	0.01145	0.01782
23	0.03291	0.01506	0.01989	0.01661	0.02215	0.01343	0.01318	0.03776	0.03124	0.28192	0.25024	0.05820	0.06140	0.01773	0.01182	0.00342	0.00734	0.01510	0.07594	0.01468
24	0.01643	0.01217	0.01526	0.01657	0.01830	0.01216	0.01183	0.02253	0.08154	0.03283	0.11520	0.36590	0.06934	0.08552	0.01813	0.00503	0.00750	0.07304	0.01045	0.01027
25	0.02657	0.03036	0.06641	0.04744	0.05882	0.02846	0.49336	0.03605	0.02657	0.03605	0.02277	0.03036	0.01708	0.00949	0.01328	0.00380	0.01898	0.01328	0.00569	0.01518
26	0.01539	0.01081	0.01406	0.01603	0.01697	0.01046	0.01136	0.01763	0.02131	0.02821	0.05499	0.35980	0.06402	0.17288	0.02509	0.00626	0.00849	0.12784	0.00954	0.00886
27	0.22891	0.01733	0.01886	0.01723	0.02258	0.01790	0.01362	0.03522	0.06809	0.15885	0.09982	0.14410	0.04429	0.01915	0.01109	0.00384	0.00824	0.04694	0.01052	0.01344
28	0.01398	0.01000	0.01330	0.01549	0.01638	0.00932	0.01047	0.01634	0.02278	0.03069	0.11765	0.53590	0.07823	0.03380	0.01424	0.00445	0.00638	0.03061	0.01068	0.00932
29	0.01495	0.01053	0.01340	0.01444	0.01547	0.00997	0.00961	0.01733	0.02305	0.03145	0.18060	0.33206	0.07480	0.17057	0.02452	0.00584	0.00727	0.02507	0.01009	0.00897
30	0.40481	0.02062	0.02076	0.01710	0.02484	0.02141	0.01411	0.04268	0.02491	0.26710	0.02833	0.02711	0.01910	0.01198	0.00888	0.00348	0.00909	0.00840	0.01003	0.01526
31	0.20454	0.01632	0.01678	0.01496	0.01981	0.01704	0.01157	0.03404	0.06552	0.12701	0.09445	0.04366	0.03563	0.07813	0.01455	0.00412	0.00784	0.01150	0.16988	0.01264
32	0.03339	0.01516	0.02055	0.01764	0.02296	0.01460	0.01413	0.03779	0.02582	0.27514	0.03814	0.04099	0.02813	0.03792	0.19852	0.00833	0.01584	0.01142	0.12905	0.01447
33	0.02378	0.01413	0.01682	0.01624	0.01981	0.01381	0.01238	0.08108	0.02786	0.10119	0.05454	0.24336	0.09427	0.02384	0.01210	0.00382	0.00755	0.05703	0.16435	0.01203
34	0.23551	0.02108	0.02207	0.01905	0.02564	0.02260	0.01515	0.09619	0.12347	0.16355	0.03626	0.11158	0.02993	0.01612	0.01043	0.00369	0.00908	0.01280	0.01048	0.01530
35	0.02461	0.02750	0.09255	0.21972	0.09577	0.02735	0.08657	0.03833	0.14257	0.03542	0.02626	0.03159	0.02012	0.01265	0.01395	0.00383	0.06864	0.01088	0.00667	0.01503
36	0.25558	0.02281	0.02846	0.02277	0.03003	0.02441	0.07505	0.03949	0.08455	0.13268	0.02587	0.02767	0.01919	0.01243	0.01282	0.00354	0.07873	0.00927	0.00835	0.08629
37	0.02352	0.01449	0.01862	0.01810	0.02123	0.01475	0.01386	0.03074	0.11960	0.09379	0.09551	0.12898	0.04797	0.02773	0.02147	0.18342	0.00880	0.09634	0.00977	0.01128
38	0.02253	0.12255	0.02474	0.01707	0.02089	0.01841	0.01351	0.02577	0.02235	0.09190	0.07935	0.14544	0.04231	0.10968	0.18374	0.00882	0.01553	0.01570	0.00824	0.01149
39	0.39282	0.07207	0.02332	0.01759	0.02324	0.02523	0.01454	0.03246	0.02010	0.09497	0.01916	0.02321	0.01533	0.01547	0.01581	0.08667	0.08118	0.00758	0.00702	0.01225

[dist]
# distance from previous block
# <min> <max>
9	23

[block]
# block no. 4 follows, 11 sequences, length 14
# corresponding to MSA columns:
# 542-555
name=unknown_E
#
# <colnr> <probs for GDERKNQSTAVLIFYWHMCP>
#	G	D	E	R	K	N	Q	S	T	A	V	L	I	F	Y	W	H	M	C	P
0	0.07333	0.01385	0.01826	0.01838	0.02015	0.01582	0.01405	0.02091	0.02075	0.03114	0.07977	0.23483	0.04888	0.04481	0.18345	0.00860	0.09375	0.04076	0.00819	0.01030
1	0.03109	0.01667	0.02241	0.01934	0.02325	0.01725	0.01504	0.03425	0.02559	0.23459	0.10136	0.13024	0.04410	0.10091	0.02314	0.00495	0.11571	0.01598	0.01055	0.01360
2	0.02859	0.02118	0.02360	0.02091	0.02688	0.02331	0.01631	0.05200	0.36335	0.10918	0.13548	0.04936	0.04692	0.01654	0.01178	0.00372	0.00832	0.01397	0.01194	0.01664
3	0.12572	0.01835	0.02300	0.01830	0.02558	0.01686	0.01465	0.04679	0.02838	0.40816	0.03954	0.04066	0.02769	0.09505	0.01712	0.00451	0.00965	0.01136	0.01207	0.01657
4	0.16895	0.01915	0.02364	0.01908	0.02696	0.01791	0.01584	0.04812	0.02920	0.40656	0.04015	0.04172	0.02788	0.01467	0.01083	0.00362	0.00948	0.04683	0.01231	0.01711
5	0.03013	0.02165	0.02419	0.02150	0.02743	0.02369	0.01668	0.10084	0.30300	0.11475	0.04649	0.14315	0.03919	0.01861	0.01195	0.00386	0.00895	0.01582	0.01159	0.01654
6	0.02926	0.02105	0.02274	0.02026	0.02620	0.02343	0.01582	0.05299	0.36754	0.10270	0.04396	0.04157	0.03259	0.01472	0.01077	0.00356	0.00830	0.01215	0.13380	0.01660
7	0.02750	0.01414	0.01834	0.01578	0.02070	0.01250	0.01236	0.03211	0.03106	0.21485	0.29941	0.07184	0.14195	0.02068	0.01260	0.00356	0.00684	0.01773	0.01264	0.01341
8	0.02964	0.01608	0.02075	0.01854	0.02328	0.01601	0.01430	0.03803	0.11689	0.20294	0.09845	0.12574	0.04411	0.03019	0.09054	0.06261	0.01138	0.01558	0.01093	0.01401
9	0.16413	0.02659	0.02864	0.02235	0.03090	0.02847	0.01845	0.29884	0.04141	0.18604	0.02930	0.02824	0.02005	0.01305	0.01047	0.00342	0.01099	0.00968	0.01113	0.01785
10	0.06784	0.02062	0.02373	0.02018	0.02663	0.02140	0.01596	0.12079	0.15440	0.20271	0.04262	0.12221	0.03446	0.01724	0.01137	0.00366	0.00908	0.01433	0.05441	0.01637
11	0.03776	0.01914	0.02396	0.01999	0.02628	0.01866	0.01575	0.12632	0.06301	0.27742	0.04262	0.14613	0.03512	0.02028	0.01469	0.06058	0.00947	0.01513	0.01182	0.01588
12	0.04089	0.02501	0.08663	0.02308	0.03120	0.02156	0.02068	0.04945	0.08996	0.35058	0.03772	0.03522	0.02532	0.01453	0.01480	0.00373	0.08961	0.01095	0.01133	0.01775
13	0.02249	0.01338	0.01958	0.01845	0.02171	0.01453	0.01453	0.02657	0.02072	0.12220	0.03280	0.04312	0.02809	0.07129	0.45769	0.01537	0.02632	0.01192	0.00750	0.01174

[dist]
# distance from previous block
# <min> <max>
0	2

[block]
# block no. 5 follows, 11 sequences, length 8
# corresponding to MSA columns:
# 558-565
name=unknown_F
#
# <colnr> <probs for GDERKNQSTAVLIFYWHMCP>
#	G	D	E	R	K	N	Q	S	T	A	V	L	I	F	Y	W	H	M	C	P
0	0.02854	0.01714	0.02527	0.02870	0.12427	0.01663	0.01924	0.03334	0.02606	0.17906	0.04648	0.06340	0.07865	0.03259	0.12377	0.00683	0.01433	0.11191	0.00958	0.01423
1	0.02380	0.01320	0.01758	0.01605	0.01909	0.01302	0.01183	0.02698	0.02345	0.14352	0.13312	0.05935	0.04720	0.20829	0.18329	0.00987	0.01506	0.01479	0.00927	0.01125
2	0.01945	0.01275	0.01693	0.06231	0.02302	0.01272	0.01285	0.02402	0.05446	0.08245	0.08266	0.36397	0.06038	0.09515	0.01853	0.00501	0.00812	0.02428	0.01012	0.01082
3	0.03140	0.07935	0.04230	0.02956	0.03809	0.02902	0.16303	0.22079	0.03803	0.05121	0.12357	0.03849	0.03526	0.01381	0.01191	0.00345	0.01297	0.01274	0.00920	0.01583
4	0.28436	0.02080	0.02303	0.07642	0.02930	0.02491	0.01727	0.07488	0.02299	0.04126	0.02622	0.13582	0.02599	0.01763	0.01543	0.00401	0.12709	0.01278	0.00747	0.01235
5	0.02585	0.14344	0.04559	0.14240	0.14548	0.02795	0.11695	0.03228	0.02418	0.03297	0.01990	0.02585	0.01621	0.00973	0.01022	0.00298	0.01349	0.00916	0.00556	0.14983
6	0.15451	0.01644	0.02170	0.13127	0.08204	0.01776	0.01739	0.02525	0.02449	0.03850	0.16791	0.16851	0.05295	0.01953	0.01161	0.00378	0.00900	0.01694	0.00870	0.01171
7	0.14794	0.01273	0.01353	0.01364	0.01512	0.01330	0.00885	0.01935	0.01761	0.02840	0.03429	0.14830	0.03854	0.32361	0.03843	0.08520	0.00959	0.01627	0.00725	0.00805

[dist]
# distance from previous block
# <min> <max>
0	74

# created by:
# /st0/software/busco_prod/Augustus/scripts/msa2prfl.pl ./align_prep/9493.fa
