[name]
unknown

[dist]
# distance from previous block
# <min> <max>
0	67

[block]
# block no. 0 follows, 12 sequences, length 100
# corresponding to MSA columns:
# 67-166
name=unknown_A
#
# <colnr> <probs for GDERKNQSTAVLIFYWHMCP>
#	G	D	E	R	K	N	Q	S	T	A	V	L	I	F	Y	W	H	M	C	P
0	0.02201	0.02139	0.11038	0.02076	0.02585	0.01701	0.01880	0.02914	0.06474	0.09832	0.04020	0.19592	0.03946	0.03419	0.12794	0.00680	0.05316	0.05293	0.00847	0.01252
1	0.01773	0.01152	0.01470	0.01408	0.01702	0.01041	0.01048	0.02189	0.02831	0.08540	0.35184	0.17016	0.15639	0.02429	0.01287	0.00363	0.00577	0.02132	0.01154	0.01063
2	0.63889	0.02188	0.01743	0.01524	0.02216	0.02525	0.01256	0.07251	0.02131	0.05059	0.01611	0.01843	0.01238	0.01037	0.00710	0.00337	0.00873	0.00623	0.00710	0.01238
3	0.01586	0.01057	0.01189	0.01189	0.01189	0.01057	0.00661	0.01586	0.01586	0.02114	0.03436	0.07135	0.03964	0.61681	0.05550	0.01057	0.01057	0.01586	0.00661	0.00661
4	0.17569	0.01649	0.01880	0.01738	0.02168	0.01815	0.01361	0.07017	0.05742	0.07879	0.06477	0.10845	0.03383	0.03981	0.20728	0.00847	0.01561	0.01312	0.00837	0.01210
5	0.01762	0.01227	0.01489	0.01573	0.01749	0.01223	0.01096	0.07833	0.02446	0.03355	0.05170	0.44496	0.05902	0.07511	0.01623	0.00460	0.00726	0.02535	0.06825	0.01001
6	0.57697	0.02063	0.01771	0.01526	0.02231	0.02293	0.01257	0.03587	0.02085	0.14086	0.02023	0.02123	0.01456	0.01073	0.00751	0.00337	0.00859	0.00682	0.00797	0.01303
7	0.01322	0.00973	0.01241	0.01455	0.01565	0.00891	0.00984	0.01525	0.02148	0.02808	0.06775	0.53302	0.14385	0.03317	0.01376	0.00431	0.00620	0.02978	0.01012	0.00891
8	0.02857	0.01413	0.01731	0.01527	0.01985	0.01343	0.01187	0.03535	0.07104	0.20592	0.13237	0.09837	0.04560	0.01681	0.01051	0.00324	0.00686	0.01422	0.22589	0.01338
9	0.03944	0.02832	0.03068	0.02412	0.03236	0.03121	0.01973	0.39424	0.13628	0.10258	0.03079	0.02966	0.02187	0.01343	0.01095	0.00336	0.01118	0.01036	0.01114	0.01831
10	0.01289	0.01105	0.01105	0.01105	0.01473	0.00920	0.00828	0.01565	0.02485	0.02946	0.11046	0.10493	0.54437	0.02761	0.01289	0.00368	0.00552	0.02301	0.01013	0.00920
11	0.08800	0.01574	0.01988	0.01671	0.02247	0.01444	0.01313	0.03911	0.02710	0.32710	0.08087	0.11687	0.03855	0.05548	0.01375	0.00391	0.00822	0.01413	0.06997	0.01460
12	0.01748	0.01054	0.01159	0.01142	0.01335	0.01022	0.00791	0.02094	0.02262	0.03480	0.14102	0.06274	0.08943	0.18656	0.02262	0.00508	0.00668	0.01473	0.30117	0.00910
13	0.01894	0.00947	0.01420	0.01420	0.01420	0.00947	0.00947	0.01420	0.01420	0.01894	0.01894	0.03314	0.01894	0.03788	0.04261	0.68277	0.00947	0.00947	0.00473	0.00473
14	0.01507	0.01102	0.01447	0.01613	0.01811	0.01042	0.01251	0.01869	0.02446	0.03228	0.14393	0.29145	0.13292	0.03001	0.01401	0.00438	0.00733	0.18285	0.01040	0.00954
15	0.02129	0.01683	0.01759	0.01629	0.01949	0.05085	0.01197	0.07077	0.09417	0.03974	0.22483	0.10619	0.06038	0.11947	0.01901	0.00461	0.00816	0.01647	0.07053	0.01136
16	0.04534	0.01751	0.02341	0.01824	0.02594	0.01529	0.01497	0.04967	0.03016	0.49183	0.04208	0.03755	0.02711	0.01340	0.01055	0.00327	0.00875	0.01086	0.09654	0.01751
17	0.02574	0.02941	0.06434	0.04596	0.05699	0.02757	0.50919	0.03493	0.02574	0.03493	0.02206	0.02941	0.01654	0.00919	0.01287	0.00368	0.01838	0.01287	0.00551	0.01471
18	0.01413	0.01027	0.01258	0.01355	0.01492	0.00952	0.00913	0.01637	0.02232	0.02962	0.15075	0.31983	0.14986	0.14989	0.02204	0.00538	0.00684	0.02453	0.00975	0.00871
19	0.02261	0.01938	0.02261	0.01615	0.02584	0.01453	0.01292	0.02745	0.02261	0.03553	0.01938	0.02261	0.01615	0.00807	0.00807	0.00161	0.00807	0.00646	0.00646	0.68346
20	0.02574	0.02941	0.06434	0.04596	0.05699	0.02757	0.50919	0.03493	0.02574	0.03493	0.02206	0.02941	0.01654	0.00919	0.01287	0.00368	0.01838	0.01287	0.00551	0.01471
21	0.01486	0.01036	0.01306	0.01426	0.01507	0.00998	0.00955	0.01676	0.02070	0.02785	0.11108	0.30719	0.06349	0.24107	0.02878	0.00656	0.00803	0.06392	0.00909	0.00834
22	0.01426	0.01077	0.01321	0.01346	0.01572	0.00997	0.00972	0.01757	0.02482	0.03306	0.23462	0.19766	0.21529	0.06995	0.06485	0.00541	0.00796	0.02215	0.01016	0.00938
23	0.03143	0.02483	0.03632	0.12912	0.13318	0.02633	0.08437	0.20421	0.03405	0.08676	0.02792	0.08100	0.02292	0.01358	0.01141	0.00349	0.01266	0.01217	0.00837	0.01588
24	0.04073	0.05197	0.03090	0.02809	0.03371	0.57303	0.02107	0.04354	0.03090	0.02669	0.01685	0.01966	0.01404	0.01124	0.00983	0.00281	0.01966	0.00702	0.00562	0.01264
25	0.01503	0.01134	0.01505	0.01500	0.01705	0.01198	0.01116	0.01815	0.01970	0.02674	0.08063	0.06321	0.14571	0.15032	0.33505	0.01254	0.01962	0.01530	0.00728	0.00916
26	0.02416	0.02363	0.04195	0.28254	0.28986	0.02541	0.09165	0.03131	0.02368	0.03230	0.02023	0.02816	0.01604	0.01014	0.01110	0.00346	0.01429	0.01010	0.00518	0.01480
27	0.02872	0.02832	0.02457	0.11205	0.03381	0.21567	0.01840	0.03453	0.06996	0.07691	0.03522	0.20458	0.03469	0.01869	0.01146	0.00356	0.01288	0.01558	0.00806	0.01234
28	0.02621	0.02944	0.09325	0.05813	0.37105	0.02632	0.16511	0.03396	0.02493	0.03534	0.02086	0.02732	0.01678	0.00962	0.01133	0.00338	0.01472	0.01044	0.00536	0.01647
29	0.03646	0.02818	0.03177	0.06998	0.03596	0.03218	0.02132	0.37458	0.10568	0.05887	0.02688	0.02802	0.01970	0.01365	0.01310	0.00349	0.06289	0.01010	0.00991	0.01729
30	0.04700	0.02163	0.02721	0.02086	0.02937	0.02059	0.01723	0.17101	0.03636	0.43120	0.03869	0.03431	0.02482	0.01339	0.01095	0.00335	0.00998	0.01067	0.01283	0.01855
31	0.02279	0.13960	0.38492	0.13049	0.04920	0.02795	0.03504	0.03302	0.02266	0.03191	0.01883	0.02324	0.01397	0.01029	0.00992	0.00331	0.01512	0.00800	0.00466	0.01505
32	0.29679	0.02060	0.02239	0.01796	0.02577	0.02087	0.01482	0.08610	0.02813	0.31716	0.03078	0.02866	0.02038	0.01216	0.00933	0.00336	0.00920	0.00891	0.01066	0.01595
33	0.01328	0.00949	0.01265	0.01518	0.01581	0.00886	0.01012	0.01518	0.02088	0.02783	0.06010	0.60969	0.07212	0.03416	0.01392	0.00443	0.00633	0.03100	0.01012	0.00886
34	0.04145	0.03054	0.03272	0.02509	0.03381	0.03381	0.02072	0.51243	0.05127	0.06872	0.02618	0.02618	0.01854	0.01309	0.01091	0.00327	0.01200	0.00982	0.01091	0.01854
35	0.10407	0.01727	0.01884	0.01472	0.02226	0.01437	0.01165	0.02514	0.02324	0.03670	0.08081	0.04309	0.12646	0.01336	0.00926	0.00239	0.00737	0.01075	0.00768	0.41057
36	0.01791	0.01015	0.01522	0.01522	0.01581	0.01074	0.01074	0.01581	0.01522	0.02088	0.02207	0.03610	0.02148	0.05128	0.20469	0.47970	0.01549	0.01015	0.00507	0.00626
37	0.01586	0.01057	0.01189	0.01189	0.01189	0.01057	0.00661	0.01586	0.01586	0.02114	0.03436	0.07135	0.03964	0.61681	0.05550	0.01057	0.01057	0.01586	0.00661	0.00661
38	0.01328	0.00949	0.01265	0.01518	0.01581	0.00886	0.01012	0.01518	0.02088	0.02783	0.06010	0.60969	0.07212	0.03416	0.01392	0.00443	0.00633	0.03100	0.01012	0.00886
39	0.08700	0.01580	0.01963	0.01720	0.02246	0.01507	0.01338	0.03722	0.07291	0.25285	0.14251	0.16804	0.05090	0.01951	0.01163	0.00364	0.00770	0.01670	0.01169	0.01416
40	0.02383	0.03900	0.27536	0.03368	0.04546	0.02478	0.19584	0.07401	0.02615	0.03682	0.02607	0.09888	0.02246	0.01317	0.01171	0.00364	0.01531	0.01273	0.00616	0.01493
41	0.01894	0.00947	0.01420	0.01420	0.01420	0.00947	0.00947	0.01420	0.01420	0.01894	0.01894	0.03314	0.01894	0.03788	0.04261	0.68277	0.00947	0.00947	0.00473	0.00473
42	0.01846	0.01093	0.01402	0.01479	0.01622	0.01023	0.00988	0.02012	0.02076	0.09207	0.05075	0.38719	0.05737	0.19486	0.02520	0.00602	0.00788	0.02425	0.00956	0.00944
43	0.03058	0.01410	0.01885	0.01713	0.02147	0.01271	0.01303	0.03357	0.02540	0.27403	0.04872	0.23663	0.04625	0.09708	0.01783	0.00475	0.00853	0.05491	0.01125	0.01320
44	0.69383	0.02109	0.01603	0.01434	0.02109	0.02446	0.01181	0.03205	0.01856	0.04892	0.01518	0.01771	0.01181	0.01012	0.00675	0.00337	0.00843	0.00590	0.00675	0.01181
45	0.02915	0.62337	0.05714	0.01866	0.02799	0.04314	0.01866	0.03265	0.02215	0.02565	0.01516	0.01749	0.01399	0.00933	0.00700	0.00233	0.01166	0.00583	0.00466	0.01399
46	0.03346	0.02517	0.02718	0.02283	0.02998	0.02818	0.01821	0.19672	0.33820	0.09838	0.03868	0.03592	0.02821	0.01415	0.01103	0.00354	0.00972	0.01144	0.01125	0.01777
47	0.01603	0.01027	0.01231	0.01344	0.01443	0.01005	0.00907	0.01825	0.01998	0.02872	0.04595	0.26290	0.05089	0.22658	0.02676	0.00616	0.00783	0.06120	0.15070	0.00848
48	0.04073	0.05197	0.03090	0.02809	0.03371	0.57303	0.02107	0.04354	0.03090	0.02669	0.01685	0.01966	0.01404	0.01124	0.00983	0.00281	0.01966	0.00702	0.00562	0.01264
49	0.01328	0.00949	0.01265	0.01518	0.01581	0.00886	0.01012	0.01518	0.02088	0.02783	0.06010	0.60969	0.07212	0.03416	0.01392	0.00443	0.00633	0.03100	0.01012	0.00886
50	0.01708	0.01295	0.01533	0.01568	0.01827	0.01276	0.01131	0.06377	0.06522	0.03516	0.12537	0.35555	0.15371	0.02809	0.01311	0.00401	0.00672	0.02479	0.01050	0.01062
51	0.61315	0.02077	0.01719	0.01497	0.02193	0.02341	0.01234	0.03469	0.02014	0.11240	0.01866	0.02014	0.01371	0.01054	0.00728	0.00337	0.00854	0.00654	0.00759	0.01265
52	0.02506	0.01155	0.01267	0.01169	0.01521	0.01113	0.00901	0.02999	0.02425	0.12596	0.03680	0.04007	0.02779	0.01283	0.00817	0.00268	0.00578	0.01030	0.56753	0.01155
53	0.01375	0.00985	0.01307	0.01487	0.01592	0.00917	0.01016	0.01635	0.02303	0.03126	0.16430	0.49571	0.07875	0.03160	0.01369	0.00421	0.00607	0.02856	0.01053	0.00917
54	0.01752	0.01133	0.01435	0.01510	0.01744	0.01043	0.01117	0.02039	0.02365	0.07748	0.10642	0.28979	0.15883	0.08150	0.01726	0.00474	0.00730	0.09514	0.01026	0.00991
55	0.02855	0.02555	0.04220	0.03792	0.12541	0.02609	0.19610	0.04518	0.22006	0.08581	0.03228	0.03404	0.02405	0.01182	0.01167	0.00358	0.01290	0.01196	0.00836	0.01646
56	0.69383	0.02109	0.01603	0.01434	0.02109	0.02446	0.01181	0.03205	0.01856	0.04892	0.01518	0.01771	0.01181	0.01012	0.00675	0.00337	0.00843	0.00590	0.00675	0.01181
57	0.02793	0.41056	0.05972	0.02844	0.03838	0.03757	0.19441	0.03347	0.02344	0.02898	0.01763	0.02176	0.01491	0.00928	0.00910	0.00281	0.01407	0.00835	0.00497	0.01425
58	0.02574	0.02941	0.06434	0.04596	0.05699	0.02757	0.50919	0.03493	0.02574	0.03493	0.02206	0.02941	0.01654	0.00919	0.01287	0.00368	0.01838	0.01287	0.00551	0.01471
59	0.01949	0.01354	0.01816	0.02112	0.06671	0.01333	0.01366	0.02563	0.08575	0.07869	0.05300	0.43385	0.05820	0.02765	0.01301	0.00413	0.00748	0.02492	0.01012	0.01155
60	0.02243	0.01938	0.02352	0.06814	0.03030	0.01541	0.01449	0.02749	0.02254	0.03484	0.01938	0.02319	0.01600	0.00833	0.00833	0.00180	0.00866	0.00675	0.00631	0.62270
61	0.02807	0.02309	0.02475	0.02162	0.02776	0.02614	0.01697	0.12988	0.38622	0.04927	0.10369	0.04334	0.03951	0.01544	0.01128	0.00359	0.00876	0.01283	0.01118	0.01660
62	0.02451	0.02422	0.04182	0.03206	0.03994	0.02453	0.24969	0.04078	0.20694	0.04022	0.11699	0.04213	0.03695	0.01338	0.01223	0.00364	0.01268	0.01382	0.00860	0.01488
63	0.02293	0.01892	0.02118	0.01975	0.02454	0.02098	0.01551	0.04394	0.33834	0.04350	0.17387	0.06143	0.05481	0.01863	0.01204	0.00379	0.00791	0.07215	0.01120	0.01457
64	0.01542	0.01138	0.01526	0.01542	0.01715	0.01221	0.01142	0.01826	0.01856	0.02528	0.04303	0.06333	0.10068	0.20565	0.33373	0.01315	0.02018	0.04413	0.00687	0.00890
65	0.02342	0.01966	0.02145	0.02010	0.02488	0.02212	0.01527	0.04641	0.38750	0.04197	0.08945	0.15566	0.04676	0.01922	0.01180	0.00382	0.00788	0.01661	0.01098	0.01502
66	0.04892	0.01856	0.02530	0.01940	0.02783	0.01603	0.01603	0.05314	0.03121	0.55634	0.04302	0.03711	0.02699	0.01350	0.01096	0.00337	0.00928	0.01096	0.01350	0.01856
67	0.02450	0.01579	0.02507	0.02093	0.02604	0.01465	0.09560	0.03011	0.02843	0.14067	0.23394	0.06716	0.06038	0.01879	0.01238	0.00364	0.00895	0.08994	0.07042	0.01259
68	0.01558	0.01168	0.01752	0.01752	0.01947	0.01363	0.01363	0.01947	0.01752	0.02531	0.02921	0.04283	0.02726	0.08178	0.57360	0.01752	0.02921	0.01168	0.00584	0.00974
69	0.01586	0.01057	0.01189	0.01189	0.01189	0.01057	0.00661	0.01586	0.01586	0.02114	0.03436	0.07135	0.03964	0.61681	0.05550	0.01057	0.01057	0.01586	0.00661	0.00661
70	0.01454	0.01091	0.01347	0.01324	0.01585	0.00984	0.00977	0.01869	0.02814	0.03823	0.37623	0.15330	0.20762	0.02508	0.01300	0.00362	0.00539	0.02194	0.01131	0.00984
71	0.01904	0.01192	0.01490	0.01589	0.01818	0.01170	0.01172	0.02457	0.06697	0.07396	0.05293	0.35766	0.05652	0.02670	0.01252	0.00404	0.00702	0.07985	0.12318	0.01073
72	0.02885	0.02135	0.02438	0.02094	0.02662	0.02291	0.01716	0.25396	0.07269	0.05325	0.16627	0.06147	0.05033	0.01911	0.01228	0.00371	0.00961	0.10952	0.01102	0.01457
73	0.02915	0.62337	0.05714	0.01866	0.02799	0.04314	0.01866	0.03265	0.02215	0.02565	0.01516	0.01749	0.01399	0.00933	0.00700	0.00233	0.01166	0.00583	0.00466	0.01399
74	0.02175	0.01404	0.01737	0.01592	0.01954	0.01373	0.01238	0.08479	0.03138	0.08500	0.31211	0.11863	0.07379	0.02130	0.01228	0.00354	0.00682	0.05402	0.06980	0.01182
75	0.08449	0.01399	0.01675	0.01498	0.01948	0.01300	0.01170	0.02882	0.02704	0.17214	0.20325	0.07110	0.15932	0.06694	0.01530	0.00413	0.00735	0.04720	0.01098	0.01205
76	0.01592	0.01137	0.01567	0.01819	0.01998	0.01113	0.01470	0.01973	0.02347	0.03078	0.05864	0.31074	0.06636	0.03168	0.01462	0.00479	0.00861	0.30397	0.01007	0.00958
77	0.01388	0.01045	0.01299	0.01478	0.01662	0.00957	0.01081	0.01654	0.02274	0.02910	0.07449	0.38095	0.20925	0.03157	0.01380	0.00431	0.00670	0.10217	0.01011	0.00915
78	0.02167	0.01384	0.01682	0.01638	0.01957	0.01361	0.01250	0.08344	0.02726	0.08315	0.09614	0.22596	0.09579	0.07159	0.01600	0.00445	0.00794	0.09180	0.07090	0.01122
79	0.02574	0.02941	0.06434	0.04596	0.05699	0.02757	0.50919	0.03493	0.02574	0.03493	0.02206	0.02941	0.01654	0.00919	0.01287	0.00368	0.01838	0.01287	0.00551	0.01471
80	0.01568	0.01127	0.01546	0.01546	0.01669	0.01251	0.01106	0.01815	0.01691	0.02378	0.03109	0.05329	0.03180	0.27783	0.38375	0.01498	0.02238	0.01321	0.00612	0.00859
81	0.02155	0.01366	0.01609	0.01482	0.01927	0.01254	0.01164	0.02779	0.07297	0.12891	0.17647	0.08354	0.27648	0.02302	0.01255	0.00368	0.00676	0.05515	0.01120	0.01191
82	0.01604	0.01251	0.01835	0.01824	0.01984	0.01482	0.01412	0.01955	0.01787	0.02571	0.03172	0.11203	0.03170	0.07014	0.45491	0.01473	0.07772	0.01390	0.00628	0.00982
83	0.01560	0.01159	0.01708	0.01708	0.01887	0.01339	0.01307	0.01918	0.01739	0.02498	0.02961	0.04510	0.02824	0.12430	0.53242	0.01697	0.02772	0.01201	0.00590	0.00949
84	0.26565	0.02730	0.12033	0.13702	0.03868	0.02426	0.02203	0.03784	0.10616	0.08685	0.02419	0.02656	0.01766	0.01140	0.00935	0.00350	0.01118	0.00859	0.00730	0.01416
85	0.03695	0.01907	0.02686	0.07693	0.09579	0.01835	0.01892	0.08212	0.02957	0.31158	0.03946	0.13068	0.03151	0.01624	0.01143	0.00355	0.00995	0.01397	0.01090	0.01617
86	0.01915	0.06928	0.02202	0.08835	0.02688	0.01673	0.01463	0.06431	0.02465	0.03306	0.07665	0.34253	0.05185	0.02396	0.01204	0.00371	0.00842	0.02118	0.00883	0.07175
87	0.08846	0.02989	0.05160	0.08855	0.05141	0.07686	0.33842	0.07258	0.02722	0.03749	0.02105	0.02718	0.01587	0.00992	0.01171	0.00353	0.01675	0.01118	0.00600	0.01433
88	0.09172	0.01910	0.02681	0.16822	0.08157	0.02024	0.02040	0.03630	0.02518	0.22382	0.03873	0.03988	0.08534	0.01442	0.01277	0.00358	0.05708	0.01147	0.00888	0.01450
89	0.02524	0.12237	0.04011	0.37436	0.06061	0.02709	0.08694	0.03184	0.02321	0.07620	0.02114	0.02789	0.01582	0.01066	0.01049	0.00340	0.01406	0.00955	0.00568	0.01334
90	0.08887	0.01932	0.02928	0.39036	0.05796	0.02212	0.02491	0.03479	0.02395	0.16677	0.02513	0.03013	0.01752	0.01150	0.01054	0.00354	0.01262	0.00968	0.00726	0.01376
91	0.02161	0.03389	0.23091	0.13659	0.11450	0.02287	0.10217	0.03040	0.02387	0.03365	0.06506	0.08270	0.02707	0.01327	0.01140	0.00358	0.01401	0.01226	0.00597	0.01422
92	0.02786	0.02442	0.09672	0.28357	0.09166	0.02253	0.02670	0.07086	0.02558	0.12699	0.02425	0.02971	0.01759	0.01365	0.01351	0.06070	0.01303	0.00971	0.00689	0.01406
93	0.02230	0.01731	0.02526	0.14368	0.03601	0.01829	0.05893	0.07130	0.06600	0.06961	0.04636	0.21712	0.08008	0.02134	0.01250	0.00395	0.01027	0.05834	0.00896	0.01238
94	0.02543	0.01907	0.03079	0.09758	0.03596	0.01957	0.12097	0.03255	0.06952	0.12565	0.04113	0.13486	0.07213	0.06516	0.01721	0.00436	0.05063	0.01582	0.00852	0.01308
95	0.03904	0.02037	0.02480	0.02041	0.02759	0.02035	0.01635	0.09324	0.17895	0.32037	0.04322	0.08185	0.03160	0.01545	0.01123	0.00354	0.00910	0.01283	0.01229	0.01742
96	0.02826	0.07515	0.03260	0.15200	0.13871	0.02399	0.02268	0.07385	0.02637	0.12184	0.03424	0.07999	0.06657	0.01503	0.01292	0.00352	0.05773	0.01234	0.00778	0.01443
97	0.03144	0.12214	0.03522	0.18835	0.04352	0.02435	0.05932	0.03859	0.05803	0.19429	0.03108	0.03829	0.02375	0.01318	0.01077	0.00346	0.01195	0.04907	0.00840	0.01480
98	0.03181	0.02589	0.08436	0.14850	0.04644	0.02358	0.12858	0.11086	0.02991	0.16721	0.02990	0.03756	0.02241	0.01298	0.01162	0.00362	0.01346	0.04740	0.00845	0.01546
99	0.08500	0.02186	0.03310	0.25914	0.05022	0.02535	0.09358	0.07244	0.07012	0.03685	0.02323	0.02948	0.01779	0.01199	0.01271	0.00359	0.06384	0.01009	0.06635	0.01328

[dist]
# distance from previous block
# <min> <max>
33	324

[block]
# block no. 1 follows, 12 sequences, length 6
# corresponding to MSA columns:
# 545-550
name=unknown_B
#
# <colnr> <probs for GDERKNQSTAVLIFYWHMCP>
#	G	D	E	R	K	N	Q	S	T	A	V	L	I	F	Y	W	H	M	C	P
0	0.25019	0.01968	0.02066	0.01745	0.02334	0.02127	0.01400	0.13853	0.02761	0.12882	0.02544	0.02861	0.01925	0.02094	0.06051	0.08674	0.01096	0.00886	0.06392	0.01323
1	0.15262	0.18209	0.03411	0.11029	0.03417	0.02932	0.01966	0.06950	0.02418	0.08517	0.02322	0.03251	0.01985	0.01353	0.01249	0.00345	0.08202	0.05143	0.00693	0.01346
2	0.02246	0.14992	0.03129	0.07360	0.09146	0.02279	0.01784	0.02945	0.07178	0.03330	0.08642	0.12909	0.03638	0.01539	0.01022	0.00302	0.00945	0.01315	0.00747	0.14551
3	0.10805	0.07001	0.02855	0.13111	0.09725	0.02096	0.01921	0.03191	0.02335	0.11573	0.02692	0.09133	0.02324	0.01293	0.00979	0.00306	0.01022	0.01080	0.00742	0.15815
4	0.03361	0.18293	0.08744	0.02409	0.03180	0.03335	0.02214	0.19122	0.03166	0.10015	0.02213	0.02438	0.01699	0.01317	0.01506	0.00337	0.13433	0.00870	0.00772	0.01576
5	0.12209	0.01796	0.02255	0.02166	0.06988	0.01731	0.01550	0.03768	0.06060	0.23154	0.04100	0.09297	0.06636	0.02104	0.05714	0.00454	0.01044	0.01278	0.00994	0.06702

[dist]
# distance from previous block
# <min> <max>
1	7

[block]
# block no. 2 follows, 12 sequences, length 68
# corresponding to MSA columns:
# 558-625
name=unknown_C
#
# <colnr> <probs for GDERKNQSTAVLIFYWHMCP>
#	G	D	E	R	K	N	Q	S	T	A	V	L	I	F	Y	W	H	M	C	P
0	0.19329	0.06346	0.02415	0.01833	0.02541	0.07025	0.01471	0.07156	0.06782	0.08997	0.02727	0.08935	0.02365	0.01332	0.00923	0.00299	0.00970	0.01025	0.00815	0.16713
1	0.18110	0.12577	0.02574	0.01810	0.02369	0.08510	0.01466	0.03397	0.11716	0.03658	0.06786	0.08531	0.06741	0.02019	0.04949	0.00431	0.01113	0.01194	0.00789	0.01260
2	0.23229	0.01762	0.02107	0.01757	0.02255	0.01880	0.06639	0.02787	0.02066	0.03918	0.02452	0.03230	0.02067	0.06963	0.01475	0.00379	0.05420	0.00931	0.21810	0.06872
3	0.13237	0.11175	0.06942	0.01631	0.02186	0.01927	0.01445	0.02863	0.02189	0.09229	0.03168	0.13688	0.02929	0.01781	0.01217	0.06151	0.00869	0.01253	0.14944	0.01177
4	0.02657	0.06994	0.02382	0.05567	0.02541	0.01863	0.01472	0.09735	0.02772	0.12399	0.12510	0.09625	0.04212	0.07743	0.06524	0.06348	0.01102	0.01402	0.00918	0.01235
5	0.09132	0.02623	0.02694	0.02206	0.02790	0.11681	0.06237	0.15451	0.03064	0.08807	0.02726	0.03641	0.02301	0.13997	0.01971	0.00473	0.01247	0.01069	0.06558	0.01331
6	0.08746	0.02167	0.06888	0.07495	0.03097	0.02046	0.01864	0.03768	0.11592	0.16297	0.04142	0.11503	0.06942	0.01729	0.01334	0.00376	0.06262	0.01389	0.00936	0.01426
7	0.03536	0.03781	0.02661	0.02413	0.02966	0.35825	0.01844	0.03861	0.02874	0.08706	0.02783	0.08788	0.02565	0.01513	0.01067	0.00312	0.01536	0.05207	0.00740	0.07023
8	0.02584	0.01963	0.02197	0.01664	0.02463	0.01741	0.01334	0.12261	0.02831	0.04316	0.02415	0.02713	0.01912	0.01004	0.00854	0.00214	0.00821	0.00791	0.14939	0.40984
9	0.02360	0.15734	0.21192	0.02168	0.03109	0.02299	0.02303	0.03026	0.02376	0.07622	0.07304	0.13741	0.03368	0.01566	0.01037	0.00323	0.01111	0.01297	0.00719	0.07341
10	0.02107	0.01085	0.01540	0.01475	0.01631	0.01033	0.01043	0.02002	0.02028	0.08492	0.14016	0.08884	0.04243	0.03145	0.03032	0.40509	0.00825	0.01356	0.00773	0.00781
11	0.03133	0.02316	0.10365	0.08669	0.03640	0.01803	0.06313	0.03746	0.02655	0.24070	0.03928	0.09893	0.03300	0.01709	0.01200	0.00382	0.01149	0.09278	0.00968	0.01483
12	0.01708	0.01464	0.02459	0.07547	0.02910	0.01448	0.09849	0.02205	0.02493	0.03429	0.21276	0.22111	0.06352	0.02785	0.06369	0.00506	0.01086	0.02020	0.00908	0.01075
13	0.02710	0.07597	0.02554	0.06866	0.02835	0.02097	0.01606	0.07654	0.13152	0.12494	0.22214	0.05072	0.05328	0.01635	0.01130	0.00337	0.00854	0.01378	0.01063	0.01423
14	0.03082	0.01591	0.01960	0.01663	0.02169	0.01489	0.01274	0.08593	0.02886	0.23790	0.09545	0.11046	0.11342	0.12228	0.01937	0.00475	0.00861	0.01611	0.01108	0.01349
15	0.69383	0.02109	0.01603	0.01434	0.02109	0.02446	0.01181	0.03205	0.01856	0.04892	0.01518	0.01771	0.01181	0.01012	0.00675	0.00337	0.00843	0.00590	0.00675	0.01181
16	0.02321	0.02052	0.02712	0.26409	0.04715	0.02427	0.02215	0.04151	0.26462	0.03785	0.08160	0.03964	0.03196	0.01385	0.01118	0.00364	0.01082	0.01191	0.00851	0.01439
17	0.14635	0.01673	0.01954	0.01655	0.02213	0.01646	0.01296	0.03784	0.07155	0.23889	0.15921	0.04870	0.04483	0.08234	0.01567	0.00422	0.00821	0.01289	0.01099	0.01393
18	0.01697	0.01135	0.01457	0.01546	0.01796	0.01044	0.01178	0.02037	0.02486	0.06903	0.14413	0.28262	0.16601	0.02868	0.01358	0.00417	0.00698	0.12032	0.01064	0.01009
19	0.69383	0.02109	0.01603	0.01434	0.02109	0.02446	0.01181	0.03205	0.01856	0.04892	0.01518	0.01771	0.01181	0.01012	0.00675	0.00337	0.00843	0.00590	0.00675	0.01181
20	0.01588	0.01149	0.01723	0.01723	0.01900	0.01326	0.01326	0.01900	0.01723	0.02474	0.02829	0.04197	0.02652	0.07787	0.52634	0.07673	0.02745	0.01149	0.00574	0.00929
21	0.08656	0.01286	0.01581	0.01561	0.01891	0.01234	0.01181	0.02620	0.02469	0.13114	0.12735	0.26999	0.05814	0.02387	0.01205	0.00385	0.00709	0.05933	0.07104	0.01137
22	0.04338	0.02745	0.03081	0.02362	0.03227	0.02922	0.01951	0.39384	0.04609	0.19462	0.03053	0.02900	0.02072	0.01319	0.01092	0.00330	0.01130	0.01011	0.01158	0.01855
23	0.03352	0.02390	0.02594	0.02166	0.02855	0.02642	0.01731	0.20092	0.27086	0.10945	0.03751	0.03560	0.02731	0.01390	0.01069	0.00341	0.00945	0.01116	0.07530	0.01714
24	0.01995	0.01281	0.01518	0.01405	0.01753	0.01244	0.01071	0.02766	0.08408	0.07825	0.30308	0.06693	0.11234	0.01921	0.01139	0.00328	0.00584	0.01648	0.15726	0.01153
25	0.01801	0.01250	0.01442	0.01425	0.01540	0.01269	0.00913	0.07096	0.02116	0.02825	0.04042	0.21212	0.04609	0.39180	0.03927	0.00809	0.00958	0.01928	0.00804	0.00854
26	0.01558	0.01168	0.01752	0.01752	0.01947	0.01363	0.01363	0.01947	0.01752	0.02531	0.02921	0.04283	0.02726	0.08178	0.57360	0.01752	0.02921	0.01168	0.00584	0.00974
27	0.01328	0.00949	0.01265	0.01518	0.01581	0.00886	0.01012	0.01518	0.02088	0.02783	0.06010	0.60969	0.07212	0.03416	0.01392	0.00443	0.00633	0.03100	0.01012	0.00886
28	0.37421	0.01942	0.01927	0.01665	0.02327	0.02067	0.01341	0.03911	0.06875	0.19920	0.03051	0.08249	0.02411	0.01387	0.00910	0.00350	0.00850	0.01042	0.00949	0.01405
29	0.22658	0.02786	0.02798	0.02204	0.03020	0.03116	0.01819	0.37611	0.04198	0.06310	0.02306	0.02378	0.01663	0.01225	0.00973	0.00330	0.01099	0.00871	0.00973	0.01663
30	0.02059	0.01938	0.03270	0.59060	0.07510	0.02422	0.03028	0.02786	0.02180	0.02786	0.01938	0.02907	0.01453	0.01090	0.01090	0.00363	0.01453	0.00969	0.00484	0.01211
31	0.01755	0.01125	0.01463	0.01451	0.01705	0.01024	0.01060	0.02134	0.02709	0.08367	0.30306	0.25567	0.11992	0.02587	0.01304	0.00378	0.00594	0.02295	0.01136	0.01047
32	0.03923	0.02731	0.02978	0.02314	0.03087	0.02973	0.01876	0.41847	0.04563	0.10448	0.02851	0.03213	0.02160	0.08034	0.01588	0.00409	0.01161	0.01059	0.01065	0.01721
33	0.02574	0.02941	0.06434	0.04596	0.05699	0.02757	0.50919	0.03493	0.02574	0.03493	0.02206	0.02941	0.01654	0.00919	0.01287	0.00368	0.01838	0.01287	0.00551	0.01471
34	0.01299	0.01063	0.01148	0.01216	0.01502	0.00911	0.00878	0.01552	0.02378	0.02902	0.09686	0.24124	0.41684	0.02938	0.01316	0.00388	0.00574	0.02517	0.01012	0.00911
35	0.02531	0.01503	0.02241	0.13948	0.03350	0.01603	0.01796	0.02998	0.02304	0.16396	0.03605	0.08745	0.03162	0.04002	0.20741	0.00861	0.01720	0.06407	0.00838	0.01249
36	0.02579	0.02469	0.04210	0.16458	0.46046	0.02559	0.03287	0.03242	0.02426	0.03417	0.02030	0.02737	0.01676	0.00994	0.01081	0.00331	0.01325	0.00971	0.00529	0.01631
37	0.04073	0.05197	0.03090	0.02809	0.03371	0.57303	0.02107	0.04354	0.03090	0.02669	0.01685	0.01966	0.01404	0.01124	0.00983	0.00281	0.01966	0.00702	0.00562	0.01264
38	0.02075	0.01522	0.02293	0.22034	0.03901	0.01728	0.01894	0.02445	0.02130	0.07759	0.03813	0.16473	0.07093	0.02690	0.06648	0.06651	0.05460	0.01568	0.00732	0.01090
39	0.02988	0.02657	0.10918	0.12740	0.09880	0.02266	0.06843	0.07285	0.07293	0.15442	0.07807	0.03564	0.02814	0.01271	0.01121	0.00347	0.01215	0.01124	0.00855	0.01569
40	0.02059	0.01938	0.03270	0.59060	0.07510	0.02422	0.03028	0.02786	0.02180	0.02786	0.01938	0.02907	0.01453	0.01090	0.01090	0.00363	0.01453	0.00969	0.00484	0.01211
41	0.02615	0.02555	0.04582	0.19046	0.25755	0.02654	0.15900	0.06951	0.02635	0.03603	0.02108	0.02810	0.01648	0.01014	0.01139	0.00346	0.01473	0.01056	0.00572	0.01538
42	0.04018	0.02991	0.03201	0.02483	0.03333	0.03322	0.02042	0.47234	0.09342	0.06668	0.02778	0.02746	0.01984	0.01324	0.01092	0.00331	0.01170	0.01004	0.01092	0.01843
43	0.02822	0.01550	0.01849	0.01615	0.02106	0.01537	0.01264	0.03854	0.13442	0.18217	0.17285	0.05042	0.04852	0.01588	0.01064	0.00325	0.00699	0.01335	0.18159	0.01397
44	0.02459	0.10209	0.47575	0.02911	0.04405	0.02613	0.03655	0.03581	0.02358	0.07416	0.02100	0.02364	0.01485	0.01051	0.01012	0.00335	0.01520	0.00809	0.00530	0.01612
45	0.69383	0.02109	0.01603	0.01434	0.02109	0.02446	0.01181	0.03205	0.01856	0.04892	0.01518	0.01771	0.01181	0.01012	0.00675	0.00337	0.00843	0.00590	0.00675	0.01181
46	0.01352	0.00967	0.01287	0.01502	0.01587	0.00902	0.01014	0.01578	0.02199	0.02960	0.11387	0.55088	0.07554	0.03284	0.01380	0.00432	0.00619	0.02974	0.01033	0.00902
47	0.04405	0.02637	0.03014	0.02311	0.03173	0.02762	0.01909	0.35260	0.04429	0.23841	0.03204	0.02998	0.02148	0.01323	0.01093	0.00331	0.01105	0.01022	0.01181	0.01855
48	0.02284	0.01464	0.02046	0.01829	0.02287	0.01302	0.04600	0.02649	0.02393	0.12596	0.05043	0.20981	0.09038	0.07556	0.01626	0.00435	0.00883	0.09196	0.00957	0.10836
49	0.03017	0.01986	0.02275	0.01925	0.02490	0.02073	0.01513	0.19677	0.07575	0.12740	0.04720	0.11001	0.10546	0.06418	0.06418	0.00526	0.01113	0.01505	0.01040	0.01443
50	0.01757	0.01255	0.01757	0.02008	0.02259	0.01255	0.01757	0.02259	0.02510	0.03263	0.05773	0.12299	0.06275	0.03012	0.01506	0.00502	0.01004	0.47540	0.01004	0.01004
51	0.01586	0.01057	0.01189	0.01189	0.01189	0.01057	0.00661	0.01586	0.01586	0.02114	0.03436	0.07135	0.03964	0.61681	0.05550	0.01057	0.01057	0.01586	0.00661	0.00661
52	0.02192	0.01221	0.01537	0.01517	0.01778	0.01169	0.01149	0.02522	0.02332	0.11252	0.08864	0.11094	0.04927	0.18850	0.02426	0.00573	0.00858	0.12836	0.11867	0.01036
53	0.01714	0.01236	0.01511	0.01608	0.01812	0.01256	0.01184	0.02412	0.09499	0.03316	0.09874	0.28100	0.06026	0.09247	0.01767	0.00484	0.00755	0.10134	0.07037	0.01027
54	0.04243	0.02000	0.02511	0.02023	0.02799	0.01933	0.01639	0.05457	0.17933	0.40440	0.04342	0.03817	0.02886	0.01388	0.01100	0.00347	0.00908	0.01137	0.01278	0.01817
55	0.01989	0.01239	0.01499	0.01391	0.01790	0.01090	0.01084	0.02385	0.02794	0.11963	0.24344	0.08718	0.27816	0.02369	0.01271	0.00364	0.00630	0.05019	0.01130	0.01114
56	0.15731	0.02194	0.02351	0.01906	0.02614	0.02329	0.01552	0.19362	0.07597	0.18023	0.03143	0.03092	0.02219	0.01273	0.00965	0.00323	0.00927	0.00966	0.11846	0.01586
57	0.04892	0.01856	0.02530	0.01940	0.02783	0.01603	0.01603	0.05314	0.03121	0.55634	0.04302	0.03711	0.02699	0.01350	0.01096	0.00337	0.00928	0.01096	0.01350	0.01856
58	0.04073	0.05197	0.03090	0.02809	0.03371	0.57303	0.02107	0.04354	0.03090	0.02669	0.01685	0.01966	0.01404	0.01124	0.00983	0.00281	0.01966	0.00702	0.00562	0.01264
59	0.01637	0.01195	0.01486	0.01539	0.01749	0.01152	0.01099	0.06161	0.02657	0.03588	0.18927	0.37967	0.10971	0.02862	0.01329	0.00400	0.00647	0.02550	0.01069	0.01014
60	0.02792	0.01690	0.01878	0.01673	0.02157	0.01777	0.01300	0.08085	0.16728	0.12417	0.04058	0.09028	0.03245	0.01538	0.00997	0.00323	0.00745	0.01274	0.26888	0.01407
61	0.02004	0.01622	0.02028	0.01933	0.02290	0.01884	0.01503	0.03434	0.21525	0.03316	0.03507	0.04200	0.02959	0.05589	0.35618	0.01218	0.02125	0.01193	0.00787	0.01264
62	0.69383	0.02109	0.01603	0.01434	0.02109	0.02446	0.01181	0.03205	0.01856	0.04892	0.01518	0.01771	0.01181	0.01012	0.00675	0.00337	0.00843	0.00590	0.00675	0.01181
63	0.02584	0.01646	0.01983	0.01821	0.02303	0.01648	0.01461	0.07460	0.11624	0.13636	0.12481	0.11137	0.12289	0.02175	0.01255	0.00388	0.00822	0.10819	0.01123	0.01344
64	0.10058	0.02798	0.03017	0.02332	0.03182	0.03043	0.01926	0.40390	0.04548	0.13680	0.02761	0.02699	0.01915	0.01288	0.01055	0.00330	0.01129	0.00963	0.01091	0.01795
65	0.01333	0.01106	0.01165	0.01151	0.01500	0.00939	0.00863	0.01650	0.02589	0.03192	0.18505	0.10088	0.46824	0.02670	0.01288	0.00364	0.00546	0.02244	0.01045	0.00939
66	0.01353	0.00988	0.01273	0.01452	0.01576	0.00909	0.00994	0.01596	0.02266	0.03015	0.13059	0.48252	0.12883	0.03184	0.01366	0.00421	0.00608	0.02859	0.01037	0.00909
67	0.01485	0.01027	0.01266	0.01392	0.01517	0.00973	0.00956	0.01724	0.02165	0.02957	0.10368	0.32511	0.10694	0.14663	0.02157	0.00537	0.00713	0.05440	0.06578	0.00877

[dist]
# distance from previous block
# <min> <max>
0	1

[block]
# block no. 3 follows, 12 sequences, length 7
# corresponding to MSA columns:
# 627-633
name=unknown_D
#
# <colnr> <probs for GDERKNQSTAVLIFYWHMCP>
#	G	D	E	R	K	N	Q	S	T	A	V	L	I	F	Y	W	H	M	C	P
0	0.02775	0.02007	0.03261	0.39318	0.12823	0.02263	0.02754	0.03423	0.02430	0.14646	0.02479	0.03058	0.01767	0.01132	0.01090	0.00352	0.01315	0.00998	0.00684	0.01424
1	0.11548	0.02481	0.02396	0.02099	0.02687	0.09590	0.01665	0.16479	0.06551	0.11628	0.03588	0.13733	0.03261	0.01786	0.01117	0.00363	0.01082	0.05527	0.00983	0.01437
2	0.10999	0.02031	0.02720	0.12515	0.10094	0.02310	0.02006	0.07349	0.02359	0.09669	0.02464	0.03572	0.02140	0.13383	0.02329	0.00506	0.10492	0.01060	0.00708	0.01297
3	0.11440	0.06639	0.03234	0.10424	0.10381	0.02973	0.02179	0.20867	0.12556	0.04925	0.02575	0.02769	0.01940	0.01204	0.01014	0.00334	0.01138	0.00949	0.00846	0.01613
4	0.02302	0.01854	0.02002	0.07032	0.02533	0.08398	0.01452	0.08504	0.02473	0.03128	0.06652	0.18484	0.03761	0.02680	0.02190	0.22232	0.01041	0.01559	0.00758	0.00966
5	0.02733	0.10409	0.10788	0.02570	0.06262	0.02186	0.08567	0.03370	0.02566	0.11945	0.09346	0.03342	0.02907	0.01159	0.01016	0.00286	0.01113	0.01016	0.00766	0.17649
6	0.07460	0.16779	0.20831	0.02757	0.03869	0.02900	0.11022	0.03861	0.08666	0.08241	0.02393	0.02601	0.01781	0.01075	0.00994	0.00326	0.01343	0.00904	0.00654	0.01546

[dist]
# distance from previous block
# <min> <max>
0	1

[block]
# block no. 4 follows, 12 sequences, length 24
# corresponding to MSA columns:
# 635-658
name=unknown_E
#
# <colnr> <probs for GDERKNQSTAVLIFYWHMCP>
#	G	D	E	R	K	N	Q	S	T	A	V	L	I	F	Y	W	H	M	C	P
0	0.01487	0.01125	0.01387	0.01487	0.01682	0.01076	0.01050	0.02005	0.06628	0.03314	0.17488	0.37314	0.14079	0.02895	0.01330	0.00404	0.00614	0.02578	0.01063	0.00993
1	0.02269	0.01749	0.02569	0.10838	0.15642	0.01776	0.02009	0.02967	0.06343	0.08448	0.11552	0.10291	0.11534	0.01862	0.01204	0.00368	0.00957	0.05407	0.00889	0.01326
2	0.08233	0.25885	0.08265	0.10865	0.03751	0.07380	0.02194	0.10618	0.02763	0.07763	0.02017	0.02276	0.01562	0.01075	0.00896	0.00296	0.01268	0.00770	0.00656	0.01465
3	0.03613	0.02815	0.04463	0.03282	0.04246	0.02838	0.22237	0.24099	0.03747	0.13284	0.02717	0.02927	0.01907	0.01154	0.01173	0.00346	0.01421	0.01126	0.00909	0.01696
4	0.08394	0.01213	0.01482	0.01544	0.01811	0.01149	0.01106	0.02273	0.02256	0.11213	0.05694	0.42593	0.09497	0.02815	0.01269	0.00411	0.00693	0.02488	0.01032	0.01067
5	0.02520	0.02092	0.02400	0.01738	0.02694	0.01719	0.01399	0.09418	0.02655	0.04010	0.02032	0.02310	0.01648	0.00876	0.00846	0.00184	0.00861	0.00692	0.00707	0.59198
6	0.01852	0.00962	0.01389	0.01389	0.01389	0.00962	0.00908	0.01443	0.01443	0.01924	0.02106	0.03840	0.02179	0.11753	0.04439	0.59028	0.00962	0.01035	0.00499	0.00499
7	0.01396	0.00997	0.01342	0.01595	0.01688	0.00944	0.01129	0.01634	0.02154	0.02859	0.05973	0.53337	0.07065	0.03353	0.01410	0.00452	0.00691	0.10069	0.01011	0.00904
8	0.01888	0.01079	0.01285	0.01341	0.01582	0.01001	0.00963	0.02214	0.02305	0.08274	0.05765	0.30334	0.11942	0.02443	0.01149	0.00362	0.00610	0.02133	0.22304	0.01025
9	0.69383	0.02109	0.01603	0.01434	0.02109	0.02446	0.01181	0.03205	0.01856	0.04892	0.01518	0.01771	0.01181	0.01012	0.00675	0.00337	0.00843	0.00590	0.00675	0.01181
10	0.03688	0.02827	0.03015	0.02416	0.03207	0.03168	0.01962	0.36762	0.20351	0.06136	0.03198	0.03080	0.02324	0.01363	0.01097	0.00341	0.01092	0.01062	0.01097	0.01813
11	0.01428	0.00991	0.01236	0.01391	0.01429	0.00952	0.00876	0.01544	0.01893	0.02524	0.05011	0.40084	0.05952	0.26020	0.03005	0.00681	0.00797	0.02512	0.00876	0.00798
12	0.69383	0.02109	0.01603	0.01434	0.02109	0.02446	0.01181	0.03205	0.01856	0.04892	0.01518	0.01771	0.01181	0.01012	0.00675	0.00337	0.00843	0.00590	0.00675	0.01181
13	0.02712	0.02342	0.02465	0.02219	0.02835	0.02712	0.01726	0.05794	0.52909	0.04561	0.04438	0.04068	0.03328	0.01479	0.01109	0.00370	0.00863	0.01233	0.01109	0.01726
14	0.01527	0.01098	0.01281	0.01235	0.01528	0.00992	0.00926	0.01963	0.02779	0.03863	0.33148	0.08353	0.23723	0.02272	0.01215	0.00339	0.00526	0.01948	0.10293	0.00992
15	0.09425	0.01933	0.02313	0.01879	0.02561	0.01912	0.01519	0.11090	0.08059	0.27954	0.14901	0.04401	0.04186	0.01522	0.01102	0.00340	0.00862	0.01243	0.01198	0.01601
16	0.01328	0.00949	0.01265	0.01518	0.01581	0.00886	0.01012	0.01518	0.02088	0.02783	0.06010	0.60969	0.07212	0.03416	0.01392	0.00443	0.00633	0.03100	0.01012	0.00886
17	0.02915	0.62337	0.05714	0.01866	0.02799	0.04314	0.01866	0.03265	0.02215	0.02565	0.01516	0.01749	0.01399	0.00933	0.00700	0.00233	0.01166	0.00583	0.00466	0.01399
18	0.01904	0.01282	0.01680	0.01704	0.02000	0.01250	0.01358	0.02557	0.06522	0.07358	0.24528	0.16159	0.07499	0.02531	0.01346	0.00410	0.00746	0.16941	0.01114	0.01111
19	0.02893	0.02043	0.02315	0.02027	0.02620	0.02230	0.01599	0.08591	0.28919	0.12650	0.04687	0.04533	0.07912	0.02488	0.08862	0.00551	0.01155	0.01283	0.01065	0.01577
20	0.01318	0.01069	0.01170	0.01222	0.01511	0.00921	0.00887	0.01594	0.02441	0.03023	0.13353	0.22012	0.39937	0.02870	0.01312	0.00383	0.00568	0.02460	0.01028	0.00921
21	0.01694	0.01051	0.01358	0.01483	0.01600	0.00985	0.00986	0.01862	0.02067	0.07218	0.05296	0.44186	0.06107	0.16029	0.02279	0.00569	0.00751	0.02594	0.00964	0.00920
22	0.02920	0.01725	0.02406	0.02502	0.09556	0.01695	0.01727	0.07840	0.02873	0.18749	0.11819	0.09381	0.04350	0.02806	0.10005	0.00580	0.01235	0.05398	0.01014	0.01420
23	0.02574	0.02941	0.06434	0.04596	0.05699	0.02757	0.50919	0.03493	0.02574	0.03493	0.02206	0.02941	0.01654	0.00919	0.01287	0.00368	0.01838	0.01287	0.00551	0.01471

[dist]
# distance from previous block
# <min> <max>
0	121

# created by:
# /st0/software/busco_prod/Augustus/scripts/msa2prfl.pl ./align_prep/9516.fa
