[name]
unknown

[dist]
# distance from previous block
# <min> <max>
0	104

[block]
# block no. 0 follows, 12 sequences, length 59
# corresponding to MSA columns:
# 104-162
name=unknown_A
#
# <colnr> <probs for GDERKNQSTAVLIFYWHMCP>
#	G	D	E	R	K	N	Q	S	T	A	V	L	I	F	Y	W	H	M	C	P
0	0.01997	0.01798	0.02960	0.47372	0.06434	0.02183	0.02768	0.02678	0.02248	0.02884	0.02724	0.04831	0.02441	0.01484	0.01175	0.00392	0.01361	0.10510	0.00591	0.01169
1	0.03568	0.02623	0.02861	0.02306	0.03013	0.02870	0.01855	0.41056	0.04504	0.06034	0.03313	0.14572	0.02952	0.01741	0.01152	0.00351	0.01084	0.01416	0.01075	0.01656
2	0.01491	0.01112	0.01385	0.01317	0.01597	0.01007	0.00988	0.01957	0.02963	0.04080	0.45442	0.08626	0.19333	0.02338	0.01287	0.00348	0.00522	0.02039	0.01162	0.01007
3	0.02234	0.14312	0.03771	0.47343	0.06545	0.02810	0.02790	0.02884	0.02187	0.02741	0.01852	0.02670	0.01442	0.01058	0.01010	0.00337	0.01395	0.00890	0.00481	0.01250
4	0.03702	0.04529	0.02920	0.02564	0.03210	0.45862	0.01940	0.04024	0.02920	0.02850	0.01737	0.02027	0.01448	0.01059	0.00947	0.00256	0.01729	0.00691	0.00579	0.15007
5	0.04353	0.01872	0.02475	0.01873	0.02743	0.01572	0.01539	0.04788	0.02945	0.44965	0.03817	0.03414	0.02477	0.01238	0.01037	0.00301	0.00903	0.01004	0.01205	0.15477
6	0.01586	0.01380	0.01663	0.01572	0.01840	0.01457	0.01247	0.01905	0.02406	0.03109	0.14885	0.08633	0.33571	0.02529	0.01774	0.00397	0.12696	0.05424	0.00929	0.00998
7	0.02434	0.02317	0.03983	0.08291	0.22018	0.02361	0.13754	0.03466	0.09655	0.03572	0.03181	0.04931	0.02850	0.01458	0.01220	0.00380	0.01311	0.10622	0.00715	0.01483
8	0.02906	0.02091	0.03357	0.04575	0.32372	0.02022	0.02480	0.03409	0.02544	0.14986	0.03363	0.14861	0.03067	0.01556	0.01147	0.00351	0.01078	0.01435	0.00817	0.01583
9	0.01612	0.01234	0.01511	0.01662	0.01838	0.01260	0.01158	0.02394	0.12499	0.03148	0.05688	0.49312	0.06416	0.03019	0.01334	0.00428	0.00680	0.02717	0.01032	0.01058
10	0.55724	0.02156	0.01779	0.01595	0.02258	0.02501	0.01292	0.03735	0.12315	0.04824	0.02116	0.02242	0.01621	0.01108	0.00764	0.00344	0.00847	0.00722	0.00764	0.01292
11	0.02120	0.01506	0.01873	0.01716	0.01978	0.01656	0.01270	0.11901	0.02370	0.03251	0.02938	0.04720	0.02856	0.22342	0.26668	0.05993	0.01874	0.01238	0.00703	0.01025
12	0.02719	0.03025	0.10430	0.14062	0.04147	0.07313	0.02380	0.07911	0.27661	0.04040	0.03208	0.03296	0.02398	0.01294	0.01083	0.00354	0.01209	0.01055	0.00840	0.01574
13	0.01395	0.01063	0.01283	0.01324	0.01563	0.00951	0.00956	0.01735	0.02594	0.03431	0.25724	0.24248	0.24279	0.02753	0.01318	0.00380	0.00561	0.02410	0.01082	0.00951
14	0.02228	0.01905	0.03013	0.15018	0.26563	0.01981	0.02390	0.02800	0.02353	0.03408	0.03307	0.08021	0.06231	0.01375	0.01056	0.00330	0.01060	0.01241	0.14366	0.01356
15	0.02829	0.36691	0.13479	0.02668	0.03737	0.03645	0.12267	0.07126	0.02532	0.03233	0.01813	0.02148	0.01485	0.00976	0.00903	0.00286	0.01376	0.00793	0.00532	0.01483
16	0.01759	0.01169	0.01486	0.01375	0.01693	0.01056	0.01042	0.02230	0.02998	0.08047	0.43995	0.08162	0.16361	0.02243	0.01272	0.00346	0.00551	0.01955	0.01183	0.01075
17	0.02955	0.08301	0.21292	0.07485	0.11418	0.02793	0.02907	0.13500	0.07252	0.08027	0.02455	0.02681	0.01798	0.01140	0.01042	0.00333	0.01320	0.00918	0.00725	0.01659
18	0.02747	0.06880	0.02969	0.03110	0.16534	0.02435	0.01959	0.10690	0.14319	0.04335	0.03053	0.03302	0.02381	0.01216	0.00970	0.00308	0.00955	0.01014	0.19298	0.01523
19	0.02710	0.01751	0.02157	0.01639	0.02433	0.01400	0.01308	0.03186	0.02625	0.15515	0.13201	0.03795	0.03637	0.01221	0.00971	0.00238	0.00775	0.01020	0.00919	0.39498
20	0.03574	0.02916	0.11394	0.03883	0.21344	0.02435	0.02667	0.13333	0.03168	0.20093	0.02835	0.02932	0.01997	0.01163	0.01080	0.00332	0.01212	0.00987	0.00883	0.01774
21	0.08104	0.53366	0.09135	0.01924	0.02887	0.04034	0.01973	0.03274	0.02194	0.02815	0.01549	0.01792	0.01381	0.00947	0.00723	0.00250	0.01174	0.00600	0.00482	0.01398
22	0.01300	0.01062	0.01148	0.01217	0.01502	0.00911	0.00878	0.01552	0.02377	0.02901	0.09673	0.24248	0.41568	0.02940	0.01317	0.00389	0.00574	0.02519	0.01012	0.00911
23	0.03270	0.02793	0.17312	0.02210	0.03093	0.01821	0.02181	0.07036	0.02791	0.25643	0.03918	0.16287	0.03300	0.01730	0.01146	0.00363	0.01071	0.01463	0.01006	0.01566
24	0.08859	0.03365	0.06576	0.06911	0.06979	0.17616	0.02197	0.14269	0.03277	0.15791	0.02523	0.02626	0.01799	0.01187	0.01026	0.00321	0.01376	0.00887	0.00847	0.01568
25	0.04892	0.01856	0.02530	0.01940	0.02783	0.01603	0.01603	0.05314	0.03121	0.55634	0.04302	0.03711	0.02699	0.01350	0.01096	0.00337	0.00928	0.01096	0.01350	0.01856
26	0.03088	0.24675	0.12258	0.02948	0.10742	0.03424	0.02452	0.16378	0.06895	0.04151	0.02177	0.02379	0.01712	0.01096	0.00941	0.00299	0.01238	0.00829	0.00692	0.01626
27	0.02374	0.02260	0.03840	0.33234	0.30871	0.02505	0.03185	0.03062	0.02329	0.03169	0.01994	0.02804	0.01588	0.01032	0.01085	0.00344	0.01375	0.00970	0.00512	0.01466
28	0.01320	0.00981	0.01232	0.01433	0.01559	0.00893	0.00975	0.01528	0.02169	0.02817	0.07041	0.50628	0.16886	0.03282	0.01371	0.00428	0.00616	0.02936	0.01012	0.00893
29	0.01359	0.01107	0.01202	0.01178	0.01516	0.00950	0.00884	0.01700	0.02651	0.03338	0.22957	0.09847	0.42280	0.02615	0.01288	0.00361	0.00542	0.02211	0.01064	0.00950
30	0.01586	0.01057	0.01189	0.01189	0.01189	0.01057	0.00661	0.01586	0.01586	0.02114	0.03436	0.07135	0.03964	0.61681	0.05550	0.01057	0.01057	0.01586	0.00661	0.00661
31	0.02261	0.01938	0.02261	0.01615	0.02584	0.01453	0.01292	0.02745	0.02261	0.03553	0.01938	0.02261	0.01615	0.00807	0.00807	0.00161	0.00807	0.00646	0.00646	0.68346
32	0.69383	0.02109	0.01603	0.01434	0.02109	0.02446	0.01181	0.03205	0.01856	0.04892	0.01518	0.01771	0.01181	0.01012	0.00675	0.00337	0.00843	0.00590	0.00675	0.01181
33	0.01543	0.01115	0.01457	0.01372	0.01629	0.01029	0.01029	0.02058	0.03086	0.04372	0.54304	0.08145	0.10288	0.02229	0.01286	0.00343	0.00514	0.01972	0.01200	0.01029
34	0.69383	0.02109	0.01603	0.01434	0.02109	0.02446	0.01181	0.03205	0.01856	0.04892	0.01518	0.01771	0.01181	0.01012	0.00675	0.00337	0.00843	0.00590	0.00675	0.01181
35	0.04796	0.02010	0.02626	0.02013	0.02860	0.01832	0.01663	0.11236	0.03379	0.49347	0.04085	0.03570	0.02590	0.01344	0.01096	0.00336	0.00963	0.01082	0.01316	0.01855
36	0.01663	0.01105	0.01437	0.01437	0.01587	0.01203	0.01035	0.01963	0.01813	0.02724	0.03201	0.05071	0.03101	0.22375	0.30647	0.01243	0.01883	0.01259	0.14363	0.00891
37	0.63672	0.02409	0.06228	0.01576	0.02330	0.02453	0.01423	0.03226	0.01894	0.04770	0.01555	0.01816	0.01198	0.01014	0.00705	0.00338	0.00909	0.00609	0.00657	0.01217
38	0.03160	0.02983	0.05254	0.03817	0.04834	0.02990	0.32696	0.21306	0.03526	0.04753	0.02360	0.02821	0.01729	0.01065	0.01214	0.00353	0.01600	0.01173	0.00753	0.01614
39	0.04892	0.01856	0.02530	0.01940	0.02783	0.01603	0.01603	0.05314	0.03121	0.55634	0.04302	0.03711	0.02699	0.01350	0.01096	0.00337	0.00928	0.01096	0.01350	0.01856
40	0.01953	0.01478	0.01902	0.02051	0.02377	0.01554	0.01751	0.02983	0.12835	0.03529	0.05500	0.10613	0.05671	0.02698	0.01425	0.00475	0.00975	0.38053	0.01026	0.01152
41	0.08279	0.25372	0.14821	0.06330	0.06860	0.03267	0.02442	0.03568	0.09015	0.03298	0.02058	0.02361	0.01664	0.01116	0.01075	0.00315	0.05327	0.00794	0.00576	0.01463
42	0.02088	0.01261	0.01481	0.01339	0.01778	0.01086	0.01035	0.02450	0.02759	0.14080	0.19973	0.08544	0.33317	0.02345	0.01249	0.00356	0.00620	0.01976	0.01126	0.01138
43	0.01372	0.00983	0.01305	0.01488	0.01591	0.00915	0.01016	0.01629	0.02292	0.03109	0.15903	0.50147	0.07842	0.03173	0.01370	0.00422	0.00608	0.02869	0.01051	0.00915
44	0.02588	0.02719	0.07750	0.15779	0.08694	0.02684	0.15853	0.07181	0.17370	0.03878	0.02799	0.03178	0.02100	0.01159	0.01145	0.00360	0.01369	0.01123	0.00729	0.01543
45	0.02660	0.03103	0.15483	0.20103	0.15229	0.02541	0.09904	0.07153	0.02624	0.07440	0.02232	0.02775	0.01644	0.01067	0.01104	0.00347	0.01453	0.00989	0.00612	0.01535
46	0.02169	0.02004	0.03412	0.32544	0.16598	0.02241	0.05883	0.02844	0.02338	0.03097	0.02765	0.04788	0.02513	0.01447	0.01186	0.00383	0.01352	0.10531	0.00607	0.01297
47	0.58654	0.07264	0.02167	0.01871	0.06187	0.02616	0.01404	0.03221	0.01934	0.04593	0.01559	0.01840	0.01241	0.01002	0.00708	0.00327	0.00905	0.00619	0.00647	0.01241
48	0.01458	0.01054	0.01460	0.01604	0.01720	0.01090	0.01153	0.01722	0.01957	0.02671	0.04705	0.33516	0.05320	0.09990	0.21137	0.00953	0.01486	0.05265	0.00833	0.00905
49	0.01659	0.01368	0.01800	0.13174	0.02875	0.01403	0.01431	0.02332	0.06278	0.03652	0.27633	0.07454	0.20627	0.02095	0.01234	0.00356	0.00742	0.01808	0.00993	0.01085
50	0.06827	0.22508	0.33596	0.02726	0.04033	0.03086	0.06523	0.03382	0.02266	0.03279	0.01811	0.02144	0.01393	0.00995	0.00928	0.00312	0.01442	0.00758	0.00483	0.01509
51	0.03172	0.01909	0.02354	0.01728	0.02653	0.01505	0.01400	0.03635	0.02559	0.21591	0.02757	0.02763	0.01990	0.00995	0.00908	0.00222	0.00849	0.00802	0.00890	0.45318
52	0.01325	0.00961	0.01253	0.01486	0.01573	0.00888	0.00998	0.01522	0.02119	0.02796	0.06407	0.56987	0.10937	0.03364	0.01384	0.00437	0.00626	0.03037	0.01012	0.00888
53	0.02122	0.01993	0.03226	0.29081	0.22651	0.02173	0.02687	0.02729	0.02347	0.03087	0.03843	0.04389	0.12403	0.01391	0.01127	0.00351	0.01214	0.01243	0.00612	0.01330
54	0.02598	0.37674	0.27602	0.02406	0.03634	0.03539	0.02807	0.03347	0.02253	0.02951	0.01708	0.01990	0.01391	0.00978	0.00846	0.00282	0.01360	0.00680	0.00464	0.01492
55	0.01558	0.01168	0.01752	0.01752	0.01947	0.01363	0.01363	0.01947	0.01752	0.02531	0.02921	0.04283	0.02726	0.08178	0.57360	0.01752	0.02921	0.01168	0.00584	0.00974
56	0.01394	0.01066	0.01280	0.01317	0.01561	0.00951	0.00953	0.01736	0.02602	0.03434	0.25816	0.23324	0.25143	0.02741	0.01316	0.00379	0.00560	0.02395	0.01082	0.00951
57	0.02924	0.02297	0.04104	0.11907	0.14884	0.02321	0.16304	0.03548	0.02518	0.14691	0.02829	0.07436	0.02277	0.01308	0.01343	0.00365	0.05444	0.01250	0.00744	0.01506
58	0.04474	0.06892	0.03039	0.02138	0.02999	0.02446	0.01791	0.21606	0.03770	0.34129	0.03486	0.03170	0.02298	0.01303	0.01064	0.00326	0.01043	0.01016	0.01190	0.01820

[dist]
# distance from previous block
# <min> <max>
0	1

[block]
# block no. 1 follows, 12 sequences, length 38
# corresponding to MSA columns:
# 164-199,206,207
name=unknown_B
#
# <colnr> <probs for GDERKNQSTAVLIFYWHMCP>
#	G	D	E	R	K	N	Q	S	T	A	V	L	I	F	Y	W	H	M	C	P
0	0.28162	0.30460	0.03702	0.01802	0.02584	0.07584	0.01614	0.03522	0.06071	0.03609	0.01756	0.01954	0.01466	0.01020	0.00744	0.00287	0.01082	0.00645	0.00602	0.01331
1	0.02306	0.02190	0.03716	0.38862	0.25780	0.02487	0.03151	0.03002	0.02297	0.03085	0.01982	0.02827	0.01559	0.01044	0.01086	0.00348	0.01392	0.00970	0.00506	0.01410
2	0.02261	0.01938	0.02261	0.01615	0.02584	0.01453	0.01292	0.02745	0.02261	0.03553	0.01938	0.02261	0.01615	0.00807	0.00807	0.00161	0.00807	0.00646	0.00646	0.68346
3	0.01586	0.01057	0.01189	0.01189	0.01189	0.01057	0.00661	0.01586	0.01586	0.02114	0.03436	0.07135	0.03964	0.61681	0.05550	0.01057	0.01057	0.01586	0.00661	0.00661
4	0.01495	0.01060	0.01418	0.01644	0.01761	0.01024	0.01218	0.01767	0.02173	0.02870	0.05663	0.39449	0.06566	0.09390	0.01865	0.00526	0.00798	0.17441	0.00973	0.00901
5	0.69383	0.02109	0.01603	0.01434	0.02109	0.02446	0.01181	0.03205	0.01856	0.04892	0.01518	0.01771	0.01181	0.01012	0.00675	0.00337	0.00843	0.00590	0.00675	0.01181
6	0.01387	0.01108	0.01241	0.01208	0.01533	0.00962	0.00906	0.01755	0.02717	0.03496	0.27730	0.09588	0.37409	0.02556	0.01288	0.00358	0.00538	0.02174	0.01085	0.00962
7	0.02033	0.01016	0.01016	0.01016	0.01270	0.01016	0.00762	0.02541	0.02287	0.04065	0.03557	0.04065	0.02795	0.01270	0.00762	0.00254	0.00508	0.01016	0.67734	0.01016
8	0.01328	0.00949	0.01265	0.01518	0.01581	0.00886	0.01012	0.01518	0.02088	0.02783	0.06010	0.60969	0.07212	0.03416	0.01392	0.00443	0.00633	0.03100	0.01012	0.00886
9	0.69383	0.02109	0.01603	0.01434	0.02109	0.02446	0.01181	0.03205	0.01856	0.04892	0.01518	0.01771	0.01181	0.01012	0.00675	0.00337	0.00843	0.00590	0.00675	0.01181
10	0.01454	0.01039	0.01409	0.01662	0.01780	0.00994	0.01230	0.01735	0.02211	0.02924	0.05940	0.46711	0.06937	0.03298	0.01425	0.00460	0.00741	0.16118	0.01010	0.00920
11	0.02574	0.02941	0.06434	0.04596	0.05699	0.02757	0.50919	0.03493	0.02574	0.03493	0.02206	0.02941	0.01654	0.00919	0.01287	0.00368	0.01838	0.01287	0.00551	0.01471
12	0.01324	0.00967	0.01246	0.01470	0.01569	0.00890	0.00991	0.01524	0.02134	0.02802	0.06603	0.55025	0.12773	0.03339	0.01380	0.00434	0.00623	0.03006	0.01012	0.00890
13	0.01328	0.00949	0.01265	0.01518	0.01581	0.00886	0.01012	0.01518	0.02088	0.02783	0.06010	0.60969	0.07212	0.03416	0.01392	0.00443	0.00633	0.03100	0.01012	0.00886
14	0.01586	0.01057	0.01189	0.01189	0.01189	0.01057	0.00661	0.01586	0.01586	0.02114	0.03436	0.07135	0.03964	0.61681	0.05550	0.01057	0.01057	0.01586	0.00661	0.00661
15	0.02554	0.34184	0.30698	0.02482	0.03752	0.03429	0.02940	0.03358	0.02258	0.03006	0.01735	0.02024	0.01390	0.00984	0.00867	0.00289	0.01387	0.00694	0.00463	0.01505
16	0.69383	0.02109	0.01603	0.01434	0.02109	0.02446	0.01181	0.03205	0.01856	0.04892	0.01518	0.01771	0.01181	0.01012	0.00675	0.00337	0.00843	0.00590	0.00675	0.01181
17	0.04145	0.03054	0.03272	0.02509	0.03381	0.03381	0.02072	0.51243	0.05127	0.06872	0.02618	0.02618	0.01854	0.01309	0.01091	0.00327	0.01200	0.00982	0.01091	0.01854
18	0.02309	0.09954	0.45550	0.02900	0.04338	0.02701	0.03578	0.03713	0.08255	0.03510	0.02212	0.02464	0.01612	0.01080	0.01017	0.00339	0.01486	0.00838	0.00537	0.01607
19	0.02187	0.05640	0.56031	0.03108	0.04719	0.02532	0.04029	0.03453	0.02302	0.03453	0.01957	0.02302	0.01381	0.01036	0.01036	0.00345	0.01611	0.00806	0.00460	0.01611
20	0.04123	0.03709	0.03217	0.02600	0.03378	0.19854	0.02083	0.36919	0.04504	0.05588	0.02333	0.02419	0.01717	0.01252	0.01058	0.00313	0.01434	0.00896	0.00929	0.01674
21	0.69383	0.02109	0.01603	0.01434	0.02109	0.02446	0.01181	0.03205	0.01856	0.04892	0.01518	0.01771	0.01181	0.01012	0.00675	0.00337	0.00843	0.00590	0.00675	0.01181
22	0.69383	0.02109	0.01603	0.01434	0.02109	0.02446	0.01181	0.03205	0.01856	0.04892	0.01518	0.01771	0.01181	0.01012	0.00675	0.00337	0.00843	0.00590	0.00675	0.01181
23	0.01746	0.01074	0.01275	0.01225	0.01481	0.01024	0.00919	0.02257	0.02756	0.04245	0.33315	0.06457	0.07189	0.01833	0.01069	0.00306	0.00512	0.01577	0.28719	0.01024
24	0.02227	0.05357	0.50834	0.03264	0.04822	0.02556	0.08942	0.03457	0.02330	0.03457	0.01983	0.02369	0.01410	0.01024	0.01062	0.00348	0.01635	0.00856	0.00470	0.01597
25	0.69383	0.02109	0.01603	0.01434	0.02109	0.02446	0.01181	0.03205	0.01856	0.04892	0.01518	0.01771	0.01181	0.01012	0.00675	0.00337	0.00843	0.00590	0.00675	0.01181
26	0.01373	0.00981	0.01317	0.01570	0.01652	0.00924	0.01090	0.01596	0.02132	0.02834	0.05985	0.55869	0.07113	0.03374	0.01404	0.00449	0.00672	0.07757	0.01011	0.00898
27	0.63434	0.02085	0.01688	0.01481	0.02171	0.02368	0.01220	0.03400	0.01972	0.09573	0.01775	0.01950	0.01321	0.01043	0.00714	0.00337	0.00851	0.00637	0.00737	0.01243
28	0.01373	0.01041	0.01267	0.01352	0.01560	0.00934	0.00960	0.01676	0.02475	0.03255	0.20364	0.31379	0.22614	0.02899	0.01332	0.00393	0.00576	0.02554	0.01062	0.00934
29	0.01342	0.01107	0.01179	0.01161	0.01506	0.00943	0.00871	0.01668	0.02612	0.03245	0.20130	0.10000	0.45165	0.02650	0.01288	0.00363	0.00544	0.02232	0.01052	0.00943
30	0.02261	0.01938	0.02261	0.01615	0.02584	0.01453	0.01292	0.02745	0.02261	0.03553	0.01938	0.02261	0.01615	0.00807	0.00807	0.00161	0.00807	0.00646	0.00646	0.68346
31	0.69383	0.02109	0.01603	0.01434	0.02109	0.02446	0.01181	0.03205	0.01856	0.04892	0.01518	0.01771	0.01181	0.01012	0.00675	0.00337	0.00843	0.00590	0.00675	0.01181
32	0.03243	0.02210	0.02972	0.12269	0.03850	0.02362	0.05729	0.11569	0.16781	0.16962	0.07473	0.03794	0.03045	0.01370	0.01128	0.00352	0.01081	0.01178	0.01020	0.01612
33	0.01513	0.01113	0.01416	0.01340	0.01611	0.01016	0.01005	0.02000	0.03016	0.04204	0.49210	0.08421	0.15487	0.02292	0.01286	0.00346	0.00519	0.02011	0.01178	0.01016
34	0.13108	0.11357	0.02918	0.08736	0.03266	0.02879	0.01815	0.04651	0.31250	0.04101	0.03243	0.03220	0.02479	0.01277	0.00977	0.00343	0.00975	0.01003	0.00870	0.01530
35	0.02496	0.02569	0.04717	0.13250	0.20657	0.02769	0.19277	0.03168	0.02307	0.03235	0.01964	0.02751	0.01602	0.01156	0.01644	0.00375	0.13009	0.01075	0.00523	0.01456
36	0.01586	0.01057	0.01189	0.01189	0.01189	0.01057	0.00661	0.01586	0.01586	0.02114	0.03436	0.07135	0.03964	0.61681	0.05550	0.01057	0.01057	0.01586	0.00661	0.00661
37	0.02736	0.39134	0.04586	0.10816	0.03538	0.03651	0.02014	0.03774	0.13902	0.03060	0.02255	0.02463	0.01853	0.01083	0.00855	0.00285	0.01141	0.00793	0.00618	0.01445

[dist]
# distance from previous block
# <min> <max>
0	1

[block]
# block no. 2 follows, 12 sequences, length 24
# corresponding to MSA columns:
# 209-232
name=unknown_C
#
# <colnr> <probs for GDERKNQSTAVLIFYWHMCP>
#	G	D	E	R	K	N	Q	S	T	A	V	L	I	F	Y	W	H	M	C	P
0	0.32511	0.02260	0.02348	0.10212	0.03288	0.02569	0.01725	0.12068	0.10146	0.09450	0.02454	0.02599	0.01793	0.01175	0.00910	0.00344	0.01005	0.00855	0.00844	0.01444
1	0.02230	0.19580	0.12069	0.02910	0.10685	0.02541	0.06570	0.02768	0.02260	0.03006	0.03165	0.21041	0.03329	0.01748	0.01083	0.00343	0.01145	0.01545	0.00659	0.01323
2	0.56588	0.13703	0.02394	0.01517	0.02241	0.02806	0.01313	0.03217	0.01925	0.04444	0.01518	0.01767	0.01223	0.00997	0.00680	0.00317	0.00906	0.00589	0.00635	0.01223
3	0.01328	0.00949	0.01265	0.01518	0.01581	0.00886	0.01012	0.01518	0.02088	0.02783	0.06010	0.60969	0.07212	0.03416	0.01392	0.00443	0.00633	0.03100	0.01012	0.00886
4	0.01855	0.01571	0.01783	0.01414	0.02108	0.01228	0.01106	0.02269	0.02415	0.03416	0.09945	0.05681	0.20880	0.01622	0.01020	0.00250	0.00691	0.01347	0.00825	0.38574
5	0.01543	0.01115	0.01457	0.01372	0.01629	0.01029	0.01029	0.02058	0.03086	0.04372	0.54304	0.08145	0.10288	0.02229	0.01286	0.00343	0.00514	0.01972	0.01200	0.01029
6	0.02261	0.01938	0.02261	0.01615	0.02584	0.01453	0.01292	0.02745	0.02261	0.03553	0.01938	0.02261	0.01615	0.00807	0.00807	0.00161	0.00807	0.00646	0.00646	0.68346
7	0.02385	0.02385	0.03340	0.02863	0.02863	0.03340	0.02385	0.02624	0.01670	0.02624	0.01431	0.02385	0.01431	0.01908	0.03578	0.00477	0.59685	0.00954	0.00477	0.01193
8	0.01289	0.01105	0.01105	0.01105	0.01473	0.00920	0.00828	0.01565	0.02485	0.02946	0.11046	0.10493	0.54437	0.02761	0.01289	0.00368	0.00552	0.02301	0.01013	0.00920
9	0.69383	0.02109	0.01603	0.01434	0.02109	0.02446	0.01181	0.03205	0.01856	0.04892	0.01518	0.01771	0.01181	0.01012	0.00675	0.00337	0.00843	0.00590	0.00675	0.01181
10	0.01894	0.00947	0.01420	0.01420	0.01420	0.00947	0.00947	0.01420	0.01420	0.01894	0.01894	0.03314	0.01894	0.03788	0.04261	0.68277	0.00947	0.00947	0.00473	0.00473
11	0.04073	0.05197	0.03090	0.02809	0.03371	0.57303	0.02107	0.04354	0.03090	0.02669	0.01685	0.01966	0.01404	0.01124	0.00983	0.00281	0.01966	0.00702	0.00562	0.01264
12	0.02718	0.16911	0.03080	0.02064	0.02618	0.14690	0.01656	0.03798	0.16456	0.03368	0.08770	0.12431	0.03806	0.01656	0.01047	0.00326	0.01105	0.01334	0.00830	0.01339
13	0.01745	0.01553	0.01548	0.01641	0.01861	0.07143	0.01161	0.02210	0.06324	0.03059	0.09949	0.38591	0.13428	0.02827	0.01302	0.00401	0.00774	0.02489	0.00986	0.01009
14	0.02845	0.13761	0.14310	0.02389	0.03258	0.10974	0.06515	0.03413	0.02566	0.10684	0.03854	0.07978	0.09931	0.01500	0.01064	0.00327	0.01279	0.01228	0.00739	0.01386
15	0.02107	0.02207	0.07521	0.02237	0.02961	0.01816	0.10057	0.03091	0.10389	0.03672	0.13272	0.04858	0.07667	0.06978	0.01523	0.00379	0.01015	0.01328	0.00821	0.16103
16	0.02584	0.02412	0.03750	0.15247	0.33884	0.02588	0.02905	0.03822	0.14346	0.03656	0.02594	0.03061	0.02055	0.01113	0.01089	0.00342	0.01222	0.01033	0.00664	0.01632
17	0.02361	0.02310	0.03960	0.28778	0.21623	0.02645	0.07780	0.03009	0.02239	0.03077	0.01925	0.02767	0.01557	0.01157	0.01475	0.00368	0.10065	0.00999	0.00508	0.01397
18	0.12508	0.13577	0.13176	0.02341	0.03377	0.02733	0.06918	0.10727	0.02682	0.04072	0.01939	0.02230	0.01512	0.00991	0.00903	0.00280	0.01187	0.00772	0.00645	0.17430
19	0.10357	0.02835	0.02964	0.02351	0.03159	0.03170	0.01923	0.38459	0.13238	0.06268	0.02830	0.02790	0.02048	0.01310	0.01053	0.00336	0.01105	0.00987	0.01053	0.01765
20	0.25065	0.06473	0.02417	0.07428	0.02931	0.02313	0.01594	0.03730	0.10498	0.11493	0.02627	0.02850	0.01997	0.01899	0.06987	0.00477	0.01165	0.00873	0.00798	0.06385
21	0.01328	0.00949	0.01265	0.01518	0.01581	0.00886	0.01012	0.01518	0.02088	0.02783	0.06010	0.60969	0.07212	0.03416	0.01392	0.00443	0.00633	0.03100	0.01012	0.00886
22	0.01431	0.01042	0.01370	0.01596	0.01739	0.00981	0.01178	0.01708	0.02236	0.02920	0.06495	0.43385	0.12082	0.03245	0.01409	0.00450	0.00716	0.14088	0.01010	0.00919
23	0.03414	0.20875	0.04051	0.02390	0.03202	0.07256	0.06293	0.19324	0.03312	0.08969	0.02365	0.02615	0.01837	0.01892	0.07063	0.00454	0.01465	0.00898	0.00782	0.01542

[dist]
# distance from previous block
# <min> <max>
1	9

[block]
# block no. 3 follows, 12 sequences, length 14
# corresponding to MSA columns:
# 242-251,257-260
name=unknown_D
#
# <colnr> <probs for GDERKNQSTAVLIFYWHMCP>
#	G	D	E	R	K	N	Q	S	T	A	V	L	I	F	Y	W	H	M	C	P
0	0.01949	0.01471	0.01823	0.01617	0.02068	0.01357	0.01283	0.06634	0.03021	0.04270	0.32140	0.07117	0.07231	0.01985	0.01208	0.00330	0.00707	0.08441	0.01052	0.14297
1	0.35201	0.08416	0.10272	0.01778	0.02622	0.02353	0.01704	0.03262	0.02205	0.08163	0.06573	0.02617	0.02208	0.01123	0.00831	0.00312	0.00963	0.00790	0.00718	0.07889
2	0.21215	0.31743	0.04012	0.01904	0.02752	0.03584	0.01730	0.14806	0.02819	0.04233	0.01782	0.01964	0.01450	0.01045	0.00787	0.00284	0.01087	0.00681	0.00673	0.01450
3	0.02297	0.14742	0.16618	0.30297	0.05780	0.02845	0.06697	0.03093	0.02246	0.02956	0.01880	0.02538	0.01441	0.01033	0.01016	0.00334	0.01464	0.00879	0.00480	0.01364
4	0.02059	0.01938	0.03270	0.59060	0.07510	0.02422	0.03028	0.02786	0.02180	0.02786	0.01938	0.02907	0.01453	0.01090	0.01090	0.00363	0.01453	0.00969	0.00484	0.01211
5	0.01501	0.01082	0.01420	0.01400	0.01620	0.01001	0.01026	0.01952	0.02891	0.04061	0.44835	0.18501	0.09685	0.02462	0.01307	0.00363	0.00538	0.02193	0.01163	0.01001
6	0.01558	0.01168	0.01752	0.01752	0.01947	0.01363	0.01363	0.01947	0.01752	0.02531	0.02921	0.04283	0.02726	0.08178	0.57360	0.01752	0.02921	0.01168	0.00584	0.00974
7	0.01581	0.01077	0.01288	0.01288	0.01323	0.01111	0.00784	0.01649	0.01615	0.02188	0.03345	0.06633	0.03746	0.52260	0.14673	0.01180	0.01385	0.01512	0.00647	0.00716
8	0.01543	0.01115	0.01457	0.01372	0.01629	0.01029	0.01029	0.02058	0.03086	0.04372	0.54304	0.08145	0.10288	0.02229	0.01286	0.00343	0.00514	0.01972	0.01200	0.01029
9	0.02385	0.02385	0.03340	0.02863	0.02863	0.03340	0.02385	0.02624	0.01670	0.02624	0.01431	0.02385	0.01431	0.01908	0.03578	0.00477	0.59685	0.00954	0.00477	0.01193
10	0.04145	0.03054	0.03272	0.02509	0.03381	0.03381	0.02072	0.51243	0.05127	0.06872	0.02618	0.02618	0.01854	0.01309	0.01091	0.00327	0.01200	0.00982	0.01091	0.01854
11	0.01561	0.01156	0.01690	0.01690	0.01863	0.01329	0.01285	0.01907	0.01734	0.02485	0.02978	0.04600	0.02863	0.14125	0.51601	0.01675	0.02713	0.01215	0.00593	0.00939
12	0.02421	0.01993	0.03198	0.44647	0.06318	0.02463	0.02777	0.03044	0.02212	0.08637	0.02128	0.02922	0.01589	0.01236	0.01448	0.00377	0.09750	0.00981	0.00580	0.01280
13	0.04814	0.01981	0.02608	0.01999	0.02846	0.01788	0.01652	0.10103	0.03330	0.50549	0.04126	0.03597	0.02611	0.01345	0.01096	0.00336	0.00956	0.01085	0.01323	0.01855

[dist]
# distance from previous block
# <min> <max>
0	1

[block]
# block no. 4 follows, 12 sequences, length 19
# corresponding to MSA columns:
# 262-280
name=unknown_E
#
# <colnr> <probs for GDERKNQSTAVLIFYWHMCP>
#	G	D	E	R	K	N	Q	S	T	A	V	L	I	F	Y	W	H	M	C	P
0	0.02367	0.01975	0.02136	0.01976	0.02446	0.02228	0.01491	0.04642	0.38643	0.04123	0.08580	0.10239	0.04341	0.07882	0.01605	0.00445	0.00832	0.01511	0.01062	0.01478
1	0.02738	0.01923	0.02310	0.01674	0.02620	0.01481	0.01348	0.03211	0.02417	0.12993	0.02366	0.02524	0.01811	0.00906	0.00860	0.00193	0.00829	0.00728	0.00774	0.56295
2	0.03504	0.13344	0.07846	0.02425	0.03291	0.08578	0.02137	0.26254	0.13061	0.05029	0.02624	0.02651	0.01968	0.01237	0.01013	0.00316	0.01240	0.00919	0.00886	0.01676
3	0.02509	0.14028	0.19717	0.02545	0.07526	0.02381	0.02416	0.03223	0.02392	0.06651	0.05506	0.02699	0.02157	0.01043	0.00931	0.00268	0.01150	0.00827	0.00628	0.21402
4	0.03383	0.03597	0.20231	0.03454	0.13115	0.07569	0.06398	0.04137	0.02701	0.20594	0.02739	0.02853	0.01901	0.01127	0.01077	0.00334	0.01380	0.00957	0.00784	0.01669
5	0.04073	0.05197	0.03090	0.02809	0.03371	0.57303	0.02107	0.04354	0.03090	0.02669	0.01685	0.01966	0.01404	0.01124	0.00983	0.00281	0.01966	0.00702	0.00562	0.01264
6	0.03170	0.02993	0.11632	0.04827	0.32021	0.02538	0.02995	0.10391	0.02927	0.12187	0.02470	0.02787	0.01846	0.01088	0.01077	0.00330	0.01271	0.00968	0.00732	0.01748
7	0.02767	0.50782	0.15968	0.02119	0.03190	0.03951	0.02306	0.03303	0.02233	0.02746	0.01606	0.01862	0.01396	0.00954	0.00768	0.00256	0.01257	0.00628	0.00465	0.01442
8	0.01894	0.00947	0.01420	0.01420	0.01420	0.00947	0.00947	0.01420	0.01420	0.01894	0.01894	0.03314	0.01894	0.03788	0.04261	0.68277	0.00947	0.00947	0.00473	0.00473
9	0.01497	0.01113	0.01394	0.01323	0.01601	0.01009	0.00992	0.01968	0.02977	0.04114	0.46463	0.08570	0.18290	0.02326	0.01286	0.00348	0.00521	0.02032	0.01166	0.01009
10	0.01328	0.00949	0.01265	0.01518	0.01581	0.00886	0.01012	0.01518	0.02088	0.02783	0.06010	0.60969	0.07212	0.03416	0.01392	0.00443	0.00633	0.03100	0.01012	0.00886
11	0.04640	0.02260	0.02780	0.02132	0.02985	0.02202	0.01761	0.20795	0.03797	0.39198	0.03734	0.03343	0.02414	0.01336	0.01095	0.00334	0.01019	0.01058	0.01262	0.01855
12	0.02959	0.02860	0.02579	0.02326	0.02932	0.12607	0.01795	0.05533	0.43879	0.04218	0.03939	0.03687	0.02980	0.01415	0.01087	0.00354	0.01063	0.01137	0.01010	0.01642
13	0.09615	0.02010	0.02047	0.01777	0.02329	0.02235	0.01407	0.14878	0.18584	0.04952	0.03404	0.03497	0.02578	0.01318	0.00937	0.00315	0.00812	0.01032	0.24828	0.01447
14	0.02868	0.24575	0.17364	0.02728	0.03750	0.03421	0.08785	0.11976	0.02759	0.03686	0.01903	0.02254	0.01513	0.01116	0.01197	0.00318	0.06841	0.00835	0.00590	0.01523
15	0.01558	0.01168	0.01752	0.01752	0.01947	0.01363	0.01363	0.01947	0.01752	0.02531	0.02921	0.04283	0.02726	0.08178	0.57360	0.01752	0.02921	0.01168	0.00584	0.00974
16	0.62791	0.02083	0.01697	0.01486	0.02178	0.02360	0.01224	0.03421	0.01985	0.10078	0.01803	0.01970	0.01336	0.01047	0.00718	0.00337	0.00852	0.00642	0.00744	0.01250
17	0.44469	0.02351	0.06830	0.01684	0.02389	0.02288	0.01506	0.07683	0.02438	0.04855	0.11233	0.03058	0.02916	0.01264	0.00860	0.00338	0.00890	0.00899	0.00790	0.01259
18	0.02268	0.10273	0.41578	0.02721	0.04152	0.02503	0.03330	0.03307	0.02286	0.03388	0.01912	0.02243	0.01425	0.00985	0.00963	0.00302	0.01424	0.00756	0.00495	0.13687

[dist]
# distance from previous block
# <min> <max>
0	1

[block]
# block no. 5 follows, 12 sequences, length 39
# corresponding to MSA columns:
# 282-320
name=unknown_F
#
# <colnr> <probs for GDERKNQSTAVLIFYWHMCP>
#	G	D	E	R	K	N	Q	S	T	A	V	L	I	F	Y	W	H	M	C	P
0	0.01586	0.01057	0.01189	0.01189	0.01189	0.01057	0.00661	0.01586	0.01586	0.02114	0.03436	0.07135	0.03964	0.61681	0.05550	0.01057	0.01057	0.01586	0.00661	0.00661
1	0.01414	0.01109	0.01278	0.01236	0.01549	0.00974	0.00927	0.01807	0.02780	0.03646	0.32286	0.09340	0.32759	0.02500	0.01287	0.00356	0.00534	0.02139	0.01105	0.00974
2	0.04597	0.02329	0.02823	0.02165	0.03019	0.02305	0.01788	0.23449	0.03913	0.36380	0.03637	0.03279	0.02365	0.01333	0.01094	0.00333	0.01035	0.01051	0.01247	0.01855
3	0.04347	0.02122	0.02622	0.02076	0.02878	0.02077	0.01694	0.11867	0.13459	0.38464	0.04092	0.03630	0.02707	0.01370	0.01098	0.00343	0.00953	0.01108	0.01265	0.01829
4	0.01521	0.01098	0.01438	0.01387	0.01624	0.01014	0.01027	0.02003	0.02985	0.04211	0.49383	0.13527	0.09975	0.02350	0.01297	0.00353	0.00526	0.02087	0.01181	0.01014
5	0.02906	0.03424	0.05380	0.08106	0.05256	0.16174	0.35417	0.03654	0.02672	0.03238	0.02058	0.02698	0.01578	0.00982	0.01198	0.00346	0.01842	0.01120	0.00549	0.01401
6	0.02514	0.02402	0.04092	0.21828	0.41188	0.02542	0.03254	0.03184	0.02395	0.03338	0.02018	0.02759	0.01648	0.01006	0.01083	0.00335	0.01341	0.00971	0.00524	0.01578
7	0.69383	0.02109	0.01603	0.01434	0.02109	0.02446	0.01181	0.03205	0.01856	0.04892	0.01518	0.01771	0.01181	0.01012	0.00675	0.00337	0.00843	0.00590	0.00675	0.01181
8	0.03414	0.04779	0.18023	0.03026	0.03976	0.28879	0.07516	0.10881	0.03119	0.03582	0.01949	0.02252	0.01489	0.01106	0.01044	0.00314	0.01744	0.00830	0.00610	0.01467
9	0.01543	0.01115	0.01457	0.01372	0.01629	0.01029	0.01029	0.02058	0.03086	0.04372	0.54304	0.08145	0.10288	0.02229	0.01286	0.00343	0.00514	0.01972	0.01200	0.01029
10	0.02657	0.01948	0.02295	0.02087	0.02578	0.02129	0.01725	0.19509	0.07985	0.04562	0.03903	0.06202	0.03606	0.03058	0.11016	0.00630	0.01358	0.15739	0.05653	0.01361
11	0.04892	0.01856	0.02530	0.01940	0.02783	0.01603	0.01603	0.05314	0.03121	0.55634	0.04302	0.03711	0.02699	0.01350	0.01096	0.00337	0.00928	0.01096	0.01350	0.01856
12	0.02209	0.01621	0.01759	0.01630	0.02043	0.01761	0.01249	0.03845	0.24629	0.04358	0.16447	0.05072	0.04875	0.01598	0.01043	0.00327	0.00665	0.01346	0.22193	0.01330
13	0.02574	0.02941	0.06434	0.04596	0.05699	0.02757	0.50919	0.03493	0.02574	0.03493	0.02206	0.02941	0.01654	0.00919	0.01287	0.00368	0.01838	0.01287	0.00551	0.01471
14	0.01617	0.01046	0.01213	0.01213	0.01213	0.01046	0.00690	0.01569	0.01569	0.02092	0.03278	0.06746	0.03753	0.55782	0.05418	0.07907	0.01046	0.01521	0.00642	0.00642
15	0.02385	0.02385	0.03340	0.02863	0.02863	0.03340	0.02385	0.02624	0.01670	0.02624	0.01431	0.02385	0.01431	0.01908	0.03578	0.00477	0.59685	0.00954	0.00477	0.01193
16	0.02261	0.01938	0.02261	0.01615	0.02584	0.01453	0.01292	0.02745	0.02261	0.03553	0.01938	0.02261	0.01615	0.00807	0.00807	0.00161	0.00807	0.00646	0.00646	0.68346
17	0.02187	0.05640	0.56031	0.03108	0.04719	0.02532	0.04029	0.03453	0.02302	0.03453	0.01957	0.02302	0.01381	0.01036	0.01036	0.00345	0.01611	0.00806	0.00460	0.01611
18	0.02699	0.02591	0.04426	0.06693	0.54879	0.02591	0.03346	0.03346	0.02483	0.03562	0.02051	0.02699	0.01727	0.00972	0.01079	0.00324	0.01295	0.00972	0.00540	0.01727
19	0.04145	0.03054	0.03272	0.02509	0.03381	0.03381	0.02072	0.51243	0.05127	0.06872	0.02618	0.02618	0.01854	0.01309	0.01091	0.00327	0.01200	0.00982	0.01091	0.01854
20	0.69383	0.02109	0.01603	0.01434	0.02109	0.02446	0.01181	0.03205	0.01856	0.04892	0.01518	0.01771	0.01181	0.01012	0.00675	0.00337	0.00843	0.00590	0.00675	0.01181
21	0.04109	0.02446	0.11798	0.02075	0.02975	0.01715	0.01941	0.04640	0.02834	0.41487	0.03809	0.03783	0.02586	0.06916	0.01501	0.00406	0.01060	0.01091	0.01129	0.01701
22	0.03678	0.02170	0.02838	0.02880	0.11949	0.02198	0.01956	0.05151	0.21931	0.27082	0.03958	0.03669	0.02768	0.01332	0.01098	0.00347	0.00968	0.01126	0.01116	0.01784
23	0.69383	0.02109	0.01603	0.01434	0.02109	0.02446	0.01181	0.03205	0.01856	0.04892	0.01518	0.01771	0.01181	0.01012	0.00675	0.00337	0.00843	0.00590	0.00675	0.01181
24	0.01325	0.00963	0.01250	0.01480	0.01571	0.00889	0.00995	0.01523	0.02125	0.02799	0.06481	0.56245	0.11632	0.03355	0.01382	0.00436	0.00625	0.03025	0.01012	0.00889
25	0.18757	0.31779	0.04114	0.02274	0.07536	0.03369	0.01834	0.07395	0.02485	0.08846	0.01934	0.02110	0.01546	0.01027	0.00801	0.00284	0.01082	0.00705	0.00661	0.01461
26	0.01403	0.01087	0.01240	0.01238	0.01504	0.00965	0.00892	0.01716	0.02542	0.03291	0.23297	0.14469	0.30757	0.08664	0.01732	0.00438	0.00600	0.02205	0.01035	0.00924
27	0.01426	0.01025	0.01202	0.01300	0.01399	0.00963	0.00831	0.01555	0.01962	0.02542	0.05971	0.28760	0.15402	0.27132	0.03073	0.00679	0.00790	0.02319	0.00868	0.00801
28	0.02697	0.07802	0.04064	0.15900	0.09311	0.02515	0.13980	0.03279	0.02383	0.10724	0.02675	0.08664	0.02279	0.01377	0.01385	0.00364	0.07279	0.01240	0.00683	0.01399
29	0.24618	0.02960	0.02999	0.10360	0.03767	0.12355	0.06478	0.16342	0.03068	0.04610	0.01967	0.02303	0.01484	0.01114	0.00957	0.00331	0.01315	0.00834	0.00729	0.01409
30	0.01583	0.01068	0.01246	0.01246	0.01265	0.01088	0.00731	0.01622	0.01602	0.02156	0.03384	0.06850	0.03840	0.56326	0.10735	0.01127	0.01244	0.01544	0.00653	0.00692
31	0.01371	0.00979	0.01314	0.01567	0.01649	0.00922	0.01086	0.01592	0.02130	0.02831	0.05986	0.56117	0.07118	0.03376	0.01403	0.00449	0.00670	0.07530	0.01011	0.00897
32	0.02537	0.14717	0.34966	0.02924	0.04192	0.02995	0.06650	0.07813	0.02521	0.03559	0.01920	0.02288	0.01451	0.01102	0.01194	0.00336	0.05922	0.00829	0.00528	0.01556
33	0.20383	0.10843	0.07930	0.01750	0.02699	0.02230	0.01616	0.03013	0.02150	0.03764	0.01768	0.02062	0.01445	0.00903	0.00779	0.00237	0.00948	0.00638	0.00610	0.34234
34	0.09596	0.08327	0.16347	0.02858	0.07471	0.07678	0.05865	0.08706	0.02838	0.16351	0.02509	0.02621	0.01776	0.01123	0.01011	0.00326	0.01323	0.00892	0.00780	0.01603
35	0.02930	0.02601	0.10636	0.03164	0.15037	0.02119	0.02258	0.08304	0.06766	0.12338	0.02733	0.03243	0.02145	0.05649	0.01690	0.07293	0.01135	0.00999	0.00777	0.08183
36	0.03765	0.02745	0.07383	0.02409	0.03319	0.07233	0.06774	0.08843	0.06674	0.25633	0.03176	0.03076	0.02180	0.01189	0.01060	0.00312	0.01176	0.00991	0.00983	0.11079
37	0.03262	0.02470	0.11705	0.02089	0.02939	0.01839	0.01946	0.04215	0.09751	0.24917	0.07333	0.03763	0.03027	0.02006	0.06682	0.00467	0.01194	0.01093	0.01002	0.08299
38	0.12734	0.01895	0.02390	0.11876	0.03399	0.01943	0.01778	0.08512	0.02858	0.24211	0.04136	0.04664	0.07673	0.01548	0.01093	0.00359	0.01005	0.05439	0.01011	0.01475

[dist]
# distance from previous block
# <min> <max>
4	16

[block]
# block no. 6 follows, 12 sequences, length 39
# corresponding to MSA columns:
# 345-383
name=unknown_G
#
# <colnr> <probs for GDERKNQSTAVLIFYWHMCP>
#	G	D	E	R	K	N	Q	S	T	A	V	L	I	F	Y	W	H	M	C	P
0	0.09255	0.02581	0.02764	0.07036	0.03349	0.07209	0.01837	0.19333	0.03444	0.17918	0.02706	0.02737	0.01901	0.01178	0.01002	0.00303	0.01127	0.00898	0.00951	0.12470
1	0.03253	0.12556	0.03049	0.02014	0.02788	0.11302	0.01654	0.07723	0.07351	0.12686	0.07033	0.03076	0.02653	0.01197	0.00960	0.00271	0.01089	0.00917	0.00850	0.17578
2	0.20315	0.02322	0.02609	0.02349	0.07164	0.02413	0.01742	0.15627	0.07396	0.17595	0.02802	0.02772	0.01986	0.01186	0.00963	0.00321	0.00988	0.00902	0.00965	0.07582
3	0.13133	0.06959	0.02484	0.11158	0.03136	0.02168	0.01657	0.07450	0.07152	0.08799	0.19495	0.04492	0.04611	0.01514	0.01058	0.00337	0.00904	0.01240	0.00932	0.01321
4	0.02831	0.12447	0.03082	0.06534	0.03151	0.02417	0.01700	0.07888	0.11011	0.08378	0.02551	0.02686	0.01967	0.01056	0.00913	0.00255	0.00976	0.00829	0.00781	0.28546
5	0.02675	0.07508	0.03315	0.26437	0.09045	0.07127	0.02441	0.10846	0.07257	0.03626	0.02567	0.07711	0.02187	0.01337	0.01075	0.00344	0.01296	0.01121	0.00690	0.01394
6	0.69383	0.02109	0.01603	0.01434	0.02109	0.02446	0.01181	0.03205	0.01856	0.04892	0.01518	0.01771	0.01181	0.01012	0.00675	0.00337	0.00843	0.00590	0.00675	0.01181
7	0.01328	0.00949	0.01265	0.01518	0.01581	0.00886	0.01012	0.01518	0.02088	0.02783	0.06010	0.60969	0.07212	0.03416	0.01392	0.00443	0.00633	0.03100	0.01012	0.00886
8	0.04892	0.01856	0.02530	0.01940	0.02783	0.01603	0.01603	0.05314	0.03121	0.55634	0.04302	0.03711	0.02699	0.01350	0.01096	0.00337	0.00928	0.01096	0.01350	0.01856
9	0.02541	0.02430	0.04141	0.19612	0.43193	0.02549	0.03268	0.03208	0.02408	0.03371	0.02023	0.02750	0.01660	0.01001	0.01082	0.00334	0.01334	0.00971	0.00526	0.01600
10	0.02059	0.01938	0.03270	0.59060	0.07510	0.02422	0.03028	0.02786	0.02180	0.02786	0.01938	0.02907	0.01453	0.01090	0.01090	0.00363	0.01453	0.00969	0.00484	0.01211
11	0.01543	0.01115	0.01457	0.01372	0.01629	0.01029	0.01029	0.02058	0.03086	0.04372	0.54304	0.08145	0.10288	0.02229	0.01286	0.00343	0.00514	0.01972	0.01200	0.01029
12	0.01289	0.01105	0.01105	0.01105	0.01473	0.00920	0.00828	0.01565	0.02485	0.02946	0.11046	0.10493	0.54437	0.02761	0.01289	0.00368	0.00552	0.02301	0.01013	0.00920
13	0.04892	0.01856	0.02530	0.01940	0.02783	0.01603	0.01603	0.05314	0.03121	0.55634	0.04302	0.03711	0.02699	0.01350	0.01096	0.00337	0.00928	0.01096	0.01350	0.01856
14	0.02033	0.01016	0.01016	0.01016	0.01270	0.01016	0.00762	0.02541	0.02287	0.04065	0.03557	0.04065	0.02795	0.01270	0.00762	0.00254	0.00508	0.01016	0.67734	0.01016
15	0.01328	0.00949	0.01265	0.01518	0.01581	0.00886	0.01012	0.01518	0.02088	0.02783	0.06010	0.60969	0.07212	0.03416	0.01392	0.00443	0.00633	0.03100	0.01012	0.00886
16	0.02915	0.62337	0.05714	0.01866	0.02799	0.04314	0.01866	0.03265	0.02215	0.02565	0.01516	0.01749	0.01399	0.00933	0.00700	0.00233	0.01166	0.00583	0.00466	0.01399
17	0.01543	0.01115	0.01457	0.01372	0.01629	0.01029	0.01029	0.02058	0.03086	0.04372	0.54304	0.08145	0.10288	0.02229	0.01286	0.00343	0.00514	0.01972	0.01200	0.01029
18	0.02059	0.01938	0.03270	0.59060	0.07510	0.02422	0.03028	0.02786	0.02180	0.02786	0.01938	0.02907	0.01453	0.01090	0.01090	0.00363	0.01453	0.00969	0.00484	0.01211
19	0.04394	0.02655	0.03025	0.02319	0.03182	0.02788	0.01916	0.35936	0.04458	0.23123	0.03179	0.02982	0.02136	0.01322	0.01093	0.00331	0.01109	0.01020	0.01177	0.01855
20	0.04073	0.05197	0.03090	0.02809	0.03371	0.57303	0.02107	0.04354	0.03090	0.02669	0.01685	0.01966	0.01404	0.01124	0.00983	0.00281	0.01966	0.00702	0.00562	0.01264
21	0.02915	0.62337	0.05714	0.01866	0.02799	0.04314	0.01866	0.03265	0.02215	0.02565	0.01516	0.01749	0.01399	0.00933	0.00700	0.00233	0.01166	0.00583	0.00466	0.01399
22	0.03804	0.02981	0.03530	0.02773	0.03535	0.11838	0.10221	0.16123	0.07311	0.17480	0.02867	0.02936	0.02041	0.01284	0.01308	0.00344	0.06034	0.01033	0.00929	0.01627
23	0.69383	0.02109	0.01603	0.01434	0.02109	0.02446	0.01181	0.03205	0.01856	0.04892	0.01518	0.01771	0.01181	0.01012	0.00675	0.00337	0.00843	0.00590	0.00675	0.01181
24	0.02915	0.62337	0.05714	0.01866	0.02799	0.04314	0.01866	0.03265	0.02215	0.02565	0.01516	0.01749	0.01399	0.00933	0.00700	0.00233	0.01166	0.00583	0.00466	0.01399
25	0.01328	0.00949	0.01265	0.01518	0.01581	0.00886	0.01012	0.01518	0.02088	0.02783	0.06010	0.60969	0.07212	0.03416	0.01392	0.00443	0.00633	0.03100	0.01012	0.00886
26	0.01543	0.01115	0.01457	0.01372	0.01629	0.01029	0.01029	0.02058	0.03086	0.04372	0.54304	0.08145	0.10288	0.02229	0.01286	0.00343	0.00514	0.01972	0.01200	0.01029
27	0.01543	0.01115	0.01457	0.01372	0.01629	0.01029	0.01029	0.02058	0.03086	0.04372	0.54304	0.08145	0.10288	0.02229	0.01286	0.00343	0.00514	0.01972	0.01200	0.01029
28	0.02712	0.02342	0.02465	0.02219	0.02835	0.02712	0.01726	0.05794	0.52909	0.04561	0.04438	0.04068	0.03328	0.01479	0.01109	0.00370	0.00863	0.01233	0.01109	0.01726
29	0.02699	0.02591	0.04426	0.06693	0.54879	0.02591	0.03346	0.03346	0.02483	0.03562	0.02051	0.02699	0.01727	0.00972	0.01079	0.00324	0.01295	0.00972	0.00540	0.01727
30	0.69383	0.02109	0.01603	0.01434	0.02109	0.02446	0.01181	0.03205	0.01856	0.04892	0.01518	0.01771	0.01181	0.01012	0.00675	0.00337	0.00843	0.00590	0.00675	0.01181
31	0.02915	0.62337	0.05714	0.01866	0.02799	0.04314	0.01866	0.03265	0.02215	0.02565	0.01516	0.01749	0.01399	0.00933	0.00700	0.00233	0.01166	0.00583	0.00466	0.01399
32	0.03232	0.02989	0.05109	0.03721	0.04727	0.03019	0.30447	0.23505	0.03643	0.04909	0.02379	0.02806	0.01738	0.01082	0.01205	0.00351	0.01571	0.01159	0.00777	0.01631
33	0.01558	0.01168	0.01752	0.01752	0.01947	0.01363	0.01363	0.01947	0.01752	0.02531	0.02921	0.04283	0.02726	0.08178	0.57360	0.01752	0.02921	0.01168	0.00584	0.00974
34	0.02915	0.62337	0.05714	0.01866	0.02799	0.04314	0.01866	0.03265	0.02215	0.02565	0.01516	0.01749	0.01399	0.00933	0.00700	0.00233	0.01166	0.00583	0.00466	0.01399
35	0.01543	0.01115	0.01457	0.01372	0.01629	0.01029	0.01029	0.02058	0.03086	0.04372	0.54304	0.08145	0.10288	0.02229	0.01286	0.00343	0.00514	0.01972	0.01200	0.01029
36	0.02059	0.01938	0.03270	0.59060	0.07510	0.02422	0.03028	0.02786	0.02180	0.02786	0.01938	0.02907	0.01453	0.01090	0.01090	0.00363	0.01453	0.00969	0.00484	0.01211
37	0.02187	0.05640	0.56031	0.03108	0.04719	0.02532	0.04029	0.03453	0.02302	0.03453	0.01957	0.02302	0.01381	0.01036	0.01036	0.00345	0.01611	0.00806	0.00460	0.01611
38	0.03060	0.02663	0.03804	0.04888	0.33178	0.02808	0.02752	0.15666	0.11769	0.04555	0.02600	0.02913	0.02033	0.01142	0.01087	0.00333	0.01198	0.01019	0.00774	0.01758

[dist]
# distance from previous block
# <min> <max>
1	9

[block]
# block no. 7 follows, 12 sequences, length 69
# corresponding to MSA columns:
# 393-461
name=unknown_H
#
# <colnr> <probs for GDERKNQSTAVLIFYWHMCP>
#	G	D	E	R	K	N	Q	S	T	A	V	L	I	F	Y	W	H	M	C	P
0	0.21535	0.12109	0.20585	0.02315	0.03385	0.02973	0.02440	0.15193	0.02865	0.04575	0.01935	0.02153	0.01445	0.01082	0.00901	0.00323	0.01231	0.00757	0.00677	0.01521
