[name]
unknown

[dist]
# distance from previous block
# <min> <max>
1	20

[block]
# block no. 0 follows, 12 sequences, length 54
# corresponding to MSA columns:
# 23-76
name=unknown_A
#
# <colnr> <probs for GDERKNQSTAVLIFYWHMCP>
#	G	D	E	R	K	N	Q	S	T	A	V	L	I	F	Y	W	H	M	C	P
0	0.03250	0.08049	0.07754	0.02392	0.03263	0.02134	0.09924	0.04058	0.06978	0.22218	0.09997	0.03784	0.03272	0.01297	0.01088	0.00322	0.01088	0.01147	0.00962	0.07025
1	0.03439	0.02732	0.07031	0.02279	0.03011	0.06959	0.01956	0.11887	0.12364	0.17693	0.06658	0.03424	0.02794	0.01402	0.01316	0.00340	0.06712	0.01064	0.00985	0.05954
2	0.03100	0.20174	0.07429	0.02699	0.08023	0.06312	0.06087	0.07510	0.02773	0.12052	0.06040	0.07771	0.02771	0.01348	0.01020	0.00313	0.01192	0.01121	0.00778	0.01488
3	0.07696	0.08353	0.08699	0.07280	0.03852	0.02552	0.10701	0.12327	0.02941	0.12640	0.02700	0.06495	0.02124	0.01251	0.01057	0.00329	0.01238	0.01088	0.00805	0.05869
4	0.02758	0.15130	0.03113	0.02521	0.08328	0.07418	0.01905	0.03184	0.02553	0.10735	0.03850	0.10740	0.03801	0.01944	0.01164	0.00374	0.01121	0.17207	0.00845	0.01310
5	0.03503	0.09371	0.02922	0.02310	0.02872	0.33855	0.01793	0.03857	0.03009	0.08893	0.13407	0.03483	0.03480	0.01371	0.01035	0.00296	0.01459	0.01011	0.00779	0.01291
6	0.01324	0.00966	0.01247	0.01472	0.01569	0.00889	0.00992	0.01523	0.02132	0.02801	0.06567	0.55381	0.12439	0.03344	0.01380	0.00435	0.00624	0.03011	0.01012	0.00889
7	0.10494	0.02397	0.03244	0.12426	0.12442	0.05885	0.06789	0.03930	0.07378	0.14896	0.02672	0.02919	0.01948	0.01118	0.01034	0.00327	0.01205	0.00966	0.00787	0.07143
8	0.01833	0.01419	0.01707	0.01582	0.01928	0.01446	0.01202	0.02983	0.15432	0.04419	0.41947	0.07135	0.08563	0.02043	0.01242	0.00350	0.00601	0.01789	0.01178	0.01202
9	0.01328	0.00949	0.01265	0.01518	0.01581	0.00886	0.01012	0.01518	0.02088	0.02783	0.06010	0.60969	0.07212	0.03416	0.01392	0.00443	0.00633	0.03100	0.01012	0.00886
10	0.02354	0.02310	0.04132	0.33061	0.23530	0.02529	0.10167	0.03082	0.02342	0.03157	0.02016	0.02840	0.01577	0.01024	0.01115	0.00350	0.01456	0.01016	0.00513	0.01427
11	0.06724	0.01944	0.03073	0.36553	0.13206	0.02224	0.02627	0.03019	0.02286	0.08117	0.02542	0.08400	0.02144	0.01313	0.01091	0.00361	0.01262	0.01160	0.00638	0.01317
12	0.02070	0.12197	0.11211	0.01741	0.02366	0.02027	0.01632	0.06985	0.02525	0.03298	0.09608	0.05977	0.16629	0.14802	0.02057	0.00486	0.00998	0.01455	0.00779	0.01158
13	0.02915	0.62337	0.05714	0.01866	0.02799	0.04314	0.01866	0.03265	0.02215	0.02565	0.01516	0.01749	0.01399	0.00933	0.00700	0.00233	0.01166	0.00583	0.00466	0.01399
14	0.07497	0.07372	0.02685	0.01829	0.02721	0.06622	0.01495	0.07230	0.02619	0.08769	0.02136	0.02329	0.01673	0.00952	0.00855	0.00220	0.00981	0.00713	0.00730	0.40571
15	0.03405	0.32025	0.08850	0.02286	0.03259	0.03430	0.05284	0.13080	0.02970	0.12404	0.02279	0.02371	0.01721	0.01084	0.00909	0.00287	0.01214	0.00812	0.00742	0.01587
16	0.01524	0.01212	0.01380	0.01320	0.01658	0.01119	0.00995	0.02142	0.06949	0.03735	0.30371	0.08881	0.29909	0.02410	0.01273	0.00357	0.00561	0.02061	0.01107	0.01037
17	0.02295	0.10759	0.46252	0.03139	0.04635	0.02724	0.08545	0.03439	0.02321	0.03373	0.01940	0.02314	0.01410	0.01014	0.01029	0.00337	0.01592	0.00833	0.00470	0.01577
18	0.02670	0.04216	0.32664	0.07680	0.04558	0.02566	0.07221	0.08380	0.07749	0.08093	0.02480	0.02729	0.01759	0.01127	0.01079	0.00349	0.01446	0.00943	0.00668	0.01621
19	0.01396	0.01081	0.01273	0.01283	0.01554	0.00957	0.00940	0.01752	0.02653	0.03481	0.27272	0.18492	0.28614	0.02667	0.01306	0.00371	0.00551	0.02312	0.01087	0.00957
20	0.01367	0.00979	0.01300	0.01492	0.01590	0.00911	0.01015	0.01615	0.02267	0.03069	0.14700	0.51464	0.07765	0.03202	0.01373	0.00425	0.00611	0.02897	0.01046	0.00911
21	0.20596	0.02278	0.07387	0.01926	0.02800	0.01900	0.01729	0.04615	0.02730	0.38115	0.03390	0.03097	0.02198	0.01236	0.00986	0.00338	0.00972	0.00944	0.01098	0.01665
22	0.03457	0.02794	0.03362	0.02660	0.03412	0.03136	0.06698	0.30219	0.17586	0.05563	0.02974	0.03024	0.02200	0.01368	0.01323	0.00355	0.06073	0.01077	0.00993	0.01727
23	0.04224	0.02250	0.02707	0.02103	0.02893	0.02246	0.01726	0.23211	0.03914	0.30576	0.09168	0.03767	0.03203	0.01431	0.01115	0.00334	0.00990	0.01148	0.01230	0.01764
24	0.22460	0.02766	0.02920	0.02927	0.12229	0.07283	0.02007	0.20733	0.03363	0.10002	0.02286	0.02442	0.01683	0.01152	0.00962	0.00327	0.01154	0.00857	0.00854	0.01591
25	0.02563	0.02453	0.03333	0.02827	0.02915	0.03344	0.02354	0.07520	0.02018	0.03052	0.01551	0.02409	0.01474	0.01848	0.03328	0.00462	0.53795	0.00957	0.00539	0.01259
26	0.01845	0.01166	0.01469	0.01358	0.01676	0.01065	0.01031	0.02327	0.02952	0.08497	0.40878	0.07617	0.13378	0.02117	0.01220	0.00336	0.00552	0.01840	0.07587	0.01086
27	0.03227	0.01792	0.02164	0.01804	0.02392	0.01781	0.01437	0.10314	0.10608	0.21817	0.18559	0.04940	0.04893	0.01611	0.01121	0.00334	0.00795	0.01348	0.07548	0.01516
28	0.01408	0.01005	0.01356	0.01609	0.01707	0.00954	0.01150	0.01655	0.02166	0.02872	0.05966	0.51984	0.07039	0.03341	0.01413	0.00454	0.00701	0.11304	0.01011	0.00907
29	0.01558	0.01168	0.01752	0.01752	0.01947	0.01363	0.01363	0.01947	0.01752	0.02531	0.02921	0.04283	0.02726	0.08178	0.57360	0.01752	0.02921	0.01168	0.00584	0.00974
30	0.24462	0.11706	0.08278	0.08394	0.03339	0.06631	0.02034	0.03602	0.09652	0.03749	0.02046	0.02361	0.01622	0.01174	0.01123	0.00340	0.06711	0.00791	0.00639	0.01348
31	0.01613	0.01108	0.01374	0.01478	0.01563	0.01102	0.01039	0.01789	0.01925	0.02541	0.04426	0.14171	0.05014	0.37470	0.03867	0.00822	0.00998	0.16106	0.00803	0.00791
32	0.03185	0.32516	0.04252	0.02149	0.02856	0.13890	0.01888	0.06747	0.02664	0.06481	0.06226	0.02575	0.02265	0.01224	0.01130	0.00288	0.06816	0.00818	0.00648	0.01383
33	0.01962	0.01409	0.02028	0.01782	0.02216	0.01262	0.05307	0.02434	0.02711	0.08067	0.25149	0.15017	0.10040	0.02177	0.01255	0.00357	0.00761	0.06471	0.01038	0.08556
34	0.02681	0.21833	0.22152	0.02672	0.03790	0.08300	0.07515	0.03663	0.07188	0.03226	0.02058	0.02333	0.01617	0.01029	0.00947	0.00298	0.01410	0.00807	0.00555	0.05926
35	0.10893	0.07636	0.07216	0.02185	0.03028	0.02723	0.01923	0.16130	0.16372	0.16039	0.03194	0.03044	0.02274	0.01276	0.01014	0.00335	0.01044	0.00982	0.01003	0.01689
36	0.02739	0.02562	0.04211	0.13754	0.11469	0.02630	0.17445	0.11467	0.07952	0.04053	0.02401	0.02887	0.01825	0.01066	0.01120	0.00332	0.01379	0.01061	0.00695	0.08951
37	0.03257	0.02488	0.04451	0.12049	0.09948	0.02453	0.21590	0.08430	0.02892	0.17144	0.02730	0.03079	0.01920	0.01098	0.01169	0.00351	0.01430	0.01129	0.00798	0.01594
38	0.01894	0.00947	0.01420	0.01420	0.01420	0.00947	0.00947	0.01420	0.01420	0.01894	0.01894	0.03314	0.01894	0.03788	0.04261	0.68277	0.00947	0.00947	0.00473	0.00473
39	0.02536	0.01970	0.02582	0.02159	0.02623	0.02165	0.04976	0.09500	0.10409	0.08490	0.17892	0.05293	0.10187	0.01833	0.01636	0.00373	0.11567	0.01462	0.00988	0.01359
40	0.02130	0.02010	0.03398	0.53263	0.12754	0.02441	0.03063	0.02848	0.02214	0.02872	0.01950	0.02884	0.01484	0.01077	0.01089	0.00359	0.01436	0.00969	0.00491	0.01268
41	0.02646	0.02508	0.04112	0.10591	0.45144	0.02590	0.03140	0.03570	0.08040	0.03608	0.02306	0.02868	0.01881	0.01038	0.01084	0.00332	0.01261	0.01000	0.00598	0.01684
42	0.03610	0.28205	0.04173	0.02397	0.03139	0.30594	0.02006	0.08417	0.02930	0.03031	0.01706	0.01941	0.01446	0.01064	0.00878	0.00266	0.01568	0.00681	0.00574	0.01376
43	0.01583	0.01107	0.01422	0.01343	0.01600	0.01028	0.01007	0.02097	0.03021	0.04347	0.50169	0.07812	0.09677	0.02151	0.01243	0.00336	0.00514	0.01894	0.06622	0.01028
44	0.02187	0.05640	0.56031	0.03108	0.04719	0.02532	0.04029	0.03453	0.02302	0.03453	0.01957	0.02302	0.01381	0.01036	0.01036	0.00345	0.01611	0.00806	0.00460	0.01611
45	0.69383	0.02109	0.01603	0.01434	0.02109	0.02446	0.01181	0.03205	0.01856	0.04892	0.01518	0.01771	0.01181	0.01012	0.00675	0.00337	0.00843	0.00590	0.00675	0.01181
46	0.04027	0.02713	0.02997	0.02355	0.03178	0.02943	0.01927	0.34980	0.13175	0.15239	0.03241	0.03070	0.02266	0.01346	0.01095	0.00337	0.01092	0.01047	0.01141	0.01832
47	0.01328	0.00949	0.01265	0.01518	0.01581	0.00886	0.01012	0.01518	0.02088	0.02783	0.06010	0.60969	0.07212	0.03416	0.01392	0.00443	0.00633	0.03100	0.01012	0.00886
48	0.01583	0.01069	0.01252	0.01252	0.01273	0.01091	0.00738	0.01626	0.01604	0.02160	0.03379	0.06820	0.03827	0.55758	0.11285	0.01134	0.01263	0.01539	0.00652	0.00695
49	0.01441	0.01051	0.01355	0.01405	0.01598	0.00966	0.01006	0.01812	0.02658	0.03652	0.32421	0.28308	0.12829	0.02722	0.01326	0.00383	0.00562	0.02426	0.01113	0.00966
50	0.01452	0.01073	0.01357	0.01367	0.01594	0.00977	0.00994	0.01851	0.02752	0.03768	0.35958	0.21381	0.16243	0.02599	0.01312	0.00371	0.00549	0.02297	0.01126	0.00977
51	0.02480	0.02766	0.09503	0.19003	0.34203	0.02557	0.07214	0.03232	0.02398	0.03355	0.02026	0.02730	0.01619	0.01003	0.01095	0.00339	0.01410	0.00980	0.00519	0.01568
52	0.02059	0.01938	0.03270	0.59060	0.07510	0.02422	0.03028	0.02786	0.02180	0.02786	0.01938	0.02907	0.01453	0.01090	0.01090	0.00363	0.01453	0.00969	0.00484	0.01211
53	0.02782	0.02429	0.03407	0.34497	0.15118	0.07035	0.02799	0.07888	0.02674	0.07743	0.02201	0.02830	0.01643	0.01114	0.01080	0.00344	0.01398	0.00959	0.00632	0.01427

[dist]
# distance from previous block
# <min> <max>
0	5

[block]
# block no. 1 follows, 12 sequences, length 14
# corresponding to MSA columns:
# 82-95
name=unknown_B
#
# <colnr> <probs for GDERKNQSTAVLIFYWHMCP>
#	G	D	E	R	K	N	Q	S	T	A	V	L	I	F	Y	W	H	M	C	P
0	0.13808	0.02395	0.02622	0.05909	0.03117	0.02633	0.01781	0.25419	0.08596	0.09930	0.09729	0.03489	0.03081	0.01392	0.01054	0.00338	0.01012	0.01088	0.01024	0.01581
1	0.03265	0.02752	0.11875	0.02575	0.03480	0.02202	0.09919	0.11394	0.06651	0.19236	0.11426	0.03928	0.03456	0.01374	0.01148	0.00345	0.01157	0.01213	0.00994	0.01611
2	0.02426	0.02035	0.02349	0.01693	0.02654	0.01622	0.01360	0.06983	0.02511	0.03843	0.01997	0.02292	0.01636	0.00851	0.00832	0.00176	0.00842	0.00675	0.00685	0.62537
3	0.02140	0.01900	0.02999	0.46381	0.06350	0.02297	0.02672	0.06793	0.02422	0.03138	0.02549	0.10755	0.02269	0.01424	0.01131	0.00371	0.01320	0.01259	0.00608	0.01223
4	0.01824	0.12218	0.02089	0.01389	0.01585	0.01691	0.00975	0.01940	0.01723	0.02253	0.03017	0.05769	0.03330	0.43377	0.11692	0.01001	0.01330	0.01347	0.00615	0.00837
5	0.02845	0.02450	0.04798	0.20061	0.05699	0.02449	0.27926	0.03617	0.02558	0.12770	0.02509	0.03071	0.01786	0.01047	0.01195	0.00361	0.01560	0.01159	0.00677	0.01465
6	0.01560	0.01106	0.01348	0.01416	0.01539	0.01094	0.00992	0.01747	0.01945	0.02543	0.05075	0.12095	0.11393	0.33051	0.08403	0.00869	0.01112	0.11106	0.00796	0.00809
7	0.01504	0.01149	0.01404	0.01443	0.01741	0.01049	0.01150	0.01923	0.02699	0.03523	0.24485	0.10178	0.26137	0.02647	0.01347	0.00396	0.00662	0.14510	0.01075	0.00980
8	0.01490	0.01112	0.01384	0.01316	0.01596	0.01006	0.00987	0.01955	0.02961	0.04075	0.45274	0.08635	0.19504	0.02340	0.01287	0.00348	0.00522	0.02041	0.01161	0.01006
9	0.01328	0.00949	0.01265	0.01518	0.01581	0.00886	0.01012	0.01518	0.02088	0.02783	0.06010	0.60969	0.07212	0.03416	0.01392	0.00443	0.00633	0.03100	0.01012	0.00886
10	0.04073	0.05197	0.03090	0.02809	0.03371	0.57303	0.02107	0.04354	0.03090	0.02669	0.01685	0.01966	0.01404	0.01124	0.00983	0.00281	0.01966	0.00702	0.00562	0.01264
11	0.02380	0.02265	0.03850	0.32795	0.31268	0.02507	0.03188	0.03067	0.02332	0.03175	0.01995	0.02802	0.01591	0.01031	0.01085	0.00344	0.01374	0.00970	0.00512	0.01470
12	0.02136	0.01518	0.02147	0.02680	0.12934	0.01500	0.01638	0.02746	0.06759	0.07750	0.04647	0.30168	0.04852	0.02325	0.01223	0.00388	0.00829	0.05106	0.07415	0.01238
13	0.21723	0.02962	0.02808	0.02242	0.03038	0.07213	0.01835	0.34745	0.04091	0.06020	0.02251	0.02340	0.01639	0.01215	0.00970	0.00326	0.01162	0.00855	0.00939	0.01628

[dist]
# distance from previous block
# <min> <max>
0	3

[block]
# block no. 2 follows, 12 sequences, length 10
# corresponding to MSA columns:
# 99-108
name=unknown_C
#
# <colnr> <probs for GDERKNQSTAVLIFYWHMCP>
#	G	D	E	R	K	N	Q	S	T	A	V	L	I	F	Y	W	H	M	C	P
0	0.03045	0.11226	0.03601	0.02882	0.08856	0.02939	0.06266	0.10228	0.26569	0.07841	0.03332	0.03287	0.02509	0.01266	0.01059	0.00337	0.01084	0.01075	0.00918	0.01680
1	0.02325	0.13498	0.44502	0.03061	0.04531	0.02806	0.07828	0.03430	0.02313	0.03330	0.01916	0.02279	0.01408	0.01011	0.01010	0.00331	0.01568	0.00816	0.00469	0.01569
2	0.03652	0.10996	0.03404	0.10914	0.03912	0.43476	0.02215	0.04006	0.02861	0.02674	0.01704	0.02080	0.01411	0.01098	0.00968	0.00288	0.01804	0.00728	0.00540	0.01271
3	0.01581	0.01080	0.01373	0.01393	0.01497	0.01125	0.00944	0.01796	0.01858	0.02634	0.07479	0.11882	0.04339	0.30280	0.19855	0.01082	0.01483	0.01609	0.05876	0.00834
4	0.01840	0.01485	0.02064	0.16572	0.03346	0.01615	0.01689	0.02677	0.08512	0.03721	0.26385	0.06697	0.06344	0.05569	0.01499	0.00413	0.00887	0.06605	0.00948	0.01133
5	0.02213	0.04919	0.44568	0.09800	0.05150	0.02543	0.08925	0.03379	0.02317	0.03379	0.01981	0.02441	0.01419	0.01030	0.01069	0.00350	0.01617	0.00876	0.00473	0.01550
6	0.03081	0.27369	0.10327	0.08391	0.03702	0.11801	0.02299	0.10592	0.06541	0.03485	0.02016	0.02270	0.01613	0.01086	0.00912	0.00291	0.01354	0.00775	0.00621	0.01474
7	0.01381	0.01084	0.01248	0.01258	0.01542	0.00952	0.00924	0.01724	0.02627	0.03402	0.24862	0.17466	0.32280	0.02683	0.01304	0.00371	0.00552	0.02313	0.01076	0.00952
8	0.24839	0.01869	0.02141	0.01927	0.02290	0.02196	0.01538	0.02943	0.02044	0.11154	0.02985	0.16519	0.02928	0.01892	0.01720	0.00402	0.17230	0.01372	0.00800	0.01211
9	0.43841	0.02117	0.02242	0.02325	0.09975	0.02260	0.01600	0.03743	0.02257	0.17138	0.02278	0.02382	0.01633	0.01089	0.00837	0.00335	0.00930	0.00770	0.00820	0.01426

[dist]
# distance from previous block
# <min> <max>
0	1

[block]
# block no. 3 follows, 12 sequences, length 17
# corresponding to MSA columns:
# 110-126
name=unknown_D
#
# <colnr> <probs for GDERKNQSTAVLIFYWHMCP>
#	G	D	E	R	K	N	Q	S	T	A	V	L	I	F	Y	W	H	M	C	P
0	0.39529	0.11732	0.10183	0.01896	0.02745	0.07588	0.01802	0.03503	0.02174	0.07783	0.01795	0.02000	0.01370	0.01038	0.00788	0.00318	0.01107	0.00666	0.00652	0.01330
1	0.02009	0.01148	0.01405	0.01380	0.01520	0.01095	0.00885	0.02118	0.01935	0.10152	0.04194	0.19833	0.04574	0.38517	0.03875	0.00801	0.00934	0.01885	0.00848	0.00892
2	0.02641	0.14588	0.26543	0.03003	0.04212	0.02859	0.12851	0.03844	0.08748	0.06879	0.02395	0.02649	0.01772	0.01070	0.01041	0.00332	0.01439	0.00938	0.00620	0.01575
3	0.01925	0.01289	0.01441	0.01379	0.01526	0.01321	0.00897	0.07920	0.02179	0.03028	0.03690	0.13387	0.03996	0.39305	0.03879	0.00790	0.00955	0.01645	0.08569	0.00882
4	0.02187	0.05640	0.56031	0.03108	0.04719	0.02532	0.04029	0.03453	0.02302	0.03453	0.01957	0.02302	0.01381	0.01036	0.01036	0.00345	0.01611	0.00806	0.00460	0.01611
5	0.01737	0.01431	0.02112	0.09986	0.10754	0.01441	0.01733	0.02186	0.02458	0.03289	0.14360	0.20926	0.11948	0.02365	0.01287	0.00395	0.00868	0.08714	0.00902	0.01108
6	0.03724	0.03482	0.03604	0.02870	0.03583	0.16526	0.07806	0.28085	0.03896	0.04915	0.02192	0.02467	0.01668	0.01293	0.01399	0.00339	0.08802	0.00945	0.00821	0.01582
7	0.02517	0.02635	0.10804	0.08232	0.16003	0.01984	0.02368	0.03174	0.02372	0.07020	0.02129	0.02530	0.01667	0.00943	0.00952	0.00258	0.01110	0.00808	0.00626	0.31868
8	0.02325	0.02034	0.02579	0.02362	0.10278	0.01621	0.01594	0.02834	0.02294	0.03554	0.01955	0.02325	0.01631	0.00832	0.00848	0.00185	0.00879	0.00694	0.00630	0.58545
9	0.01558	0.01168	0.01752	0.01752	0.01947	0.01363	0.01363	0.01947	0.01752	0.02531	0.02921	0.04283	0.02726	0.08178	0.57360	0.01752	0.02921	0.01168	0.00584	0.00974
10	0.01348	0.00988	0.01267	0.01449	0.01573	0.00907	0.00991	0.01587	0.02254	0.02989	0.12263	0.48486	0.13497	0.03196	0.01366	0.00422	0.00609	0.02868	0.01034	0.00907
11	0.01544	0.01103	0.01513	0.01765	0.01923	0.01072	0.01388	0.01892	0.02300	0.03025	0.05890	0.36438	0.06740	0.03212	0.01449	0.00473	0.00820	0.25499	0.01008	0.00945
12	0.01558	0.01168	0.01752	0.01752	0.01947	0.01363	0.01363	0.01947	0.01752	0.02531	0.02921	0.04283	0.02726	0.08178	0.57360	0.01752	0.02921	0.01168	0.00584	0.00974
13	0.02313	0.02133	0.03243	0.37417	0.13332	0.02518	0.02756	0.03606	0.14664	0.03335	0.02568	0.03161	0.01954	0.01168	0.01093	0.00359	0.01285	0.01034	0.00646	0.01413
14	0.02961	0.02879	0.02789	0.02427	0.02869	0.13983	0.01923	0.10715	0.16614	0.04001	0.09521	0.03559	0.03184	0.01587	0.01710	0.00368	0.15516	0.01118	0.00851	0.01425
15	0.27930	0.18818	0.07185	0.13620	0.03689	0.03022	0.02019	0.06484	0.02280	0.03855	0.01713	0.02097	0.01358	0.01029	0.00822	0.00314	0.01138	0.00709	0.00592	0.01325
16	0.03138	0.02851	0.02798	0.10191	0.08116	0.15745	0.02037	0.07576	0.13775	0.09683	0.03895	0.03933	0.08696	0.01428	0.01093	0.00336	0.01244	0.01144	0.00855	0.01468

[dist]
# distance from previous block
# <min> <max>
0	5

[block]
# block no. 4 follows, 12 sequences, length 14
# corresponding to MSA columns:
# 132-145
name=unknown_E
#
# <colnr> <probs for GDERKNQSTAVLIFYWHMCP>
#	G	D	E	R	K	N	Q	S	T	A	V	L	I	F	Y	W	H	M	C	P
0	0.02271	0.05139	0.47561	0.03696	0.12953	0.02542	0.03917	0.03436	0.02332	0.03471	0.01972	0.02367	0.01438	0.01025	0.01043	0.00342	0.01560	0.00833	0.00473	0.01630
1	0.01462	0.01111	0.01345	0.01287	0.01579	0.00994	0.00965	0.01901	0.02895	0.03919	0.40547	0.08892	0.24328	0.02398	0.01287	0.00351	0.00526	0.02077	0.01141	0.00994
2	0.02402	0.02533	0.02193	0.02033	0.02361	0.18203	0.01582	0.02767	0.02733	0.03282	0.19708	0.06177	0.13031	0.02003	0.01553	0.00362	0.09730	0.05389	0.00856	0.01104
3	0.69383	0.02109	0.01603	0.01434	0.02109	0.02446	0.01181	0.03205	0.01856	0.04892	0.01518	0.01771	0.01181	0.01012	0.00675	0.00337	0.00843	0.00590	0.00675	0.01181
4	0.01378	0.01082	0.01246	0.01260	0.01541	0.00950	0.00924	0.01718	0.02616	0.03384	0.24312	0.18014	0.32302	0.02695	0.01305	0.00372	0.00553	0.02325	0.01074	0.00950
5	0.01894	0.00947	0.01420	0.01420	0.01420	0.00947	0.00947	0.01420	0.01420	0.01894	0.01894	0.03314	0.01894	0.03788	0.04261	0.68277	0.00947	0.00947	0.00473	0.00473
6	0.01659	0.01050	0.01161	0.01161	0.01203	0.01050	0.00677	0.01742	0.01701	0.02434	0.03455	0.06631	0.03772	0.51765	0.04764	0.00925	0.00967	0.01492	0.11670	0.00719
7	0.01819	0.01540	0.02203	0.02054	0.02171	0.01957	0.01625	0.02129	0.01713	0.02526	0.02497	0.03924	0.02423	0.10627	0.36243	0.01296	0.20546	0.01136	0.00557	0.01016
8	0.02522	0.22164	0.24351	0.06150	0.04069	0.03124	0.06788	0.03741	0.10597	0.03323	0.02247	0.02511	0.01733	0.01071	0.00968	0.00318	0.01360	0.00857	0.00578	0.01528
9	0.02624	0.08604	0.25147	0.03610	0.04876	0.02708	0.25346	0.03595	0.02482	0.07280	0.02211	0.02658	0.01607	0.00997	0.01130	0.00346	0.01630	0.01032	0.00569	0.01548
10	0.08152	0.04443	0.35445	0.03248	0.08365	0.02624	0.06820	0.07183	0.06520	0.03930	0.02191	0.02499	0.01602	0.01076	0.01037	0.00345	0.01447	0.00883	0.00590	0.01601
11	0.02476	0.28163	0.36042	0.02614	0.03956	0.03240	0.03169	0.03378	0.02268	0.03100	0.01782	0.02082	0.01388	0.00995	0.00902	0.00301	0.01434	0.00717	0.00463	0.01527
12	0.02074	0.01231	0.01672	0.01566	0.01882	0.01185	0.05005	0.02535	0.02337	0.06994	0.04256	0.17889	0.04021	0.01895	0.01036	0.00334	0.00714	0.05504	0.36796	0.01076
13	0.02782	0.24655	0.12408	0.02687	0.03621	0.03375	0.10273	0.07778	0.10914	0.03552	0.02267	0.02534	0.01800	0.01142	0.01163	0.00321	0.05669	0.00901	0.00640	0.01520

[dist]
# distance from previous block
# <min> <max>
0	354

# created by:
# /st0/software/busco_prod/Augustus/scripts/msa2prfl.pl ./align_prep/9580.fa
