[name]
unknown

[dist]
# distance from previous block
# <min> <max>
7	101

[block]
# block no. 0 follows, 14 sequences, length 32
# corresponding to MSA columns:
# 120-151
name=unknown_A
#
# <colnr> <probs for GDERKNQSTAVLIFYWHMCP>
#	G	D	E	R	K	N	Q	S	T	A	V	L	I	F	Y	W	H	M	C	P
0	0.14032	0.02421	0.07966	0.02381	0.03185	0.02186	0.11462	0.10519	0.07780	0.17998	0.02992	0.07597	0.02305	0.01278	0.01020	0.00333	0.01085	0.01113	0.00874	0.01472
1	0.02988	0.02641	0.07457	0.02643	0.07195	0.06802	0.08026	0.07049	0.14715	0.13890	0.02830	0.02875	0.02068	0.01092	0.00994	0.00294	0.01112	0.00941	0.00817	0.13571
2	0.02806	0.01940	0.05150	0.06512	0.02732	0.01860	0.01596	0.12052	0.10772	0.15089	0.12747	0.04034	0.03613	0.01380	0.01006	0.00310	0.00843	0.01141	0.13025	0.01392
3	0.27157	0.02954	0.18074	0.02158	0.03111	0.02195	0.06217	0.03481	0.06329	0.10050	0.02145	0.02314	0.01557	0.01005	0.00865	0.00309	0.01079	0.00772	0.00671	0.07557
4	0.14118	0.03001	0.11305	0.02942	0.12204	0.12325	0.06237	0.03299	0.06730	0.03602	0.11435	0.03217	0.02937	0.01194	0.00981	0.00313	0.01186	0.00991	0.00673	0.01312
5	0.31349	0.01730	0.01842	0.05996	0.02392	0.01990	0.01365	0.02919	0.06083	0.08004	0.02528	0.08262	0.02280	0.06953	0.07014	0.00522	0.05902	0.01034	0.00710	0.01124
6	0.02420	0.02476	0.04754	0.05125	0.31373	0.02404	0.24152	0.03125	0.02374	0.03303	0.02270	0.03354	0.01938	0.01047	0.01129	0.00335	0.01410	0.04993	0.00547	0.01471
7	0.01587	0.02734	0.25135	0.02053	0.02720	0.01480	0.02136	0.02188	0.02049	0.02882	0.04066	0.37789	0.04499	0.02281	0.01170	0.00378	0.00980	0.02017	0.00736	0.01118
8	0.01246	0.00979	0.01127	0.01220	0.01440	0.00860	0.00866	0.01489	0.02225	0.02808	0.11856	0.31974	0.32634	0.02819	0.01253	0.00374	0.00549	0.02456	0.00966	0.00860
9	0.02973	0.02025	0.02138	0.01755	0.02316	0.02208	0.01412	0.28958	0.07461	0.05206	0.02959	0.03132	0.02217	0.01229	0.00899	0.00282	0.00834	0.00955	0.29633	0.01407
10	0.02891	0.02551	0.03886	0.05284	0.43524	0.02630	0.02840	0.16285	0.02978	0.04156	0.02068	0.02520	0.01656	0.00996	0.01019	0.00306	0.01196	0.00917	0.00642	0.01656
11	0.02977	0.01744	0.02055	0.01764	0.02325	0.01795	0.01392	0.04426	0.24541	0.21877	0.13144	0.04379	0.04020	0.01456	0.01039	0.00324	0.00746	0.01220	0.07285	0.01492
12	0.02058	0.05308	0.58618	0.02925	0.04442	0.02383	0.03792	0.03250	0.02167	0.03250	0.01842	0.02167	0.01300	0.00975	0.00975	0.00325	0.01517	0.00758	0.00433	0.01517
13	0.01294	0.01043	0.01152	0.01124	0.01436	0.00901	0.00843	0.01629	0.02530	0.03225	0.26113	0.09131	0.41117	0.02430	0.01212	0.00339	0.00508	0.02061	0.01013	0.00901
14	0.02128	0.01824	0.02128	0.01520	0.02432	0.01368	0.01216	0.02584	0.02128	0.03344	0.01824	0.02128	0.01520	0.00760	0.00760	0.00152	0.00760	0.00608	0.00608	0.70208
15	0.03754	0.01899	0.02370	0.01819	0.02624	0.01707	0.01484	0.08366	0.07916	0.35703	0.03396	0.03113	0.02287	0.01155	0.00967	0.00280	0.00860	0.00933	0.01069	0.18300
16	0.01858	0.01550	0.02142	0.02407	0.11373	0.01767	0.01457	0.02019	0.01659	0.02344	0.02549	0.04903	0.02786	0.37871	0.04038	0.00742	0.15809	0.01247	0.00560	0.00919
17	0.01219	0.01017	0.01063	0.01099	0.01402	0.00861	0.00806	0.01466	0.02282	0.02749	0.09674	0.18005	0.49453	0.02693	0.01228	0.00357	0.00531	0.02280	0.00953	0.00861
18	0.08369	0.01990	0.02702	0.01955	0.02862	0.01649	0.09643	0.02736	0.02141	0.03448	0.01829	0.02189	0.01489	0.00794	0.00821	0.00198	0.00919	0.00700	0.00596	0.52970
19	0.01938	0.01824	0.03078	0.61468	0.07068	0.02280	0.02850	0.02622	0.02052	0.02622	0.01824	0.02736	0.01368	0.01026	0.01026	0.00342	0.01368	0.00912	0.00456	0.01140
20	0.02671	0.23148	0.03820	0.02150	0.02854	0.02781	0.08339	0.09749	0.02605	0.07423	0.07549	0.03311	0.06650	0.01277	0.01164	0.00292	0.06852	0.01001	0.00703	0.05662
21	0.02744	0.64552	0.05378	0.01756	0.02634	0.04061	0.01756	0.03073	0.02085	0.02414	0.01427	0.01646	0.01317	0.00878	0.00658	0.00219	0.01097	0.00549	0.00439	0.01317
22	0.01510	0.01049	0.01343	0.01481	0.01585	0.01037	0.01090	0.01729	0.01924	0.02534	0.04559	0.19399	0.05167	0.28384	0.02984	0.00680	0.00899	0.21048	0.00812	0.00789
23	0.01496	0.01083	0.01451	0.01579	0.01793	0.01038	0.01273	0.01907	0.02452	0.03282	0.21040	0.19358	0.10398	0.02669	0.01324	0.00411	0.00721	0.24799	0.01001	0.00927
24	0.02671	0.35313	0.04649	0.08099	0.21530	0.06448	0.02326	0.03119	0.02213	0.02753	0.01637	0.02046	0.01425	0.00912	0.00823	0.00260	0.01202	0.00707	0.00469	0.01400
25	0.02422	0.02768	0.06055	0.04325	0.05363	0.02595	0.53806	0.03287	0.02422	0.03287	0.02076	0.02768	0.01557	0.00865	0.01211	0.00346	0.01730	0.01211	0.00519	0.01384
26	0.01418	0.01013	0.01384	0.01621	0.01754	0.00978	0.01245	0.01720	0.02131	0.02808	0.05563	0.41713	0.06420	0.03057	0.01355	0.00440	0.00741	0.22810	0.00949	0.00880
27	0.01487	0.01133	0.01523	0.01514	0.01639	0.01256	0.01106	0.01731	0.01779	0.02468	0.07111	0.13076	0.07771	0.18943	0.26787	0.01056	0.06544	0.01543	0.00678	0.00853
28	0.02112	0.01941	0.03166	0.53239	0.10901	0.02350	0.02817	0.05947	0.02252	0.02926	0.01873	0.02703	0.01413	0.01030	0.01025	0.00337	0.01341	0.00913	0.00497	0.01218
29	0.01752	0.00911	0.01367	0.01367	0.01384	0.00929	0.00929	0.01384	0.01367	0.01840	0.01875	0.03206	0.01857	0.03959	0.09331	0.63618	0.01068	0.00911	0.00456	0.00490
30	0.03805	0.01768	0.02288	0.01900	0.02572	0.01673	0.01574	0.07471	0.09142	0.39175	0.04212	0.04886	0.03152	0.01556	0.01101	0.00348	0.00894	0.09720	0.01172	0.01592
31	0.02272	0.07196	0.02299	0.02045	0.05701	0.01790	0.01547	0.08740	0.06629	0.07972	0.13415	0.15373	0.05067	0.02049	0.01166	0.00363	0.00846	0.13366	0.00948	0.01216

[dist]
# distance from previous block
# <min> <max>
4	6

[block]
# block no. 1 follows, 14 sequences, length 16
# corresponding to MSA columns:
# 158-173
name=unknown_B
#
# <colnr> <probs for GDERKNQSTAVLIFYWHMCP>
#	G	D	E	R	K	N	Q	S	T	A	V	L	I	F	Y	W	H	M	C	P
0	0.20899	0.03341	0.02608	0.08870	0.03309	0.25680	0.01850	0.15061	0.02951	0.03963	0.01773	0.02043	0.01370	0.01067	0.00885	0.00297	0.01361	0.00722	0.00661	0.01291
1	0.71184	0.01985	0.01508	0.01350	0.01985	0.02302	0.01111	0.03017	0.01746	0.04604	0.01429	0.01667	0.01111	0.00953	0.00635	0.00318	0.00794	0.00556	0.00635	0.01111
2	0.01513	0.01238	0.01999	0.01824	0.02084	0.01185	0.08772	0.01881	0.02215	0.03043	0.18038	0.30204	0.06142	0.06867	0.07539	0.00545	0.00981	0.02112	0.00872	0.00945
3	0.11174	0.01938	0.02662	0.18050	0.07989	0.02009	0.01983	0.07952	0.02673	0.29012	0.02871	0.02930	0.01933	0.01139	0.00984	0.00322	0.01043	0.00929	0.00904	0.01504
4	0.03148	0.03194	0.02559	0.07045	0.03132	0.27992	0.01855	0.10258	0.06147	0.06601	0.02880	0.09634	0.02644	0.01533	0.01055	0.00324	0.01363	0.06626	0.00756	0.01255
5	0.01514	0.01020	0.01298	0.01289	0.01419	0.01043	0.00895	0.01679	0.01811	0.02524	0.09785	0.05807	0.09282	0.24021	0.18858	0.08762	0.01320	0.01390	0.05511	0.00771
6	0.63545	0.02086	0.01687	0.01464	0.02121	0.02402	0.01207	0.08817	0.02096	0.04816	0.01546	0.01758	0.01183	0.00984	0.00680	0.00316	0.00832	0.00597	0.00680	0.01183
7	0.02256	0.01844	0.02615	0.03318	0.20693	0.01908	0.02037	0.08133	0.08601	0.03655	0.03692	0.12012	0.03601	0.01792	0.01139	0.00363	0.00968	0.14417	0.05634	0.01320
8	0.02064	0.01824	0.02446	0.21573	0.03983	0.01673	0.01763	0.02597	0.02103	0.03102	0.01824	0.02331	0.01469	0.00849	0.00849	0.00216	0.00963	0.00710	0.00557	0.47105
9	0.01705	0.01102	0.01422	0.01555	0.01793	0.01093	0.01308	0.02181	0.02363	0.03405	0.10640	0.08915	0.05393	0.02282	0.01194	0.00389	0.00759	0.30907	0.20643	0.00951
10	0.02539	0.02747	0.13167	0.04272	0.30484	0.02260	0.02716	0.03598	0.11072	0.07961	0.06672	0.03153	0.02504	0.01122	0.01029	0.00318	0.01122	0.01008	0.00691	0.01565
11	0.01350	0.01045	0.01230	0.01183	0.01470	0.00925	0.00888	0.01738	0.02663	0.03541	0.37056	0.08611	0.29978	0.02312	0.01211	0.00333	0.00499	0.01988	0.01054	0.00925
12	0.02968	0.25916	0.13687	0.02289	0.03239	0.03180	0.05035	0.15940	0.08345	0.06766	0.02211	0.02322	0.01684	0.01055	0.00894	0.00285	0.01173	0.00803	0.00693	0.01515
13	0.02239	0.01481	0.01782	0.01435	0.02050	0.01214	0.01117	0.02662	0.02307	0.10610	0.09064	0.10328	0.03369	0.01333	0.00904	0.00238	0.00680	0.01129	0.11639	0.34417
14	0.01513	0.01197	0.01602	0.01487	0.01739	0.01165	0.04249	0.01950	0.05129	0.02939	0.16586	0.12714	0.16665	0.17163	0.08745	0.00646	0.00974	0.01784	0.00847	0.00909
15	0.02275	0.09471	0.02585	0.02372	0.08492	0.14452	0.01667	0.02613	0.02108	0.02552	0.02578	0.04183	0.02515	0.10435	0.21354	0.00834	0.01806	0.06056	0.00576	0.01073

[dist]
# distance from previous block
# <min> <max>
3	5

[block]
# block no. 2 follows, 14 sequences, length 10
# corresponding to MSA columns:
# 179-188
name=unknown_C
#
# <colnr> <probs for GDERKNQSTAVLIFYWHMCP>
#	G	D	E	R	K	N	Q	S	T	A	V	L	I	F	Y	W	H	M	C	P
0	0.02119	0.13004	0.07131	0.08369	0.06021	0.02287	0.12558	0.02933	0.07433	0.03250	0.12282	0.08429	0.03731	0.01460	0.01077	0.00330	0.01105	0.04521	0.00710	0.01249
1	0.01715	0.01354	0.01595	0.01626	0.01888	0.01426	0.01178	0.02847	0.19967	0.03414	0.13329	0.34667	0.06033	0.02432	0.01206	0.00379	0.00650	0.02165	0.01011	0.01118
2	0.02489	0.02369	0.02136	0.11335	0.02859	0.20697	0.01566	0.02459	0.01973	0.02158	0.01724	0.02637	0.01563	0.02328	0.02511	0.35816	0.01286	0.00818	0.00475	0.00803
3	0.60472	0.02447	0.01731	0.01555	0.02174	0.11449	0.01250	0.03189	0.01931	0.04271	0.01454	0.01696	0.01145	0.00969	0.00681	0.00309	0.00962	0.00572	0.00618	0.01124
4	0.01462	0.01051	0.01297	0.01324	0.01463	0.01051	0.00937	0.01672	0.01879	0.02490	0.08462	0.07465	0.12800	0.30789	0.13895	0.00892	0.01200	0.08344	0.00743	0.00785
5	0.02354	0.08003	0.02398	0.02137	0.06325	0.07753	0.01529	0.03719	0.23632	0.03480	0.03667	0.14872	0.03311	0.01602	0.01000	0.00323	0.00883	0.01348	0.10357	0.01307
6	0.01380	0.01040	0.01240	0.01193	0.01444	0.00938	0.00873	0.01743	0.02579	0.03468	0.36604	0.08273	0.24207	0.08608	0.01623	0.00399	0.00548	0.01917	0.01021	0.00900
7	0.08320	0.03053	0.08119	0.09976	0.03632	0.10594	0.02127	0.24218	0.08839	0.07604	0.02387	0.02524	0.01735	0.01155	0.00981	0.00313	0.01225	0.00873	0.00814	0.01509
8	0.01364	0.01024	0.01244	0.01316	0.01525	0.00939	0.00974	0.01661	0.02301	0.03001	0.18060	0.21684	0.22809	0.08292	0.01632	0.00435	0.00635	0.09275	0.00960	0.00870
9	0.01414	0.01022	0.01335	0.01419	0.01543	0.01043	0.01013	0.01636	0.01825	0.02445	0.04612	0.20935	0.09481	0.20625	0.18977	0.00920	0.01342	0.06848	0.00749	0.00815

[dist]
# distance from previous block
# <min> <max>
3	7

[block]
# block no. 3 follows, 14 sequences, length 24
# corresponding to MSA columns:
# 196-219
name=unknown_D
#
# <colnr> <probs for GDERKNQSTAVLIFYWHMCP>
#	G	D	E	R	K	N	Q	S	T	A	V	L	I	F	Y	W	H	M	C	P
0	0.01900	0.02228	0.13153	0.02027	0.02654	0.01621	0.07147	0.07202	0.02890	0.04080	0.35425	0.05598	0.06461	0.01670	0.01148	0.00324	0.00876	0.01488	0.00921	0.01191
1	0.02276	0.02390	0.10912	0.06355	0.16403	0.02018	0.02216	0.12498	0.02809	0.03899	0.12229	0.14456	0.03924	0.01616	0.01100	0.00334	0.01013	0.01422	0.00783	0.01347
2	0.01969	0.01234	0.01600	0.01692	0.05654	0.01105	0.01154	0.02302	0.02466	0.12975	0.16314	0.20147	0.22828	0.02289	0.01188	0.00350	0.00644	0.01989	0.01011	0.01090
3	0.03498	0.01739	0.02103	0.01746	0.02374	0.01721	0.01399	0.04660	0.18601	0.32138	0.03959	0.03654	0.02734	0.01293	0.00978	0.00312	0.00783	0.01057	0.13684	0.01566
4	0.02382	0.29096	0.25097	0.07116	0.04026	0.03096	0.09863	0.03134	0.02160	0.02863	0.01702	0.02080	0.01348	0.00924	0.00881	0.00286	0.01362	0.00747	0.00449	0.01387
5	0.01264	0.00943	0.01177	0.01327	0.01471	0.00856	0.00916	0.01495	0.02153	0.02820	0.12409	0.45173	0.18350	0.02954	0.01277	0.00391	0.00566	0.02632	0.00972	0.00856
6	0.27295	0.01466	0.01514	0.07951	0.02262	0.01602	0.01177	0.02203	0.01916	0.03315	0.04375	0.09659	0.16129	0.08044	0.06596	0.00518	0.00965	0.01334	0.00713	0.00966
7	0.02031	0.01125	0.01374	0.01253	0.01584	0.01036	0.00960	0.02481	0.02646	0.11917	0.29882	0.06129	0.10542	0.01758	0.01043	0.00300	0.00543	0.01501	0.20822	0.01071
8	0.02624	0.02665	0.13336	0.02658	0.03429	0.05944	0.15099	0.03210	0.02388	0.13696	0.03157	0.09165	0.02780	0.01650	0.01343	0.05126	0.01265	0.08433	0.00744	0.01290
9	0.01561	0.01083	0.01388	0.01491	0.01606	0.01096	0.01116	0.01791	0.01882	0.02487	0.04158	0.08647	0.04598	0.33505	0.07302	0.00812	0.01093	0.22845	0.00757	0.00783
10	0.02744	0.64552	0.05378	0.01756	0.02634	0.04061	0.01756	0.03073	0.02085	0.02414	0.01427	0.01646	0.01317	0.00878	0.00658	0.00219	0.01097	0.00549	0.00439	0.01317
11	0.02724	0.19901	0.11745	0.03034	0.11323	0.07810	0.07708	0.07284	0.12219	0.03399	0.02216	0.02441	0.01747	0.01030	0.00932	0.00294	0.01254	0.00849	0.00617	0.01473
12	0.02238	0.13727	0.36821	0.02516	0.03663	0.05446	0.02919	0.03343	0.07783	0.03140	0.02332	0.07409	0.01960	0.01197	0.00959	0.00316	0.01317	0.00946	0.00547	0.01423
13	0.01865	0.01647	0.05771	0.02292	0.10174	0.01412	0.01618	0.02443	0.05338	0.06006	0.14229	0.12845	0.11675	0.07307	0.01535	0.00418	0.00845	0.10585	0.00875	0.01119
14	0.02291	0.01334	0.01673	0.01489	0.01901	0.01255	0.01149	0.02981	0.08654	0.16835	0.30747	0.09574	0.12061	0.01937	0.01155	0.00332	0.00623	0.01674	0.01125	0.01209
15	0.02257	0.02542	0.08028	0.02713	0.03431	0.07366	0.17805	0.03227	0.10240	0.03359	0.07528	0.08528	0.03325	0.01473	0.01132	0.00338	0.01221	0.07327	0.00732	0.07428
16	0.02503	0.02226	0.03290	0.04373	0.33538	0.02310	0.02418	0.07976	0.13211	0.03930	0.10558	0.03546	0.03125	0.01212	0.01051	0.00316	0.01022	0.01103	0.00752	0.01539
17	0.01887	0.01619	0.02321	0.02105	0.02173	0.02119	0.01687	0.02065	0.01566	0.02336	0.01933	0.03039	0.01865	0.04252	0.24476	0.11192	0.30963	0.00972	0.00486	0.00946
18	0.02395	0.34404	0.32471	0.02351	0.03554	0.03207	0.02792	0.03163	0.02127	0.02840	0.01638	0.01911	0.01308	0.00927	0.00820	0.00273	0.01311	0.00655	0.00436	0.01419
19	0.02091	0.01480	0.01791	0.01690	0.01958	0.01647	0.01243	0.03170	0.25009	0.02926	0.02906	0.03505	0.02436	0.02969	0.07441	0.33984	0.01014	0.01026	0.00715	0.00998
20	0.01318	0.01004	0.01212	0.01243	0.01472	0.00898	0.00901	0.01645	0.02464	0.03265	0.27640	0.23259	0.24830	0.02565	0.01238	0.00356	0.00526	0.02243	0.01023	0.00898
21	0.40857	0.01585	0.01481	0.01448	0.01892	0.01746	0.01173	0.02528	0.02053	0.04044	0.10812	0.10818	0.03848	0.01703	0.00934	0.00357	0.00755	0.10137	0.00798	0.01031
22	0.01997	0.01771	0.02546	0.30433	0.04640	0.01792	0.02040	0.02564	0.02111	0.02973	0.02124	0.03206	0.01811	0.01061	0.00943	0.00270	0.01068	0.04910	0.00563	0.31177
23	0.36646	0.06803	0.02239	0.01717	0.02397	0.07812	0.01400	0.07997	0.10162	0.04241	0.01983	0.02121	0.01544	0.01027	0.00772	0.00292	0.00943	0.00693	0.00704	0.08507

[dist]
# distance from previous block
# <min> <max>
0	7

[block]
# block no. 4 follows, 14 sequences, length 23
# corresponding to MSA columns:
# 227-249
name=unknown_E
#
# <colnr> <probs for GDERKNQSTAVLIFYWHMCP>
#	G	D	E	R	K	N	Q	S	T	A	V	L	I	F	Y	W	H	M	C	P
0	0.18139	0.03408	0.24929	0.02330	0.03423	0.02225	0.06467	0.06961	0.02286	0.03831	0.01809	0.02114	0.01358	0.00935	0.00874	0.00287	0.01176	0.00728	0.00570	0.16151
1	0.02114	0.33171	0.03495	0.01633	0.02183	0.02753	0.01465	0.02398	0.02088	0.02543	0.04405	0.08863	0.18322	0.01680	0.01206	0.00300	0.08373	0.01253	0.00632	0.01122
2	0.39068	0.02760	0.15038	0.02522	0.11842	0.02247	0.02047	0.02989	0.01982	0.03960	0.02211	0.02481	0.05009	0.01062	0.00816	0.00319	0.01013	0.00771	0.00589	0.01274
3	0.01896	0.01548	0.02297	0.03111	0.22262	0.01548	0.01642	0.02158	0.01872	0.02579	0.02910	0.05517	0.03106	0.35862	0.03369	0.00698	0.01075	0.04926	0.00603	0.01021
4	0.02273	0.01827	0.02155	0.01726	0.02469	0.01585	0.01422	0.09873	0.02569	0.03729	0.02746	0.04349	0.02561	0.01305	0.00949	0.00248	0.00856	0.12155	0.00746	0.44457
5	0.02514	0.02664	0.02094	0.01921	0.02323	0.23192	0.01450	0.03294	0.11162	0.03544	0.28039	0.04894	0.05536	0.01599	0.01078	0.00305	0.01046	0.01301	0.00892	0.01154
6	0.01770	0.01472	0.02224	0.19373	0.08109	0.01550	0.01940	0.02253	0.02166	0.02896	0.03810	0.18127	0.04015	0.02039	0.01188	0.00380	0.01001	0.17577	0.00737	0.07373
7	0.02569	0.13862	0.38230	0.02622	0.03887	0.02816	0.03074	0.14414	0.02739	0.03830	0.01915	0.02152	0.01401	0.01017	0.00938	0.00305	0.01367	0.00763	0.00565	0.01536
8	0.71184	0.01985	0.01508	0.01350	0.01985	0.02302	0.01111	0.03017	0.01746	0.04604	0.01429	0.01667	0.01111	0.00953	0.00635	0.00318	0.00794	0.00556	0.00635	0.01111
9	0.02739	0.02816	0.03972	0.05736	0.49164	0.11272	0.02970	0.03295	0.02425	0.03223	0.01877	0.02434	0.01579	0.00936	0.01002	0.00299	0.01316	0.00875	0.00511	0.01558
10	0.03395	0.20799	0.07831	0.02125	0.02974	0.02512	0.05814	0.07498	0.02676	0.24929	0.02948	0.03378	0.02226	0.01226	0.00962	0.00303	0.01079	0.04958	0.00857	0.01507
11	0.02287	0.14592	0.31615	0.07657	0.12312	0.02690	0.03069	0.03357	0.07066	0.03168	0.01996	0.02329	0.01526	0.00991	0.00937	0.00307	0.01322	0.00794	0.00503	0.01480
12	0.02138	0.11588	0.18093	0.02419	0.07299	0.02084	0.06137	0.02648	0.01975	0.05348	0.02435	0.03934	0.02318	0.24474	0.02541	0.00560	0.01223	0.01065	0.00558	0.01163
13	0.01348	0.01045	0.01227	0.01182	0.01469	0.00924	0.00886	0.01735	0.02659	0.03531	0.36717	0.08627	0.30322	0.02316	0.01211	0.00333	0.00500	0.01991	0.01053	0.00924
14	0.02286	0.12157	0.12347	0.03643	0.22852	0.02451	0.02522	0.02877	0.02230	0.03149	0.06264	0.03348	0.02429	0.01220	0.01194	0.00310	0.06701	0.04572	0.00568	0.06878
15	0.71184	0.01985	0.01508	0.01350	0.01985	0.02302	0.01111	0.03017	0.01746	0.04604	0.01429	0.01667	0.01111	0.00953	0.00635	0.00318	0.00794	0.00556	0.00635	0.01111
16	0.02324	0.02476	0.08010	0.22421	0.38486	0.02387	0.03110	0.03001	0.02239	0.03128	0.01892	0.02570	0.01524	0.00952	0.01016	0.00317	0.01286	0.00902	0.00487	0.01473
17	0.02079	0.01989	0.02096	0.01937	0.02060	0.10798	0.01462	0.02267	0.01805	0.02328	0.02468	0.04494	0.02595	0.24150	0.12338	0.00798	0.19171	0.03685	0.00563	0.00918
18	0.01409	0.00973	0.01130	0.01189	0.01233	0.00944	0.00717	0.01475	0.01679	0.02210	0.04424	0.20997	0.08886	0.43828	0.03923	0.00798	0.00857	0.01901	0.00731	0.00694
19	0.01842	0.03508	0.32882	0.02409	0.03419	0.01864	0.06841	0.02724	0.02416	0.03463	0.18540	0.04456	0.08438	0.01427	0.01083	0.00328	0.01152	0.01232	0.00686	0.01292
20	0.01235	0.01040	0.01070	0.01063	0.01400	0.00876	0.00797	0.01515	0.02391	0.02895	0.14659	0.09674	0.52777	0.02553	0.01213	0.00344	0.00517	0.02137	0.00969	0.00876
21	0.02347	0.01757	0.02467	0.27675	0.04241	0.02026	0.01973	0.14107	0.02509	0.03373	0.02071	0.02853	0.01655	0.01753	0.01788	0.18668	0.01123	0.00913	0.05616	0.01083
22	0.02285	0.02164	0.03611	0.26554	0.34680	0.02301	0.02897	0.02911	0.02215	0.03079	0.01883	0.02583	0.01522	0.00945	0.01001	0.00308	0.01241	0.00891	0.00496	0.06433

[dist]
# distance from previous block
# <min> <max>
4	75

[block]
# block no. 5 follows, 14 sequences, length 28
# corresponding to MSA columns:
# 325-352
name=unknown_F
#
# <colnr> <probs for GDERKNQSTAVLIFYWHMCP>
#	G	D	E	R	K	N	Q	S	T	A	V	L	I	F	Y	W	H	M	C	P
0	0.02913	0.24148	0.15562	0.02293	0.03192	0.13776	0.02237	0.09851	0.10434	0.03378	0.02074	0.02214	0.01632	0.01050	0.00877	0.00280	0.01290	0.00750	0.00614	0.01433
1	0.17044	0.23682	0.29269	0.02212	0.03334	0.02906	0.02563	0.03143	0.02051	0.03270	0.01620	0.01892	0.01265	0.00939	0.00800	0.00289	0.01227	0.00648	0.00478	0.01366
2	0.17897	0.14286	0.02893	0.01944	0.02619	0.13330	0.01605	0.11535	0.06466	0.11055	0.02390	0.05581	0.01929	0.01198	0.00873	0.00295	0.01101	0.00866	0.00770	0.01368
3	0.02333	0.01716	0.02337	0.01993	0.02443	0.04691	0.08337	0.05533	0.05401	0.11974	0.19027	0.20422	0.05490	0.01962	0.01176	0.00348	0.00869	0.01774	0.00978	0.01195
4	0.07767	0.02454	0.02784	0.32324	0.04954	0.14029	0.02262	0.03463	0.02397	0.14619	0.02222	0.02639	0.01591	0.01080	0.00979	0.00319	0.01322	0.00861	0.00658	0.01278
5	0.06310	0.02672	0.12946	0.02184	0.05672	0.05147	0.01927	0.12084	0.02810	0.15843	0.02716	0.02835	0.01949	0.01118	0.00913	0.00288	0.01017	0.00873	0.15524	0.05171
6	0.03178	0.01854	0.02125	0.01768	0.02358	0.01924	0.01414	0.13699	0.15869	0.19912	0.07349	0.03742	0.03053	0.01335	0.00979	0.00307	0.00796	0.01084	0.15761	0.01493
7	0.01277	0.00990	0.01164	0.01231	0.01454	0.00876	0.00881	0.01556	0.02327	0.03005	0.18670	0.28314	0.29159	0.02710	0.01247	0.00366	0.00539	0.02366	0.00991	0.00876
8	0.02169	0.02027	0.03182	0.28846	0.19737	0.02195	0.02538	0.02748	0.02110	0.02967	0.01817	0.02514	0.01470	0.00997	0.01146	0.00299	0.05861	0.00847	0.00502	0.16026
9	0.21002	0.13893	0.02790	0.01800	0.02472	0.05358	0.04227	0.03483	0.02357	0.19492	0.06468	0.07422	0.02642	0.01287	0.00895	0.00305	0.00946	0.01008	0.00830	0.01324
10	0.01441	0.01060	0.01298	0.01382	0.01561	0.01025	0.01034	0.01688	0.02011	0.02583	0.05908	0.13021	0.18788	0.20917	0.07603	0.00689	0.00977	0.15374	0.00819	0.00819
11	0.16515	0.01199	0.01097	0.01063	0.01417	0.01219	0.00819	0.02270	0.02117	0.03700	0.04893	0.05043	0.17417	0.01533	0.00837	0.00286	0.00557	0.01206	0.35847	0.00965
12	0.02653	0.02517	0.03116	0.03445	0.18019	0.12760	0.07701	0.03429	0.09657	0.07378	0.03146	0.15656	0.02939	0.01519	0.01088	0.00333	0.01178	0.01370	0.00739	0.01358
13	0.09270	0.09579	0.14753	0.09251	0.03481	0.09541	0.04956	0.03051	0.02241	0.07850	0.02656	0.13884	0.02463	0.01426	0.00989	0.00325	0.01205	0.01182	0.00646	0.01251
14	0.02038	0.01127	0.01527	0.01596	0.01843	0.01039	0.01196	0.02316	0.02243	0.14581	0.05273	0.41315	0.05724	0.02732	0.01270	0.00405	0.00717	0.10990	0.01019	0.01048
15	0.02488	0.01397	0.01770	0.01600	0.02052	0.01318	0.01287	0.03174	0.08411	0.19497	0.20877	0.07005	0.12680	0.01975	0.01176	0.00353	0.00716	0.09873	0.01106	0.01247
16	0.02641	0.01919	0.06316	0.01842	0.02367	0.01694	0.01528	0.15962	0.02929	0.14302	0.04468	0.28594	0.06822	0.02124	0.01152	0.00359	0.00854	0.01834	0.00993	0.01299
17	0.03888	0.01564	0.02127	0.01741	0.02378	0.01364	0.01390	0.04238	0.02729	0.46363	0.04392	0.16260	0.03447	0.01686	0.01091	0.00339	0.00814	0.01435	0.01202	0.01551
18	0.10753	0.01150	0.01221	0.01209	0.01524	0.01086	0.00903	0.01810	0.02371	0.03389	0.22057	0.15562	0.28751	0.02317	0.01147	0.00345	0.00557	0.01963	0.00961	0.00925
19	0.03386	0.03612	0.02470	0.02274	0.02738	0.39329	0.01699	0.03650	0.02711	0.10074	0.02789	0.15191	0.02654	0.01547	0.01022	0.00304	0.01450	0.01193	0.00720	0.01189
20	0.02650	0.02075	0.03427	0.27636	0.27986	0.02217	0.02751	0.03253	0.02325	0.12390	0.02248	0.02780	0.01678	0.01020	0.01023	0.00322	0.01220	0.00933	0.00617	0.01452
21	0.01472	0.01077	0.01536	0.01536	0.01680	0.01221	0.01142	0.01760	0.01616	0.02298	0.02852	0.04605	0.02814	0.19709	0.48196	0.01509	0.02374	0.01183	0.00565	0.00853
22	0.16678	0.01801	0.01789	0.01720	0.02046	0.09419	0.01341	0.02392	0.01840	0.02874	0.02310	0.03231	0.02087	0.05358	0.39242	0.01177	0.02210	0.00924	0.00565	0.00995
23	0.04140	0.01923	0.02579	0.09973	0.03304	0.01859	0.01755	0.11914	0.03096	0.43092	0.03514	0.03239	0.02265	0.01231	0.01030	0.00319	0.00978	0.01000	0.01124	0.01664
24	0.01590	0.01178	0.01324	0.01194	0.01436	0.01057	0.00770	0.01723	0.01743	0.02385	0.03901	0.06163	0.10481	0.42143	0.03727	0.00727	0.00880	0.01395	0.00664	0.15519
25	0.61723	0.01837	0.01465	0.01360	0.01917	0.02103	0.01090	0.02802	0.01776	0.04336	0.02001	0.10000	0.01879	0.01259	0.00726	0.00331	0.00767	0.00875	0.00678	0.01074
26	0.03654	0.16049	0.03571	0.02232	0.03065	0.03370	0.01909	0.43210	0.04240	0.05602	0.02242	0.02289	0.01654	0.01156	0.00948	0.00289	0.01122	0.00844	0.00901	0.01654
27	0.11111	0.01285	0.01419	0.01258	0.01666	0.01214	0.00970	0.02302	0.02436	0.03981	0.27248	0.04993	0.05446	0.01499	0.00938	0.00273	0.00572	0.01252	0.17384	0.12754

[dist]
# distance from previous block
# <min> <max>
0	384

# created by:
# /st0/software/busco_prod/Augustus/scripts/msa2prfl.pl ./align_prep/9586.fa
