[name]
unknown

[dist]
# distance from previous block
# <min> <max>
0	9

[block]
# block no. 0 follows, 12 sequences, length 89
# corresponding to MSA columns:
# 9-97
name=unknown_A
#
# <colnr> <probs for GDERKNQSTAVLIFYWHMCP>
#	G	D	E	R	K	N	Q	S	T	A	V	L	I	F	Y	W	H	M	C	P
0	0.02585	0.01303	0.01714	0.01611	0.01946	0.01195	0.01190	0.02865	0.02443	0.19886	0.09398	0.22643	0.05297	0.14644	0.02155	0.00531	0.00834	0.05521	0.01065	0.01175
1	0.03093	0.02297	0.03373	0.24683	0.05038	0.07224	0.09680	0.03680	0.02591	0.18227	0.02943	0.07356	0.02267	0.01315	0.01134	0.00355	0.01346	0.01187	0.00792	0.01419
2	0.04202	0.02459	0.03040	0.02391	0.03193	0.07215	0.06450	0.13889	0.03414	0.32001	0.03641	0.03933	0.02593	0.01410	0.01135	0.00346	0.01171	0.04698	0.01122	0.01697
3	0.01949	0.01138	0.01365	0.01333	0.01446	0.01097	0.00831	0.02031	0.01852	0.08764	0.03947	0.15195	0.04321	0.45127	0.04350	0.00872	0.00974	0.01764	0.00800	0.00842
4	0.01753	0.01098	0.01574	0.08418	0.02189	0.01117	0.01185	0.01623	0.01770	0.02276	0.03968	0.09476	0.12176	0.03233	0.03072	0.41474	0.00908	0.01386	0.00622	0.00683
5	0.03867	0.04853	0.03120	0.02816	0.03309	0.50704	0.02141	0.04142	0.02916	0.02663	0.01654	0.02018	0.01408	0.01220	0.01300	0.00305	0.09025	0.00733	0.00551	0.01255
6	0.02538	0.02394	0.03201	0.02676	0.02878	0.03113	0.02222	0.07268	0.02071	0.03142	0.01606	0.02392	0.01494	0.01717	0.03003	0.00424	0.46917	0.00919	0.00556	0.09468
7	0.02316	0.01987	0.02286	0.01689	0.02615	0.01607	0.01345	0.03118	0.08455	0.03676	0.02244	0.02482	0.01825	0.00890	0.00844	0.00187	0.00814	0.00718	0.00703	0.60199
8	0.04482	0.01932	0.02519	0.01955	0.02747	0.01765	0.01605	0.10620	0.03363	0.44791	0.08856	0.04000	0.03318	0.01428	0.01114	0.00337	0.00922	0.01166	0.01304	0.01777
9	0.61147	0.01975	0.01531	0.01383	0.02006	0.02271	0.01130	0.03124	0.01908	0.04791	0.01768	0.02052	0.01378	0.01044	0.00685	0.00327	0.00802	0.00642	0.08875	0.01161
10	0.02491	0.02074	0.02385	0.01724	0.02681	0.01689	0.01387	0.08676	0.02611	0.03959	0.02021	0.02305	0.01644	0.00869	0.00842	0.00182	0.00855	0.00687	0.00700	0.60215
11	0.02967	0.02501	0.04194	0.06111	0.48508	0.02470	0.03133	0.03587	0.02561	0.09930	0.02326	0.02822	0.01846	0.01018	0.01082	0.00325	0.01250	0.00987	0.00639	0.01743
12	0.02657	0.02293	0.02440	0.02145	0.02805	0.02558	0.01673	0.05421	0.46716	0.04438	0.04132	0.03847	0.03119	0.01397	0.01073	0.00344	0.00856	0.01161	0.01053	0.09873
13	0.01320	0.01106	0.01148	0.01137	0.01492	0.00934	0.00853	0.01625	0.02559	0.03120	0.16336	0.10206	0.49038	0.02696	0.01288	0.00365	0.00548	0.02261	0.01035	0.00934
14	0.02062	0.01848	0.02469	0.02185	0.02185	0.02416	0.01687	0.02204	0.01636	0.02418	0.02243	0.04308	0.02456	0.26102	0.04376	0.00712	0.35955	0.01210	0.00551	0.00977
15	0.01586	0.01057	0.01189	0.01189	0.01189	0.01057	0.00661	0.01586	0.01586	0.02114	0.03436	0.07135	0.03964	0.61681	0.05550	0.01057	0.01057	0.01586	0.00661	0.00661
16	0.01894	0.00947	0.01420	0.01420	0.01420	0.00947	0.00947	0.01420	0.01420	0.01894	0.01894	0.03314	0.01894	0.03788	0.04261	0.68277	0.00947	0.00947	0.00473	0.00473
17	0.04892	0.01856	0.02530	0.01940	0.02783	0.01603	0.01603	0.05314	0.03121	0.55634	0.04302	0.03711	0.02699	0.01350	0.01096	0.00337	0.00928	0.01096	0.01350	0.01856
18	0.02261	0.01938	0.02261	0.01615	0.02584	0.01453	0.01292	0.02745	0.02261	0.03553	0.01938	0.02261	0.01615	0.00807	0.00807	0.00161	0.00807	0.00646	0.00646	0.68346
19	0.02712	0.02342	0.02465	0.02219	0.02835	0.02712	0.01726	0.05794	0.52909	0.04561	0.04438	0.04068	0.03328	0.01479	0.01109	0.00370	0.00863	0.01233	0.01109	0.01726
20	0.01655	0.01137	0.01419	0.01521	0.01622	0.01137	0.01104	0.01858	0.01960	0.02579	0.04382	0.09225	0.04899	0.37934	0.03913	0.00832	0.01036	0.20186	0.00800	0.00800
21	0.02699	0.02591	0.04426	0.06693	0.54879	0.02591	0.03346	0.03346	0.02483	0.03562	0.02051	0.02699	0.01727	0.00972	0.01079	0.00324	0.01295	0.00972	0.00540	0.01727
22	0.01894	0.00947	0.01420	0.01420	0.01420	0.00947	0.00947	0.01420	0.01420	0.01894	0.01894	0.03314	0.01894	0.03788	0.04261	0.68277	0.00947	0.00947	0.00473	0.00473
23	0.58847	0.02067	0.01754	0.01517	0.02219	0.02308	0.01250	0.03550	0.02062	0.13181	0.01973	0.02088	0.01429	0.01067	0.00744	0.00337	0.00857	0.00673	0.00785	0.01291
24	0.01289	0.01105	0.01105	0.01105	0.01473	0.00920	0.00828	0.01565	0.02485	0.02946	0.11046	0.10493	0.54437	0.02761	0.01289	0.00368	0.00552	0.02301	0.01013	0.00920
25	0.03276	0.02623	0.02783	0.02333	0.03050	0.02976	0.01862	0.23696	0.34088	0.05471	0.03721	0.03497	0.02748	0.01412	0.01102	0.00353	0.00996	0.01134	0.01102	0.01776
26	0.02509	0.01313	0.01602	0.01450	0.01852	0.01161	0.01070	0.02764	0.02450	0.19639	0.06616	0.15025	0.20788	0.14268	0.02100	0.00508	0.00786	0.01888	0.01050	0.01163
27	0.04892	0.01856	0.02530	0.01940	0.02783	0.01603	0.01603	0.05314	0.03121	0.55634	0.04302	0.03711	0.02699	0.01350	0.01096	0.00337	0.00928	0.01096	0.01350	0.01856
28	0.04073	0.05197	0.03090	0.02809	0.03371	0.57303	0.02107	0.04354	0.03090	0.02669	0.01685	0.01966	0.01404	0.01124	0.00983	0.00281	0.01966	0.00702	0.00562	0.01264
29	0.01416	0.01110	0.01281	0.01238	0.01551	0.00975	0.00929	0.01811	0.02786	0.03659	0.32673	0.09319	0.32364	0.02495	0.01287	0.00356	0.00533	0.02137	0.01106	0.00975
30	0.04004	0.02153	0.03298	0.03864	0.23869	0.02003	0.02308	0.04517	0.02863	0.34558	0.03391	0.03301	0.02306	0.01197	0.01090	0.00332	0.01077	0.01046	0.01022	0.01804
31	0.02915	0.62337	0.05714	0.01866	0.02799	0.04314	0.01866	0.03265	0.02215	0.02565	0.01516	0.01749	0.01399	0.00933	0.00700	0.00233	0.01166	0.00583	0.00466	0.01399
32	0.01505	0.01058	0.01236	0.01306	0.01392	0.01019	0.00840	0.01622	0.01888	0.02457	0.05237	0.18599	0.12164	0.37026	0.03793	0.00792	0.00896	0.05592	0.00808	0.00770
33	0.03538	0.03616	0.04229	0.03591	0.08942	0.19179	0.16126	0.19116	0.03541	0.04342	0.02169	0.02524	0.01651	0.01111	0.01114	0.00325	0.01619	0.00984	0.00727	0.01557
34	0.02059	0.01938	0.03270	0.59060	0.07510	0.02422	0.03028	0.02786	0.02180	0.02786	0.01938	0.02907	0.01453	0.01090	0.01090	0.00363	0.01453	0.00969	0.00484	0.01211
35	0.02261	0.01938	0.02261	0.01615	0.02584	0.01453	0.01292	0.02745	0.02261	0.03553	0.01938	0.02261	0.01615	0.00807	0.00807	0.00161	0.00807	0.00646	0.00646	0.68346
36	0.03505	0.01899	0.02388	0.01769	0.02678	0.01524	0.01439	0.03960	0.02668	0.28185	0.03056	0.02947	0.02128	0.01064	0.00944	0.00245	0.00864	0.00859	0.00979	0.36899
37	0.02363	0.19365	0.43850	0.02807	0.04254	0.02964	0.03505	0.03407	0.02281	0.03238	0.01850	0.02168	0.01386	0.01011	0.00955	0.00318	0.01504	0.00752	0.00462	0.01560
38	0.01869	0.01653	0.02754	0.07460	0.16724	0.01635	0.06540	0.02291	0.02247	0.03060	0.04283	0.35499	0.04784	0.02350	0.01276	0.00398	0.00986	0.02198	0.00802	0.01191
39	0.01374	0.01025	0.01278	0.01390	0.01570	0.00929	0.00976	0.01665	0.02428	0.03221	0.19323	0.36503	0.18391	0.02972	0.01342	0.00401	0.00585	0.02639	0.01060	0.00929
40	0.04145	0.03054	0.03272	0.02509	0.03381	0.03381	0.02072	0.51243	0.05127	0.06872	0.02618	0.02618	0.01854	0.01309	0.01091	0.00327	0.01200	0.00982	0.01091	0.01854
41	0.01503	0.01103	0.01553	0.01582	0.01767	0.01154	0.01181	0.01887	0.02242	0.03161	0.19622	0.17973	0.06072	0.05274	0.27549	0.01024	0.01666	0.01844	0.00871	0.00971
42	0.08501	0.01954	0.02200	0.01598	0.02540	0.01546	0.01282	0.02788	0.02223	0.03677	0.01899	0.02215	0.01575	0.00827	0.00795	0.00178	0.00811	0.00641	0.00649	0.62102
43	0.02574	0.02941	0.06434	0.04596	0.05699	0.02757	0.50919	0.03493	0.02574	0.03493	0.02206	0.02941	0.01654	0.00919	0.01287	0.00368	0.01838	0.01287	0.00551	0.01471
44	0.02574	0.02941	0.06434	0.04596	0.05699	0.02757	0.50919	0.03493	0.02574	0.03493	0.02206	0.02941	0.01654	0.00919	0.01287	0.00368	0.01838	0.01287	0.00551	0.01471
45	0.02797	0.01852	0.01940	0.01631	0.02150	0.01962	0.01301	0.22134	0.03460	0.05064	0.04093	0.04265	0.08729	0.01468	0.00960	0.00298	0.00793	0.01159	0.32601	0.01344
46	0.04892	0.01856	0.02530	0.01940	0.02783	0.01603	0.01603	0.05314	0.03121	0.55634	0.04302	0.03711	0.02699	0.01350	0.01096	0.00337	0.00928	0.01096	0.01350	0.01856
47	0.01467	0.01112	0.01352	0.01292	0.01582	0.00996	0.00969	0.01910	0.02907	0.03946	0.41383	0.08846	0.23475	0.02388	0.01287	0.00350	0.00526	0.02070	0.01144	0.00996
48	0.03267	0.02218	0.02482	0.02148	0.02822	0.02429	0.01694	0.05672	0.40229	0.17569	0.04403	0.03977	0.03168	0.01446	0.01106	0.00362	0.00879	0.01198	0.01171	0.01759
49	0.03467	0.01516	0.02024	0.01725	0.02293	0.01328	0.01351	0.03831	0.02825	0.34402	0.09859	0.18204	0.08340	0.02027	0.01198	0.00365	0.00791	0.01743	0.01230	0.01479
50	0.02712	0.02342	0.02465	0.02219	0.02835	0.02712	0.01726	0.05794	0.52909	0.04561	0.04438	0.04068	0.03328	0.01479	0.01109	0.00370	0.00863	0.01233	0.01109	0.01726
51	0.69383	0.02109	0.01603	0.01434	0.02109	0.02446	0.01181	0.03205	0.01856	0.04892	0.01518	0.01771	0.01181	0.01012	0.00675	0.00337	0.00843	0.00590	0.00675	0.01181
52	0.01419	0.01036	0.01334	0.01416	0.01592	0.00952	0.01002	0.01759	0.02562	0.03494	0.27619	0.33152	0.12949	0.02836	0.01336	0.00392	0.00573	0.02532	0.01095	0.00952
53	0.01289	0.01105	0.01105	0.01105	0.01473	0.00920	0.00828	0.01565	0.02485	0.02946	0.11046	0.10493	0.54437	0.02761	0.01289	0.00368	0.00552	0.02301	0.01013	0.00920
54	0.01894	0.00947	0.01420	0.01420	0.01420	0.00947	0.00947	0.01420	0.01420	0.01894	0.01894	0.03314	0.01894	0.03788	0.04261	0.68277	0.00947	0.00947	0.00473	0.00473
55	0.03181	0.02281	0.02453	0.02051	0.02675	0.02507	0.01665	0.27423	0.12328	0.05485	0.03424	0.04036	0.02709	0.01472	0.01048	0.00331	0.00956	0.04958	0.17463	0.01555
56	0.02318	0.02202	0.03738	0.37864	0.26683	0.02491	0.03157	0.03013	0.02303	0.03100	0.01984	0.02823	0.01564	0.01042	0.01086	0.00347	0.01389	0.00970	0.00507	0.01420
57	0.01565	0.01140	0.01610	0.01610	0.01756	0.01286	0.01185	0.01856	0.01710	0.02426	0.03051	0.05004	0.03039	0.21698	0.44267	0.01577	0.02450	0.01274	0.00603	0.00894
58	0.04457	0.02554	0.02963	0.02271	0.03132	0.02639	0.01876	0.32076	0.04290	0.27221	0.03320	0.03074	0.02207	0.01326	0.01093	0.00331	0.01086	0.01030	0.01199	0.01855
59	0.02152	0.01778	0.01980	0.01935	0.02328	0.01973	0.01437	0.04063	0.32339	0.03842	0.05074	0.27099	0.04900	0.02263	0.01224	0.00399	0.00770	0.01988	0.01070	0.01386
60	0.02614	0.26808	0.05669	0.03184	0.04137	0.03223	0.26314	0.03264	0.02477	0.03201	0.06887	0.02954	0.02373	0.01049	0.01049	0.00311	0.01440	0.01067	0.00579	0.01400
61	0.01289	0.01105	0.01105	0.01105	0.01473	0.00920	0.00828	0.01565	0.02485	0.02946	0.11046	0.10493	0.54437	0.02761	0.01289	0.00368	0.00552	0.02301	0.01013	0.00920
62	0.02730	0.02538	0.02575	0.02543	0.06896	0.07761	0.01821	0.05136	0.40275	0.04177	0.04499	0.04257	0.06975	0.01505	0.01109	0.00358	0.00978	0.01244	0.01005	0.01620
63	0.02261	0.01938	0.02261	0.01615	0.02584	0.01453	0.01292	0.02745	0.02261	0.03553	0.01938	0.02261	0.01615	0.00807	0.00807	0.00161	0.00807	0.00646	0.00646	0.68346
64	0.01837	0.01490	0.02213	0.02727	0.15191	0.01427	0.01619	0.02386	0.02933	0.04166	0.40996	0.06758	0.08108	0.01909	0.01233	0.00338	0.00713	0.01717	0.01032	0.01207
65	0.04073	0.05197	0.03090	0.02809	0.03371	0.57303	0.02107	0.04354	0.03090	0.02669	0.01685	0.01966	0.01404	0.01124	0.00983	0.00281	0.01966	0.00702	0.00562	0.01264
66	0.01558	0.01168	0.01752	0.01752	0.01947	0.01363	0.01363	0.01947	0.01752	0.02531	0.02921	0.04283	0.02726	0.08178	0.57360	0.01752	0.02921	0.01168	0.00584	0.00974
67	0.04073	0.05197	0.03090	0.02809	0.03371	0.57303	0.02107	0.04354	0.03090	0.02669	0.01685	0.01966	0.01404	0.01124	0.00983	0.00281	0.01966	0.00702	0.00562	0.01264
68	0.01328	0.00949	0.01265	0.01518	0.01581	0.00886	0.01012	0.01518	0.02088	0.02783	0.06010	0.60969	0.07212	0.03416	0.01392	0.00443	0.00633	0.03100	0.01012	0.00886
69	0.01510	0.01078	0.01473	0.01725	0.01868	0.01042	0.01327	0.01831	0.02266	0.02986	0.05910	0.40404	0.06816	0.03245	0.01440	0.00468	0.00790	0.21878	0.01009	0.00936
70	0.04694	0.02174	0.02727	0.02091	0.02942	0.02075	0.01727	0.17513	0.03654	0.42683	0.03854	0.03421	0.02475	0.01339	0.01095	0.00335	0.01000	0.01066	0.01281	0.01855
71	0.01543	0.01115	0.01457	0.01372	0.01629	0.01029	0.01029	0.02058	0.03086	0.04372	0.54304	0.08145	0.10288	0.02229	0.01286	0.00343	0.00514	0.01972	0.01200	0.01029
72	0.04073	0.05197	0.03090	0.02809	0.03371	0.57303	0.02107	0.04354	0.03090	0.02669	0.01685	0.01966	0.01404	0.01124	0.00983	0.00281	0.01966	0.00702	0.00562	0.01264
73	0.02890	0.01389	0.01798	0.01569	0.01995	0.01271	0.01202	0.03255	0.02666	0.23406	0.16421	0.06218	0.05111	0.14806	0.02116	0.00501	0.00827	0.04911	0.06386	0.01263
74	0.01851	0.01143	0.01388	0.01311	0.01465	0.01094	0.00858	0.02051	0.02196	0.07349	0.19810	0.07170	0.05884	0.37543	0.03808	0.00768	0.00872	0.01668	0.00892	0.00879
75	0.01757	0.01255	0.01757	0.02008	0.02259	0.01255	0.01757	0.02259	0.02510	0.03263	0.05773	0.12299	0.06275	0.03012	0.01506	0.00502	0.01004	0.47540	0.01004	0.01004
76	0.04892	0.01856	0.02530	0.01940	0.02783	0.01603	0.01603	0.05314	0.03121	0.55634	0.04302	0.03711	0.02699	0.01350	0.01096	0.00337	0.00928	0.01096	0.01350	0.01856
77	0.02775	0.01494	0.01923	0.01676	0.02138	0.01399	0.01299	0.07538	0.03118	0.20051	0.26028	0.15178	0.06659	0.02074	0.01228	0.00357	0.00725	0.01802	0.01204	0.01335
78	0.02712	0.02342	0.02465	0.02219	0.02835	0.02712	0.01726	0.05794	0.52909	0.04561	0.04438	0.04068	0.03328	0.01479	0.01109	0.00370	0.00863	0.01233	0.01109	0.01726
79	0.69383	0.02109	0.01603	0.01434	0.02109	0.02446	0.01181	0.03205	0.01856	0.04892	0.01518	0.01771	0.01181	0.01012	0.00675	0.00337	0.00843	0.00590	0.00675	0.01181
80	0.20113	0.01511	0.01575	0.01536	0.01930	0.01552	0.01152	0.06005	0.02393	0.07563	0.05213	0.28487	0.12291	0.02355	0.01138	0.00386	0.00741	0.01992	0.00952	0.01115
81	0.01558	0.01168	0.01752	0.01752	0.01947	0.01363	0.01363	0.01947	0.01752	0.02531	0.02921	0.04283	0.02726	0.08178	0.57360	0.01752	0.02921	0.01168	0.00584	0.00974
82	0.02574	0.02941	0.06434	0.04596	0.05699	0.02757	0.50919	0.03493	0.02574	0.03493	0.02206	0.02941	0.01654	0.00919	0.01287	0.00368	0.01838	0.01287	0.00551	0.01471
83	0.01328	0.00949	0.01265	0.01518	0.01581	0.00886	0.01012	0.01518	0.02088	0.02783	0.06010	0.60969	0.07212	0.03416	0.01392	0.00443	0.00633	0.03100	0.01012	0.00886
84	0.08818	0.01885	0.02358	0.01987	0.02429	0.02042	0.05220	0.15690	0.02709	0.03906	0.02800	0.04322	0.02620	0.20846	0.16715	0.00910	0.01612	0.01194	0.00753	0.01183
85	0.02059	0.01938	0.03270	0.59060	0.07510	0.02422	0.03028	0.02786	0.02180	0.02786	0.01938	0.02907	0.01453	0.01090	0.01090	0.00363	0.01453	0.00969	0.00484	0.01211
86	0.02499	0.02387	0.04066	0.23020	0.40110	0.02538	0.03247	0.03172	0.02388	0.03320	0.02016	0.02764	0.01642	0.01008	0.01083	0.00336	0.01345	0.00971	0.00523	0.01566
87	0.01445	0.01081	0.01313	0.01374	0.01573	0.01016	0.00988	0.01720	0.02280	0.02978	0.14201	0.20163	0.20821	0.13216	0.06771	0.00624	0.00884	0.05711	0.00945	0.00897
88	0.02702	0.02835	0.12601	0.28181	0.09452	0.02558	0.02887	0.10564	0.06430	0.07651	0.02410	0.02885	0.01752	0.01151	0.01082	0.00350	0.01349	0.00971	0.00685	0.01504

[dist]
# distance from previous block
# <min> <max>
0	23

# created by:
# /st0/software/busco_prod/Augustus/scripts/msa2prfl.pl ./align_prep/9588.fa
