[name]
unknown

[dist]
# distance from previous block
# <min> <max>
20	336

[block]
# block no. 0 follows, 13 sequences, length 13
# corresponding to MSA columns:
# 368-380
name=unknown_A
#
# <colnr> <probs for GDERKNQSTAVLIFYWHMCP>
#	G	D	E	R	K	N	Q	S	T	A	V	L	I	F	Y	W	H	M	C	P
0	0.01783	0.01715	0.09146	0.01602	0.02059	0.01204	0.01417	0.02281	0.02620	0.08097	0.27881	0.17729	0.13899	0.02227	0.01218	0.00355	0.00707	0.01943	0.01016	0.01102
1	0.02064	0.01833	0.08580	0.01743	0.02230	0.01414	0.01496	0.02832	0.09537	0.10650	0.09214	0.26509	0.13028	0.02306	0.01206	0.00375	0.00782	0.02010	0.00986	0.01205
2	0.12731	0.01532	0.01799	0.01494	0.02074	0.01453	0.01204	0.03833	0.02592	0.29803	0.06244	0.03674	0.02827	0.01283	0.00911	0.00301	0.00735	0.01014	0.23092	0.01403
3	0.02709	0.01681	0.02446	0.02026	0.02596	0.01584	0.08328	0.03487	0.09760	0.19797	0.09626	0.14943	0.12596	0.01905	0.01185	0.00358	0.00871	0.01700	0.01048	0.01355
4	0.02052	0.01383	0.02113	0.01909	0.02303	0.01284	0.08235	0.02466	0.02369	0.10025	0.05449	0.23089	0.11741	0.02310	0.01231	0.00384	0.00852	0.10542	0.09163	0.01099
5	0.02902	0.02099	0.09597	0.01865	0.02549	0.01600	0.01673	0.03736	0.09707	0.23653	0.09355	0.12067	0.11038	0.01796	0.01134	0.00350	0.00863	0.01519	0.01059	0.01438
6	0.03473	0.10506	0.03129	0.02255	0.02984	0.10672	0.01840	0.20376	0.20172	0.09264	0.02995	0.02894	0.02218	0.01256	0.01002	0.00314	0.01133	0.00955	0.00939	0.01623
7	0.05030	0.09043	0.01993	0.01460	0.01830	0.01576	0.01137	0.04813	0.02595	0.06612	0.23299	0.15622	0.09700	0.06248	0.01412	0.00381	0.00707	0.01734	0.03730	0.01079
8	0.02847	0.02525	0.09854	0.02103	0.02834	0.02288	0.01867	0.07502	0.30744	0.11600	0.03747	0.03581	0.02737	0.01323	0.01021	0.00335	0.00921	0.01080	0.09495	0.01596
9	0.02982	0.55413	0.05189	0.01935	0.02790	0.11693	0.01841	0.03312	0.02265	0.02501	0.01493	0.01725	0.01358	0.00930	0.00716	0.00233	0.01238	0.00581	0.00465	0.01339
10	0.01535	0.01256	0.03711	0.05479	0.01981	0.01140	0.01168	0.01779	0.02050	0.02778	0.14015	0.18286	0.08847	0.17472	0.07359	0.06681	0.00993	0.01816	0.00796	0.00858
11	0.01744	0.01260	0.01510	0.01449	0.01677	0.01222	0.01022	0.02151	0.06511	0.02790	0.08010	0.09386	0.04351	0.29013	0.03241	0.05554	0.00898	0.08029	0.00772	0.09410
12	0.02252	0.02143	0.02866	0.02439	0.02598	0.02773	0.01989	0.02683	0.05326	0.02744	0.01821	0.02815	0.01753	0.07037	0.03135	0.00466	0.43971	0.00960	0.00541	0.09686

[dist]
# distance from previous block
# <min> <max>
0	3

[block]
# block no. 1 follows, 13 sequences, length 6
# corresponding to MSA columns:
# 384-389
name=unknown_B
#
# <colnr> <probs for GDERKNQSTAVLIFYWHMCP>
#	G	D	E	R	K	N	Q	S	T	A	V	L	I	F	Y	W	H	M	C	P
0	0.02619	0.07993	0.11601	0.03675	0.17974	0.02459	0.09911	0.03699	0.10904	0.08163	0.07822	0.03338	0.02741	0.01172	0.01065	0.00326	0.01195	0.01079	0.00728	0.01538
1	0.13468	0.01824	0.02033	0.01642	0.02295	0.01813	0.01333	0.12210	0.02908	0.22684	0.03140	0.03134	0.02211	0.01198	0.00896	0.00292	0.00816	0.00921	0.19224	0.05957
2	0.03366	0.07396	0.14727	0.02972	0.08093	0.12236	0.06651	0.08620	0.02814	0.16027	0.02420	0.02581	0.01742	0.01140	0.01149	0.00320	0.04567	0.00893	0.00740	0.01546
3	0.02572	0.01867	0.02231	0.01613	0.02534	0.01431	0.01298	0.03033	0.02317	0.11417	0.02221	0.02402	0.01723	0.00861	0.00825	0.00182	0.00800	0.00691	0.00728	0.59253
4	0.02929	0.14066	0.03493	0.07466	0.08516	0.06043	0.05191	0.11711	0.07348	0.08927	0.06589	0.03616	0.07007	0.01311	0.01021	0.00311	0.01122	0.01082	0.00801	0.01450
5	0.02266	0.01589	0.01920	0.01658	0.02062	0.01638	0.01312	0.10863	0.03073	0.09273	0.26828	0.06504	0.16723	0.02006	0.01417	0.00347	0.06627	0.01637	0.01052	0.01204

[dist]
# distance from previous block
# <min> <max>
2	12

[block]
# block no. 2 follows, 13 sequences, length 10
# corresponding to MSA columns:
# 402-411
name=unknown_C
#
# <colnr> <probs for GDERKNQSTAVLIFYWHMCP>
#	G	D	E	R	K	N	Q	S	T	A	V	L	I	F	Y	W	H	M	C	P
0	0.07882	0.02617	0.07964	0.22214	0.19093	0.02594	0.06126	0.12047	0.02723	0.03881	0.02016	0.02582	0.01539	0.01043	0.01032	0.00333	0.01315	0.00922	0.00608	0.01469
1	0.01461	0.01579	0.08402	0.01556	0.01901	0.01136	0.01317	0.01850	0.02248	0.03039	0.15406	0.26745	0.15183	0.07798	0.05002	0.00510	0.00863	0.02141	0.00896	0.00968
2	0.02841	0.09796	0.03373	0.07891	0.20546	0.02277	0.02202	0.03341	0.02542	0.15105	0.12022	0.03662	0.03297	0.01305	0.01198	0.00322	0.04925	0.01094	0.00794	0.01467
3	0.17408	0.11068	0.11432	0.02404	0.06854	0.02688	0.02093	0.15092	0.02937	0.14943	0.02358	0.02423	0.01686	0.01104	0.00915	0.00311	0.01103	0.00816	0.00809	0.01558
4	0.01549	0.01222	0.01597	0.01496	0.01727	0.01269	0.01153	0.01967	0.02585	0.03607	0.35879	0.07164	0.15315	0.02945	0.08818	0.00525	0.07456	0.01754	0.00982	0.00992
5	0.02376	0.21977	0.19110	0.18617	0.12151	0.02968	0.02902	0.03102	0.02200	0.02923	0.01774	0.02280	0.01412	0.00979	0.00924	0.00303	0.01344	0.00781	0.00466	0.01410
6	0.24366	0.02051	0.02853	0.31084	0.14699	0.02387	0.02410	0.02935	0.02066	0.03507	0.01767	0.02422	0.01373	0.01011	0.00924	0.00337	0.01188	0.00820	0.00540	0.01258
7	0.10121	0.01102	0.01236	0.01352	0.01508	0.01089	0.00912	0.01699	0.01938	0.02843	0.05296	0.37328	0.10976	0.15239	0.02083	0.00531	0.00716	0.02308	0.00869	0.00854
8	0.10917	0.01694	0.02632	0.05843	0.02940	0.01659	0.11420	0.02854	0.02620	0.11166	0.24020	0.09109	0.05413	0.01654	0.01142	0.00344	0.00916	0.01510	0.00936	0.01213
9	0.10948	0.02116	0.03200	0.28490	0.05086	0.02269	0.09359	0.06402	0.02348	0.03496	0.01911	0.02533	0.01464	0.00982	0.00976	0.00307	0.01240	0.00873	0.00577	0.15422

[dist]
# distance from previous block
# <min> <max>
0	14

[block]
# block no. 3 follows, 13 sequences, length 56
# corresponding to MSA columns:
# 426-481
name=unknown_D
#
# <colnr> <probs for GDERKNQSTAVLIFYWHMCP>
#	G	D	E	R	K	N	Q	S	T	A	V	L	I	F	Y	W	H	M	C	P
0	0.02644	0.03092	0.17083	0.06358	0.09662	0.06512	0.02476	0.07204	0.02663	0.09001	0.10419	0.03413	0.02946	0.01328	0.01276	0.00334	0.06855	0.01042	0.04279	0.01414
1	0.23068	0.20639	0.07268	0.01790	0.02591	0.02727	0.01670	0.06196	0.02257	0.08236	0.01968	0.02241	0.01571	0.01681	0.06524	0.00420	0.01194	0.00712	0.00648	0.06598
2	0.40600	0.02200	0.02203	0.06180	0.05986	0.02484	0.01592	0.14511	0.02687	0.04925	0.05938	0.02516	0.02025	0.01142	0.00846	0.00326	0.00943	0.00812	0.00766	0.01320
3	0.03083	0.03270	0.07728	0.13370	0.08948	0.18589	0.02407	0.09286	0.02764	0.07636	0.02242	0.05567	0.01848	0.01293	0.01278	0.00333	0.07354	0.00970	0.00658	0.01376
4	0.02752	0.47425	0.12043	0.02083	0.02994	0.03828	0.02139	0.05726	0.02261	0.02824	0.01575	0.01864	0.01380	0.01018	0.00981	0.00266	0.06323	0.00645	0.00484	0.01390
5	0.05731	0.03700	0.27949	0.18239	0.05240	0.02504	0.12442	0.03132	0.02196	0.03218	0.01889	0.02479	0.01399	0.01039	0.01171	0.00350	0.04544	0.00906	0.00481	0.01393
6	0.04335	0.01695	0.02308	0.01833	0.02561	0.01472	0.01486	0.04717	0.02908	0.50552	0.04367	0.10531	0.03135	0.01546	0.01097	0.00339	0.00866	0.01293	0.01270	0.01688
7	0.01878	0.01459	0.01966	0.01789	0.02000	0.01676	0.01402	0.05909	0.02411	0.03436	0.23028	0.05056	0.05125	0.03650	0.16698	0.06626	0.12688	0.01364	0.00808	0.01029
8	0.01523	0.01133	0.01428	0.01401	0.01668	0.01022	0.01036	0.01893	0.02497	0.03456	0.27711	0.19164	0.11388	0.07277	0.01575	0.00407	0.00637	0.06064	0.00999	0.07720
9	0.02875	0.02204	0.02400	0.07859	0.03062	0.06480	0.01711	0.07386	0.25220	0.12245	0.12817	0.04236	0.03915	0.01469	0.01092	0.00339	0.00946	0.01222	0.01024	0.01496
10	0.01421	0.01002	0.01230	0.01338	0.01426	0.00957	0.00884	0.01585	0.01972	0.02615	0.09131	0.29878	0.09929	0.25566	0.02859	0.00644	0.00775	0.05125	0.00867	0.00797
11	0.03042	0.28856	0.13909	0.02519	0.03546	0.03177	0.10380	0.08442	0.02625	0.10932	0.02142	0.02330	0.01617	0.01013	0.00919	0.00289	0.01282	0.00823	0.00646	0.01510
12	0.01327	0.00984	0.01239	0.01364	0.01524	0.00896	0.00951	0.01597	0.02313	0.03071	0.17814	0.40225	0.16950	0.02936	0.01308	0.00394	0.00573	0.02616	0.01022	0.00896
13	0.02830	0.37493	0.08675	0.12370	0.03764	0.13636	0.02213	0.03291	0.02303	0.02610	0.01605	0.01974	0.01366	0.00973	0.00820	0.00265	0.01355	0.00669	0.00472	0.01317
14	0.10011	0.01540	0.02006	0.01728	0.02273	0.01475	0.01372	0.03656	0.02456	0.31312	0.03871	0.12756	0.03166	0.03040	0.13662	0.00643	0.01269	0.01336	0.01030	0.01399
15	0.02827	0.63478	0.05540	0.01809	0.02714	0.04184	0.01809	0.03166	0.02148	0.02488	0.01470	0.01696	0.01357	0.00905	0.00678	0.00226	0.01131	0.00565	0.00452	0.01357
16	0.01343	0.00920	0.01242	0.01463	0.01518	0.00865	0.00975	0.01463	0.01960	0.02613	0.05431	0.56292	0.06480	0.03348	0.01626	0.07270	0.00644	0.02798	0.00930	0.00819
17	0.02590	0.02267	0.03301	0.32882	0.05479	0.02628	0.06766	0.14199	0.11723	0.03922	0.02461	0.02953	0.01823	0.01154	0.01077	0.00346	0.01290	0.01013	0.00708	0.01418
18	0.03616	0.05881	0.03226	0.02375	0.03131	0.03177	0.01977	0.40420	0.04218	0.05717	0.02297	0.02442	0.01709	0.01282	0.01303	0.00318	0.08206	0.00904	0.00923	0.06877
19	0.01932	0.01860	0.11232	0.01569	0.02070	0.01275	0.01468	0.02528	0.02554	0.07099	0.23553	0.09609	0.05593	0.01715	0.01049	0.00314	0.00718	0.01467	0.21264	0.01132
20	0.02286	0.01177	0.01473	0.01348	0.01527	0.01124	0.00884	0.02303	0.01838	0.14029	0.03278	0.05606	0.03258	0.40018	0.04239	0.11671	0.00981	0.01336	0.00758	0.00865
21	0.03289	0.02616	0.02850	0.02344	0.03013	0.03003	0.01895	0.28625	0.25421	0.05369	0.03181	0.03110	0.02363	0.01389	0.01272	0.00347	0.06157	0.01052	0.01014	0.01691
22	0.01837	0.00918	0.01377	0.01377	0.01377	0.00918	0.00918	0.01377	0.01377	0.01837	0.01837	0.03214	0.01837	0.03673	0.04132	0.69238	0.00918	0.00918	0.00459	0.00459
23	0.03950	0.05039	0.02996	0.02724	0.03269	0.58597	0.02043	0.04222	0.02996	0.02588	0.01634	0.01907	0.01362	0.01090	0.00953	0.00272	0.01907	0.00681	0.00545	0.01226
24	0.02742	0.02327	0.02454	0.02174	0.02792	0.02682	0.01701	0.09424	0.50348	0.04604	0.04161	0.03831	0.03112	0.01421	0.01074	0.00355	0.00863	0.01176	0.01074	0.01684
25	0.02543	0.02437	0.04159	0.12861	0.50449	0.02493	0.03208	0.03181	0.02373	0.03365	0.01976	0.02641	0.01643	0.00956	0.01048	0.00319	0.01274	0.00942	0.00517	0.01616
26	0.02682	0.02563	0.05336	0.03900	0.04857	0.02395	0.41300	0.03476	0.02552	0.09710	0.02727	0.03851	0.02174	0.01144	0.01247	0.00366	0.01597	0.06029	0.00670	0.01425
27	0.01653	0.01093	0.01370	0.01410	0.01668	0.00985	0.01044	0.01970	0.02453	0.07774	0.17827	0.28014	0.19742	0.02695	0.01285	0.00385	0.00621	0.05975	0.01049	0.00988
28	0.01629	0.01178	0.01400	0.01345	0.01345	0.01287	0.00839	0.01657	0.01547	0.02109	0.03101	0.06374	0.03553	0.55621	0.05155	0.00958	0.08115	0.01465	0.00620	0.00702
29	0.02370	0.01285	0.01691	0.01511	0.01922	0.01158	0.01193	0.02825	0.02907	0.18253	0.33865	0.07269	0.11362	0.02039	0.01216	0.00346	0.00651	0.05764	0.01172	0.01203
30	0.02131	0.01707	0.02495	0.02121	0.02448	0.01896	0.07417	0.10034	0.02247	0.03114	0.02584	0.04026	0.02435	0.15718	0.23054	0.05930	0.07784	0.01160	0.00636	0.01064
31	0.01747	0.01126	0.01433	0.01365	0.01659	0.01015	0.01019	0.02152	0.02753	0.09023	0.35636	0.16131	0.16241	0.02337	0.01245	0.00351	0.00562	0.02047	0.01121	0.01039
32	0.03020	0.07258	0.03566	0.07319	0.03735	0.08135	0.12369	0.04520	0.22375	0.11768	0.03154	0.03198	0.02320	0.01197	0.01066	0.00334	0.01219	0.01066	0.00849	0.01532
33	0.03430	0.01514	0.02002	0.01633	0.02238	0.01321	0.01311	0.03847	0.02944	0.35951	0.19226	0.05569	0.10956	0.01707	0.01136	0.00332	0.00745	0.01437	0.01230	0.01470
34	0.10704	0.18240	0.28764	0.02433	0.03604	0.03001	0.02743	0.12220	0.02657	0.03912	0.01863	0.02101	0.01404	0.01026	0.00896	0.00305	0.01301	0.00737	0.00583	0.01507
35	0.01550	0.01083	0.01523	0.01523	0.01644	0.01203	0.01102	0.01745	0.01624	0.02286	0.02863	0.04786	0.02878	0.21932	0.39185	0.08296	0.02165	0.01218	0.00575	0.00816
36	0.02109	0.04244	0.40108	0.02599	0.03791	0.02192	0.03101	0.06570	0.02507	0.03656	0.10534	0.03306	0.02845	0.01766	0.05704	0.00443	0.01468	0.01001	0.00614	0.01440
37	0.02742	0.02327	0.02454	0.02174	0.02792	0.02682	0.01701	0.09424	0.50348	0.04604	0.04161	0.03831	0.03112	0.01421	0.01074	0.00355	0.00863	0.01176	0.01074	0.01684
38	0.02439	0.11203	0.19241	0.08057	0.03783	0.02340	0.04578	0.03349	0.06295	0.06561	0.02170	0.02451	0.01650	0.00979	0.00922	0.00273	0.01177	0.00793	0.00607	0.21130
39	0.02407	0.03240	0.19238	0.19187	0.13277	0.02541	0.07982	0.07378	0.07701	0.03568	0.02224	0.02711	0.01664	0.01062	0.01061	0.00339	0.01389	0.00952	0.00586	0.01491
40	0.08639	0.03699	0.02954	0.15216	0.03974	0.33479	0.02206	0.03549	0.02501	0.02780	0.01638	0.02152	0.01359	0.01187	0.01328	0.00323	0.10529	0.00765	0.00525	0.01198
41	0.08954	0.01916	0.02887	0.12130	0.24612	0.01961	0.02223	0.02705	0.02331	0.03503	0.10573	0.10379	0.03472	0.01418	0.01055	0.00325	0.01006	0.01273	0.00689	0.06588
42	0.02210	0.01653	0.02290	0.16802	0.07225	0.01737	0.01784	0.08408	0.02796	0.08002	0.16677	0.09986	0.12553	0.01793	0.01156	0.00346	0.00910	0.01552	0.00898	0.01223
43	0.03822	0.04669	0.03029	0.02707	0.03230	0.50141	0.02062	0.07578	0.03027	0.02878	0.01679	0.01985	0.01395	0.01164	0.01164	0.00291	0.06622	0.00720	0.00575	0.01261
44	0.02605	0.08808	0.26612	0.03165	0.04356	0.02792	0.16798	0.10898	0.06704	0.03867	0.02211	0.02539	0.01628	0.01037	0.01059	0.00331	0.01474	0.00951	0.00611	0.01552
45	0.02750	0.01371	0.01817	0.01584	0.02060	0.01226	0.01267	0.03195	0.02905	0.24352	0.27405	0.06816	0.10269	0.01948	0.01198	0.00348	0.00703	0.06304	0.01187	0.01296
46	0.02102	0.01600	0.01849	0.01674	0.02049	0.01682	0.01265	0.10240	0.14302	0.04310	0.27360	0.11551	0.06492	0.06888	0.01526	0.00402	0.00725	0.01691	0.01068	0.01222
47	0.01432	0.01045	0.01362	0.01465	0.01656	0.00975	0.01097	0.01791	0.02481	0.03347	0.24081	0.28681	0.12795	0.02769	0.01323	0.00398	0.00628	0.10697	0.01045	0.00932
48	0.01785	0.00952	0.01428	0.01428	0.01458	0.00982	0.00982	0.01458	0.01428	0.01934	0.01994	0.03363	0.01964	0.04347	0.12763	0.58546	0.01221	0.00952	0.00476	0.00536
49	0.03140	0.47576	0.04918	0.01973	0.02862	0.03946	0.01862	0.16188	0.02890	0.03585	0.01751	0.01917	0.01473	0.01000	0.00778	0.00250	0.01139	0.00667	0.00611	0.01473
50	0.02706	0.08455	0.03593	0.28187	0.13439	0.02840	0.02606	0.15449	0.02860	0.03792	0.01996	0.02577	0.01544	0.01118	0.01144	0.00330	0.04404	0.00905	0.00625	0.01430
51	0.01767	0.01271	0.01382	0.01320	0.01723	0.01161	0.00999	0.02363	0.08581	0.08455	0.08811	0.13945	0.39401	0.02456	0.01220	0.00361	0.00615	0.02069	0.01026	0.01073
52	0.01809	0.01148	0.01446	0.01355	0.01676	0.01028	0.01021	0.02217	0.02779	0.10041	0.35225	0.13259	0.18396	0.02283	0.01236	0.00347	0.00565	0.01987	0.01125	0.01057
53	0.02468	0.02954	0.12482	0.06981	0.09529	0.02587	0.17754	0.04162	0.21879	0.03734	0.02882	0.03139	0.02167	0.01128	0.01113	0.00349	0.01317	0.01105	0.00719	0.01550
54	0.03021	0.02614	0.03908	0.03236	0.08236	0.02726	0.17289	0.22735	0.09497	0.04662	0.02658	0.03247	0.02103	0.07321	0.01550	0.00405	0.01307	0.01129	0.00813	0.01543
55	0.02627	0.08656	0.04584	0.05846	0.46521	0.02694	0.07323	0.03249	0.02389	0.03351	0.01950	0.02545	0.01637	0.00934	0.01027	0.00309	0.01289	0.00931	0.00517	0.01622

[dist]
# distance from previous block
# <min> <max>
11	25

[block]
# block no. 4 follows, 13 sequences, length 7
# corresponding to MSA columns:
# 509-515
name=unknown_E
#
# <colnr> <probs for GDERKNQSTAVLIFYWHMCP>
#	G	D	E	R	K	N	Q	S	T	A	V	L	I	F	Y	W	H	M	C	P
0	0.02508	0.02350	0.03754	0.05228	0.42471	0.02230	0.02734	0.03096	0.02352	0.03452	0.01961	0.02508	0.01647	0.00901	0.00979	0.00274	0.01135	0.00861	0.00550	0.19010
1	0.01510	0.01133	0.01699	0.01699	0.01888	0.01322	0.01322	0.01888	0.01699	0.02454	0.02832	0.04154	0.02643	0.07930	0.58652	0.01699	0.02832	0.01133	0.00566	0.00944
2	0.10863	0.02223	0.03271	0.07431	0.16346	0.02217	0.06607	0.09193	0.02836	0.24215	0.02826	0.02920	0.01963	0.01124	0.01030	0.00327	0.01121	0.00976	0.00890	0.01620
3	0.01430	0.01000	0.01253	0.01325	0.01417	0.00953	0.00870	0.01639	0.02126	0.02904	0.18723	0.28469	0.06747	0.23183	0.02689	0.00605	0.00721	0.02206	0.00916	0.00823
4	0.01819	0.01587	0.01982	0.16588	0.03285	0.01722	0.01593	0.02918	0.15700	0.03351	0.11108	0.06470	0.23969	0.01893	0.01155	0.00354	0.00834	0.01603	0.00892	0.01175
5	0.09947	0.33444	0.14966	0.02097	0.03069	0.03398	0.02162	0.07738	0.08034	0.03471	0.01956	0.02123	0.01572	0.01022	0.00817	0.00281	0.01155	0.00711	0.00592	0.01448
6	0.02416	0.02216	0.02998	0.10333	0.03560	0.07334	0.09446	0.02940	0.02452	0.06633	0.12466	0.03564	0.03215	0.01281	0.01302	0.00303	0.07479	0.01079	0.00713	0.18274

[dist]
# distance from previous block
# <min> <max>
0	1

[block]
# block no. 5 follows, 13 sequences, length 32
# corresponding to MSA columns:
# 517-548
name=unknown_F
#
# <colnr> <probs for GDERKNQSTAVLIFYWHMCP>
#	G	D	E	R	K	N	Q	S	T	A	V	L	I	F	Y	W	H	M	C	P
0	0.02234	0.02938	0.19826	0.08847	0.06706	0.02116	0.05805	0.03152	0.06514	0.07185	0.02802	0.08976	0.02408	0.02373	0.09843	0.00559	0.04527	0.01179	0.00650	0.01361
1	0.23410	0.10942	0.02862	0.06918	0.03010	0.08521	0.01766	0.11526	0.06068	0.04031	0.01960	0.02298	0.01571	0.01520	0.04230	0.00397	0.06196	0.00779	0.00675	0.01320
2	0.01306	0.00941	0.01208	0.01413	0.01494	0.00875	0.00939	0.01481	0.02016	0.02659	0.06019	0.53395	0.10700	0.08149	0.01672	0.00472	0.00641	0.02822	0.00954	0.00844
3	0.02279	0.02017	0.03198	0.36418	0.05598	0.02318	0.07518	0.10879	0.02613	0.03427	0.02594	0.11476	0.02312	0.01406	0.01119	0.00358	0.01290	0.01276	0.00649	0.01257
4	0.59939	0.02513	0.01779	0.01599	0.02236	0.11159	0.01285	0.03282	0.01986	0.04407	0.01498	0.01747	0.01179	0.00998	0.00701	0.00319	0.00988	0.00589	0.00637	0.01158
5	0.02921	0.02191	0.02811	0.28949	0.04867	0.06478	0.02256	0.04061	0.14642	0.15512	0.02954	0.03193	0.02109	0.01206	0.01055	0.00342	0.01196	0.01008	0.00810	0.01438
6	0.08240	0.09532	0.18526	0.02324	0.03309	0.02354	0.06328	0.03611	0.10279	0.07978	0.06445	0.02977	0.02421	0.01131	0.00965	0.00304	0.01123	0.00930	0.00716	0.10506
7	0.01463	0.01057	0.01300	0.01317	0.01496	0.00991	0.00937	0.01763	0.02377	0.03209	0.25664	0.14890	0.14466	0.17699	0.02317	0.00535	0.00691	0.05986	0.00967	0.00874
8	0.03299	0.04782	0.19955	0.02747	0.03644	0.31794	0.02597	0.08963	0.06310	0.03359	0.01983	0.02206	0.01521	0.01104	0.00988	0.00302	0.01654	0.00773	0.00601	0.01418
9	0.01419	0.00975	0.01309	0.01426	0.01541	0.00931	0.00991	0.01583	0.02090	0.02820	0.13631	0.36115	0.09684	0.03515	0.06506	0.10603	0.00819	0.02309	0.00901	0.00833
10	0.02516	0.02120	0.02547	0.02729	0.11434	0.02299	0.01854	0.10546	0.26278	0.04203	0.04756	0.05261	0.10781	0.01664	0.01133	0.00359	0.00919	0.06138	0.00958	0.01505
11	0.01360	0.00977	0.01260	0.01437	0.01541	0.00917	0.00991	0.01580	0.02113	0.02807	0.10041	0.44710	0.10165	0.09186	0.01752	0.00481	0.00668	0.06194	0.00962	0.00859
12	0.07421	0.02106	0.02491	0.24952	0.04261	0.07781	0.02011	0.06996	0.06201	0.03713	0.16972	0.04106	0.03917	0.01404	0.01070	0.00334	0.01104	0.01174	0.00773	0.01213
13	0.01837	0.00918	0.01377	0.01377	0.01377	0.00918	0.00918	0.01377	0.01377	0.01837	0.01837	0.03214	0.01837	0.03673	0.04132	0.69238	0.00918	0.00918	0.00459	0.00459
14	0.03021	0.06637	0.13060	0.02453	0.03164	0.14388	0.05930	0.03572	0.02451	0.12001	0.02380	0.02685	0.01799	0.01219	0.01323	0.00321	0.10053	0.00883	0.11302	0.01358
15	0.01933	0.01614	0.02320	0.01928	0.02397	0.01583	0.08662	0.06670	0.08217	0.04151	0.32357	0.06615	0.13405	0.01896	0.01215	0.00341	0.00781	0.01705	0.01030	0.01181
16	0.01697	0.01248	0.01651	0.01773	0.02033	0.01253	0.01467	0.02373	0.06924	0.03500	0.17936	0.14332	0.06883	0.02639	0.01366	0.00433	0.00815	0.29618	0.01030	0.01029
17	0.02164	0.01879	0.02336	0.10178	0.03206	0.01547	0.01500	0.02668	0.02181	0.03336	0.01879	0.02284	0.01543	0.00823	0.00823	0.00185	0.00875	0.00672	0.00603	0.59316
18	0.02246	0.01951	0.02906	0.32696	0.08463	0.02305	0.02410	0.09875	0.02576	0.03447	0.06825	0.09169	0.02762	0.01467	0.01300	0.00360	0.06092	0.01231	0.00669	0.01250
19	0.02210	0.01353	0.01681	0.01474	0.01883	0.01261	0.01145	0.06575	0.03074	0.13082	0.36134	0.07075	0.14799	0.02022	0.01201	0.00334	0.00625	0.01739	0.01153	0.01182
20	0.60340	0.02084	0.01801	0.01594	0.02152	0.02499	0.01316	0.03025	0.01773	0.04421	0.01460	0.01805	0.01181	0.01109	0.01067	0.00347	0.09629	0.00624	0.00626	0.01147
21	0.02758	0.01694	0.02617	0.17318	0.12302	0.01733	0.02002	0.03165	0.02446	0.17990	0.11006	0.03860	0.03201	0.01666	0.01538	0.10436	0.01027	0.01124	0.00819	0.01297
22	0.01826	0.01333	0.01661	0.01740	0.02003	0.01338	0.01362	0.09234	0.02628	0.03451	0.05680	0.31983	0.10048	0.02826	0.01336	0.00426	0.00810	0.18284	0.00990	0.01038
23	0.01843	0.01425	0.02053	0.10917	0.02758	0.01582	0.01533	0.02060	0.01747	0.02485	0.02208	0.03441	0.02063	0.07824	0.19942	0.16044	0.07661	0.00986	0.00531	0.10898
24	0.07872	0.01978	0.02785	0.18026	0.07963	0.02257	0.05348	0.03567	0.18094	0.03490	0.02960	0.03762	0.02419	0.02258	0.09508	0.00555	0.01382	0.03720	0.00721	0.01334
25	0.19704	0.22256	0.06741	0.06228	0.03463	0.02996	0.10480	0.06090	0.02352	0.07968	0.01916	0.02206	0.01477	0.00990	0.00865	0.00301	0.01188	0.00783	0.00622	0.01375
26	0.02634	0.02888	0.10598	0.08606	0.08061	0.06578	0.04986	0.10793	0.11590	0.03993	0.06765	0.03123	0.02513	0.01178	0.01030	0.00306	0.01177	0.00993	0.00749	0.11440
27	0.02045	0.01906	0.03169	0.23568	0.08927	0.02103	0.09667	0.02868	0.06773	0.03345	0.14260	0.07040	0.03801	0.01455	0.01265	0.00355	0.04168	0.01328	0.00715	0.01239
28	0.03012	0.02114	0.02552	0.10564	0.03319	0.02297	0.01805	0.21595	0.09987	0.11078	0.11439	0.08686	0.03730	0.01573	0.01114	0.00341	0.00977	0.01315	0.01014	0.01488
29	0.05383	0.01260	0.01483	0.01391	0.01636	0.01254	0.00976	0.02421	0.06687	0.07726	0.22461	0.09509	0.05944	0.24229	0.02705	0.00593	0.00775	0.01636	0.00941	0.00990
30	0.16310	0.02163	0.06608	0.01718	0.02460	0.01847	0.01489	0.09368	0.02541	0.04125	0.09773	0.03064	0.02747	0.01345	0.01152	0.05864	0.00876	0.00884	0.00741	0.24924
31	0.09946	0.02791	0.02411	0.06847	0.03001	0.19490	0.01663	0.05969	0.02785	0.10521	0.11323	0.03287	0.03038	0.01252	0.00976	0.00287	0.01176	0.00958	0.00794	0.11487

[dist]
# distance from previous block
# <min> <max>
3	30

# created by:
# /st0/software/busco_prod/Augustus/scripts/msa2prfl.pl ./align_prep/9600.fa
