[name]
unknown

[dist]
# distance from previous block
# <min> <max>
0	317

[block]
# block no. 0 follows, 15 sequences, length 79
# corresponding to MSA columns:
# 378-456
name=unknown_A
#
# <colnr> <probs for GDERKNQSTAVLIFYWHMCP>
#	G	D	E	R	K	N	Q	S	T	A	V	L	I	F	Y	W	H	M	C	P
0	0.01428	0.01024	0.01397	0.01425	0.01537	0.01116	0.01025	0.01656	0.01609	0.02236	0.03164	0.09312	0.03332	0.26499	0.34680	0.01242	0.01853	0.04070	0.00605	0.00789
1	0.02067	0.01772	0.02067	0.01477	0.02362	0.01329	0.01181	0.02510	0.02067	0.03248	0.01772	0.02067	0.01477	0.00738	0.00738	0.00148	0.00738	0.00591	0.00591	0.71059
2	0.02577	0.34779	0.21597	0.02464	0.06697	0.03077	0.05257	0.03202	0.02148	0.07235	0.01776	0.02008	0.01400	0.00913	0.00813	0.00264	0.01213	0.00689	0.00497	0.01394
3	0.02164	0.03196	0.21127	0.27973	0.11373	0.07327	0.02980	0.02911	0.02099	0.02803	0.01738	0.02355	0.01331	0.01022	0.01126	0.00324	0.05606	0.00817	0.00447	0.01280
4	0.02067	0.01772	0.02067	0.01477	0.02362	0.01329	0.01181	0.02510	0.02067	0.03248	0.01772	0.02067	0.01477	0.00738	0.00738	0.00148	0.00738	0.00591	0.00591	0.71059
5	0.03014	0.02301	0.02476	0.02088	0.02736	0.02585	0.01663	0.20060	0.37502	0.08900	0.03557	0.03304	0.02603	0.01298	0.01008	0.00324	0.00884	0.01050	0.01026	0.01621
6	0.02176	0.02173	0.08993	0.42005	0.10018	0.02108	0.02660	0.02847	0.02106	0.07568	0.01966	0.02603	0.01450	0.00984	0.00972	0.00312	0.01248	0.00858	0.00523	0.06431
7	0.08497	0.02334	0.04308	0.16434	0.04879	0.02369	0.29827	0.07070	0.02440	0.08848	0.02123	0.02637	0.01542	0.00947	0.01059	0.00327	0.01402	0.01021	0.00608	0.01330
8	0.02315	0.02952	0.11620	0.04057	0.05115	0.02499	0.49652	0.03189	0.02327	0.03189	0.01993	0.02627	0.01486	0.00852	0.01152	0.00334	0.01659	0.01130	0.00495	0.01358
9	0.02136	0.02837	0.15446	0.23776	0.11286	0.02361	0.21727	0.02954	0.02174	0.02975	0.01874	0.02539	0.01408	0.00919	0.01050	0.00326	0.01468	0.00960	0.00466	0.01315
10	0.02059	0.01889	0.03074	0.53976	0.10735	0.02287	0.02732	0.06188	0.02199	0.02858	0.01822	0.02625	0.01374	0.01002	0.00996	0.00327	0.01302	0.00887	0.00485	0.01185
11	0.02665	0.65565	0.05224	0.01706	0.02559	0.03945	0.01706	0.02985	0.02026	0.02345	0.01386	0.01599	0.01279	0.00853	0.00640	0.00213	0.01066	0.00533	0.00426	0.01279
12	0.03866	0.01623	0.02159	0.01711	0.02386	0.01454	0.01392	0.04430	0.06531	0.47146	0.12292	0.04039	0.03574	0.01366	0.01030	0.00311	0.00786	0.01134	0.01198	0.01572
13	0.02518	0.01917	0.03146	0.36293	0.19861	0.02117	0.02604	0.03112	0.02226	0.13277	0.02200	0.02743	0.01606	0.01012	0.00995	0.00318	0.01201	0.00908	0.00603	0.01342
14	0.03075	0.09125	0.18091	0.02504	0.03389	0.19717	0.05895	0.07035	0.07740	0.10681	0.02234	0.02352	0.01642	0.01047	0.00939	0.00291	0.01377	0.00803	0.00654	0.01408
15	0.01237	0.00877	0.01150	0.01359	0.01411	0.00825	0.00894	0.01394	0.01864	0.02485	0.05266	0.58706	0.06305	0.09125	0.01641	0.00459	0.00616	0.02700	0.00894	0.00790
16	0.01296	0.01014	0.01182	0.01209	0.01478	0.00901	0.00922	0.01625	0.02393	0.03076	0.22540	0.14493	0.33642	0.02473	0.01209	0.00351	0.00550	0.07797	0.00973	0.00875
17	0.12547	0.31802	0.03636	0.07706	0.02854	0.09214	0.01731	0.02856	0.01998	0.02689	0.01666	0.02377	0.01527	0.01206	0.01117	0.03939	0.06045	0.03456	0.00493	0.01142
18	0.01891	0.01265	0.01406	0.01310	0.01690	0.01221	0.01001	0.02666	0.12014	0.09305	0.13365	0.09582	0.25353	0.01947	0.01064	0.00319	0.00585	0.01639	0.11291	0.01087
19	0.01317	0.00941	0.01275	0.01506	0.01608	0.00898	0.01104	0.01566	0.02010	0.02660	0.05438	0.50393	0.06369	0.03026	0.01300	0.00419	0.00667	0.15741	0.00923	0.00838
20	0.02692	0.02094	0.02260	0.02002	0.02587	0.02372	0.01566	0.05251	0.51189	0.10051	0.04044	0.03685	0.02982	0.01340	0.01013	0.00335	0.00795	0.01114	0.01038	0.01591
21	0.02131	0.01910	0.02912	0.50277	0.06045	0.02328	0.02557	0.07971	0.08103	0.03082	0.02075	0.02745	0.01547	0.01054	0.00999	0.00330	0.01249	0.00913	0.00558	0.01215
22	0.01498	0.01048	0.01300	0.01390	0.01643	0.00956	0.01082	0.01805	0.02243	0.05921	0.09724	0.23948	0.24761	0.02648	0.01248	0.00385	0.00654	0.15889	0.00949	0.00906
23	0.01424	0.01068	0.01602	0.01602	0.01780	0.01246	0.01246	0.01780	0.01602	0.02314	0.02670	0.03916	0.02492	0.07477	0.61015	0.01602	0.02670	0.01068	0.00534	0.00890
24	0.02067	0.01772	0.02067	0.01477	0.02362	0.01329	0.01181	0.02510	0.02067	0.03248	0.01772	0.02067	0.01477	0.00738	0.00738	0.00148	0.00738	0.00591	0.00591	0.71059
25	0.01858	0.00929	0.00929	0.00929	0.01161	0.00929	0.00697	0.02323	0.02091	0.03717	0.03252	0.03717	0.02555	0.01161	0.00697	0.00232	0.00465	0.00929	0.70499	0.00929
26	0.47745	0.07696	0.07773	0.02033	0.08298	0.02356	0.01620	0.03090	0.01896	0.07420	0.01635	0.01864	0.01253	0.00936	0.00714	0.00300	0.00913	0.00624	0.00607	0.01226
27	0.02167	0.17096	0.38068	0.08333	0.04051	0.02657	0.03005	0.03245	0.06750	0.03016	0.01897	0.02191	0.01424	0.00967	0.00894	0.00298	0.01317	0.00742	0.00475	0.01406
28	0.01858	0.00929	0.00929	0.00929	0.01161	0.00929	0.00697	0.02323	0.02091	0.03717	0.03252	0.03717	0.02555	0.01161	0.00697	0.00232	0.00465	0.00929	0.70499	0.00929
29	0.10801	0.01825	0.02611	0.01987	0.02769	0.01652	0.07138	0.04494	0.02688	0.48118	0.03482	0.03146	0.02231	0.01162	0.00984	0.00311	0.00929	0.00976	0.01096	0.01599
30	0.03184	0.02239	0.05279	0.15363	0.03635	0.06715	0.01974	0.04067	0.11953	0.25232	0.02964	0.02997	0.02068	0.01216	0.01186	0.00326	0.06356	0.00946	0.00858	0.01441
31	0.02163	0.02470	0.08560	0.02639	0.02782	0.02982	0.02327	0.02473	0.01583	0.02473	0.01355	0.02174	0.01304	0.01667	0.03046	0.00425	0.57156	0.00859	0.00435	0.01128
32	0.01455	0.00955	0.01104	0.01116	0.01119	0.00952	0.00637	0.01437	0.01464	0.01952	0.03176	0.09301	0.03661	0.57977	0.04805	0.05249	0.00940	0.01485	0.00610	0.00604
33	0.06930	0.02162	0.06255	0.14706	0.17469	0.02027	0.02251	0.06873	0.02548	0.24881	0.02644	0.02787	0.01832	0.01066	0.00973	0.00310	0.01073	0.00904	0.00801	0.01507
34	0.02270	0.24762	0.35673	0.02380	0.03552	0.02870	0.02807	0.03328	0.07915	0.02997	0.01897	0.02110	0.01458	0.00959	0.00853	0.00284	0.01266	0.00711	0.00486	0.01420
35	0.01246	0.00971	0.01131	0.01179	0.01410	0.00857	0.00851	0.01528	0.02302	0.02969	0.20529	0.24840	0.31472	0.02578	0.01205	0.00351	0.00518	0.02241	0.00968	0.00857
36	0.01490	0.01127	0.01388	0.01303	0.01581	0.01079	0.00983	0.02165	0.08016	0.03876	0.47844	0.07313	0.13996	0.02023	0.01160	0.00318	0.00505	0.01769	0.01071	0.00992
37	0.02253	0.02251	0.09059	0.43858	0.09202	0.02264	0.02729	0.07291	0.02305	0.06477	0.01966	0.02610	0.01439	0.01016	0.00991	0.00324	0.01286	0.00878	0.00540	0.01262
38	0.02635	0.02055	0.02830	0.35933	0.08283	0.06456	0.02324	0.07259	0.02482	0.12962	0.05294	0.02954	0.02014	0.01107	0.01000	0.00317	0.01205	0.00940	0.00670	0.01280
39	0.03121	0.25913	0.03820	0.02514	0.07283	0.24323	0.01955	0.09294	0.02597	0.02907	0.01590	0.01881	0.01355	0.01034	0.01026	0.00264	0.06634	0.00671	0.00529	0.01290
40	0.02492	0.01759	0.02111	0.01529	0.02395	0.01353	0.01231	0.02925	0.02206	0.13170	0.02153	0.02301	0.01652	0.00826	0.00785	0.00176	0.00758	0.00663	0.00704	0.58812
41	0.02067	0.01772	0.02067	0.01477	0.02362	0.01329	0.01181	0.02510	0.02067	0.03248	0.01772	0.02067	0.01477	0.00738	0.00738	0.00148	0.00738	0.00591	0.00591	0.71059
42	0.03045	0.20945	0.09242	0.06350	0.02958	0.02363	0.01825	0.03688	0.06144	0.23101	0.08138	0.03091	0.02625	0.01160	0.00907	0.00285	0.00974	0.00914	0.00821	0.01423
43	0.01535	0.01089	0.01349	0.01287	0.01537	0.01054	0.00963	0.02173	0.06987	0.03890	0.44409	0.10227	0.07947	0.01951	0.01114	0.00312	0.00502	0.01713	0.08981	0.00982
44	0.06524	0.12483	0.03139	0.05359	0.03022	0.02942	0.01823	0.28334	0.09918	0.08799	0.02393	0.02464	0.01774	0.01177	0.01080	0.00302	0.05258	0.00856	0.00840	0.01513
45	0.03678	0.02737	0.02929	0.02271	0.03049	0.03039	0.01868	0.51152	0.09140	0.06103	0.02535	0.02506	0.01810	0.01210	0.00999	0.00302	0.01071	0.00917	0.00999	0.01685
46	0.51364	0.01984	0.01869	0.08452	0.02665	0.02264	0.01390	0.08626	0.02141	0.08817	0.01741	0.01962	0.01284	0.00987	0.00731	0.00310	0.00876	0.00654	0.00687	0.01197
47	0.02014	0.08001	0.06874	0.08282	0.02747	0.01740	0.01577	0.02444	0.02076	0.05873	0.08369	0.10204	0.03076	0.06765	0.01420	0.00330	0.04715	0.01125	0.00663	0.21705
48	0.03191	0.07281	0.28073	0.02299	0.03389	0.02168	0.02510	0.09369	0.02665	0.25292	0.02661	0.02605	0.01778	0.01079	0.00955	0.00305	0.01165	0.00844	0.00798	0.01572
49	0.01364	0.00930	0.01113	0.01197	0.01218	0.00909	0.00721	0.01427	0.01617	0.02156	0.03999	0.27601	0.04707	0.42411	0.03688	0.00762	0.00825	0.01955	0.00721	0.00679
50	0.02345	0.02366	0.04497	0.25280	0.05572	0.02474	0.29941	0.08925	0.02488	0.03311	0.01970	0.02644	0.01466	0.00938	0.01090	0.00330	0.01486	0.01039	0.00538	0.01298
51	0.02367	0.02200	0.09141	0.26506	0.04782	0.02032	0.10463	0.03175	0.05952	0.11873	0.02722	0.06570	0.02196	0.01249	0.01059	0.00339	0.01221	0.04201	0.00669	0.01281
52	0.01709	0.00881	0.01321	0.01321	0.01334	0.00894	0.00894	0.01334	0.01321	0.01775	0.01801	0.03096	0.01788	0.03761	0.08140	0.65840	0.01000	0.00881	0.00440	0.00467
53	0.01781	0.01189	0.01567	0.01692	0.01936	0.01183	0.01352	0.02362	0.07506	0.07434	0.05129	0.28625	0.05518	0.02627	0.01275	0.00416	0.00780	0.25668	0.00955	0.01006
54	0.01858	0.00929	0.00929	0.00929	0.01161	0.00929	0.00697	0.02323	0.02091	0.03717	0.03252	0.03717	0.02555	0.01161	0.00697	0.00232	0.00465	0.00929	0.70499	0.00929
55	0.09342	0.03017	0.21569	0.15636	0.10091	0.02232	0.05148	0.03183	0.02135	0.11008	0.02033	0.02426	0.01476	0.01039	0.01106	0.00325	0.05463	0.00832	0.00572	0.01367
56	0.02482	0.01250	0.01656	0.01439	0.01857	0.01114	0.01119	0.02890	0.02740	0.23682	0.32621	0.10320	0.08992	0.01853	0.01121	0.00320	0.00615	0.01607	0.01125	0.01197
57	0.02181	0.02181	0.03053	0.02617	0.02617	0.03053	0.02181	0.02399	0.01527	0.02399	0.01309	0.02181	0.01309	0.01745	0.03272	0.00436	0.63141	0.00872	0.00436	0.01091
58	0.03724	0.04751	0.02825	0.02568	0.03082	0.60963	0.01926	0.03981	0.02825	0.02440	0.01541	0.01798	0.01284	0.01027	0.00899	0.00257	0.01798	0.00642	0.00514	0.01156
59	0.02232	0.02775	0.19544	0.14375	0.03969	0.02029	0.06298	0.03337	0.11820	0.09125	0.03290	0.08137	0.06046	0.01331	0.01033	0.00332	0.01136	0.01156	0.00697	0.01337
60	0.01411	0.01019	0.01333	0.01254	0.01489	0.00941	0.00941	0.01881	0.02822	0.03998	0.58221	0.07447	0.09406	0.02038	0.01176	0.00314	0.00470	0.01803	0.01097	0.00941
61	0.03724	0.04751	0.02825	0.02568	0.03082	0.60963	0.01926	0.03981	0.02825	0.02440	0.01541	0.01798	0.01284	0.01027	0.00899	0.00257	0.01798	0.00642	0.00514	0.01156
62	0.02993	0.02164	0.08791	0.16904	0.03920	0.01898	0.05987	0.06116	0.05717	0.24773	0.03103	0.08187	0.02340	0.01282	0.01032	0.00327	0.01079	0.01117	0.00850	0.01420
63	0.02684	0.02204	0.03316	0.28505	0.16081	0.02445	0.05278	0.16652	0.02826	0.07206	0.02101	0.02597	0.01555	0.01033	0.01005	0.00315	0.01228	0.00912	0.00650	0.01406
64	0.01210	0.00884	0.01140	0.01344	0.01434	0.00813	0.00906	0.01393	0.01951	0.02562	0.06027	0.57990	0.12574	0.03054	0.01262	0.00397	0.00570	0.02750	0.00925	0.00813
65	0.60832	0.02191	0.06549	0.05992	0.02498	0.02241	0.01427	0.02921	0.01753	0.04218	0.01451	0.01738	0.01114	0.00933	0.00673	0.00311	0.00872	0.00582	0.00587	0.01115
66	0.02467	0.02369	0.04046	0.06119	0.58747	0.02369	0.03059	0.03059	0.02270	0.03257	0.01875	0.02467	0.01579	0.00888	0.00987	0.00296	0.01184	0.00888	0.00493	0.01579
67	0.02378	0.02410	0.13163	0.01778	0.02761	0.01536	0.01699	0.02950	0.02180	0.10789	0.02066	0.02253	0.01569	0.00845	0.00814	0.00201	0.00894	0.00674	0.00645	0.48395
68	0.02853	0.01765	0.02376	0.01967	0.02534	0.01736	0.05967	0.11076	0.09436	0.19131	0.06210	0.13110	0.03402	0.01722	0.01234	0.04215	0.00889	0.04310	0.00959	0.05110
69	0.01450	0.00966	0.01087	0.01087	0.01087	0.00966	0.00604	0.01450	0.01450	0.01933	0.03141	0.06524	0.03624	0.64965	0.05074	0.00966	0.00966	0.01450	0.00604	0.00604
70	0.03473	0.23031	0.03508	0.02228	0.02870	0.37772	0.01814	0.03762	0.02584	0.07942	0.01726	0.01892	0.01398	0.00994	0.00830	0.00249	0.01482	0.00644	0.00557	0.01246
71	0.01858	0.00929	0.00929	0.00929	0.01161	0.00929	0.00697	0.02323	0.02091	0.03717	0.03252	0.03717	0.02555	0.01161	0.00697	0.00232	0.00465	0.00929	0.70499	0.00929
72	0.03304	0.15962	0.11688	0.02372	0.07355	0.06420	0.02040	0.07160	0.07242	0.22768	0.02669	0.02609	0.01890	0.01078	0.00911	0.00287	0.01089	0.00835	0.00802	0.01520
73	0.01679	0.06799	0.02318	0.08394	0.14687	0.01557	0.01641	0.02005	0.02006	0.02685	0.03986	0.39365	0.04525	0.02231	0.01129	0.00358	0.00826	0.02020	0.00741	0.01048
74	0.01856	0.01161	0.01450	0.01337	0.01640	0.01086	0.00996	0.02363	0.05758	0.11103	0.33600	0.10687	0.12544	0.08121	0.01528	0.00386	0.00600	0.01722	0.01033	0.01029
75	0.07623	0.16555	0.18216	0.02344	0.03148	0.02711	0.06453	0.06062	0.02219	0.06652	0.05613	0.02480	0.01935	0.01169	0.01320	0.00315	0.12460	0.00836	0.00576	0.01313
76	0.07166	0.02591	0.14172	0.02128	0.03014	0.01953	0.05063	0.12216	0.02856	0.28199	0.03520	0.03358	0.06726	0.01239	0.00994	0.00312	0.01031	0.01010	0.00927	0.01523
77	0.01883	0.01772	0.02990	0.62569	0.06866	0.02215	0.02769	0.02547	0.01993	0.02547	0.01772	0.02658	0.01329	0.00997	0.00997	0.00332	0.01329	0.00886	0.00443	0.01107
78	0.01732	0.00866	0.01299	0.01299	0.01299	0.00866	0.00866	0.01299	0.01299	0.01732	0.01732	0.03030	0.01732	0.03463	0.03896	0.70996	0.00866	0.00866	0.00433	0.00433

[dist]
# distance from previous block
# <min> <max>
0	43

# created by:
# /st0/software/busco_prod/Augustus/scripts/msa2prfl.pl ./align_prep/9604.fa
