[name]
unknown

[dist]
# distance from previous block
# <min> <max>
0	154

[block]
# block no. 0 follows, 15 sequences, length 19
# corresponding to MSA columns:
# 182-200
name=unknown_A
#
# <colnr> <probs for GDERKNQSTAVLIFYWHMCP>
#	G	D	E	R	K	N	Q	S	T	A	V	L	I	F	Y	W	H	M	C	P
0	0.01301	0.00924	0.01231	0.01446	0.01530	0.00881	0.01023	0.01512	0.01944	0.02578	0.05286	0.50757	0.06228	0.07525	0.01566	0.00455	0.00666	0.11434	0.00901	0.00814
1	0.02350	0.02249	0.03834	0.17448	0.48335	0.02338	0.03001	0.02957	0.02214	0.03114	0.01854	0.02506	0.01529	0.00910	0.00989	0.00303	0.01213	0.00888	0.00483	0.01484
2	0.02533	0.08044	0.14560	0.02738	0.09061	0.02276	0.08059	0.03790	0.17039	0.10786	0.05564	0.06029	0.02611	0.01225	0.01003	0.00316	0.01073	0.01077	0.00762	0.01454
3	0.03817	0.02368	0.07246	0.02178	0.03013	0.02121	0.05272	0.18722	0.06866	0.32874	0.03219	0.02989	0.02134	0.01183	0.01009	0.00310	0.01017	0.00972	0.01042	0.01648
4	0.01248	0.01000	0.01114	0.01112	0.01396	0.00867	0.00824	0.01556	0.02398	0.03053	0.23438	0.13628	0.39985	0.02437	0.01186	0.00336	0.00501	0.02080	0.00975	0.00867
5	0.02445	0.48431	0.09475	0.01943	0.02791	0.03363	0.05875	0.02893	0.02146	0.02663	0.07802	0.02377	0.02201	0.00992	0.00767	0.00243	0.01081	0.00741	0.00507	0.01263
6	0.02950	0.02947	0.12709	0.10183	0.18434	0.08600	0.06585	0.07594	0.02583	0.14340	0.02269	0.02549	0.01646	0.01014	0.00990	0.00305	0.01280	0.00881	0.00664	0.01477
7	0.01420	0.00946	0.01112	0.01158	0.01205	0.00927	0.00709	0.01527	0.01703	0.02349	0.08004	0.19434	0.04677	0.41921	0.03625	0.00741	0.00807	0.01755	0.05282	0.00698
8	0.01261	0.00988	0.01142	0.01157	0.01411	0.00868	0.00847	0.01571	0.02388	0.03095	0.25078	0.18565	0.33132	0.02471	0.01194	0.00341	0.00507	0.02134	0.00982	0.00868
9	0.07918	0.02442	0.02797	0.05902	0.03184	0.10987	0.07616	0.07045	0.14343	0.22855	0.03005	0.02930	0.02105	0.01148	0.00983	0.00311	0.01109	0.00951	0.00896	0.01474
10	0.02820	0.12390	0.20875	0.02763	0.09503	0.07259	0.02490	0.12885	0.08895	0.07409	0.02229	0.02369	0.01661	0.01043	0.00924	0.00293	0.01222	0.00808	0.00661	0.01499
11	0.03323	0.04083	0.02884	0.02581	0.02961	0.45911	0.01992	0.03570	0.02488	0.02429	0.01481	0.01897	0.01290	0.01214	0.01516	0.00303	0.17743	0.00702	0.00494	0.01139
12	0.06516	0.02155	0.03390	0.12314	0.38215	0.02150	0.02557	0.02884	0.02162	0.03236	0.01813	0.02367	0.01498	0.00877	0.00920	0.00274	0.01096	0.00812	0.00512	0.14250
13	0.01296	0.01015	0.01173	0.01134	0.01419	0.00892	0.00850	0.01659	0.02551	0.03354	0.34494	0.08505	0.33535	0.02278	0.01177	0.00325	0.00487	0.01951	0.01013	0.00892
14	0.01411	0.01019	0.01333	0.01254	0.01489	0.00941	0.00941	0.01881	0.02822	0.03998	0.58221	0.07447	0.09406	0.02038	0.01176	0.00314	0.00470	0.01803	0.01097	0.00941
15	0.02154	0.01154	0.01540	0.01426	0.01752	0.01041	0.01073	0.02520	0.02579	0.18024	0.29626	0.21999	0.06829	0.02127	0.01157	0.00337	0.00598	0.01878	0.01086	0.01101
16	0.01450	0.00966	0.01087	0.01087	0.01087	0.00966	0.00604	0.01450	0.01450	0.01933	0.03141	0.06524	0.03624	0.64965	0.05074	0.00966	0.00966	0.01450	0.00604	0.00604
17	0.01461	0.01101	0.01404	0.01556	0.01822	0.01044	0.01319	0.01850	0.02287	0.02885	0.06911	0.10686	0.23555	0.02676	0.01310	0.00418	0.00778	0.35124	0.00921	0.00892
18	0.02467	0.02369	0.04046	0.06119	0.58747	0.02369	0.03059	0.03059	0.02270	0.03257	0.01875	0.02467	0.01579	0.00888	0.00987	0.00296	0.01184	0.00888	0.00493	0.01579

[dist]
# distance from previous block
# <min> <max>
0	20

[block]
# block no. 1 follows, 15 sequences, length 56
# corresponding to MSA columns:
# 221-276
name=unknown_B
#
# <colnr> <probs for GDERKNQSTAVLIFYWHMCP>
#	G	D	E	R	K	N	Q	S	T	A	V	L	I	F	Y	W	H	M	C	P
0	0.72007	0.01928	0.01465	0.01311	0.01928	0.02236	0.01080	0.02930	0.01697	0.04473	0.01388	0.01619	0.01080	0.00925	0.00617	0.00308	0.00771	0.00540	0.00617	0.01080
1	0.02697	0.02627	0.06717	0.02160	0.02819	0.06444	0.01801	0.11559	0.42426	0.04253	0.03503	0.03298	0.02617	0.01280	0.00999	0.00326	0.00948	0.01036	0.00934	0.01557
2	0.02278	0.02176	0.03705	0.24371	0.41972	0.02319	0.02965	0.02894	0.02181	0.03027	0.01842	0.02529	0.01498	0.00923	0.00990	0.00308	0.01231	0.00887	0.00477	0.01427
3	0.02559	0.15665	0.17473	0.03126	0.04180	0.02734	0.26130	0.06822	0.02422	0.06558	0.01980	0.02363	0.01479	0.00915	0.00996	0.00303	0.01423	0.00920	0.00547	0.01405
4	0.02752	0.01485	0.02010	0.01670	0.02081	0.01415	0.04696	0.06854	0.02294	0.22504	0.03414	0.05145	0.03060	0.29905	0.02864	0.00614	0.00980	0.04256	0.00866	0.01136
5	0.02067	0.01772	0.02067	0.01477	0.02362	0.01329	0.01181	0.02510	0.02067	0.03248	0.01772	0.02067	0.01477	0.00738	0.00738	0.00148	0.00738	0.00591	0.00591	0.71059
6	0.02244	0.02266	0.04325	0.24366	0.09142	0.02361	0.26950	0.06167	0.02365	0.03155	0.02133	0.03136	0.01707	0.01030	0.01101	0.00337	0.01444	0.03958	0.00537	0.01276
7	0.01858	0.00929	0.00929	0.00929	0.01161	0.00929	0.00697	0.02323	0.02091	0.03717	0.03252	0.03717	0.02555	0.01161	0.00697	0.00232	0.00465	0.00929	0.70499	0.00929
8	0.72007	0.01928	0.01465	0.01311	0.01928	0.02236	0.01080	0.02930	0.01697	0.04473	0.01388	0.01619	0.01080	0.00925	0.00617	0.00308	0.00771	0.00540	0.00617	0.01080
9	0.01450	0.00966	0.01087	0.01087	0.01087	0.00966	0.00604	0.01450	0.01450	0.01933	0.03141	0.06524	0.03624	0.64965	0.05074	0.00966	0.00966	0.01450	0.00604	0.00604
10	0.03790	0.02792	0.02992	0.02294	0.03091	0.03091	0.01895	0.55423	0.04687	0.06283	0.02393	0.02393	0.01695	0.01197	0.00997	0.00299	0.01097	0.00898	0.00997	0.01695
11	0.03785	0.04384	0.02798	0.02489	0.03042	0.52430	0.01889	0.07653	0.02958	0.06997	0.01781	0.01960	0.01402	0.01055	0.00914	0.00264	0.01677	0.00687	0.00602	0.01234
12	0.02434	0.02134	0.02471	0.06951	0.07969	0.02450	0.01801	0.04889	0.47889	0.03966	0.03689	0.03527	0.02782	0.01284	0.01011	0.00334	0.00865	0.01087	0.00924	0.01543
13	0.01520	0.00997	0.01234	0.01175	0.01410	0.00938	0.00881	0.01989	0.02644	0.03929	0.44855	0.06540	0.07740	0.01825	0.01059	0.00294	0.00469	0.01590	0.17972	0.00938
14	0.01411	0.01019	0.01333	0.01254	0.01489	0.00941	0.00941	0.01881	0.02822	0.03998	0.58221	0.07447	0.09406	0.02038	0.01176	0.00314	0.00470	0.01803	0.01097	0.00941
15	0.02353	0.02689	0.05882	0.04202	0.05210	0.02521	0.55126	0.03193	0.02353	0.03193	0.02017	0.02689	0.01513	0.00840	0.01176	0.00336	0.01681	0.01176	0.00504	0.01345
16	0.01178	0.01010	0.01010	0.01010	0.01347	0.00842	0.00757	0.01431	0.02272	0.02693	0.10099	0.09594	0.58342	0.02525	0.01178	0.00337	0.00505	0.02104	0.00926	0.00842
17	0.01247	0.00881	0.01147	0.01347	0.01397	0.00831	0.00881	0.01397	0.01846	0.02461	0.05173	0.56412	0.06187	0.11580	0.01792	0.00482	0.00631	0.02645	0.00881	0.00782
18	0.03101	0.03671	0.03365	0.09192	0.11592	0.35260	0.08942	0.03700	0.06398	0.02784	0.01848	0.02227	0.01483	0.01003	0.00965	0.00286	0.01579	0.00803	0.00538	0.01265
19	0.02965	0.08505	0.08585	0.02223	0.02960	0.09627	0.04742	0.17540	0.12534	0.08342	0.09185	0.03145	0.02767	0.01231	0.00982	0.00299	0.01102	0.00988	0.00836	0.01441
20	0.01701	0.01241	0.01571	0.01670	0.01924	0.01281	0.01367	0.02465	0.10435	0.03205	0.10069	0.11769	0.05385	0.07073	0.01533	0.00448	0.00811	0.29777	0.05287	0.00990
21	0.33006	0.15668	0.05801	0.01866	0.02544	0.20978	0.01611	0.03283	0.02138	0.03341	0.01457	0.01698	0.01193	0.00944	0.00728	0.00274	0.01190	0.00581	0.00536	0.01165
22	0.02419	0.01386	0.01722	0.01471	0.01895	0.01331	0.01155	0.09491	0.03004	0.16221	0.34343	0.05583	0.06296	0.01677	0.01072	0.00303	0.00632	0.01434	0.07362	0.01200
23	0.02190	0.12350	0.02707	0.01792	0.05765	0.01823	0.01380	0.02621	0.02072	0.03100	0.01714	0.02014	0.01450	0.00766	0.00737	0.00167	0.00819	0.00599	0.00558	0.55375
24	0.01439	0.01011	0.01313	0.01313	0.01390	0.01089	0.00885	0.01594	0.01516	0.02100	0.02935	0.05383	0.03129	0.39809	0.29553	0.01245	0.01712	0.01283	0.00573	0.00729
25	0.02782	0.03192	0.25650	0.02360	0.03355	0.02029	0.05430	0.03973	0.12809	0.19504	0.06383	0.03149	0.02471	0.01168	0.01003	0.00319	0.01113	0.00979	0.00814	0.01516
26	0.02724	0.18035	0.03006	0.01922	0.02579	0.02747	0.01599	0.04673	0.37781	0.09192	0.03374	0.03154	0.02543	0.01215	0.00919	0.00304	0.00864	0.00965	0.00888	0.01515
27	0.01397	0.01018	0.01313	0.01239	0.01480	0.00934	0.00929	0.01853	0.02788	0.03917	0.55240	0.07580	0.12437	0.02068	0.01176	0.00315	0.00472	0.01822	0.01087	0.00934
28	0.03315	0.28218	0.03751	0.02235	0.02880	0.38961	0.01841	0.03597	0.02517	0.02403	0.01481	0.01721	0.01282	0.00960	0.00799	0.00240	0.01515	0.00600	0.00480	0.01203
29	0.01237	0.01012	0.01091	0.01071	0.01382	0.00867	0.00804	0.01544	0.02411	0.03022	0.22218	0.09053	0.46018	0.02402	0.01178	0.00331	0.00496	0.02028	0.00969	0.00867
30	0.01215	0.00868	0.01157	0.01388	0.01446	0.00810	0.00925	0.01388	0.01909	0.02545	0.05495	0.64315	0.06593	0.03123	0.01272	0.00405	0.00578	0.02834	0.00925	0.00810
31	0.03177	0.13210	0.22188	0.02312	0.03347	0.02316	0.05845	0.07013	0.02552	0.24527	0.02589	0.02568	0.01765	0.01049	0.00937	0.00297	0.01162	0.00844	0.00771	0.01532
32	0.03214	0.38298	0.04148	0.01961	0.02736	0.13858	0.01752	0.11666	0.02674	0.08648	0.01826	0.01939	0.01464	0.00977	0.00779	0.00244	0.01182	0.00657	0.00613	0.01364
33	0.02205	0.23280	0.39792	0.02415	0.03665	0.02751	0.02934	0.03066	0.02078	0.02916	0.01666	0.01949	0.01281	0.00906	0.00841	0.00275	0.01306	0.00666	0.00433	0.05574
34	0.11957	0.09762	0.08061	0.20481	0.04024	0.02188	0.05691	0.03012	0.02139	0.11818	0.02472	0.06831	0.02067	0.01230	0.00950	0.00322	0.01111	0.03998	0.00649	0.01236
35	0.01206	0.00903	0.01121	0.01295	0.01421	0.00818	0.00884	0.01399	0.01998	0.02581	0.06630	0.50821	0.19354	0.02976	0.01249	0.00388	0.00560	0.02654	0.00925	0.00818
36	0.01883	0.01772	0.02990	0.62569	0.06866	0.02215	0.02769	0.02547	0.01993	0.02547	0.01772	0.02658	0.01329	0.00997	0.00997	0.00332	0.01329	0.00886	0.00443	0.01107
37	0.03546	0.02508	0.03135	0.02382	0.03163	0.02653	0.08202	0.38528	0.04026	0.13022	0.06385	0.02912	0.02307	0.01216	0.01032	0.00306	0.01091	0.01008	0.00977	0.01601
38	0.72007	0.01928	0.01465	0.01311	0.01928	0.02236	0.01080	0.02930	0.01697	0.04473	0.01388	0.01619	0.01080	0.00925	0.00617	0.00308	0.00771	0.00540	0.00617	0.01080
39	0.01606	0.01147	0.01606	0.01836	0.02065	0.01147	0.01606	0.02065	0.02295	0.02983	0.05278	0.11245	0.05737	0.02754	0.01377	0.00459	0.00918	0.52037	0.00918	0.00918
40	0.02467	0.02369	0.04046	0.06119	0.58747	0.02369	0.03059	0.03059	0.02270	0.03257	0.01875	0.02467	0.01579	0.00888	0.00987	0.00296	0.01184	0.00888	0.00493	0.01579
41	0.02056	0.07526	0.35756	0.02259	0.03322	0.02051	0.02638	0.03044	0.05991	0.06551	0.08265	0.03766	0.09997	0.01300	0.00988	0.00313	0.01141	0.01050	0.00640	0.01348
42	0.01444	0.01063	0.01543	0.01563	0.01725	0.01205	0.01204	0.01767	0.01647	0.02330	0.02960	0.04880	0.02916	0.13746	0.49131	0.01425	0.02314	0.05701	0.00577	0.00859
43	0.03790	0.02792	0.02992	0.02294	0.03091	0.03091	0.01895	0.55423	0.04687	0.06283	0.02393	0.02393	0.01695	0.01197	0.00997	0.00299	0.01097	0.00898	0.00997	0.01695
44	0.09288	0.02692	0.04196	0.03111	0.03973	0.06630	0.27950	0.16400	0.02958	0.09602	0.02211	0.02526	0.01598	0.00989	0.01045	0.00316	0.01379	0.00995	0.00710	0.01430
45	0.01732	0.00866	0.01299	0.01299	0.01299	0.00866	0.00866	0.01299	0.01299	0.01732	0.01732	0.03030	0.01732	0.03463	0.03896	0.70996	0.00866	0.00866	0.00433	0.00433
46	0.02067	0.01772	0.02067	0.01477	0.02362	0.01329	0.01181	0.02510	0.02067	0.03248	0.01772	0.02067	0.01477	0.00738	0.00738	0.00148	0.00738	0.00591	0.00591	0.71059
47	0.02480	0.02141	0.02254	0.02029	0.02592	0.02480	0.01578	0.05297	0.56946	0.04170	0.04057	0.03719	0.03043	0.01352	0.01014	0.00338	0.00789	0.01127	0.01014	0.01578
48	0.01450	0.00966	0.01087	0.01087	0.01087	0.00966	0.00604	0.01450	0.01450	0.01933	0.03141	0.06524	0.03624	0.64965	0.05074	0.00966	0.00966	0.01450	0.00604	0.00604
49	0.02067	0.01772	0.02067	0.01477	0.02362	0.01329	0.01181	0.02510	0.02067	0.03248	0.01772	0.02067	0.01477	0.00738	0.00738	0.00148	0.00738	0.00591	0.00591	0.71059
50	0.02353	0.02689	0.05882	0.04202	0.05210	0.02521	0.55126	0.03193	0.02353	0.03193	0.02017	0.02689	0.01513	0.00840	0.01176	0.00336	0.01681	0.01176	0.00504	0.01345
51	0.01649	0.01056	0.01357	0.01301	0.01568	0.00956	0.00967	0.02028	0.02585	0.09061	0.36999	0.18074	0.14140	0.02223	0.01177	0.00333	0.00532	0.01955	0.01057	0.00979
52	0.01470	0.01138	0.01740	0.07647	0.02284	0.01342	0.01397	0.01856	0.01641	0.02337	0.02581	0.03792	0.02377	0.06834	0.55064	0.01476	0.02537	0.01050	0.00525	0.00912
53	0.08240	0.01098	0.01082	0.01062	0.01390	0.00997	0.00787	0.01609	0.02175	0.02881	0.11574	0.08395	0.44723	0.07958	0.01473	0.00389	0.00571	0.01871	0.00877	0.00850
54	0.20145	0.19187	0.08148	0.01953	0.02702	0.20704	0.01744	0.03247	0.02202	0.03067	0.01509	0.01757	0.01249	0.00922	0.00751	0.00253	0.01223	0.00592	0.00517	0.08128
55	0.65311	0.01905	0.01549	0.01357	0.01989	0.02160	0.01118	0.03122	0.01811	0.09923	0.01640	0.01795	0.01217	0.00956	0.00655	0.00308	0.00779	0.00586	0.00678	0.01141

[dist]
# distance from previous block
# <min> <max>
0	3

[block]
# block no. 2 follows, 15 sequences, length 6
# corresponding to MSA columns:
# 280-285
name=unknown_C
#
# <colnr> <probs for GDERKNQSTAVLIFYWHMCP>
#	G	D	E	R	K	N	Q	S	T	A	V	L	I	F	Y	W	H	M	C	P
0	0.72007	0.01928	0.01465	0.01311	0.01928	0.02236	0.01080	0.02930	0.01697	0.04473	0.01388	0.01619	0.01080	0.00925	0.00617	0.00308	0.00771	0.00540	0.00617	0.01080
1	0.72007	0.01928	0.01465	0.01311	0.01928	0.02236	0.01080	0.02930	0.01697	0.04473	0.01388	0.01619	0.01080	0.00925	0.00617	0.00308	0.00771	0.00540	0.00617	0.01080
2	0.02366	0.01276	0.01457	0.01214	0.01705	0.01123	0.00953	0.02811	0.02217	0.13283	0.02996	0.03243	0.02267	0.01067	0.00760	0.00224	0.00600	0.00856	0.40789	0.18790
3	0.02586	0.49671	0.05390	0.02337	0.03229	0.03585	0.15209	0.03038	0.02108	0.02560	0.01545	0.01875	0.01338	0.00850	0.00775	0.00244	0.01221	0.00696	0.00446	0.01296
4	0.01356	0.01203	0.01510	0.16571	0.02742	0.01189	0.01266	0.01713	0.02202	0.02656	0.07994	0.07841	0.43930	0.02138	0.01132	0.00336	0.00713	0.01796	0.00804	0.00909
5	0.01907	0.01465	0.01700	0.01696	0.02035	0.01583	0.01340	0.03259	0.23806	0.03570	0.09644	0.14194	0.04787	0.02006	0.01126	0.00365	0.00729	0.14934	0.08687	0.01167

[dist]
# distance from previous block
# <min> <max>
0	1

[block]
# block no. 3 follows, 15 sequences, length 9
# corresponding to MSA columns:
# 287-295
name=unknown_D
#
# <colnr> <probs for GDERKNQSTAVLIFYWHMCP>
#	G	D	E	R	K	N	Q	S	T	A	V	L	I	F	Y	W	H	M	C	P
0	0.06240	0.14352	0.40229	0.02565	0.03810	0.02520	0.05919	0.03250	0.02141	0.07461	0.01880	0.02128	0.01363	0.00947	0.00896	0.00299	0.01331	0.00738	0.00500	0.01430
1	0.22850	0.01760	0.02083	0.01648	0.02377	0.01675	0.01360	0.04334	0.02539	0.44480	0.03240	0.02910	0.02090	0.01150	0.00898	0.00308	0.00827	0.00877	0.01066	0.01529
2	0.02020	0.01298	0.01928	0.13681	0.02827	0.01438	0.01501	0.02396	0.01866	0.11715	0.02761	0.03920	0.02404	0.12649	0.31919	0.01054	0.01882	0.01071	0.00640	0.01029
3	0.02792	0.02198	0.03603	0.09171	0.20393	0.02229	0.12897	0.03862	0.13734	0.14536	0.02757	0.02973	0.02024	0.01054	0.01035	0.00319	0.01149	0.01018	0.00746	0.01512
4	0.16947	0.19183	0.03329	0.02272	0.06963	0.10460	0.01776	0.20791	0.02978	0.04178	0.01783	0.01963	0.01403	0.01008	0.00815	0.00273	0.01120	0.00698	0.00673	0.01387
5	0.72007	0.01928	0.01465	0.01311	0.01928	0.02236	0.01080	0.02930	0.01697	0.04473	0.01388	0.01619	0.01080	0.00925	0.00617	0.00308	0.00771	0.00540	0.00617	0.01080
6	0.02566	0.09200	0.24596	0.02424	0.03514	0.02485	0.06314	0.16625	0.02781	0.03918	0.01923	0.02169	0.01438	0.00954	0.00907	0.00270	0.01207	0.00763	0.00611	0.15335
7	0.01441	0.01230	0.02096	0.01947	0.02194	0.01150	0.11699	0.01747	0.01997	0.02674	0.04803	0.52066	0.05584	0.02669	0.01253	0.00391	0.00797	0.02505	0.00842	0.00916
8	0.02501	0.02272	0.03185	0.03876	0.26578	0.06782	0.02325	0.02927	0.02212	0.07392	0.09021	0.03039	0.02544	0.01320	0.01668	0.00337	0.19083	0.00990	0.00613	0.01333

[dist]
# distance from previous block
# <min> <max>
0	1

[block]
# block no. 4 follows, 15 sequences, length 9
# corresponding to MSA columns:
# 297-305
name=unknown_E
#
# <colnr> <probs for GDERKNQSTAVLIFYWHMCP>
#	G	D	E	R	K	N	Q	S	T	A	V	L	I	F	Y	W	H	M	C	P
0	0.02337	0.04711	0.49089	0.02738	0.04084	0.02462	0.03346	0.13012	0.02592	0.03746	0.01903	0.02159	0.01344	0.00994	0.00957	0.00313	0.01402	0.00767	0.00530	0.01515
1	0.12390	0.02729	0.14828	0.02652	0.03582	0.02107	0.18339	0.03600	0.06004	0.16694	0.02864	0.02992	0.04477	0.01083	0.01001	0.00322	0.01199	0.01000	0.00730	0.01408
2	0.01376	0.01027	0.01322	0.01371	0.01583	0.00911	0.00964	0.01653	0.02133	0.02965	0.16676	0.43069	0.06508	0.02552	0.01177	0.00349	0.00577	0.02294	0.00917	0.10577
3	0.02865	0.09177	0.36336	0.02395	0.03586	0.02176	0.02789	0.03699	0.02343	0.21501	0.02456	0.02483	0.01658	0.01033	0.00939	0.00305	0.01234	0.00806	0.00687	0.01530
4	0.02636	0.01635	0.02457	0.14687	0.13686	0.01622	0.01857	0.03124	0.02516	0.20642	0.15532	0.04457	0.08064	0.01401	0.01051	0.00314	0.00898	0.01221	0.00880	0.01321
5	0.03757	0.01719	0.02162	0.01702	0.02395	0.01573	0.01391	0.11221	0.02998	0.41369	0.04882	0.04424	0.12896	0.01472	0.01035	0.00312	0.00818	0.01196	0.01143	0.01535
6	0.02069	0.01138	0.01518	0.01530	0.01821	0.01041	0.01174	0.02374	0.02294	0.16144	0.08967	0.31860	0.09355	0.02490	0.01216	0.00382	0.00696	0.11872	0.01008	0.01051
7	0.02581	0.02583	0.02413	0.02772	0.12969	0.21975	0.01799	0.02914	0.02406	0.06390	0.03316	0.20077	0.03433	0.01806	0.01086	0.00334	0.01176	0.08104	0.00721	0.01146
8	0.03603	0.03483	0.12865	0.02349	0.03187	0.17664	0.02127	0.21815	0.03347	0.16250	0.02398	0.02404	0.01679	0.01116	0.00964	0.00293	0.01292	0.00825	0.00821	0.01516

[dist]
# distance from previous block
# <min> <max>
0	15

# created by:
# /st0/software/busco_prod/Augustus/scripts/msa2prfl.pl ./align_prep/9613.fa
