[name]
unknown

[dist]
# distance from previous block
# <min> <max>
3	95

[block]
# block no. 0 follows, 11 sequences, length 17
# corresponding to MSA columns:
# 113-129
name=unknown_A
#
# <colnr> <probs for GDERKNQSTAVLIFYWHMCP>
#	G	D	E	R	K	N	Q	S	T	A	V	L	I	F	Y	W	H	M	C	P
0	0.03486	0.08943	0.02651	0.01766	0.02522	0.01809	0.01468	0.03923	0.02909	0.27547	0.12239	0.04776	0.08529	0.01545	0.01089	0.00312	0.00863	0.01264	0.01117	0.11241
1	0.10672	0.02790	0.12134	0.19440	0.04720	0.02361	0.02555	0.08318	0.02822	0.19249	0.02764	0.02981	0.01886	0.01209	0.01069	0.00357	0.01269	0.00967	0.00849	0.01587
2	0.13552	0.02541	0.03354	0.12558	0.04129	0.02975	0.07464	0.13632	0.10030	0.04466	0.02398	0.02828	0.01848	0.01354	0.01549	0.00385	0.11657	0.01014	0.00769	0.01494
3	0.02286	0.01256	0.01540	0.01469	0.01818	0.01127	0.01079	0.02597	0.02547	0.14479	0.10312	0.21555	0.16986	0.07542	0.01647	0.00443	0.00717	0.02109	0.07342	0.01149
4	0.10111	0.02474	0.03290	0.02510	0.03358	0.02521	0.09425	0.20366	0.03655	0.19635	0.03124	0.03148	0.02163	0.01265	0.01086	0.00341	0.01158	0.01064	0.07607	0.01698
5	0.01974	0.01213	0.01603	0.01515	0.01818	0.01107	0.01131	0.02432	0.03002	0.10268	0.38442	0.17194	0.09087	0.02414	0.01324	0.00372	0.00605	0.02137	0.01222	0.01139
6	0.04390	0.03355	0.03219	0.02551	0.03388	0.12744	0.02067	0.34282	0.04573	0.13937	0.02809	0.02763	0.01971	0.01323	0.01107	0.00331	0.01337	0.00980	0.01070	0.01803
7	0.09233	0.02050	0.02645	0.12081	0.03624	0.02033	0.01847	0.03460	0.02407	0.14742	0.02441	0.02753	0.01820	0.01158	0.01260	0.00299	0.07437	0.00861	0.00781	0.27068
8	0.04120	0.10132	0.03619	0.02583	0.03421	0.15004	0.02123	0.34654	0.04498	0.05651	0.02365	0.02455	0.01760	0.01266	0.01057	0.00317	0.01407	0.00904	0.00935	0.01729
9	0.68395	0.02177	0.01654	0.01480	0.02177	0.02525	0.01219	0.03309	0.01915	0.05050	0.01567	0.01828	0.01219	0.01045	0.00697	0.00348	0.00871	0.00609	0.00697	0.01219
10	0.02699	0.02235	0.03165	0.21424	0.04578	0.02805	0.02474	0.03673	0.11118	0.08902	0.02553	0.03116	0.01989	0.01536	0.02066	0.00416	0.22062	0.01059	0.00715	0.01415
11	0.01893	0.01637	0.02606	0.02286	0.02536	0.01902	0.07329	0.02275	0.01872	0.02688	0.02727	0.04334	0.02627	0.14012	0.32567	0.01293	0.12520	0.01245	0.00591	0.01061
12	0.03359	0.01474	0.01961	0.01742	0.02247	0.01313	0.01336	0.03713	0.02731	0.29736	0.05033	0.25077	0.04564	0.02195	0.01213	0.00381	0.00799	0.01908	0.07769	0.01449
13	0.03147	0.01415	0.01829	0.01637	0.02088	0.01280	0.01236	0.03491	0.02618	0.25698	0.04743	0.20608	0.04284	0.07079	0.01554	0.00429	0.00802	0.01768	0.12933	0.01360
14	0.02150	0.01231	0.01612	0.01564	0.01878	0.01111	0.01153	0.02516	0.02752	0.13297	0.22565	0.27195	0.11279	0.02636	0.01332	0.00394	0.00662	0.02331	0.01179	0.01161
15	0.13308	0.02289	0.02682	0.02170	0.02809	0.02505	0.01782	0.16453	0.03352	0.19629	0.08955	0.03562	0.03058	0.01534	0.01505	0.00369	0.10276	0.01109	0.01053	0.01598
16	0.68395	0.02177	0.01654	0.01480	0.02177	0.02525	0.01219	0.03309	0.01915	0.05050	0.01567	0.01828	0.01219	0.01045	0.00697	0.00348	0.00871	0.00609	0.00697	0.01219

[dist]
# distance from previous block
# <min> <max>
5	18

[block]
# block no. 1 follows, 11 sequences, length 13
# corresponding to MSA columns:
# 148-160
name=unknown_B
#
# <colnr> <probs for GDERKNQSTAVLIFYWHMCP>
#	G	D	E	R	K	N	Q	S	T	A	V	L	I	F	Y	W	H	M	C	P
0	0.02130	0.01754	0.02374	0.02064	0.02468	0.01816	0.05906	0.10300	0.02970	0.03981	0.14083	0.20110	0.15121	0.02405	0.01546	0.00399	0.06306	0.02062	0.00996	0.01208
1	0.03840	0.02510	0.02851	0.02231	0.03031	0.02596	0.01815	0.30013	0.04257	0.15228	0.07432	0.06839	0.03132	0.01524	0.01136	0.00333	0.01052	0.01224	0.01139	0.07817
2	0.03488	0.01673	0.02351	0.09651	0.03163	0.01576	0.01664	0.03999	0.03073	0.30442	0.20202	0.05237	0.05212	0.01658	0.01196	0.00354	0.00892	0.01414	0.01216	0.01538
3	0.18823	0.01372	0.01505	0.01538	0.01849	0.01412	0.01161	0.02266	0.02470	0.04020	0.20380	0.23806	0.06800	0.02444	0.01219	0.00400	0.00702	0.05762	0.01018	0.01052
4	0.03878	0.02090	0.02549	0.02025	0.02741	0.02060	0.01644	0.18200	0.03850	0.26251	0.16980	0.04720	0.04634	0.01625	0.01183	0.00347	0.00929	0.01339	0.01269	0.01684
5	0.02053	0.01557	0.01831	0.01670	0.02058	0.01577	0.01275	0.08682	0.09539	0.04591	0.32128	0.12074	0.12025	0.02240	0.01288	0.00367	0.00684	0.01942	0.01177	0.01242
6	0.01797	0.01421	0.01863	0.08863	0.02672	0.01472	0.01475	0.02647	0.09103	0.03946	0.27867	0.12621	0.11179	0.02285	0.01310	0.00388	0.00765	0.06093	0.01078	0.01154
7	0.11734	0.35905	0.04516	0.02044	0.02931	0.03854	0.01869	0.13671	0.07037	0.04101	0.02067	0.02206	0.01686	0.01106	0.00843	0.00288	0.01142	0.00749	0.00706	0.01546
8	0.01586	0.01195	0.01440	0.01576	0.01737	0.01184	0.01075	0.02151	0.08490	0.03037	0.06142	0.41125	0.10807	0.10574	0.01945	0.00522	0.00733	0.02670	0.01011	0.01000
9	0.02440	0.01919	0.02546	0.11818	0.03477	0.02250	0.02003	0.03671	0.16276	0.07488	0.03858	0.10090	0.03480	0.02543	0.06653	0.00551	0.09573	0.07110	0.00885	0.01370
10	0.33583	0.02934	0.02188	0.01955	0.02564	0.16757	0.01513	0.03891	0.06729	0.08276	0.02311	0.02786	0.01882	0.06773	0.01336	0.00406	0.01214	0.00841	0.00762	0.01300
11	0.24585	0.10059	0.09295	0.07120	0.03146	0.02422	0.01887	0.03597	0.02348	0.12904	0.02470	0.02694	0.01813	0.01144	0.00878	0.00326	0.01043	0.00828	0.10033	0.01408
12	0.08612	0.10361	0.08356	0.15557	0.04494	0.02995	0.06366	0.09897	0.14463	0.04150	0.02641	0.02937	0.01997	0.01203	0.01052	0.00351	0.01275	0.00993	0.00754	0.01547

[dist]
# distance from previous block
# <min> <max>
4	26

[block]
# block no. 2 follows, 11 sequences, length 44
# corresponding to MSA columns:
# 187-230
name=unknown_C
#
# <colnr> <probs for GDERKNQSTAVLIFYWHMCP>
#	G	D	E	R	K	N	Q	S	T	A	V	L	I	F	Y	W	H	M	C	P
0	0.18123	0.13328	0.03017	0.07034	0.03068	0.08286	0.01747	0.03261	0.02307	0.06969	0.02380	0.08541	0.02178	0.01388	0.01130	0.00324	0.05453	0.01012	0.00693	0.09760
1	0.20287	0.07837	0.08301	0.02032	0.02810	0.02431	0.01853	0.04055	0.07740	0.17559	0.07605	0.03348	0.02835	0.01369	0.01172	0.00353	0.04963	0.01006	0.00925	0.01520
2	0.03576	0.08616	0.02914	0.02068	0.02797	0.02468	0.01703	0.13701	0.13683	0.19673	0.12488	0.04280	0.04006	0.01529	0.01124	0.00342	0.00951	0.01242	0.01159	0.01682
3	0.21208	0.02744	0.12889	0.21076	0.04657	0.02340	0.02491	0.03362	0.02349	0.09223	0.05661	0.03007	0.02174	0.01201	0.01007	0.00359	0.01229	0.00942	0.00697	0.01382
4	0.03109	0.07946	0.08149	0.09498	0.03689	0.02750	0.02294	0.08715	0.07832	0.13509	0.06520	0.03382	0.02667	0.01486	0.01632	0.00375	0.12968	0.01078	0.00856	0.01543
5	0.02368	0.10198	0.07773	0.14336	0.16781	0.02409	0.02510	0.02971	0.02350	0.03267	0.02513	0.09869	0.02354	0.01317	0.01046	0.00314	0.01190	0.01149	0.00613	0.14672
6	0.15824	0.02058	0.03023	0.14038	0.04025	0.02182	0.09856	0.06631	0.02632	0.09188	0.06501	0.12858	0.03286	0.01614	0.01141	0.00377	0.01154	0.01438	0.00835	0.01338
7	0.02476	0.01160	0.01249	0.01171	0.01511	0.01127	0.00898	0.02989	0.02471	0.10604	0.03770	0.04149	0.02872	0.01322	0.00831	0.00273	0.00580	0.01060	0.58325	0.01160
8	0.02476	0.06237	0.10945	0.28771	0.05377	0.02309	0.02665	0.03206	0.02471	0.08526	0.07092	0.03362	0.02509	0.01216	0.01080	0.00337	0.01286	0.01027	0.00676	0.08432
9	0.02932	0.01493	0.01901	0.01726	0.02167	0.01401	0.01311	0.07007	0.02885	0.20553	0.09310	0.25692	0.05232	0.02284	0.01229	0.00380	0.00777	0.01991	0.08372	0.01357
10	0.01949	0.01331	0.01641	0.01587	0.01910	0.01284	0.01177	0.02700	0.09037	0.08069	0.26395	0.20903	0.12626	0.02498	0.01316	0.00386	0.00648	0.02197	0.01170	0.01175
11	0.15813	0.02584	0.03167	0.09577	0.03777	0.08126	0.09267	0.07406	0.02719	0.04087	0.08694	0.03245	0.02735	0.01294	0.01250	0.00341	0.05582	0.01045	0.00731	0.08560
12	0.01519	0.01093	0.01438	0.01466	0.01665	0.01013	0.01056	0.01938	0.02842	0.03967	0.37284	0.25512	0.09561	0.02709	0.01364	0.00388	0.00572	0.02424	0.01174	0.01013
13	0.02429	0.29555	0.03695	0.01811	0.02331	0.02935	0.01591	0.02774	0.02203	0.03010	0.02905	0.13994	0.02941	0.01676	0.01259	0.00321	0.08285	0.01262	0.13793	0.01232
14	0.11144	0.09484	0.17336	0.02127	0.03187	0.02249	0.02198	0.03446	0.02483	0.10482	0.06868	0.02976	0.02483	0.01149	0.00955	0.00293	0.01102	0.00885	0.00745	0.18406
15	0.02448	0.23016	0.25512	0.02682	0.03849	0.03011	0.07784	0.03289	0.02498	0.03409	0.09507	0.03162	0.02839	0.01206	0.01021	0.00320	0.01368	0.00989	0.00602	0.01486
16	0.01920	0.08759	0.12789	0.07135	0.03032	0.02017	0.02022	0.02385	0.02120	0.02884	0.03747	0.25328	0.04123	0.09702	0.01993	0.00490	0.05816	0.01859	0.00728	0.01149
17	0.01603	0.01077	0.01238	0.01271	0.01279	0.01069	0.00728	0.01628	0.01703	0.02271	0.03887	0.14073	0.04522	0.53151	0.05179	0.01010	0.01035	0.01837	0.00728	0.00712
18	0.08676	0.09453	0.13481	0.06917	0.03748	0.02659	0.02370	0.13419	0.03190	0.20979	0.02872	0.02871	0.01967	0.01224	0.01040	0.00338	0.01220	0.00940	0.00930	0.01706
19	0.03921	0.02632	0.03225	0.15578	0.04380	0.02889	0.02277	0.29744	0.04157	0.15481	0.02882	0.02998	0.01990	0.01306	0.01127	0.00349	0.01245	0.01034	0.01030	0.01757
20	0.02084	0.01822	0.02769	0.29459	0.04891	0.02249	0.02331	0.02665	0.02343	0.03310	0.12205	0.04098	0.03461	0.01549	0.01645	0.00382	0.12626	0.01209	0.07714	0.01187
21	0.02475	0.01901	0.02232	0.01641	0.02564	0.01456	0.01312	0.02946	0.02440	0.08216	0.03227	0.03378	0.07247	0.01100	0.00914	0.00206	0.00817	0.00892	0.00774	0.54264
22	0.42733	0.02796	0.02324	0.01956	0.02701	0.08345	0.01591	0.17177	0.03049	0.05418	0.01922	0.02108	0.01449	0.01148	0.00857	0.00339	0.01100	0.00741	0.00812	0.01434
23	0.01484	0.01064	0.01419	0.01579	0.01723	0.00999	0.01134	0.01813	0.02502	0.03404	0.19728	0.39652	0.08261	0.03124	0.01418	0.00434	0.00660	0.07530	0.01100	0.00971
24	0.02116	0.01945	0.03223	0.43876	0.11720	0.02304	0.02852	0.02825	0.02424	0.03207	0.09625	0.03788	0.02896	0.01288	0.01154	0.00368	0.01338	0.01156	0.00617	0.01279
25	0.01612	0.01196	0.01540	0.01486	0.01776	0.01069	0.01087	0.02047	0.02806	0.03965	0.34307	0.22000	0.08757	0.02481	0.01304	0.00362	0.00598	0.02209	0.01122	0.08275
26	0.01812	0.01124	0.01475	0.01550	0.01712	0.01070	0.01067	0.02046	0.02244	0.07810	0.10145	0.35395	0.06371	0.13854	0.06308	0.00653	0.00928	0.02448	0.00999	0.00990
27	0.02444	0.02622	0.05335	0.25948	0.06630	0.02708	0.30846	0.03313	0.02494	0.03313	0.02166	0.03022	0.01625	0.01019	0.01247	0.00378	0.01739	0.01197	0.00542	0.01411
28	0.03349	0.01508	0.01944	0.01659	0.02221	0.01354	0.01338	0.03814	0.02946	0.28041	0.13128	0.05899	0.07918	0.01774	0.01145	0.00348	0.00778	0.05048	0.14328	0.01458
29	0.08335	0.03007	0.11393	0.02372	0.03373	0.02506	0.02208	0.20401	0.03720	0.26349	0.03254	0.03072	0.02159	0.01303	0.01092	0.00346	0.01166	0.01008	0.01105	0.01829
30	0.01955	0.00978	0.01466	0.01466	0.01466	0.00978	0.00978	0.01466	0.01466	0.01955	0.01955	0.03421	0.01955	0.03910	0.04399	0.67253	0.00978	0.00978	0.00489	0.00489
31	0.02648	0.02772	0.03420	0.02949	0.03011	0.09051	0.02432	0.02899	0.01880	0.02714	0.01505	0.02416	0.01475	0.01883	0.03408	0.00471	0.52367	0.00957	0.00502	0.01239
32	0.02535	0.01994	0.02354	0.01692	0.02683	0.01512	0.01357	0.03030	0.02400	0.07404	0.02181	0.02445	0.01750	0.00875	0.00856	0.00180	0.00843	0.00701	0.00721	0.62489
33	0.08834	0.10560	0.03469	0.07499	0.03474	0.08942	0.02150	0.12773	0.02926	0.10387	0.02197	0.02548	0.01706	0.01397	0.01684	0.00365	0.15939	0.00901	0.00760	0.01492
34	0.04432	0.02906	0.03225	0.02473	0.03367	0.03124	0.02043	0.40864	0.04879	0.16483	0.03049	0.02927	0.02088	0.01359	0.01127	0.00340	0.01183	0.01037	0.01179	0.01914
35	0.03133	0.34154	0.12178	0.02148	0.03205	0.03421	0.02173	0.07380	0.02654	0.08788	0.02090	0.02249	0.01652	0.01040	0.00866	0.00268	0.01202	0.00735	0.00655	0.10009
36	0.19002	0.03338	0.15916	0.02362	0.03383	0.02672	0.02328	0.15838	0.07203	0.13373	0.02703	0.02723	0.01895	0.01228	0.01012	0.00350	0.01184	0.00912	0.00903	0.01674
37	0.02530	0.02454	0.03268	0.02823	0.02949	0.03318	0.02327	0.03361	0.11623	0.03107	0.02096	0.02809	0.01868	0.01882	0.03186	0.00470	0.46925	0.01042	0.00623	0.01341
38	0.01405	0.00994	0.01296	0.01524	0.01581	0.00937	0.00998	0.01576	0.02088	0.02785	0.05863	0.53002	0.07015	0.10820	0.01987	0.00538	0.00709	0.02999	0.00998	0.00884
39	0.03893	0.01636	0.02174	0.01757	0.02415	0.01445	0.01416	0.04361	0.03119	0.36749	0.16023	0.04974	0.04686	0.01603	0.01141	0.00340	0.00807	0.01341	0.08505	0.01615
40	0.01645	0.01123	0.01457	0.01539	0.01751	0.01069	0.01172	0.02086	0.02697	0.03824	0.25227	0.21884	0.07988	0.02650	0.01331	0.00401	0.00662	0.10940	0.09536	0.01017
41	0.01371	0.00979	0.01306	0.01567	0.01632	0.00914	0.01045	0.01567	0.02155	0.02873	0.06203	0.59710	0.07444	0.03526	0.01437	0.00457	0.00653	0.03200	0.01045	0.00914
42	0.02801	0.02065	0.02305	0.02108	0.02660	0.02274	0.01617	0.05031	0.35331	0.10682	0.04889	0.15299	0.04157	0.01911	0.01202	0.00393	0.00852	0.01641	0.01157	0.01625
43	0.03984	0.03006	0.03212	0.02530	0.03378	0.03353	0.02068	0.40963	0.14480	0.06618	0.03077	0.03001	0.02217	0.01386	0.01130	0.00347	0.01169	0.01065	0.01130	0.01888

[dist]
# distance from previous block
# <min> <max>
0	17

[block]
# block no. 3 follows, 11 sequences, length 11
# corresponding to MSA columns:
# 248-258
name=unknown_D
#
# <colnr> <probs for GDERKNQSTAVLIFYWHMCP>
#	G	D	E	R	K	N	Q	S	T	A	V	L	I	F	Y	W	H	M	C	P
0	0.03009	0.61122	0.05898	0.01926	0.02889	0.04454	0.01926	0.03370	0.02287	0.02648	0.01565	0.01805	0.01444	0.00963	0.00722	0.00241	0.01204	0.00602	0.00481	0.01444
1	0.33755	0.03628	0.02506	0.02209	0.02881	0.24956	0.01731	0.09457	0.02860	0.04340	0.01778	0.02019	0.01400	0.01130	0.00882	0.00323	0.01400	0.00707	0.00700	0.01340
2	0.02487	0.02071	0.02610	0.17348	0.04006	0.02360	0.02012	0.09422	0.20103	0.04443	0.15872	0.04756	0.04541	0.01591	0.01184	0.00368	0.01009	0.01360	0.00989	0.01469
3	0.01607	0.00998	0.01344	0.01475	0.01508	0.00966	0.00959	0.01547	0.01841	0.02455	0.04362	0.32301	0.05078	0.13629	0.03149	0.22204	0.00835	0.02206	0.00801	0.00736
4	0.02266	0.02230	0.03786	0.38970	0.06443	0.02756	0.08552	0.02926	0.02181	0.02926	0.01916	0.02883	0.01520	0.01295	0.01730	0.00402	0.14397	0.01036	0.00507	0.01278
5	0.01421	0.01018	0.01351	0.01533	0.01644	0.00948	0.01049	0.01693	0.02388	0.03244	0.16735	0.48122	0.08161	0.03249	0.01412	0.00434	0.00625	0.02937	0.01089	0.00948
6	0.01566	0.01168	0.01560	0.01560	0.01747	0.01256	0.01146	0.01856	0.01903	0.02591	0.04605	0.06210	0.11895	0.19207	0.35051	0.01396	0.02152	0.01508	0.00698	0.00922
7	0.03534	0.16706	0.03796	0.07024	0.03517	0.23245	0.02188	0.03886	0.02631	0.09005	0.02000	0.02361	0.01621	0.01297	0.01488	0.00332	0.12524	0.00819	0.00634	0.01392
8	0.03231	0.01605	0.02000	0.01734	0.02274	0.01532	0.01356	0.04063	0.09881	0.24439	0.11943	0.11462	0.04663	0.01797	0.01140	0.00352	0.00770	0.01528	0.12739	0.01492
9	0.11331	0.12632	0.03745	0.02482	0.03244	0.02816	0.08643	0.04318	0.10004	0.18087	0.02938	0.03009	0.02146	0.01302	0.01350	0.00357	0.08118	0.01008	0.00883	0.01588
10	0.03141	0.18508	0.03729	0.06665	0.03269	0.14170	0.02061	0.03520	0.02557	0.08735	0.07731	0.03064	0.02645	0.01437	0.01581	0.00342	0.13823	0.00964	0.00694	0.01363

[dist]
# distance from previous block
# <min> <max>
0	5

[block]
# block no. 4 follows, 11 sequences, length 14
# corresponding to MSA columns:
# 264-277
name=unknown_E
#
# <colnr> <probs for GDERKNQSTAVLIFYWHMCP>
#	G	D	E	R	K	N	Q	S	T	A	V	L	I	F	Y	W	H	M	C	P
0	0.12267	0.01600	0.02019	0.02148	0.07385	0.01529	0.01437	0.02800	0.02534	0.10698	0.13902	0.21303	0.05353	0.02082	0.01168	0.00363	0.00792	0.01810	0.00991	0.07819
1	0.08016	0.06084	0.02699	0.01942	0.02765	0.02311	0.01595	0.13320	0.08639	0.14752	0.03017	0.03017	0.02205	0.01196	0.00967	0.00289	0.00947	0.00925	0.06822	0.18492
2	0.01754	0.02125	0.11660	0.01952	0.02403	0.01566	0.01787	0.02317	0.02624	0.03737	0.26264	0.19455	0.07142	0.02340	0.01553	0.00395	0.06813	0.01990	0.00969	0.01156
3	0.03494	0.01715	0.02209	0.01744	0.02480	0.01445	0.01403	0.03948	0.02975	0.29706	0.13959	0.05037	0.08541	0.01585	0.01127	0.00315	0.00815	0.01323	0.01184	0.14994
4	0.02257	0.05822	0.54613	0.03208	0.04871	0.02614	0.04158	0.03564	0.02376	0.03564	0.02020	0.02376	0.01426	0.01069	0.01069	0.00356	0.01663	0.00832	0.00475	0.01663
5	0.02553	0.02835	0.06007	0.15035	0.06245	0.02779	0.40363	0.03464	0.02578	0.03464	0.02223	0.03029	0.01668	0.00983	0.01289	0.00379	0.01820	0.01265	0.00556	0.01466
6	0.03079	0.02106	0.02434	0.07823	0.03165	0.02324	0.01745	0.09273	0.24894	0.12118	0.03927	0.03869	0.02878	0.01406	0.01070	0.00348	0.00928	0.01154	0.13842	0.01617
7	0.01645	0.01047	0.01290	0.01342	0.01356	0.01033	0.00813	0.01590	0.01708	0.02278	0.03773	0.17155	0.04353	0.37989	0.04605	0.13811	0.00981	0.01824	0.00718	0.00691
8	0.02820	0.03456	0.15753	0.16526	0.09874	0.08701	0.03021	0.03511	0.02410	0.08180	0.02125	0.02692	0.01629	0.01300	0.01617	0.00378	0.12999	0.00939	0.00596	0.01474
9	0.01737	0.01085	0.01449	0.01591	0.01753	0.00999	0.01103	0.01991	0.02366	0.07813	0.11117	0.48940	0.07358	0.03195	0.01396	0.00436	0.00668	0.02881	0.01098	0.01023
10	0.02639	0.22496	0.04314	0.13657	0.04113	0.03043	0.08486	0.08291	0.02851	0.03704	0.12217	0.03650	0.03395	0.01308	0.01055	0.00321	0.01227	0.01118	0.00723	0.01391
11	0.02038	0.01351	0.01721	0.01642	0.02042	0.01150	0.01189	0.02340	0.02322	0.08890	0.04912	0.38485	0.05417	0.02585	0.01245	0.00369	0.00734	0.02308	0.00986	0.18274
12	0.03290	0.02450	0.03074	0.09959	0.03755	0.07726	0.06816	0.08817	0.07242	0.14075	0.02807	0.03147	0.02086	0.01617	0.01603	0.10421	0.01257	0.01022	0.00841	0.07995
13	0.36521	0.02154	0.02180	0.07600	0.02987	0.02403	0.01596	0.10875	0.02671	0.10263	0.02636	0.08864	0.02237	0.01422	0.00943	0.00362	0.00981	0.01066	0.00861	0.01377

[dist]
# distance from previous block
# <min> <max>
6	51

[block]
# block no. 5 follows, 11 sequences, length 15
# corresponding to MSA columns:
# 329-343
name=unknown_F
#
# <colnr> <probs for GDERKNQSTAVLIFYWHMCP>
#	G	D	E	R	K	N	Q	S	T	A	V	L	I	F	Y	W	H	M	C	P
0	0.13909	0.02824	0.11029	0.02293	0.03335	0.02170	0.06377	0.07596	0.02676	0.10578	0.02328	0.02544	0.01721	0.01034	0.00958	0.00285	0.01123	0.00835	0.00765	0.25620
1	0.03053	0.11596	0.07182	0.01996	0.02640	0.06736	0.01732	0.03480	0.02695	0.18019	0.08573	0.19374	0.04383	0.01962	0.01155	0.00358	0.01027	0.01652	0.00985	0.01403
2	0.19790	0.02128	0.02592	0.17664	0.04091	0.02385	0.02068	0.11554	0.02883	0.10758	0.02950	0.04288	0.02453	0.01493	0.01084	0.00381	0.01150	0.08019	0.00860	0.01411
3	0.02505	0.01889	0.02465	0.16029	0.03835	0.01798	0.01795	0.03252	0.06585	0.09850	0.04015	0.04196	0.10036	0.01357	0.01051	0.00295	0.00983	0.01132	0.00816	0.26118
4	0.02841	0.21236	0.11001	0.13963	0.04059	0.02822	0.02366	0.03437	0.02375	0.11583	0.02440	0.02898	0.01899	0.02269	0.09675	0.00552	0.01576	0.00905	0.00659	0.01444
5	0.02185	0.01396	0.01684	0.01502	0.02005	0.01196	0.01187	0.02600	0.02791	0.12039	0.18050	0.08204	0.24003	0.02250	0.01255	0.00355	0.00703	0.05951	0.01099	0.09547
6	0.02529	0.01516	0.01908	0.01681	0.02135	0.01465	0.01303	0.03459	0.10825	0.15247	0.34769	0.06755	0.07795	0.01983	0.01257	0.00357	0.00680	0.01720	0.01257	0.01360
7	0.04476	0.18571	0.03536	0.01981	0.02878	0.02442	0.01731	0.04890	0.02959	0.39700	0.03631	0.03261	0.02409	0.01272	0.01017	0.00318	0.01027	0.00983	0.01137	0.01783
8	0.01637	0.01091	0.01228	0.01228	0.01228	0.01091	0.00682	0.01637	0.01637	0.02182	0.03546	0.07365	0.04092	0.60445	0.05729	0.01091	0.01091	0.01637	0.00682	0.00682
9	0.09800	0.06615	0.02833	0.02046	0.02874	0.02270	0.01698	0.08806	0.10834	0.34496	0.03862	0.03475	0.02585	0.01349	0.01066	0.00345	0.00981	0.01060	0.01204	0.01800
10	0.01727	0.01059	0.01296	0.01296	0.01296	0.01059	0.00766	0.01588	0.01588	0.02118	0.03093	0.06242	0.03483	0.44338	0.05350	0.19941	0.01059	0.01449	0.00627	0.00627
11	0.50575	0.02103	0.01924	0.01627	0.02373	0.02280	0.01341	0.03921	0.02283	0.18877	0.02375	0.02392	0.01660	0.01143	0.00819	0.00348	0.00895	0.00756	0.00892	0.01415
12	0.02334	0.02001	0.02334	0.01667	0.02667	0.01500	0.01334	0.02834	0.02334	0.03668	0.02001	0.02334	0.01667	0.00834	0.00834	0.00167	0.00834	0.00667	0.00667	0.67325
13	0.02947	0.01975	0.02764	0.02336	0.06565	0.01677	0.05594	0.03404	0.02485	0.15749	0.02873	0.03590	0.02336	0.10430	0.01745	0.00388	0.01034	0.01016	0.00830	0.30265
14	0.10840	0.03084	0.11325	0.02368	0.02945	0.09939	0.02150	0.03347	0.07079	0.03782	0.14355	0.03910	0.03832	0.01624	0.01679	0.00379	0.14114	0.01156	0.00770	0.01324

[dist]
# distance from previous block
# <min> <max>
0	3

[block]
# block no. 6 follows, 11 sequences, length 40
# corresponding to MSA columns:
# 347-358,364-391
name=unknown_G
#
# <colnr> <probs for GDERKNQSTAVLIFYWHMCP>
#	G	D	E	R	K	N	Q	S	T	A	V	L	I	F	Y	W	H	M	C	P
0	0.35432	0.02351	0.02262	0.01894	0.02609	0.02601	0.01538	0.18313	0.03146	0.09851	0.02647	0.08013	0.02198	0.01420	0.00947	0.00356	0.00976	0.01042	0.00931	0.01475
1	0.01955	0.00978	0.01466	0.01466	0.01466	0.00978	0.00978	0.01466	0.01466	0.01955	0.01955	0.03421	0.01955	0.03910	0.04399	0.67253	0.00978	0.00978	0.00489	0.00489
2	0.49406	0.02425	0.03095	0.02423	0.03247	0.02618	0.15118	0.03394	0.02130	0.04633	0.01772	0.02177	0.01360	0.01017	0.00879	0.00357	0.01167	0.00817	0.00660	0.01305
3	0.03026	0.01947	0.03273	0.18490	0.04553	0.01996	0.09853	0.03611	0.02566	0.19616	0.03352	0.08609	0.02663	0.02360	0.08378	0.00562	0.01511	0.01324	0.00864	0.01448
4	0.01570	0.01063	0.01247	0.01313	0.01329	0.01047	0.00773	0.01619	0.01767	0.02356	0.04213	0.20500	0.04933	0.46163	0.04652	0.00932	0.00981	0.02029	0.00773	0.00740
5	0.04078	0.02648	0.02965	0.02364	0.03186	0.02848	0.01923	0.27027	0.17024	0.18225	0.03636	0.03382	0.02536	0.01408	0.01133	0.00352	0.01076	0.01112	0.01198	0.01879
6	0.01536	0.01111	0.01480	0.01491	0.01698	0.01054	0.01089	0.01967	0.02790	0.03910	0.36058	0.21526	0.09077	0.03180	0.06317	0.00513	0.00788	0.02266	0.01130	0.01018
7	0.01863	0.01683	0.01781	0.01803	0.02039	0.08359	0.01341	0.02199	0.02252	0.02886	0.08369	0.19097	0.08631	0.05270	0.25882	0.01028	0.01878	0.01817	0.00801	0.01021
8	0.01482	0.01065	0.01235	0.01321	0.01426	0.01002	0.00840	0.01609	0.02012	0.02599	0.06143	0.25522	0.15866	0.28963	0.03343	0.00725	0.00832	0.02317	0.00882	0.00818
9	0.01371	0.00979	0.01306	0.01567	0.01632	0.00914	0.01045	0.01567	0.02155	0.02873	0.06203	0.59710	0.07444	0.03526	0.01437	0.00457	0.00653	0.03200	0.01045	0.00914
10	0.14604	0.02122	0.02379	0.01947	0.02686	0.02184	0.01579	0.10709	0.12040	0.25625	0.03687	0.03461	0.02545	0.01347	0.01026	0.00344	0.00922	0.01048	0.08061	0.01685
11	0.10094	0.02413	0.03132	0.12035	0.11874	0.02576	0.02267	0.14993	0.07510	0.17383	0.02985	0.03095	0.02110	0.01254	0.01085	0.00351	0.01159	0.01022	0.00959	0.01704
12	0.02956	0.35004	0.12976	0.02269	0.03275	0.03731	0.02281	0.08035	0.12538	0.03610	0.02353	0.02465	0.01887	0.01129	0.00901	0.00297	0.01219	0.00812	0.00672	0.01590
13	0.68395	0.02177	0.01654	0.01480	0.02177	0.02525	0.01219	0.03309	0.01915	0.05050	0.01567	0.01828	0.01219	0.01045	0.00697	0.00348	0.00871	0.00609	0.00697	0.01219
14	0.09054	0.21561	0.08030	0.02127	0.02942	0.02974	0.01973	0.08245	0.02724	0.15573	0.02809	0.07729	0.02334	0.01430	0.01182	0.00334	0.05558	0.01053	0.00831	0.01536
15	0.01509	0.01106	0.01415	0.01426	0.01652	0.01012	0.01036	0.01928	0.02857	0.03939	0.36550	0.21785	0.14258	0.02672	0.01356	0.00383	0.00566	0.02369	0.01169	0.01012
16	0.01816	0.01339	0.01872	0.01793	0.01877	0.01581	0.01326	0.01934	0.01692	0.02406	0.02699	0.04618	0.02743	0.18848	0.26239	0.13455	0.11080	0.01230	0.00583	0.00870
17	0.03720	0.02238	0.02578	0.02071	0.02778	0.02319	0.01676	0.22109	0.07965	0.18717	0.11348	0.04178	0.03746	0.01523	0.01127	0.00339	0.00952	0.01232	0.07701	0.01683
18	0.01478	0.01056	0.01428	0.01689	0.01801	0.01006	0.01230	0.01752	0.02260	0.02993	0.06145	0.48378	0.07211	0.03426	0.01465	0.00472	0.00745	0.13480	0.01043	0.00944
19	0.13559	0.01515	0.01456	0.01324	0.01743	0.01618	0.01037	0.08903	0.02669	0.04720	0.03190	0.03601	0.02477	0.01272	0.00816	0.00287	0.00676	0.00970	0.46977	0.01191
20	0.02334	0.02001	0.02334	0.01667	0.02667	0.01500	0.01334	0.02834	0.02334	0.03668	0.02001	0.02334	0.01667	0.00834	0.00834	0.00167	0.00834	0.00667	0.00667	0.67325
21	0.01566	0.01139	0.01411	0.01349	0.01586	0.01052	0.00973	0.01977	0.02851	0.03939	0.39326	0.08554	0.15099	0.11900	0.02049	0.00478	0.00628	0.02015	0.01122	0.00985
22	0.03473	0.01538	0.02026	0.01676	0.02258	0.01371	0.01337	0.03953	0.03096	0.30538	0.21005	0.05455	0.05497	0.01695	0.01154	0.00339	0.00754	0.01432	0.09897	0.01508
23	0.02665	0.01889	0.02235	0.01646	0.02552	0.01473	0.01318	0.03159	0.02453	0.10345	0.02496	0.02726	0.01942	0.00957	0.00868	0.00201	0.00817	0.00768	0.07701	0.51789
24	0.01780	0.01223	0.01672	0.10404	0.02391	0.01320	0.01197	0.01831	0.01714	0.02282	0.02917	0.05585	0.03117	0.34623	0.08901	0.15026	0.01293	0.01359	0.00605	0.00759
25	0.68395	0.02177	0.01654	0.01480	0.02177	0.02525	0.01219	0.03309	0.01915	0.05050	0.01567	0.01828	0.01219	0.01045	0.00697	0.00348	0.00871	0.00609	0.00697	0.01219
26	0.03541	0.01732	0.02177	0.01878	0.02468	0.01659	0.01532	0.09876	0.03135	0.25802	0.04481	0.10109	0.03718	0.01848	0.01165	0.00369	0.00902	0.08819	0.13268	0.01521
27	0.09155	0.02035	0.03182	0.36368	0.13792	0.02373	0.02806	0.02943	0.02310	0.03297	0.02492	0.04113	0.02168	0.01357	0.01135	0.00384	0.01347	0.06836	0.00600	0.01305
28	0.01646	0.01169	0.01618	0.01582	0.01815	0.01236	0.01212	0.02111	0.02411	0.03519	0.23050	0.05999	0.05950	0.05332	0.29058	0.01085	0.01793	0.01524	0.06856	0.01032
29	0.03451	0.02085	0.02532	0.01873	0.02819	0.01750	0.01523	0.08369	0.02929	0.21214	0.02901	0.02880	0.02073	0.01075	0.00964	0.00245	0.00916	0.00859	0.00960	0.38584
30	0.03808	0.02105	0.02923	0.20170	0.04518	0.02209	0.02188	0.08698	0.07858	0.28378	0.03505	0.03496	0.02354	0.01316	0.01131	0.00359	0.01153	0.01092	0.01055	0.01686
31	0.08594	0.02147	0.02369	0.01934	0.02561	0.02243	0.01549	0.22247	0.03893	0.05578	0.23363	0.04967	0.05449	0.01679	0.01149	0.00332	0.00881	0.01376	0.01100	0.06589
32	0.02701	0.01802	0.02091	0.01938	0.02452	0.01873	0.01509	0.04215	0.22765	0.13559	0.05855	0.15500	0.10775	0.02166	0.01254	0.00400	0.00833	0.05678	0.01152	0.01480
33	0.01387	0.01027	0.01296	0.01473	0.01617	0.00936	0.01012	0.01635	0.02339	0.03076	0.12059	0.45336	0.16144	0.03273	0.01406	0.00432	0.00625	0.02926	0.01065	0.00936
34	0.02506	0.08972	0.26380	0.09088	0.19221	0.02802	0.08421	0.03460	0.02442	0.03464	0.02035	0.02571	0.01568	0.01033	0.01085	0.00344	0.01540	0.00929	0.00512	0.01628
35	0.08193	0.02590	0.04121	0.12926	0.04746	0.02779	0.17042	0.11344	0.07269	0.09510	0.02616	0.03026	0.01917	0.01225	0.01343	0.00375	0.05519	0.01112	0.00790	0.01557
36	0.01385	0.01015	0.01301	0.01498	0.01622	0.00931	0.01021	0.01621	0.02296	0.03034	0.10842	0.48951	0.13679	0.03334	0.01413	0.00438	0.00632	0.02993	0.01061	0.00931
37	0.09041	0.02523	0.08275	0.02869	0.07760	0.02150	0.09728	0.08405	0.02907	0.15842	0.04263	0.08946	0.09133	0.01594	0.01169	0.00365	0.01159	0.01406	0.00926	0.01537
38	0.09086	0.02536	0.12398	0.06550	0.03422	0.01884	0.06298	0.03268	0.02519	0.11771	0.07569	0.10858	0.03398	0.01544	0.01099	0.00348	0.01087	0.01337	0.06336	0.06692
39	0.03321	0.08377	0.18760	0.03072	0.08265	0.02656	0.06340	0.11802	0.03077	0.14446	0.02620	0.02766	0.01862	0.01141	0.01068	0.00326	0.01331	0.00946	0.00805	0.07019

[dist]
# distance from previous block
# <min> <max>
1	38

[block]
# block no. 7 follows, 11 sequences, length 13
# corresponding to MSA columns:
# 430-442
name=unknown_H
#
# <colnr> <probs for GDERKNQSTAVLIFYWHMCP>
#	G	D	E	R	K	N	Q	S	T	A	V	L	I	F	Y	W	H	M	C	P
0	0.08553	0.10042	0.03291	0.02812	0.08222	0.19979	0.02034	0.04658	0.13396	0.12004	0.02812	0.02838	0.02120	0.01231	0.01015	0.00323	0.01351	0.00917	0.00833	0.01569
1	0.04311	0.02603	0.08076	0.02269	0.03193	0.02235	0.02014	0.13057	0.10303	0.33800	0.03909	0.03537	0.02586	0.01371	0.01126	0.00352	0.01070	0.01100	0.01217	0.01870
2	0.02743	0.03227	0.19699	0.07477	0.11094	0.02169	0.06553	0.03573	0.02664	0.12672	0.07512	0.04523	0.03156	0.01458	0.01191	0.00373	0.01323	0.06242	0.00794	0.01557
3	0.03641	0.02784	0.16288	0.02211	0.03140	0.01781	0.02194	0.04212	0.02791	0.30250	0.07801	0.03801	0.03022	0.01676	0.01508	0.08038	0.01111	0.01114	0.01030	0.01608
4	0.01955	0.00978	0.01466	0.01466	0.01466	0.00978	0.00978	0.01466	0.01466	0.01955	0.01955	0.03421	0.01955	0.03910	0.04399	0.67253	0.00978	0.00978	0.00489	0.00489
5	0.01371	0.00979	0.01306	0.01567	0.01632	0.00914	0.01045	0.01567	0.02155	0.02873	0.06203	0.59710	0.07444	0.03526	0.01437	0.00457	0.00653	0.03200	0.01045	0.00914
6	0.03186	0.07761	0.13773	0.03838	0.10201	0.02780	0.19864	0.08600	0.02931	0.12161	0.02556	0.02893	0.01844	0.01091	0.01159	0.00350	0.01518	0.01084	0.00736	0.01674
7	0.08715	0.02983	0.12993	0.11249	0.04678	0.02435	0.14515	0.04126	0.06942	0.15879	0.02854	0.03104	0.01997	0.01163	0.01134	0.00365	0.01393	0.01076	0.00802	0.01597
8	0.03462	0.01840	0.02299	0.01966	0.02597	0.01809	0.01581	0.04660	0.16069	0.26410	0.14523	0.05626	0.04881	0.01762	0.01212	0.00373	0.00859	0.05179	0.01265	0.01630
9	0.01599	0.01075	0.01239	0.01276	0.01285	0.01066	0.00733	0.01627	0.01710	0.02280	0.03922	0.14763	0.04566	0.52401	0.05122	0.01002	0.01029	0.01858	0.00733	0.00715
10	0.21140	0.02324	0.02647	0.02032	0.02919	0.02266	0.05240	0.09869	0.06132	0.04607	0.02183	0.02432	0.01705	0.01024	0.00898	0.00274	0.00989	0.00795	0.00766	0.29759
11	0.17113	0.02875	0.06658	0.02296	0.03099	0.07901	0.05156	0.09048	0.11230	0.04374	0.02763	0.07146	0.02325	0.01332	0.01011	0.00328	0.01146	0.01065	0.00809	0.12326
12	0.01914	0.12977	0.07135	0.01786	0.02312	0.01832	0.01534	0.02310	0.02303	0.03129	0.07887	0.31574	0.05189	0.02346	0.01175	0.00358	0.00865	0.02048	0.00848	0.10479

[dist]
# distance from previous block
# <min> <max>
14	89

[block]
# block no. 8 follows, 11 sequences, length 19
# corresponding to MSA columns:
# 532-550
name=unknown_I
#
# <colnr> <probs for GDERKNQSTAVLIFYWHMCP>
#	G	D	E	R	K	N	Q	S	T	A	V	L	I	F	Y	W	H	M	C	P
0	0.01725	0.06628	0.06899	0.08894	0.02821	0.01602	0.01659	0.02181	0.02432	0.03247	0.14256	0.28150	0.10287	0.02483	0.01273	0.00393	0.00870	0.02186	0.00912	0.01102
1	0.02734	0.18580	0.31991	0.02956	0.04306	0.03191	0.07395	0.09441	0.02754	0.03800	0.02021	0.02339	0.01518	0.01069	0.01016	0.00328	0.01519	0.00844	0.00569	0.01630
2	0.38246	0.02923	0.14470	0.01977	0.02821	0.02363	0.01954	0.03374	0.06265	0.04383	0.02528	0.09594	0.02257	0.01410	0.00920	0.00367	0.01036	0.01052	0.00726	0.01335
3	0.02701	0.01773	0.02547	0.11826	0.03305	0.02016	0.01888	0.03094	0.02530	0.14695	0.16338	0.04573	0.04319	0.01948	0.02081	0.06079	0.14801	0.01308	0.00900	0.01278
4	0.03147	0.01884	0.02300	0.01839	0.02514	0.01759	0.01471	0.12212	0.03448	0.17948	0.21573	0.05045	0.05320	0.01622	0.01151	0.00316	0.00832	0.01362	0.01157	0.13100
5	0.02488	0.01881	0.02232	0.01708	0.02535	0.01553	0.01354	0.03226	0.06935	0.08422	0.11385	0.03702	0.03499	0.01203	0.00975	0.00235	0.00797	0.01003	0.00875	0.43992
6	0.16473	0.01853	0.02233	0.01783	0.02543	0.01739	0.01462	0.04712	0.02868	0.38625	0.03806	0.03505	0.02507	0.01318	0.01006	0.00337	0.00886	0.01024	0.09647	0.01674
7	0.01392	0.00996	0.01325	0.01553	0.01637	0.00928	0.01046	0.01620	0.02253	0.03030	0.10655	0.54813	0.07747	0.03409	0.01426	0.00447	0.00641	0.03089	0.01063	0.00928
8	0.02334	0.01829	0.03161	0.12296	0.03868	0.01825	0.14007	0.03005	0.02703	0.07623	0.16185	0.04777	0.04388	0.01454	0.01158	0.00344	0.01091	0.01383	0.15294	0.01275
9	0.68395	0.02177	0.01654	0.01480	0.02177	0.02525	0.01219	0.03309	0.01915	0.05050	0.01567	0.01828	0.01219	0.01045	0.00697	0.00348	0.00871	0.00609	0.00697	0.01219
10	0.02334	0.02001	0.02334	0.01667	0.02667	0.01500	0.01334	0.02834	0.02334	0.03668	0.02001	0.02334	0.01667	0.00834	0.00834	0.00167	0.00834	0.00667	0.00667	0.67325
11	0.01371	0.00979	0.01306	0.01567	0.01632	0.00914	0.01045	0.01567	0.02155	0.02873	0.06203	0.59710	0.07444	0.03526	0.01437	0.00457	0.00653	0.03200	0.01045	0.00914
12	0.09116	0.03455	0.02945	0.02382	0.03195	0.23703	0.05308	0.03607	0.02666	0.03419	0.01877	0.02218	0.01542	0.00993	0.00932	0.00249	0.01401	0.00735	0.00627	0.29627
13	0.02524	0.09188	0.02641	0.11541	0.03204	0.01873	0.01666	0.02991	0.02647	0.12582	0.15405	0.14357	0.05003	0.01837	0.01151	0.00343	0.00915	0.01583	0.00950	0.07598
14	0.20641	0.02140	0.02396	0.07261	0.03112	0.02304	0.01700	0.12114	0.07464	0.16763	0.03379	0.10230	0.02752	0.01554	0.01056	0.00366	0.00992	0.01239	0.01009	0.01527
15	0.02915	0.02086	0.02338	0.01964	0.02613	0.02169	0.01552	0.11522	0.20204	0.09600	0.12337	0.04425	0.04117	0.01514	0.01100	0.00328	0.00849	0.01254	0.07076	0.10038
16	0.13989	0.07905	0.09609	0.12759	0.03955	0.02605	0.02244	0.11675	0.02990	0.12677	0.06742	0.03165	0.02500	0.01274	0.01030	0.00343	0.01173	0.00991	0.00848	0.01526
17	0.08078	0.02746	0.07785	0.02499	0.03329	0.02542	0.06508	0.16987	0.03207	0.08381	0.02724	0.07896	0.02287	0.01434	0.01330	0.00340	0.06620	0.01142	0.00851	0.13314
18	0.18978	0.02735	0.12136	0.02047	0.02902	0.02206	0.01952	0.08158	0.06879	0.15293	0.07379	0.03437	0.02829	0.01328	0.01002	0.00344	0.01015	0.01022	0.06822	0.01534

[dist]
# distance from previous block
# <min> <max>
41	98

[block]
# block no. 9 follows, 11 sequences, length 17
# corresponding to MSA columns:
# 660-676
name=unknown_J
#
# <colnr> <probs for GDERKNQSTAVLIFYWHMCP>
#	G	D	E	R	K	N	Q	S	T	A	V	L	I	F	Y	W	H	M	C	P
0	0.25480	0.02724	0.08422	0.10507	0.03901	0.02617	0.07762	0.11999	0.02782	0.04705	0.02172	0.02587	0.01625	0.01130	0.00965	0.00347	0.01210	0.00894	0.06748	0.01423
1	0.06534	0.14999	0.22362	0.02222	0.03324	0.02509	0.02447	0.03447	0.02399	0.08100	0.02360	0.02623	0.01786	0.01080	0.00911	0.00293	0.01185	0.00810	0.10341	0.10268
2	0.02289	0.01517	0.01883	0.01571	0.02139	0.01259	0.01199	0.02605	0.02491	0.09656	0.12898	0.09795	0.09449	0.02034	0.01541	0.09204	0.00769	0.01422	0.00910	0.25370
3	0.03691	0.02066	0.02915	0.15734	0.08488	0.02110	0.02123	0.09609	0.03012	0.26169	0.03344	0.03779	0.02423	0.07580	0.01618	0.00431	0.01170	0.01128	0.00997	0.01613
4	0.02192	0.01850	0.02183	0.01652	0.02515	0.01414	0.01291	0.02648	0.02308	0.03551	0.02619	0.10777	0.02517	0.01230	0.00922	0.00209	0.00807	0.01040	0.00722	0.57553
5	0.10498	0.02232	0.02762	0.10290	0.03640	0.02320	0.01929	0.12960	0.08457	0.27969	0.03497	0.03345	0.02353	0.01326	0.01088	0.00354	0.01073	0.01054	0.01118	0.01734
6	0.01955	0.00978	0.01466	0.01466	0.01466	0.00978	0.00978	0.01466	0.01466	0.01955	0.01955	0.03421	0.01955	0.03910	0.04399	0.67253	0.00978	0.00978	0.00489	0.00489
7	0.03116	0.02166	0.09623	0.01837	0.02534	0.01656	0.01694	0.03956	0.06987	0.20359	0.03719	0.03824	0.02683	0.01777	0.04497	0.00414	0.01025	0.01074	0.25576	0.01485
8	0.03358	0.18556	0.23333	0.02528	0.03728	0.02997	0.02747	0.10722	0.02968	0.14974	0.02537	0.02599	0.01801	0.01155	0.01004	0.00323	0.01330	0.00866	0.00774	0.01700
9	0.21251	0.02386	0.02475	0.02057	0.02771	0.02601	0.01657	0.21011	0.08272	0.12164	0.03239	0.09655	0.02662	0.01554	0.01050	0.00361	0.00996	0.01210	0.01038	0.01592
10	0.03425	0.02279	0.02713	0.02179	0.02867	0.07129	0.04954	0.09170	0.02914	0.18370	0.03158	0.08118	0.02562	0.01793	0.01587	0.10166	0.01118	0.01169	0.00926	0.13401
11	0.02348	0.02546	0.08854	0.02087	0.02986	0.01988	0.01880	0.02900	0.02228	0.03481	0.01908	0.02362	0.01604	0.01068	0.01381	0.00249	0.11381	0.00745	0.00612	0.47392
12	0.02470	0.08765	0.11313	0.08911	0.09530	0.02724	0.25689	0.03281	0.02488	0.03369	0.02554	0.08847	0.02247	0.01260	0.01211	0.00367	0.01581	0.01337	0.00593	0.01464
13	0.02508	0.15037	0.02642	0.01755	0.02192	0.11786	0.01409	0.02890	0.02391	0.03189	0.03143	0.11477	0.02969	0.02483	0.08259	0.00497	0.01297	0.01229	0.21689	0.01157
14	0.02456	0.07880	0.08661	0.02011	0.02614	0.01864	0.01840	0.03248	0.07066	0.11112	0.14699	0.12406	0.05539	0.02129	0.01254	0.00393	0.00956	0.11513	0.01020	0.01341
15	0.03103	0.01873	0.02489	0.12113	0.03500	0.01973	0.01843	0.09257	0.08076	0.18492	0.04047	0.15426	0.03502	0.02433	0.06095	0.00509	0.01202	0.01552	0.01028	0.01488
16	0.20939	0.17444	0.09478	0.01929	0.02845	0.02670	0.01853	0.03727	0.02461	0.14922	0.05451	0.02772	0.02259	0.01166	0.00893	0.00309	0.01048	0.00842	0.00799	0.06191

[dist]
# distance from previous block
# <min> <max>
13	88

[block]
# block no. 10 follows, 11 sequences, length 19
# corresponding to MSA columns:
# 770-788
name=unknown_K
#
# <colnr> <probs for GDERKNQSTAVLIFYWHMCP>
#	G	D	E	R	K	N	Q	S	T	A	V	L	I	F	Y	W	H	M	C	P
0	0.13518	0.11654	0.02843	0.01874	0.02592	0.02542	0.01573	0.11876	0.07508	0.15335	0.07460	0.03481	0.02943	0.01346	0.00976	0.00323	0.00938	0.01028	0.08648	0.01542
1	0.02457	0.02095	0.02856	0.02416	0.03003	0.02161	0.08894	0.09684	0.17253	0.04155	0.04311	0.22297	0.04169	0.02029	0.01244	0.00383	0.01008	0.01844	0.00981	0.06757
2	0.11456	0.02104	0.02652	0.01950	0.02907	0.01772	0.05545	0.03273	0.02410	0.09722	0.02251	0.02502	0.01741	0.00937	0.00893	0.00231	0.00946	0.00771	0.00747	0.45193
3	0.08980	0.02184	0.02683	0.07228	0.07137	0.02068	0.01800	0.07385	0.06833	0.11897	0.02622	0.02801	0.01963	0.01079	0.00965	0.00275	0.00992	0.00868	0.00836	0.29403
4	0.01577	0.01169	0.01648	0.06703	0.02394	0.01174	0.01470	0.01922	0.02300	0.03028	0.05755	0.39973	0.06615	0.03183	0.01446	0.00469	0.00848	0.16351	0.00994	0.00982
5	0.01590	0.01272	0.01988	0.01889	0.02142	0.01185	0.06665	0.01978	0.02536	0.03472	0.20338	0.37066	0.07771	0.02843	0.01390	0.00416	0.00760	0.02618	0.01050	0.01031
6	0.02270	0.01398	0.01760	0.01740	0.02064	0.01368	0.01272	0.03036	0.10466	0.12284	0.11830	0.34202	0.06409	0.02669	0.01322	0.00412	0.00728	0.02374	0.01147	0.01248
7	0.01420	0.01076	0.01311	0.01394	0.01612	0.00966	0.00992	0.01737	0.02568	0.03381	0.20782	0.30455	0.22266	0.02978	0.01374	0.00405	0.00594	0.02623	0.01099	0.00966
8	0.03009	0.61122	0.05898	0.01926	0.02889	0.04454	0.01926	0.03370	0.02287	0.02648	0.01565	0.01805	0.01444	0.00963	0.00722	0.00241	0.01204	0.00602	0.00481	0.01444
9	0.01892	0.01455	0.01902	0.11308	0.02882	0.01560	0.01501	0.02819	0.10530	0.03874	0.20518	0.17256	0.06296	0.02118	0.01223	0.00374	0.00783	0.01866	0.08665	0.01178
10	0.01536	0.01148	0.01425	0.01356	0.01646	0.01038	0.01017	0.02013	0.03051	0.04193	0.43820	0.08935	0.19830	0.02420	0.01328	0.00360	0.00540	0.02109	0.01197	0.01038
11	0.02888	0.28167	0.13722	0.11601	0.04376	0.11628	0.06631	0.03518	0.02468	0.02945	0.01804	0.02241	0.01474	0.01037	0.00946	0.00302	0.01520	0.00789	0.00506	0.01436
12	0.01371	0.00979	0.01306	0.01567	0.01632	0.00914	0.01045	0.01567	0.02155	0.02873	0.06203	0.59710	0.07444	0.03526	0.01437	0.00457	0.00653	0.03200	0.01045	0.00914
13	0.09173	0.02505	0.03543	0.10007	0.04126	0.02598	0.11277	0.18043	0.03436	0.09244	0.06823	0.03285	0.02558	0.01253	0.01118	0.00339	0.01248	0.01104	0.00886	0.07435
14	0.03117	0.01878	0.02235	0.01896	0.02497	0.01812	0.01480	0.14891	0.03284	0.16936	0.05093	0.20282	0.09636	0.02114	0.01214	0.00364	0.00885	0.01798	0.01119	0.07469
15	0.14154	0.02124	0.02719	0.09475	0.03478	0.02188	0.05535	0.08786	0.06659	0.08923	0.11374	0.03779	0.03409	0.01340	0.01060	0.00329	0.01024	0.01124	0.00898	0.11622
16	0.03003	0.10688	0.12695	0.02587	0.03697	0.02358	0.10588	0.03693	0.02568	0.13458	0.02476	0.02692	0.01823	0.01023	0.01007	0.00283	0.01242	0.00897	0.00735	0.22487
17	0.13739	0.07782	0.09557	0.01988	0.02924	0.02239	0.01851	0.07544	0.02773	0.14113	0.06960	0.03078	0.02581	0.01196	0.00961	0.00295	0.01015	0.00917	0.00863	0.17625
18	0.02819	0.06589	0.11162	0.02301	0.03017	0.02503	0.02107	0.11465	0.11456	0.08756	0.09953	0.10314	0.03905	0.01749	0.01391	0.00373	0.06260	0.01400	0.00953	0.01528

[dist]
# distance from previous block
# <min> <max>
1	55

[block]
# block no. 11 follows, 11 sequences, length 47
# corresponding to MSA columns:
# 859-884,890-910
name=unknown_L
#
# <colnr> <probs for GDERKNQSTAVLIFYWHMCP>
#	G	D	E	R	K	N	Q	S	T	A	V	L	I	F	Y	W	H	M	C	P
0	0.08187	0.02490	0.07647	0.02320	0.03101	0.02225	0.05661	0.14153	0.03120	0.18989	0.03163	0.03700	0.02411	0.08781	0.08382	0.00612	0.01425	0.01121	0.00953	0.01559
1	0.26382	0.02465	0.02205	0.01940	0.02512	0.10513	0.01525	0.03382	0.02343	0.10030	0.02708	0.11195	0.02489	0.01553	0.01211	0.00349	0.06402	0.01135	0.00796	0.08867
2	0.03278	0.02606	0.10725	0.08619	0.03643	0.02173	0.02193	0.04689	0.16887	0.21066	0.08691	0.04074	0.03401	0.01442	0.01145	0.00363	0.01068	0.01201	0.01059	0.01675
3	0.08809	0.02010	0.02557	0.09036	0.10872	0.02177	0.01921	0.06994	0.13010	0.07738	0.03618	0.12193	0.03154	0.01619	0.01095	0.00362	0.00976	0.01383	0.09013	0.01461
