[name]
unknown

[dist]
# distance from previous block
# <min> <max>
0	1

[block]
# block no. 0 follows, 15 sequences, length 121
# corresponding to MSA columns:
# 1-121
name=unknown_A
#
# <colnr> <probs for GDERKNQSTAVLIFYWHMCP>
#	G	D	E	R	K	N	Q	S	T	A	V	L	I	F	Y	W	H	M	C	P
0	0.01971	0.01217	0.01696	0.01828	0.02126	0.01188	0.01588	0.02421	0.02366	0.10167	0.05107	0.10246	0.05321	0.02560	0.01329	0.00440	0.00909	0.45542	0.00958	0.01017
1	0.02467	0.02369	0.04046	0.06119	0.58747	0.02369	0.03059	0.03059	0.02270	0.03257	0.01875	0.02467	0.01579	0.00888	0.00987	0.00296	0.01184	0.00888	0.00493	0.01579
2	0.01437	0.01016	0.01337	0.01337	0.01423	0.01102	0.00915	0.01610	0.01524	0.02118	0.02913	0.05259	0.03075	0.37087	0.32202	0.01275	0.01793	0.01265	0.00570	0.00743
3	0.03767	0.03476	0.02934	0.02390	0.03088	0.23302	0.01906	0.37458	0.04037	0.04941	0.02096	0.02185	0.01552	0.01138	0.00963	0.00284	0.01342	0.00808	0.00828	0.01507
4	0.02722	0.02135	0.02505	0.12390	0.03394	0.02375	0.01798	0.13838	0.29204	0.08047	0.03146	0.03122	0.02320	0.01200	0.00983	0.00311	0.00938	0.00987	0.00891	0.07696
5	0.03716	0.02882	0.02626	0.02174	0.02847	0.17593	0.01727	0.18925	0.13389	0.19419	0.02901	0.02757	0.02049	0.01192	0.00976	0.00298	0.01154	0.00902	0.00939	0.01533
6	0.01411	0.01019	0.01333	0.01254	0.01489	0.00941	0.00941	0.01881	0.02822	0.03998	0.58221	0.07447	0.09406	0.02038	0.01176	0.00314	0.00470	0.01803	0.01097	0.00941
7	0.03433	0.02615	0.02791	0.02222	0.02956	0.02925	0.01809	0.41796	0.18894	0.05708	0.02846	0.02754	0.02062	0.01239	0.01002	0.00310	0.01013	0.00960	0.01002	0.01663
8	0.03790	0.02792	0.02992	0.02294	0.03091	0.03091	0.01895	0.55423	0.04687	0.06283	0.02393	0.02393	0.01695	0.01197	0.00997	0.00299	0.01097	0.00898	0.00997	0.01695
9	0.03790	0.02792	0.02992	0.02294	0.03091	0.03091	0.01895	0.55423	0.04687	0.06283	0.02393	0.02393	0.01695	0.01197	0.00997	0.00299	0.01097	0.00898	0.00997	0.01695
10	0.01883	0.01772	0.02990	0.62569	0.06866	0.02215	0.02769	0.02547	0.01993	0.02547	0.01772	0.02658	0.01329	0.00997	0.00997	0.00332	0.01329	0.00886	0.00443	0.01107
11	0.01883	0.01772	0.02990	0.62569	0.06866	0.02215	0.02769	0.02547	0.01993	0.02547	0.01772	0.02658	0.01329	0.00997	0.00997	0.00332	0.01329	0.00886	0.00443	0.01107
12	0.02467	0.02369	0.04046	0.06119	0.58747	0.02369	0.03059	0.03059	0.02270	0.03257	0.01875	0.02467	0.01579	0.00888	0.00987	0.00296	0.01184	0.00888	0.00493	0.01579
13	0.03245	0.02362	0.02512	0.02011	0.02672	0.02614	0.01634	0.38264	0.12314	0.05501	0.02803	0.02833	0.02056	0.01215	0.00947	0.00293	0.00937	0.00939	0.13307	0.01541
14	0.01883	0.01772	0.02990	0.62569	0.06866	0.02215	0.02769	0.02547	0.01993	0.02547	0.01772	0.02658	0.01329	0.00997	0.00997	0.00332	0.01329	0.00886	0.00443	0.01107
15	0.02467	0.02369	0.04046	0.06119	0.58747	0.02369	0.03059	0.03059	0.02270	0.03257	0.01875	0.02467	0.01579	0.00888	0.00987	0.00296	0.01184	0.00888	0.00493	0.01579
16	0.04473	0.01697	0.02313	0.01774	0.02545	0.01465	0.01465	0.04858	0.02853	0.59437	0.03933	0.03393	0.02468	0.01234	0.01003	0.00308	0.00848	0.01003	0.01234	0.01697
17	0.02181	0.02181	0.03053	0.02617	0.02617	0.03053	0.02181	0.02399	0.01527	0.02399	0.01309	0.02181	0.01309	0.01745	0.03272	0.00436	0.63141	0.00872	0.00436	0.01091
18	0.01450	0.00966	0.01087	0.01087	0.01087	0.00966	0.00604	0.01450	0.01450	0.01933	0.03141	0.06524	0.03624	0.64965	0.05074	0.00966	0.00966	0.01450	0.00604	0.00604
19	0.02919	0.02360	0.02501	0.02118	0.02760	0.02685	0.01684	0.22103	0.39425	0.04878	0.03500	0.03275	0.02591	0.01300	0.01009	0.00325	0.00892	0.01050	0.01009	0.01617
20	0.04473	0.01697	0.02313	0.01774	0.02545	0.01465	0.01465	0.04858	0.02853	0.59437	0.03933	0.03393	0.02468	0.01234	0.01003	0.00308	0.00848	0.01003	0.01234	0.01697
21	0.02067	0.01772	0.02067	0.01477	0.02362	0.01329	0.01181	0.02510	0.02067	0.03248	0.01772	0.02067	0.01477	0.00738	0.00738	0.00148	0.00738	0.00591	0.00591	0.71059
22	0.03790	0.02792	0.02992	0.02294	0.03091	0.03091	0.01895	0.55423	0.04687	0.06283	0.02393	0.02393	0.01695	0.01197	0.00997	0.00299	0.01097	0.00898	0.00997	0.01695
23	0.03767	0.03453	0.02936	0.02386	0.03088	0.22620	0.01905	0.38063	0.04059	0.04986	0.02106	0.02192	0.01557	0.01140	0.00964	0.00285	0.01333	0.00811	0.00834	0.01513
24	0.01794	0.02585	0.23082	0.01881	0.02596	0.01473	0.01988	0.02497	0.02503	0.06791	0.30985	0.08640	0.05815	0.01652	0.01087	0.00320	0.00871	0.01423	0.00844	0.01174
25	0.01883	0.01772	0.02990	0.62569	0.06866	0.02215	0.02769	0.02547	0.01993	0.02547	0.01772	0.02658	0.01329	0.00997	0.00997	0.00332	0.01329	0.00886	0.00443	0.01107
26	0.01883	0.01772	0.02990	0.62569	0.06866	0.02215	0.02769	0.02547	0.01993	0.02547	0.01772	0.02658	0.01329	0.00997	0.00997	0.00332	0.01329	0.00886	0.00443	0.01107
27	0.02467	0.02369	0.04046	0.06119	0.58747	0.02369	0.03059	0.03059	0.02270	0.03257	0.01875	0.02467	0.01579	0.00888	0.00987	0.00296	0.01184	0.00888	0.00493	0.01579
28	0.01204	0.00908	0.01115	0.01282	0.01418	0.00819	0.00878	0.01400	0.02011	0.02586	0.06788	0.48945	0.21128	0.02955	0.01246	0.00386	0.00558	0.02629	0.00925	0.00819
29	0.01606	0.01147	0.01606	0.01836	0.02065	0.01147	0.01606	0.02065	0.02295	0.02983	0.05278	0.11245	0.05737	0.02754	0.01377	0.00459	0.00918	0.52037	0.00918	0.00918
30	0.03448	0.02623	0.02800	0.02225	0.02961	0.02932	0.01812	0.42367	0.18298	0.05733	0.02827	0.02739	0.02046	0.01237	0.01002	0.00309	0.01017	0.00957	0.01002	0.01665
31	0.04347	0.01898	0.02438	0.01869	0.02645	0.01764	0.01544	0.14135	0.03190	0.49685	0.03650	0.03210	0.02326	0.01227	0.01002	0.00307	0.00894	0.00983	0.01190	0.01696
32	0.02409	0.01857	0.02169	0.01572	0.02442	0.01496	0.01267	0.07392	0.02361	0.07921	0.01996	0.02200	0.01574	0.00818	0.00782	0.00174	0.00779	0.00650	0.00677	0.59466
33	0.01215	0.00868	0.01157	0.01388	0.01446	0.00810	0.00925	0.01388	0.01909	0.02545	0.05495	0.64315	0.06593	0.03123	0.01272	0.00405	0.00578	0.02834	0.00925	0.00810
34	0.03837	0.02841	0.02929	0.02273	0.03049	0.06889	0.01864	0.48075	0.04421	0.10082	0.02453	0.02429	0.01726	0.01188	0.00991	0.00297	0.01125	0.00888	0.00983	0.01659
35	0.03176	0.02091	0.02758	0.02397	0.06536	0.02132	0.06394	0.08485	0.24035	0.21680	0.03429	0.03241	0.02431	0.01190	0.01005	0.00311	0.00934	0.01026	0.00978	0.05770
36	0.02077	0.12146	0.53485	0.02710	0.04111	0.02504	0.03454	0.03137	0.02096	0.03063	0.01742	0.02046	0.01265	0.00936	0.00912	0.00304	0.01426	0.00713	0.00422	0.01451
37	0.01215	0.00868	0.01157	0.01388	0.01446	0.00810	0.00925	0.01388	0.01909	0.02545	0.05495	0.64315	0.06593	0.03123	0.01272	0.00405	0.00578	0.02834	0.00925	0.00810
38	0.02251	0.02148	0.03656	0.26962	0.39590	0.02312	0.02952	0.02870	0.02168	0.02995	0.01837	0.02538	0.01487	0.00928	0.00991	0.00309	0.01238	0.00887	0.00475	0.01405
39	0.03605	0.03347	0.03013	0.02757	0.08022	0.28503	0.05506	0.10072	0.06533	0.15333	0.02380	0.02455	0.01743	0.01088	0.00967	0.00287	0.01384	0.00839	0.00754	0.01412
40	0.02439	0.02447	0.04493	0.05652	0.45709	0.02406	0.15739	0.03092	0.02290	0.03241	0.01910	0.02521	0.01563	0.00877	0.01033	0.00306	0.01305	0.00958	0.00496	0.01522
41	0.01736	0.01527	0.02200	0.02020	0.02125	0.01991	0.01631	0.02035	0.01571	0.02349	0.02109	0.03202	0.02005	0.05116	0.37229	0.01122	0.27579	0.00987	0.00494	0.00973
42	0.47917	0.02531	0.02177	0.01832	0.02483	0.11556	0.05075	0.09696	0.02294	0.04292	0.01582	0.01819	0.01219	0.00969	0.00748	0.00301	0.01036	0.00645	0.00641	0.01187
43	0.01924	0.01116	0.01449	0.01306	0.01624	0.01021	0.01000	0.02381	0.02762	0.12552	0.44940	0.06488	0.07724	0.01836	0.01106	0.00306	0.00528	0.01601	0.07280	0.01057
44	0.02329	0.02470	0.03025	0.45504	0.09546	0.15189	0.02602	0.02898	0.02196	0.02571	0.01728	0.02455	0.01336	0.00996	0.00974	0.00313	0.01423	0.00832	0.00462	0.01150
45	0.04244	0.02064	0.02541	0.01948	0.02728	0.02011	0.01609	0.21819	0.03468	0.41608	0.03417	0.03058	0.02209	0.01221	0.01001	0.00305	0.00932	0.00967	0.01154	0.01696
46	0.01374	0.01018	0.01281	0.01215	0.01467	0.00925	0.00912	0.01810	0.02735	0.03791	0.50600	0.07787	0.17155	0.02115	0.01176	0.00317	0.00476	0.01851	0.01070	0.00925
47	0.02067	0.01772	0.02067	0.01477	0.02362	0.01329	0.01181	0.02510	0.02067	0.03248	0.01772	0.02067	0.01477	0.00738	0.00738	0.00148	0.00738	0.00591	0.00591	0.71059
48	0.01230	0.01012	0.01082	0.01065	0.01379	0.00864	0.00799	0.01532	0.02396	0.02986	0.20891	0.09112	0.47367	0.02416	0.01178	0.00331	0.00497	0.02036	0.00964	0.00864
49	0.01883	0.01772	0.02990	0.62569	0.06866	0.02215	0.02769	0.02547	0.01993	0.02547	0.01772	0.02658	0.01329	0.00997	0.00997	0.00332	0.01329	0.00886	0.00443	0.01107
50	0.02304	0.02160	0.03626	0.05366	0.49886	0.02148	0.02732	0.02877	0.02355	0.03371	0.10594	0.03238	0.02790	0.01066	0.01016	0.00299	0.01074	0.01030	0.00587	0.01480
51	0.02770	0.50791	0.09698	0.01940	0.02796	0.12623	0.01915	0.03154	0.02156	0.02432	0.01446	0.01675	0.01279	0.00888	0.00707	0.00229	0.01215	0.00568	0.00439	0.01277
52	0.02665	0.65565	0.05224	0.01706	0.02559	0.03945	0.01706	0.02985	0.02026	0.02345	0.01386	0.01599	0.01279	0.00853	0.00640	0.00213	0.01066	0.00533	0.00426	0.01279
53	0.01999	0.05157	0.59800	0.02841	0.04315	0.02315	0.03683	0.03157	0.02105	0.03157	0.01789	0.02105	0.01263	0.00947	0.00947	0.00316	0.01473	0.00737	0.00421	0.01473
54	0.01411	0.01019	0.01333	0.01254	0.01489	0.00941	0.00941	0.01881	0.02822	0.03998	0.58221	0.07447	0.09406	0.02038	0.01176	0.00314	0.00470	0.01803	0.01097	0.00941
55	0.02371	0.02274	0.03900	0.17630	0.04667	0.02409	0.23129	0.09754	0.12193	0.03552	0.02570	0.06454	0.02060	0.01147	0.01087	0.00335	0.01300	0.01160	0.00665	0.01340
56	0.01390	0.01018	0.01304	0.01232	0.01477	0.00932	0.00924	0.01841	0.02773	0.03882	0.53948	0.07637	0.13751	0.02081	0.01176	0.00316	0.00473	0.01830	0.01082	0.00932
57	0.01760	0.01385	0.01633	0.01507	0.01849	0.01443	0.01148	0.02995	0.20476	0.04054	0.40554	0.06231	0.07331	0.01814	0.01123	0.00322	0.00574	0.01582	0.01070	0.01148
58	0.01883	0.01772	0.02990	0.62569	0.06866	0.02215	0.02769	0.02547	0.01993	0.02547	0.01772	0.02658	0.01329	0.00997	0.00997	0.00332	0.01329	0.00886	0.00443	0.01107
59	0.72007	0.01928	0.01465	0.01311	0.01928	0.02236	0.01080	0.02930	0.01697	0.04473	0.01388	0.01619	0.01080	0.00925	0.00617	0.00308	0.00771	0.00540	0.00617	0.01080
60	0.07275	0.02565	0.02606	0.02400	0.07022	0.09266	0.01771	0.17625	0.23780	0.10681	0.03002	0.02901	0.02202	0.01201	0.00970	0.00310	0.01020	0.00945	0.00914	0.01543
61	0.01444	0.00991	0.01211	0.01211	0.01254	0.01034	0.00759	0.01529	0.01486	0.02025	0.03028	0.05895	0.03351	0.51106	0.18560	0.01120	0.01377	0.01358	0.00587	0.00673
62	0.02433	0.02334	0.03985	0.09399	0.55732	0.02360	0.03043	0.03030	0.02254	0.03216	0.01869	0.02478	0.01565	0.00895	0.00987	0.00298	0.01193	0.00888	0.00491	0.01552
63	0.43811	0.02369	0.01936	0.01657	0.02299	0.11219	0.01336	0.06571	0.02280	0.15345	0.01984	0.02050	0.01427	0.01019	0.00761	0.00300	0.00965	0.00670	0.00748	0.01252
64	0.01935	0.01825	0.03084	0.57558	0.11472	0.02228	0.02794	0.02593	0.02018	0.02610	0.01781	0.02641	0.01351	0.00987	0.00996	0.00329	0.01316	0.00886	0.00447	0.01149
65	0.01999	0.05157	0.59800	0.02841	0.04315	0.02315	0.03683	0.03157	0.02105	0.03157	0.01789	0.02105	0.01263	0.00947	0.00947	0.00316	0.01473	0.00737	0.00421	0.01473
66	0.72007	0.01928	0.01465	0.01311	0.01928	0.02236	0.01080	0.02930	0.01697	0.04473	0.01388	0.01619	0.01080	0.00925	0.00617	0.00308	0.00771	0.00540	0.00617	0.01080
67	0.02467	0.02369	0.04046	0.06119	0.58747	0.02369	0.03059	0.03059	0.02270	0.03257	0.01875	0.02467	0.01579	0.00888	0.00987	0.00296	0.01184	0.00888	0.00493	0.01579
68	0.01396	0.01018	0.01311	0.01238	0.01480	0.00934	0.00929	0.01852	0.02786	0.03912	0.55049	0.07588	0.12632	0.02070	0.01176	0.00315	0.00473	0.01823	0.01086	0.00934
69	0.01512	0.01410	0.05838	0.01411	0.01770	0.01143	0.01181	0.02179	0.06396	0.03854	0.46892	0.06935	0.11758	0.01942	0.01148	0.00317	0.00571	0.01697	0.01028	0.01018
70	0.02369	0.03302	0.19478	0.03567	0.04652	0.02504	0.34396	0.06960	0.06150	0.03465	0.02122	0.02586	0.01564	0.00928	0.01093	0.00328	0.01526	0.01039	0.00551	0.01418
71	0.01411	0.01019	0.01333	0.01254	0.01489	0.00941	0.00941	0.01881	0.02822	0.03998	0.58221	0.07447	0.09406	0.02038	0.01176	0.00314	0.00470	0.01803	0.01097	0.00941
72	0.01424	0.01068	0.01602	0.01602	0.01780	0.01246	0.01246	0.01780	0.01602	0.02314	0.02670	0.03916	0.02492	0.07477	0.61015	0.01602	0.02670	0.01068	0.00534	0.00890
73	0.01883	0.01772	0.02990	0.62569	0.06866	0.02215	0.02769	0.02547	0.01993	0.02547	0.01772	0.02658	0.01329	0.00997	0.00997	0.00332	0.01329	0.00886	0.00443	0.01107
74	0.02427	0.02327	0.03973	0.10046	0.55137	0.02358	0.03039	0.03024	0.02251	0.03207	0.01868	0.02481	0.01562	0.00896	0.00988	0.00299	0.01194	0.00888	0.00490	0.01546
75	0.02467	0.02369	0.04046	0.06119	0.58747	0.02369	0.03059	0.03059	0.02270	0.03257	0.01875	0.02467	0.01579	0.00888	0.00987	0.00296	0.01184	0.00888	0.00493	0.01579
76	0.01732	0.00866	0.01299	0.01299	0.01299	0.00866	0.00866	0.01299	0.01299	0.01732	0.01732	0.03030	0.01732	0.03463	0.03896	0.70996	0.00866	0.00866	0.00433	0.00433
77	0.01411	0.01019	0.01333	0.01254	0.01489	0.00941	0.00941	0.01881	0.02822	0.03998	0.58221	0.07447	0.09406	0.02038	0.01176	0.00314	0.00470	0.01803	0.01097	0.00941
78	0.01178	0.01010	0.01010	0.01010	0.01347	0.00842	0.00757	0.01431	0.02272	0.02693	0.10099	0.09594	0.58342	0.02525	0.01178	0.00337	0.00505	0.02104	0.00926	0.00842
79	0.02181	0.02181	0.03053	0.02617	0.02617	0.03053	0.02181	0.02399	0.01527	0.02399	0.01309	0.02181	0.01309	0.01745	0.03272	0.00436	0.63141	0.00872	0.00436	0.01091
80	0.01226	0.01012	0.01076	0.01060	0.01376	0.00862	0.00795	0.01523	0.02385	0.02960	0.19961	0.09154	0.48313	0.02425	0.01178	0.00332	0.00498	0.02042	0.00961	0.00862
81	0.02288	0.10036	0.46191	0.02907	0.08178	0.02397	0.03286	0.03268	0.02169	0.07503	0.01928	0.02188	0.01383	0.00957	0.00927	0.00305	0.01366	0.00751	0.00491	0.01482
82	0.02219	0.02286	0.03058	0.48273	0.10886	0.11320	0.02664	0.02814	0.02147	0.02593	0.01745	0.02508	0.01344	0.00992	0.00981	0.00317	0.01389	0.00848	0.00458	0.01157
83	0.01264	0.00995	0.01142	0.01144	0.01409	0.00872	0.00843	0.01583	0.02417	0.03130	0.26310	0.15907	0.34573	0.02432	0.01190	0.00337	0.00502	0.02093	0.00986	0.00872
84	0.02821	0.02311	0.02446	0.02098	0.02722	0.02639	0.01660	0.18352	0.43335	0.04720	0.03624	0.03374	0.02692	0.01312	0.01010	0.00328	0.00869	0.01067	0.01010	0.01608
85	0.02035	0.01927	0.03265	0.47867	0.20378	0.02255	0.02844	0.02681	0.02065	0.02732	0.01799	0.02608	0.01394	0.00968	0.00994	0.00323	0.01291	0.00887	0.00456	0.01230
86	0.02335	0.35601	0.32295	0.02269	0.03430	0.03136	0.02687	0.03070	0.02065	0.02748	0.01586	0.01850	0.01271	0.00900	0.00792	0.00264	0.01268	0.00634	0.00424	0.01376
87	0.02467	0.02369	0.04046	0.06119	0.58747	0.02369	0.03059	0.03059	0.02270	0.03257	0.01875	0.02467	0.01579	0.00888	0.00987	0.00296	0.01184	0.00888	0.00493	0.01579
88	0.01686	0.01371	0.02039	0.02521	0.16402	0.01313	0.01492	0.02188	0.02678	0.03805	0.43545	0.06150	0.07368	0.01739	0.01127	0.00309	0.00656	0.01565	0.00940	0.01107
89	0.03724	0.04751	0.02825	0.02568	0.03082	0.60963	0.01926	0.03981	0.02825	0.02440	0.01541	0.01798	0.01284	0.01027	0.00899	0.00257	0.01798	0.00642	0.00514	0.01156
90	0.72007	0.01928	0.01465	0.01311	0.01928	0.02236	0.01080	0.02930	0.01697	0.04473	0.01388	0.01619	0.01080	0.00925	0.00617	0.00308	0.00771	0.00540	0.00617	0.01080
91	0.04317	0.01731	0.02309	0.01794	0.02549	0.01545	0.01474	0.04893	0.07092	0.55106	0.03943	0.03419	0.02513	0.01243	0.01003	0.00311	0.00844	0.01012	0.01217	0.01687
92	0.02605	0.02327	0.02548	0.02156	0.02731	0.07522	0.05746	0.12367	0.30296	0.04245	0.12695	0.03897	0.03644	0.01376	0.01042	0.00320	0.00943	0.01167	0.00941	0.01431
93	0.01375	0.01018	0.01283	0.01216	0.01467	0.00925	0.00912	0.01812	0.02737	0.03796	0.50774	0.07779	0.16979	0.02113	0.01176	0.00317	0.00476	0.01849	0.01071	0.00925
94	0.03404	0.04130	0.03560	0.02936	0.03586	0.43208	0.14517	0.07280	0.02839	0.02879	0.01711	0.02049	0.01366	0.00995	0.00971	0.00278	0.01723	0.00786	0.00544	0.01237
95	0.01411	0.01019	0.01333	0.01254	0.01489	0.00941	0.00941	0.01881	0.02822	0.03998	0.58221	0.07447	0.09406	0.02038	0.01176	0.00314	0.00470	0.01803	0.01097	0.00941
96	0.72007	0.01928	0.01465	0.01311	0.01928	0.02236	0.01080	0.02930	0.01697	0.04473	0.01388	0.01619	0.01080	0.00925	0.00617	0.00308	0.00771	0.00540	0.00617	0.01080
97	0.01285	0.01014	0.01158	0.01122	0.01412	0.00887	0.00842	0.01638	0.02525	0.03293	0.32211	0.08607	0.35856	0.02301	0.01177	0.00326	0.00489	0.01966	0.01005	0.00887
98	0.02665	0.65565	0.05224	0.01706	0.02559	0.03945	0.01706	0.02985	0.02026	0.02345	0.01386	0.01599	0.01279	0.00853	0.00640	0.00213	0.01066	0.00533	0.00426	0.01279
99	0.02067	0.01772	0.02067	0.01477	0.02362	0.01329	0.01181	0.02510	0.02067	0.03248	0.01772	0.02067	0.01477	0.00738	0.00738	0.00148	0.00738	0.00591	0.00591	0.71059
100	0.03790	0.02792	0.02992	0.02294	0.03091	0.03091	0.01895	0.55423	0.04687	0.06283	0.02393	0.02393	0.01695	0.01197	0.00997	0.00299	0.01097	0.00898	0.00997	0.01695
101	0.02467	0.02369	0.04046	0.06119	0.58747	0.02369	0.03059	0.03059	0.02270	0.03257	0.01875	0.02467	0.01579	0.00888	0.00987	0.00296	0.01184	0.00888	0.00493	0.01579
102	0.01486	0.01004	0.01265	0.01200	0.01435	0.00939	0.00900	0.01955	0.02700	0.03951	0.49033	0.06823	0.08261	0.01892	0.01096	0.00300	0.00469	0.01657	0.12698	0.00939
103	0.01362	0.01006	0.01271	0.01228	0.01465	0.00916	0.00912	0.01777	0.02671	0.03694	0.47074	0.12108	0.16431	0.02193	0.01184	0.00324	0.00484	0.01926	0.01059	0.00916
104	0.01221	0.01012	0.01069	0.01055	0.01373	0.00860	0.00791	0.01513	0.02373	0.02932	0.18929	0.09200	0.49363	0.02435	0.01178	0.00332	0.00499	0.02049	0.00957	0.00860
105	0.02554	0.02298	0.02288	0.02061	0.02622	0.05986	0.01599	0.05218	0.53701	0.04066	0.03907	0.03604	0.02938	0.01333	0.01007	0.00333	0.00849	0.01098	0.00984	0.01553
106	0.02467	0.02369	0.04046	0.06119	0.58747	0.02369	0.03059	0.03059	0.02270	0.03257	0.01875	0.02467	0.01579	0.00888	0.00987	0.00296	0.01184	0.00888	0.00493	0.01579
107	0.01215	0.00868	0.01157	0.01388	0.01446	0.00810	0.00925	0.01388	0.01909	0.02545	0.05495	0.64315	0.06593	0.03123	0.01272	0.00405	0.00578	0.02834	0.00925	0.00810
108	0.02423	0.02340	0.03893	0.05577	0.50061	0.02475	0.02924	0.02957	0.02155	0.03124	0.01787	0.02423	0.01537	0.01021	0.01340	0.00318	0.10772	0.00886	0.00485	0.01503
109	0.01326	0.00963	0.01241	0.01422	0.01552	0.00910	0.01041	0.01564	0.02008	0.02616	0.05818	0.39288	0.12701	0.08462	0.01624	0.00459	0.00686	0.14600	0.00895	0.00822
110	0.02649	0.59919	0.04960	0.01735	0.02562	0.03814	0.01694	0.03191	0.06914	0.02508	0.01624	0.01788	0.01436	0.00897	0.00673	0.00224	0.01041	0.00586	0.00479	0.01306
111	0.02560	0.08136	0.04079	0.05515	0.50433	0.05995	0.02872	0.03108	0.02281	0.03127	0.01812	0.02350	0.01535	0.00893	0.00951	0.00286	0.01210	0.00842	0.00489	0.01527
112	0.02926	0.54307	0.04767	0.01764	0.02605	0.03648	0.01701	0.07807	0.02336	0.07777	0.01702	0.01829	0.01422	0.00917	0.00704	0.00229	0.01049	0.00607	0.00549	0.01353
113	0.01952	0.07451	0.03189	0.57151	0.06483	0.02369	0.02674	0.02586	0.01996	0.02529	0.01738	0.02564	0.01324	0.00984	0.00965	0.00322	0.01306	0.00855	0.00441	0.01123
114	0.02300	0.02174	0.03672	0.12763	0.47145	0.02222	0.02834	0.02890	0.02284	0.03234	0.06878	0.02934	0.02244	0.01004	0.01005	0.00302	0.01139	0.00969	0.00541	0.01463
115	0.08802	0.01769	0.02463	0.01883	0.02658	0.01577	0.04532	0.04635	0.02748	0.52573	0.03655	0.03236	0.02321	0.01191	0.00987	0.00310	0.00891	0.00982	0.01151	0.01636
116	0.01244	0.00915	0.01174	0.01368	0.01485	0.00845	0.00959	0.01455	0.02001	0.02607	0.06204	0.50925	0.14712	0.02996	0.01267	0.00399	0.00597	0.07098	0.00925	0.00824
117	0.01327	0.00981	0.01254	0.01445	0.01548	0.00958	0.00983	0.01736	0.06808	0.02690	0.05367	0.58921	0.06277	0.02966	0.01249	0.00399	0.00597	0.02682	0.00933	0.00878
118	0.02799	0.08260	0.37131	0.02482	0.03658	0.07436	0.02856	0.03633	0.02346	0.16745	0.02262	0.02358	0.01559	0.01018	0.00936	0.00302	0.01323	0.00780	0.00628	0.01487
119	0.01841	0.01705	0.02842	0.57111	0.06387	0.02101	0.02606	0.02488	0.02067	0.02676	0.06797	0.03084	0.02048	0.01089	0.01013	0.00331	0.01252	0.00968	0.00501	0.01093
120	0.02485	0.07994	0.04151	0.05726	0.53745	0.02509	0.02939	0.03053	0.02248	0.03176	0.01832	0.02390	0.01552	0.00885	0.00956	0.00289	0.01174	0.00857	0.00487	0.01552

[dist]
# distance from previous block
# <min> <max>
0	24

# created by:
# /st0/software/busco_prod/Augustus/scripts/msa2prfl.pl ./align_prep/9637.fa
