[name]
unknown

[dist]
# distance from previous block
# <min> <max>
0	47

[block]
# block no. 0 follows, 12 sequences, length 39
# corresponding to MSA columns:
# 47-85
name=unknown_A
#
# <colnr> <probs for GDERKNQSTAVLIFYWHMCP>
#	G	D	E	R	K	N	Q	S	T	A	V	L	I	F	Y	W	H	M	C	P
0	0.06658	0.09459	0.11413	0.02083	0.02698	0.02363	0.01978	0.06274	0.06997	0.03659	0.03058	0.04617	0.02772	0.05258	0.01584	0.00403	0.07703	0.08638	0.11097	0.01287
1	0.03303	0.02950	0.02991	0.02428	0.03160	0.11163	0.04808	0.20898	0.16420	0.04759	0.02888	0.03138	0.02250	0.04834	0.01324	0.00358	0.01218	0.01020	0.00905	0.09186
2	0.03170	0.11736	0.06690	0.02215	0.02952	0.05330	0.04714	0.09418	0.08622	0.15725	0.06129	0.12061	0.03334	0.01598	0.01092	0.00339	0.01078	0.01341	0.00947	0.01508
3	0.02896	0.09355	0.03980	0.11745	0.06895	0.07591	0.13576	0.03897	0.10867	0.09630	0.02906	0.06854	0.02349	0.01280	0.01106	0.00343	0.01334	0.01177	0.00751	0.01466
4	0.02629	0.16650	0.07366	0.02732	0.06495	0.02868	0.09550	0.04043	0.18570	0.03630	0.02691	0.02855	0.02112	0.01094	0.00984	0.00299	0.01150	0.00949	0.00720	0.12613
5	0.01966	0.01410	0.01689	0.01608	0.01921	0.01380	0.01170	0.07904	0.05778	0.03293	0.04984	0.24075	0.11919	0.02775	0.01907	0.15522	0.00790	0.01891	0.00875	0.07142
6	0.02864	0.02288	0.03107	0.18993	0.15472	0.05243	0.02402	0.08878	0.07372	0.10121	0.03039	0.09994	0.02577	0.01439	0.01121	0.00353	0.01199	0.01254	0.00797	0.01487
7	0.03135	0.13801	0.23457	0.02335	0.03446	0.02485	0.02536	0.06972	0.02727	0.18405	0.03426	0.03379	0.06645	0.01284	0.01022	0.00324	0.01214	0.00999	0.00808	0.01597
8	0.02183	0.01448	0.01975	0.02226	0.10016	0.01321	0.01423	0.02604	0.02735	0.12164	0.21102	0.12075	0.20113	0.02151	0.01233	0.00355	0.00725	0.01870	0.01052	0.01229
9	0.01491	0.01133	0.01532	0.06815	0.02202	0.01145	0.01241	0.01923	0.05225	0.02982	0.08302	0.49201	0.06626	0.03018	0.01341	0.00425	0.00715	0.02728	0.00981	0.00974
10	0.06488	0.13007	0.17742	0.09576	0.07413	0.02656	0.05684	0.03620	0.06949	0.08845	0.02443	0.02923	0.01895	0.04751	0.01271	0.00373	0.01294	0.00935	0.00653	0.01481
11	0.02498	0.01925	0.03156	0.50216	0.06778	0.02296	0.02807	0.03177	0.02326	0.10969	0.02304	0.03032	0.01646	0.01130	0.01091	0.00359	0.01372	0.00989	0.00618	0.01311
12	0.10561	0.30513	0.15599	0.02296	0.03264	0.15459	0.02311	0.03540	0.02387	0.03045	0.01650	0.01920	0.01372	0.01007	0.00833	0.00280	0.01404	0.00659	0.00510	0.01391
13	0.01949	0.01322	0.01532	0.01344	0.01789	0.01126	0.01002	0.02275	0.02486	0.09150	0.15161	0.07432	0.24296	0.11308	0.01847	0.00433	0.00709	0.01722	0.00969	0.12149
14	0.02987	0.11389	0.03463	0.08603	0.03589	0.02194	0.07485	0.03514	0.02481	0.15392	0.02453	0.02672	0.01819	0.00998	0.00946	0.00261	0.01085	0.00853	0.00752	0.27063
15	0.01894	0.00947	0.01420	0.01420	0.01420	0.00947	0.00947	0.01420	0.01420	0.01894	0.01894	0.03314	0.01894	0.03788	0.04261	0.68277	0.00947	0.00947	0.00473	0.00473
16	0.02727	0.24362	0.24950	0.03207	0.11681	0.09366	0.02971	0.03475	0.02390	0.03080	0.01791	0.02138	0.01444	0.01001	0.00923	0.00297	0.01452	0.00744	0.00486	0.01518
17	0.03223	0.02105	0.02582	0.02108	0.02806	0.02148	0.04720	0.12131	0.17717	0.18239	0.05359	0.05024	0.13653	0.01652	0.01152	0.00354	0.00933	0.01385	0.01114	0.01595
18	0.01536	0.01125	0.01604	0.01633	0.01780	0.01258	0.01207	0.01839	0.01763	0.02491	0.03356	0.11192	0.03440	0.16480	0.42442	0.01489	0.02353	0.01457	0.00645	0.00912
19	0.02431	0.02234	0.10770	0.02339	0.02972	0.01686	0.07779	0.05643	0.02590	0.12053	0.04409	0.24464	0.04437	0.02220	0.01276	0.00404	0.01069	0.08991	0.00930	0.01303
20	0.02630	0.02320	0.02777	0.11728	0.03641	0.02797	0.02062	0.07238	0.34034	0.04091	0.03462	0.03538	0.02646	0.01472	0.01488	0.00383	0.10086	0.01133	0.00907	0.01565
21	0.25451	0.02073	0.02318	0.01843	0.02635	0.02075	0.01521	0.09854	0.02944	0.33854	0.03219	0.02966	0.02117	0.01237	0.00961	0.00336	0.00932	0.00921	0.01104	0.01639
22	0.02059	0.01938	0.03270	0.59060	0.07510	0.02422	0.03028	0.02786	0.02180	0.02786	0.01938	0.02907	0.01453	0.01090	0.01090	0.00363	0.01453	0.00969	0.00484	0.01211
23	0.01328	0.00949	0.01265	0.01518	0.01581	0.00886	0.01012	0.01518	0.02088	0.02783	0.06010	0.60969	0.07212	0.03416	0.01392	0.00443	0.00633	0.03100	0.01012	0.00886
24	0.01377	0.01082	0.01244	0.01259	0.01541	0.00949	0.00923	0.01715	0.02612	0.03376	0.24074	0.18083	0.32486	0.02699	0.01305	0.00372	0.00553	0.02328	0.01073	0.00949
25	0.03045	0.02494	0.02847	0.11702	0.03776	0.02870	0.02048	0.19275	0.29829	0.04978	0.03465	0.03430	0.02565	0.01363	0.01101	0.00356	0.01064	0.01112	0.01000	0.01680
26	0.02693	0.43614	0.13495	0.02032	0.03083	0.03577	0.02134	0.03216	0.02237	0.02865	0.01654	0.01920	0.01430	0.00930	0.00772	0.00241	0.01184	0.00630	0.00493	0.11800
27	0.02401	0.03250	0.18193	0.15856	0.19309	0.02608	0.03154	0.03588	0.10122	0.03459	0.02329	0.02823	0.01801	0.01156	0.01241	0.00356	0.05250	0.00964	0.00590	0.01550
28	0.02849	0.57151	0.10316	0.01979	0.02974	0.04151	0.02063	0.03282	0.02223	0.02646	0.01556	0.01800	0.01398	0.00942	0.00730	0.00243	0.01207	0.00603	0.00466	0.01419
29	0.01473	0.00987	0.01258	0.01416	0.01541	0.00930	0.00976	0.01766	0.02283	0.03244	0.13612	0.43428	0.07036	0.02888	0.01277	0.00397	0.00594	0.02591	0.11374	0.00930
30	0.03153	0.03238	0.08070	0.03679	0.04615	0.11036	0.29259	0.03869	0.02669	0.11924	0.02407	0.02843	0.01758	0.01093	0.01340	0.00355	0.05410	0.01114	0.00675	0.01493
31	0.01877	0.01225	0.01733	0.11046	0.02662	0.01237	0.01380	0.02165	0.02174	0.08724	0.04907	0.39947	0.05450	0.08126	0.01689	0.00474	0.00841	0.02382	0.00931	0.01029
32	0.01304	0.01046	0.01165	0.01261	0.01514	0.00907	0.00898	0.01547	0.02335	0.02884	0.09145	0.29546	0.36611	0.03008	0.01328	0.00396	0.00583	0.02603	0.01012	0.00907
33	0.02146	0.01991	0.03216	0.34549	0.05621	0.02293	0.07941	0.03251	0.10749	0.03405	0.10490	0.03914	0.03154	0.01311	0.01146	0.00362	0.01254	0.01204	0.00706	0.01297
34	0.02305	0.02189	0.03714	0.38933	0.25716	0.02487	0.03150	0.03001	0.02296	0.03084	0.01981	0.02827	0.01559	0.01045	0.01086	0.00348	0.01393	0.00970	0.00506	0.01410
35	0.01517	0.01144	0.01577	0.01577	0.01777	0.01253	0.01190	0.01840	0.01853	0.02549	0.04326	0.05654	0.11422	0.13741	0.41838	0.01440	0.02304	0.01406	0.00664	0.00927
36	0.03046	0.37124	0.18692	0.02211	0.03311	0.03388	0.02403	0.03654	0.02388	0.11574	0.02095	0.02222	0.01609	0.01029	0.00855	0.00281	0.01246	0.00728	0.00611	0.01532
37	0.02500	0.12751	0.12270	0.04752	0.32453	0.02673	0.02942	0.03142	0.02366	0.03292	0.02397	0.09097	0.02242	0.01253	0.01045	0.00326	0.01248	0.01123	0.00569	0.01559
38	0.02253	0.02047	0.03168	0.26115	0.19029	0.02284	0.02585	0.03288	0.10269	0.03540	0.11011	0.03894	0.03280	0.01306	0.01123	0.00350	0.01163	0.01176	0.00715	0.01405

[dist]
# distance from previous block
# <min> <max>
11	33

[block]
# block no. 1 follows, 12 sequences, length 40
# corresponding to MSA columns:
# 119-158
name=unknown_B
#
# <colnr> <probs for GDERKNQSTAVLIFYWHMCP>
#	G	D	E	R	K	N	Q	S	T	A	V	L	I	F	Y	W	H	M	C	P
0	0.09561	0.11948	0.13467	0.02445	0.03289	0.03122	0.02349	0.18193	0.03071	0.08412	0.02142	0.02392	0.01622	0.01285	0.01432	0.00346	0.11761	0.00856	0.00749	0.01558
1	0.69383	0.02109	0.01603	0.01434	0.02109	0.02446	0.01181	0.03205	0.01856	0.04892	0.01518	0.01771	0.01181	0.01012	0.00675	0.00337	0.00843	0.00590	0.00675	0.01181
2	0.14644	0.08448	0.03083	0.02891	0.15239	0.02316	0.01875	0.05847	0.02403	0.03887	0.01885	0.02246	0.01555	0.00926	0.00855	0.00250	0.00992	0.00728	0.00633	0.29296
3	0.03942	0.01775	0.02310	0.01904	0.02562	0.01635	0.01514	0.09726	0.03103	0.37166	0.04520	0.17459	0.03694	0.01846	0.01167	0.00362	0.00888	0.01569	0.01238	0.01620
4	0.01629	0.01228	0.01651	0.01598	0.01821	0.01355	0.01241	0.02025	0.02149	0.03090	0.13327	0.05722	0.11589	0.05109	0.28988	0.01041	0.06287	0.01447	0.07705	0.00997
5	0.02838	0.01463	0.01788	0.01544	0.02048	0.01366	0.01214	0.03532	0.07629	0.21425	0.17670	0.05844	0.11701	0.01760	0.01111	0.00331	0.00691	0.01479	0.13210	0.01357
6	0.02631	0.05149	0.37737	0.08831	0.04681	0.15793	0.03459	0.03602	0.02480	0.03194	0.01889	0.02283	0.01394	0.01063	0.01029	0.00332	0.01681	0.00798	0.00487	0.01486
7	0.04499	0.01943	0.02519	0.01990	0.02793	0.01803	0.01625	0.05400	0.12096	0.46427	0.04326	0.03776	0.02813	0.01373	0.01099	0.00343	0.00916	0.01121	0.01306	0.01832
8	0.01539	0.01038	0.01203	0.01249	0.01260	0.01026	0.00724	0.01573	0.01676	0.02235	0.03900	0.16840	0.04549	0.51178	0.04800	0.00946	0.00981	0.01859	0.00724	0.00701
9	0.01434	0.01018	0.01354	0.01584	0.01679	0.00972	0.01126	0.01667	0.02126	0.02818	0.05741	0.46881	0.06749	0.08391	0.01774	0.00508	0.00741	0.11569	0.00980	0.00889
10	0.15315	0.11587	0.02915	0.02100	0.02794	0.13138	0.01704	0.04617	0.20037	0.10885	0.02940	0.02865	0.02207	0.01230	0.00945	0.00323	0.01123	0.00902	0.00865	0.01509
11	0.02147	0.01248	0.01651	0.01474	0.01837	0.01132	0.01132	0.02645	0.03093	0.13613	0.45290	0.07346	0.08920	0.02071	0.01252	0.00342	0.00589	0.01814	0.01227	0.01178
12	0.01366	0.00965	0.01254	0.01470	0.01524	0.00911	0.00961	0.01528	0.02014	0.02685	0.05632	0.53064	0.06735	0.11972	0.02002	0.00533	0.00695	0.02877	0.00961	0.00853
13	0.21477	0.02301	0.03355	0.17432	0.28836	0.02510	0.02657	0.03175	0.02234	0.03758	0.01873	0.02484	0.01508	0.01011	0.00967	0.00337	0.01204	0.00863	0.00565	0.01452
14	0.04023	0.10671	0.03334	0.02618	0.03267	0.42822	0.02040	0.08382	0.03178	0.07126	0.01951	0.02135	0.01543	0.01137	0.00972	0.00284	0.01736	0.00745	0.00659	0.01375
15	0.01543	0.01115	0.01457	0.01372	0.01629	0.01029	0.01029	0.02058	0.03086	0.04372	0.54304	0.08145	0.10288	0.02229	0.01286	0.00343	0.00514	0.01972	0.01200	0.01029
16	0.15089	0.02478	0.02512	0.02150	0.02841	0.02832	0.01714	0.16709	0.31740	0.05199	0.03456	0.03291	0.02572	0.01352	0.01026	0.00353	0.00944	0.01054	0.01026	0.01660
17	0.02981	0.02416	0.04224	0.13202	0.30950	0.02414	0.10319	0.03641	0.02567	0.12824	0.02464	0.02949	0.01851	0.01049	0.01116	0.00339	0.01336	0.01042	0.00679	0.01635
18	0.02486	0.15439	0.12027	0.10520	0.03775	0.02735	0.02241	0.03843	0.16623	0.03501	0.02561	0.02767	0.01994	0.01104	0.00949	0.00296	0.01126	0.00873	0.00685	0.14455
19	0.02287	0.13425	0.49122	0.02937	0.04455	0.02777	0.03732	0.03427	0.02290	0.03331	0.01896	0.02226	0.01384	0.01022	0.00990	0.00330	0.01550	0.00775	0.00461	0.01582
20	0.03384	0.02101	0.02457	0.02095	0.02756	0.02246	0.01667	0.07742	0.28691	0.21185	0.04136	0.03894	0.02979	0.02121	0.06931	0.00500	0.01116	0.01168	0.01133	0.01697
21	0.01733	0.01320	0.01621	0.01538	0.01842	0.01319	0.01153	0.02680	0.11972	0.04255	0.40704	0.12453	0.08740	0.02207	0.01264	0.00357	0.00589	0.01946	0.01166	0.01141
22	0.02447	0.03824	0.22658	0.04109	0.05378	0.02684	0.35581	0.03480	0.02485	0.03480	0.02124	0.02732	0.01565	0.00957	0.01205	0.00360	0.01764	0.01129	0.00522	0.01517
23	0.01781	0.01501	0.02261	0.10368	0.02929	0.01875	0.01792	0.02192	0.01800	0.02585	0.02508	0.03739	0.02306	0.06007	0.39402	0.01318	0.12938	0.01100	0.00550	0.01048
24	0.02219	0.01264	0.01674	0.01486	0.01862	0.01145	0.01145	0.02715	0.03093	0.14724	0.44207	0.07249	0.08756	0.02051	0.01248	0.00342	0.00598	0.01795	0.01230	0.01196
25	0.01328	0.00949	0.01265	0.01518	0.01581	0.00886	0.01012	0.01518	0.02088	0.02783	0.06010	0.60969	0.07212	0.03416	0.01392	0.00443	0.00633	0.03100	0.01012	0.00886
26	0.04892	0.01856	0.02530	0.01940	0.02783	0.01603	0.01603	0.05314	0.03121	0.55634	0.04302	0.03711	0.02699	0.01350	0.01096	0.00337	0.00928	0.01096	0.01350	0.01856
27	0.01993	0.01784	0.01722	0.01762	0.02018	0.09402	0.01284	0.05888	0.02629	0.03284	0.10351	0.35317	0.10292	0.02718	0.01296	0.00397	0.00875	0.04978	0.00970	0.01040
28	0.01442	0.01054	0.01355	0.01399	0.01597	0.00967	0.01004	0.01818	0.02672	0.03668	0.32897	0.27266	0.13403	0.02705	0.01324	0.00381	0.00560	0.02407	0.01115	0.00967
29	0.02465	0.23891	0.09287	0.01687	0.02436	0.02422	0.01646	0.02932	0.02403	0.08489	0.04738	0.04726	0.16110	0.01533	0.00949	0.00297	0.00930	0.01191	0.10583	0.01285
30	0.02330	0.08518	0.12022	0.09488	0.11956	0.02503	0.18511	0.03112	0.02538	0.03494	0.11445	0.03634	0.03137	0.01199	0.01143	0.00340	0.01383	0.01194	0.00638	0.01415
31	0.01644	0.01177	0.01618	0.01809	0.02028	0.01150	0.01497	0.02095	0.02541	0.03380	0.14562	0.19968	0.07160	0.02941	0.01447	0.00463	0.00852	0.31639	0.01041	0.00988
32	0.01386	0.00993	0.01317	0.01479	0.01594	0.00924	0.01017	0.01662	0.02354	0.03208	0.18904	0.46865	0.08033	0.03099	0.01363	0.00416	0.00601	0.02799	0.01062	0.00924
33	0.13016	0.08181	0.03979	0.02803	0.03552	0.02796	0.15121	0.08588	0.02646	0.14379	0.02367	0.02678	0.01753	0.01240	0.01495	0.00360	0.11805	0.00987	0.00766	0.01489
34	0.08489	0.18634	0.23989	0.02378	0.03476	0.02981	0.02601	0.11866	0.02826	0.04060	0.06925	0.02732	0.02304	0.01171	0.00954	0.00313	0.01254	0.00874	0.00665	0.01509
35	0.02984	0.26928	0.04069	0.12371	0.03772	0.13736	0.02054	0.07030	0.02611	0.03104	0.01772	0.02142	0.01477	0.01009	0.00871	0.00263	0.01323	0.00716	0.00563	0.11205
36	0.02543	0.02291	0.03194	0.02739	0.08550	0.02102	0.08916	0.06286	0.11627	0.03920	0.02479	0.02753	0.01955	0.00991	0.00977	0.00256	0.01042	0.00899	0.00731	0.35751
37	0.02877	0.02019	0.02462	0.02390	0.06999	0.02142	0.01679	0.19583	0.08381	0.07358	0.03485	0.16054	0.03254	0.02219	0.01731	0.12607	0.00985	0.01482	0.00931	0.01364
38	0.02661	0.12856	0.03609	0.34997	0.05523	0.02731	0.02548	0.03228	0.02276	0.10491	0.02161	0.02767	0.01624	0.01178	0.01258	0.00347	0.06884	0.00917	0.00608	0.01338
39	0.03589	0.01852	0.02570	0.02525	0.10161	0.01727	0.01737	0.07686	0.03173	0.30075	0.17628	0.04700	0.04583	0.01533	0.01146	0.00336	0.00889	0.01311	0.01169	0.01609

[dist]
# distance from previous block
# <min> <max>
0	13

[block]
# block no. 2 follows, 12 sequences, length 8
# corresponding to MSA columns:
# 172-179
name=unknown_C
#
# <colnr> <probs for GDERKNQSTAVLIFYWHMCP>
#	G	D	E	R	K	N	Q	S	T	A	V	L	I	F	Y	W	H	M	C	P
0	0.02659	0.01323	0.01806	0.01690	0.02051	0.01248	0.01265	0.02957	0.02350	0.21456	0.04594	0.25288	0.04471	0.08043	0.12723	0.00712	0.01224	0.01890	0.01020	0.01231
1	0.01696	0.01293	0.01612	0.01562	0.01573	0.01464	0.01047	0.01772	0.01684	0.02322	0.03477	0.15090	0.04016	0.40697	0.04490	0.00845	0.12163	0.01714	0.00684	0.00799
2	0.01855	0.01582	0.02142	0.02055	0.02106	0.01945	0.01590	0.02068	0.01880	0.02655	0.03663	0.21015	0.04166	0.13869	0.03071	0.00581	0.24304	0.07742	0.00731	0.00981
3	0.02421	0.01780	0.02784	0.02191	0.02864	0.01545	0.11350	0.02915	0.02548	0.12017	0.10070	0.15153	0.07902	0.01734	0.01158	0.00323	0.00950	0.01602	0.00906	0.17788
4	0.02792	0.02595	0.10236	0.02678	0.03574	0.02077	0.13719	0.03863	0.10821	0.13528	0.03351	0.09980	0.02748	0.01388	0.01127	0.00336	0.01172	0.01295	0.00853	0.11867
5	0.10414	0.02011	0.02200	0.01860	0.02415	0.02172	0.01491	0.21717	0.03459	0.04940	0.13490	0.04873	0.10374	0.02770	0.10366	0.00571	0.01227	0.01328	0.00970	0.01352
6	0.03382	0.26120	0.14125	0.02375	0.03346	0.14078	0.02320	0.09456	0.02857	0.09419	0.02087	0.02228	0.01602	0.01083	0.00913	0.00287	0.01386	0.00756	0.00661	0.01520
7	0.13560	0.02865	0.09987	0.04089	0.20219	0.02532	0.12790	0.03616	0.08354	0.03872	0.02261	0.02684	0.01764	0.01024	0.01037	0.00332	0.01288	0.00965	0.00630	0.06132

[dist]
# distance from previous block
# <min> <max>
0	14

[block]
# block no. 3 follows, 12 sequences, length 17
# corresponding to MSA columns:
# 194-210
name=unknown_D
#
# <colnr> <probs for GDERKNQSTAVLIFYWHMCP>
#	G	D	E	R	K	N	Q	S	T	A	V	L	I	F	Y	W	H	M	C	P
0	0.17393	0.12108	0.09176	0.02382	0.03005	0.02833	0.06906	0.02958	0.02151	0.03539	0.08772	0.02974	0.02588	0.01400	0.01648	0.00363	0.16937	0.00969	0.00624	0.01275
1	0.19418	0.08475	0.02448	0.02162	0.07504	0.02154	0.01516	0.03063	0.08998	0.03718	0.03235	0.18234	0.03236	0.01686	0.00988	0.00335	0.00865	0.01400	0.00785	0.09781
2	0.17949	0.02108	0.02612	0.02127	0.02834	0.02152	0.06882	0.08289	0.10665	0.13365	0.03303	0.10766	0.02767	0.01469	0.01035	0.00342	0.00972	0.01241	0.00931	0.08191
3	0.18717	0.02341	0.02533	0.01993	0.02809	0.02420	0.01635	0.19666	0.06101	0.19736	0.02871	0.02777	0.01996	0.01208	0.00969	0.00316	0.00981	0.00903	0.01023	0.09006
4	0.09176	0.12152	0.03629	0.02439	0.03233	0.09921	0.11164	0.03380	0.06181	0.03359	0.02146	0.02584	0.01770	0.01773	0.07134	0.00437	0.01462	0.00865	0.00619	0.16578
5	0.08898	0.01612	0.01868	0.01541	0.02186	0.01383	0.01203	0.02808	0.02457	0.11884	0.09782	0.11661	0.10575	0.01666	0.01033	0.00290	0.00741	0.01394	0.00918	0.26100
6	0.02764	0.50574	0.16153	0.02123	0.03197	0.03945	0.02314	0.03304	0.02233	0.02749	0.01607	0.01864	0.01396	0.00954	0.00769	0.00256	0.01258	0.00629	0.00465	0.01443
7	0.03627	0.01895	0.02401	0.01784	0.02688	0.01531	0.01453	0.04079	0.02708	0.30600	0.03165	0.03014	0.02178	0.01089	0.00958	0.00253	0.00870	0.00880	0.01011	0.33816
8	0.01564	0.01142	0.01620	0.01620	0.01769	0.01291	0.01198	0.01862	0.01713	0.02433	0.03042	0.04954	0.03017	0.20761	0.45175	0.01589	0.02482	0.01266	0.00602	0.00900
9	0.02672	0.02173	0.03106	0.02960	0.10085	0.02240	0.08074	0.04175	0.21111	0.08838	0.03301	0.03540	0.02553	0.02319	0.10048	0.00557	0.01373	0.01116	0.00850	0.08910
10	0.02554	0.01513	0.02163	0.01780	0.02329	0.01338	0.06149	0.03008	0.02857	0.18952	0.20791	0.07050	0.20997	0.02005	0.01231	0.00352	0.00781	0.01748	0.01120	0.01283
11	0.01441	0.01016	0.01330	0.01539	0.01621	0.00974	0.01070	0.01648	0.02068	0.02744	0.05525	0.43879	0.06499	0.13463	0.02131	0.00559	0.00765	0.09911	0.00950	0.00865
12	0.02270	0.02524	0.12506	0.02150	0.02774	0.02034	0.01935	0.10819	0.14614	0.03984	0.04311	0.26848	0.04309	0.02161	0.01208	0.00388	0.00967	0.01876	0.00940	0.01379
13	0.02059	0.01938	0.03270	0.59060	0.07510	0.02422	0.03028	0.02786	0.02180	0.02786	0.01938	0.02907	0.01453	0.01090	0.01090	0.00363	0.01453	0.00969	0.00484	0.01211
14	0.01592	0.01201	0.01506	0.01679	0.01849	0.01213	0.01201	0.02273	0.10220	0.03115	0.05736	0.47021	0.06499	0.03067	0.01358	0.00437	0.00707	0.07268	0.01027	0.01031
15	0.01387	0.00990	0.01332	0.01585	0.01673	0.00936	0.01113	0.01619	0.02145	0.02848	0.05978	0.54367	0.07085	0.03361	0.01407	0.00451	0.00683	0.09128	0.01011	0.00902
16	0.03033	0.02430	0.04159	0.03165	0.03905	0.02476	0.21653	0.11032	0.02894	0.12873	0.03053	0.10824	0.02593	0.01520	0.01528	0.00380	0.08759	0.01409	0.00829	0.01484

[dist]
# distance from previous block
# <min> <max>
2	6

[block]
# block no. 4 follows, 12 sequences, length 27
# corresponding to MSA columns:
# 217-243
name=unknown_E
#
# <colnr> <probs for GDERKNQSTAVLIFYWHMCP>
#	G	D	E	R	K	N	Q	S	T	A	V	L	I	F	Y	W	H	M	C	P
0	0.14441	0.43184	0.04647	0.01888	0.02768	0.03856	0.01780	0.10437	0.02590	0.03607	0.01681	0.01883	0.01430	0.01003	0.00754	0.00265	0.01116	0.00644	0.00595	0.01430
1	0.01919	0.01095	0.01697	0.10049	0.02332	0.01168	0.01259	0.01625	0.01534	0.02027	0.01901	0.03253	0.01828	0.03384	0.03787	0.58110	0.01023	0.00950	0.00475	0.00584
2	0.01946	0.01106	0.01357	0.01304	0.01380	0.01083	0.00804	0.01885	0.01689	0.06864	0.03194	0.06038	0.03423	0.44304	0.04884	0.14892	0.01023	0.01410	0.00684	0.00729
3	0.02596	0.02095	0.02257	0.01967	0.02538	0.02295	0.01544	0.13921	0.26978	0.04765	0.13560	0.05426	0.11862	0.01764	0.01163	0.00356	0.00827	0.01467	0.01107	0.01513
4	0.02449	0.02610	0.05254	0.20044	0.13564	0.02639	0.30489	0.03274	0.02451	0.03307	0.02108	0.02895	0.01609	0.00974	0.01201	0.00360	0.01650	0.01151	0.00531	0.01437
5	0.02403	0.22444	0.41118	0.02740	0.04150	0.03060	0.03388	0.03397	0.02276	0.03190	0.01826	0.02138	0.01387	0.01005	0.00936	0.00312	0.01479	0.00740	0.00462	0.01549
6	0.02616	0.02434	0.03893	0.05603	0.42373	0.02489	0.02961	0.03615	0.10034	0.03685	0.02742	0.03764	0.02374	0.01230	0.01122	0.00347	0.01205	0.05183	0.00667	0.01662
7	0.04713	0.02142	0.02708	0.02076	0.02926	0.02028	0.01715	0.16305	0.03601	0.43965	0.03899	0.03450	0.02497	0.01340	0.01095	0.00335	0.00993	0.01069	0.01288	0.01855
8	0.03512	0.01727	0.02089	0.01748	0.02344	0.01681	0.01430	0.11935	0.03130	0.25165	0.03933	0.04559	0.02969	0.01495	0.01032	0.00327	0.00848	0.06032	0.22550	0.01495
9	0.02029	0.01748	0.02638	0.21032	0.14498	0.01926	0.02102	0.02666	0.06146	0.02902	0.03042	0.10740	0.03014	0.18199	0.02363	0.00558	0.01170	0.01405	0.00655	0.01169
10	0.01464	0.01032	0.01279	0.01411	0.01591	0.00957	0.01016	0.01776	0.02360	0.03225	0.13817	0.34432	0.15182	0.02864	0.01300	0.00400	0.00618	0.06144	0.08195	0.00937
11	0.01328	0.00949	0.01265	0.01518	0.01581	0.00886	0.01012	0.01518	0.02088	0.02783	0.06010	0.60969	0.07212	0.03416	0.01392	0.00443	0.00633	0.03100	0.01012	0.00886
12	0.14415	0.02230	0.02328	0.02043	0.02704	0.02501	0.01614	0.05280	0.36744	0.12264	0.03919	0.03623	0.02868	0.01380	0.01033	0.00359	0.00869	0.01103	0.01071	0.01652
13	0.02775	0.01928	0.05735	0.08580	0.10741	0.01657	0.01909	0.03302	0.02736	0.19291	0.13493	0.05545	0.14332	0.01688	0.01162	0.00346	0.00933	0.01445	0.00985	0.01418
14	0.01574	0.01165	0.01433	0.01463	0.01694	0.01099	0.01055	0.04853	0.02691	0.03619	0.23372	0.30764	0.15602	0.02765	0.01319	0.00389	0.00614	0.02445	0.01082	0.01002
15	0.01306	0.01035	0.01176	0.01289	0.01521	0.00905	0.00910	0.01544	0.02308	0.02873	0.08796	0.33040	0.33342	0.03054	0.01335	0.00402	0.00588	0.02658	0.01012	0.00905
16	0.03346	0.10234	0.26864	0.02550	0.03751	0.02612	0.02793	0.12102	0.03001	0.18345	0.02670	0.02686	0.01828	0.01158	0.01026	0.00328	0.01305	0.00892	0.00814	0.01698
17	0.03901	0.02687	0.03637	0.03316	0.12280	0.02770	0.07420	0.27381	0.03940	0.17165	0.02864	0.02918	0.02006	0.01219	0.01111	0.00333	0.01222	0.01039	0.00998	0.01792
18	0.02457	0.02211	0.03530	0.44953	0.06657	0.02614	0.06784	0.11113	0.02715	0.03541	0.02076	0.02860	0.01538	0.01113	0.01106	0.00358	0.01442	0.00997	0.00593	0.01342
19	0.02172	0.02489	0.11355	0.01862	0.02866	0.01591	0.01736	0.02766	0.02254	0.03473	0.02274	0.07072	0.02033	0.01060	0.00894	0.00216	0.00930	0.00874	0.00644	0.51438
20	0.03035	0.09314	0.03558	0.27561	0.09674	0.07141	0.02534	0.11557	0.02888	0.09186	0.02249	0.02718	0.01670	0.01129	0.01037	0.00329	0.01348	0.00920	0.00690	0.01462
21	0.02311	0.02097	0.03199	0.14551	0.24825	0.02193	0.02478	0.03246	0.09890	0.03432	0.03053	0.12850	0.02842	0.01473	0.01117	0.00345	0.01107	0.01347	0.00704	0.06938
22	0.18714	0.12486	0.03180	0.11710	0.03597	0.02871	0.01919	0.16330	0.03052	0.12919	0.02336	0.02503	0.01691	0.01146	0.00930	0.00321	0.01111	0.00841	0.00828	0.01513
23	0.03355	0.02539	0.02656	0.02577	0.08287	0.11445	0.01817	0.08445	0.11940	0.16785	0.14130	0.04213	0.04024	0.01477	0.01117	0.00332	0.01069	0.01216	0.01031	0.01542
24	0.23871	0.03044	0.19234	0.02107	0.03055	0.02084	0.02180	0.03624	0.02344	0.16969	0.02871	0.09167	0.02314	0.01378	0.00978	0.00352	0.01087	0.01072	0.00814	0.01455
25	0.03481	0.02154	0.06681	0.05526	0.02990	0.01870	0.01782	0.11898	0.03088	0.26139	0.06943	0.10089	0.03448	0.06984	0.01533	0.00414	0.01016	0.01360	0.01073	0.01532
26	0.02774	0.02638	0.13221	0.08413	0.03602	0.02068	0.06112	0.05990	0.08994	0.14136	0.06359	0.04140	0.02954	0.11590	0.01873	0.00471	0.01195	0.01191	0.00846	0.01434

[dist]
# distance from previous block
# <min> <max>
0	22

[block]
# block no. 5 follows, 12 sequences, length 21
# corresponding to MSA columns:
# 266-286
name=unknown_F
#
# <colnr> <probs for GDERKNQSTAVLIFYWHMCP>
#	G	D	E	R	K	N	Q	S	T	A	V	L	I	F	Y	W	H	M	C	P
0	0.07116	0.01656	0.02032	0.01688	0.02277	0.01571	0.01348	0.08157	0.03020	0.27708	0.12249	0.08232	0.04118	0.01601	0.01069	0.00331	0.00790	0.01327	0.12234	0.01476
1	0.02979	0.24680	0.18791	0.02412	0.03479	0.03389	0.02502	0.15088	0.09402	0.04096	0.02275	0.02407	0.01749	0.01121	0.00939	0.00304	0.01260	0.00823	0.00696	0.01609
2	0.02753	0.03219	0.18453	0.02302	0.03367	0.02204	0.02315	0.09549	0.05459	0.08735	0.02357	0.02558	0.01760	0.01085	0.01103	0.00282	0.04271	0.00826	0.00729	0.26673
3	0.03697	0.02317	0.11151	0.02007	0.02846	0.01628	0.01876	0.04279	0.02978	0.35551	0.15074	0.04467	0.04175	0.01494	0.01129	0.00340	0.00949	0.01244	0.01169	0.01631
4	0.10956	0.03112	0.18382	0.10108	0.04413	0.02278	0.13450	0.03283	0.02384	0.07338	0.02757	0.04213	0.02333	0.01364	0.01135	0.00377	0.01393	0.08667	0.00666	0.01391
5	0.02653	0.02552	0.03457	0.10389	0.10661	0.07427	0.10193	0.07206	0.13565	0.03928	0.09240	0.03650	0.03087	0.01274	0.01121	0.00334	0.01234	0.01161	0.00790	0.06077
6	0.03491	0.02017	0.02618	0.02170	0.02694	0.02215	0.01773	0.04288	0.10897	0.27344	0.04132	0.04018	0.07196	0.01659	0.01818	0.00385	0.17502	0.01189	0.01032	0.01561
7	0.03047	0.01441	0.01842	0.01594	0.02132	0.01251	0.01245	0.03396	0.02768	0.28367	0.10054	0.15383	0.18618	0.02152	0.01213	0.00364	0.00743	0.01830	0.01188	0.01372
8	0.02956	0.02092	0.02717	0.18755	0.04090	0.02301	0.02037	0.16884	0.07039	0.11362	0.14113	0.04165	0.03806	0.01464	0.01136	0.00346	0.01064	0.01229	0.00972	0.01475
9	0.02594	0.01817	0.02249	0.09194	0.03041	0.01959	0.01657	0.07189	0.18728	0.11335	0.10678	0.16468	0.04616	0.01910	0.01187	0.00374	0.00878	0.01656	0.01053	0.01419
10	0.01540	0.01060	0.01278	0.01285	0.01368	0.01027	0.00814	0.01715	0.02090	0.02862	0.18688	0.14300	0.06234	0.36805	0.03768	0.00769	0.00844	0.01892	0.00864	0.00797
11	0.01778	0.01325	0.01577	0.01495	0.01811	0.01277	0.01118	0.08119	0.03013	0.04066	0.28713	0.19218	0.17389	0.02472	0.01284	0.00367	0.00635	0.02153	0.01108	0.01082
12	0.02771	0.33155	0.08145	0.18802	0.04386	0.03518	0.02382	0.09268	0.02583	0.03241	0.01811	0.02238	0.01472	0.01034	0.00887	0.00291	0.01285	0.00762	0.00551	0.01417
13	0.01894	0.00947	0.01420	0.01420	0.01420	0.00947	0.00947	0.01420	0.01420	0.01894	0.01894	0.03314	0.01894	0.03788	0.04261	0.68277	0.00947	0.00947	0.00473	0.00473
14	0.02250	0.01413	0.01759	0.01736	0.02033	0.01391	0.01263	0.10238	0.02723	0.10214	0.05230	0.43989	0.05748	0.02803	0.01304	0.00410	0.00764	0.02493	0.01068	0.01170
15	0.02103	0.01441	0.01577	0.01433	0.01819	0.01462	0.01104	0.08764	0.07557	0.04371	0.19112	0.06099	0.13395	0.01813	0.01071	0.00318	0.00638	0.01515	0.23232	0.01176
16	0.03760	0.12471	0.04025	0.03048	0.09997	0.02869	0.08304	0.18541	0.03433	0.18623	0.02770	0.02824	0.01968	0.01165	0.01051	0.00319	0.01214	0.00985	0.00919	0.01714
17	0.02269	0.03300	0.18243	0.03706	0.04767	0.02390	0.30680	0.03156	0.02424	0.03365	0.02772	0.12388	0.02505	0.01362	0.01240	0.00374	0.01581	0.01464	0.00605	0.01410
18	0.01328	0.00949	0.01265	0.01518	0.01581	0.00886	0.01012	0.01518	0.02088	0.02783	0.06010	0.60969	0.07212	0.03416	0.01392	0.00443	0.00633	0.03100	0.01012	0.00886
19	0.13909	0.02698	0.02965	0.30244	0.05203	0.11581	0.02401	0.11735	0.02800	0.03843	0.01948	0.02513	0.01472	0.01122	0.01004	0.00339	0.01391	0.00865	0.00637	0.01329
20	0.14271	0.02678	0.02871	0.22944	0.04599	0.11213	0.02219	0.12297	0.02930	0.10606	0.02254	0.02619	0.01633	0.01156	0.01005	0.00336	0.01320	0.00883	0.00750	0.01415

[dist]
# distance from previous block
# <min> <max>
6	36

[block]
# block no. 6 follows, 12 sequences, length 37
# corresponding to MSA columns:
# 323-359
name=unknown_G
#
# <colnr> <probs for GDERKNQSTAVLIFYWHMCP>
#	G	D	E	R	K	N	Q	S	T	A	V	L	I	F	Y	W	H	M	C	P
0	0.09069	0.01809	0.02103	0.01755	0.02305	0.01832	0.01399	0.14615	0.03470	0.14326	0.27872	0.05416	0.06033	0.01735	0.01148	0.00338	0.00785	0.01446	0.01152	0.01392
1	0.01452	0.01111	0.01331	0.01276	0.01573	0.00990	0.00957	0.01882	0.02872	0.03863	0.38856	0.08983	0.26054	0.02419	0.01287	0.00352	0.00528	0.02089	0.01133	0.00990
2	0.02698	0.02725	0.02461	0.01903	0.02774	0.14935	0.01489	0.03134	0.02461	0.03339	0.01877	0.02190	0.01564	0.00884	0.00850	0.00190	0.01087	0.00660	0.00626	0.52153
3	0.03099	0.02070	0.02356	0.02068	0.02666	0.02225	0.01612	0.09400	0.28727	0.15738	0.04495	0.13427	0.03700	0.01760	0.01152	0.00371	0.00871	0.01493	0.01144	0.01626
4	0.03593	0.01621	0.02025	0.01652	0.02256	0.01509	0.01330	0.07881	0.03044	0.30474	0.10330	0.04287	0.03625	0.01436	0.01025	0.00314	0.00778	0.01176	0.20129	0.01512
5	0.02286	0.01375	0.01651	0.01471	0.01926	0.01255	0.01141	0.02906	0.06968	0.15170	0.23749	0.07672	0.23811	0.02164	0.01231	0.00353	0.00648	0.01836	0.01159	0.01229
6	0.08722	0.02399	0.02786	0.02327	0.02760	0.02919	0.01909	0.18699	0.07879	0.04566	0.02387	0.02786	0.01905	0.01514	0.01923	0.00378	0.22407	0.00967	0.09333	0.01435
7	0.03455	0.01434	0.01770	0.01476	0.02023	0.01308	0.01180	0.03920	0.02702	0.29722	0.03927	0.03889	0.02747	0.01310	0.00929	0.00296	0.00717	0.01056	0.34706	0.01434
8	0.01350	0.00958	0.01259	0.01491	0.01549	0.00900	0.00983	0.01524	0.02045	0.02727	0.05794	0.56450	0.06939	0.08308	0.01741	0.00494	0.00668	0.02973	0.00983	0.00867
9	0.10694	0.02165	0.02621	0.02029	0.02864	0.02106	0.01676	0.16087	0.03482	0.39284	0.03641	0.03270	0.02357	0.01309	0.01056	0.00335	0.00985	0.01022	0.01225	0.01793
10	0.11997	0.02168	0.02881	0.11861	0.03735	0.02260	0.05428	0.13974	0.03184	0.21219	0.07670	0.03449	0.02741	0.01304	0.01072	0.00342	0.01092	0.01081	0.00989	0.01555
11	0.01713	0.01237	0.01543	0.01628	0.01817	0.01221	0.01149	0.07923	0.02591	0.03489	0.11166	0.47414	0.06884	0.03010	0.01341	0.00417	0.00691	0.02699	0.01044	0.01026
12	0.01328	0.00949	0.01265	0.01518	0.01581	0.00886	0.01012	0.01518	0.02088	0.02783	0.06010	0.60969	0.07212	0.03416	0.01392	0.00443	0.00633	0.03100	0.01012	0.00886
13	0.02545	0.02846	0.10740	0.23168	0.21864	0.02623	0.08707	0.07859	0.02626	0.03602	0.02074	0.02738	0.01595	0.01046	0.01103	0.00345	0.01442	0.00987	0.00566	0.01522
14	0.02075	0.09500	0.32906	0.02513	0.03596	0.02428	0.02918	0.02915	0.02262	0.03161	0.03901	0.04104	0.13329	0.01516	0.01356	0.00355	0.08052	0.01139	0.00587	0.01388
15	0.02153	0.01938	0.02803	0.32445	0.05228	0.01974	0.02224	0.02767	0.02218	0.03141	0.01938	0.02608	0.01528	0.00959	0.00959	0.00270	0.01154	0.00819	0.00559	0.32315
16	0.26306	0.02894	0.14422	0.02524	0.08979	0.02200	0.02153	0.03523	0.02283	0.11849	0.02164	0.02367	0.01586	0.01032	0.00887	0.00310	0.01076	0.00768	0.00708	0.11971
17	0.02706	0.01945	0.02214	0.01953	0.02486	0.02068	0.01543	0.13696	0.18129	0.09074	0.14161	0.10274	0.07926	0.01927	0.01201	0.00369	0.00845	0.04901	0.01122	0.01459
18	0.02059	0.01938	0.03270	0.59060	0.07510	0.02422	0.03028	0.02786	0.02180	0.02786	0.01938	0.02907	0.01453	0.01090	0.01090	0.00363	0.01453	0.00969	0.00484	0.01211
19	0.02676	0.02055	0.03331	0.02758	0.07470	0.01802	0.13440	0.03275	0.02666	0.12569	0.12905	0.03887	0.03556	0.01225	0.01091	0.00291	0.01058	0.01170	0.00845	0.21931
20	0.01449	0.01027	0.01351	0.01539	0.01642	0.00979	0.01086	0.01696	0.02187	0.02928	0.10354	0.41323	0.06951	0.10669	0.01930	0.00521	0.00733	0.09763	0.00984	0.00889
21	0.02960	0.01386	0.01822	0.01622	0.02013	0.01274	0.01190	0.03209	0.02372	0.25489	0.04349	0.17381	0.04058	0.19377	0.05862	0.00652	0.01021	0.01683	0.01032	0.01248
22	0.02437	0.01798	0.02309	0.08608	0.02936	0.02059	0.01705	0.03510	0.16177	0.09936	0.03957	0.17612	0.03723	0.06893	0.01925	0.00456	0.10120	0.01621	0.00908	0.01309
23	0.02375	0.02367	0.03147	0.45301	0.06435	0.08810	0.02755	0.03351	0.08756	0.02999	0.02228	0.02946	0.01687	0.01144	0.01080	0.00355	0.01438	0.00972	0.00573	0.01283
24	0.04073	0.02332	0.09269	0.02087	0.02940	0.01784	0.01882	0.08406	0.03061	0.38861	0.04062	0.10068	0.02984	0.01545	0.01122	0.00350	0.01003	0.01282	0.01176	0.01712
25	0.63754	0.02190	0.01747	0.01527	0.02218	0.02527	0.01258	0.07350	0.02138	0.05063	0.01613	0.01844	0.01239	0.01038	0.00711	0.00337	0.00874	0.00624	0.00711	0.01239
26	0.40965	0.01903	0.01823	0.01547	0.02234	0.01993	0.01265	0.03641	0.02323	0.20169	0.03585	0.03477	0.08438	0.01338	0.00882	0.00341	0.00832	0.00963	0.00924	0.01354
27	0.02419	0.01286	0.01742	0.01608	0.01974	0.01192	0.01222	0.02815	0.02700	0.17951	0.22873	0.19223	0.06572	0.02961	0.07748	0.00529	0.00936	0.01909	0.01125	0.01216
28	0.17390	0.02629	0.04556	0.09273	0.10576	0.02691	0.25573	0.07463	0.02587	0.04032	0.02046	0.02624	0.01556	0.00996	0.01092	0.00352	0.01464	0.01040	0.00617	0.01444
29	0.01948	0.01136	0.01516	0.01546	0.01784	0.01037	0.01110	0.02260	0.02513	0.11556	0.18435	0.38031	0.07307	0.02777	0.01317	0.00400	0.00648	0.02487	0.01115	0.01077
30	0.01320	0.00982	0.01231	0.01430	0.01558	0.00893	0.00973	0.01528	0.02172	0.02818	0.07083	0.50206	0.17282	0.03276	0.01370	0.00427	0.00615	0.02929	0.01012	0.00893
31	0.09743	0.01968	0.02349	0.01823	0.02663	0.01774	0.01479	0.04349	0.09076	0.27568	0.03296	0.03108	0.02288	0.01159	0.00966	0.00285	0.00873	0.00921	0.01029	0.23283
32	0.10649	0.01940	0.02243	0.01665	0.02572	0.01602	0.01347	0.03358	0.02401	0.15046	0.02404	0.02520	0.01800	0.00949	0.00855	0.00220	0.00838	0.00738	0.00802	0.46051
33	0.01408	0.01010	0.01336	0.01464	0.01599	0.00938	0.01018	0.01717	0.02456	0.03370	0.23827	0.41480	0.08347	0.02978	0.01353	0.00406	0.00589	0.02684	0.01082	0.00938
34	0.01392	0.01010	0.01314	0.01446	0.01589	0.00932	0.01005	0.01688	0.02423	0.03287	0.21308	0.41341	0.11206	0.03006	0.01352	0.00407	0.00591	0.02699	0.01071	0.00932
35	0.02683	0.09309	0.04403	0.20957	0.14297	0.02705	0.14297	0.03544	0.06105	0.07636	0.02355	0.02896	0.01786	0.01059	0.01092	0.00341	0.01398	0.01031	0.00627	0.01480
36	0.08557	0.01801	0.02389	0.15653	0.03633	0.01915	0.01880	0.08738	0.02914	0.14895	0.13040	0.05413	0.04174	0.01681	0.01158	0.00369	0.01012	0.08455	0.00970	0.01351

[dist]
# distance from previous block
# <min> <max>
1	10

[block]
# block no. 7 follows, 12 sequences, length 30
# corresponding to MSA columns:
# 370-399
name=unknown_H
#
# <colnr> <probs for GDERKNQSTAVLIFYWHMCP>
#	G	D	E	R	K	N	Q	S	T	A	V	L	I	F	Y	W	H	M	C	P
0	0.18034	0.10748	0.02786	0.01853	0.02626	0.02617	0.01549	0.15322	0.06640	0.04715	0.07638	0.02916	0.02582	0.01196	0.00906	0.00288	0.00939	0.00891	0.00831	0.14924
1	0.02387	0.02374	0.02960	0.10245	0.03690	0.08291	0.08485	0.02920	0.02414	0.03268	0.02902	0.03277	0.07123	0.01106	0.00985	0.00255	0.01152	0.00961	0.00639	0.34566
2	0.02552	0.02135	0.02748	0.02287	0.02814	0.02306	0.06732	0.12470	0.15460	0.04040	0.03460	0.11720	0.03192	0.10158	0.01984	0.00461	0.06204	0.01427	0.00876	0.06975
3	0.08593	0.03724	0.03077	0.09211	0.03771	0.25092	0.02134	0.23024	0.03716	0.04541	0.02080	0.02326	0.01576	0.01186	0.01017	0.00313	0.01515	0.00838	0.00775	0.01490
4	0.02709	0.01892	0.02172	0.01777	0.02374	0.01871	0.01416	0.18318	0.03582	0.09183	0.21813	0.05686	0.12140	0.01781	0.01157	0.00322	0.00808	0.01483	0.01093	0.08424
5	0.02574	0.02941	0.06434	0.04596	0.05699	0.02757	0.50919	0.03493	0.02574	0.03493	0.02206	0.02941	0.01654	0.00919	0.01287	0.00368	0.01838	0.01287	0.00551	0.01471
6	0.01625	0.01579	0.06284	0.01740	0.02041	0.01306	0.01381	0.02357	0.09416	0.03281	0.11116	0.41528	0.06510	0.02792	0.01308	0.00412	0.00738	0.02501	0.00999	0.01085
7	0.01389	0.00992	0.01335	0.01588	0.01677	0.00938	0.01118	0.01623	0.02147	0.02851	0.05976	0.54082	0.07079	0.03359	0.01408	0.00451	0.00685	0.09388	0.01011	0.00902
8	0.01558	0.01168	0.01752	0.01752	0.01947	0.01363	0.01363	0.01947	0.01752	0.02531	0.02921	0.04283	0.02726	0.08178	0.57360	0.01752	0.02921	0.01168	0.00584	0.00974
9	0.02187	0.05640	0.56031	0.03108	0.04719	0.02532	0.04029	0.03453	0.02302	0.03453	0.01957	0.02302	0.01381	0.01036	0.01036	0.00345	0.01611	0.00806	0.00460	0.01611
10	0.03608	0.01806	0.02269	0.01899	0.02544	0.01747	0.01509	0.04694	0.15548	0.31651	0.11538	0.08652	0.04264	0.01659	0.01148	0.00354	0.00831	0.01402	0.01243	0.01634
11	0.14401	0.01631	0.01789	0.01599	0.02128	0.01675	0.01290	0.03796	0.09490	0.17561	0.03755	0.04445	0.02933	0.01459	0.00960	0.00332	0.00776	0.05882	0.22738	0.01359
12	0.01328	0.00949	0.01265	0.01518	0.01581	0.00886	0.01012	0.01518	0.02088	0.02783	0.06010	0.60969	0.07212	0.03416	0.01392	0.00443	0.00633	0.03100	0.01012	0.00886
13	0.09109	0.01131	0.01078	0.01060	0.01358	0.01166	0.00806	0.02610	0.02241	0.04152	0.03343	0.03824	0.02625	0.01243	0.00753	0.00263	0.00543	0.00972	0.60688	0.01034
14	0.02516	0.01465	0.01759	0.01565	0.01970	0.01450	0.01182	0.03396	0.11680	0.14596	0.20839	0.05793	0.05544	0.10194	0.01746	0.00435	0.00738	0.01472	0.10389	0.01270
15	0.01894	0.00947	0.01420	0.01420	0.01420	0.00947	0.00947	0.01420	0.01420	0.01894	0.01894	0.03314	0.01894	0.03788	0.04261	0.68277	0.00947	0.00947	0.00473	0.00473
16	0.02087	0.02624	0.11534	0.03320	0.04132	0.02076	0.27064	0.02801	0.02367	0.03241	0.03493	0.23009	0.03547	0.01803	0.01288	0.00391	0.01388	0.01850	0.00699	0.01287
17	0.01504	0.01074	0.01467	0.01719	0.01859	0.01037	0.01317	0.01822	0.02261	0.02980	0.05913	0.41031	0.06828	0.03251	0.01439	0.00467	0.00785	0.21306	0.01009	0.00934
18	0.03433	0.02701	0.02872	0.02365	0.03110	0.03049	0.01900	0.28671	0.28858	0.05724	0.03522	0.03338	0.02586	0.01394	0.01100	0.00348	0.01032	0.01106	0.01100	0.01790
19	0.01579	0.01085	0.01331	0.01331	0.01380	0.01134	0.00837	0.01676	0.01628	0.02219	0.03306	0.06419	0.03653	0.48239	0.18566	0.01232	0.01525	0.01481	0.00641	0.00739
20	0.01982	0.08712	0.02482	0.01959	0.02235	0.02139	0.01558	0.02678	0.09213	0.03040	0.07248	0.18114	0.04090	0.03531	0.14142	0.00699	0.12637	0.01612	0.00777	0.01154
21	0.02852	0.02130	0.03403	0.25725	0.21299	0.02226	0.02690	0.03471	0.02474	0.13739	0.02450	0.02945	0.01806	0.01079	0.01063	0.00328	0.01240	0.00967	0.00691	0.07422
22	0.06656	0.02885	0.14386	0.02778	0.09421	0.01991	0.05746	0.03355	0.02396	0.09799	0.02231	0.02514	0.01684	0.00961	0.00950	0.00267	0.01129	0.00815	0.00672	0.29364
23	0.14018	0.01891	0.02399	0.01868	0.02688	0.01722	0.01543	0.05015	0.02942	0.48454	0.03908	0.03437	0.02484	0.01302	0.01037	0.00337	0.00916	0.01025	0.01254	0.01760
24	0.03843	0.01903	0.02651	0.16714	0.03925	0.01912	0.01937	0.08251	0.02971	0.33315	0.03483	0.03443	0.02314	0.01272	0.01065	0.00336	0.01050	0.01047	0.06954	0.01614
25	0.02637	0.26860	0.18776	0.03674	0.17051	0.03265	0.06921	0.03355	0.02338	0.03136	0.01829	0.02241	0.01501	0.00969	0.00936	0.00298	0.01374	0.00802	0.00491	0.01546
26	0.02583	0.10144	0.02845	0.01947	0.02521	0.01805	0.07136	0.03048	0.02761	0.15454	0.21010	0.11338	0.09213	0.01854	0.01171	0.00341	0.00872	0.01637	0.01021	0.01299
27	0.02022	0.01251	0.01728	0.01880	0.02155	0.01206	0.01557	0.02438	0.02479	0.09312	0.05658	0.23169	0.06083	0.02915	0.01430	0.00468	0.00904	0.31224	0.01047	0.01075
28	0.16917	0.01640	0.01811	0.01562	0.02115	0.01638	0.01240	0.06504	0.02629	0.21461	0.03616	0.10084	0.02892	0.01499	0.00950	0.00326	0.00775	0.01198	0.19778	0.01367
29	0.12421	0.02646	0.03444	0.08271	0.13563	0.08120	0.08689	0.07613	0.02730	0.11219	0.02302	0.02629	0.01718	0.01059	0.01013	0.00314	0.01273	0.00913	0.00731	0.09332

[dist]
# distance from previous block
# <min> <max>
1	4

[block]
# block no. 8 follows, 12 sequences, length 33
# corresponding to MSA columns:
# 404-436
name=unknown_I
#
# <colnr> <probs for GDERKNQSTAVLIFYWHMCP>
#	G	D	E	R	K	N	Q	S	T	A	V	L	I	F	Y	W	H	M	C	P
0	0.31944	0.02647	0.02208	0.01879	0.02557	0.10776	0.01508	0.13848	0.02934	0.08764	0.03140	0.03179	0.07830	0.01329	0.00919	0.00330	0.01065	0.00937	0.00842	0.01363
1	0.01984	0.01276	0.01563	0.01483	0.01834	0.01186	0.01112	0.02572	0.06699	0.10606	0.24488	0.18029	0.18134	0.02404	0.01268	0.00369	0.00629	0.02090	0.01134	0.01142
2	0.01485	0.01112	0.01377	0.01311	0.01593	0.01004	0.00983	0.01946	0.02950	0.04048	0.44476	0.08678	0.20318	0.02350	0.01287	0.00349	0.00523	0.02047	0.01158	0.01004
3	0.18007	0.02317	0.03400	0.13583	0.30490	0.02433	0.02618	0.03171	0.02269	0.03743	0.01900	0.02481	0.01546	0.00986	0.00964	0.00320	0.01175	0.00855	0.00571	0.07170
4	0.14913	0.01982	0.02663	0.02555	0.08880	0.01952	0.04825	0.07757	0.02760	0.22871	0.03605	0.14240	0.03058	0.01617	0.01090	0.00357	0.00981	0.01386	0.00997	0.01510
5	0.01328	0.00949	0.01265	0.01518	0.01581	0.00886	0.01012	0.01518	0.02088	0.02783	0.06010	0.60969	0.07212	0.03416	0.01392	0.00443	0.00633	0.03100	0.01012	0.00886
6	0.01822	0.01203	0.01567	0.01529	0.01844	0.01112	0.01216	0.02298	0.02886	0.07932	0.34194	0.09028	0.14046	0.02403	0.01322	0.00382	0.00663	0.12336	0.01145	0.01074
7	0.03034	0.22820	0.22788	0.02638	0.03768	0.09518	0.06434	0.03753	0.02499	0.10055	0.02118	0.02325	0.01587	0.01047	0.00951	0.00303	0.01439	0.00799	0.00600	0.01525
8	0.02251	0.01244	0.01590	0.01477	0.01842	0.01138	0.01145	0.02699	0.02812	0.14165	0.26508	0.11699	0.10615	0.02128	0.01204	0.00352	0.00646	0.05241	0.10076	0.01169
9	0.03377	0.01467	0.01890	0.01570	0.02125	0.01318	0.01252	0.03843	0.02897	0.30428	0.15694	0.04830	0.04482	0.01533	0.01054	0.00317	0.00724	0.01279	0.18473	0.01447
10	0.17490	0.02055	0.03028	0.39675	0.11924	0.02448	0.02645	0.02948	0.02142	0.03359	0.01856	0.02623	0.01424	0.01058	0.00994	0.00353	0.01296	0.00883	0.00534	0.01266
11	0.02759	0.01799	0.02475	0.02066	0.02571	0.01840	0.05268	0.06739	0.08938	0.15921	0.21256	0.09378	0.05500	0.01838	0.01411	0.00365	0.05830	0.01562	0.01090	0.01394
