[name]
unknown

[dist]
# distance from previous block
# <min> <max>
0	123

[block]
# block no. 0 follows, 12 sequences, length 25
# corresponding to MSA columns:
# 187-211
name=unknown_A
#
# <colnr> <probs for GDERKNQSTAVLIFYWHMCP>
#	G	D	E	R	K	N	Q	S	T	A	V	L	I	F	Y	W	H	M	C	P
0	0.07825	0.20815	0.07295	0.02024	0.02798	0.07177	0.01851	0.09910	0.05994	0.06753	0.03668	0.04160	0.09170	0.01475	0.00988	0.00319	0.01115	0.04478	0.00781	0.01404
1	0.07424	0.23735	0.08026	0.02374	0.06070	0.03013	0.02046	0.07086	0.02559	0.14315	0.02506	0.05875	0.02055	0.01306	0.01186	0.00320	0.06909	0.00947	0.00748	0.01501
2	0.11849	0.17165	0.20604	0.02178	0.03245	0.02606	0.02344	0.03548	0.02404	0.12238	0.05390	0.02692	0.02142	0.01117	0.00917	0.00303	0.01162	0.00833	0.00699	0.06567
3	0.03015	0.25625	0.03731	0.07800	0.03143	0.02820	0.01788	0.08118	0.02721	0.12474	0.06543	0.07524	0.02828	0.01346	0.00956	0.00294	0.01040	0.01062	0.00797	0.06377
4	0.16540	0.21839	0.03411	0.01892	0.02682	0.07208	0.01645	0.08540	0.02739	0.16163	0.02889	0.02862	0.04959	0.01213	0.00887	0.00300	0.01075	0.00862	0.00822	0.01471
5	0.11155	0.17436	0.07609	0.09759	0.03519	0.02919	0.02055	0.14672	0.02925	0.07971	0.02531	0.08250	0.02168	0.01342	0.00969	0.00324	0.01138	0.01040	0.00764	0.01456
6	0.07584	0.10923	0.09333	0.01977	0.02754	0.06332	0.01787	0.09308	0.02664	0.03709	0.03308	0.12951	0.06457	0.01557	0.00999	0.00303	0.01050	0.01251	0.00745	0.15008
7	0.02540	0.02206	0.06373	0.09710	0.03320	0.02098	0.01883	0.08496	0.16783	0.08123	0.13808	0.07652	0.04256	0.01584	0.01129	0.00344	0.00949	0.01347	0.00971	0.06430
8	0.02033	0.01016	0.01016	0.01016	0.01270	0.01016	0.00762	0.02541	0.02287	0.04065	0.03557	0.04065	0.02795	0.01270	0.00762	0.00254	0.00508	0.01016	0.67734	0.01016
9	0.04781	0.02307	0.02606	0.02057	0.02863	0.09124	0.01671	0.05184	0.03117	0.48482	0.03948	0.03476	0.02524	0.01319	0.01081	0.00330	0.01068	0.01043	0.01243	0.01776
10	0.01315	0.01106	0.01141	0.01132	0.01489	0.00932	0.00849	0.01616	0.02548	0.03094	0.15539	0.10249	0.49851	0.02706	0.01288	0.00366	0.00548	0.02267	0.01032	0.00932
11	0.02033	0.01016	0.01016	0.01016	0.01270	0.01016	0.00762	0.02541	0.02287	0.04065	0.03557	0.04065	0.02795	0.01270	0.00762	0.00254	0.00508	0.01016	0.67734	0.01016
12	0.01543	0.09238	0.01866	0.01565	0.01746	0.01349	0.01127	0.01754	0.02105	0.02754	0.05403	0.52972	0.06427	0.03081	0.01298	0.00415	0.00705	0.02760	0.00938	0.00955
13	0.22403	0.08975	0.06726	0.02111	0.02864	0.13276	0.01818	0.04290	0.14478	0.09312	0.02569	0.02597	0.01931	0.01174	0.00912	0.00324	0.01165	0.00834	0.00790	0.01451
14	0.07817	0.02847	0.14278	0.08345	0.03840	0.02245	0.07094	0.04133	0.13122	0.15308	0.03680	0.03695	0.06125	0.01322	0.01088	0.00354	0.01171	0.01122	0.00864	0.01550
15	0.01706	0.01423	0.01540	0.01341	0.01846	0.01221	0.01002	0.02211	0.06049	0.03123	0.06986	0.07266	0.29086	0.10077	0.01716	0.00404	0.00715	0.01663	0.00870	0.19756
16	0.03364	0.09218	0.17077	0.02662	0.08427	0.02204	0.02394	0.04032	0.02620	0.23449	0.02819	0.02820	0.01959	0.01105	0.00994	0.00301	0.01151	0.00887	0.00838	0.11678
17	0.02018	0.01405	0.01900	0.09338	0.02726	0.01303	0.01407	0.02400	0.02343	0.08595	0.09197	0.29381	0.05072	0.02211	0.01185	0.00351	0.00800	0.01967	0.00916	0.15484
18	0.02689	0.11810	0.28152	0.08727	0.07981	0.02526	0.03015	0.03551	0.02468	0.11430	0.05590	0.02909	0.02187	0.01147	0.01025	0.00329	0.01336	0.00924	0.00655	0.01551
19	0.02987	0.42263	0.14240	0.02252	0.03241	0.13225	0.02294	0.03488	0.02383	0.02742	0.01624	0.01886	0.01397	0.00984	0.00809	0.00262	0.01385	0.00644	0.00482	0.01414
20	0.01848	0.01386	0.01672	0.01601	0.01923	0.01378	0.01220	0.07157	0.06963	0.04123	0.28424	0.17501	0.12403	0.02406	0.01288	0.00376	0.00672	0.05417	0.01114	0.01128
21	0.04322	0.01688	0.02228	0.01756	0.02482	0.01486	0.01435	0.04761	0.02954	0.45349	0.04153	0.03782	0.02718	0.01334	0.01030	0.00321	0.00844	0.01080	0.14590	0.01688
22	0.01694	0.01102	0.01329	0.01387	0.01625	0.00986	0.00973	0.01917	0.02274	0.08009	0.07281	0.32868	0.22367	0.08837	0.01745	0.00469	0.00677	0.02480	0.01010	0.00971
23	0.01799	0.01256	0.01506	0.01460	0.01785	0.01182	0.01085	0.02433	0.07722	0.07516	0.24075	0.19081	0.19988	0.02477	0.01277	0.00373	0.00615	0.02155	0.01114	0.01102
24	0.11402	0.02127	0.03116	0.04139	0.29082	0.02083	0.02274	0.02974	0.02488	0.03906	0.12633	0.03620	0.03385	0.01209	0.01026	0.00305	0.01002	0.01076	0.00709	0.11443

[dist]
# distance from previous block
# <min> <max>
0	14

[block]
# block no. 1 follows, 12 sequences, length 18
# corresponding to MSA columns:
# 226-243
name=unknown_B
#
# <colnr> <probs for GDERKNQSTAVLIFYWHMCP>
#	G	D	E	R	K	N	Q	S	T	A	V	L	I	F	Y	W	H	M	C	P
0	0.45230	0.02069	0.01913	0.01616	0.02343	0.02226	0.01319	0.03789	0.06886	0.14000	0.02337	0.02385	0.01698	0.01099	0.00804	0.00324	0.00857	0.00748	0.00836	0.07522
1	0.02033	0.01016	0.01016	0.01016	0.01270	0.01016	0.00762	0.02541	0.02287	0.04065	0.03557	0.04065	0.02795	0.01270	0.00762	0.00254	0.00508	0.01016	0.67734	0.01016
2	0.02255	0.12840	0.20401	0.02284	0.03070	0.09991	0.02304	0.02840	0.02321	0.02955	0.03338	0.23733	0.03531	0.01907	0.01106	0.00354	0.01231	0.01599	0.00679	0.01262
3	0.02385	0.02385	0.03340	0.02863	0.02863	0.03340	0.02385	0.02624	0.01670	0.02624	0.01431	0.02385	0.01431	0.01908	0.03578	0.00477	0.59685	0.00954	0.00477	0.01193
4	0.02910	0.02362	0.09448	0.02306	0.02955	0.02036	0.05015	0.07759	0.02902	0.17010	0.15538	0.04975	0.04340	0.01708	0.01532	0.00374	0.09351	0.05072	0.00974	0.01436
5	0.01572	0.01112	0.01465	0.01465	0.01561	0.01207	0.01005	0.01763	0.01667	0.02319	0.03183	0.05737	0.03357	0.35447	0.30953	0.01398	0.01971	0.01381	0.00623	0.00814
6	0.02033	0.01016	0.01016	0.01016	0.01270	0.01016	0.00762	0.02541	0.02287	0.04065	0.03557	0.04065	0.02795	0.01270	0.00762	0.00254	0.00508	0.01016	0.67734	0.01016
7	0.08677	0.01582	0.01983	0.01638	0.02252	0.01428	0.01314	0.03792	0.02921	0.31181	0.17642	0.05638	0.11842	0.01745	0.01138	0.00343	0.00764	0.01448	0.01210	0.01461
8	0.03017	0.02904	0.03035	0.07907	0.07559	0.12874	0.02100	0.12186	0.07033	0.03875	0.02158	0.02531	0.01728	0.01207	0.01353	0.00307	0.09441	0.00865	0.00702	0.17220
9	0.02033	0.01016	0.01016	0.01016	0.01270	0.01016	0.00762	0.02541	0.02287	0.04065	0.03557	0.04065	0.02795	0.01270	0.00762	0.00254	0.00508	0.01016	0.67734	0.01016
10	0.01353	0.01094	0.01203	0.01204	0.01519	0.00943	0.00892	0.01678	0.02594	0.03272	0.20928	0.14280	0.39841	0.02691	0.01297	0.00369	0.00550	0.02291	0.01057	0.00943
11	0.01639	0.01807	0.09202	0.01740	0.02153	0.01337	0.01500	0.02355	0.07318	0.03493	0.18764	0.28972	0.10446	0.02519	0.01277	0.00389	0.00756	0.02227	0.00994	0.01111
12	0.02419	0.02200	0.03823	0.18587	0.09648	0.02390	0.14603	0.03020	0.02346	0.07249	0.03419	0.03955	0.09154	0.01423	0.01562	0.00377	0.10596	0.01246	0.00650	0.01333
13	0.01894	0.00947	0.01420	0.01420	0.01420	0.00947	0.00947	0.01420	0.01420	0.01894	0.01894	0.03314	0.01894	0.03788	0.04261	0.68277	0.00947	0.00947	0.00473	0.00473
14	0.04583	0.02071	0.02630	0.02047	0.02873	0.01959	0.01681	0.11884	0.08050	0.43942	0.04075	0.03589	0.02638	0.01356	0.01097	0.00339	0.00960	0.01093	0.01290	0.01843
15	0.03138	0.02808	0.07705	0.02225	0.02929	0.07408	0.01911	0.22364	0.06915	0.08199	0.13603	0.08624	0.04090	0.01642	0.01142	0.00341	0.01084	0.01340	0.01015	0.01519
16	0.01893	0.01549	0.02408	0.10048	0.02934	0.01660	0.08343	0.02258	0.02040	0.02888	0.06334	0.09332	0.03574	0.23679	0.02956	0.00619	0.05909	0.01472	0.09120	0.00983
17	0.02587	0.02517	0.04275	0.12928	0.29547	0.02620	0.11811	0.03740	0.11660	0.03621	0.02499	0.03023	0.01967	0.01071	0.01125	0.00346	0.01339	0.01077	0.00638	0.01606

[dist]
# distance from previous block
# <min> <max>
0	31

[block]
# block no. 2 follows, 12 sequences, length 24
# corresponding to MSA columns:
# 275-298
name=unknown_C
#
# <colnr> <probs for GDERKNQSTAVLIFYWHMCP>
#	G	D	E	R	K	N	Q	S	T	A	V	L	I	F	Y	W	H	M	C	P
0	0.03826	0.10816	0.06391	0.09514	0.03583	0.02363	0.02013	0.10164	0.03019	0.28822	0.03103	0.03019	0.02102	0.01200	0.01018	0.00315	0.01098	0.00948	0.00983	0.05705
1	0.03013	0.01969	0.02529	0.12676	0.03574	0.01973	0.01799	0.04192	0.15475	0.17931	0.06382	0.03596	0.02842	0.01266	0.01046	0.00312	0.00959	0.01060	0.00959	0.16449
2	0.02706	0.02044	0.02798	0.10364	0.14160	0.02212	0.02045	0.14643	0.06189	0.03931	0.02406	0.03065	0.01955	0.01884	0.01918	0.18599	0.01111	0.00988	0.05680	0.01301
3	0.02033	0.01016	0.01016	0.01016	0.01270	0.01016	0.00762	0.02541	0.02287	0.04065	0.03557	0.04065	0.02795	0.01270	0.00762	0.00254	0.00508	0.01016	0.67734	0.01016
4	0.02261	0.01938	0.02261	0.01615	0.02584	0.01453	0.01292	0.02745	0.02261	0.03553	0.01938	0.02261	0.01615	0.00807	0.00807	0.00161	0.00807	0.00646	0.00646	0.68346
5	0.02471	0.02208	0.03691	0.02874	0.03566	0.02224	0.21185	0.07683	0.12171	0.04009	0.03420	0.10922	0.02933	0.01453	0.01149	0.00352	0.01185	0.01435	0.13682	0.01389
6	0.02033	0.01016	0.01016	0.01016	0.01270	0.01016	0.00762	0.02541	0.02287	0.04065	0.03557	0.04065	0.02795	0.01270	0.00762	0.00254	0.00508	0.01016	0.67734	0.01016
7	0.02900	0.02487	0.04350	0.10428	0.37782	0.02474	0.09315	0.03562	0.02548	0.09991	0.02342	0.02875	0.01815	0.01022	0.01110	0.00335	0.01334	0.01028	0.00638	0.01664
8	0.03375	0.01951	0.02910	0.09669	0.08313	0.01954	0.04891	0.04088	0.06526	0.26367	0.11286	0.04112	0.03545	0.01431	0.01268	0.00352	0.04147	0.01219	0.01029	0.01566
9	0.02836	0.02074	0.02427	0.01772	0.02713	0.01724	0.01433	0.09402	0.02743	0.10493	0.02322	0.02489	0.01782	0.00941	0.00881	0.00205	0.00874	0.00746	0.00792	0.51353
10	0.01612	0.01038	0.01176	0.01208	0.01249	0.01030	0.00718	0.01702	0.01740	0.02453	0.03773	0.13460	0.04217	0.46509	0.04405	0.00875	0.00932	0.01700	0.09467	0.00735
11	0.03210	0.15099	0.15225	0.09645	0.04077	0.14331	0.02587	0.16063	0.03174	0.03938	0.01989	0.02287	0.01523	0.01113	0.00983	0.00308	0.01473	0.00809	0.00651	0.01514
12	0.15069	0.02477	0.06307	0.09510	0.03296	0.07096	0.01925	0.06650	0.11692	0.03759	0.02608	0.03127	0.02105	0.03046	0.15968	0.00718	0.01659	0.00965	0.00709	0.01315
13	0.01485	0.01011	0.01322	0.01408	0.01549	0.00938	0.00980	0.01644	0.02269	0.03043	0.18240	0.29947	0.13216	0.03097	0.01892	0.13199	0.00651	0.02300	0.00959	0.00849
14	0.01574	0.01270	0.01712	0.01757	0.01847	0.01431	0.01289	0.01798	0.01960	0.02690	0.04915	0.34689	0.08779	0.07134	0.10320	0.00673	0.12126	0.02263	0.00828	0.00946
15	0.02001	0.01460	0.01693	0.01637	0.01968	0.01592	0.01240	0.03245	0.17940	0.03809	0.10646	0.11750	0.04478	0.03031	0.11690	0.00608	0.01089	0.01497	0.17414	0.01213
16	0.14646	0.01792	0.02438	0.16567	0.03587	0.02244	0.01964	0.02538	0.01864	0.03061	0.02099	0.03068	0.01843	0.03727	0.21239	0.00869	0.13817	0.00964	0.00554	0.01118
17	0.02083	0.02636	0.13220	0.48509	0.06983	0.02443	0.03217	0.02912	0.02203	0.02912	0.01942	0.02793	0.01440	0.01080	0.01080	0.00360	0.01483	0.00938	0.00480	0.01287
18	0.11029	0.02398	0.07127	0.02354	0.05851	0.06014	0.04374	0.06219	0.06131	0.10753	0.12902	0.12619	0.04292	0.01704	0.01120	0.00353	0.01014	0.01453	0.00926	0.01365
19	0.01369	0.00980	0.01301	0.01491	0.01590	0.00913	0.01015	0.01620	0.02276	0.03083	0.15117	0.51008	0.07792	0.03192	0.01372	0.00424	0.00610	0.02887	0.01048	0.00913
20	0.02792	0.50947	0.05063	0.01818	0.02758	0.03775	0.01757	0.03167	0.02224	0.02752	0.01595	0.01846	0.01440	0.00909	0.00720	0.00220	0.01098	0.00595	0.00500	0.14024
21	0.56682	0.01903	0.01492	0.01355	0.01951	0.02176	0.01102	0.03080	0.01937	0.04736	0.01903	0.02204	0.01485	0.01061	0.00691	0.00322	0.00780	0.00671	0.13320	0.01150
22	0.19315	0.02267	0.02481	0.13303	0.03628	0.02647	0.01878	0.08549	0.25949	0.04495	0.03056	0.03139	0.02293	0.01271	0.00996	0.00357	0.01005	0.00998	0.00876	0.01499
23	0.02512	0.01274	0.01710	0.01622	0.01975	0.01145	0.01204	0.02845	0.02630	0.19992	0.15743	0.31449	0.06426	0.02504	0.01275	0.00388	0.00702	0.02220	0.01160	0.01226

[dist]
# distance from previous block
# <min> <max>
0	6

[block]
# block no. 3 follows, 12 sequences, length 21
# corresponding to MSA columns:
# 305-325
name=unknown_D
#
# <colnr> <probs for GDERKNQSTAVLIFYWHMCP>
#	G	D	E	R	K	N	Q	S	T	A	V	L	I	F	Y	W	H	M	C	P
0	0.08053	0.07887	0.09225	0.05781	0.03631	0.02642	0.10263	0.14416	0.07142	0.04514	0.12051	0.03660	0.03346	0.01330	0.01089	0.00337	0.01180	0.01152	0.00831	0.01469
1	0.13609	0.30514	0.17960	0.02087	0.03063	0.03155	0.02235	0.03115	0.02165	0.03213	0.02123	0.08349	0.01991	0.01244	0.00861	0.00303	0.01173	0.00918	0.00559	0.01364
2	0.20787	0.13033	0.02405	0.01573	0.02070	0.02157	0.01271	0.02884	0.02041	0.09804	0.02759	0.04306	0.02601	0.18209	0.06636	0.00636	0.01149	0.03811	0.00729	0.01139
3	0.14501	0.01645	0.01827	0.01589	0.02198	0.01469	0.01236	0.02460	0.02160	0.03571	0.03285	0.18811	0.03441	0.01737	0.01000	0.00299	0.00784	0.05352	0.00781	0.31854
4	0.14653	0.01717	0.02443	0.17177	0.03700	0.01850	0.05931	0.02800	0.02534	0.06883	0.20700	0.04658	0.04692	0.01489	0.01085	0.00345	0.00966	0.01292	0.03894	0.01191
5	0.14800	0.04526	0.37506	0.03046	0.04397	0.02554	0.11402	0.03413	0.02264	0.03728	0.01917	0.02311	0.01390	0.01012	0.01011	0.00348	0.01506	0.00847	0.00516	0.01507
6	0.15074	0.04551	0.31204	0.02718	0.03802	0.11837	0.02994	0.03468	0.02283	0.03499	0.01772	0.02155	0.01353	0.01141	0.01236	0.00347	0.07852	0.00764	0.00519	0.01427
7	0.16014	0.02692	0.02793	0.02160	0.03011	0.02887	0.01776	0.34219	0.04040	0.05951	0.02300	0.02400	0.01689	0.01170	0.00966	0.00302	0.01068	0.00853	0.00939	0.12770
8	0.25856	0.01481	0.01542	0.01480	0.01879	0.01539	0.01124	0.02577	0.02377	0.08213	0.18259	0.20069	0.05599	0.02053	0.01083	0.00368	0.00697	0.01722	0.00974	0.01109
9	0.14721	0.01486	0.01701	0.02051	0.10464	0.01549	0.01276	0.02801	0.02239	0.04135	0.02922	0.03406	0.02313	0.01172	0.00799	0.00281	0.00703	0.00929	0.43884	0.01167
10	0.01643	0.01376	0.01989	0.12490	0.02904	0.01586	0.01620	0.01941	0.02034	0.02757	0.04477	0.40251	0.05162	0.02728	0.01704	0.00434	0.10741	0.02340	0.00823	0.00998
11	0.02214	0.01380	0.01732	0.01750	0.02059	0.01370	0.01290	0.03001	0.11777	0.12054	0.05414	0.37745	0.05669	0.02682	0.01296	0.00415	0.00748	0.05103	0.01087	0.01213
12	0.02892	0.02380	0.03672	0.24099	0.25308	0.02586	0.02880	0.11380	0.02873	0.08007	0.02286	0.02839	0.01730	0.01100	0.01086	0.00339	0.01306	0.00982	0.00678	0.01577
13	0.02059	0.01938	0.03270	0.59060	0.07510	0.02422	0.03028	0.02786	0.02180	0.02786	0.01938	0.02907	0.01453	0.01090	0.01090	0.00363	0.01453	0.00969	0.00484	0.01211
14	0.03915	0.02876	0.13260	0.02668	0.03701	0.02165	0.10421	0.09661	0.03094	0.31790	0.03327	0.03199	0.02185	0.01214	0.01117	0.00343	0.01239	0.01062	0.01021	0.01745
15	0.02457	0.02177	0.03103	0.27242	0.10527	0.02386	0.02434	0.08015	0.06809	0.03602	0.02208	0.02784	0.01718	0.01106	0.01141	0.00316	0.03883	0.00919	0.00641	0.16531
16	0.01948	0.01144	0.01698	0.12116	0.02532	0.01234	0.01304	0.01864	0.01708	0.02426	0.02183	0.03365	0.01964	0.02860	0.03079	0.44127	0.00968	0.00963	0.11814	0.00703
17	0.02048	0.01432	0.01784	0.01681	0.01815	0.01589	0.01184	0.02407	0.05928	0.07152	0.03739	0.15955	0.03990	0.30576	0.03692	0.00726	0.10834	0.01694	0.00792	0.00981
18	0.20801	0.02627	0.11982	0.02078	0.02738	0.02308	0.01954	0.03115	0.06581	0.03973	0.11714	0.03410	0.03183	0.01435	0.01445	0.00355	0.11909	0.01015	0.00732	0.06645
19	0.02849	0.10021	0.13906	0.17801	0.04413	0.02489	0.02510	0.09358	0.02728	0.12317	0.02818	0.09066	0.02320	0.01385	0.01066	0.00344	0.01241	0.01144	0.00757	0.01469
20	0.13534	0.02355	0.08108	0.02126	0.02605	0.02347	0.01863	0.10753	0.02485	0.03947	0.02818	0.13502	0.02722	0.02173	0.05021	0.00467	0.14520	0.01301	0.06089	0.01263

[dist]
# distance from previous block
# <min> <max>
0	5

[block]
# block no. 4 follows, 12 sequences, length 7
# corresponding to MSA columns:
# 331-337
name=unknown_E
#
# <colnr> <probs for GDERKNQSTAVLIFYWHMCP>
#	G	D	E	R	K	N	Q	S	T	A	V	L	I	F	Y	W	H	M	C	P
0	0.15911	0.08787	0.18196	0.02430	0.03393	0.02589	0.07162	0.07741	0.07228	0.04201	0.09386	0.03207	0.02824	0.01240	0.01004	0.00336	0.01181	0.01007	0.00732	0.01443
1	0.02615	0.01703	0.02590	0.11233	0.09833	0.01864	0.01970	0.02823	0.02118	0.12093	0.02659	0.03976	0.02305	0.02240	0.02439	0.21051	0.09203	0.05446	0.00692	0.01147
2	0.17956	0.09224	0.08118	0.02035	0.02833	0.02477	0.01866	0.07836	0.02543	0.13245	0.02461	0.02994	0.01943	0.01269	0.01173	0.00324	0.06648	0.03549	0.00785	0.10720
3	0.15120	0.08927	0.02959	0.08186	0.09847	0.02522	0.01887	0.07857	0.09554	0.04140	0.06981	0.03050	0.02553	0.01178	0.00946	0.00305	0.01001	0.00936	0.00757	0.11294
4	0.10935	0.13560	0.03059	0.06892	0.03105	0.02376	0.01700	0.04151	0.07374	0.22976	0.02931	0.02879	0.02079	0.01146	0.00934	0.00298	0.00988	0.00880	0.00907	0.10828
5	0.02292	0.08951	0.07865	0.10914	0.03551	0.02169	0.06792	0.07247	0.02658	0.03731	0.09579	0.06484	0.05530	0.01401	0.01039	0.00312	0.01062	0.01210	0.10008	0.07202
6	0.15082	0.02410	0.08396	0.12726	0.03669	0.02228	0.02090	0.11914	0.02734	0.04167	0.02900	0.09229	0.02689	0.01568	0.01066	0.00358	0.01111	0.07498	0.00768	0.07397

[dist]
# distance from previous block
# <min> <max>
1	264

# created by:
# /st0/software/busco_prod/Augustus/scripts/msa2prfl.pl ./align_prep/9651.fa
