[name]
unknown

[dist]
# distance from previous block
# <min> <max>
0	33

[block]
# block no. 0 follows, 10 sequences, length 86
# corresponding to MSA columns:
# 33-118
name=unknown_A
#
# <colnr> <probs for GDERKNQSTAVLIFYWHMCP>
#	G	D	E	R	K	N	Q	S	T	A	V	L	I	F	Y	W	H	M	C	P
0	0.01874	0.01339	0.01874	0.02142	0.02410	0.01339	0.01874	0.02410	0.02677	0.03481	0.06158	0.13119	0.06693	0.03213	0.01606	0.00535	0.01071	0.44043	0.01071	0.01071
1	0.67341	0.02249	0.01709	0.01529	0.02249	0.02609	0.01260	0.03419	0.01979	0.05218	0.01619	0.01889	0.01260	0.01080	0.00720	0.00360	0.00900	0.00630	0.00720	0.01260
2	0.04556	0.01833	0.02487	0.01957	0.02741	0.01596	0.01596	0.05024	0.03322	0.43772	0.13244	0.04836	0.04380	0.01613	0.01207	0.00361	0.00908	0.01343	0.01410	0.01816
3	0.01585	0.01161	0.01488	0.01460	0.01714	0.01063	0.01075	0.02057	0.03068	0.04260	0.40633	0.16583	0.14267	0.02626	0.01389	0.00385	0.00572	0.02322	0.01231	0.01063
4	0.67341	0.02249	0.01709	0.01529	0.02249	0.02609	0.01260	0.03419	0.01979	0.05218	0.01619	0.01889	0.01260	0.01080	0.00720	0.00360	0.00900	0.00630	0.00720	0.01260
5	0.67341	0.02249	0.01709	0.01529	0.02249	0.02609	0.01260	0.03419	0.01979	0.05218	0.01619	0.01889	0.01260	0.01080	0.00720	0.00360	0.00900	0.00630	0.00720	0.01260
6	0.67341	0.02249	0.01709	0.01529	0.02249	0.02609	0.01260	0.03419	0.01979	0.05218	0.01619	0.01889	0.01260	0.01080	0.00720	0.00360	0.00900	0.00630	0.00720	0.01260
7	0.02237	0.01286	0.01591	0.01538	0.01882	0.01145	0.01119	0.02529	0.02621	0.13352	0.11496	0.24182	0.19007	0.08323	0.01814	0.00481	0.00748	0.02354	0.01136	0.01159
8	0.01871	0.01081	0.01531	0.01494	0.01604	0.01045	0.01045	0.01786	0.02223	0.03073	0.21631	0.05588	0.05586	0.03378	0.03281	0.39955	0.00826	0.01446	0.00814	0.00741
9	0.03092	0.03457	0.03481	0.03036	0.03218	0.19050	0.02454	0.03361	0.02242	0.02813	0.01609	0.02408	0.01518	0.01781	0.02974	0.00445	0.40290	0.00936	0.00536	0.01295
10	0.01645	0.01241	0.01547	0.01735	0.01893	0.01245	0.01197	0.02323	0.09557	0.03261	0.06152	0.50037	0.07054	0.03325	0.01438	0.00460	0.00713	0.02999	0.01096	0.01083
11	0.01588	0.01132	0.01400	0.01455	0.01658	0.01091	0.01037	0.01915	0.02414	0.03325	0.14644	0.21235	0.15371	0.09690	0.10023	0.00703	0.01046	0.02221	0.07068	0.00982
12	0.02773	0.02656	0.04531	0.14723	0.45108	0.02736	0.03517	0.03477	0.02598	0.03672	0.02169	0.02913	0.01797	0.01056	0.01153	0.00352	0.01408	0.01036	0.00567	0.01757
13	0.67341	0.02249	0.01709	0.01529	0.02249	0.02609	0.01260	0.03419	0.01979	0.05218	0.01619	0.01889	0.01260	0.01080	0.00720	0.00360	0.00900	0.00630	0.00720	0.01260
14	0.02936	0.01837	0.02185	0.01977	0.02480	0.01857	0.01555	0.11310	0.07998	0.13530	0.05487	0.14822	0.09410	0.08046	0.01791	0.00489	0.00971	0.08764	0.01135	0.01422
15	0.02323	0.02087	0.03458	0.10125	0.27504	0.02223	0.02692	0.02913	0.02305	0.03276	0.02545	0.03575	0.02236	0.04111	0.22408	0.00957	0.02090	0.01120	0.00588	0.01465
16	0.04345	0.05543	0.03296	0.02996	0.03596	0.54457	0.02247	0.04644	0.03296	0.02846	0.01798	0.02097	0.01498	0.01199	0.01049	0.00300	0.02097	0.00749	0.00599	0.01348
17	0.04421	0.03258	0.03490	0.02676	0.03607	0.03607	0.02211	0.47993	0.05468	0.07330	0.02792	0.02792	0.01978	0.01396	0.01163	0.00349	0.01280	0.01047	0.01163	0.01978
18	0.02412	0.02067	0.02412	0.01723	0.02756	0.01550	0.01378	0.02929	0.02412	0.03790	0.02067	0.02412	0.01723	0.00861	0.00861	0.00172	0.00861	0.00689	0.00689	0.66236
19	0.03600	0.02903	0.03804	0.14125	0.16755	0.03195	0.02753	0.28018	0.04146	0.05592	0.02499	0.02874	0.01861	0.01260	0.01160	0.00356	0.01358	0.01042	0.00889	0.01811
20	0.67341	0.02249	0.01709	0.01529	0.02249	0.02609	0.01260	0.03419	0.01979	0.05218	0.01619	0.01889	0.01260	0.01080	0.00720	0.00360	0.00900	0.00630	0.00720	0.01260
21	0.02048	0.01827	0.02856	0.08123	0.03223	0.02228	0.05785	0.02465	0.01951	0.02798	0.02572	0.04053	0.02430	0.10440	0.26120	0.01153	0.16985	0.01217	0.00587	0.01140
22	0.02466	0.01994	0.03189	0.32709	0.13041	0.02225	0.02698	0.03128	0.02602	0.08167	0.08200	0.04474	0.07360	0.01460	0.01203	0.00377	0.01278	0.01289	0.00746	0.01396
23	0.01819	0.01429	0.01659	0.01696	0.02010	0.01434	0.01281	0.02725	0.11848	0.03578	0.11579	0.19016	0.17879	0.07566	0.01782	0.00492	0.00793	0.09182	0.01087	0.01147
24	0.02847	0.01912	0.02914	0.17406	0.04308	0.01873	0.06221	0.03427	0.02770	0.15971	0.08642	0.05170	0.11633	0.01606	0.01208	0.00357	0.01117	0.01408	0.00942	0.08267
25	0.60793	0.02221	0.01814	0.01586	0.02325	0.02514	0.01307	0.03656	0.02122	0.10221	0.01932	0.02107	0.01430	0.01118	0.00767	0.00360	0.00909	0.00687	0.00796	0.01335
26	0.45148	0.02234	0.02047	0.01765	0.02511	0.02475	0.01438	0.04288	0.09614	0.14527	0.02685	0.02675	0.01932	0.01227	0.00880	0.00365	0.00921	0.00842	0.00933	0.01491
27	0.01458	0.01096	0.01271	0.01387	0.01559	0.00996	0.00931	0.01652	0.02270	0.02885	0.07792	0.30805	0.22822	0.14826	0.02359	0.00579	0.00737	0.02665	0.01002	0.00909
28	0.02543	0.20578	0.40379	0.02956	0.04479	0.03215	0.03673	0.03629	0.02431	0.03427	0.01960	0.02296	0.01479	0.01075	0.01008	0.00336	0.01590	0.00795	0.00493	0.01658
29	0.04860	0.02059	0.02688	0.02115	0.02977	0.01892	0.01730	0.05747	0.10489	0.45305	0.04611	0.04017	0.02982	0.01461	0.01172	0.00365	0.00979	0.01192	0.01400	0.01958
30	0.01462	0.01156	0.01317	0.01331	0.01638	0.01011	0.00978	0.01818	0.02777	0.03569	0.22717	0.17720	0.32614	0.02884	0.01391	0.00397	0.00590	0.02481	0.01140	0.01011
31	0.02196	0.02067	0.03488	0.56331	0.08010	0.02584	0.03230	0.02972	0.02326	0.02972	0.02067	0.03101	0.01550	0.01163	0.01163	0.00388	0.01550	0.01034	0.00517	0.01292
32	0.02196	0.02067	0.03488	0.56331	0.08010	0.02584	0.03230	0.02972	0.02326	0.02972	0.02067	0.03101	0.01550	0.01163	0.01163	0.00388	0.01550	0.01034	0.00517	0.01292
33	0.02333	0.06016	0.53100	0.03315	0.05034	0.02701	0.04297	0.03683	0.02455	0.03683	0.02087	0.02455	0.01473	0.01105	0.01105	0.00368	0.01719	0.00859	0.00491	0.01719
34	0.05095	0.02176	0.02821	0.02163	0.03067	0.02002	0.01787	0.12194	0.03659	0.45685	0.04311	0.03779	0.02740	0.01433	0.01169	0.00358	0.01034	0.01151	0.01397	0.01979
35	0.02412	0.02067	0.02412	0.01723	0.02756	0.01550	0.01378	0.02929	0.02412	0.03790	0.02067	0.02412	0.01723	0.00861	0.00861	0.00172	0.00861	0.00689	0.00689	0.66236
36	0.02337	0.02211	0.03742	0.46192	0.17050	0.02621	0.03300	0.03095	0.02392	0.03142	0.02092	0.03055	0.01611	0.01137	0.01160	0.00379	0.01516	0.01034	0.00529	0.01405
37	0.01410	0.01146	0.01249	0.01293	0.01610	0.00986	0.00943	0.01711	0.02630	0.03257	0.14599	0.20254	0.38806	0.03027	0.01396	0.00406	0.00602	0.02588	0.01100	0.00986
38	0.67341	0.02249	0.01709	0.01529	0.02249	0.02609	0.01260	0.03419	0.01979	0.05218	0.01619	0.01889	0.01260	0.01080	0.00720	0.00360	0.00900	0.00630	0.00720	0.01260
39	0.67341	0.02249	0.01709	0.01529	0.02249	0.02609	0.01260	0.03419	0.01979	0.05218	0.01619	0.01889	0.01260	0.01080	0.00720	0.00360	0.00900	0.00630	0.00720	0.01260
40	0.04409	0.03610	0.03460	0.02725	0.03605	0.11447	0.02216	0.41309	0.05133	0.06639	0.02639	0.02685	0.01904	0.01366	0.01146	0.00341	0.01406	0.01001	0.01076	0.01881
41	0.01691	0.01128	0.01268	0.01268	0.01268	0.01128	0.00705	0.01691	0.01691	0.02255	0.03665	0.07611	0.04228	0.59126	0.05920	0.01128	0.01128	0.01691	0.00705	0.00705
42	0.05218	0.01979	0.02699	0.02069	0.02969	0.01709	0.01709	0.05668	0.03329	0.52677	0.04588	0.03959	0.02879	0.01439	0.01170	0.00360	0.00990	0.01170	0.01439	0.01979
43	0.02595	0.02719	0.02167	0.02002	0.02391	0.19852	0.01502	0.03056	0.03293	0.04025	0.33874	0.06371	0.07643	0.01963	0.01258	0.00343	0.01093	0.01627	0.01041	0.01186
44	0.02020	0.01010	0.01515	0.01515	0.01515	0.01010	0.01010	0.01515	0.01515	0.02020	0.02020	0.03535	0.02020	0.04040	0.04545	0.66162	0.01010	0.01010	0.00505	0.00505
45	0.67341	0.02249	0.01709	0.01529	0.02249	0.02609	0.01260	0.03419	0.01979	0.05218	0.01619	0.01889	0.01260	0.01080	0.00720	0.00360	0.00900	0.00630	0.00720	0.01260
46	0.44171	0.01814	0.01583	0.01561	0.02052	0.02024	0.01196	0.02786	0.02066	0.04428	0.03303	0.21740	0.03520	0.01981	0.00989	0.00399	0.00821	0.01571	0.00846	0.01149
47	0.01922	0.01427	0.01764	0.01876	0.02117	0.01457	0.01387	0.06568	0.07515	0.03653	0.05858	0.40586	0.06573	0.03153	0.01442	0.00462	0.00818	0.09169	0.01097	0.01154
48	0.01691	0.01128	0.01268	0.01268	0.01268	0.01128	0.00705	0.01691	0.01691	0.02255	0.03665	0.07611	0.04228	0.59126	0.05920	0.01128	0.01128	0.01691	0.00705	0.00705
49	0.04578	0.03005	0.03334	0.02556	0.03481	0.03232	0.02112	0.39643	0.05046	0.16276	0.03147	0.03022	0.02156	0.01405	0.01165	0.00351	0.01223	0.01071	0.01218	0.01978
50	0.03021	0.01736	0.02162	0.01968	0.02487	0.01725	0.01539	0.04156	0.14666	0.18880	0.12327	0.16378	0.05603	0.02220	0.01307	0.00408	0.00850	0.05801	0.01245	0.01519
51	0.01691	0.01128	0.01268	0.01268	0.01268	0.01128	0.00705	0.01691	0.01691	0.02255	0.03665	0.07611	0.04228	0.59126	0.05920	0.01128	0.01128	0.01691	0.00705	0.00705
52	0.03109	0.59826	0.06095	0.01990	0.02985	0.04602	0.01990	0.03483	0.02363	0.02736	0.01617	0.01866	0.01493	0.00995	0.00746	0.00249	0.01244	0.00622	0.00498	0.01493
53	0.02168	0.01084	0.01084	0.01084	0.01355	0.01084	0.00813	0.02710	0.02439	0.04336	0.03794	0.04336	0.02981	0.01355	0.00813	0.00271	0.00542	0.01084	0.65583	0.01084
54	0.03877	0.02665	0.02946	0.02418	0.03218	0.02916	0.01946	0.20778	0.25274	0.14920	0.04023	0.03722	0.02869	0.01487	0.01174	0.00372	0.01060	0.01193	0.01226	0.01916
55	0.01533	0.01023	0.01309	0.01537	0.01636	0.00966	0.01039	0.01788	0.02259	0.03180	0.06007	0.50036	0.06966	0.03291	0.01381	0.00441	0.00654	0.02964	0.11025	0.00966
56	0.01898	0.01596	0.02651	0.02246	0.02698	0.01498	0.10401	0.02530	0.03089	0.04296	0.34656	0.08276	0.08497	0.02231	0.01408	0.00397	0.00908	0.08426	0.01111	0.01186
57	0.03968	0.01722	0.02407	0.01999	0.02655	0.01620	0.01620	0.04406	0.02816	0.35111	0.04071	0.04173	0.02889	0.03999	0.19920	0.00890	0.01737	0.01196	0.01153	0.01649
58	0.01498	0.01105	0.01401	0.01492	0.01688	0.01008	0.01056	0.01846	0.02697	0.03640	0.24295	0.32199	0.15679	0.03055	0.01425	0.00420	0.00614	0.02717	0.01156	0.01008
59	0.02196	0.02067	0.03488	0.56331	0.08010	0.02584	0.03230	0.02972	0.02326	0.02972	0.02067	0.03101	0.01550	0.01163	0.01163	0.00388	0.01550	0.01034	0.00517	0.01292
60	0.02595	0.02575	0.04469	0.20424	0.22668	0.02890	0.10071	0.03272	0.02404	0.03355	0.02052	0.02920	0.01685	0.01255	0.01696	0.00396	0.12111	0.01084	0.00548	0.01530
61	0.02879	0.02763	0.04721	0.07139	0.51871	0.02763	0.03569	0.03569	0.02648	0.03800	0.02188	0.02879	0.01842	0.01036	0.01151	0.00345	0.01382	0.01036	0.00576	0.01842
62	0.02333	0.06016	0.53100	0.03315	0.05034	0.02701	0.04297	0.03683	0.02455	0.03683	0.02087	0.02455	0.01473	0.01105	0.01105	0.00368	0.01719	0.00859	0.00491	0.01719
63	0.03109	0.59826	0.06095	0.01990	0.02985	0.04602	0.01990	0.03483	0.02363	0.02736	0.01617	0.01866	0.01493	0.00995	0.00746	0.00249	0.01244	0.00622	0.00498	0.01493
64	0.02425	0.02115	0.02528	0.01857	0.02786	0.01753	0.01496	0.02915	0.02348	0.03690	0.02013	0.02425	0.01703	0.00980	0.01159	0.00206	0.06514	0.00722	0.00671	0.59694
65	0.01969	0.01028	0.01477	0.01477	0.01477	0.01028	0.00963	0.01542	0.01542	0.02056	0.02274	0.04164	0.02361	0.12534	0.04757	0.56134	0.01028	0.01115	0.00536	0.00536
66	0.04345	0.05543	0.03296	0.02996	0.03596	0.54457	0.02247	0.04644	0.03296	0.02846	0.01798	0.02097	0.01498	0.01199	0.01049	0.00300	0.02097	0.00749	0.00599	0.01348
67	0.03901	0.02334	0.02783	0.02083	0.03044	0.02121	0.01703	0.15168	0.03499	0.21858	0.03135	0.03051	0.02193	0.01198	0.01045	0.00282	0.01011	0.00948	0.01072	0.27572
68	0.01375	0.01178	0.01178	0.01178	0.01571	0.00982	0.00884	0.01669	0.02651	0.03142	0.11782	0.11193	0.51399	0.02946	0.01375	0.00393	0.00589	0.02455	0.01080	0.00982
69	0.15793	0.01672	0.01932	0.01749	0.02328	0.01604	0.01415	0.03500	0.02711	0.20636	0.05868	0.12137	0.13306	0.02174	0.01222	0.00405	0.00872	0.08154	0.01131	0.01390
70	0.04901	0.02488	0.03014	0.02311	0.03223	0.02465	0.01909	0.22526	0.04181	0.34615	0.03873	0.03494	0.02520	0.01422	0.01167	0.00356	0.01105	0.01121	0.01330	0.01979
71	0.67341	0.02249	0.01709	0.01529	0.02249	0.02609	0.01260	0.03419	0.01979	0.05218	0.01619	0.01889	0.01260	0.01080	0.00720	0.00360	0.00900	0.00630	0.00720	0.01260
72	0.05218	0.01979	0.02699	0.02069	0.02969	0.01709	0.01709	0.05668	0.03329	0.52677	0.04588	0.03959	0.02879	0.01439	0.01170	0.00360	0.00990	0.01170	0.01439	0.01979
73	0.01838	0.01141	0.01536	0.01718	0.01888	0.01061	0.01224	0.02099	0.02382	0.07904	0.06205	0.48346	0.07116	0.03383	0.01466	0.00468	0.00747	0.07307	0.01114	0.01059
74	0.02893	0.02498	0.02630	0.02367	0.03024	0.02893	0.01841	0.06180	0.49770	0.04865	0.04734	0.04339	0.03550	0.01578	0.01183	0.00394	0.00920	0.01315	0.01183	0.01841
75	0.67341	0.02249	0.01709	0.01529	0.02249	0.02609	0.01260	0.03419	0.01979	0.05218	0.01619	0.01889	0.01260	0.01080	0.00720	0.00360	0.00900	0.00630	0.00720	0.01260
76	0.67341	0.02249	0.01709	0.01529	0.02249	0.02609	0.01260	0.03419	0.01979	0.05218	0.01619	0.01889	0.01260	0.01080	0.00720	0.00360	0.00900	0.00630	0.00720	0.01260
77	0.01799	0.01284	0.01491	0.01437	0.01585	0.01296	0.00936	0.02293	0.07009	0.03235	0.17936	0.07602	0.06168	0.36443	0.04089	0.00827	0.00934	0.01776	0.00924	0.00936
78	0.01417	0.01012	0.01350	0.01619	0.01687	0.00945	0.01080	0.01619	0.02227	0.02969	0.06410	0.58367	0.07692	0.03644	0.01484	0.00472	0.00675	0.03306	0.01080	0.00945
79	0.02745	0.03137	0.06863	0.04902	0.06078	0.02941	0.47647	0.03725	0.02745	0.03725	0.02353	0.03137	0.01765	0.00980	0.01373	0.00392	0.01961	0.01373	0.00588	0.01569
80	0.01435	0.01056	0.01345	0.01535	0.01674	0.00966	0.01051	0.01688	0.02404	0.03174	0.11966	0.45857	0.14777	0.03403	0.01456	0.00449	0.00648	0.03048	0.01101	0.00966
81	0.02196	0.02067	0.03488	0.56331	0.08010	0.02584	0.03230	0.02972	0.02326	0.02972	0.02067	0.03101	0.01550	0.01163	0.01163	0.00388	0.01550	0.01034	0.00517	0.01292
82	0.02401	0.01846	0.02191	0.02000	0.02390	0.02081	0.01520	0.10107	0.14375	0.03868	0.03579	0.04838	0.03186	0.15749	0.23357	0.01119	0.01891	0.01320	0.00863	0.01318
83	0.67341	0.02249	0.01709	0.01529	0.02249	0.02609	0.01260	0.03419	0.01979	0.05218	0.01619	0.01889	0.01260	0.01080	0.00720	0.00360	0.00900	0.00630	0.00720	0.01260
84	0.01571	0.01151	0.01450	0.01646	0.01757	0.01130	0.01105	0.02015	0.06212	0.03055	0.05978	0.48424	0.06975	0.09316	0.01926	0.00535	0.00743	0.02967	0.01049	0.00996
85	0.09876	0.02666	0.03400	0.03719	0.18646	0.02664	0.02316	0.16704	0.03360	0.05003	0.02277	0.02621	0.01790	0.01100	0.01030	0.00300	0.01157	0.00901	0.00798	0.19673

[dist]
# distance from previous block
# <min> <max>
0	3

[block]
# block no. 1 follows, 10 sequences, length 30
# corresponding to MSA columns:
# 122-151
name=unknown_B
#
# <colnr> <probs for GDERKNQSTAVLIFYWHMCP>
#	G	D	E	R	K	N	Q	S	T	A	V	L	I	F	Y	W	H	M	C	P
0	0.03761	0.02809	0.03071	0.02408	0.03247	0.02981	0.01951	0.35762	0.04627	0.06281	0.03133	0.09577	0.02644	0.01595	0.01159	0.00339	0.01145	0.01273	0.01084	0.11153
1	0.05111	0.02418	0.02773	0.02183	0.03046	0.08201	0.01776	0.05542	0.03325	0.46544	0.04245	0.03730	0.02709	0.01410	0.01155	0.00352	0.01126	0.01118	0.01336	0.01902
2	0.20078	0.01820	0.02064	0.01717	0.02330	0.01782	0.01326	0.04031	0.02547	0.27098	0.03586	0.04410	0.02828	0.16799	0.02327	0.00565	0.01004	0.01172	0.01060	0.01455
3	0.02454	0.02798	0.10029	0.32473	0.23099	0.02662	0.03481	0.03270	0.02455	0.03351	0.02112	0.02943	0.01644	0.01111	0.01152	0.00370	0.01512	0.01013	0.00534	0.01538
4	0.04421	0.03258	0.03490	0.02676	0.03607	0.03607	0.02211	0.47993	0.05468	0.07330	0.02792	0.02792	0.01978	0.01396	0.01163	0.00349	0.01280	0.01047	0.01163	0.01978
5	0.05218	0.01979	0.02699	0.02069	0.02969	0.01709	0.01709	0.05668	0.03329	0.52677	0.04588	0.03959	0.02879	0.01439	0.01170	0.00360	0.00990	0.01170	0.01439	0.01979
6	0.03484	0.01614	0.02189	0.01893	0.02480	0.01450	0.01548	0.03981	0.03198	0.28591	0.19500	0.07124	0.06116	0.02059	0.01313	0.00394	0.00866	0.09342	0.01322	0.01536
7	0.01691	0.01128	0.01268	0.01268	0.01268	0.01128	0.00705	0.01691	0.01691	0.02255	0.03665	0.07611	0.04228	0.59126	0.05920	0.01128	0.01128	0.01691	0.00705	0.00705
8	0.67341	0.02249	0.01709	0.01529	0.02249	0.02609	0.01260	0.03419	0.01979	0.05218	0.01619	0.01889	0.01260	0.01080	0.00720	0.00360	0.00900	0.00630	0.00720	0.01260
9	0.67341	0.02249	0.01709	0.01529	0.02249	0.02609	0.01260	0.03419	0.01979	0.05218	0.01619	0.01889	0.01260	0.01080	0.00720	0.00360	0.00900	0.00630	0.00720	0.01260
10	0.01636	0.01139	0.01404	0.01399	0.01528	0.01091	0.00925	0.01902	0.02460	0.03399	0.24792	0.14694	0.07623	0.27132	0.03357	0.00710	0.00816	0.02082	0.01005	0.00907
11	0.01417	0.01012	0.01350	0.01619	0.01687	0.00945	0.01080	0.01619	0.02227	0.02969	0.06410	0.58367	0.07692	0.03644	0.01484	0.00472	0.00675	0.03306	0.01080	0.00945
12	0.01417	0.01012	0.01350	0.01619	0.01687	0.00945	0.01080	0.01619	0.02227	0.02969	0.06410	0.58367	0.07692	0.03644	0.01484	0.00472	0.00675	0.03306	0.01080	0.00945
13	0.13313	0.02014	0.02570	0.01999	0.02875	0.01827	0.01651	0.05375	0.03153	0.46493	0.04202	0.03689	0.02668	0.01393	0.01111	0.00360	0.00978	0.01099	0.01346	0.01886
14	0.01622	0.01163	0.01567	0.01723	0.01914	0.01108	0.01317	0.02031	0.02693	0.03651	0.20432	0.29557	0.08432	0.03120	0.01485	0.00457	0.00751	0.14808	0.01140	0.01029
15	0.01375	0.01178	0.01178	0.01178	0.01571	0.00982	0.00884	0.01669	0.02651	0.03142	0.11782	0.11193	0.51399	0.02946	0.01375	0.00393	0.00589	0.02455	0.01080	0.00982
16	0.02333	0.06016	0.53100	0.03315	0.05034	0.02701	0.04297	0.03683	0.02455	0.03683	0.02087	0.02455	0.01473	0.01105	0.01105	0.00368	0.01719	0.00859	0.00491	0.01719
17	0.67341	0.02249	0.01709	0.01529	0.02249	0.02609	0.01260	0.03419	0.01979	0.05218	0.01619	0.01889	0.01260	0.01080	0.00720	0.00360	0.00900	0.00630	0.00720	0.01260
18	0.01497	0.01107	0.01398	0.01485	0.01686	0.01009	0.01053	0.01846	0.02702	0.03640	0.24310	0.31550	0.16345	0.03046	0.01423	0.00418	0.00612	0.02706	0.01156	0.01009
19	0.43444	0.02632	0.02386	0.01965	0.02765	0.02988	0.01621	0.20348	0.03304	0.06020	0.02065	0.02232	0.01532	0.01200	0.00888	0.00356	0.01044	0.00788	0.00888	0.01532
20	0.01375	0.01178	0.01178	0.01178	0.01571	0.00982	0.00884	0.01669	0.02651	0.03142	0.11782	0.11193	0.51399	0.02946	0.01375	0.00393	0.00589	0.02455	0.01080	0.00982
21	0.02770	0.01580	0.02048	0.02003	0.02435	0.01547	0.01594	0.03585	0.09535	0.16508	0.05611	0.22628	0.05524	0.02634	0.01394	0.00450	0.00912	0.14668	0.01187	0.01385
22	0.01417	0.01012	0.01350	0.01619	0.01687	0.00945	0.01080	0.01619	0.02227	0.02969	0.06410	0.58367	0.07692	0.03644	0.01484	0.00472	0.00675	0.03306	0.01080	0.00945
23	0.03303	0.03005	0.02841	0.02494	0.03183	0.09715	0.01947	0.12033	0.37301	0.04959	0.04070	0.03823	0.03055	0.01502	0.01163	0.00376	0.01126	0.01202	0.01104	0.01797
24	0.02421	0.02296	0.03893	0.40168	0.22421	0.02643	0.03341	0.03168	0.02432	0.03244	0.02107	0.03028	0.01646	0.01121	0.01159	0.00374	0.01495	0.01034	0.00536	0.01473
25	0.02069	0.01266	0.01712	0.01779	0.02056	0.01186	0.01380	0.02481	0.02757	0.09659	0.17526	0.26586	0.07660	0.02932	0.01451	0.00449	0.00790	0.13943	0.01173	0.01146
26	0.02745	0.02330	0.02520	0.02334	0.02935	0.02668	0.01846	0.05634	0.42952	0.04665	0.04940	0.05610	0.04005	0.01815	0.01245	0.00415	0.00942	0.07501	0.01167	0.01729
27	0.05072	0.02214	0.02845	0.02181	0.03086	0.02058	0.01802	0.13447	0.03722	0.44342	0.04258	0.03744	0.02713	0.01432	0.01168	0.00358	0.01043	0.01147	0.01389	0.01979
28	0.02818	0.02054	0.02453	0.01773	0.02787	0.01573	0.01426	0.03325	0.02544	0.10867	0.02432	0.02636	0.01890	0.00945	0.00906	0.00199	0.00880	0.00759	0.00798	0.56934
29	0.02282	0.01930	0.02273	0.01709	0.02617	0.01471	0.01339	0.02758	0.02388	0.03683	0.02633	0.09703	0.02500	0.01224	0.00943	0.00211	0.00837	0.01030	0.00740	0.57729

[dist]
# distance from previous block
# <min> <max>
20	59

[block]
# block no. 2 follows, 10 sequences, length 7
# corresponding to MSA columns:
# 219-225
name=unknown_C
#
# <colnr> <probs for GDERKNQSTAVLIFYWHMCP>
#	G	D	E	R	K	N	Q	S	T	A	V	L	I	F	Y	W	H	M	C	P
0	0.11011	0.03666	0.08731	0.02788	0.03729	0.13573	0.06661	0.17104	0.03647	0.13974	0.02678	0.02767	0.01895	0.01257	0.01107	0.00348	0.01467	0.00974	0.00922	0.01701
1	0.02989	0.02515	0.04016	0.10901	0.04564	0.02555	0.16434	0.14506	0.03395	0.08113	0.04556	0.04785	0.12212	0.01556	0.01274	0.00378	0.01369	0.01451	0.00890	0.01540
2	0.09038	0.03091	0.08957	0.03104	0.04197	0.02691	0.16700	0.13890	0.03201	0.04724	0.02289	0.02690	0.01729	0.01069	0.01107	0.00321	0.01400	0.01004	0.00752	0.18048
3	0.24089	0.03671	0.20776	0.03393	0.13657	0.02578	0.02872	0.03785	0.02433	0.09441	0.02222	0.02518	0.01630	0.01118	0.00995	0.00360	0.01302	0.00854	0.00685	0.01622
4	0.18392	0.07936	0.03188	0.13475	0.04062	0.03147	0.02125	0.17852	0.10209	0.05136	0.02541	0.02785	0.01906	0.01262	0.01023	0.00357	0.01191	0.00946	0.00865	0.01601
5	0.54233	0.02459	0.02080	0.01768	0.02532	0.02817	0.01458	0.12705	0.02706	0.05658	0.01864	0.02077	0.01409	0.01146	0.00812	0.00358	0.00979	0.00717	0.00812	0.01409
6	0.50820	0.10817	0.02554	0.01726	0.02510	0.03014	0.01474	0.08452	0.02429	0.05092	0.01751	0.01988	0.01375	0.01103	0.00774	0.00342	0.00993	0.00676	0.00737	0.01375

[dist]
# distance from previous block
# <min> <max>
0	1

[block]
# block no. 3 follows, 10 sequences, length 13
# corresponding to MSA columns:
# 227-239
name=unknown_D
#
# <colnr> <probs for GDERKNQSTAVLIFYWHMCP>
#	G	D	E	R	K	N	Q	S	T	A	V	L	I	F	Y	W	H	M	C	P
0	0.01866	0.01301	0.01495	0.01454	0.01597	0.01328	0.00943	0.02291	0.08226	0.02810	0.07483	0.06991	0.08741	0.34328	0.04358	0.10464	0.00993	0.01641	0.00812	0.00878
1	0.01840	0.01057	0.01404	0.01426	0.01432	0.01051	0.00895	0.01594	0.01644	0.02192	0.03037	0.09706	0.03367	0.25851	0.04836	0.34917	0.01029	0.01471	0.00632	0.00621
2	0.40444	0.02762	0.02370	0.01987	0.02762	0.07664	0.01617	0.13891	0.03040	0.10540	0.02220	0.02335	0.01618	0.01201	0.00900	0.00352	0.01109	0.00793	0.00886	0.01508
3	0.08569	0.03585	0.08484	0.02575	0.03412	0.11320	0.02231	0.27388	0.04064	0.05426	0.02377	0.02665	0.01797	0.01622	0.01506	0.08128	0.01399	0.00943	0.00889	0.01621
4	0.02205	0.01357	0.01903	0.02185	0.07253	0.01264	0.01387	0.02352	0.02329	0.09456	0.05605	0.25411	0.12207	0.03044	0.02066	0.14957	0.00854	0.02132	0.00946	0.01088
5	0.02094	0.01509	0.01713	0.01542	0.01816	0.01465	0.01026	0.07348	0.02305	0.03166	0.03617	0.11768	0.03959	0.37432	0.04108	0.00819	0.01056	0.01639	0.00797	0.10820
6	0.48356	0.11130	0.02636	0.01768	0.02560	0.03058	0.01510	0.09977	0.02550	0.05152	0.01791	0.02018	0.01400	0.01113	0.00789	0.00341	0.01008	0.00690	0.00751	0.01400
7	0.49239	0.02186	0.02110	0.09912	0.03218	0.02486	0.01618	0.03649	0.02210	0.11159	0.02080	0.02347	0.01518	0.01140	0.00846	0.00364	0.01010	0.00762	0.00784	0.01360
8	0.34701	0.02807	0.08190	0.02002	0.02800	0.02682	0.01791	0.14742	0.02899	0.05190	0.02249	0.02947	0.01863	0.08847	0.01568	0.00460	0.01125	0.00905	0.00805	0.01426
9	0.14675	0.09025	0.03405	0.18577	0.11470	0.02603	0.02330	0.03483	0.02434	0.08909	0.02219	0.02688	0.01701	0.01093	0.00986	0.00324	0.01206	0.00874	0.00685	0.11314
10	0.02648	0.07928	0.04456	0.04976	0.28370	0.02633	0.08698	0.03287	0.02491	0.03521	0.02283	0.03023	0.01948	0.02172	0.09205	0.00555	0.01653	0.01036	0.00589	0.08528
11	0.07754	0.03921	0.23791	0.02698	0.03830	0.02635	0.02874	0.08885	0.02774	0.09360	0.02326	0.02619	0.01712	0.01259	0.01412	0.00353	0.08714	0.00893	0.00721	0.11469
12	0.02516	0.03510	0.18892	0.09906	0.19984	0.02411	0.03190	0.03374	0.02493	0.03671	0.02112	0.02652	0.01666	0.01026	0.01063	0.00312	0.01369	0.00892	0.00573	0.18388

[dist]
# distance from previous block
# <min> <max>
6	39

# created by:
# /st0/software/busco_prod/Augustus/scripts/msa2prfl.pl ./align_prep/9668.fa
