[name]
unknown

[dist]
# distance from previous block
# <min> <max>
0	68

[block]
# block no. 0 follows, 14 sequences, length 21
# corresponding to MSA columns:
# 77-97
name=unknown_A
#
# <colnr> <probs for GDERKNQSTAVLIFYWHMCP>
#	G	D	E	R	K	N	Q	S	T	A	V	L	I	F	Y	W	H	M	C	P
0	0.02477	0.02374	0.04052	0.12033	0.52288	0.02422	0.03118	0.03095	0.02307	0.03277	0.01919	0.02560	0.01599	0.00926	0.01017	0.00309	0.01235	0.00914	0.00503	0.01575
1	0.01913	0.00956	0.00956	0.00956	0.01196	0.00956	0.00717	0.02391	0.02152	0.03826	0.03348	0.03826	0.02630	0.01196	0.00717	0.00239	0.00478	0.00956	0.69632	0.00956
2	0.01422	0.01048	0.01330	0.01259	0.01515	0.00955	0.00944	0.01878	0.02833	0.03945	0.51098	0.07945	0.15683	0.02161	0.01211	0.00326	0.00489	0.01895	0.01107	0.00955
3	0.02313	0.08296	0.02805	0.02154	0.02657	0.02118	0.06738	0.14428	0.02706	0.03617	0.03203	0.05327	0.03045	0.03493	0.18419	0.00741	0.01612	0.14367	0.00753	0.01206
4	0.02058	0.05308	0.58618	0.02925	0.04442	0.02383	0.03792	0.03250	0.02167	0.03250	0.01842	0.02167	0.01300	0.00975	0.00975	0.00325	0.01517	0.00758	0.00433	0.01517
5	0.02281	0.24518	0.41354	0.02546	0.03855	0.02927	0.03132	0.03193	0.02140	0.02979	0.01707	0.01998	0.01305	0.00944	0.00872	0.00291	0.01381	0.00690	0.00435	0.01452
6	0.01360	0.01100	0.01312	0.01306	0.01541	0.01052	0.00972	0.01661	0.02361	0.03082	0.21349	0.19512	0.30125	0.02530	0.01388	0.00362	0.04978	0.02142	0.00964	0.00906
7	0.16108	0.03253	0.02636	0.02617	0.08022	0.27675	0.01864	0.03302	0.02413	0.03161	0.07494	0.02571	0.02212	0.01255	0.01304	0.00315	0.11185	0.00832	0.00599	0.01183
8	0.03363	0.03416	0.21757	0.08165	0.03757	0.10117	0.02488	0.04041	0.02583	0.26112	0.02728	0.02733	0.01829	0.01115	0.00997	0.00315	0.01280	0.00874	0.00799	0.01530
9	0.10558	0.03702	0.03008	0.07396	0.12669	0.34602	0.02177	0.03568	0.02506	0.02886	0.01625	0.02049	0.01357	0.01084	0.01132	0.00299	0.06880	0.00732	0.00524	0.01247
10	0.02515	0.02141	0.11099	0.01845	0.02493	0.01650	0.01688	0.03590	0.13628	0.16689	0.24792	0.05008	0.05304	0.01577	0.01096	0.00327	0.00810	0.01342	0.01032	0.01374
11	0.01487	0.02163	0.16650	0.01667	0.02254	0.01285	0.01657	0.02018	0.02309	0.03088	0.14674	0.18223	0.24221	0.02204	0.01168	0.00351	0.00798	0.01888	0.00841	0.01052
12	0.01427	0.01048	0.01336	0.01264	0.01517	0.00957	0.00948	0.01887	0.02844	0.03971	0.51993	0.07903	0.14771	0.02152	0.01211	0.00325	0.00488	0.01889	0.01111	0.00957
13	0.01622	0.01294	0.01872	0.01793	0.02078	0.01272	0.05791	0.02293	0.08112	0.03376	0.20244	0.26301	0.06636	0.02419	0.01262	0.00385	0.00746	0.10503	0.00975	0.01026
14	0.40800	0.01572	0.01394	0.01329	0.01712	0.01751	0.01005	0.02418	0.01726	0.03576	0.02445	0.04374	0.02480	0.22076	0.02241	0.00559	0.00876	0.06071	0.00663	0.00931
15	0.03371	0.14702	0.09361	0.07262	0.03496	0.08029	0.02154	0.26577	0.03479	0.08720	0.02195	0.02328	0.01610	0.01108	0.00944	0.00293	0.01228	0.00820	0.00780	0.01541
16	0.01498	0.01034	0.01363	0.01363	0.01443	0.01114	0.00926	0.01631	0.01551	0.02149	0.02935	0.05329	0.03106	0.35786	0.28985	0.05426	0.01754	0.01285	0.00580	0.00740
17	0.02316	0.08331	0.19108	0.14379	0.23161	0.02543	0.02995	0.03324	0.07939	0.03215	0.02085	0.02534	0.01624	0.00999	0.00979	0.00315	0.01275	0.00866	0.00530	0.01482
18	0.03785	0.02079	0.02478	0.01974	0.02692	0.02107	0.01605	0.18334	0.12727	0.29961	0.08088	0.03620	0.03026	0.01351	0.01048	0.00321	0.00900	0.01094	0.01152	0.01659
19	0.01832	0.01186	0.01519	0.01427	0.01716	0.01118	0.01054	0.02128	0.02122	0.08568	0.12684	0.11708	0.08438	0.16949	0.12674	0.00716	0.01117	0.04481	0.00833	0.07729
20	0.02834	0.25165	0.04028	0.02410	0.02995	0.15906	0.06477	0.05789	0.02360	0.02786	0.01869	0.02725	0.01724	0.01272	0.01389	0.00311	0.13556	0.04616	0.00538	0.01249

[dist]
# distance from previous block
# <min> <max>
6	16

[block]
# block no. 1 follows, 14 sequences, length 42
# corresponding to MSA columns:
# 114-138,140-156
name=unknown_B
#
# <colnr> <probs for GDERKNQSTAVLIFYWHMCP>
#	G	D	E	R	K	N	Q	S	T	A	V	L	I	F	Y	W	H	M	C	P
0	0.02475	0.02069	0.03338	0.24546	0.27749	0.02222	0.02664	0.05975	0.02403	0.07712	0.02397	0.07559	0.02032	0.01186	0.01045	0.00328	0.01187	0.01085	0.00618	0.01410
1	0.01565	0.01042	0.01313	0.01306	0.01513	0.00958	0.00928	0.01874	0.02411	0.06475	0.28202	0.21729	0.13058	0.10817	0.01772	0.00441	0.00609	0.02064	0.01004	0.00921
2	0.02181	0.09805	0.20355	0.02027	0.02776	0.02113	0.02050	0.03164	0.11375	0.06187	0.02755	0.03759	0.02404	0.17139	0.07095	0.00596	0.01286	0.01032	0.00647	0.01254
3	0.02866	0.57829	0.05099	0.01856	0.02695	0.10343	0.01781	0.03188	0.02178	0.02425	0.01445	0.01669	0.01318	0.00898	0.00689	0.00225	0.01182	0.00561	0.00449	0.01303
4	0.02535	0.01888	0.02483	0.01793	0.02696	0.01488	0.05485	0.03014	0.02277	0.11835	0.02188	0.02391	0.01681	0.00847	0.00838	0.00193	0.00855	0.00722	0.00703	0.54087
5	0.02723	0.13709	0.03793	0.07396	0.07626	0.07958	0.09145	0.03162	0.02217	0.08989	0.02197	0.03122	0.01892	0.01331	0.01576	0.00344	0.16057	0.04867	0.00602	0.01296
6	0.59321	0.02310	0.06866	0.01602	0.02266	0.02377	0.01448	0.02994	0.01771	0.04309	0.01460	0.01759	0.01148	0.01022	0.00886	0.00329	0.05781	0.00602	0.00602	0.01149
7	0.08576	0.02346	0.03252	0.08960	0.16857	0.05882	0.09146	0.03756	0.14853	0.07925	0.03069	0.03281	0.05217	0.01170	0.01024	0.00326	0.01141	0.01048	0.00730	0.01440
8	0.01890	0.07316	0.01962	0.01529	0.01872	0.01559	0.01186	0.09695	0.02879	0.03932	0.30805	0.20160	0.06984	0.02131	0.01155	0.00334	0.00666	0.01857	0.01005	0.01084
9	0.01598	0.01056	0.01342	0.01331	0.01580	0.00954	0.00974	0.01948	0.02537	0.07649	0.30068	0.24007	0.16193	0.02445	0.01226	0.00354	0.00553	0.02155	0.01059	0.00972
10	0.01959	0.01673	0.02407	0.02407	0.07127	0.02096	0.01719	0.02103	0.01606	0.02357	0.01970	0.03332	0.01979	0.11489	0.13242	0.12148	0.27922	0.01014	0.00495	0.00954
11	0.02270	0.08092	0.35698	0.02733	0.03884	0.07354	0.07642	0.03368	0.06617	0.03303	0.07243	0.02818	0.02270	0.01106	0.01000	0.00317	0.01384	0.00915	0.00565	0.01420
12	0.02991	0.02562	0.08912	0.10486	0.07607	0.07053	0.02069	0.11496	0.05330	0.15325	0.06888	0.03494	0.02627	0.06956	0.01411	0.00378	0.01143	0.01038	0.00822	0.01411
13	0.02697	0.02773	0.08113	0.03081	0.12498	0.07085	0.02284	0.14412	0.06660	0.03733	0.02486	0.02897	0.04315	0.01760	0.05286	0.00429	0.16454	0.00967	0.00667	0.01403
14	0.32499	0.23045	0.03054	0.01676	0.02404	0.08239	0.01465	0.03422	0.02140	0.11340	0.01817	0.01938	0.01404	0.00983	0.00727	0.00280	0.01007	0.00631	0.00650	0.01278
15	0.02890	0.02257	0.03089	0.03310	0.18063	0.05491	0.06155	0.10399	0.07539	0.12453	0.13760	0.03813	0.03536	0.01300	0.01072	0.00316	0.01046	0.01156	0.00872	0.01481
16	0.03327	0.02146	0.02519	0.02051	0.02665	0.02320	0.01662	0.20221	0.13925	0.18514	0.10696	0.03702	0.03293	0.01443	0.01260	0.00333	0.06181	0.01126	0.01056	0.01560
17	0.15920	0.03194	0.17654	0.13356	0.08317	0.05855	0.02516	0.10427	0.06625	0.03895	0.02018	0.02354	0.01507	0.01048	0.00931	0.00321	0.01236	0.00808	0.00619	0.01399
18	0.65737	0.01965	0.01580	0.01388	0.02037	0.02237	0.01144	0.03179	0.01844	0.08992	0.01643	0.01816	0.01228	0.00979	0.00668	0.00318	0.00800	0.00595	0.00687	0.01163
19	0.02635	0.11849	0.09030	0.07948	0.09321	0.02910	0.19054	0.11416	0.02613	0.03540	0.01910	0.02422	0.01500	0.01058	0.01291	0.00327	0.08243	0.00944	0.00570	0.01419
20	0.01900	0.01278	0.01647	0.01524	0.01632	0.01427	0.01075	0.02038	0.01670	0.07479	0.02933	0.05240	0.03041	0.38355	0.14265	0.00963	0.10744	0.01287	0.00644	0.00859
21	0.26565	0.01924	0.02294	0.02141	0.06839	0.02095	0.01596	0.03558	0.02251	0.22740	0.05842	0.02844	0.02225	0.01272	0.01297	0.00339	0.11077	0.00889	0.00845	0.01367
22	0.01465	0.00983	0.01127	0.01154	0.01161	0.00977	0.00659	0.01485	0.01546	0.02061	0.03506	0.13088	0.04075	0.57092	0.04782	0.00930	0.00950	0.01653	0.00659	0.00646
23	0.02316	0.01962	0.02116	0.01949	0.02443	0.02229	0.01495	0.04712	0.45309	0.04090	0.08664	0.10840	0.04080	0.01655	0.01088	0.00354	0.00761	0.01415	0.01041	0.01482
24	0.03506	0.09558	0.03089	0.02177	0.02944	0.02974	0.01809	0.31990	0.16755	0.10218	0.02910	0.02799	0.02108	0.01235	0.00990	0.00309	0.01025	0.00949	0.00987	0.01668
25	0.02599	0.03453	0.17195	0.04496	0.30870	0.10256	0.02977	0.03563	0.08384	0.03319	0.02115	0.02499	0.01674	0.01003	0.00997	0.00309	0.01333	0.00869	0.00553	0.01539
26	0.11734	0.02024	0.02518	0.02461	0.08684	0.02221	0.04701	0.09753	0.15272	0.04041	0.08505	0.07674	0.08237	0.01552	0.01220	0.00343	0.05607	0.01272	0.00842	0.01336
27	0.09493	0.10243	0.23901	0.02214	0.03277	0.02278	0.02383	0.06255	0.02530	0.23844	0.02606	0.02569	0.01766	0.01084	0.00932	0.00309	0.01146	0.00826	0.00791	0.01553
28	0.71184	0.01985	0.01508	0.01350	0.01985	0.02302	0.01111	0.03017	0.01746	0.04604	0.01429	0.01667	0.01111	0.00953	0.00635	0.00318	0.00794	0.00556	0.00635	0.01111
29	0.02276	0.27830	0.33663	0.02348	0.03520	0.02921	0.02788	0.03080	0.02192	0.02994	0.05940	0.02390	0.01954	0.01024	0.00871	0.00284	0.01275	0.00762	0.00489	0.01397
30	0.01816	0.01614	0.02320	0.02118	0.02219	0.02118	0.01715	0.02119	0.01614	0.02422	0.02120	0.03230	0.02019	0.05048	0.34503	0.01110	0.29374	0.01009	0.00505	0.01009
31	0.02576	0.02385	0.03894	0.14462	0.44560	0.02484	0.02989	0.07910	0.02529	0.03536	0.01965	0.02563	0.01597	0.00962	0.01019	0.00311	0.01234	0.00915	0.00549	0.01562
32	0.03792	0.01552	0.02105	0.01711	0.02343	0.01355	0.01372	0.04169	0.02801	0.44565	0.10234	0.12108	0.03924	0.01628	0.01090	0.00332	0.00792	0.01382	0.01211	0.01534
33	0.01913	0.00956	0.00956	0.00956	0.01196	0.00956	0.00717	0.02391	0.02152	0.03826	0.03348	0.03826	0.02630	0.01196	0.00717	0.00239	0.00478	0.00956	0.69632	0.00956
34	0.01492	0.00995	0.01119	0.01119	0.01119	0.00995	0.00622	0.01492	0.01492	0.01990	0.03233	0.06716	0.03731	0.63935	0.05223	0.00995	0.00995	0.01492	0.00622	0.00622
35	0.02437	0.01948	0.02186	0.01943	0.02418	0.02217	0.01509	0.12996	0.28512	0.04014	0.03437	0.03896	0.02800	0.08607	0.15614	0.00714	0.01353	0.01133	0.00883	0.01384
36	0.03284	0.01795	0.02696	0.08475	0.16093	0.01709	0.01934	0.03776	0.02702	0.29952	0.12878	0.03944	0.03497	0.01310	0.01060	0.00318	0.00933	0.01141	0.00984	0.01519
37	0.03014	0.02114	0.02670	0.05312	0.10317	0.02113	0.01810	0.16935	0.07624	0.13416	0.02971	0.08799	0.02426	0.01306	0.01004	0.00295	0.00957	0.01099	0.00883	0.14937
38	0.02568	0.42953	0.09084	0.07784	0.03448	0.03497	0.06769	0.03269	0.06755	0.02741	0.01794	0.02082	0.01499	0.00943	0.00802	0.00262	0.01189	0.00713	0.00500	0.01348
39	0.01559	0.01265	0.01536	0.01458	0.01730	0.01277	0.01086	0.01992	0.05396	0.02849	0.09913	0.15066	0.18638	0.09943	0.09792	0.00596	0.05869	0.01721	0.00808	0.07506
40	0.02659	0.07714	0.03871	0.02730	0.03452	0.02557	0.16994	0.07205	0.06525	0.07797	0.02179	0.02565	0.01703	0.01133	0.01466	0.00314	0.13302	0.00939	0.00655	0.14239
41	0.09567	0.07806	0.02668	0.02042	0.02707	0.06243	0.01649	0.12419	0.29923	0.09322	0.03239	0.03069	0.02401	0.01249	0.00961	0.00320	0.00955	0.00970	0.00939	0.01552

[dist]
# distance from previous block
# <min> <max>
0	11

[block]
# block no. 2 follows, 14 sequences, length 63
# corresponding to MSA columns:
# 168-230
name=unknown_C
#
# <colnr> <probs for GDERKNQSTAVLIFYWHMCP>
#	G	D	E	R	K	N	Q	S	T	A	V	L	I	F	Y	W	H	M	C	P
0	0.10201	0.01571	0.02068	0.06899	0.02672	0.01492	0.01452	0.03732	0.02506	0.34591	0.03981	0.17686	0.03321	0.01687	0.01059	0.00344	0.00841	0.01430	0.01059	0.01410
1	0.02582	0.01928	0.03471	0.02992	0.08983	0.01834	0.18821	0.03151	0.02429	0.15480	0.08574	0.04029	0.05921	0.02441	0.11962	0.00573	0.01480	0.01237	0.00777	0.01334
2	0.08618	0.02817	0.03596	0.03534	0.15505	0.12700	0.11678	0.06489	0.06289	0.08917	0.02193	0.02539	0.01692	0.01114	0.01256	0.00326	0.07726	0.00922	0.00661	0.01427
3	0.02421	0.02222	0.02673	0.02348	0.02680	0.02806	0.01891	0.04174	0.32478	0.03511	0.02963	0.03150	0.02367	0.01565	0.02041	0.00391	0.27074	0.01048	0.00789	0.01409
4	0.02189	0.02080	0.03531	0.38482	0.28094	0.02346	0.02975	0.02842	0.02171	0.02926	0.01868	0.02654	0.01475	0.00979	0.01022	0.00326	0.01306	0.00913	0.00478	0.01342
5	0.01336	0.01017	0.01229	0.01233	0.01476	0.00910	0.00903	0.01690	0.02545	0.03396	0.32136	0.18644	0.24819	0.02469	0.01230	0.00348	0.00516	0.02154	0.01039	0.00910
6	0.02498	0.02392	0.03525	0.28845	0.27771	0.06484	0.02837	0.07452	0.02475	0.03259	0.01908	0.02567	0.01507	0.00999	0.01015	0.00318	0.01318	0.00896	0.00533	0.01402
7	0.01393	0.00999	0.01336	0.01458	0.01614	0.00942	0.01078	0.01733	0.02375	0.03241	0.24290	0.34184	0.07689	0.02744	0.01292	0.00392	0.00615	0.10707	0.01016	0.00902
8	0.02588	0.43487	0.14534	0.02740	0.12360	0.03488	0.02353	0.03117	0.02143	0.02722	0.01586	0.01891	0.01367	0.00901	0.00775	0.00253	0.01192	0.00648	0.00450	0.01405
9	0.01757	0.00901	0.01317	0.01317	0.01317	0.00901	0.00867	0.01351	0.01351	0.01801	0.01912	0.03441	0.01957	0.08971	0.04119	0.63950	0.00901	0.00945	0.00461	0.00461
10	0.02468	0.02259	0.03565	0.23486	0.31818	0.02463	0.02820	0.07731	0.06832	0.03472	0.02127	0.02702	0.01676	0.01018	0.01022	0.00321	0.01226	0.00935	0.00581	0.01479
11	0.02747	0.02351	0.02750	0.02639	0.08234	0.02732	0.01918	0.13375	0.34037	0.04333	0.03266	0.03244	0.02495	0.01371	0.01355	0.00350	0.09259	0.01058	0.00906	0.01577
12	0.71184	0.01985	0.01508	0.01350	0.01985	0.02302	0.01111	0.03017	0.01746	0.04604	0.01429	0.01667	0.01111	0.00953	0.00635	0.00318	0.00794	0.00556	0.00635	0.01111
13	0.02271	0.01230	0.01634	0.01430	0.01815	0.01109	0.01109	0.02733	0.02913	0.18178	0.43237	0.06582	0.07827	0.01883	0.01164	0.00321	0.00585	0.01642	0.01166	0.01170
14	0.04106	0.02457	0.12081	0.02062	0.02982	0.01806	0.01939	0.09044	0.02972	0.44241	0.03530	0.03175	0.02257	0.01216	0.01022	0.00318	0.01006	0.00976	0.01105	0.01707
15	0.03958	0.01603	0.02175	0.01716	0.02397	0.01398	0.01398	0.04373	0.02931	0.47148	0.14902	0.04348	0.04004	0.01440	0.01069	0.00319	0.00793	0.01201	0.01241	0.01587
16	0.02599	0.02422	0.02575	0.02299	0.02704	0.08316	0.01847	0.07565	0.27222	0.03664	0.03197	0.03941	0.02684	0.01605	0.01674	0.00376	0.16864	0.06233	0.00826	0.01387
17	0.02633	0.51022	0.12369	0.01944	0.02883	0.03700	0.02022	0.03305	0.06783	0.02693	0.01724	0.01908	0.01473	0.00936	0.00735	0.00245	0.01130	0.00631	0.00491	0.01371
18	0.01749	0.00913	0.01370	0.01370	0.01389	0.00932	0.00932	0.01389	0.01370	0.01846	0.01884	0.03215	0.01865	0.04000	0.09890	0.62933	0.01087	0.00913	0.00457	0.00495
19	0.08823	0.08540	0.22951	0.02934	0.07303	0.18875	0.06845	0.06329	0.02517	0.03292	0.01764	0.02088	0.01359	0.00991	0.00934	0.00299	0.01494	0.00755	0.00524	0.01384
20	0.03433	0.02259	0.03434	0.03750	0.22800	0.02221	0.06790	0.10280	0.06628	0.23323	0.02921	0.02981	0.02066	0.01110	0.01042	0.00316	0.01101	0.01001	0.00882	0.01662
21	0.01294	0.01023	0.01165	0.01172	0.01447	0.00894	0.00863	0.01614	0.02467	0.03176	0.24490	0.16456	0.35249	0.02524	0.01225	0.00349	0.00519	0.02170	0.01009	0.00894
22	0.04604	0.01746	0.02382	0.01826	0.02620	0.01508	0.01508	0.05001	0.02937	0.58244	0.04049	0.03493	0.02540	0.01270	0.01032	0.00318	0.00873	0.01032	0.01270	0.01746
23	0.02527	0.02473	0.04364	0.06091	0.52042	0.02455	0.08481	0.03164	0.02346	0.03346	0.01946	0.02564	0.01618	0.00909	0.01036	0.00309	0.01273	0.00946	0.00509	0.01600
24	0.09944	0.02486	0.08296	0.10375	0.34523	0.02277	0.02737	0.03344	0.02313	0.10887	0.02148	0.02565	0.01642	0.00983	0.00975	0.00313	0.01168	0.00879	0.00614	0.01530
25	0.09292	0.19372	0.20759	0.02632	0.08918	0.02855	0.02443	0.03663	0.14098	0.03412	0.02225	0.02393	0.01730	0.01035	0.00879	0.00300	0.01147	0.00790	0.00599	0.01460
26	0.02819	0.23091	0.03805	0.02378	0.02799	0.18164	0.02019	0.03088	0.02085	0.02463	0.01435	0.01949	0.01331	0.01307	0.01857	0.00327	0.26692	0.00723	0.00466	0.01203
27	0.01309	0.00939	0.01244	0.01389	0.01502	0.00873	0.00957	0.01577	0.02240	0.03057	0.20669	0.47005	0.07634	0.02888	0.01281	0.00389	0.00563	0.02607	0.01004	0.00873
28	0.03327	0.36508	0.04177	0.02087	0.02829	0.24160	0.01814	0.03639	0.02471	0.08018	0.01746	0.01905	0.01441	0.00983	0.00793	0.00246	0.01350	0.00638	0.00555	0.01313
29	0.02917	0.07972	0.02794	0.02295	0.08213	0.01847	0.05202	0.06166	0.02723	0.21110	0.16967	0.04464	0.04162	0.06919	0.01422	0.00369	0.00917	0.01232	0.00947	0.01364
30	0.01339	0.00973	0.01186	0.01265	0.01397	0.00903	0.00852	0.01555	0.02116	0.02811	0.16450	0.30062	0.15322	0.16470	0.02149	0.00515	0.00649	0.02252	0.00915	0.00819
31	0.03034	0.02304	0.03357	0.02635	0.03395	0.02394	0.15181	0.08230	0.27444	0.15245	0.03484	0.03388	0.02504	0.01219	0.01084	0.00338	0.01086	0.01130	0.00953	0.01595
32	0.02044	0.08272	0.02524	0.10212	0.07614	0.02034	0.01680	0.03204	0.17256	0.03631	0.21236	0.07989	0.04981	0.01587	0.01070	0.00325	0.00831	0.01374	0.00877	0.01260
33	0.02549	0.10325	0.34929	0.02586	0.03777	0.02728	0.02938	0.13334	0.09967	0.03929	0.02239	0.02399	0.01637	0.01072	0.00963	0.00314	0.01304	0.00824	0.00632	0.01555
34	0.01348	0.00963	0.01303	0.01540	0.01643	0.00918	0.01122	0.01598	0.02061	0.02729	0.05602	0.50761	0.06574	0.03123	0.01336	0.00430	0.00680	0.14459	0.00951	0.00860
35	0.01877	0.01742	0.02911	0.56159	0.06575	0.02152	0.02682	0.02516	0.02044	0.02622	0.02163	0.08089	0.01847	0.01220	0.01051	0.00349	0.01300	0.01089	0.00500	0.01113
36	0.02629	0.02063	0.03260	0.34048	0.18980	0.02295	0.02664	0.07634	0.02490	0.10732	0.02211	0.02765	0.01627	0.01049	0.01024	0.00326	0.01241	0.00930	0.00631	0.01400
37	0.01285	0.00920	0.01222	0.01405	0.01496	0.00856	0.00955	0.01515	0.02125	0.02874	0.14397	0.53798	0.07280	0.03025	0.01293	0.00401	0.00576	0.02737	0.00983	0.00856
38	0.02058	0.05308	0.58618	0.02925	0.04442	0.02383	0.03792	0.03250	0.02167	0.03250	0.01842	0.02167	0.01300	0.00975	0.00975	0.00325	0.01517	0.00758	0.00433	0.01517
39	0.08418	0.17165	0.03730	0.02249	0.03096	0.02514	0.10484	0.08503	0.02729	0.27020	0.02755	0.02704	0.01906	0.01081	0.00944	0.00298	0.01090	0.00903	0.00875	0.01536
40	0.03022	0.29301	0.03691	0.01933	0.02623	0.13500	0.01674	0.10602	0.02835	0.07250	0.11314	0.02964	0.02900	0.01199	0.00882	0.00265	0.01120	0.00882	0.00718	0.01326
41	0.01305	0.00990	0.01203	0.01262	0.01471	0.00888	0.00904	0.01610	0.02391	0.03159	0.24027	0.28342	0.23413	0.02656	0.01247	0.00364	0.00535	0.02334	0.01011	0.00888
42	0.01969	0.01908	0.03155	0.41047	0.05653	0.02336	0.06731	0.02549	0.02022	0.02662	0.02509	0.03276	0.06255	0.01287	0.01474	0.00362	0.12125	0.01044	0.00503	0.01133
43	0.09170	0.15920	0.32962	0.02398	0.03543	0.02729	0.02759	0.03570	0.11280	0.03402	0.02120	0.02301	0.01599	0.01025	0.00892	0.00308	0.01243	0.00766	0.00559	0.01456
44	0.01489	0.01167	0.01362	0.01292	0.01604	0.01101	0.00975	0.02153	0.08273	0.03690	0.36040	0.07992	0.24663	0.02189	0.01194	0.00333	0.00530	0.01885	0.01062	0.01004
45	0.02003	0.01888	0.02678	0.02369	0.02426	0.02564	0.01945	0.02271	0.01596	0.02442	0.01784	0.02801	0.01727	0.03633	0.20962	0.00823	0.43588	0.00961	0.00480	0.01058
46	0.02544	0.07244	0.17513	0.02376	0.03203	0.07533	0.07289	0.10479	0.02683	0.07332	0.03471	0.13452	0.07358	0.01551	0.01063	0.00329	0.01192	0.01319	0.00733	0.01335
47	0.11579	0.04257	0.39982	0.02549	0.03765	0.02405	0.03008	0.03643	0.12422	0.03636	0.02235	0.02419	0.01627	0.01052	0.00942	0.00328	0.01282	0.00808	0.00579	0.01482
48	0.01549	0.01106	0.01533	0.01770	0.01960	0.01091	0.01472	0.01945	0.02259	0.02954	0.05491	0.25005	0.06135	0.02934	0.01389	0.00458	0.00854	0.38231	0.00947	0.00916
49	0.01595	0.01409	0.02501	0.02227	0.02559	0.01326	0.14754	0.01981	0.02123	0.02838	0.04704	0.42392	0.05341	0.02567	0.01295	0.00404	0.00925	0.07232	0.00839	0.00988
50	0.02524	0.02705	0.07687	0.07874	0.07055	0.15550	0.07972	0.02875	0.02247	0.05203	0.02451	0.06822	0.02258	0.01826	0.01683	0.14644	0.01324	0.05611	0.00591	0.01097
51	0.01241	0.00931	0.01151	0.01328	0.01462	0.00842	0.00908	0.01440	0.02062	0.02659	0.06888	0.49394	0.19863	0.03055	0.01285	0.00399	0.00576	0.02722	0.00953	0.00842
52	0.02089	0.02118	0.04005	0.43674	0.06537	0.02378	0.18717	0.02829	0.02167	0.02829	0.01903	0.02746	0.01427	0.00976	0.01084	0.00343	0.01481	0.01005	0.00476	0.01216
53	0.02573	0.02263	0.03854	0.30637	0.10239	0.05029	0.16077	0.03239	0.02336	0.10440	0.02192	0.02788	0.01598	0.01009	0.01070	0.00333	0.01406	0.00995	0.00592	0.01332
54	0.02004	0.01840	0.03053	0.27891	0.24242	0.02014	0.02535	0.02548	0.02136	0.02888	0.02720	0.16211	0.02675	0.01475	0.01086	0.00345	0.01141	0.01362	0.00586	0.01249
55	0.02058	0.05308	0.58618	0.02925	0.04442	0.02383	0.03792	0.03250	0.02167	0.03250	0.01842	0.02167	0.01300	0.00975	0.00975	0.00325	0.01517	0.00758	0.00433	0.01517
56	0.03009	0.03345	0.23745	0.02999	0.04129	0.02161	0.18615	0.03838	0.02500	0.21358	0.02641	0.02790	0.01788	0.01038	0.01067	0.00329	0.01371	0.00989	0.00735	0.01551
57	0.02145	0.13998	0.40754	0.12775	0.04608	0.02628	0.03311	0.03115	0.02134	0.03011	0.01774	0.02183	0.01314	0.00969	0.00934	0.00311	0.01425	0.00752	0.00438	0.01421
58	0.01611	0.01151	0.01605	0.01841	0.02059	0.01145	0.01580	0.02053	0.02321	0.03024	0.05457	0.17016	0.05999	0.02875	0.01406	0.00467	0.00908	0.45604	0.00946	0.00933
59	0.01938	0.01824	0.03078	0.61468	0.07068	0.02280	0.02850	0.02622	0.02052	0.02622	0.01824	0.02736	0.01368	0.01026	0.01026	0.00342	0.01368	0.00912	0.00456	0.01140
60	0.02925	0.47337	0.04617	0.01953	0.02737	0.14187	0.01785	0.03499	0.07582	0.02620	0.01730	0.01902	0.01499	0.00962	0.00746	0.00241	0.01208	0.00630	0.00516	0.01324
61	0.01414	0.01167	0.01442	0.01679	0.06421	0.01052	0.01141	0.01745	0.02353	0.02968	0.12653	0.14888	0.35736	0.02504	0.01234	0.00365	0.00644	0.08715	0.00929	0.00949
62	0.03850	0.04405	0.02949	0.02576	0.03175	0.46175	0.01975	0.16144	0.03370	0.03464	0.01798	0.01998	0.01424	0.01100	0.00950	0.00275	0.01677	0.00724	0.00649	0.01323

[dist]
# distance from previous block
# <min> <max>
0	7

[block]
# block no. 3 follows, 14 sequences, length 39
# corresponding to MSA columns:
# 238-276
name=unknown_D
#
# <colnr> <probs for GDERKNQSTAVLIFYWHMCP>
#	G	D	E	R	K	N	Q	S	T	A	V	L	I	F	Y	W	H	M	C	P
0	0.02058	0.05308	0.58618	0.02925	0.04442	0.02383	0.03792	0.03250	0.02167	0.03250	0.01842	0.02167	0.01300	0.00975	0.00975	0.00325	0.01517	0.00758	0.00433	0.01517
1	0.03427	0.02751	0.16477	0.02692	0.10508	0.01923	0.02279	0.07413	0.02754	0.30085	0.03518	0.03379	0.05588	0.01232	0.01027	0.00319	0.01074	0.01014	0.00923	0.01616
2	0.02553	0.02204	0.02320	0.02088	0.02669	0.02553	0.01624	0.05453	0.55679	0.04293	0.04177	0.03829	0.03133	0.01392	0.01044	0.00348	0.00812	0.01160	0.01044	0.01624
3	0.03833	0.04891	0.02908	0.02644	0.03173	0.59815	0.01983	0.04098	0.02908	0.02512	0.01586	0.01851	0.01322	0.01058	0.00925	0.00264	0.01851	0.00661	0.00529	0.01190
4	0.03774	0.02464	0.02621	0.02126	0.02849	0.06906	0.01713	0.20121	0.17754	0.23391	0.03403	0.03138	0.02360	0.01275	0.01025	0.00319	0.01012	0.01004	0.01076	0.01669
5	0.02022	0.01910	0.03230	0.53742	0.14136	0.02302	0.02892	0.02696	0.02092	0.02724	0.01839	0.02709	0.01404	0.01010	0.01025	0.00337	0.01347	0.00912	0.00463	0.01208
6	0.01452	0.01049	0.01372	0.01291	0.01533	0.00968	0.00968	0.01937	0.02905	0.04115	0.56992	0.07666	0.09683	0.02098	0.01210	0.00323	0.00484	0.01856	0.01130	0.00968
7	0.04188	0.01735	0.02301	0.01809	0.02543	0.01560	0.01478	0.04812	0.07581	0.49447	0.08016	0.03834	0.03126	0.01343	0.01046	0.00321	0.00839	0.01105	0.01240	0.01678
8	0.01741	0.00902	0.01315	0.01315	0.01340	0.00889	0.00883	0.01347	0.01409	0.01854	0.02406	0.03608	0.05786	0.03495	0.03808	0.65093	0.00864	0.00983	0.00482	0.00476
9	0.01422	0.01006	0.01334	0.01456	0.01550	0.01022	0.01032	0.01633	0.01826	0.02461	0.04347	0.27663	0.04934	0.21010	0.14515	0.00841	0.01203	0.09161	0.00776	0.00808
10	0.13731	0.02829	0.02525	0.02067	0.02730	0.12577	0.01662	0.30705	0.03665	0.05141	0.02276	0.02423	0.01697	0.01155	0.00908	0.00292	0.01115	0.00827	0.10227	0.01446
11	0.01729	0.01127	0.01305	0.01230	0.01593	0.00973	0.00933	0.02050	0.02515	0.10607	0.19225	0.12519	0.35694	0.02356	0.01195	0.00343	0.00566	0.02001	0.01034	0.01006
12	0.07316	0.01237	0.01537	0.01540	0.01863	0.01173	0.01193	0.02438	0.02252	0.14121	0.05396	0.24896	0.11303	0.06187	0.01453	0.00428	0.00760	0.12879	0.00971	0.01056
13	0.03957	0.02534	0.02839	0.02204	0.02997	0.02710	0.01812	0.37589	0.08834	0.19177	0.03010	0.02840	0.02066	0.01256	0.01029	0.00314	0.01038	0.00972	0.01089	0.01735
14	0.01832	0.01041	0.01397	0.01498	0.01685	0.00951	0.01049	0.02049	0.02134	0.12275	0.05377	0.52889	0.06050	0.02877	0.01262	0.00400	0.00644	0.02590	0.01008	0.00992
15	0.15094	0.01495	0.01620	0.01477	0.01870	0.01548	0.01125	0.09659	0.02567	0.09163	0.12166	0.17033	0.04342	0.05573	0.01260	0.00369	0.00724	0.01493	0.10298	0.01125
16	0.01828	0.01128	0.01444	0.01341	0.01656	0.01014	0.01013	0.02239	0.02739	0.11154	0.38227	0.12678	0.15250	0.02163	0.01196	0.00334	0.00553	0.01889	0.01107	0.01047
17	0.01869	0.00965	0.00996	0.00988	0.01228	0.00958	0.00741	0.02348	0.02223	0.03853	0.08426	0.04189	0.03298	0.01281	0.00764	0.00247	0.00479	0.01042	0.63147	0.00958
18	0.01447	0.01027	0.01272	0.01235	0.01477	0.00943	0.00917	0.01876	0.02683	0.03787	0.41519	0.11813	0.15429	0.02167	0.01172	0.00325	0.00497	0.01894	0.07576	0.00943
19	0.34644	0.01843	0.01899	0.01607	0.02261	0.01927	0.01302	0.03905	0.07322	0.25004	0.02967	0.06558	0.02218	0.01262	0.00870	0.00327	0.00813	0.00948	0.00938	0.01385
20	0.02396	0.01714	0.01966	0.01796	0.02181	0.01814	0.01391	0.21983	0.03094	0.04186	0.04019	0.23518	0.04170	0.08019	0.01550	0.00426	0.00882	0.08573	0.05131	0.01189
21	0.17213	0.01750	0.01944	0.01585	0.02212	0.01758	0.01291	0.10651	0.02759	0.26770	0.03130	0.03069	0.02167	0.01182	0.00873	0.00297	0.00793	0.00903	0.18231	0.01421
22	0.13744	0.01282	0.01489	0.01406	0.01729	0.01268	0.01057	0.02415	0.02340	0.10986	0.22000	0.13856	0.05732	0.11086	0.01705	0.00443	0.00710	0.04772	0.00954	0.01028
23	0.01796	0.01101	0.01471	0.01435	0.01565	0.01130	0.01009	0.02021	0.09080	0.02627	0.13212	0.07085	0.03775	0.02962	0.02920	0.43392	0.00785	0.01219	0.00687	0.00729
24	0.02422	0.02768	0.06055	0.04325	0.05363	0.02595	0.53806	0.03287	0.02422	0.03287	0.02076	0.02768	0.01557	0.00865	0.01211	0.00346	0.01730	0.01211	0.00519	0.01384
25	0.01320	0.00988	0.01272	0.01398	0.01565	0.00940	0.01015	0.01591	0.02115	0.02786	0.10784	0.34926	0.17210	0.03566	0.09265	0.00566	0.00889	0.06020	0.00913	0.00872
26	0.02248	0.01213	0.01627	0.01507	0.01732	0.01193	0.01113	0.05990	0.02140	0.10283	0.10305	0.04771	0.03498	0.07317	0.02849	0.34271	0.00862	0.05474	0.00755	0.00851
27	0.01468	0.01090	0.01603	0.01603	0.01770	0.01257	0.01225	0.01803	0.01635	0.02348	0.02791	0.04268	0.02668	0.12651	0.55054	0.01592	0.02594	0.01134	0.00556	0.00890
28	0.01250	0.00893	0.01191	0.01429	0.01488	0.00834	0.00953	0.01429	0.01965	0.02620	0.05656	0.63265	0.06787	0.03215	0.01310	0.00417	0.00595	0.02917	0.00953	0.00834
29	0.02718	0.02951	0.03706	0.19033	0.26706	0.17425	0.06598	0.03276	0.02421	0.02944	0.01825	0.02426	0.01476	0.00976	0.01009	0.00307	0.01460	0.00870	0.00501	0.01371
30	0.11955	0.01969	0.03129	0.22473	0.16994	0.02154	0.06852	0.02930	0.02120	0.07253	0.02108	0.02776	0.01660	0.01902	0.09001	0.00506	0.01436	0.00924	0.00572	0.01286
31	0.01595	0.01165	0.01395	0.01334	0.01334	0.01288	0.00843	0.01625	0.01503	0.02055	0.02976	0.06107	0.03406	0.55470	0.04970	0.00921	0.09313	0.01411	0.00598	0.00690
32	0.01473	0.00987	0.01125	0.01144	0.01148	0.00982	0.00648	0.01487	0.01530	0.02040	0.03425	0.11179	0.03972	0.59143	0.04914	0.00949	0.00963	0.01605	0.00648	0.00639
33	0.02399	0.02622	0.08123	0.13149	0.35517	0.02448	0.14364	0.03115	0.02305	0.03232	0.01942	0.02592	0.01553	0.00923	0.01058	0.00320	0.01373	0.00969	0.00498	0.01499
34	0.02301	0.01813	0.02983	0.53344	0.06462	0.02175	0.02667	0.02946	0.02173	0.10199	0.02127	0.02839	0.01528	0.01059	0.01027	0.00339	0.01301	0.00928	0.00567	0.01223
35	0.02540	0.02438	0.04165	0.06299	0.57533	0.02438	0.03149	0.03149	0.02337	0.03353	0.01930	0.02540	0.01626	0.00914	0.01016	0.00305	0.01219	0.00914	0.00508	0.01626
36	0.02540	0.02438	0.04165	0.06299	0.57533	0.02438	0.03149	0.03149	0.02337	0.03353	0.01930	0.02540	0.01626	0.00914	0.01016	0.00305	0.01219	0.00914	0.00508	0.01626
37	0.01355	0.00971	0.01299	0.01457	0.01586	0.00914	0.01052	0.01650	0.02252	0.03053	0.18373	0.42418	0.07386	0.02886	0.01300	0.00401	0.00615	0.09153	0.00996	0.00882
38	0.01291	0.00946	0.01222	0.01428	0.01547	0.00877	0.01008	0.01514	0.02061	0.02691	0.06277	0.50153	0.13544	0.03088	0.01309	0.00413	0.00625	0.08205	0.00952	0.00851

[dist]
# distance from previous block
# <min> <max>
0	0

# created by:
# /st0/software/busco_prod/Augustus/scripts/msa2prfl.pl ./align_prep/9687.fa
