[name]
unknown

[dist]
# distance from previous block
# <min> <max>
5	79

[block]
# block no. 0 follows, 12 sequences, length 8
# corresponding to MSA columns:
# 87-94
name=unknown_A
#
# <colnr> <probs for GDERKNQSTAVLIFYWHMCP>
#	G	D	E	R	K	N	Q	S	T	A	V	L	I	F	Y	W	H	M	C	P
0	0.04107	0.04182	0.03176	0.02667	0.03376	0.31770	0.02090	0.26558	0.04054	0.04659	0.02127	0.02275	0.01617	0.01211	0.01034	0.00303	0.01603	0.00835	0.00812	0.01544
1	0.02336	0.02186	0.07768	0.24696	0.04541	0.02195	0.02324	0.06202	0.02282	0.06947	0.02466	0.03698	0.02118	0.12354	0.07245	0.00615	0.07086	0.01088	0.00629	0.01225
2	0.01383	0.00991	0.01314	0.01481	0.01593	0.00922	0.01016	0.01654	0.02339	0.03184	0.18178	0.47659	0.07987	0.03117	0.01365	0.00418	0.00603	0.02816	0.01060	0.00922
3	0.02326	0.08100	0.23020	0.17875	0.04796	0.02748	0.03007	0.03625	0.11759	0.03338	0.02338	0.02763	0.01774	0.01206	0.01271	0.00358	0.06705	0.00927	0.00591	0.01471
4	0.01328	0.00949	0.01265	0.01518	0.01581	0.00886	0.01012	0.01518	0.02088	0.02783	0.06010	0.60969	0.07212	0.03416	0.01392	0.00443	0.00633	0.03100	0.01012	0.00886
5	0.02399	0.01968	0.02539	0.11598	0.08228	0.02157	0.01900	0.10735	0.15068	0.04323	0.16427	0.09830	0.04784	0.01712	0.01172	0.00358	0.00941	0.01488	0.00965	0.01407
6	0.02385	0.02385	0.03340	0.02863	0.02863	0.03340	0.02385	0.02624	0.01670	0.02624	0.01431	0.02385	0.01431	0.01908	0.03578	0.00477	0.59685	0.00954	0.00477	0.01193
7	0.02778	0.09057	0.28725	0.02720	0.03954	0.02467	0.07128	0.03879	0.06836	0.12003	0.02537	0.02690	0.01813	0.01084	0.01023	0.00321	0.01339	0.00898	0.00688	0.08059

[dist]
# distance from previous block
# <min> <max>
0	1

[block]
# block no. 1 follows, 12 sequences, length 21
# corresponding to MSA columns:
# 96-116
name=unknown_B
#
# <colnr> <probs for GDERKNQSTAVLIFYWHMCP>
#	G	D	E	R	K	N	Q	S	T	A	V	L	I	F	Y	W	H	M	C	P
0	0.04022	0.02827	0.03080	0.02408	0.03241	0.03099	0.01974	0.39998	0.11646	0.11688	0.03052	0.02937	0.02151	0.01337	0.01094	0.00334	0.01124	0.01029	0.01121	0.01836
1	0.60284	0.02587	0.08973	0.01661	0.02462	0.02458	0.01566	0.03239	0.01916	0.04697	0.01578	0.01843	0.01208	0.01015	0.00724	0.00338	0.00947	0.00620	0.00646	0.01239
2	0.02077	0.01676	0.01918	0.01759	0.02180	0.01798	0.01347	0.03765	0.25861	0.04459	0.31510	0.06281	0.07107	0.01886	0.01205	0.00355	0.00674	0.01634	0.01159	0.01347
3	0.02693	0.02516	0.09759	0.08407	0.06670	0.02252	0.02127	0.09101	0.16903	0.08663	0.10219	0.03989	0.03457	0.01401	0.01087	0.00342	0.01018	0.01174	0.06699	0.01525
4	0.01365	0.01036	0.01208	0.01304	0.01490	0.00933	0.00895	0.01587	0.02249	0.02877	0.11303	0.30273	0.25109	0.10963	0.01907	0.00490	0.00650	0.02502	0.00979	0.00880
5	0.03080	0.09351	0.07904	0.07253	0.03580	0.03161	0.02259	0.20213	0.15353	0.04626	0.02660	0.02838	0.02027	0.01349	0.01389	0.00352	0.09179	0.00979	0.00838	0.01608
6	0.01558	0.01045	0.01197	0.01225	0.01232	0.01038	0.00699	0.01578	0.01640	0.02187	0.03715	0.12975	0.04316	0.55360	0.05099	0.00990	0.01011	0.01750	0.00699	0.00685
7	0.03295	0.04400	0.12958	0.02684	0.03462	0.30050	0.02354	0.04627	0.18312	0.03402	0.02586	0.02679	0.01994	0.01217	0.01032	0.00321	0.01558	0.00886	0.00712	0.01473
8	0.04892	0.01856	0.02530	0.01940	0.02783	0.01603	0.01603	0.05314	0.03121	0.55634	0.04302	0.03711	0.02699	0.01350	0.01096	0.00337	0.00928	0.01096	0.01350	0.01856
9	0.01991	0.02968	0.20057	0.07145	0.03706	0.01999	0.07673	0.03047	0.09100	0.03320	0.03728	0.23067	0.03708	0.01916	0.01201	0.00386	0.01181	0.01727	0.00752	0.01327
10	0.02752	0.50189	0.12185	0.01972	0.02947	0.03833	0.02078	0.03238	0.02232	0.02795	0.01724	0.01993	0.01499	0.00971	0.00750	0.00250	0.01178	0.00645	0.05369	0.01400
11	0.04892	0.01856	0.02530	0.01940	0.02783	0.01603	0.01603	0.05314	0.03121	0.55634	0.04302	0.03711	0.02699	0.01350	0.01096	0.00337	0.00928	0.01096	0.01350	0.01856
12	0.01328	0.00949	0.01265	0.01518	0.01581	0.00886	0.01012	0.01518	0.02088	0.02783	0.06010	0.60969	0.07212	0.03416	0.01392	0.00443	0.00633	0.03100	0.01012	0.00886
13	0.02440	0.02170	0.03679	0.28375	0.19190	0.02429	0.06740	0.03067	0.02305	0.06428	0.02346	0.06385	0.01972	0.01272	0.01337	0.00366	0.06383	0.01132	0.00592	0.01393
14	0.21502	0.09880	0.21707	0.02232	0.03292	0.02559	0.02390	0.03881	0.06674	0.12700	0.02398	0.02485	0.01719	0.01110	0.00915	0.00332	0.01169	0.00808	0.00728	0.01520
15	0.01894	0.00947	0.01420	0.01420	0.01420	0.00947	0.00947	0.01420	0.01420	0.01894	0.01894	0.03314	0.01894	0.03788	0.04261	0.68277	0.00947	0.00947	0.00473	0.00473
16	0.01759	0.01458	0.02248	0.17092	0.09640	0.01551	0.01918	0.02213	0.02301	0.03077	0.08532	0.27852	0.05193	0.02364	0.01283	0.00407	0.00965	0.08214	0.00833	0.01100
17	0.02516	0.07491	0.08034	0.10681	0.13050	0.02644	0.14590	0.08073	0.02609	0.03546	0.02584	0.10542	0.02361	0.01397	0.01292	0.00360	0.04860	0.01294	0.00642	0.01431
18	0.10037	0.17808	0.20310	0.02208	0.03237	0.02593	0.02353	0.03671	0.02415	0.16057	0.02717	0.07418	0.02179	0.01286	0.00960	0.00323	0.01172	0.00994	0.00748	0.01512
19	0.17711	0.25179	0.04008	0.02891	0.13765	0.03306	0.02039	0.08533	0.06621	0.03909	0.01984	0.02236	0.01625	0.01043	0.00849	0.00297	0.01101	0.00762	0.00646	0.01495
20	0.02449	0.02588	0.07907	0.07059	0.03087	0.09424	0.01897	0.10544	0.08248	0.03678	0.03938	0.26382	0.04045	0.02111	0.01195	0.00378	0.01102	0.01812	0.00870	0.01286

[dist]
# distance from previous block
# <min> <max>
0	1

[block]
# block no. 2 follows, 12 sequences, length 17
# corresponding to MSA columns:
# 118-134
name=unknown_C
#
# <colnr> <probs for GDERKNQSTAVLIFYWHMCP>
#	G	D	E	R	K	N	Q	S	T	A	V	L	I	F	Y	W	H	M	C	P
0	0.12929	0.02744	0.12736	0.02153	0.03198	0.01936	0.06033	0.03250	0.02311	0.08507	0.02116	0.02383	0.01606	0.00942	0.00897	0.00257	0.01064	0.00763	0.00672	0.33504
1	0.02914	0.01918	0.02405	0.06797	0.03026	0.01673	0.01548	0.06870	0.02748	0.15765	0.07845	0.03274	0.02747	0.01138	0.00968	0.00250	0.00891	0.00937	0.00882	0.35401
2	0.01927	0.01158	0.01480	0.01475	0.01760	0.01038	0.01076	0.02248	0.02563	0.11402	0.18466	0.30266	0.15567	0.02689	0.01302	0.00389	0.00635	0.02372	0.01111	0.01077
3	0.02846	0.02663	0.08141	0.12904	0.19969	0.02513	0.13693	0.03540	0.02468	0.11413	0.02354	0.02884	0.01767	0.01127	0.01356	0.00357	0.06756	0.01048	0.00648	0.01553
4	0.02063	0.01230	0.01624	0.01460	0.01808	0.01118	0.01118	0.02563	0.03092	0.12326	0.46546	0.07457	0.09111	0.02093	0.01257	0.00342	0.00579	0.01836	0.01223	0.01157
5	0.23543	0.02073	0.02628	0.10688	0.13214	0.02220	0.01977	0.03728	0.06697	0.14373	0.06401	0.03164	0.02485	0.01212	0.00977	0.00342	0.01010	0.00975	0.00832	0.01460
6	0.03253	0.02537	0.07093	0.02075	0.02766	0.07543	0.01780	0.11248	0.07906	0.18074	0.18544	0.04600	0.04649	0.01568	0.01137	0.00335	0.01006	0.01287	0.01084	0.01515
7	0.04634	0.02269	0.02786	0.02136	0.02990	0.02216	0.01765	0.21151	0.03812	0.38820	0.03721	0.03334	0.02408	0.01336	0.01095	0.00334	0.01022	0.01057	0.01260	0.01855
8	0.08714	0.08455	0.19518	0.03069	0.11621	0.02341	0.06151	0.03339	0.02433	0.09957	0.03614	0.03762	0.09836	0.01313	0.01046	0.00335	0.01219	0.01097	0.00697	0.01484
9	0.03081	0.11637	0.06536	0.08461	0.08314	0.02617	0.05756	0.11079	0.06748	0.12802	0.09127	0.03509	0.02995	0.01288	0.01068	0.00327	0.01143	0.01093	0.00866	0.01553
10	0.02140	0.01278	0.01706	0.01542	0.01766	0.01230	0.01095	0.05812	0.01862	0.02570	0.01962	0.03092	0.01847	0.03117	0.03459	0.51999	0.00947	0.00903	0.00552	0.11121
11	0.02565	0.01975	0.06256	0.09841	0.03657	0.01746	0.09742	0.03146	0.02531	0.14490	0.04180	0.14562	0.03970	0.02005	0.01281	0.00408	0.01161	0.14268	0.00905	0.01310
12	0.03251	0.02196	0.03618	0.14411	0.10563	0.02199	0.11610	0.07798	0.02834	0.20147	0.03154	0.07998	0.02439	0.01339	0.01154	0.00355	0.01251	0.01251	0.00875	0.01556
13	0.12341	0.02170	0.02518	0.02012	0.02764	0.02191	0.01637	0.19025	0.03485	0.28696	0.03601	0.08938	0.02704	0.01504	0.01072	0.00345	0.00972	0.01201	0.01150	0.01673
14	0.02235	0.02113	0.03056	0.23285	0.04509	0.02550	0.02361	0.02713	0.01999	0.02906	0.01739	0.02548	0.01483	0.01343	0.01998	0.00360	0.24132	0.00886	0.00520	0.17261
15	0.03001	0.02327	0.09146	0.11825	0.07094	0.02015	0.05414	0.03586	0.02565	0.20544	0.07008	0.09328	0.03127	0.01541	0.01354	0.00367	0.06101	0.01302	0.00882	0.01473
16	0.08700	0.08441	0.21344	0.06317	0.07340	0.02438	0.07127	0.03884	0.02512	0.17825	0.02555	0.02719	0.01781	0.01100	0.01023	0.00335	0.01312	0.00914	0.00739	0.01595

[dist]
# distance from previous block
# <min> <max>
2	39

[block]
# block no. 3 follows, 12 sequences, length 11
# corresponding to MSA columns:
# 174-184
name=unknown_D
#
# <colnr> <probs for GDERKNQSTAVLIFYWHMCP>
#	G	D	E	R	K	N	Q	S	T	A	V	L	I	F	Y	W	H	M	C	P
0	0.26381	0.02576	0.10326	0.02410	0.08000	0.02127	0.01990	0.04120	0.02503	0.25352	0.02777	0.02737	0.01887	0.01150	0.00941	0.00337	0.01037	0.00868	0.00906	0.01575
1	0.02215	0.12507	0.26880	0.02899	0.07144	0.02463	0.07773	0.03087	0.02518	0.03553	0.14494	0.03715	0.03574	0.01291	0.01075	0.00329	0.01284	0.01113	0.00654	0.01433
2	0.09400	0.01866	0.02424	0.01988	0.02582	0.01916	0.07412	0.06909	0.11521	0.12059	0.09300	0.04025	0.03383	0.01364	0.01012	0.00324	0.00877	0.01166	0.19076	0.01395
3	0.02259	0.06245	0.06610	0.17346	0.03752	0.01983	0.01974	0.07339	0.02480	0.06992	0.03644	0.23008	0.03717	0.05970	0.01461	0.00421	0.01074	0.01712	0.00797	0.01217
4	0.02990	0.07211	0.19724	0.03246	0.04395	0.02676	0.19025	0.08610	0.05915	0.11549	0.02580	0.02833	0.01837	0.01091	0.01119	0.00344	0.01472	0.01041	0.00726	0.01618
5	0.01833	0.01648	0.03019	0.02522	0.02962	0.01740	0.14776	0.02365	0.01975	0.02791	0.02727	0.03920	0.02436	0.06213	0.42182	0.01378	0.02628	0.01200	0.00575	0.01108
6	0.02718	0.46991	0.19333	0.02202	0.03318	0.03832	0.02451	0.03316	0.02239	0.02806	0.01635	0.01899	0.01394	0.00961	0.00791	0.00264	0.01287	0.00643	0.00465	0.01457
7	0.01894	0.00947	0.01420	0.01420	0.01420	0.00947	0.00947	0.01420	0.01420	0.01894	0.01894	0.03314	0.01894	0.03788	0.04261	0.68277	0.00947	0.00947	0.00473	0.00473
8	0.02535	0.02233	0.02683	0.17604	0.04101	0.02634	0.02078	0.04980	0.39178	0.04081	0.03761	0.03754	0.02821	0.01374	0.01104	0.00368	0.01023	0.01161	0.00940	0.01587
9	0.01879	0.01505	0.02230	0.02843	0.15943	0.01562	0.01593	0.02168	0.01877	0.02628	0.02910	0.05101	0.02997	0.29617	0.19477	0.01062	0.01666	0.01297	0.00606	0.01041
10	0.03302	0.02210	0.02483	0.02143	0.02821	0.02412	0.01692	0.05664	0.39433	0.18385	0.04401	0.03971	0.03158	0.01444	0.01106	0.00361	0.00880	0.01196	0.01174	0.01761

[dist]
# distance from previous block
# <min> <max>
0	2

[block]
# block no. 4 follows, 12 sequences, length 11
# corresponding to MSA columns:
# 187-197
name=unknown_E
#
# <colnr> <probs for GDERKNQSTAVLIFYWHMCP>
#	G	D	E	R	K	N	Q	S	T	A	V	L	I	F	Y	W	H	M	C	P
0	0.02864	0.02542	0.03307	0.02699	0.03438	0.02803	0.10958	0.10994	0.37588	0.04648	0.03795	0.03678	0.02833	0.01354	0.01140	0.00364	0.01087	0.01212	0.01003	0.01694
1	0.09240	0.02305	0.02545	0.01909	0.02811	0.02173	0.01555	0.18505	0.03207	0.08730	0.02298	0.02441	0.01735	0.01028	0.00908	0.00244	0.00946	0.00783	0.00845	0.35792
2	0.14228	0.01344	0.01724	0.01693	0.01977	0.01565	0.01329	0.02182	0.01772	0.02972	0.02659	0.03814	0.02437	0.06839	0.46771	0.01488	0.02533	0.01060	0.00601	0.01012
3	0.06846	0.02533	0.09711	0.17719	0.08161	0.02232	0.05933	0.04070	0.07001	0.20446	0.02934	0.03121	0.02034	0.01177	0.01078	0.00349	0.01233	0.01016	0.00837	0.01570
4	0.50870	0.01808	0.01441	0.01319	0.01878	0.02053	0.01066	0.03022	0.01974	0.04665	0.02079	0.02402	0.01624	0.01083	0.00699	0.00314	0.00751	0.00707	0.19107	0.01136
5	0.03056	0.02401	0.02647	0.02245	0.02883	0.02721	0.01793	0.22819	0.24698	0.05084	0.03444	0.03542	0.02640	0.02664	0.11610	0.00611	0.01379	0.01123	0.01004	0.01635
6	0.07960	0.01577	0.02368	0.02035	0.02474	0.01533	0.10375	0.02456	0.05534	0.03683	0.18983	0.20179	0.12100	0.02198	0.01247	0.00377	0.00848	0.02002	0.00954	0.01117
7	0.02857	0.08846	0.20292	0.07102	0.10255	0.06808	0.02811	0.06746	0.08449	0.08408	0.02645	0.03186	0.02058	0.01228	0.01053	0.00338	0.01344	0.03300	0.00703	0.01571
8	0.08291	0.01707	0.01945	0.05333	0.02532	0.01883	0.01494	0.03603	0.21132	0.04092	0.13846	0.10599	0.05022	0.01902	0.01151	0.00376	0.00802	0.07184	0.05810	0.01295
9	0.07944	0.09604	0.06592	0.08322	0.03304	0.02230	0.01913	0.03706	0.08837	0.13263	0.03089	0.03979	0.02518	0.01346	0.01011	0.00321	0.01037	0.06648	0.00829	0.13508
10	0.11242	0.02003	0.02513	0.02031	0.02712	0.01962	0.05004	0.13022	0.03033	0.16347	0.06554	0.13985	0.03440	0.01642	0.01088	0.00336	0.00943	0.01397	0.00998	0.09750

[dist]
# distance from previous block
# <min> <max>
2	100

[block]
# block no. 5 follows, 12 sequences, length 23
# corresponding to MSA columns:
# 338-360
name=unknown_F
#
# <colnr> <probs for GDERKNQSTAVLIFYWHMCP>
#	G	D	E	R	K	N	Q	S	T	A	V	L	I	F	Y	W	H	M	C	P
0	0.03649	0.02582	0.03036	0.02336	0.03160	0.06723	0.06016	0.20163	0.03615	0.17113	0.07167	0.03263	0.02676	0.01265	0.01070	0.00303	0.01130	0.01042	0.00999	0.12693
1	0.24423	0.02512	0.02380	0.11477	0.03382	0.09147	0.01753	0.10260	0.06891	0.04348	0.02210	0.02524	0.01696	0.01126	0.00896	0.00316	0.01106	0.00816	0.06163	0.06573
2	0.13312	0.07047	0.02959	0.06579	0.03162	0.02519	0.05647	0.10179	0.08951	0.04302	0.11234	0.03540	0.03242	0.01359	0.01194	0.00331	0.05142	0.01079	0.00820	0.07402
3	0.02741	0.06346	0.06566	0.02253	0.06606	0.08532	0.01734	0.03208	0.02564	0.11807	0.07684	0.13171	0.03557	0.01582	0.01045	0.00308	0.01012	0.01326	0.06500	0.11455
4	0.08135	0.01860	0.02087	0.01664	0.02381	0.01682	0.01319	0.09694	0.02792	0.08146	0.08045	0.08379	0.09351	0.01499	0.01004	0.00276	0.00807	0.01228	0.00887	0.28764
5	0.07756	0.02460	0.06770	0.14218	0.08377	0.06831	0.02126	0.03321	0.06501	0.07475	0.06869	0.08072	0.02919	0.01374	0.01048	0.00325	0.01127	0.01152	0.00750	0.10529
6	0.01894	0.00947	0.01420	0.01420	0.01420	0.00947	0.00947	0.01420	0.01420	0.01894	0.01894	0.03314	0.01894	0.03788	0.04261	0.68277	0.00947	0.00947	0.00473	0.00473
7	0.02319	0.03405	0.21093	0.03498	0.10349	0.02381	0.14416	0.03575	0.10039	0.03787	0.10729	0.03697	0.03197	0.01256	0.01152	0.00351	0.01341	0.01191	0.00706	0.01516
8	0.02986	0.11413	0.02811	0.01779	0.02608	0.02004	0.01475	0.03630	0.06739	0.16463	0.03002	0.07419	0.02448	0.01230	0.00935	0.00257	0.00885	0.00996	0.00862	0.30057
9	0.02781	0.02290	0.02411	0.02140	0.02748	0.02624	0.01673	0.09596	0.44188	0.04726	0.04197	0.03937	0.03149	0.01446	0.01077	0.00356	0.00862	0.01191	0.06932	0.01675
10	0.02926	0.16622	0.14016	0.02291	0.03192	0.02931	0.02213	0.12003	0.15756	0.07516	0.03087	0.07534	0.02524	0.01386	0.01020	0.00330	0.01125	0.01099	0.00838	0.01591
11	0.02671	0.12433	0.23546	0.11754	0.04393	0.02521	0.06223	0.03467	0.02403	0.11539	0.02598	0.07172	0.02082	0.01257	0.01049	0.00339	0.01348	0.01058	0.00657	0.01487
12	0.02433	0.02643	0.05329	0.16863	0.05765	0.02752	0.33980	0.03224	0.02372	0.03224	0.02049	0.02865	0.01581	0.01080	0.01523	0.00380	0.08860	0.01173	0.00527	0.01377
13	0.01717	0.01172	0.01423	0.01425	0.01750	0.01048	0.01104	0.02085	0.02632	0.07581	0.19137	0.15880	0.26717	0.02642	0.01319	0.00390	0.00654	0.09212	0.01082	0.01030
14	0.02954	0.52099	0.05182	0.01923	0.02827	0.08516	0.01834	0.03310	0.02293	0.02663	0.01568	0.01813	0.01419	0.00938	0.00733	0.00231	0.01201	0.00599	0.00491	0.07407
15	0.02022	0.01854	0.03084	0.52047	0.06864	0.02279	0.02872	0.02721	0.02221	0.02845	0.02409	0.04061	0.02046	0.01326	0.01141	0.00380	0.01398	0.06693	0.00548	0.01186
16	0.29016	0.02149	0.02304	0.01844	0.02629	0.02214	0.01522	0.12121	0.02977	0.28487	0.02976	0.02801	0.01988	0.01216	0.00937	0.00336	0.00941	0.00887	0.01053	0.01602
17	0.01467	0.01048	0.01424	0.01676	0.01800	0.01005	0.01252	0.01757	0.02224	0.02938	0.05933	0.45277	0.06910	0.03286	0.01429	0.00462	0.00752	0.17428	0.01010	0.00924
18	0.01328	0.00949	0.01265	0.01518	0.01581	0.00886	0.01012	0.01518	0.02088	0.02783	0.06010	0.60969	0.07212	0.03416	0.01392	0.00443	0.00633	0.03100	0.01012	0.00886
19	0.02190	0.01748	0.02079	0.02104	0.02521	0.01916	0.01743	0.03863	0.25382	0.03852	0.05167	0.08564	0.04938	0.02316	0.01326	0.00442	0.00940	0.26525	0.01052	0.01332
20	0.03150	0.08736	0.23565	0.09547	0.04259	0.02743	0.02849	0.15837	0.03127	0.12227	0.02448	0.02628	0.01716	0.01152	0.01037	0.00332	0.01344	0.00897	0.00762	0.01644
21	0.02059	0.01938	0.03270	0.59060	0.07510	0.02422	0.03028	0.02786	0.02180	0.02786	0.01938	0.02907	0.01453	0.01090	0.01090	0.00363	0.01453	0.00969	0.00484	0.01211
22	0.02915	0.62337	0.05714	0.01866	0.02799	0.04314	0.01866	0.03265	0.02215	0.02565	0.01516	0.01749	0.01399	0.00933	0.00700	0.00233	0.01166	0.00583	0.00466	0.01399

[dist]
# distance from previous block
# <min> <max>
0	1

[block]
# block no. 6 follows, 12 sequences, length 25
# corresponding to MSA columns:
# 362-386
name=unknown_G
#
# <colnr> <probs for GDERKNQSTAVLIFYWHMCP>
#	G	D	E	R	K	N	Q	S	T	A	V	L	I	F	Y	W	H	M	C	P
0	0.02261	0.01938	0.02261	0.01615	0.02584	0.01453	0.01292	0.02745	0.02261	0.03553	0.01938	0.02261	0.01615	0.00807	0.00807	0.00161	0.00807	0.00646	0.00646	0.68346
1	0.01289	0.01105	0.01105	0.01105	0.01473	0.00920	0.00828	0.01565	0.02485	0.02946	0.11046	0.10493	0.54437	0.02761	0.01289	0.00368	0.00552	0.02301	0.01013	0.00920
2	0.01415	0.01425	0.06818	0.01679	0.01900	0.01053	0.01318	0.01714	0.02109	0.02851	0.05599	0.55020	0.06620	0.03175	0.01356	0.00433	0.00732	0.02867	0.00956	0.00959
3	0.01593	0.01097	0.01364	0.01443	0.01518	0.01107	0.00987	0.01751	0.01845	0.02459	0.04143	0.13432	0.04672	0.38874	0.08730	0.00938	0.01163	0.11341	0.00762	0.00782
4	0.01571	0.01114	0.01478	0.01478	0.01578	0.01214	0.01021	0.01771	0.01671	0.02328	0.03171	0.05671	0.03328	0.34203	0.32158	0.01414	0.02014	0.01371	0.00621	0.00821
5	0.08513	0.44820	0.04718	0.01848	0.02742	0.03594	0.01757	0.03695	0.02379	0.13999	0.02107	0.02167	0.01658	0.01027	0.00782	0.00263	0.01090	0.00692	0.00670	0.01479
6	0.02282	0.13020	0.49482	0.02946	0.04469	0.02764	0.03747	0.03429	0.02291	0.03337	0.01899	0.02230	0.01384	0.01022	0.00992	0.00331	0.01553	0.00777	0.00461	0.01584
7	0.01403	0.01050	0.01303	0.01365	0.01575	0.00950	0.00976	0.01740	0.02571	0.03443	0.26081	0.28602	0.19352	0.02800	0.01326	0.00386	0.00568	0.02473	0.01086	0.00950
8	0.02686	0.02055	0.02323	0.01819	0.02633	0.01889	0.01450	0.08445	0.13816	0.08528	0.03617	0.03594	0.07072	0.01237	0.00973	0.00259	0.00846	0.01004	0.00888	0.34868
9	0.01328	0.00949	0.01265	0.01518	0.01581	0.00886	0.01012	0.01518	0.02088	0.02783	0.06010	0.60969	0.07212	0.03416	0.01392	0.00443	0.00633	0.03100	0.01012	0.00886
10	0.01561	0.01154	0.01679	0.01679	0.01848	0.01323	0.01272	0.01900	0.01731	0.02477	0.02988	0.04655	0.02887	0.15142	0.50616	0.01662	0.02678	0.01223	0.00594	0.00933
11	0.02187	0.05640	0.56031	0.03108	0.04719	0.02532	0.04029	0.03453	0.02302	0.03453	0.01957	0.02302	0.01381	0.01036	0.01036	0.00345	0.01611	0.00806	0.00460	0.01611
12	0.04145	0.03054	0.03272	0.02509	0.03381	0.03381	0.02072	0.51243	0.05127	0.06872	0.02618	0.02618	0.01854	0.01309	0.01091	0.00327	0.01200	0.00982	0.01091	0.01854
13	0.02363	0.19324	0.43887	0.02808	0.04256	0.02962	0.03507	0.03408	0.02281	0.03239	0.01850	0.02169	0.01386	0.01011	0.00955	0.00318	0.01504	0.00752	0.00462	0.01560
14	0.01328	0.00949	0.01265	0.01518	0.01581	0.00886	0.01012	0.01518	0.02088	0.02783	0.06010	0.60969	0.07212	0.03416	0.01392	0.00443	0.00633	0.03100	0.01012	0.00886
15	0.02820	0.54957	0.12263	0.02027	0.03049	0.04082	0.02147	0.03289	0.02227	0.02681	0.01573	0.01821	0.01397	0.00946	0.00743	0.00248	0.01224	0.00612	0.00466	0.01427
16	0.02915	0.62337	0.05714	0.01866	0.02799	0.04314	0.01866	0.03265	0.02215	0.02565	0.01516	0.01749	0.01399	0.00933	0.00700	0.00233	0.01166	0.00583	0.00466	0.01399
17	0.03638	0.04472	0.03154	0.02823	0.03240	0.43390	0.02179	0.03908	0.02724	0.02657	0.01620	0.02074	0.01411	0.01326	0.01652	0.00331	0.16848	0.00767	0.00540	0.01246
18	0.69383	0.02109	0.01603	0.01434	0.02109	0.02446	0.01181	0.03205	0.01856	0.04892	0.01518	0.01771	0.01181	0.01012	0.00675	0.00337	0.00843	0.00590	0.00675	0.01181
19	0.02250	0.01770	0.05642	0.01693	0.02169	0.01532	0.01421	0.10075	0.03217	0.08060	0.31554	0.09923	0.06989	0.01945	0.01189	0.00340	0.00736	0.01675	0.06575	0.01245
20	0.03602	0.02199	0.02515	0.02062	0.02735	0.02302	0.01704	0.26335	0.03849	0.16107	0.03577	0.04461	0.02816	0.01551	0.01094	0.00341	0.00996	0.07576	0.12586	0.01591
21	0.03230	0.02528	0.03512	0.11565	0.04123	0.02776	0.09447	0.24764	0.03583	0.08392	0.02791	0.08250	0.02290	0.01465	0.01347	0.00362	0.05916	0.01230	0.00877	0.01553
22	0.01429	0.01024	0.01365	0.01523	0.01658	0.00961	0.01087	0.01739	0.02408	0.03275	0.19560	0.41551	0.07988	0.03044	0.01373	0.00420	0.00634	0.06957	0.01064	0.00937
23	0.08689	0.02363	0.02568	0.02132	0.02836	0.02584	0.01711	0.18939	0.22659	0.13142	0.07717	0.03726	0.03185	0.01432	0.01082	0.00347	0.00945	0.01145	0.01114	0.01684
24	0.02066	0.01194	0.01587	0.01517	0.01817	0.01086	0.01125	0.02464	0.02786	0.12897	0.30685	0.23584	0.08009	0.02439	0.01285	0.00373	0.00623	0.02164	0.01169	0.01130

[dist]
# distance from previous block
# <min> <max>
0	8

[block]
# block no. 7 follows, 12 sequences, length 40
# corresponding to MSA columns:
# 395-434
name=unknown_H
#
# <colnr> <probs for GDERKNQSTAVLIFYWHMCP>
#	G	D	E	R	K	N	Q	S	T	A	V	L	I	F	Y	W	H	M	C	P
0	0.02920	0.02517	0.04235	0.06213	0.49626	0.02491	0.03170	0.03545	0.02547	0.08813	0.02278	0.02801	0.01825	0.01010	0.01081	0.00325	0.01258	0.00984	0.00621	0.01740
1	0.01477	0.01087	0.01388	0.01409	0.01640	0.00999	0.01047	0.01888	0.02750	0.03758	0.34634	0.20028	0.15511	0.02610	0.01324	0.00379	0.00579	0.05389	0.01120	0.00981
2	0.02059	0.01938	0.03270	0.59060	0.07510	0.02422	0.03028	0.02786	0.02180	0.02786	0.01938	0.02907	0.01453	0.01090	0.01090	0.00363	0.01453	0.00969	0.00484	0.01211
3	0.01543	0.01115	0.01457	0.01372	0.01629	0.01029	0.01029	0.02058	0.03086	0.04372	0.54304	0.08145	0.10288	0.02229	0.01286	0.00343	0.00514	0.01972	0.01200	0.01029
4	0.01890	0.01407	0.01856	0.02037	0.02339	0.01458	0.01753	0.02752	0.09537	0.03444	0.05587	0.11152	0.05864	0.02798	0.01451	0.00484	0.00984	0.41084	0.01019	0.01105
5	0.02251	0.02454	0.09758	0.01823	0.02882	0.01604	0.01674	0.02844	0.02267	0.03539	0.01941	0.02267	0.01582	0.00839	0.00839	0.00187	0.00920	0.00668	0.00620	0.59042
6	0.02513	0.02603	0.08610	0.33425	0.17863	0.02606	0.03066	0.09738	0.02674	0.03603	0.02061	0.02759	0.01567	0.01087	0.01082	0.00347	0.01396	0.00956	0.00580	0.01461
7	0.02033	0.01016	0.01016	0.01016	0.01270	0.01016	0.00762	0.02541	0.02287	0.04065	0.03557	0.04065	0.02795	0.01270	0.00762	0.00254	0.00508	0.01016	0.67734	0.01016
8	0.01894	0.00947	0.01420	0.01420	0.01420	0.00947	0.00947	0.01420	0.01420	0.01894	0.01894	0.03314	0.01894	0.03788	0.04261	0.68277	0.00947	0.00947	0.00473	0.00473
9	0.01522	0.01080	0.01434	0.01485	0.01578	0.01146	0.01018	0.01719	0.01756	0.02421	0.03753	0.16986	0.04125	0.28010	0.25765	0.01214	0.01728	0.01726	0.00701	0.00834
10	0.01851	0.01166	0.01539	0.01449	0.01739	0.01067	0.01084	0.02311	0.02951	0.09320	0.42528	0.15062	0.09094	0.02306	0.01282	0.00356	0.00573	0.02041	0.01189	0.01092
11	0.01328	0.00949	0.01265	0.01518	0.01581	0.00886	0.01012	0.01518	0.02088	0.02783	0.06010	0.60969	0.07212	0.03416	0.01392	0.00443	0.00633	0.03100	0.01012	0.00886
12	0.01367	0.00977	0.01310	0.01563	0.01643	0.00919	0.01079	0.01585	0.02126	0.02827	0.05988	0.56568	0.07127	0.03379	0.01402	0.00448	0.00666	0.07118	0.01011	0.00896
13	0.02059	0.01938	0.03270	0.59060	0.07510	0.02422	0.03028	0.02786	0.02180	0.02786	0.01938	0.02907	0.01453	0.01090	0.01090	0.00363	0.01453	0.00969	0.00484	0.01211
14	0.01687	0.01272	0.01573	0.01527	0.01537	0.01428	0.01011	0.01756	0.01674	0.02301	0.03465	0.14196	0.04001	0.42786	0.04599	0.00867	0.11158	0.01698	0.00680	0.00786
15	0.01894	0.00947	0.01420	0.01420	0.01420	0.00947	0.00947	0.01420	0.01420	0.01894	0.01894	0.03314	0.01894	0.03788	0.04261	0.68277	0.00947	0.00947	0.00473	0.00473
16	0.01415	0.01025	0.01352	0.01562	0.01694	0.00963	0.01129	0.01689	0.02263	0.02993	0.09834	0.44970	0.10773	0.03212	0.01396	0.00440	0.00682	0.10663	0.01024	0.00919
17	0.02055	0.01809	0.02956	0.50968	0.06640	0.02226	0.02712	0.02752	0.02195	0.02964	0.02164	0.03068	0.01640	0.01115	0.01044	0.00348	0.01322	0.00976	0.09860	0.01184
18	0.01543	0.01115	0.01457	0.01372	0.01629	0.01029	0.01029	0.02058	0.03086	0.04372	0.54304	0.08145	0.10288	0.02229	0.01286	0.00343	0.00514	0.01972	0.01200	0.01029
19	0.02915	0.62337	0.05714	0.01866	0.02799	0.04314	0.01866	0.03265	0.02215	0.02565	0.01516	0.01749	0.01399	0.00933	0.00700	0.00233	0.01166	0.00583	0.00466	0.01399
20	0.54024	0.02098	0.01988	0.11018	0.03046	0.02499	0.01562	0.03099	0.01897	0.04401	0.01582	0.01997	0.01242	0.01082	0.00928	0.00351	0.04692	0.00676	0.00631	0.01187
21	0.01877	0.01321	0.01592	0.01459	0.01784	0.01307	0.01112	0.05926	0.06375	0.04522	0.40152	0.06903	0.08167	0.01978	0.01186	0.00331	0.00586	0.01717	0.10571	0.01132
22	0.01523	0.01059	0.01418	0.01653	0.01794	0.01022	0.01252	0.01842	0.02246	0.03034	0.05764	0.40411	0.06594	0.03133	0.01389	0.00451	0.00752	0.18256	0.05473	0.00935
23	0.01447	0.01098	0.01332	0.01301	0.01577	0.00983	0.00965	0.01861	0.02818	0.03800	0.36927	0.13252	0.23680	0.02492	0.01296	0.00359	0.00536	0.02167	0.01127	0.00983
24	0.02059	0.01938	0.03270	0.59060	0.07510	0.02422	0.03028	0.02786	0.02180	0.02786	0.01938	0.02907	0.01453	0.01090	0.01090	0.00363	0.01453	0.00969	0.00484	0.01211
25	0.01721	0.01242	0.01545	0.01656	0.01832	0.01234	0.01160	0.08451	0.02511	0.03353	0.05537	0.52834	0.06465	0.03122	0.01350	0.00427	0.00712	0.02804	0.01023	0.01021
26	0.01973	0.01794	0.02960	0.48969	0.06474	0.02212	0.02681	0.02610	0.02092	0.02708	0.02151	0.03374	0.01775	0.06575	0.06847	0.00552	0.01563	0.01037	0.00508	0.01145
27	0.02240	0.05307	0.50630	0.03018	0.04529	0.02550	0.03796	0.03689	0.07405	0.03565	0.02207	0.02480	0.01578	0.01081	0.01043	0.00348	0.01536	0.00849	0.00526	0.01623
28	0.02712	0.02342	0.02465	0.02219	0.02835	0.02712	0.01726	0.05794	0.52909	0.04561	0.04438	0.04068	0.03328	0.01479	0.01109	0.00370	0.00863	0.01233	0.01109	0.01726
29	0.02059	0.01938	0.03270	0.59060	0.07510	0.02422	0.03028	0.02786	0.02180	0.02786	0.01938	0.02907	0.01453	0.01090	0.01090	0.00363	0.01453	0.00969	0.00484	0.01211
30	0.01416	0.01005	0.01318	0.01470	0.01555	0.00975	0.00988	0.01625	0.02071	0.02806	0.10146	0.41063	0.06540	0.13641	0.07461	0.00663	0.00912	0.02544	0.00930	0.00870
31	0.01664	0.01070	0.01220	0.01244	0.01303	0.01070	0.00780	0.01783	0.01772	0.02496	0.03677	0.07203	0.04023	0.47625	0.04494	0.00892	0.00975	0.05919	0.10045	0.00743
32	0.02368	0.01334	0.01564	0.01425	0.01692	0.01475	0.01124	0.02821	0.02260	0.08767	0.03260	0.03740	0.02549	0.01389	0.01282	0.00301	0.10807	0.01013	0.49700	0.01127
33	0.02735	0.21126	0.04479	0.23745	0.09239	0.02994	0.08886	0.03332	0.02363	0.08204	0.02088	0.02611	0.01611	0.01034	0.00993	0.00317	0.01348	0.00903	0.00579	0.01413
34	0.01706	0.01353	0.01735	0.01689	0.01765	0.01544	0.01230	0.01875	0.01842	0.02514	0.04215	0.14173	0.08551	0.27117	0.07212	0.00785	0.13579	0.05511	0.00726	0.00878
35	0.02741	0.26789	0.04110	0.15812	0.09064	0.03050	0.02184	0.03446	0.06408	0.07824	0.06531	0.03009	0.02453	0.01162	0.00947	0.00302	0.01147	0.00926	0.00670	0.01424
36	0.12854	0.08487	0.07445	0.14281	0.07722	0.02554	0.05396	0.06545	0.07050	0.08734	0.02657	0.07026	0.02175	0.01285	0.01020	0.00344	0.01177	0.01076	0.00735	0.01437
37	0.15174	0.01889	0.02265	0.09631	0.03143	0.01767	0.01550	0.03254	0.02398	0.13332	0.06446	0.02993	0.02398	0.01097	0.00913	0.00269	0.00903	0.00869	0.00802	0.28907
38	0.08515	0.11945	0.18281	0.10222	0.03941	0.02675	0.02520	0.06393	0.02371	0.03553	0.01853	0.02277	0.01458	0.01065	0.01109	0.00303	0.05574	0.00768	0.00565	0.14609
39	0.19259	0.16780	0.03503	0.07099	0.10347	0.03021	0.02002	0.11023	0.06437	0.07751	0.02204	0.02420	0.01699	0.01098	0.00896	0.00313	0.01095	0.00815	0.00734	0.01503

[dist]
# distance from previous block
# <min> <max>
5	51

[block]
# block no. 8 follows, 12 sequences, length 37
# corresponding to MSA columns:
# 495-531
name=unknown_I
#
# <colnr> <probs for GDERKNQSTAVLIFYWHMCP>
#	G	D	E	R	K	N	Q	S	T	A	V	L	I	F	Y	W	H	M	C	P
0	0.02465	0.01950	0.02181	0.01914	0.02424	0.02122	0.01493	0.11885	0.24070	0.04871	0.24945	0.05525	0.05985	0.01764	0.01180	0.00351	0.00774	0.01499	0.01144	0.01457
1	0.02882	0.02301	0.03814	0.19626	0.23988	0.02405	0.07373	0.03748	0.06848	0.12195	0.02619	0.03067	0.01947	0.01106	0.01108	0.00345	0.01291	0.01044	0.00711	0.01583
2	0.01843	0.01490	0.02208	0.16896	0.03401	0.01807	0.01815	0.02293	0.01970	0.02858	0.02919	0.10456	0.02763	0.03903	0.20437	0.00842	0.09683	0.01298	0.10060	0.01062
3	0.02229	0.01868	0.02843	0.24008	0.04403	0.02193	0.06244	0.05875	0.02295	0.03291	0.02445	0.03537	0.02060	0.08052	0.01887	0.00432	0.09358	0.01074	0.14735	0.01171
4	0.02187	0.05640	0.56031	0.03108	0.04719	0.02532	0.04029	0.03453	0.02302	0.03453	0.01957	0.02302	0.01381	0.01036	0.01036	0.00345	0.01611	0.00806	0.00460	0.01611
5	0.43558	0.03466	0.22520	0.02077	0.03112	0.02479	0.02275	0.03300	0.02027	0.04339	0.01687	0.01975	0.01258	0.01021	0.00814	0.00340	0.01139	0.00673	0.00592	0.01346
6	0.02907	0.02459	0.02730	0.02611	0.07014	0.02794	0.01901	0.11818	0.42397	0.04798	0.04001	0.03762	0.03000	0.01416	0.01105	0.00360	0.00943	0.01178	0.01062	0.01744
7	0.01671	0.01056	0.01303	0.01331	0.01359	0.01056	0.00846	0.01626	0.01654	0.02196	0.03365	0.06890	0.03777	0.42583	0.04817	0.15513	0.01027	0.06613	0.00659	0.00659
8	0.03778	0.08967	0.15485	0.02511	0.03539	0.06496	0.05572	0.10029	0.03049	0.25324	0.02961	0.02888	0.02005	0.01187	0.01048	0.00326	0.01278	0.00950	0.00919	0.01686
9	0.14550	0.11497	0.11048	0.02622	0.03615	0.02536	0.13382	0.03982	0.02537	0.20085	0.02618	0.02727	0.01831	0.01089	0.01004	0.00330	0.01254	0.00941	0.00800	0.01552
10	0.01328	0.00949	0.01265	0.01518	0.01581	0.00886	0.01012	0.01518	0.02088	0.02783	0.06010	0.60969	0.07212	0.03416	0.01392	0.00443	0.00633	0.03100	0.01012	0.00886
11	0.02435	0.02085	0.03358	0.38310	0.12019	0.02528	0.02835	0.03043	0.02211	0.07392	0.02069	0.02862	0.01590	0.01237	0.01512	0.00376	0.11272	0.00978	0.00564	0.01326
12	0.04354	0.09174	0.02904	0.01976	0.02785	0.02025	0.01679	0.08024	0.03103	0.41702	0.03965	0.04079	0.02767	0.01428	0.01081	0.00337	0.00981	0.04704	0.01198	0.01733
13	0.03416	0.01899	0.02916	0.31706	0.05246	0.02030	0.02345	0.03996	0.02631	0.28095	0.03070	0.03292	0.02050	0.01214	0.01093	0.00351	0.01202	0.01030	0.00899	0.01520
14	0.69383	0.02109	0.01603	0.01434	0.02109	0.02446	0.01181	0.03205	0.01856	0.04892	0.01518	0.01771	0.01181	0.01012	0.00675	0.00337	0.00843	0.00590	0.00675	0.01181
15	0.04892	0.01856	0.02530	0.01940	0.02783	0.01603	0.01603	0.05314	0.03121	0.55634	0.04302	0.03711	0.02699	0.01350	0.01096	0.00337	0.00928	0.01096	0.01350	0.01856
16	0.02488	0.02072	0.02383	0.01723	0.02680	0.01686	0.01386	0.08585	0.02606	0.03953	0.02020	0.02304	0.01644	0.00868	0.00842	0.00181	0.00855	0.00686	0.00700	0.60340
17	0.02830	0.14091	0.02843	0.06631	0.02773	0.02319	0.01547	0.07252	0.08619	0.10876	0.03004	0.03542	0.02416	0.07981	0.01434	0.00374	0.00963	0.00995	0.13180	0.06332
18	0.02506	0.25506	0.32051	0.02565	0.03822	0.03189	0.02998	0.03649	0.07959	0.03261	0.02078	0.02303	0.01607	0.01049	0.00924	0.00308	0.01368	0.00774	0.00536	0.01549
19	0.36655	0.02005	0.01992	0.01599	0.02391	0.01988	0.01308	0.03575	0.02257	0.16352	0.02277	0.02352	0.01649	0.01037	0.00808	0.00291	0.00854	0.00723	0.00824	0.19063
20	0.13706	0.02129	0.02453	0.02322	0.08853	0.02019	0.01611	0.03529	0.12752	0.03989	0.02401	0.02607	0.01912	0.01001	0.00881	0.00254	0.00884	0.00798	0.00734	0.35164
21	0.03885	0.02459	0.04146	0.03049	0.03997	0.02323	0.20629	0.11758	0.03222	0.28010	0.03234	0.03245	0.02166	0.01178	0.01169	0.00347	0.01320	0.01152	0.01003	0.01707
22	0.01560	0.01158	0.01699	0.01699	0.01875	0.01334	0.01296	0.01913	0.01736	0.02491	0.02970	0.04556	0.02844	0.13291	0.52409	0.01686	0.02742	0.01208	0.00591	0.00944
23	0.03687	0.02155	0.02911	0.02843	0.12934	0.01955	0.01913	0.09415	0.02995	0.26278	0.03051	0.03009	0.02129	0.01128	0.01016	0.00287	0.00998	0.00940	0.00977	0.19377
24	0.03018	0.57242	0.05480	0.01950	0.02850	0.09039	0.01887	0.03362	0.02293	0.02575	0.01531	0.01768	0.01400	0.00950	0.00725	0.00237	0.01237	0.00594	0.00475	0.01387
25	0.16263	0.01908	0.02343	0.01823	0.02647	0.01742	0.01502	0.04733	0.02826	0.42417	0.03616	0.03249	0.02341	0.01246	0.00998	0.00324	0.00903	0.00970	0.01173	0.06977
26	0.02762	0.50454	0.16259	0.02126	0.03201	0.03941	0.02319	0.03304	0.02234	0.02751	0.01608	0.01865	0.01395	0.00954	0.00770	0.00257	0.01259	0.00630	0.00465	0.01444
27	0.03866	0.02973	0.12120	0.02572	0.03564	0.02452	0.06867	0.18150	0.06538	0.24648	0.03228	0.03106	0.02171	0.01252	0.01104	0.00341	0.01205	0.01041	0.01034	0.01769
28	0.04892	0.01856	0.02530	0.01940	0.02783	0.01603	0.01603	0.05314	0.03121	0.55634	0.04302	0.03711	0.02699	0.01350	0.01096	0.00337	0.00928	0.01096	0.01350	0.01856
29	0.10166	0.02305	0.02715	0.02099	0.02939	0.02309	0.01734	0.21511	0.03727	0.33887	0.03462	0.03155	0.02267	0.01306	0.01058	0.00334	0.01018	0.01012	0.01199	0.01797
30	0.03935	0.02647	0.03632	0.02742	0.03633	0.02715	0.11568	0.25709	0.07609	0.19547	0.03138	0.03092	0.02158	0.01256	0.01132	0.00341	0.01226	0.01092	0.01057	0.01769
31	0.02518	0.01336	0.01739	0.01512	0.01957	0.01189	0.01178	0.02978	0.03029	0.19575	0.34457	0.07080	0.12976	0.02025	0.01230	0.00344	0.00643	0.01747	0.01224	0.01264
32	0.01392	0.00976	0.01246	0.01437	0.01485	0.00928	0.00926	0.01535	0.01964	0.02619	0.05375	0.47707	0.06412	0.17769	0.02416	0.00594	0.00737	0.02727	0.00926	0.00830
33	0.02331	0.01841	0.03074	0.02559	0.03084	0.01777	0.15102	0.08040	0.02686	0.08018	0.04407	0.29538	0.04604	0.02276	0.01312	0.00405	0.01086	0.05690	0.00921	0.01250
34	0.04892	0.01856	0.02530	0.01940	0.02783	0.01603	0.01603	0.05314	0.03121	0.55634	0.04302	0.03711	0.02699	0.01350	0.01096	0.00337	0.00928	0.01096	0.01350	0.01856
35	0.10816	0.01484	0.01798	0.01541	0.02059	0.01381	0.01219	0.03241	0.02882	0.21603	0.26183	0.06143	0.11588	0.01845	0.01149	0.00343	0.00698	0.01547	0.01166	0.01314
36	0.29677	0.01953	0.02174	0.01745	0.02524	0.01927	0.01440	0.04503	0.02635	0.36133	0.03232	0.02966	0.02116	0.01220	0.00934	0.00337	0.00895	0.00902	0.01090	0.01596

[dist]
# distance from previous block
# <min> <max>
0	2

[block]
# block no. 9 follows, 12 sequences, length 12
# corresponding to MSA columns:
# 534-545
name=unknown_J
#
# <colnr> <probs for GDERKNQSTAVLIFYWHMCP>
#	G	D	E	R	K	N	Q	S	T	A	V	L	I	F	Y	W	H	M	C	P
0	0.61491	0.01981	0.01534	0.01385	0.02010	0.02278	0.01132	0.03127	0.01906	0.04795	0.01757	0.02040	0.01370	0.01042	0.00685	0.00328	0.00804	0.00640	0.08532	0.01162
1	0.01785	0.02099	0.11420	0.01798	0.02430	0.01368	0.01634	0.02320	0.02395	0.03466	0.14868	0.22695	0.05317	0.02013	0.01145	0.00326	0.00830	0.01768	0.00855	0.19468
2	0.02258	0.01839	0.02385	0.07031	0.09397	0.01964	0.01760	0.08775	0.14033	0.04190	0.17616	0.14966	0.05398	0.01916	0.01201	0.00364	0.00869	0.01686	0.00991	0.01358
3	0.02135	0.06215	0.08422	0.13297	0.03355	0.01937	0.01947	0.02642	0.02196	0.06292	0.03411	0.18884	0.03335	0.01842	0.01333	0.00364	0.06927	0.01522	0.12761	0.01183
4	0.01739	0.01336	0.01674	0.01689	0.01941	0.01429	0.01276	0.02553	0.11225	0.03151	0.08863	0.14435	0.08319	0.11197	0.17743	0.00869	0.01404	0.07213	0.00881	0.01063
5	0.02478	0.03536	0.23475	0.11782	0.07768	0.02455	0.05981	0.11718	0.02940	0.04114	0.10112	0.03414	0.02881	0.01265	0.01111	0.00345	0.01339	0.01083	0.00702	0.01502
6	0.02737	0.02034	0.02303	0.05813	0.02840	0.06488	0.01713	0.03833	0.15999	0.12772	0.04170	0.14870	0.03788	0.02329	0.04641	0.00471	0.04697	0.06161	0.00968	0.01374
7	0.02268	0.03266	0.19341	0.10888	0.04229	0.02586	0.05967	0.02978	0.02101	0.03123	0.01805	0.02449	0.01467	0.01263	0.01801	0.00357	0.19318	0.00878	0.00508	0.13407
8	0.03058	0.02626	0.09709	0.08133	0.17481	0.02130	0.07408	0.03724	0.02570	0.16809	0.02602	0.02874	0.01886	0.01051	0.01052	0.00308	0.01218	0.00957	0.00754	0.13649
9	0.01574	0.01182	0.01533	0.01625	0.01885	0.01055	0.01198	0.01873	0.02195	0.03009	0.05235	0.41581	0.06036	0.02874	0.01307	0.00403	0.00731	0.10730	0.00945	0.13029
10	0.02485	0.02679	0.08157	0.09061	0.10229	0.02439	0.14383	0.03889	0.16065	0.03726	0.02696	0.03039	0.02066	0.01084	0.01088	0.00324	0.01268	0.01048	0.00704	0.13571
11	0.02011	0.01173	0.01511	0.01498	0.01791	0.01052	0.01094	0.02329	0.02559	0.12662	0.17350	0.31055	0.14326	0.02677	0.01299	0.00390	0.00647	0.02363	0.01115	0.01097

[dist]
# distance from previous block
# <min> <max>
0	258

# created by:
# /st0/software/busco_prod/Augustus/scripts/msa2prfl.pl ./align_prep/9749.fa
