[name]
unknown

[dist]
# distance from previous block
# <min> <max>
0	76

[block]
# block no. 0 follows, 11 sequences, length 15
# corresponding to MSA columns:
# 88-102
name=unknown_A
#
# <colnr> <probs for GDERKNQSTAVLIFYWHMCP>
#	G	D	E	R	K	N	Q	S	T	A	V	L	I	F	Y	W	H	M	C	P
0	0.02977	0.13481	0.07688	0.08935	0.03527	0.11199	0.02170	0.03514	0.02720	0.10911	0.07337	0.05161	0.03470	0.01648	0.01136	0.00359	0.01288	0.10292	0.00817	0.01372
1	0.03050	0.40655	0.04885	0.02141	0.02959	0.03999	0.01970	0.08246	0.10646	0.03426	0.02166	0.02346	0.01822	0.01182	0.01091	0.00295	0.06154	0.00786	0.00655	0.01527
2	0.68395	0.02177	0.01654	0.01480	0.02177	0.02525	0.01219	0.03309	0.01915	0.05050	0.01567	0.01828	0.01219	0.01045	0.00697	0.00348	0.00871	0.00609	0.00697	0.01219
3	0.03078	0.03447	0.02541	0.02510	0.02939	0.30187	0.02005	0.03476	0.02908	0.03044	0.03728	0.07055	0.03819	0.02078	0.01269	0.00397	0.01562	0.21985	0.00795	0.01178
4	0.01632	0.01110	0.01324	0.01324	0.01357	0.01143	0.00802	0.01698	0.01665	0.02254	0.03458	0.06879	0.03881	0.51849	0.14035	0.01210	0.01409	0.01566	0.00669	0.00735
5	0.04279	0.03153	0.03378	0.02590	0.03490	0.03490	0.02139	0.49671	0.05292	0.07093	0.02702	0.02702	0.01914	0.01351	0.01126	0.00338	0.01239	0.01013	0.01126	0.01914
6	0.01655	0.01311	0.01429	0.01385	0.01750	0.01205	0.01036	0.06341	0.02838	0.03585	0.14697	0.17827	0.35368	0.02750	0.01328	0.00386	0.00644	0.02338	0.01076	0.01051
7	0.02657	0.03036	0.06641	0.04744	0.05882	0.02846	0.49336	0.03605	0.02657	0.03605	0.02277	0.03036	0.01708	0.00949	0.01328	0.00380	0.01898	0.01328	0.00569	0.01518
8	0.01593	0.01150	0.01504	0.01416	0.01681	0.01062	0.01062	0.02124	0.03186	0.04513	0.52830	0.08407	0.10620	0.02301	0.01327	0.00354	0.00531	0.02035	0.01239	0.01062
9	0.01371	0.00979	0.01306	0.01567	0.01632	0.00914	0.01045	0.01567	0.02155	0.02873	0.06203	0.59710	0.07444	0.03526	0.01437	0.00457	0.00653	0.03200	0.01045	0.00914
10	0.03153	0.03611	0.17956	0.02757	0.03798	0.02871	0.06260	0.21959	0.11240	0.05186	0.02852	0.02999	0.02080	0.01263	0.01100	0.00347	0.01296	0.01030	0.06525	0.01716
11	0.02741	0.03112	0.12448	0.16337	0.29883	0.02727	0.03344	0.08930	0.02797	0.03904	0.02147	0.02753	0.01681	0.01081	0.01111	0.00347	0.01413	0.00975	0.00600	0.01668
12	0.05050	0.01915	0.02612	0.02003	0.02873	0.01654	0.01654	0.05485	0.03221	0.54203	0.04440	0.03831	0.02786	0.01393	0.01132	0.00348	0.00958	0.01132	0.01393	0.01915
13	0.01371	0.00979	0.01306	0.01567	0.01632	0.00914	0.01045	0.01567	0.02155	0.02873	0.06203	0.59710	0.07444	0.03526	0.01437	0.00457	0.00653	0.03200	0.01045	0.00914
14	0.02716	0.14363	0.31891	0.03527	0.12393	0.03042	0.03420	0.09078	0.02744	0.03853	0.02041	0.02386	0.01547	0.01074	0.01025	0.00331	0.01480	0.00843	0.00568	0.01676

[dist]
# distance from previous block
# <min> <max>
0	1

[block]
# block no. 1 follows, 11 sequences, length 13
# corresponding to MSA columns:
# 104-116
name=unknown_B
#
# <colnr> <probs for GDERKNQSTAVLIFYWHMCP>
#	G	D	E	R	K	N	Q	S	T	A	V	L	I	F	Y	W	H	M	C	P
0	0.02056	0.01600	0.01822	0.01674	0.02085	0.01629	0.01277	0.08337	0.11946	0.04387	0.24833	0.12745	0.16599	0.02286	0.01282	0.00373	0.00701	0.01965	0.01149	0.01256
1	0.01807	0.01043	0.01427	0.01427	0.01450	0.01066	0.00929	0.01588	0.01564	0.02109	0.02614	0.04863	0.02773	0.23409	0.10940	0.37327	0.01256	0.01226	0.00567	0.00615
2	0.36230	0.03226	0.03202	0.02604	0.03370	0.16888	0.12445	0.03694	0.02425	0.04106	0.01775	0.02158	0.01392	0.01054	0.00926	0.00340	0.01415	0.00804	0.00636	0.01310
3	0.01399	0.01001	0.01331	0.01548	0.01639	0.00933	0.01047	0.01637	0.02284	0.03078	0.12022	0.53309	0.07840	0.03373	0.01423	0.00444	0.00638	0.03054	0.01069	0.00933
4	0.02811	0.09952	0.04753	0.03688	0.10277	0.02889	0.20037	0.09418	0.09212	0.04177	0.08489	0.03593	0.02984	0.01241	0.01177	0.00349	0.01369	0.01234	0.00779	0.01571
5	0.02088	0.01222	0.01532	0.01489	0.01816	0.01131	0.01150	0.02537	0.02775	0.10147	0.22094	0.14226	0.11694	0.02310	0.01244	0.00371	0.00662	0.07098	0.13281	0.01133
6	0.01844	0.01523	0.02048	0.15188	0.03327	0.01625	0.01669	0.02716	0.08836	0.03814	0.24296	0.07270	0.14383	0.02067	0.01272	0.00378	0.00852	0.04715	0.01002	0.01177
7	0.02828	0.02248	0.02582	0.01962	0.02833	0.02087	0.01585	0.16815	0.03158	0.04566	0.02338	0.02704	0.01884	0.01936	0.07785	0.00423	0.01227	0.00838	0.00797	0.39403
8	0.02167	0.01266	0.01665	0.01577	0.01898	0.01200	0.01177	0.02524	0.02549	0.12661	0.17313	0.16026	0.11604	0.08394	0.12011	0.00710	0.01152	0.01924	0.01044	0.01138
9	0.06367	0.07504	0.09028	0.02642	0.08063	0.02596	0.02062	0.09580	0.17459	0.04137	0.03378	0.08490	0.02973	0.08856	0.01668	0.00450	0.01102	0.01278	0.00855	0.01512
10	0.12038	0.02760	0.03222	0.02948	0.09444	0.03036	0.02155	0.28720	0.03976	0.11911	0.02602	0.02724	0.01883	0.01326	0.01284	0.00353	0.05906	0.00974	0.00982	0.01755
11	0.02625	0.10288	0.12718	0.12811	0.04457	0.02721	0.07307	0.07539	0.08729	0.03794	0.02361	0.02736	0.01812	0.01088	0.01030	0.00311	0.01300	0.00923	0.00668	0.14782
12	0.02808	0.08956	0.26147	0.03182	0.09746	0.02727	0.03032	0.04336	0.14717	0.09003	0.02881	0.02981	0.02112	0.01200	0.01070	0.00349	0.01320	0.00973	0.00747	0.01714

[dist]
# distance from previous block
# <min> <max>
3	12

[block]
# block no. 2 follows, 11 sequences, length 19
# corresponding to MSA columns:
# 129-147
name=unknown_C
#
# <colnr> <probs for GDERKNQSTAVLIFYWHMCP>
#	G	D	E	R	K	N	Q	S	T	A	V	L	I	F	Y	W	H	M	C	P
0	0.03227	0.04203	0.24139	0.03298	0.04509	0.09689	0.14900	0.04116	0.02741	0.14412	0.02571	0.02812	0.01795	0.01121	0.01142	0.00352	0.01620	0.01009	0.00712	0.01632
1	0.02820	0.02478	0.06361	0.07080	0.10223	0.06192	0.06315	0.03557	0.05888	0.11932	0.07314	0.12523	0.03581	0.01616	0.01173	0.00352	0.01166	0.01443	0.00870	0.07117
2	0.20286	0.01978	0.02382	0.01877	0.02706	0.01864	0.01550	0.04962	0.02907	0.42380	0.03749	0.03349	0.02409	0.01309	0.01027	0.00348	0.00937	0.01006	0.01226	0.01748
3	0.01634	0.01101	0.01277	0.01277	0.01295	0.01118	0.00744	0.01669	0.01652	0.02219	0.03501	0.07113	0.03982	0.55988	0.10036	0.01153	0.01256	0.01600	0.00675	0.00710
4	0.01645	0.11048	0.02021	0.01451	0.01802	0.01528	0.01120	0.01929	0.02415	0.03029	0.11086	0.27278	0.24195	0.02744	0.01268	0.00383	0.00703	0.02360	0.00967	0.01028
5	0.02039	0.01198	0.01297	0.01222	0.01580	0.01106	0.00913	0.02515	0.02328	0.03929	0.03737	0.11408	0.03300	0.01532	0.00883	0.00273	0.00593	0.01277	0.46828	0.12043
6	0.03771	0.04664	0.02910	0.02653	0.03181	0.46810	0.01990	0.04101	0.03189	0.03047	0.10229	0.03089	0.02974	0.01349	0.01067	0.00301	0.01781	0.00943	0.00689	0.01264
7	0.02340	0.01835	0.01796	0.01848	0.02107	0.10155	0.01315	0.02584	0.02471	0.09808	0.05223	0.42555	0.05817	0.02844	0.01325	0.00415	0.00923	0.02508	0.01015	0.01115
8	0.02820	0.13013	0.17645	0.03207	0.04186	0.03266	0.13483	0.10413	0.02740	0.03793	0.02000	0.02502	0.01578	0.01249	0.01610	0.00368	0.13012	0.00967	0.00601	0.01546
9	0.02376	0.04995	0.40381	0.03664	0.05171	0.02683	0.17561	0.03577	0.02459	0.03577	0.02096	0.02572	0.01509	0.01034	0.01146	0.00363	0.01733	0.00979	0.00503	0.01620
10	0.02462	0.02462	0.03447	0.02955	0.02955	0.03447	0.02462	0.02709	0.01724	0.02709	0.01477	0.02462	0.01477	0.01970	0.03694	0.00492	0.58385	0.00985	0.00492	0.01231
11	0.01955	0.00978	0.01466	0.01466	0.01466	0.00978	0.00978	0.01466	0.01466	0.01955	0.01955	0.03421	0.01955	0.03910	0.04399	0.67253	0.00978	0.00978	0.00489	0.00489
12	0.01632	0.01110	0.01324	0.01324	0.01358	0.01144	0.00802	0.01699	0.01665	0.02254	0.03458	0.06876	0.03880	0.51804	0.14079	0.01210	0.01411	0.01565	0.00669	0.00736
13	0.04004	0.02149	0.02581	0.02136	0.02898	0.02187	0.01713	0.05716	0.25613	0.31195	0.04506	0.04002	0.03088	0.01455	0.01138	0.00364	0.00927	0.01197	0.01278	0.01853
14	0.01418	0.01057	0.01320	0.01438	0.01621	0.00959	0.01008	0.01717	0.02501	0.03320	0.19007	0.36379	0.17991	0.03074	0.01386	0.00415	0.00605	0.02731	0.01094	0.00959
15	0.02126	0.02001	0.03376	0.57739	0.07752	0.02501	0.03126	0.02876	0.02251	0.02876	0.02001	0.03001	0.01500	0.01125	0.01125	0.00375	0.01500	0.01000	0.00500	0.01250
16	0.02297	0.02719	0.10801	0.37457	0.14517	0.02575	0.07455	0.03127	0.02354	0.03163	0.02047	0.02885	0.01554	0.01082	0.01134	0.00366	0.01532	0.01007	0.00512	0.01416
17	0.01678	0.01303	0.01680	0.06008	0.02287	0.01297	0.01313	0.02353	0.06742	0.03834	0.27716	0.16914	0.14186	0.02488	0.01333	0.00392	0.00703	0.05581	0.01098	0.01094
18	0.07912	0.12409	0.20473	0.14535	0.04548	0.02815	0.02882	0.03539	0.02351	0.09920	0.02177	0.02579	0.01611	0.01186	0.01242	0.00353	0.06481	0.00868	0.00620	0.01499

[dist]
# distance from previous block
# <min> <max>
0	23

[block]
# block no. 3 follows, 11 sequences, length 13
# corresponding to MSA columns:
# 171-183
name=unknown_D
#
# <colnr> <probs for GDERKNQSTAVLIFYWHMCP>
#	G	D	E	R	K	N	Q	S	T	A	V	L	I	F	Y	W	H	M	C	P
0	0.43026	0.09437	0.09477	0.01920	0.02805	0.02892	0.01824	0.09963	0.02501	0.04872	0.01790	0.02024	0.01371	0.01083	0.00811	0.00336	0.01067	0.00696	0.00704	0.01403
1	0.12043	0.03669	0.22587	0.02874	0.04028	0.02493	0.10406	0.04227	0.09503	0.13071	0.02801	0.02932	0.01976	0.01170	0.01083	0.00361	0.01355	0.01000	0.00782	0.01640
2	0.01955	0.00978	0.01466	0.01466	0.01466	0.00978	0.00978	0.01466	0.01466	0.01955	0.01955	0.03421	0.01955	0.03910	0.04399	0.67253	0.00978	0.00978	0.00489	0.00489
3	0.01955	0.00978	0.01466	0.01466	0.01466	0.00978	0.00978	0.01466	0.01466	0.01955	0.01955	0.03421	0.01955	0.03910	0.04399	0.67253	0.00978	0.00978	0.00489	0.00489
4	0.03810	0.23747	0.04082	0.02579	0.03285	0.38956	0.02093	0.04124	0.02892	0.02719	0.01682	0.01956	0.01448	0.01095	0.00918	0.00274	0.01757	0.00684	0.00547	0.01351
5	0.01507	0.01037	0.01266	0.01393	0.01425	0.01005	0.00859	0.01603	0.01889	0.02519	0.04842	0.32896	0.05727	0.32683	0.03635	0.00782	0.00877	0.02399	0.00859	0.00795
6	0.04204	0.05364	0.03190	0.02900	0.03480	0.55926	0.02175	0.04494	0.03190	0.02755	0.01740	0.02030	0.01450	0.01160	0.01015	0.00290	0.02030	0.00725	0.00580	0.01305
7	0.04279	0.03153	0.03378	0.02590	0.03490	0.03490	0.02139	0.49671	0.05292	0.07093	0.02702	0.02702	0.01914	0.01351	0.01126	0.00338	0.01239	0.01013	0.01126	0.01914
8	0.01592	0.01267	0.01891	0.01920	0.02175	0.01189	0.05568	0.01950	0.02368	0.03087	0.06529	0.35838	0.13178	0.03093	0.01441	0.00454	0.00850	0.13605	0.01000	0.01004
9	0.01913	0.01417	0.02032	0.02370	0.09020	0.01513	0.01435	0.01958	0.01854	0.02555	0.03315	0.17092	0.03695	0.18215	0.03530	0.17398	0.07444	0.01663	0.00677	0.00905
10	0.02669	0.01770	0.02330	0.09670	0.03187	0.01564	0.01586	0.03199	0.02716	0.14014	0.15268	0.04259	0.04120	0.01357	0.01060	0.00280	0.00878	0.01153	0.00934	0.27986
11	0.12084	0.01957	0.02602	0.09413	0.03446	0.01870	0.01800	0.04880	0.02938	0.41560	0.03776	0.03485	0.02430	0.01316	0.01080	0.00352	0.01020	0.01053	0.01192	0.01745
12	0.02264	0.02020	0.02791	0.02068	0.02977	0.01612	0.07735	0.02789	0.02356	0.03566	0.02530	0.09155	0.02350	0.01165	0.00971	0.00229	0.00955	0.01052	0.00698	0.50717

[dist]
# distance from previous block
# <min> <max>
1	22

[block]
# block no. 4 follows, 11 sequences, length 23
# corresponding to MSA columns:
# 206-228
name=unknown_E
#
# <colnr> <probs for GDERKNQSTAVLIFYWHMCP>
#	G	D	E	R	K	N	Q	S	T	A	V	L	I	F	Y	W	H	M	C	P
0	0.01703	0.01444	0.02047	0.02731	0.14210	0.01354	0.01571	0.02042	0.02386	0.03123	0.06874	0.30181	0.20655	0.02695	0.01324	0.00402	0.00793	0.02400	0.00926	0.01137
1	0.25320	0.02335	0.02338	0.01928	0.02605	0.02572	0.01565	0.22403	0.03637	0.05774	0.14527	0.03796	0.03799	0.01479	0.01030	0.00345	0.00942	0.01126	0.01008	0.01471
2	0.07173	0.07779	0.10350	0.02365	0.03181	0.15497	0.02109	0.04510	0.14725	0.11604	0.03612	0.03535	0.06033	0.01380	0.01057	0.00338	0.01288	0.01048	0.00866	0.01548
3	0.17988	0.01474	0.01462	0.01414	0.01649	0.01591	0.00943	0.02453	0.06476	0.03169	0.03348	0.09374	0.03564	0.36393	0.03767	0.00798	0.00988	0.01461	0.00755	0.00934
4	0.01766	0.02330	0.14669	0.02150	0.02707	0.01701	0.02077	0.02388	0.01947	0.02845	0.02772	0.03924	0.02476	0.06646	0.42610	0.01455	0.02686	0.01115	0.00572	0.01165
5	0.01361	0.01019	0.01266	0.01463	0.01605	0.00923	0.00999	0.01579	0.02255	0.02914	0.07470	0.47806	0.18531	0.03362	0.01411	0.00438	0.00633	0.02999	0.01045	0.00923
6	0.03160	0.07278	0.07242	0.02481	0.03299	0.02512	0.08263	0.15306	0.06897	0.11975	0.15092	0.04307	0.04164	0.01494	0.01168	0.00346	0.01119	0.01293	0.01018	0.01588
7	0.04296	0.01687	0.02333	0.01872	0.02531	0.01489	0.01489	0.04506	0.02794	0.41478	0.03835	0.03731	0.02584	0.02006	0.01928	0.16643	0.00963	0.01094	0.01173	0.01568
8	0.01626	0.01136	0.01453	0.01453	0.01530	0.01213	0.00963	0.01781	0.01703	0.02349	0.03341	0.06226	0.03597	0.40308	0.25188	0.01369	0.01836	0.01470	0.00651	0.00807
9	0.01371	0.00979	0.01306	0.01567	0.01632	0.00914	0.01045	0.01567	0.02155	0.02873	0.06203	0.59710	0.07444	0.03526	0.01437	0.00457	0.00653	0.03200	0.01045	0.00914
10	0.03241	0.28249	0.16708	0.02361	0.03420	0.07533	0.02432	0.04086	0.06845	0.11570	0.02429	0.02507	0.01837	0.01125	0.00935	0.00303	0.01314	0.00814	0.00697	0.01594
11	0.03543	0.03008	0.04302	0.03236	0.04175	0.03183	0.17213	0.28537	0.11169	0.05628	0.02840	0.03028	0.02070	0.01248	0.01194	0.00358	0.01399	0.01152	0.00950	0.01768
12	0.01479	0.01056	0.01430	0.01690	0.01803	0.01007	0.01232	0.01753	0.02261	0.02994	0.06144	0.48260	0.07209	0.03425	0.01465	0.00472	0.00746	0.13587	0.01043	0.00944
13	0.02042	0.01859	0.02799	0.27967	0.12019	0.02066	0.02360	0.02846	0.06389	0.03300	0.08272	0.05373	0.14906	0.01647	0.01190	0.00369	0.01130	0.01434	0.00748	0.01283
14	0.12288	0.12245	0.24066	0.03050	0.04281	0.02845	0.14213	0.03664	0.02433	0.07727	0.02146	0.02492	0.01576	0.01047	0.01033	0.00344	0.01483	0.00911	0.00605	0.01552
15	0.02318	0.04246	0.31032	0.16845	0.05807	0.02640	0.14362	0.03406	0.02411	0.03406	0.02075	0.02681	0.01509	0.01055	0.01143	0.00366	0.01678	0.00988	0.00503	0.01529
16	0.62088	0.02160	0.01818	0.06835	0.02707	0.02523	0.01400	0.03267	0.01947	0.04843	0.01608	0.01940	0.01246	0.01052	0.00737	0.00351	0.00931	0.00647	0.00678	0.01222
17	0.01995	0.01437	0.01892	0.01830	0.02081	0.01626	0.01378	0.02825	0.13789	0.02939	0.03100	0.04088	0.02725	0.05490	0.28204	0.19761	0.01928	0.01158	0.00703	0.01050
18	0.03336	0.02912	0.04231	0.03221	0.04128	0.03088	0.17678	0.22426	0.17062	0.05284	0.03077	0.03223	0.02263	0.01266	0.01198	0.00364	0.01361	0.01189	0.00947	0.01747
19	0.01414	0.01143	0.01256	0.01228	0.01572	0.00986	0.00921	0.01777	0.02763	0.03510	0.24603	0.10059	0.39473	0.02675	0.01329	0.00372	0.00558	0.02267	0.01107	0.00986
20	0.01613	0.01081	0.01234	0.01257	0.01263	0.01076	0.00714	0.01631	0.01682	0.02243	0.03780	0.11960	0.04386	0.55449	0.05352	0.01036	0.01053	0.01774	0.00714	0.00702
21	0.02764	0.01410	0.01880	0.01615	0.02085	0.01263	0.01263	0.03263	0.03198	0.21345	0.36439	0.06857	0.07966	0.01993	0.01261	0.00352	0.00676	0.01729	0.01291	0.01351
22	0.01612	0.01213	0.01516	0.01396	0.01734	0.01080	0.01054	0.02107	0.03035	0.04243	0.43188	0.08286	0.15862	0.02267	0.01290	0.00343	0.00559	0.01979	0.01169	0.06065

[dist]
# distance from previous block
# <min> <max>
7	23

[block]
# block no. 5 follows, 11 sequences, length 11
# corresponding to MSA columns:
# 252-262
name=unknown_F
#
# <colnr> <probs for GDERKNQSTAVLIFYWHMCP>
#	G	D	E	R	K	N	Q	S	T	A	V	L	I	F	Y	W	H	M	C	P
0	0.42572	0.07856	0.02354	0.01757	0.02497	0.08271	0.01443	0.03593	0.06027	0.04396	0.01874	0.02095	0.01492	0.01062	0.00784	0.00313	0.01021	0.00680	0.00696	0.09215
1	0.07363	0.09151	0.18967	0.02716	0.03725	0.09244	0.05680	0.04488	0.19596	0.03890	0.02827	0.02926	0.02138	0.01221	0.01049	0.00348	0.01356	0.00970	0.00744	0.01601
2	0.03016	0.01799	0.02453	0.02136	0.02564	0.02014	0.01723	0.03695	0.07520	0.19678	0.03361	0.03842	0.02623	0.04207	0.22568	0.00937	0.12393	0.01148	0.00898	0.01426
3	0.68395	0.02177	0.01654	0.01480	0.02177	0.02525	0.01219	0.03309	0.01915	0.05050	0.01567	0.01828	0.01219	0.01045	0.00697	0.00348	0.00871	0.00609	0.00697	0.01219
4	0.02538	0.02874	0.07623	0.36205	0.16035	0.09509	0.03148	0.03256	0.02445	0.03073	0.01991	0.02782	0.01544	0.01101	0.01104	0.00354	0.01550	0.00952	0.00520	0.01396
5	0.01955	0.00978	0.01466	0.01466	0.01466	0.00978	0.00978	0.01466	0.01466	0.01955	0.01955	0.03421	0.01955	0.03910	0.04399	0.67253	0.00978	0.00978	0.00489	0.00489
6	0.01644	0.01059	0.01351	0.01373	0.01482	0.01007	0.00918	0.01665	0.02077	0.02770	0.13817	0.14598	0.11561	0.16734	0.03292	0.20391	0.00819	0.01844	0.00831	0.00766
7	0.03174	0.02546	0.02524	0.02209	0.02862	0.07512	0.01729	0.08395	0.32126	0.10968	0.04887	0.04546	0.08318	0.01603	0.01149	0.00365	0.00997	0.01301	0.01112	0.01675
8	0.02939	0.03061	0.17403	0.02240	0.03254	0.02007	0.02255	0.09045	0.03037	0.14157	0.12188	0.03834	0.03542	0.01351	0.01089	0.00313	0.01088	0.01106	0.00918	0.15174
9	0.02540	0.05155	0.43077	0.03103	0.04509	0.02807	0.03734	0.09494	0.02694	0.03943	0.02057	0.02427	0.01494	0.01192	0.01326	0.00367	0.06992	0.00870	0.00562	0.01655
10	0.02418	0.17664	0.44181	0.02933	0.04447	0.03008	0.03680	0.03523	0.02357	0.03368	0.01922	0.02254	0.01430	0.01047	0.00995	0.00332	0.01565	0.00782	0.00477	0.01617

[dist]
# distance from previous block
# <min> <max>
0	37

[block]
# block no. 6 follows, 11 sequences, length 40
# corresponding to MSA columns:
# 300-339
name=unknown_G
#
# <colnr> <probs for GDERKNQSTAVLIFYWHMCP>
#	G	D	E	R	K	N	Q	S	T	A	V	L	I	F	Y	W	H	M	C	P
0	0.04262	0.01684	0.02195	0.01748	0.02456	0.01493	0.01423	0.04721	0.02992	0.40856	0.04235	0.03928	0.02812	0.01371	0.01040	0.00325	0.00842	0.01110	0.18822	0.01684
1	0.02658	0.02549	0.11435	0.17594	0.13689	0.02079	0.02647	0.03323	0.02531	0.12684	0.03833	0.09608	0.07439	0.01559	0.01167	0.00368	0.01217	0.01358	0.00782	0.01477
2	0.03567	0.02721	0.11911	0.08407	0.04186	0.02081	0.11285	0.04283	0.02872	0.27111	0.07113	0.03708	0.02829	0.01298	0.01174	0.00359	0.01276	0.01176	0.00981	0.01664
3	0.03594	0.07022	0.02518	0.01920	0.02537	0.01702	0.01583	0.03988	0.02819	0.30850	0.04782	0.16325	0.04205	0.02064	0.01225	0.00388	0.00932	0.08838	0.01181	0.01527
4	0.03628	0.03922	0.02940	0.02616	0.03251	0.28696	0.02008	0.09544	0.23434	0.03992	0.03015	0.02998	0.02321	0.01331	0.01080	0.00333	0.01479	0.00981	0.00869	0.01563
5	0.02998	0.13966	0.16686	0.08754	0.12915	0.02968	0.08059	0.08376	0.02794	0.08687	0.02288	0.02651	0.01712	0.01091	0.01060	0.00333	0.01422	0.00938	0.00660	0.01640
6	0.02421	0.09175	0.37152	0.02655	0.03979	0.02402	0.03207	0.03404	0.02477	0.08020	0.03744	0.03851	0.10011	0.01383	0.01090	0.00350	0.01382	0.01094	0.00653	0.01552
7	0.04353	0.02311	0.02617	0.02168	0.02909	0.07748	0.01784	0.09034	0.03310	0.35739	0.04228	0.04981	0.03162	0.01645	0.01188	0.00369	0.01115	0.08415	0.01220	0.01704
8	0.03197	0.20293	0.24026	0.02478	0.03669	0.02915	0.02728	0.04167	0.06340	0.15805	0.02682	0.02712	0.01920	0.01154	0.00992	0.00324	0.01300	0.00874	0.00754	0.01672
9	0.02827	0.02777	0.12677	0.26788	0.05403	0.02417	0.02794	0.04069	0.11486	0.13055	0.02940	0.03261	0.02085	0.01239	0.01120	0.00368	0.01316	0.01044	0.00783	0.01551
10	0.03821	0.01711	0.02257	0.01869	0.02520	0.01556	0.01487	0.04470	0.06998	0.35315	0.13630	0.10866	0.04806	0.01807	0.01203	0.00364	0.00840	0.01539	0.01306	0.01636
11	0.02449	0.03035	0.12795	0.23107	0.20415	0.02640	0.12674	0.03306	0.02445	0.03372	0.02094	0.02842	0.01613	0.01044	0.01154	0.00361	0.01559	0.01039	0.00527	0.01529
12	0.03444	0.02209	0.03566	0.18475	0.13613	0.02306	0.06307	0.04035	0.02675	0.22906	0.02947	0.03244	0.02063	0.01258	0.01340	0.00367	0.05683	0.01077	0.00861	0.01624
13	0.03181	0.02957	0.12004	0.21525	0.05311	0.02599	0.07915	0.12953	0.03107	0.13446	0.02628	0.02996	0.01833	0.01192	0.01140	0.00360	0.01418	0.01036	0.00795	0.01604
14	0.68395	0.02177	0.01654	0.01480	0.02177	0.02525	0.01219	0.03309	0.01915	0.05050	0.01567	0.01828	0.01219	0.01045	0.00697	0.00348	0.00871	0.00609	0.00697	0.01219
15	0.02284	0.02117	0.03524	0.35132	0.21752	0.02401	0.02962	0.02926	0.02284	0.03058	0.02208	0.03412	0.01877	0.07621	0.01629	0.00441	0.01403	0.01071	0.00539	0.01359
16	0.03275	0.01951	0.02727	0.02248	0.02905	0.01914	0.06785	0.04468	0.15648	0.22607	0.10692	0.11669	0.04449	0.01772	0.01222	0.00375	0.00949	0.01575	0.01172	0.01597
17	0.02605	0.02052	0.03229	0.23864	0.04908	0.02300	0.07460	0.03553	0.08525	0.10435	0.10979	0.04108	0.03429	0.01453	0.01392	0.00379	0.05843	0.01256	0.00829	0.01403
18	0.03276	0.03543	0.10952	0.02352	0.03030	0.21327	0.02053	0.03762	0.02778	0.12330	0.03346	0.14195	0.03022	0.01676	0.01109	0.00342	0.01362	0.01343	0.06829	0.01372
19	0.03571	0.01713	0.02391	0.10960	0.03323	0.01616	0.01709	0.04061	0.02993	0.31634	0.13763	0.05214	0.08785	0.01657	0.01186	0.00357	0.00930	0.01397	0.01185	0.01555
20	0.03018	0.01565	0.02006	0.01795	0.02308	0.01465	0.01408	0.03722	0.08227	0.23236	0.13398	0.15990	0.09335	0.02193	0.01269	0.00388	0.00800	0.05221	0.01222	0.01433
21	0.02593	0.04706	0.36043	0.04165	0.18059	0.02713	0.03774	0.07892	0.02703	0.03929	0.02111	0.02519	0.01570	0.01078	0.01087	0.00349	0.01534	0.00896	0.00559	0.01720
22	0.18815	0.03582	0.11646	0.03059	0.08442	0.11887	0.06640	0.08714	0.09240	0.04310	0.02306	0.02561	0.01757	0.01151	0.01014	0.00344	0.01380	0.00899	0.00718	0.01535
23	0.03412	0.02312	0.10810	0.02107	0.02893	0.01643	0.01986	0.04022	0.02968	0.28194	0.13039	0.05940	0.04611	0.01798	0.01229	0.00380	0.01010	0.08922	0.01153	0.01569
24	0.01564	0.01107	0.01478	0.01704	0.01830	0.01074	0.01273	0.01850	0.02244	0.02961	0.05772	0.36094	0.06664	0.10752	0.02035	0.00561	0.00847	0.18267	0.00995	0.00928
25	0.10819	0.02626	0.06883	0.08899	0.17005	0.02463	0.02484	0.11299	0.03074	0.19255	0.02819	0.02969	0.01986	0.01195	0.01073	0.00346	0.01197	0.00987	0.00899	0.01720
26	0.02670	0.02861	0.12063	0.24081	0.15542	0.02523	0.05817	0.03725	0.07504	0.08419	0.02548	0.03061	0.01883	0.01148	0.01129	0.00362	0.01401	0.01033	0.00666	0.01563
27	0.03186	0.02226	0.10644	0.01976	0.02715	0.01543	0.01813	0.03711	0.02805	0.26218	0.09484	0.15720	0.09118	0.01986	0.01219	0.00375	0.00937	0.01695	0.01126	0.01504
28	0.25525	0.06652	0.06001	0.02759	0.11120	0.02556	0.02021	0.08700	0.02773	0.17965	0.02572	0.02643	0.01832	0.01159	0.00950	0.00338	0.01079	0.00868	0.00876	0.01612
29	0.03478	0.08810	0.11473	0.10424	0.12347	0.02459	0.06404	0.04157	0.02719	0.22291	0.02910	0.03062	0.02026	0.01166	0.01093	0.00342	0.01297	0.01010	0.00843	0.01689
30	0.35389	0.02360	0.03345	0.11629	0.04137	0.02546	0.14498	0.03470	0.02262	0.07763	0.02031	0.02486	0.01507	0.01057	0.00967	0.00361	0.01256	0.00904	0.00679	0.01353
31	0.37381	0.02309	0.02846	0.02801	0.11115	0.02394	0.06941	0.03530	0.02274	0.09345	0.02062	0.02367	0.01565	0.01040	0.00891	0.00331	0.01065	0.00810	0.00725	0.08206
32	0.32122	0.02052	0.02283	0.07351	0.07805	0.02289	0.01781	0.07713	0.02425	0.04359	0.02535	0.04053	0.02304	0.01689	0.01311	0.06699	0.01049	0.08185	0.00745	0.01250
33	0.09234	0.02192	0.02676	0.07861	0.03360	0.02346	0.04556	0.10092	0.17055	0.12514	0.04750	0.04620	0.10754	0.01579	0.01137	0.00366	0.01014	0.01310	0.01024	0.01560
34	0.01741	0.01276	0.01529	0.01605	0.01780	0.01303	0.01101	0.02390	0.11164	0.03011	0.05364	0.31172	0.08748	0.12492	0.02406	0.07900	0.00799	0.02283	0.00943	0.00993
35	0.02371	0.02009	0.02882	0.02354	0.02936	0.02035	0.10395	0.10691	0.10574	0.04507	0.19639	0.10730	0.10142	0.01938	0.01277	0.00372	0.00973	0.01758	0.01044	0.01372
36	0.13052	0.01588	0.01776	0.01709	0.02109	0.01658	0.01283	0.03224	0.12335	0.08781	0.14314	0.23449	0.05813	0.02269	0.01206	0.00393	0.00741	0.01957	0.01080	0.01263
37	0.02316	0.08116	0.03512	0.17304	0.12411	0.02376	0.06075	0.03144	0.06904	0.03442	0.07499	0.09648	0.03267	0.01458	0.01125	0.00342	0.01169	0.01319	0.00718	0.07854
38	0.10187	0.08097	0.02907	0.02044	0.02852	0.02565	0.01685	0.18260	0.05878	0.13071	0.03052	0.07918	0.02479	0.01405	0.01021	0.00314	0.01009	0.01103	0.00975	0.13177
39	0.09818	0.02524	0.02935	0.23161	0.08501	0.10987	0.02323	0.03641	0.02666	0.12831	0.07361	0.03389	0.02618	0.01278	0.01083	0.00348	0.01314	0.01041	0.00776	0.01402

[dist]
# distance from previous block
# <min> <max>
1	17

[block]
# block no. 7 follows, 11 sequences, length 8
# corresponding to MSA columns:
# 358-365
name=unknown_H
#
# <colnr> <probs for GDERKNQSTAVLIFYWHMCP>
#	G	D	E	R	K	N	Q	S	T	A	V	L	I	F	Y	W	H	M	C	P
0	0.08359	0.07227	0.02374	0.01879	0.02381	0.06487	0.01467	0.08858	0.06621	0.08392	0.09500	0.19988	0.07813	0.02106	0.01169	0.00369	0.00935	0.01764	0.00995	0.01316
1	0.12449	0.11101	0.07210	0.01965	0.02662	0.02446	0.01745	0.12761	0.03087	0.07781	0.12562	0.12089	0.04253	0.01733	0.01083	0.00348	0.00974	0.01407	0.00937	0.01407
2	0.12703	0.29147	0.04123	0.02128	0.02842	0.07572	0.01885	0.03764	0.06617	0.07729	0.02083	0.02313	0.01710	0.01228	0.01258	0.00320	0.09704	0.00775	0.00660	0.01440
3	0.08995	0.10054	0.07420	0.02215	0.03009	0.02286	0.05951	0.07651	0.02927	0.18372	0.09939	0.09524	0.03723	0.01580	0.01109	0.00349	0.01059	0.01334	0.00983	0.01518
4	0.08835	0.14498	0.07943	0.02515	0.07208	0.02821	0.02067	0.10593	0.07895	0.08493	0.02536	0.02739	0.01964	0.01608	0.04553	0.00399	0.01246	0.00881	0.00783	0.10422
5	0.11677	0.30611	0.10991	0.02031	0.02930	0.03199	0.02029	0.03405	0.02275	0.08450	0.02142	0.02487	0.01756	0.02149	0.09057	0.00516	0.01466	0.00779	0.00622	0.01427
6	0.11525	0.44266	0.04619	0.01749	0.02589	0.03672	0.01671	0.03100	0.02279	0.03029	0.03033	0.03156	0.09104	0.01256	0.00810	0.00276	0.01064	0.00868	0.00594	0.01340
7	0.11910	0.07236	0.06197	0.07766	0.03380	0.02290	0.01881	0.04070	0.09793	0.15377	0.02850	0.02915	0.02075	0.01150	0.00966	0.00305	0.01030	0.00896	0.00863	0.17051

[dist]
# distance from previous block
# <min> <max>
0	268

# created by:
# /st0/software/busco_prod/Augustus/scripts/msa2prfl.pl ./align_prep/9753.fa
