[name]
unknown

[dist]
# distance from previous block
# <min> <max>
0	109

[block]
# block no. 0 follows, 11 sequences, length 20
# corresponding to MSA columns:
# 131-150
name=unknown_A
#
# <colnr> <probs for GDERKNQSTAVLIFYWHMCP>
#	G	D	E	R	K	N	Q	S	T	A	V	L	I	F	Y	W	H	M	C	P
0	0.01909	0.09647	0.02480	0.01827	0.02183	0.01772	0.04765	0.02489	0.06591	0.03339	0.15842	0.22499	0.06089	0.11210	0.01934	0.00487	0.00880	0.02019	0.00931	0.01107
1	0.01958	0.01748	0.02922	0.19556	0.04343	0.01933	0.08304	0.02504	0.02323	0.03076	0.03988	0.19385	0.04191	0.02234	0.01519	0.00439	0.05381	0.12277	0.00772	0.01149
2	0.03194	0.26826	0.15087	0.10505	0.04028	0.03121	0.02514	0.03831	0.02518	0.14885	0.02396	0.02576	0.01761	0.01110	0.00951	0.00310	0.01288	0.00833	0.00695	0.01572
3	0.01955	0.00978	0.01466	0.01466	0.01466	0.00978	0.00978	0.01466	0.01466	0.01955	0.01955	0.03421	0.01955	0.03910	0.04399	0.67253	0.00978	0.00978	0.00489	0.00489
4	0.03436	0.01477	0.01856	0.01601	0.02145	0.01356	0.01299	0.03919	0.02784	0.27297	0.04274	0.04939	0.03225	0.01542	0.01029	0.00330	0.00780	0.05897	0.29362	0.01449
5	0.01548	0.01068	0.01315	0.01399	0.01442	0.01068	0.00877	0.01654	0.01822	0.02451	0.04344	0.23890	0.05033	0.36549	0.09744	0.00964	0.01157	0.02093	0.00790	0.00791
6	0.09348	0.24665	0.15499	0.02236	0.03273	0.03133	0.02297	0.04132	0.08877	0.12649	0.02582	0.02616	0.01922	0.01146	0.00928	0.00315	0.01191	0.00838	0.00752	0.01602
7	0.01637	0.01236	0.01538	0.01646	0.01841	0.01234	0.01161	0.02362	0.09914	0.03503	0.15879	0.40290	0.07506	0.02959	0.01369	0.00424	0.00663	0.02657	0.01102	0.01078
8	0.02324	0.01732	0.01794	0.01670	0.02133	0.01890	0.01283	0.04110	0.26357	0.04270	0.05297	0.05211	0.10804	0.01652	0.01045	0.00339	0.00710	0.01361	0.24627	0.01392
9	0.02378	0.02926	0.13070	0.30237	0.23067	0.02581	0.03427	0.03201	0.02382	0.03278	0.02044	0.02813	0.01585	0.01073	0.01111	0.00358	0.01473	0.00971	0.00515	0.01510
10	0.02942	0.08750	0.15276	0.14924	0.11096	0.02854	0.02887	0.10828	0.08136	0.07743	0.02543	0.02862	0.01881	0.01179	0.01076	0.00346	0.01343	0.00966	0.00731	0.01640
11	0.04051	0.04753	0.03243	0.02857	0.03432	0.42967	0.02196	0.11226	0.03372	0.03413	0.01862	0.02173	0.01523	0.01265	0.01285	0.00316	0.07225	0.00793	0.00655	0.01391
12	0.01746	0.01247	0.01736	0.01996	0.02225	0.01237	0.01696	0.02215	0.02524	0.03293	0.05997	0.19877	0.06625	0.03173	0.01537	0.00509	0.00978	0.39334	0.01038	0.01018
13	0.03193	0.02817	0.13253	0.21463	0.12599	0.02277	0.02903	0.03937	0.02635	0.19645	0.02807	0.03114	0.01943	0.01182	0.01115	0.00357	0.01332	0.01010	0.00791	0.01626
14	0.03892	0.10531	0.12052	0.02294	0.03280	0.02518	0.02182	0.08734	0.10488	0.27135	0.03519	0.03275	0.02401	0.01298	0.01069	0.00340	0.01125	0.01022	0.01055	0.01790
15	0.02009	0.01219	0.01589	0.01676	0.01939	0.01132	0.01274	0.02317	0.02430	0.10083	0.06381	0.29643	0.12269	0.07262	0.01729	0.00495	0.00815	0.13602	0.01064	0.01072
16	0.01608	0.01206	0.01809	0.01809	0.02010	0.01407	0.01407	0.02010	0.01809	0.02613	0.03015	0.04422	0.02814	0.08441	0.55984	0.01809	0.03015	0.01206	0.00603	0.01005
17	0.02573	0.10196	0.43967	0.03065	0.04530	0.09749	0.03719	0.03671	0.02476	0.03385	0.01947	0.02285	0.01430	0.01073	0.01034	0.00338	0.01675	0.00799	0.00489	0.01599
18	0.02756	0.02446	0.03370	0.26266	0.05316	0.06916	0.07417	0.03739	0.08920	0.08147	0.02576	0.03055	0.01919	0.01143	0.01096	0.00335	0.01355	0.01009	0.00709	0.11508
19	0.02510	0.01624	0.01889	0.01697	0.02156	0.01674	0.01312	0.03846	0.17931	0.11029	0.22740	0.05750	0.05982	0.01765	0.01148	0.00345	0.00697	0.01504	0.13006	0.01394

[dist]
# distance from previous block
# <min> <max>
0	2

[block]
# block no. 1 follows, 11 sequences, length 27
# corresponding to MSA columns:
# 153-179
name=unknown_B
#
# <colnr> <probs for GDERKNQSTAVLIFYWHMCP>
#	G	D	E	R	K	N	Q	S	T	A	V	L	I	F	Y	W	H	M	C	P
0	0.01955	0.00978	0.01466	0.01466	0.01466	0.00978	0.00978	0.01466	0.01466	0.01955	0.01955	0.03421	0.01955	0.03910	0.04399	0.67253	0.00978	0.00978	0.00489	0.00489
1	0.52248	0.02358	0.02014	0.01732	0.02457	0.02707	0.01418	0.11160	0.06698	0.05357	0.02011	0.02175	0.01523	0.01136	0.00805	0.00349	0.00933	0.00733	0.00805	0.01381
2	0.01955	0.00978	0.01466	0.01466	0.01466	0.00978	0.00978	0.01466	0.01466	0.01955	0.01955	0.03421	0.01955	0.03910	0.04399	0.67253	0.00978	0.00978	0.00489	0.00489
3	0.03772	0.18446	0.04121	0.02959	0.08871	0.13978	0.02237	0.23735	0.03802	0.04716	0.02155	0.02348	0.01687	0.01175	0.00999	0.00303	0.01396	0.00849	0.00790	0.01659
4	0.03690	0.35065	0.04602	0.02194	0.03064	0.13542	0.01954	0.09073	0.02936	0.11139	0.02169	0.02261	0.01705	0.01110	0.00885	0.00277	0.01324	0.00753	0.00713	0.01544
5	0.03074	0.02334	0.08093	0.02070	0.02813	0.01944	0.01809	0.08664	0.11101	0.17301	0.12037	0.10481	0.04378	0.01716	0.01168	0.00351	0.00938	0.01451	0.01097	0.07179
6	0.02548	0.04073	0.27031	0.04719	0.25814	0.02661	0.03588	0.03784	0.07893	0.03740	0.02346	0.02757	0.01804	0.01091	0.01097	0.00350	0.01436	0.00955	0.00585	0.01729
7	0.02786	0.02674	0.04568	0.06908	0.53424	0.02674	0.03454	0.03454	0.02563	0.03677	0.02117	0.02786	0.01783	0.01003	0.01114	0.00334	0.01337	0.01003	0.00557	0.01783
8	0.02010	0.01815	0.02986	0.45803	0.06518	0.02201	0.02760	0.02675	0.02275	0.02926	0.02872	0.10284	0.02670	0.01595	0.01204	0.00399	0.01359	0.05842	0.00616	0.01191
9	0.02789	0.02515	0.09105	0.33260	0.13776	0.02383	0.03019	0.03529	0.02495	0.12621	0.02475	0.03052	0.01776	0.01149	0.01119	0.00362	0.01392	0.01006	0.00672	0.01504
10	0.02398	0.04840	0.37708	0.03749	0.05228	0.02696	0.20079	0.03579	0.02475	0.03579	0.02110	0.02609	0.01525	0.01027	0.01161	0.00365	0.01746	0.01007	0.00508	0.01612
11	0.01395	0.00990	0.01299	0.01536	0.01596	0.00930	0.01012	0.01574	0.02108	0.02810	0.05961	0.54941	0.07139	0.08712	0.01828	0.00515	0.00693	0.03057	0.01012	0.00893
12	0.04066	0.03242	0.03313	0.02677	0.03468	0.16255	0.06793	0.13825	0.11483	0.18392	0.03206	0.03125	0.02268	0.01301	0.01123	0.00340	0.01374	0.01047	0.01007	0.01696
13	0.03845	0.14402	0.03690	0.02451	0.03140	0.11390	0.02060	0.15441	0.03272	0.14790	0.02473	0.02619	0.01855	0.01371	0.01512	0.00343	0.11985	0.00908	0.00854	0.01601
14	0.08706	0.02345	0.03100	0.02342	0.03207	0.02269	0.06990	0.11895	0.03044	0.17507	0.02719	0.02838	0.01958	0.01186	0.01221	0.00307	0.05367	0.00942	0.00916	0.21140
15	0.04185	0.13936	0.09136	0.02282	0.03229	0.08527	0.02091	0.09296	0.03162	0.28373	0.03155	0.02974	0.02146	0.01246	0.01035	0.00321	0.01230	0.00942	0.01003	0.01731
16	0.04778	0.02351	0.02882	0.02209	0.03091	0.02301	0.01825	0.21056	0.03951	0.37602	0.03828	0.03433	0.02479	0.01378	0.01130	0.00345	0.01057	0.01090	0.01299	0.01915
17	0.02122	0.01972	0.03298	0.46342	0.12223	0.02358	0.02950	0.02807	0.02276	0.02965	0.02442	0.08758	0.02138	0.01356	0.01156	0.00379	0.01396	0.01225	0.00562	0.01275
18	0.01631	0.01112	0.01335	0.01335	0.01373	0.01150	0.00816	0.01706	0.01669	0.02262	0.03448	0.06820	0.03855	0.50807	0.15043	0.01224	0.01448	0.01557	0.00667	0.00742
19	0.01426	0.01072	0.01321	0.01411	0.01617	0.00967	0.01000	0.01743	0.02565	0.03398	0.21246	0.31830	0.20326	0.02989	0.01377	0.00407	0.00595	0.02642	0.01102	0.00967
20	0.01446	0.01085	0.01340	0.01403	0.01623	0.00980	0.01004	0.01792	0.02651	0.03541	0.25310	0.27903	0.20032	0.02889	0.01368	0.00398	0.00586	0.02549	0.01119	0.00980
21	0.03802	0.01714	0.02386	0.07524	0.03043	0.01578	0.01642	0.04296	0.03113	0.35317	0.17488	0.05004	0.04808	0.01615	0.01185	0.00353	0.00896	0.01367	0.01260	0.01613
22	0.01952	0.01615	0.02193	0.10489	0.02890	0.01919	0.01641	0.02569	0.07039	0.02957	0.08002	0.05099	0.03616	0.19511	0.13927	0.00882	0.10561	0.01351	0.00712	0.01074
23	0.02816	0.30492	0.17811	0.07105	0.03872	0.03546	0.02611	0.07366	0.08025	0.03491	0.02148	0.02395	0.01704	0.01098	0.00926	0.00306	0.01317	0.00803	0.00607	0.01560
24	0.08384	0.08097	0.03466	0.13391	0.09417	0.02474	0.06086	0.03360	0.02550	0.11591	0.10725	0.03732	0.03235	0.01398	0.01361	0.00359	0.07017	0.01145	0.00791	0.01421
25	0.08532	0.14308	0.13555	0.06695	0.03847	0.07801	0.06300	0.11490	0.03011	0.04124	0.07645	0.03019	0.02548	0.01236	0.01032	0.00328	0.01350	0.00979	0.00714	0.01486
26	0.04027	0.07312	0.03039	0.02175	0.03006	0.02462	0.01833	0.19707	0.03699	0.23965	0.03573	0.04140	0.02695	0.01487	0.01117	0.00339	0.01072	0.05996	0.01125	0.07230

[dist]
# distance from previous block
# <min> <max>
1	91

[block]
# block no. 2 follows, 11 sequences, length 14
# corresponding to MSA columns:
# 271,272,274-285
name=unknown_C
#
# <colnr> <probs for GDERKNQSTAVLIFYWHMCP>
#	G	D	E	R	K	N	Q	S	T	A	V	L	I	F	Y	W	H	M	C	P
0	0.07467	0.02380	0.07661	0.20765	0.08527	0.02200	0.02398	0.03491	0.06955	0.08694	0.06914	0.03408	0.02624	0.01229	0.01065	0.00334	0.01165	0.01036	0.00754	0.10933
1	0.02140	0.01791	0.02162	0.01678	0.02476	0.01432	0.01317	0.02597	0.02242	0.03442	0.02539	0.07992	0.02372	0.02179	0.08824	0.00430	0.01130	0.00981	0.00693	0.51583
2	0.02275	0.01276	0.01720	0.01697	0.02020	0.01174	0.01303	0.02672	0.02751	0.14131	0.19446	0.25337	0.07245	0.02655	0.01361	0.00414	0.00744	0.09422	0.01173	0.01186
3	0.30735	0.02021	0.02224	0.01791	0.02591	0.02007	0.01478	0.04603	0.02692	0.34272	0.03275	0.03019	0.02151	0.01252	0.00955	0.00348	0.00922	0.00920	0.01111	0.01633
4	0.01626	0.01133	0.01442	0.01442	0.01516	0.01207	0.00949	0.01774	0.01700	0.02341	0.03351	0.06282	0.03621	0.41301	0.24229	0.01355	0.01799	0.01478	0.00653	0.00801
5	0.02287	0.01319	0.01642	0.01464	0.01899	0.01161	0.01132	0.02722	0.03006	0.15188	0.29487	0.08116	0.21659	0.02264	0.01285	0.00361	0.00638	0.01936	0.01215	0.01219
6	0.03148	0.03605	0.03346	0.02933	0.03161	0.24108	0.02349	0.03412	0.02301	0.02727	0.01581	0.02292	0.01467	0.01651	0.02639	0.00413	0.36198	0.00883	0.00527	0.01260
7	0.01621	0.01152	0.01536	0.01536	0.01642	0.01258	0.01066	0.01834	0.01728	0.02410	0.03265	0.05806	0.03415	0.32893	0.32355	0.01471	0.02110	0.01408	0.00640	0.00853
8	0.02126	0.02001	0.03376	0.57739	0.07752	0.02501	0.03126	0.02876	0.02251	0.02876	0.02001	0.03001	0.01500	0.01125	0.01125	0.00375	0.01500	0.01000	0.00500	0.01250
9	0.01753	0.01265	0.01577	0.01536	0.01544	0.01400	0.01006	0.01768	0.01694	0.02317	0.03412	0.12327	0.03910	0.40431	0.04823	0.06849	0.09273	0.01664	0.00679	0.00770
10	0.02257	0.05822	0.54613	0.03208	0.04871	0.02614	0.04158	0.03564	0.02376	0.03564	0.02020	0.02376	0.01426	0.01069	0.01069	0.00356	0.01663	0.00832	0.00475	0.01663
11	0.02254	0.07458	0.07546	0.11000	0.08377	0.02183	0.02104	0.08001	0.02857	0.03842	0.14607	0.05214	0.11076	0.02266	0.05966	0.00475	0.01229	0.01393	0.00823	0.01329
12	0.02386	0.20275	0.35341	0.02700	0.04005	0.02974	0.03237	0.03333	0.02287	0.03207	0.02011	0.02457	0.01590	0.01888	0.07291	0.00492	0.01694	0.00812	0.00492	0.01528
13	0.02785	0.38605	0.18135	0.02970	0.10664	0.03728	0.02715	0.03432	0.02349	0.03030	0.01760	0.02092	0.01488	0.00996	0.00867	0.00284	0.01340	0.00718	0.00491	0.01549

[dist]
# distance from previous block
# <min> <max>
0	8

[block]
# block no. 3 follows, 11 sequences, length 57
# corresponding to MSA columns:
# 294-350
name=unknown_D
#
# <colnr> <probs for GDERKNQSTAVLIFYWHMCP>
#	G	D	E	R	K	N	Q	S	T	A	V	L	I	F	Y	W	H	M	C	P
0	0.42171	0.18808	0.03056	0.01742	0.02538	0.03184	0.01530	0.09045	0.02436	0.04629	0.01707	0.01930	0.01368	0.01060	0.00757	0.00317	0.01009	0.00657	0.00689	0.01368
1	0.02838	0.03582	0.19772	0.02530	0.03428	0.06874	0.02539	0.09364	0.07711	0.08439	0.12880	0.03926	0.03680	0.01504	0.01340	0.00360	0.05658	0.01171	0.00864	0.01541
2	0.03745	0.01956	0.02478	0.01841	0.02774	0.01580	0.01500	0.04212	0.02795	0.29933	0.03269	0.03112	0.02249	0.01124	0.00989	0.00261	0.00898	0.00909	0.01044	0.33329
3	0.02296	0.01468	0.01817	0.01594	0.02016	0.01397	0.01237	0.07817	0.03369	0.10795	0.37415	0.07428	0.12595	0.02133	0.01281	0.00354	0.00666	0.01841	0.01227	0.01252
4	0.13255	0.01447	0.01609	0.01588	0.01943	0.01484	0.01179	0.02886	0.07446	0.08719	0.09996	0.26268	0.05328	0.02287	0.01160	0.00385	0.00714	0.01970	0.09150	0.01185
5	0.01608	0.01206	0.01809	0.01809	0.02010	0.01407	0.01407	0.02010	0.01809	0.02613	0.03015	0.04422	0.02814	0.08441	0.55984	0.01809	0.03015	0.01206	0.00603	0.01005
6	0.01737	0.01088	0.01258	0.01258	0.01510	0.01026	0.00927	0.02196	0.02662	0.04020	0.22928	0.13336	0.11901	0.02121	0.01127	0.00333	0.00548	0.01826	0.27172	0.01026
7	0.01608	0.01206	0.01809	0.01809	0.02010	0.01407	0.01407	0.02010	0.01809	0.02613	0.03015	0.04422	0.02814	0.08441	0.55984	0.01809	0.03015	0.01206	0.00603	0.01005
8	0.02257	0.05822	0.54613	0.03208	0.04871	0.02614	0.04158	0.03564	0.02376	0.03564	0.02020	0.02376	0.01426	0.01069	0.01069	0.00356	0.01663	0.00832	0.00475	0.01663
9	0.01392	0.01028	0.01302	0.01474	0.01619	0.00939	0.01014	0.01644	0.02353	0.03105	0.12857	0.44903	0.15733	0.03258	0.01405	0.00431	0.00624	0.02913	0.01069	0.00939
10	0.02553	0.02821	0.06046	0.04414	0.05444	0.02655	0.43474	0.03448	0.02648	0.03576	0.02731	0.04228	0.02296	0.01215	0.01356	0.00397	0.01791	0.06820	0.00627	0.01459
11	0.01710	0.01107	0.01363	0.01330	0.01576	0.01045	0.00986	0.02208	0.02867	0.04276	0.35174	0.12009	0.08227	0.02146	0.01191	0.00339	0.00541	0.01875	0.18988	0.01045
12	0.02933	0.11395	0.32689	0.02638	0.03926	0.02503	0.03075	0.03865	0.02620	0.15027	0.06439	0.03102	0.02447	0.01225	0.01061	0.00340	0.01359	0.00965	0.00744	0.01647
13	0.03087	0.07789	0.03464	0.14651	0.04238	0.02199	0.07250	0.03663	0.02575	0.16387	0.02617	0.02896	0.01901	0.01068	0.01020	0.00291	0.01169	0.00929	0.00788	0.22018
14	0.03511	0.07690	0.03023	0.08150	0.07504	0.02239	0.01935	0.04519	0.12016	0.24251	0.09711	0.04096	0.03528	0.01428	0.01117	0.00346	0.01004	0.01194	0.01077	0.01660
15	0.03526	0.01859	0.02643	0.07906	0.03224	0.01972	0.01930	0.03967	0.02624	0.28186	0.03684	0.04581	0.02850	0.02524	0.08375	0.00574	0.10930	0.06111	0.01012	0.01521
16	0.02565	0.02789	0.05757	0.15566	0.11580	0.02758	0.34972	0.03443	0.02565	0.03468	0.02204	0.03001	0.01675	0.00990	0.01264	0.00374	0.01755	0.01226	0.00554	0.01494
17	0.25948	0.02225	0.02992	0.29697	0.05304	0.02610	0.05623	0.06696	0.02395	0.04028	0.01920	0.02562	0.01447	0.01102	0.00987	0.00363	0.01284	0.00885	0.00623	0.01309
18	0.02690	0.02112	0.03249	0.30057	0.13938	0.02358	0.02664	0.08325	0.02734	0.08790	0.02870	0.10011	0.02462	0.01453	0.01163	0.00371	0.01282	0.01287	0.00740	0.01444
19	0.57746	0.02133	0.01815	0.01568	0.02294	0.02379	0.01292	0.03674	0.02135	0.13313	0.02050	0.02165	0.01482	0.01103	0.00770	0.00348	0.00885	0.00697	0.00814	0.01336
20	0.01416	0.01014	0.01346	0.01537	0.01642	0.00944	0.01048	0.01678	0.02361	0.03201	0.15512	0.49468	0.08078	0.03282	0.01415	0.00437	0.00629	0.02967	0.01084	0.00944
21	0.68395	0.02177	0.01654	0.01480	0.02177	0.02525	0.01219	0.03309	0.01915	0.05050	0.01567	0.01828	0.01219	0.01045	0.00697	0.00348	0.00871	0.00609	0.00697	0.01219
22	0.09104	0.02748	0.11714	0.31768	0.05733	0.02631	0.02886	0.03407	0.08259	0.03430	0.02238	0.02882	0.01696	0.01221	0.01269	0.00379	0.05698	0.00964	0.00595	0.01381
23	0.02839	0.01932	0.02313	0.02017	0.02445	0.02123	0.01553	0.08483	0.14637	0.12357	0.09330	0.09078	0.04157	0.12003	0.02293	0.00511	0.08006	0.01484	0.01026	0.01411
24	0.01480	0.01058	0.01425	0.01650	0.01773	0.01003	0.01196	0.01773	0.02346	0.03139	0.10974	0.45300	0.07585	0.03319	0.01448	0.00458	0.00715	0.11342	0.01063	0.00953
25	0.01777	0.01271	0.01762	0.01962	0.02223	0.01256	0.01687	0.02297	0.02691	0.03561	0.13839	0.11975	0.07174	0.02973	0.01516	0.00491	0.00951	0.38483	0.01070	0.01041
26	0.02626	0.08904	0.14902	0.13655	0.08871	0.02389	0.06378	0.03392	0.02460	0.08357	0.02575	0.03049	0.01932	0.01135	0.01017	0.00328	0.01268	0.00971	0.14335	0.01456
27	0.02399	0.01425	0.01900	0.07087	0.02564	0.01413	0.01406	0.02960	0.06559	0.14154	0.08968	0.28397	0.05490	0.07829	0.01704	0.00469	0.00850	0.02138	0.01059	0.01226
28	0.01951	0.01253	0.01569	0.01524	0.01815	0.01204	0.01127	0.02597	0.06569	0.07859	0.28559	0.19775	0.07830	0.02360	0.01265	0.00371	0.00620	0.02081	0.08527	0.01145
29	0.02257	0.05822	0.54613	0.03208	0.04871	0.02614	0.04158	0.03564	0.02376	0.03564	0.02020	0.02376	0.01426	0.01069	0.01069	0.00356	0.01663	0.00832	0.00475	0.01663
30	0.03109	0.09553	0.03978	0.03160	0.09058	0.02525	0.12494	0.08194	0.06957	0.13291	0.03492	0.12902	0.03046	0.01574	0.01177	0.00361	0.01209	0.01455	0.00896	0.01569
31	0.01840	0.01242	0.01466	0.01413	0.01800	0.01093	0.01107	0.02230	0.02791	0.08734	0.20331	0.09734	0.31499	0.02595	0.01337	0.00387	0.00658	0.07525	0.01128	0.01088
32	0.23003	0.02198	0.02467	0.01952	0.02778	0.02211	0.01612	0.12292	0.03197	0.32252	0.03328	0.03070	0.02192	0.01287	0.01007	0.00347	0.00980	0.00963	0.01149	0.01716
33	0.02257	0.02064	0.07502	0.12349	0.11753	0.01881	0.02135	0.02843	0.07133	0.03095	0.02460	0.03308	0.02053	0.02127	0.02217	0.23546	0.01135	0.01010	0.07984	0.01148
34	0.21252	0.02466	0.02879	0.12025	0.12461	0.07437	0.02147	0.04011	0.02588	0.18537	0.02589	0.02793	0.01843	0.01163	0.00998	0.00345	0.01194	0.00907	0.00831	0.01535
35	0.02925	0.01791	0.02279	0.07707	0.02980	0.01844	0.01649	0.10674	0.07658	0.15968	0.04638	0.26147	0.04457	0.02232	0.01254	0.00397	0.00929	0.01947	0.01094	0.01430
36	0.62012	0.02160	0.01820	0.06899	0.02714	0.02523	0.01403	0.03267	0.01948	0.04840	0.01609	0.01941	0.01246	0.01053	0.00738	0.00351	0.00931	0.00647	0.00678	0.01222
37	0.02300	0.01498	0.01967	0.02010	0.02371	0.01494	0.01686	0.07413	0.02928	0.08492	0.09305	0.15762	0.06108	0.02750	0.01440	0.00464	0.00966	0.28755	0.01096	0.01197
38	0.08251	0.10334	0.13156	0.02984	0.08964	0.02947	0.02539	0.10505	0.02816	0.12924	0.02374	0.02631	0.01775	0.01305	0.01487	0.00359	0.11350	0.00913	0.00764	0.01621
39	0.02815	0.02542	0.08261	0.25833	0.16332	0.02514	0.02973	0.03489	0.02436	0.11728	0.02380	0.02974	0.01770	0.01232	0.01406	0.00373	0.07759	0.01006	0.00660	0.01517
40	0.02176	0.01308	0.01594	0.01507	0.01843	0.01269	0.01133	0.02897	0.07482	0.09766	0.24242	0.14653	0.06795	0.02094	0.01183	0.00352	0.00631	0.01821	0.16054	0.01201
41	0.02055	0.01285	0.01734	0.01705	0.02036	0.01208	0.01384	0.02571	0.02988	0.09689	0.31466	0.09354	0.08333	0.02474	0.01383	0.00409	0.00751	0.16838	0.01187	0.01149
42	0.01371	0.00979	0.01306	0.01567	0.01632	0.00914	0.01045	0.01567	0.02155	0.02873	0.06203	0.59710	0.07444	0.03526	0.01437	0.00457	0.00653	0.03200	0.01045	0.00914
43	0.02800	0.02418	0.02545	0.02291	0.02927	0.02800	0.01782	0.05981	0.51390	0.04708	0.04581	0.04199	0.03436	0.01527	0.01145	0.00382	0.00891	0.01273	0.01145	0.01782
44	0.01675	0.01727	0.08055	0.01637	0.02075	0.01253	0.01444	0.02302	0.03086	0.04396	0.46562	0.07664	0.09486	0.02149	0.01296	0.00354	0.00671	0.01887	0.01145	0.01136
45	0.01526	0.01056	0.01319	0.01469	0.01524	0.01025	0.00961	0.01668	0.01974	0.02623	0.05044	0.32971	0.05921	0.27835	0.03283	0.00734	0.00876	0.06476	0.00889	0.00826
46	0.02820	0.02550	0.03973	0.05483	0.37972	0.02682	0.02950	0.07010	0.06123	0.03970	0.02403	0.02962	0.01970	0.01168	0.01301	0.00345	0.05855	0.01025	0.05746	0.01691
47	0.03397	0.02998	0.14197	0.02367	0.03299	0.02343	0.02251	0.09483	0.17314	0.19374	0.07841	0.03883	0.03242	0.01432	0.01138	0.00359	0.01089	0.01170	0.01075	0.01748
48	0.04204	0.05364	0.03190	0.02900	0.03480	0.55926	0.02175	0.04494	0.03190	0.02755	0.01740	0.02030	0.01450	0.01160	0.01015	0.00290	0.02030	0.00725	0.00580	0.01305
49	0.03114	0.02078	0.03024	0.02847	0.09175	0.02059	0.07107	0.04347	0.15146	0.18043	0.15488	0.04797	0.04573	0.01545	0.01202	0.00360	0.00991	0.01389	0.01099	0.01617
50	0.21847	0.01999	0.02311	0.01812	0.02654	0.01868	0.01489	0.04507	0.02737	0.33474	0.03304	0.03069	0.02197	0.01217	0.00970	0.00322	0.00916	0.00922	0.01098	0.11287
51	0.05050	0.01915	0.02612	0.02003	0.02873	0.01654	0.01654	0.05485	0.03221	0.54203	0.04440	0.03831	0.02786	0.01393	0.01132	0.00348	0.00958	0.01132	0.01393	0.01915
52	0.02736	0.01555	0.02247	0.13795	0.03396	0.01584	0.01731	0.03193	0.02561	0.18992	0.08208	0.13094	0.07627	0.03024	0.10428	0.00619	0.01312	0.01593	0.00977	0.01329
53	0.08946	0.02418	0.07136	0.13257	0.04031	0.02175	0.02179	0.09587	0.03090	0.30711	0.03338	0.03265	0.02199	0.01281	0.01092	0.00353	0.01150	0.01028	0.01055	0.01709
54	0.01632	0.01101	0.01288	0.01333	0.01363	0.01096	0.00816	0.01695	0.01767	0.02348	0.03985	0.12097	0.04584	0.50532	0.04995	0.00987	0.01051	0.05852	0.00744	0.00734
55	0.01608	0.01206	0.01809	0.01809	0.02010	0.01407	0.01407	0.02010	0.01809	0.02613	0.03015	0.04422	0.02814	0.08441	0.55984	0.01809	0.03015	0.01206	0.00603	0.01005
56	0.03079	0.03007	0.12959	0.06643	0.03554	0.06553	0.02290	0.07330	0.11042	0.14196	0.06942	0.03733	0.02952	0.02247	0.07892	0.00533	0.01457	0.01122	0.00905	0.01565

[dist]
# distance from previous block
# <min> <max>
0	1

[block]
# block no. 4 follows, 11 sequences, length 13
# corresponding to MSA columns:
# 352-364
name=unknown_E
#
# <colnr> <probs for GDERKNQSTAVLIFYWHMCP>
#	G	D	E	R	K	N	Q	S	T	A	V	L	I	F	Y	W	H	M	C	P
0	0.02522	0.02405	0.04092	0.27231	0.35164	0.02605	0.03323	0.03223	0.02438	0.03357	0.02070	0.02872	0.01670	0.01052	0.01119	0.00351	0.01402	0.01002	0.00534	0.01570
1	0.01580	0.01239	0.01738	0.11355	0.02811	0.01267	0.01525	0.01945	0.02311	0.02990	0.06149	0.34202	0.12548	0.02937	0.01390	0.00444	0.00861	0.10758	0.00949	0.01001
2	0.60231	0.02239	0.02017	0.02156	0.08554	0.02544	0.01497	0.03327	0.01996	0.04879	0.01636	0.01948	0.01289	0.01040	0.00749	0.00347	0.00929	0.00658	0.00679	0.01289
3	0.01608	0.01206	0.01809	0.01809	0.02010	0.01407	0.01407	0.02010	0.01809	0.02613	0.03015	0.04422	0.02814	0.08441	0.55984	0.01809	0.03015	0.01206	0.00603	0.01005
4	0.01949	0.02619	0.15876	0.11341	0.03628	0.01843	0.02276	0.02923	0.06494	0.04006	0.27304	0.05598	0.06132	0.01722	0.01212	0.00360	0.01018	0.01488	0.00908	0.01307
5	0.01724	0.02676	0.19288	0.02026	0.02722	0.01531	0.02074	0.02395	0.02557	0.03567	0.17944	0.20567	0.11934	0.02286	0.01270	0.00386	0.00950	0.01988	0.00905	0.01211
6	0.02925	0.47095	0.05187	0.02080	0.02901	0.04123	0.01960	0.03666	0.09046	0.02940	0.01975	0.02204	0.01724	0.01142	0.01079	0.00286	0.06891	0.00733	0.00575	0.01470
7	0.08948	0.23687	0.22153	0.07763	0.03975	0.03108	0.02704	0.03328	0.02284	0.03338	0.01815	0.02183	0.01445	0.01011	0.00894	0.00298	0.01324	0.00730	0.00522	0.08491
8	0.02489	0.18818	0.08437	0.02234	0.02865	0.02976	0.02008	0.03732	0.16765	0.03400	0.03368	0.13598	0.03171	0.01765	0.01429	0.00370	0.08988	0.01367	0.00786	0.01436
9	0.04071	0.03133	0.03497	0.02728	0.03588	0.08682	0.06770	0.29846	0.09020	0.12588	0.02982	0.02967	0.02114	0.01313	0.01137	0.00343	0.01316	0.01056	0.01051	0.01797
10	0.02334	0.02001	0.02334	0.01667	0.02667	0.01500	0.01334	0.02834	0.02334	0.03668	0.02001	0.02334	0.01667	0.00834	0.00834	0.00167	0.00834	0.00667	0.00667	0.67325
11	0.08017	0.24888	0.09185	0.07956	0.08320	0.03177	0.02262	0.08098	0.02734	0.03787	0.08944	0.03088	0.02786	0.01227	0.00959	0.00309	0.01175	0.00946	0.00681	0.01459
12	0.02751	0.17424	0.23411	0.02476	0.03550	0.02835	0.02691	0.08282	0.02625	0.07610	0.02369	0.02782	0.01856	0.02504	0.11452	0.00603	0.01710	0.00892	0.00644	0.01533

[dist]
# distance from previous block
# <min> <max>
1	253

# created by:
# /st0/software/busco_prod/Augustus/scripts/msa2prfl.pl ./align_prep/9759.fa
