[name]
unknown

[dist]
# distance from previous block
# <min> <max>
14	32

[block]
# block no. 0 follows, 12 sequences, length 83
# corresponding to MSA columns:
# 34-116
name=unknown_A
#
# <colnr> <probs for GDERKNQSTAVLIFYWHMCP>
#	G	D	E	R	K	N	Q	S	T	A	V	L	I	F	Y	W	H	M	C	P
0	0.02460	0.34617	0.18228	0.02104	0.03125	0.03175	0.02273	0.03049	0.02251	0.02915	0.02587	0.06424	0.05274	0.01235	0.00882	0.00280	0.01182	0.00926	0.00550	0.06463
1	0.02364	0.19381	0.08799	0.02011	0.02644	0.06973	0.01800	0.03282	0.11703	0.03235	0.07367	0.18577	0.03990	0.01824	0.01065	0.00339	0.01031	0.01516	0.00795	0.01306
2	0.08259	0.30573	0.14343	0.02092	0.03032	0.03167	0.02138	0.06944	0.02481	0.07304	0.02382	0.08448	0.02137	0.01287	0.00898	0.00301	0.01154	0.00968	0.00656	0.01437
3	0.35189	0.16618	0.18157	0.02011	0.03013	0.02889	0.02152	0.03290	0.02064	0.03957	0.01644	0.01919	0.01287	0.01001	0.00784	0.00316	0.01136	0.00651	0.00567	0.01353
4	0.07498	0.26143	0.21458	0.02266	0.03388	0.02999	0.02481	0.03777	0.02421	0.14754	0.02279	0.02368	0.01666	0.01064	0.00898	0.00300	0.01240	0.00771	0.00674	0.01556
5	0.16930	0.23397	0.21981	0.02214	0.03318	0.03008	0.02444	0.03538	0.02267	0.09077	0.01969	0.02157	0.01487	0.01030	0.00854	0.00305	0.01227	0.00717	0.00603	0.01476
6	0.09642	0.22653	0.34738	0.02547	0.03849	0.03070	0.03059	0.03369	0.02227	0.03336	0.01774	0.02075	0.01365	0.01002	0.00894	0.00310	0.01392	0.00714	0.00485	0.01500
7	0.35648	0.08007	0.15765	0.02451	0.03449	0.02676	0.11111	0.03322	0.02124	0.04102	0.01749	0.02112	0.01334	0.00994	0.00876	0.00336	0.01236	0.00770	0.00584	0.01355
8	0.20291	0.14418	0.15375	0.02201	0.03132	0.08700	0.02178	0.03921	0.09830	0.07167	0.02254	0.02380	0.01711	0.01107	0.00889	0.00319	0.01211	0.00780	0.00683	0.01456
9	0.27595	0.22388	0.03278	0.01726	0.02558	0.02948	0.01527	0.07205	0.02385	0.07343	0.01849	0.02031	0.01471	0.01001	0.00764	0.00275	0.00981	0.00661	0.00678	0.11335
10	0.39500	0.13268	0.02671	0.01694	0.02465	0.02697	0.01458	0.07270	0.02418	0.14564	0.02147	0.02212	0.01570	0.01086	0.00794	0.00317	0.00947	0.00718	0.00800	0.01405
11	0.02361	0.13253	0.03981	0.36751	0.17252	0.02810	0.02884	0.03000	0.02255	0.02919	0.01885	0.02646	0.01505	0.01034	0.01016	0.00330	0.01365	0.00898	0.00494	0.01362
12	0.29435	0.08764	0.02728	0.01941	0.02594	0.02809	0.01634	0.10587	0.02436	0.04331	0.01738	0.02090	0.01422	0.01185	0.01300	0.00324	0.11809	0.00727	0.00677	0.11468
13	0.02701	0.02545	0.04063	0.05865	0.45255	0.02613	0.03047	0.03799	0.11807	0.03747	0.02492	0.02952	0.02023	0.01065	0.01085	0.00332	0.01215	0.01020	0.00645	0.01727
14	0.02423	0.02629	0.05569	0.04117	0.05063	0.02480	0.41828	0.03265	0.02562	0.03450	0.02866	0.04672	0.02509	0.01306	0.01327	0.00392	0.01684	0.09840	0.00635	0.01384
15	0.04145	0.03054	0.03272	0.02509	0.03381	0.03381	0.02072	0.51243	0.05127	0.06872	0.02618	0.02618	0.01854	0.01309	0.01091	0.00327	0.01200	0.00982	0.01091	0.01854
16	0.02177	0.02059	0.03484	0.49377	0.16269	0.02454	0.03087	0.02889	0.02236	0.02929	0.01959	0.02868	0.01504	0.01068	0.01088	0.00356	0.01424	0.00969	0.00495	0.01307
17	0.09117	0.02635	0.02934	0.02264	0.03114	0.02793	0.01870	0.34307	0.04301	0.20992	0.03030	0.02876	0.02052	0.01299	0.01062	0.00331	0.01094	0.00987	0.01136	0.01806
18	0.02187	0.05640	0.56031	0.03108	0.04719	0.02532	0.04029	0.03453	0.02302	0.03453	0.01957	0.02302	0.01381	0.01036	0.01036	0.00345	0.01611	0.00806	0.00460	0.01611
19	0.02699	0.02591	0.04426	0.06693	0.54879	0.02591	0.03346	0.03346	0.02483	0.03562	0.02051	0.02699	0.01727	0.00972	0.01079	0.00324	0.01295	0.00972	0.00540	0.01727
20	0.02699	0.02591	0.04426	0.06693	0.54879	0.02591	0.03346	0.03346	0.02483	0.03562	0.02051	0.02699	0.01727	0.00972	0.01079	0.00324	0.01295	0.00972	0.00540	0.01727
21	0.04283	0.02832	0.03135	0.02404	0.03271	0.03052	0.01986	0.42750	0.04756	0.15889	0.02929	0.02820	0.02010	0.01316	0.01092	0.00329	0.01150	0.01003	0.01139	0.01855
22	0.02059	0.01938	0.03270	0.59060	0.07510	0.02422	0.03028	0.02786	0.02180	0.02786	0.01938	0.02907	0.01453	0.01090	0.01090	0.00363	0.01453	0.00969	0.00484	0.01211
23	0.02699	0.02591	0.04426	0.06693	0.54879	0.02591	0.03346	0.03346	0.02483	0.03562	0.02051	0.02699	0.01727	0.00972	0.01079	0.00324	0.01295	0.00972	0.00540	0.01727
24	0.04489	0.01946	0.02518	0.01992	0.02793	0.01808	0.01625	0.05403	0.12327	0.46190	0.04327	0.03777	0.02815	0.01374	0.01099	0.00343	0.00916	0.01122	0.01305	0.01832
25	0.01707	0.01239	0.01687	0.01911	0.02174	0.01219	0.01657	0.02184	0.02507	0.03229	0.06341	0.12105	0.11458	0.02985	0.01483	0.00488	0.00955	0.42672	0.01005	0.00995
26	0.02409	0.03292	0.15220	0.04091	0.05211	0.02576	0.38530	0.03338	0.02487	0.03432	0.02443	0.07146	0.02018	0.01127	0.01248	0.00369	0.01706	0.01333	0.00569	0.01453
27	0.02699	0.02591	0.04426	0.06693	0.54879	0.02591	0.03346	0.03346	0.02483	0.03562	0.02051	0.02699	0.01727	0.00972	0.01079	0.00324	0.01295	0.00972	0.00540	0.01727
28	0.01328	0.00949	0.01265	0.01518	0.01581	0.00886	0.01012	0.01518	0.02088	0.02783	0.06010	0.60969	0.07212	0.03416	0.01392	0.00443	0.00633	0.03100	0.01012	0.00886
29	0.69383	0.02109	0.01603	0.01434	0.02109	0.02446	0.01181	0.03205	0.01856	0.04892	0.01518	0.01771	0.01181	0.01012	0.00675	0.00337	0.00843	0.00590	0.00675	0.01181
30	0.01678	0.01198	0.01666	0.01917	0.02134	0.01187	0.01619	0.02122	0.02432	0.03174	0.05817	0.21299	0.06448	0.03087	0.01485	0.00491	0.00935	0.39322	0.01006	0.00982
31	0.02675	0.02655	0.04797	0.06305	0.45785	0.02621	0.12143	0.03373	0.02500	0.03549	0.02080	0.02743	0.01714	0.00962	0.01118	0.00332	0.01396	0.01030	0.00542	0.01680
32	0.02625	0.02050	0.02690	0.02589	0.12276	0.01680	0.01705	0.03133	0.02395	0.09160	0.02213	0.02498	0.01752	0.00896	0.00889	0.00210	0.00911	0.00755	0.00702	0.48872
33	0.01527	0.01099	0.01454	0.01467	0.01688	0.01027	0.01104	0.01980	0.02840	0.03959	0.40151	0.18360	0.09287	0.02533	0.01329	0.00379	0.00589	0.07084	0.01144	0.01000
34	0.02330	0.02744	0.12508	0.02171	0.03219	0.01912	0.05139	0.03344	0.09244	0.03669	0.02302	0.02562	0.01810	0.00949	0.00923	0.00238	0.01032	0.00798	0.00669	0.42436
35	0.49939	0.19727	0.02805	0.01560	0.02310	0.02993	0.01381	0.03223	0.01961	0.04211	0.01518	0.01765	0.01245	0.00989	0.00682	0.00307	0.00938	0.00588	0.00614	0.01245
36	0.01476	0.01112	0.01364	0.01301	0.01588	0.01000	0.00976	0.01927	0.02927	0.03995	0.42848	0.08767	0.21980	0.02370	0.01287	0.00350	0.00524	0.02059	0.01151	0.01000
37	0.03091	0.02283	0.03483	0.02785	0.03532	0.02309	0.14626	0.10671	0.13404	0.13992	0.03849	0.05188	0.03170	0.01598	0.01232	0.00384	0.01206	0.10657	0.00985	0.01554
38	0.02284	0.02058	0.03271	0.52974	0.07065	0.02526	0.02925	0.08001	0.02497	0.03226	0.02011	0.02876	0.01497	0.01114	0.01090	0.00359	0.01426	0.00970	0.00550	0.01280
39	0.01543	0.01115	0.01457	0.01372	0.01629	0.01029	0.01029	0.02058	0.03086	0.04372	0.54304	0.08145	0.10288	0.02229	0.01286	0.00343	0.00514	0.01972	0.01200	0.01029
40	0.02648	0.02474	0.03399	0.02791	0.03444	0.02789	0.12199	0.04966	0.36751	0.04127	0.03642	0.03649	0.02770	0.01407	0.01413	0.00381	0.07400	0.01214	0.00923	0.01614
41	0.01296	0.01076	0.01134	0.01181	0.01493	0.00914	0.00862	0.01556	0.02412	0.02916	0.10114	0.19827	0.45704	0.02882	0.01308	0.00382	0.00567	0.02449	0.01012	0.00914
42	0.02428	0.02315	0.03938	0.28820	0.34863	0.02520	0.03212	0.03109	0.02355	0.03234	0.02003	0.02787	0.01611	0.01022	0.01084	0.00341	0.01362	0.00970	0.00516	0.01509
43	0.02699	0.02591	0.04426	0.06693	0.54879	0.02591	0.03346	0.03346	0.02483	0.03562	0.02051	0.02699	0.01727	0.00972	0.01079	0.00324	0.01295	0.00972	0.00540	0.01727
44	0.04139	0.03218	0.03258	0.02532	0.03381	0.07517	0.02075	0.47647	0.04970	0.06549	0.02546	0.02568	0.01820	0.01295	0.01082	0.00324	0.01259	0.00960	0.01050	0.01809
45	0.02699	0.02591	0.04426	0.06693	0.54879	0.02591	0.03346	0.03346	0.02483	0.03562	0.02051	0.02699	0.01727	0.00972	0.01079	0.00324	0.01295	0.00972	0.00540	0.01727
46	0.03796	0.04780	0.03708	0.03139	0.03801	0.47217	0.11133	0.04195	0.02994	0.02821	0.01782	0.02147	0.01451	0.01086	0.01039	0.00297	0.01943	0.00810	0.00560	0.01302
47	0.01955	0.01243	0.01368	0.01259	0.01715	0.01047	0.00972	0.02258	0.02603	0.12688	0.09799	0.09239	0.44870	0.02500	0.01253	0.00362	0.00622	0.02078	0.01075	0.01093
48	0.01408	0.01005	0.01356	0.01609	0.01707	0.00954	0.01150	0.01655	0.02166	0.02872	0.05966	0.51969	0.07038	0.03341	0.01413	0.00454	0.00701	0.11317	0.01011	0.00908
49	0.01586	0.01057	0.01189	0.01189	0.01189	0.01057	0.00661	0.01586	0.01586	0.02114	0.03436	0.07135	0.03964	0.61681	0.05550	0.01057	0.01057	0.01586	0.00661	0.00661
50	0.01543	0.01115	0.01457	0.01372	0.01629	0.01029	0.01029	0.02058	0.03086	0.04372	0.54304	0.08145	0.10288	0.02229	0.01286	0.00343	0.00514	0.01972	0.01200	0.01029
51	0.01346	0.01118	0.01184	0.01198	0.01548	0.00956	0.00919	0.01658	0.02532	0.03078	0.13839	0.10465	0.47225	0.02742	0.01306	0.00377	0.00586	0.05961	0.01026	0.00935
52	0.03456	0.03863	0.04220	0.03332	0.04131	0.25896	0.18901	0.11264	0.07277	0.03742	0.02230	0.02572	0.01715	0.01110	0.01114	0.00325	0.01716	0.00989	0.00683	0.01462
53	0.02897	0.02819	0.04296	0.10818	0.26796	0.06701	0.11746	0.09801	0.06164	0.03898	0.02271	0.02792	0.01782	0.01063	0.01115	0.00337	0.01421	0.01028	0.00647	0.01607
54	0.02261	0.01938	0.02261	0.01615	0.02584	0.01453	0.01292	0.02745	0.02261	0.03553	0.01938	0.02261	0.01615	0.00807	0.00807	0.00161	0.00807	0.00646	0.00646	0.68346
55	0.02915	0.62337	0.05714	0.01866	0.02799	0.04314	0.01866	0.03265	0.02215	0.02565	0.01516	0.01749	0.01399	0.00933	0.00700	0.00233	0.01166	0.00583	0.00466	0.01399
56	0.01543	0.01115	0.01457	0.01372	0.01629	0.01029	0.01029	0.02058	0.03086	0.04372	0.54304	0.08145	0.10288	0.02229	0.01286	0.00343	0.00514	0.01972	0.01200	0.01029
57	0.01554	0.01096	0.01433	0.01452	0.01539	0.01173	0.00984	0.01733	0.01694	0.02341	0.03413	0.10009	0.03687	0.34658	0.27127	0.01304	0.01812	0.01524	0.00655	0.00810
58	0.02641	0.02553	0.04225	0.05984	0.45261	0.02729	0.03169	0.03213	0.02332	0.03389	0.01936	0.02641	0.01672	0.01145	0.01542	0.00352	0.12092	0.00968	0.00528	0.01628
59	0.04358	0.02878	0.03040	0.02367	0.03206	0.07253	0.01938	0.33989	0.04374	0.20794	0.03034	0.02885	0.02065	0.01306	0.01084	0.00326	0.01183	0.00993	0.01123	0.01807
60	0.02247	0.02623	0.12204	0.01891	0.02979	0.01653	0.01798	0.02876	0.02269	0.03534	0.01941	0.02269	0.01572	0.00850	0.00850	0.00195	0.00956	0.00676	0.00612	0.56006
61	0.16009	0.03371	0.02647	0.02291	0.02961	0.22554	0.01793	0.10635	0.12549	0.10900	0.02638	0.02640	0.01954	0.01224	0.00979	0.00322	0.01315	0.00870	0.00858	0.01490
62	0.04145	0.03054	0.03272	0.02509	0.03381	0.03381	0.02072	0.51243	0.05127	0.06872	0.02618	0.02618	0.01854	0.01309	0.01091	0.00327	0.01200	0.00982	0.01091	0.01854
63	0.02915	0.62337	0.05714	0.01866	0.02799	0.04314	0.01866	0.03265	0.02215	0.02565	0.01516	0.01749	0.01399	0.00933	0.00700	0.00233	0.01166	0.00583	0.00466	0.01399
64	0.02977	0.02474	0.02615	0.02273	0.02936	0.02836	0.01790	0.14198	0.44074	0.04988	0.04101	0.03800	0.03056	0.01448	0.01106	0.00362	0.00925	0.01186	0.01106	0.01750
65	0.01683	0.01352	0.01992	0.01920	0.02085	0.01662	0.01518	0.02049	0.01740	0.02545	0.02695	0.03997	0.02530	0.07230	0.49228	0.01560	0.11504	0.01136	0.00568	0.01007
66	0.01475	0.01112	0.01363	0.01300	0.01587	0.01000	0.00975	0.01925	0.02925	0.03989	0.42666	0.08777	0.22166	0.02372	0.01287	0.00350	0.00525	0.02060	0.01150	0.01000
67	0.01289	0.01105	0.01105	0.01105	0.01473	0.00920	0.00828	0.01565	0.02485	0.02946	0.11046	0.10493	0.54437	0.02761	0.01289	0.00368	0.00552	0.02301	0.01013	0.00920
68	0.01586	0.01057	0.01189	0.01189	0.01189	0.01057	0.00661	0.01586	0.01586	0.02114	0.03436	0.07135	0.03964	0.61681	0.05550	0.01057	0.01057	0.01586	0.00661	0.00661
69	0.69383	0.02109	0.01603	0.01434	0.02109	0.02446	0.01181	0.03205	0.01856	0.04892	0.01518	0.01771	0.01181	0.01012	0.00675	0.00337	0.00843	0.00590	0.00675	0.01181
70	0.02187	0.05640	0.56031	0.03108	0.04719	0.02532	0.04029	0.03453	0.02302	0.03453	0.01957	0.02302	0.01381	0.01036	0.01036	0.00345	0.01611	0.00806	0.00460	0.01611
71	0.04892	0.01856	0.02530	0.01940	0.02783	0.01603	0.01603	0.05314	0.03121	0.55634	0.04302	0.03711	0.02699	0.01350	0.01096	0.00337	0.00928	0.01096	0.01350	0.01856
72	0.02699	0.02591	0.04426	0.06693	0.54879	0.02591	0.03346	0.03346	0.02483	0.03562	0.02051	0.02699	0.01727	0.00972	0.01079	0.00324	0.01295	0.00972	0.00540	0.01727
73	0.01375	0.01132	0.01225	0.01272	0.01618	0.00982	0.01000	0.01693	0.02490	0.03004	0.10071	0.10827	0.45531	0.02808	0.01329	0.00393	0.00636	0.10667	0.01011	0.00936
74	0.02187	0.05640	0.56031	0.03108	0.04719	0.02532	0.04029	0.03453	0.02302	0.03453	0.01957	0.02302	0.01381	0.01036	0.01036	0.00345	0.01611	0.00806	0.00460	0.01611
75	0.02915	0.62337	0.05714	0.01866	0.02799	0.04314	0.01866	0.03265	0.02215	0.02565	0.01516	0.01749	0.01399	0.00933	0.00700	0.00233	0.01166	0.00583	0.00466	0.01399
76	0.01328	0.00949	0.01265	0.01518	0.01581	0.00886	0.01012	0.01518	0.02088	0.02783	0.06010	0.60969	0.07212	0.03416	0.01392	0.00443	0.00633	0.03100	0.01012	0.00886
77	0.04283	0.02832	0.03135	0.02404	0.03271	0.03052	0.01986	0.42750	0.04756	0.15889	0.02929	0.02820	0.02010	0.01316	0.01092	0.00329	0.01150	0.01003	0.01139	0.01855
78	0.04892	0.01856	0.02530	0.01940	0.02783	0.01603	0.01603	0.05314	0.03121	0.55634	0.04302	0.03711	0.02699	0.01350	0.01096	0.00337	0.00928	0.01096	0.01350	0.01856
79	0.02924	0.02777	0.05844	0.04194	0.05258	0.02583	0.43462	0.03768	0.02656	0.11377	0.02523	0.03058	0.01812	0.00984	0.01258	0.00363	0.01701	0.01258	0.00672	0.01529
80	0.04109	0.02115	0.02600	0.02107	0.02864	0.02096	0.01737	0.15029	0.09966	0.32758	0.04112	0.04444	0.02982	0.01536	0.01141	0.00357	0.00987	0.06088	0.01225	0.01747
81	0.03861	0.02403	0.04227	0.03099	0.04054	0.02223	0.22363	0.08029	0.03043	0.30027	0.03293	0.03305	0.02196	0.01166	0.01176	0.00349	0.01331	0.01168	0.00995	0.01694
82	0.20163	0.02003	0.02364	0.01861	0.02667	0.01933	0.01537	0.08159	0.02966	0.40024	0.03518	0.03171	0.02277	0.01266	0.00996	0.00337	0.00928	0.00968	0.01170	0.01695

[dist]
# distance from previous block
# <min> <max>
0	1

[block]
# block no. 1 follows, 12 sequences, length 15
# corresponding to MSA columns:
# 118-132
name=unknown_B
#
# <colnr> <probs for GDERKNQSTAVLIFYWHMCP>
#	G	D	E	R	K	N	Q	S	T	A	V	L	I	F	Y	W	H	M	C	P
0	0.04248	0.01692	0.02302	0.01864	0.02566	0.01473	0.01496	0.04627	0.02934	0.46078	0.04610	0.14064	0.03515	0.01723	0.01150	0.00356	0.00874	0.01459	0.01289	0.01680
1	0.04495	0.01989	0.02873	0.02799	0.12203	0.01781	0.01918	0.04958	0.03005	0.46219	0.03895	0.03528	0.02523	0.01281	0.01093	0.00335	0.00994	0.01074	0.01203	0.01832
2	0.02528	0.05560	0.46459	0.03054	0.04475	0.12435	0.03681	0.03616	0.02444	0.03311	0.01908	0.02241	0.01385	0.01052	0.01026	0.00334	0.01676	0.00787	0.00479	0.01549
3	0.03231	0.02633	0.05327	0.03843	0.04872	0.02430	0.36937	0.04009	0.02729	0.18276	0.02800	0.03159	0.01951	0.01041	0.01233	0.00359	0.01580	0.01233	0.00778	0.01580
4	0.01583	0.01069	0.01250	0.01250	0.01272	0.01090	0.00737	0.01625	0.01604	0.02160	0.03379	0.06825	0.03829	0.55860	0.11186	0.01133	0.01260	0.01540	0.00652	0.00695
5	0.02596	0.02193	0.03635	0.21081	0.31281	0.02304	0.02876	0.03234	0.02509	0.08045	0.07227	0.03372	0.02554	0.01160	0.01104	0.00338	0.01234	0.01078	0.00659	0.01521
6	0.02851	0.01831	0.02367	0.07128	0.03065	0.01844	0.01857	0.12185	0.03063	0.13401	0.04200	0.07114	0.03915	0.02006	0.01249	0.00394	0.01048	0.21684	0.01002	0.07793
7	0.22471	0.08232	0.02949	0.16025	0.08724	0.02418	0.02019	0.03694	0.02373	0.17744	0.02423	0.02657	0.01732	0.01110	0.00930	0.00332	0.01090	0.00854	0.00777	0.01446
8	0.03007	0.08118	0.17624	0.02189	0.03224	0.02026	0.02245	0.03682	0.02543	0.18492	0.02985	0.03679	0.02324	0.01266	0.01017	0.00305	0.01118	0.05632	0.00819	0.17705
9	0.02691	0.02853	0.15752	0.08604	0.03942	0.01954	0.06996	0.03422	0.02472	0.12986	0.02735	0.03544	0.02148	0.01195	0.01053	0.00309	0.01210	0.04931	0.00735	0.20468
10	0.10382	0.01802	0.02190	0.01780	0.02542	0.01577	0.01473	0.03596	0.02561	0.21701	0.03417	0.04555	0.02800	0.01423	0.01022	0.00304	0.00889	0.09415	0.00959	0.25612
11	0.10718	0.02793	0.12017	0.02204	0.03077	0.02298	0.02076	0.17607	0.03379	0.17996	0.08317	0.03927	0.03057	0.01440	0.01083	0.00347	0.01082	0.03979	0.01005	0.01599
12	0.19183	0.02354	0.08022	0.02187	0.02970	0.02039	0.06136	0.07242	0.02686	0.20265	0.03372	0.08742	0.02779	0.01534	0.01071	0.00365	0.01061	0.05580	0.00944	0.01469
13	0.11979	0.02154	0.06986	0.06144	0.03103	0.01786	0.01799	0.04375	0.02769	0.36322	0.04184	0.03896	0.06910	0.01388	0.01057	0.00343	0.00982	0.01107	0.01096	0.01621
14	0.10141	0.13418	0.03242	0.02070	0.02834	0.06494	0.05929	0.08392	0.02813	0.07244	0.11511	0.03346	0.03178	0.01232	0.00964	0.00283	0.01053	0.00994	0.00794	0.14066

[dist]
# distance from previous block
# <min> <max>
0	17

[block]
# block no. 2 follows, 12 sequences, length 53
# corresponding to MSA columns:
# 150-202
name=unknown_C
#
# <colnr> <probs for GDERKNQSTAVLIFYWHMCP>
#	G	D	E	R	K	N	Q	S	T	A	V	L	I	F	Y	W	H	M	C	P
0	0.02641	0.08482	0.27754	0.02557	0.03763	0.02259	0.06253	0.03483	0.02454	0.11645	0.03040	0.03181	0.05912	0.01175	0.01025	0.00312	0.01283	0.00967	0.00680	0.11133
1	0.03377	0.07981	0.18698	0.02348	0.03368	0.02412	0.02382	0.10629	0.08241	0.20541	0.06545	0.03324	0.02667	0.01290	0.01060	0.00334	0.01152	0.01027	0.00945	0.01677
2	0.02453	0.09163	0.42197	0.02763	0.04117	0.02437	0.03367	0.03474	0.02363	0.08747	0.02497	0.07190	0.01995	0.01255	0.01046	0.00344	0.01427	0.01006	0.00598	0.01561
3	0.02614	0.21437	0.37376	0.02660	0.04016	0.02963	0.03216	0.03551	0.02344	0.07456	0.02023	0.02260	0.01494	0.01032	0.00945	0.00313	0.01429	0.00766	0.00535	0.01571
4	0.08046	0.34894	0.25375	0.02324	0.03506	0.03454	0.02669	0.03335	0.02221	0.03108	0.01691	0.01971	0.01374	0.00980	0.00831	0.00286	0.01317	0.00672	0.00481	0.01466
5	0.17803	0.21597	0.21693	0.02322	0.03379	0.10437	0.02486	0.03463	0.02282	0.03408	0.01691	0.01973	0.01345	0.01012	0.00848	0.00302	0.01354	0.00677	0.00524	0.01405
6	0.30612	0.04146	0.33007	0.02400	0.03615	0.02496	0.02824	0.03348	0.02113	0.04062	0.01771	0.02077	0.01296	0.01026	0.00883	0.00342	0.01287	0.00715	0.00551	0.01429
7	0.02176	0.10914	0.43439	0.02744	0.04103	0.02514	0.03399	0.03245	0.02399	0.03485	0.08980	0.03034	0.02586	0.01186	0.01035	0.00333	0.01417	0.00940	0.00561	0.01511
8	0.01503	0.01113	0.01402	0.01330	0.01604	0.01012	0.00997	0.01980	0.02992	0.04147	0.47483	0.08515	0.17249	0.02313	0.01286	0.00347	0.00520	0.02024	0.01171	0.01012
9	0.02915	0.62337	0.05714	0.01866	0.02799	0.04314	0.01866	0.03265	0.02215	0.02565	0.01516	0.01749	0.01399	0.00933	0.00700	0.00233	0.01166	0.00583	0.00466	0.01399
10	0.02404	0.22541	0.41032	0.02737	0.04147	0.03063	0.03384	0.03397	0.02276	0.03188	0.01825	0.02137	0.01387	0.01005	0.00936	0.00312	0.01479	0.00739	0.00462	0.01548
11	0.03480	0.02724	0.02898	0.02374	0.03128	0.03071	0.01912	0.30153	0.27299	0.05800	0.03462	0.03291	0.02538	0.01388	0.01099	0.00347	0.01043	0.01098	0.01099	0.01795
12	0.69383	0.02109	0.01603	0.01434	0.02109	0.02446	0.01181	0.03205	0.01856	0.04892	0.01518	0.01771	0.01181	0.01012	0.00675	0.00337	0.00843	0.00590	0.00675	0.01181
13	0.01517	0.01114	0.01421	0.01344	0.01613	0.01018	0.01008	0.02006	0.03024	0.04224	0.49814	0.08388	0.14870	0.02284	0.01286	0.00346	0.00518	0.02006	0.01181	0.01018
14	0.02285	0.13296	0.49237	0.02940	0.04460	0.02773	0.03736	0.03428	0.02290	0.03333	0.01897	0.02227	0.01384	0.01022	0.00991	0.00330	0.01551	0.00776	0.00461	0.01583
15	0.03360	0.02216	0.03383	0.02473	0.03424	0.01934	0.12893	0.07038	0.02819	0.21592	0.02854	0.02938	0.02011	0.01052	0.01036	0.00280	0.01113	0.00970	0.00895	0.25719
16	0.02809	0.02799	0.04319	0.06382	0.50758	0.06968	0.03247	0.03427	0.02531	0.03491	0.02022	0.02640	0.01701	0.00984	0.01072	0.00320	0.01349	0.00950	0.00541	0.01690
17	0.02915	0.62337	0.05714	0.01866	0.02799	0.04314	0.01866	0.03265	0.02215	0.02565	0.01516	0.01749	0.01399	0.00933	0.00700	0.00233	0.01166	0.00583	0.00466	0.01399
18	0.01289	0.01105	0.01105	0.01105	0.01473	0.00920	0.00828	0.01565	0.02485	0.02946	0.11046	0.10493	0.54437	0.02761	0.01289	0.00368	0.00552	0.02301	0.01013	0.00920
19	0.02187	0.05640	0.56031	0.03108	0.04719	0.02532	0.04029	0.03453	0.02302	0.03453	0.01957	0.02302	0.01381	0.01036	0.01036	0.00345	0.01611	0.00806	0.00460	0.01611
20	0.01328	0.00949	0.01265	0.01518	0.01581	0.00886	0.01012	0.01518	0.02088	0.02783	0.06010	0.60969	0.07212	0.03416	0.01392	0.00443	0.00633	0.03100	0.01012	0.00886
21	0.01543	0.01115	0.01457	0.01372	0.01629	0.01029	0.01029	0.02058	0.03086	0.04372	0.54304	0.08145	0.10288	0.02229	0.01286	0.00343	0.00514	0.01972	0.01200	0.01029
22	0.01757	0.01255	0.01757	0.02008	0.02259	0.01255	0.01757	0.02259	0.02510	0.03263	0.05773	0.12299	0.06275	0.03012	0.01506	0.00502	0.01004	0.47540	0.01004	0.01004
23	0.02906	0.02438	0.02574	0.02258	0.02909	0.02802	0.01773	0.11931	0.46457	0.04873	0.04192	0.03872	0.03129	0.01456	0.01107	0.00364	0.00908	0.01199	0.01107	0.01743
24	0.02574	0.02941	0.06434	0.04596	0.05699	0.02757	0.50919	0.03493	0.02574	0.03493	0.02206	0.02941	0.01654	0.00919	0.01287	0.00368	0.01838	0.01287	0.00551	0.01471
25	0.04791	0.02017	0.02631	0.02017	0.02864	0.01843	0.01666	0.11516	0.03392	0.49050	0.04074	0.03564	0.02585	0.01344	0.01096	0.00336	0.00965	0.01081	0.01315	0.01855
26	0.23277	0.03790	0.03115	0.02616	0.03311	0.29003	0.08420	0.07930	0.02829	0.03802	0.01786	0.02096	0.01411	0.01079	0.00942	0.00313	0.01550	0.00772	0.00639	0.01318
27	0.01995	0.01215	0.01602	0.01448	0.01785	0.01106	0.01106	0.02497	0.03091	0.11295	0.47552	0.07546	0.09263	0.02110	0.01260	0.00342	0.00570	0.01854	0.01220	0.01140
28	0.04145	0.03054	0.03272	0.02509	0.03381	0.03381	0.02072	0.51243	0.05127	0.06872	0.02618	0.02618	0.01854	0.01309	0.01091	0.00327	0.01200	0.00982	0.01091	0.01854
29	0.02059	0.01938	0.03270	0.59060	0.07510	0.02422	0.03028	0.02786	0.02180	0.02786	0.01938	0.02907	0.01453	0.01090	0.01090	0.00363	0.01453	0.00969	0.00484	0.01211
30	0.14309	0.02502	0.03069	0.03095	0.14104	0.02614	0.02087	0.21757	0.03535	0.18176	0.02748	0.02778	0.01934	0.01200	0.01024	0.00331	0.01095	0.00947	0.00972	0.01721
31	0.02699	0.02591	0.04426	0.06693	0.54879	0.02591	0.03346	0.03346	0.02483	0.03562	0.02051	0.02699	0.01727	0.00972	0.01079	0.00324	0.01295	0.00972	0.00540	0.01727
32	0.04440	0.01756	0.02385	0.01863	0.02628	0.01525	0.01525	0.04874	0.03116	0.48712	0.11054	0.04310	0.03724	0.01468	0.01122	0.00338	0.00872	0.01215	0.01329	0.01744
33	0.01505	0.01113	0.01405	0.01332	0.01606	0.01013	0.00999	0.01984	0.02997	0.04160	0.47857	0.08495	0.16867	0.02308	0.01286	0.00347	0.00520	0.02021	0.01172	0.01013
34	0.02917	0.02976	0.04012	0.05616	0.41355	0.11230	0.02983	0.03759	0.07812	0.03525	0.02241	0.02725	0.01842	0.01048	0.01067	0.00322	0.01356	0.00956	0.00602	0.01654
35	0.04892	0.01856	0.02530	0.01940	0.02783	0.01603	0.01603	0.05314	0.03121	0.55634	0.04302	0.03711	0.02699	0.01350	0.01096	0.00337	0.00928	0.01096	0.01350	0.01856
36	0.01328	0.00949	0.01265	0.01518	0.01581	0.00886	0.01012	0.01518	0.02088	0.02783	0.06010	0.60969	0.07212	0.03416	0.01392	0.00443	0.00633	0.03100	0.01012	0.00886
37	0.02577	0.02467	0.04206	0.16633	0.45887	0.02559	0.03286	0.03240	0.02425	0.03415	0.02030	0.02738	0.01675	0.00994	0.01081	0.00331	0.01325	0.00971	0.00529	0.01629
38	0.04414	0.03509	0.02894	0.02411	0.03136	0.26254	0.01898	0.12262	0.03429	0.24642	0.02887	0.02772	0.01997	0.01244	0.01046	0.00311	0.01426	0.00906	0.00963	0.01597
39	0.04678	0.02729	0.02677	0.02167	0.02937	0.16167	0.01734	0.05063	0.03113	0.41785	0.03618	0.03255	0.02361	0.01290	0.01067	0.00323	0.01199	0.00993	0.01144	0.01701
40	0.11655	0.34862	0.16402	0.02068	0.03126	0.03354	0.02212	0.03246	0.02192	0.03187	0.01662	0.01933	0.01388	0.00954	0.00785	0.00266	0.01188	0.00642	0.00512	0.08367
41	0.63764	0.02374	0.01731	0.01552	0.02217	0.07166	0.01260	0.03304	0.01962	0.04701	0.01533	0.01788	0.01200	0.01022	0.00701	0.00333	0.00940	0.00600	0.00665	0.01188
42	0.02915	0.62337	0.05714	0.01866	0.02799	0.04314	0.01866	0.03265	0.02215	0.02565	0.01516	0.01749	0.01399	0.00933	0.00700	0.00233	0.01166	0.00583	0.00466	0.01399
43	0.01289	0.01105	0.01105	0.01105	0.01473	0.00920	0.00828	0.01565	0.02485	0.02946	0.11046	0.10493	0.54437	0.02761	0.01289	0.00368	0.00552	0.02301	0.01013	0.00920
44	0.01543	0.01115	0.01457	0.01372	0.01629	0.01029	0.01029	0.02058	0.03086	0.04372	0.54304	0.08145	0.10288	0.02229	0.01286	0.00343	0.00514	0.01972	0.01200	0.01029
45	0.04012	0.03282	0.03178	0.02524	0.03333	0.10605	0.02047	0.41001	0.08962	0.06105	0.02648	0.02655	0.01920	0.01299	0.01078	0.00325	0.01274	0.00966	0.01021	0.01764
46	0.04892	0.01856	0.02530	0.01940	0.02783	0.01603	0.01603	0.05314	0.03121	0.55634	0.04302	0.03711	0.02699	0.01350	0.01096	0.00337	0.00928	0.01096	0.01350	0.01856
47	0.01289	0.01105	0.01105	0.01105	0.01473	0.00920	0.00828	0.01565	0.02485	0.02946	0.11046	0.10493	0.54437	0.02761	0.01289	0.00368	0.00552	0.02301	0.01013	0.00920
48	0.01757	0.01255	0.01757	0.02008	0.02259	0.01255	0.01757	0.02259	0.02510	0.03263	0.05773	0.12299	0.06275	0.03012	0.01506	0.00502	0.01004	0.47540	0.01004	0.01004
49	0.02377	0.20465	0.42874	0.02783	0.04217	0.02998	0.03463	0.03404	0.02279	0.03221	0.01841	0.02157	0.01386	0.01009	0.00948	0.00316	0.01495	0.00747	0.00462	0.01556
50	0.01328	0.00949	0.01265	0.01518	0.01581	0.00886	0.01012	0.01518	0.02088	0.02783	0.06010	0.60969	0.07212	0.03416	0.01392	0.00443	0.00633	0.03100	0.01012	0.00886
51	0.02712	0.02342	0.02465	0.02219	0.02835	0.02712	0.01726	0.05794	0.52909	0.04561	0.04438	0.04068	0.03328	0.01479	0.01109	0.00370	0.00863	0.01233	0.01109	0.01726
52	0.01723	0.01244	0.01710	0.01942	0.02202	0.01231	0.01690	0.02209	0.02508	0.03240	0.06156	0.12168	0.09769	0.02994	0.01490	0.00492	0.00971	0.44259	0.01005	0.00998

[dist]
# distance from previous block
# <min> <max>
0	1039

# created by:
# /st0/software/busco_prod/Augustus/scripts/msa2prfl.pl ./align_prep/9812.fa
