[name]
unknown

[dist]
# distance from previous block
# <min> <max>
0	534

[block]
# block no. 0 follows, 12 sequences, length 85
# corresponding to MSA columns:
# 702-786
name=unknown_A
#
# <colnr> <probs for GDERKNQSTAVLIFYWHMCP>
#	G	D	E	R	K	N	Q	S	T	A	V	L	I	F	Y	W	H	M	C	P
0	0.02880	0.01833	0.02160	0.01789	0.02440	0.01723	0.01413	0.07195	0.10750	0.15881	0.04282	0.05052	0.07816	0.08398	0.01588	0.00397	0.00894	0.04858	0.00983	0.17668
1	0.20278	0.07400	0.06701	0.02025	0.02847	0.02736	0.01797	0.22403	0.03394	0.09038	0.03292	0.03293	0.07686	0.01352	0.00972	0.00329	0.01042	0.00997	0.00898	0.01521
2	0.09195	0.09375	0.06751	0.06828	0.03071	0.06709	0.01805	0.10995	0.02791	0.08034	0.06742	0.03569	0.02697	0.10005	0.01637	0.00414	0.01145	0.01017	0.00772	0.06447
3	0.07226	0.02567	0.14796	0.02540	0.07211	0.01845	0.06380	0.02823	0.02237	0.07249	0.08564	0.04498	0.03293	0.16959	0.06672	0.00634	0.01335	0.01227	0.00704	0.01239
4	0.03142	0.07161	0.03453	0.07707	0.09458	0.02532	0.06453	0.11976	0.10247	0.12429	0.03088	0.03706	0.02418	0.01308	0.01088	0.00334	0.01149	0.04561	0.00879	0.06910
5	0.16340	0.02863	0.07623	0.07617	0.03805	0.06305	0.09564	0.10949	0.07591	0.08243	0.02400	0.02646	0.01767	0.01113	0.01005	0.00329	0.01253	0.00921	0.00766	0.06898
6	0.13283	0.02607	0.06949	0.02664	0.07045	0.02538	0.06359	0.17050	0.03128	0.08510	0.03650	0.03780	0.09843	0.01460	0.01279	0.00353	0.06023	0.01145	0.00845	0.01488
7	0.13963	0.02727	0.11506	0.12119	0.07442	0.02291	0.02326	0.09156	0.02741	0.16724	0.02536	0.02723	0.01779	0.01127	0.00993	0.00328	0.01163	0.00889	0.00808	0.06659
8	0.27776	0.02620	0.11085	0.06545	0.07099	0.02244	0.02040	0.03657	0.06092	0.12658	0.03001	0.03111	0.05363	0.01231	0.00941	0.00344	0.01045	0.00934	0.00783	0.01431
9	0.07409	0.18962	0.07686	0.11493	0.03651	0.02816	0.02078	0.07068	0.06716	0.08441	0.02353	0.02664	0.01828	0.01618	0.05141	0.00407	0.01284	0.00847	0.00691	0.06848
10	0.18680	0.01993	0.02466	0.06624	0.02995	0.02150	0.05323	0.12921	0.02830	0.07943	0.06841	0.12776	0.03297	0.02188	0.05789	0.00476	0.01164	0.01359	0.00871	0.01315
11	0.02353	0.07206	0.11770	0.02844	0.07308	0.02561	0.06866	0.03626	0.15039	0.03735	0.12708	0.03946	0.03667	0.01482	0.01475	0.00362	0.09618	0.01204	0.00785	0.01445
12	0.02936	0.03114	0.14095	0.13454	0.23419	0.02618	0.03053	0.12279	0.02937	0.08228	0.02300	0.02721	0.01715	0.01097	0.01076	0.00336	0.01337	0.00950	0.00682	0.01653
13	0.01894	0.00947	0.01420	0.01420	0.01420	0.00947	0.00947	0.01420	0.01420	0.01894	0.01894	0.03314	0.01894	0.03788	0.04261	0.68277	0.00947	0.00947	0.00473	0.00473
14	0.02261	0.01938	0.02261	0.01615	0.02584	0.01453	0.01292	0.02745	0.02261	0.03553	0.01938	0.02261	0.01615	0.00807	0.00807	0.00161	0.00807	0.00646	0.00646	0.68346
15	0.01473	0.01112	0.01360	0.01298	0.01586	0.00999	0.00973	0.01922	0.02920	0.03978	0.42360	0.08793	0.22478	0.02376	0.01287	0.00350	0.00525	0.02063	0.01148	0.00999
16	0.01366	0.00978	0.01299	0.01492	0.01590	0.00911	0.01015	0.01613	0.02263	0.03063	0.14495	0.51688	0.07752	0.03207	0.01373	0.00425	0.00612	0.02902	0.01045	0.00911
17	0.02237	0.02191	0.03210	0.31147	0.05377	0.06945	0.07149	0.02851	0.02329	0.02940	0.02789	0.04964	0.02584	0.01591	0.01405	0.00398	0.06312	0.11773	0.00617	0.01191
18	0.02070	0.13280	0.33407	0.02485	0.03574	0.02369	0.02878	0.02903	0.02231	0.03134	0.02977	0.17988	0.02952	0.01660	0.01079	0.00354	0.01278	0.01388	0.00610	0.01383
19	0.36333	0.22729	0.07100	0.01752	0.02551	0.02990	0.01674	0.03168	0.02064	0.03863	0.01894	0.02654	0.01681	0.01148	0.00777	0.00316	0.01024	0.04394	0.00615	0.01273
20	0.02767	0.50770	0.15979	0.02119	0.03190	0.03951	0.02307	0.03303	0.02233	0.02746	0.01606	0.01862	0.01396	0.00954	0.00768	0.00256	0.01257	0.00628	0.00465	0.01443
21	0.69383	0.02109	0.01603	0.01434	0.02109	0.02446	0.01181	0.03205	0.01856	0.04892	0.01518	0.01771	0.01181	0.01012	0.00675	0.00337	0.00843	0.00590	0.00675	0.01181
22	0.69383	0.02109	0.01603	0.01434	0.02109	0.02446	0.01181	0.03205	0.01856	0.04892	0.01518	0.01771	0.01181	0.01012	0.00675	0.00337	0.00843	0.00590	0.00675	0.01181
23	0.02195	0.01663	0.02583	0.25195	0.09233	0.01829	0.02219	0.02712	0.02291	0.07629	0.03501	0.10124	0.03399	0.08637	0.01715	0.00473	0.01182	0.11492	0.00744	0.01184
24	0.02316	0.10648	0.45130	0.02888	0.04321	0.02722	0.03560	0.03703	0.08079	0.03495	0.02198	0.02451	0.01606	0.01077	0.01012	0.00337	0.01484	0.00833	0.00535	0.01604
25	0.01543	0.01115	0.01457	0.01372	0.01629	0.01029	0.01029	0.02058	0.03086	0.04372	0.54304	0.08145	0.10288	0.02229	0.01286	0.00343	0.00514	0.01972	0.01200	0.01029
26	0.02381	0.02361	0.03426	0.08527	0.07744	0.03189	0.02529	0.02701	0.01788	0.02719	0.01532	0.02462	0.01459	0.01751	0.03129	0.00453	0.49171	0.00957	0.00483	0.01240
27	0.09561	0.02229	0.03226	0.03890	0.24310	0.02193	0.02299	0.04355	0.07471	0.24660	0.03132	0.03152	0.02220	0.01175	0.01053	0.00335	0.01066	0.01012	0.00931	0.01730
28	0.01509	0.01078	0.01472	0.01725	0.01867	0.01041	0.01326	0.01830	0.02266	0.02985	0.05910	0.40462	0.06817	0.03246	0.01440	0.00468	0.00789	0.21824	0.01009	0.00936
29	0.02528	0.02808	0.05692	0.04180	0.05019	0.02897	0.39284	0.03284	0.02357	0.03284	0.02020	0.02808	0.01601	0.01156	0.01836	0.00394	0.15706	0.01207	0.00534	0.01404
30	0.02179	0.01267	0.01592	0.01422	0.01831	0.01121	0.01098	0.02613	0.02940	0.14735	0.32774	0.07818	0.19993	0.02181	0.01247	0.00348	0.00611	0.01873	0.01183	0.01174
31	0.02903	0.01373	0.01805	0.01671	0.02115	0.01237	0.01303	0.03259	0.02606	0.24641	0.05397	0.23043	0.08092	0.02274	0.01217	0.00383	0.00779	0.07105	0.07486	0.01312
32	0.01328	0.00949	0.01265	0.01518	0.01581	0.00886	0.01012	0.01518	0.02088	0.02783	0.06010	0.60969	0.07212	0.03416	0.01392	0.00443	0.00633	0.03100	0.01012	0.00886
33	0.03481	0.17739	0.13418	0.02570	0.03576	0.07968	0.06247	0.16112	0.03228	0.12024	0.02375	0.02488	0.01733	0.01128	0.00994	0.00309	0.01344	0.00872	0.00777	0.01618
34	0.08742	0.13990	0.11184	0.07510	0.07804	0.16106	0.02396	0.07411	0.08440	0.03569	0.02116	0.02388	0.01665	0.01108	0.00954	0.00311	0.01398	0.00813	0.00634	0.01461
35	0.07912	0.02016	0.03205	0.02851	0.07764	0.01944	0.12746	0.06975	0.02700	0.16398	0.03782	0.19746	0.03500	0.01786	0.01191	0.00373	0.01096	0.01660	0.00929	0.01426
36	0.69383	0.02109	0.01603	0.01434	0.02109	0.02446	0.01181	0.03205	0.01856	0.04892	0.01518	0.01771	0.01181	0.01012	0.00675	0.00337	0.00843	0.00590	0.00675	0.01181
37	0.01577	0.01093	0.01370	0.01370	0.01432	0.01155	0.00886	0.01702	0.01639	0.02248	0.03270	0.06221	0.03567	0.44523	0.22165	0.01280	0.01655	0.01452	0.00636	0.00761
38	0.02045	0.10514	0.02433	0.01842	0.02169	0.08160	0.01461	0.02383	0.01958	0.02516	0.02619	0.03894	0.02488	0.10885	0.38254	0.01304	0.02397	0.01065	0.00571	0.01042
39	0.02919	0.01846	0.02017	0.01634	0.02239	0.01844	0.01308	0.17392	0.03197	0.08680	0.03057	0.03299	0.02306	0.01210	0.00893	0.00267	0.00798	0.00949	0.31423	0.12723
40	0.63913	0.02188	0.01743	0.01524	0.02215	0.02524	0.01256	0.07233	0.02130	0.05058	0.01610	0.01842	0.01237	0.01037	0.00710	0.00337	0.00873	0.00623	0.00710	0.01237
41	0.02232	0.05358	0.51459	0.03032	0.04558	0.02548	0.03832	0.03653	0.06622	0.03548	0.02169	0.02453	0.01547	0.01074	0.01042	0.00347	0.01548	0.00842	0.00516	0.01621
42	0.02683	0.44279	0.21740	0.02261	0.03410	0.03747	0.02555	0.03325	0.02243	0.02848	0.01656	0.01925	0.01394	0.00966	0.00807	0.00269	0.01308	0.00654	0.00465	0.01467
43	0.02915	0.62337	0.05714	0.01866	0.02799	0.04314	0.01866	0.03265	0.02215	0.02565	0.01516	0.01749	0.01399	0.00933	0.00700	0.00233	0.01166	0.00583	0.00466	0.01399
44	0.02091	0.01807	0.06414	0.02069	0.02505	0.01584	0.01894	0.07984	0.02772	0.03763	0.04894	0.09616	0.05047	0.02495	0.01352	0.00447	0.01033	0.34126	0.06954	0.01153
45	0.02096	0.03183	0.21027	0.30824	0.05904	0.02361	0.06986	0.03000	0.02334	0.03208	0.06663	0.03177	0.02238	0.01161	0.01105	0.00356	0.01453	0.01030	0.00546	0.01349
46	0.01780	0.01022	0.01533	0.01533	0.01599	0.01088	0.01088	0.01599	0.01533	0.02110	0.02242	0.03643	0.02176	0.05276	0.22268	0.45717	0.01616	0.01022	0.00511	0.00643
47	0.01894	0.00947	0.01420	0.01420	0.01420	0.00947	0.00947	0.01420	0.01420	0.01894	0.01894	0.03314	0.01894	0.03788	0.04261	0.68277	0.00947	0.00947	0.00473	0.00473
48	0.02339	0.02049	0.03457	0.02781	0.03367	0.02085	0.17629	0.10303	0.02671	0.03616	0.03199	0.05315	0.03003	0.09926	0.14387	0.00775	0.01744	0.09373	0.00737	0.01245
49	0.01605	0.01080	0.01254	0.01283	0.01312	0.01080	0.00786	0.01663	0.01691	0.02245	0.03703	0.07726	0.04228	0.54975	0.05087	0.00994	0.01051	0.06839	0.00700	0.00700
50	0.69383	0.02109	0.01603	0.01434	0.02109	0.02446	0.01181	0.03205	0.01856	0.04892	0.01518	0.01771	0.01181	0.01012	0.00675	0.00337	0.00843	0.00590	0.00675	0.01181
51	0.08054	0.22462	0.07960	0.02117	0.03010	0.03139	0.01978	0.18007	0.03130	0.04323	0.02324	0.03070	0.01985	0.01236	0.00931	0.00295	0.01133	0.04945	0.00744	0.09158
52	0.08855	0.14697	0.03255	0.02130	0.02895	0.03093	0.01783	0.15989	0.22962	0.08634	0.03147	0.03025	0.02351	0.01278	0.00984	0.00326	0.01009	0.00975	0.00956	0.01654
53	0.02834	0.02403	0.02534	0.02244	0.02882	0.02769	0.01755	0.09673	0.48831	0.04758	0.04283	0.03944	0.03203	0.01465	0.01108	0.00366	0.00892	0.01211	0.01108	0.01737
54	0.02174	0.02372	0.10928	0.07827	0.03507	0.01967	0.07684	0.09556	0.02667	0.03620	0.03752	0.18101	0.03791	0.02595	0.06292	0.00522	0.01349	0.09236	0.00796	0.01264
55	0.03893	0.03515	0.02897	0.07292	0.03507	0.26523	0.02007	0.08868	0.10731	0.15712	0.02818	0.02830	0.02042	0.01244	0.01047	0.00319	0.01444	0.00922	0.00869	0.01520
56	0.04754	0.02077	0.02667	0.02045	0.02894	0.01931	0.01689	0.13796	0.03491	0.46629	0.03991	0.03509	0.02543	0.01342	0.01095	0.00336	0.00978	0.01075	0.01302	0.01855
57	0.01328	0.00949	0.01265	0.01518	0.01581	0.00886	0.01012	0.01518	0.02088	0.02783	0.06010	0.60969	0.07212	0.03416	0.01392	0.00443	0.00633	0.03100	0.01012	0.00886
58	0.12747	0.01951	0.03005	0.07838	0.15354	0.01990	0.07632	0.02987	0.02368	0.07967	0.03435	0.13578	0.03345	0.01751	0.01166	0.00385	0.01114	0.09279	0.00781	0.01325
59	0.02747	0.02110	0.02322	0.02080	0.02639	0.02380	0.01607	0.05140	0.40438	0.09074	0.04234	0.04280	0.03270	0.06484	0.05730	0.00524	0.01041	0.01241	0.01059	0.01601
60	0.01583	0.01066	0.01235	0.01235	0.01250	0.01082	0.00717	0.01615	0.01599	0.02148	0.03394	0.06905	0.03864	0.57361	0.09732	0.01113	0.01208	0.01552	0.00654	0.00686
61	0.02574	0.02941	0.06434	0.04596	0.05699	0.02757	0.50919	0.03493	0.02574	0.03493	0.02206	0.02941	0.01654	0.00919	0.01287	0.00368	0.01838	0.01287	0.00551	0.01471
62	0.04719	0.02133	0.02702	0.02072	0.02922	0.02015	0.01712	0.15962	0.03586	0.44329	0.03911	0.03458	0.02503	0.01340	0.01095	0.00335	0.00991	0.01070	0.01290	0.01855
63	0.03080	0.02070	0.02209	0.01810	0.02382	0.02232	0.01455	0.27514	0.03806	0.05530	0.06954	0.03634	0.02885	0.01363	0.00971	0.00298	0.00864	0.01072	0.28424	0.01448
64	0.03794	0.04071	0.09110	0.02918	0.07317	0.28627	0.02300	0.08033	0.07070	0.12604	0.02494	0.02584	0.01841	0.01184	0.01035	0.00312	0.01546	0.00867	0.00771	0.01525
65	0.47160	0.02264	0.02163	0.10018	0.03137	0.02621	0.01619	0.12299	0.02526	0.04963	0.01789	0.02098	0.01349	0.01080	0.00814	0.00339	0.01000	0.00720	0.00726	0.01314
66	0.01345	0.00979	0.01294	0.01506	0.01604	0.00928	0.01028	0.01558	0.02090	0.02775	0.06135	0.52367	0.10437	0.03765	0.06076	0.00547	0.00818	0.02877	0.00976	0.00896
67	0.02430	0.02038	0.02352	0.01695	0.02656	0.01626	0.01362	0.07096	0.02518	0.03851	0.01999	0.02293	0.01636	0.00852	0.00833	0.00176	0.00843	0.00676	0.00686	0.62382
68	0.02336	0.14146	0.43544	0.03057	0.04515	0.02829	0.08148	0.03428	0.02314	0.03320	0.01912	0.02277	0.01410	0.01009	0.01008	0.00330	0.01564	0.00817	0.00470	0.01565
69	0.03532	0.02750	0.02927	0.02385	0.03148	0.03095	0.01924	0.31812	0.25556	0.05884	0.03396	0.03238	0.02485	0.01382	0.01099	0.00345	0.01056	0.01089	0.01099	0.01799
70	0.69383	0.02109	0.01603	0.01434	0.02109	0.02446	0.01181	0.03205	0.01856	0.04892	0.01518	0.01771	0.01181	0.01012	0.00675	0.00337	0.00843	0.00590	0.00675	0.01181
71	0.01473	0.01087	0.01376	0.01356	0.01599	0.00991	0.00997	0.01903	0.02845	0.03919	0.40550	0.16650	0.16232	0.02490	0.01303	0.00362	0.00538	0.02194	0.01144	0.00991
72	0.02370	0.01608	0.01704	0.01552	0.01970	0.01739	0.01199	0.07830	0.17818	0.04501	0.09538	0.04402	0.03727	0.01446	0.00956	0.00306	0.00677	0.01187	0.34165	0.01306
73	0.02710	0.47475	0.09766	0.01852	0.02745	0.03635	0.01901	0.03171	0.02235	0.02881	0.01873	0.02160	0.01613	0.00995	0.00741	0.00247	0.01107	0.00671	0.10862	0.01360
74	0.08017	0.02876	0.19469	0.02071	0.02861	0.01864	0.02101	0.06858	0.02538	0.08328	0.07789	0.12508	0.07420	0.08587	0.01622	0.00439	0.01078	0.01455	0.00815	0.01305
75	0.03342	0.02596	0.03351	0.16001	0.08248	0.10380	0.07779	0.08303	0.02900	0.16979	0.02922	0.07300	0.02283	0.01329	0.01120	0.00344	0.01340	0.01160	0.00829	0.01492
76	0.02661	0.02243	0.02357	0.02129	0.02718	0.02585	0.01654	0.05550	0.49120	0.04524	0.04372	0.04068	0.03288	0.01464	0.01083	0.00361	0.00836	0.01217	0.06096	0.01673
77	0.01894	0.00947	0.01420	0.01420	0.01420	0.00947	0.00947	0.01420	0.01420	0.01894	0.01894	0.03314	0.01894	0.03788	0.04261	0.68277	0.00947	0.00947	0.00473	0.00473
78	0.02298	0.02083	0.03306	0.34519	0.18806	0.02392	0.02789	0.03257	0.08066	0.03288	0.02377	0.03074	0.01841	0.01118	0.01064	0.00345	0.01273	0.01003	0.05711	0.01389
79	0.04155	0.01926	0.02803	0.02854	0.13084	0.01740	0.01901	0.04603	0.02907	0.40806	0.03995	0.08310	0.02883	0.01447	0.01118	0.00344	0.00976	0.01239	0.01160	0.01749
80	0.01328	0.00949	0.01265	0.01518	0.01581	0.00886	0.01012	0.01518	0.02088	0.02783	0.06010	0.60969	0.07212	0.03416	0.01392	0.00443	0.00633	0.03100	0.01012	0.00886
81	0.01375	0.00974	0.01272	0.01469	0.01540	0.00917	0.00973	0.01569	0.02109	0.02833	0.09550	0.50622	0.07085	0.09982	0.01859	0.00505	0.00672	0.02837	0.00987	0.00871
82	0.61785	0.08993	0.02072	0.01483	0.02187	0.02660	0.01259	0.03212	0.01897	0.04626	0.01518	0.01769	0.01206	0.01003	0.00678	0.00325	0.00880	0.00590	0.00651	0.01206
83	0.07569	0.07017	0.15746	0.06626	0.03662	0.02152	0.06289	0.03292	0.02419	0.09513	0.06177	0.02921	0.02289	0.01088	0.00976	0.00290	0.01155	0.00907	0.00694	0.19218
84	0.08312	0.18635	0.23293	0.02299	0.03292	0.02812	0.02524	0.03340	0.02241	0.07247	0.02116	0.02431	0.01634	0.01141	0.01134	0.00318	0.06771	0.00791	0.08238	0.01431

[dist]
# distance from previous block
# <min> <max>
0	3

[block]
# block no. 1 follows, 12 sequences, length 7
# corresponding to MSA columns:
# 793-799
name=unknown_B
#
# <colnr> <probs for GDERKNQSTAVLIFYWHMCP>
#	G	D	E	R	K	N	Q	S	T	A	V	L	I	F	Y	W	H	M	C	P
0	0.03440	0.07781	0.10034	0.02218	0.03003	0.10314	0.02010	0.09526	0.03008	0.19544	0.03756	0.08708	0.05373	0.01601	0.01103	0.00343	0.01189	0.04606	0.00938	0.01506
1	0.13926	0.10485	0.03369	0.02265	0.03072	0.02610	0.08463	0.12579	0.06137	0.16863	0.02834	0.02884	0.02032	0.01174	0.00975	0.00321	0.01085	0.00954	0.06417	0.01556
2	0.02201	0.01863	0.02155	0.01691	0.02484	0.01563	0.01318	0.03030	0.09757	0.03598	0.02865	0.10547	0.02634	0.01263	0.00932	0.00231	0.00792	0.01068	0.00765	0.49242
3	0.03771	0.02109	0.02813	0.02571	0.07153	0.02181	0.01959	0.12347	0.03129	0.27776	0.03647	0.04530	0.02829	0.01634	0.01494	0.00378	0.09041	0.07942	0.01067	0.01628
4	0.02530	0.28791	0.08649	0.03334	0.18655	0.03061	0.02332	0.03054	0.02407	0.03140	0.07365	0.03391	0.06668	0.01223	0.00945	0.00291	0.01131	0.00989	0.00601	0.01443
5	0.02881	0.01632	0.01954	0.01714	0.02262	0.01572	0.01337	0.03863	0.14305	0.21554	0.10231	0.11868	0.16207	0.02007	0.01192	0.00364	0.00758	0.01699	0.01166	0.01433
6	0.02491	0.07019	0.02167	0.01694	0.02098	0.01634	0.01309	0.06645	0.02630	0.13788	0.11627	0.21447	0.05076	0.07244	0.07502	0.00563	0.01045	0.01809	0.00992	0.01220

[dist]
# distance from previous block
# <min> <max>
6	18

[block]
# block no. 2 follows, 12 sequences, length 6
# corresponding to MSA columns:
# 835-840
name=unknown_C
#
# <colnr> <probs for GDERKNQSTAVLIFYWHMCP>
#	G	D	E	R	K	N	Q	S	T	A	V	L	I	F	Y	W	H	M	C	P
0	0.22334	0.14435	0.25476	0.02330	0.03467	0.02914	0.02598	0.08363	0.02451	0.04078	0.01818	0.02080	0.01375	0.01039	0.00875	0.00321	0.01262	0.00721	0.00591	0.01472
1	0.01913	0.11683	0.02300	0.01619	0.01912	0.01892	0.01236	0.02425	0.06837	0.02590	0.03013	0.04839	0.02997	0.25217	0.23783	0.01110	0.01758	0.01223	0.00643	0.01010
2	0.02943	0.21653	0.14232	0.02260	0.03288	0.03134	0.02239	0.14956	0.07770	0.04119	0.02212	0.02369	0.01723	0.01076	0.00916	0.00280	0.01177	0.00794	0.00704	0.12155
3	0.02609	0.22591	0.12694	0.02443	0.03234	0.10462	0.06042	0.03173	0.02474	0.03093	0.08566	0.03805	0.02979	0.01404	0.01200	0.00326	0.05587	0.05367	0.00628	0.01323
4	0.02915	0.62337	0.05714	0.01866	0.02799	0.04314	0.01866	0.03265	0.02215	0.02565	0.01516	0.01749	0.01399	0.00933	0.00700	0.00233	0.01166	0.00583	0.00466	0.01399
5	0.01464	0.01103	0.01564	0.08654	0.02383	0.01114	0.01339	0.01752	0.02143	0.02834	0.05483	0.48698	0.06404	0.03087	0.01367	0.00439	0.00773	0.07515	0.00946	0.00938

[dist]
# distance from previous block
# <min> <max>
1	7

[block]
# block no. 3 follows, 12 sequences, length 15
# corresponding to MSA columns:
# 848-862
name=unknown_D
#
# <colnr> <probs for GDERKNQSTAVLIFYWHMCP>
#	G	D	E	R	K	N	Q	S	T	A	V	L	I	F	Y	W	H	M	C	P
0	0.19146	0.02816	0.12020	0.22246	0.04706	0.02604	0.02500	0.09885	0.06975	0.04139	0.02149	0.02581	0.01592	0.01125	0.00979	0.00349	0.01243	0.00871	0.00665	0.01407
1	0.23542	0.03116	0.08935	0.03061	0.07332	0.08072	0.14232	0.07685	0.06817	0.04220	0.02127	0.02467	0.01618	0.01064	0.00995	0.00341	0.01345	0.00911	0.00673	0.01447
2	0.18661	0.33320	0.04654	0.06807	0.03490	0.03460	0.09875	0.03250	0.02186	0.03291	0.01664	0.02044	0.01393	0.00962	0.00822	0.00291	0.01223	0.00732	0.00532	0.01344
3	0.19390	0.02143	0.02753	0.20272	0.08543	0.02385	0.02144	0.07736	0.06418	0.14189	0.02555	0.02833	0.01830	0.01160	0.00990	0.00346	0.01122	0.00923	0.00804	0.01467
4	0.01543	0.01115	0.01457	0.01372	0.01629	0.01029	0.01029	0.02058	0.03086	0.04372	0.54304	0.08145	0.10288	0.02229	0.01286	0.00343	0.00514	0.01972	0.01200	0.01029
5	0.01785	0.00986	0.01339	0.01339	0.01339	0.00986	0.00846	0.01479	0.01479	0.01972	0.02437	0.04661	0.02623	0.24185	0.04715	0.44593	0.00986	0.01172	0.00539	0.00539
6	0.01328	0.00949	0.01265	0.01518	0.01581	0.00886	0.01012	0.01518	0.02088	0.02783	0.06010	0.60969	0.07212	0.03416	0.01392	0.00443	0.00633	0.03100	0.01012	0.00886
7	0.01321	0.00978	0.01235	0.01441	0.01561	0.00892	0.00978	0.01527	0.02162	0.02814	0.06950	0.51546	0.16028	0.03294	0.01372	0.00429	0.00618	0.02951	0.01012	0.00892
8	0.69383	0.02109	0.01603	0.01434	0.02109	0.02446	0.01181	0.03205	0.01856	0.04892	0.01518	0.01771	0.01181	0.01012	0.00675	0.00337	0.00843	0.00590	0.00675	0.01181
9	0.02187	0.05640	0.56031	0.03108	0.04719	0.02532	0.04029	0.03453	0.02302	0.03453	0.01957	0.02302	0.01381	0.01036	0.01036	0.00345	0.01611	0.00806	0.00460	0.01611
10	0.14872	0.02788	0.05545	0.04014	0.05038	0.02700	0.41763	0.03440	0.02441	0.03750	0.02079	0.02726	0.01567	0.00936	0.01174	0.00362	0.01655	0.01159	0.00574	0.01417
11	0.02059	0.01938	0.03270	0.59060	0.07510	0.02422	0.03028	0.02786	0.02180	0.02786	0.01938	0.02907	0.01453	0.01090	0.01090	0.00363	0.01453	0.00969	0.00484	0.01211
12	0.01747	0.01026	0.01467	0.01467	0.01519	0.01078	0.01005	0.01592	0.01540	0.02105	0.02452	0.04277	0.02497	0.15618	0.18686	0.38128	0.01495	0.01124	0.00538	0.00642
13	0.02387	0.05375	0.50635	0.03046	0.04582	0.02619	0.03828	0.08341	0.02591	0.03803	0.02024	0.02334	0.01430	0.01064	0.01042	0.00343	0.01569	0.00824	0.00525	0.01636
14	0.08570	0.07980	0.08064	0.19864	0.08508	0.07987	0.02415	0.03579	0.10884	0.03490	0.06254	0.03130	0.02422	0.01210	0.01020	0.00336	0.01255	0.00980	0.00670	0.01382

[dist]
# distance from previous block
# <min> <max>
0	7

# created by:
# /st0/software/busco_prod/Augustus/scripts/msa2prfl.pl ./align_prep/9846.fa
