[name]
unknown

[dist]
# distance from previous block
# <min> <max>
0	77

[block]
# block no. 0 follows, 11 sequences, length 15
# corresponding to MSA columns:
# 85-99
name=unknown_A
#
# <colnr> <probs for GDERKNQSTAVLIFYWHMCP>
#	G	D	E	R	K	N	Q	S	T	A	V	L	I	F	Y	W	H	M	C	P
0	0.01493	0.01070	0.01433	0.01612	0.01755	0.01009	0.01171	0.01819	0.02465	0.03336	0.17084	0.40243	0.08035	0.03173	0.01430	0.00443	0.00685	0.09688	0.01089	0.00968
1	0.07025	0.02497	0.09574	0.10313	0.12277	0.02130	0.11188	0.02985	0.02439	0.03629	0.03804	0.04245	0.09941	0.01362	0.01102	0.00347	0.01217	0.01240	0.11324	0.01358
2	0.02865	0.02480	0.03024	0.03512	0.17279	0.08580	0.02168	0.09412	0.03028	0.07261	0.11106	0.12663	0.04131	0.01772	0.01372	0.00364	0.05155	0.01494	0.00874	0.01459
3	0.01614	0.01367	0.02166	0.01971	0.02298	0.01257	0.08673	0.02013	0.02513	0.03354	0.16016	0.32264	0.14550	0.02756	0.01380	0.00411	0.00812	0.02530	0.01009	0.01046
4	0.02236	0.02219	0.07023	0.21600	0.07394	0.02166	0.02346	0.09251	0.02707	0.03574	0.04208	0.04734	0.12373	0.02684	0.10033	0.00599	0.01520	0.01304	0.00720	0.01310
5	0.02004	0.01676	0.02114	0.01903	0.02310	0.01698	0.01484	0.02616	0.06449	0.03484	0.10328	0.18923	0.04866	0.02153	0.01603	0.00366	0.10075	0.05385	0.00883	0.19678
6	0.13080	0.02486	0.03914	0.14268	0.37914	0.02622	0.03047	0.03338	0.02410	0.03765	0.02011	0.02669	0.01648	0.01029	0.01050	0.00343	0.01290	0.00940	0.00570	0.01607
7	0.02900	0.02156	0.02435	0.02175	0.02772	0.02425	0.01704	0.05274	0.37094	0.10821	0.04309	0.04187	0.03251	0.02628	0.10011	0.00608	0.01243	0.01243	0.01090	0.01673
8	0.22932	0.01477	0.01477	0.01380	0.01807	0.01507	0.01070	0.02399	0.02651	0.04382	0.27888	0.06799	0.16323	0.02012	0.01126	0.00358	0.00648	0.01649	0.01025	0.01089
9	0.01697	0.10818	0.02058	0.01428	0.01814	0.01549	0.01128	0.02062	0.02664	0.03446	0.22912	0.16306	0.23185	0.02468	0.01248	0.00361	0.00673	0.02105	0.01019	0.01062
10	0.02600	0.02563	0.04599	0.19271	0.34470	0.02658	0.10646	0.03334	0.02500	0.03465	0.02113	0.02879	0.01700	0.01025	0.01151	0.00352	0.01467	0.01054	0.00545	0.01608
11	0.02257	0.05822	0.54613	0.03208	0.04871	0.02614	0.04158	0.03564	0.02376	0.03564	0.02020	0.02376	0.01426	0.01069	0.01069	0.00356	0.01663	0.00832	0.00475	0.01663
12	0.03929	0.03597	0.04009	0.03099	0.03980	0.14474	0.11859	0.30615	0.04304	0.05456	0.02411	0.02628	0.01773	0.01228	0.01144	0.00336	0.01542	0.01017	0.00896	0.01703
13	0.02418	0.02290	0.03156	0.02723	0.02755	0.03156	0.02259	0.02698	0.01801	0.02890	0.01744	0.02673	0.01649	0.01890	0.03340	0.00464	0.51344	0.00993	0.08548	0.01209
14	0.27476	0.03006	0.06732	0.02089	0.02907	0.12586	0.01808	0.04348	0.02674	0.22264	0.02678	0.02638	0.01848	0.01195	0.00947	0.00338	0.01194	0.00839	0.00907	0.01525

[dist]
# distance from previous block
# <min> <max>
0	6

[block]
# block no. 1 follows, 11 sequences, length 10
# corresponding to MSA columns:
# 106-115
name=unknown_B
#
# <colnr> <probs for GDERKNQSTAVLIFYWHMCP>
#	G	D	E	R	K	N	Q	S	T	A	V	L	I	F	Y	W	H	M	C	P
0	0.03696	0.02663	0.08105	0.14144	0.04255	0.02486	0.02341	0.14764	0.09408	0.21459	0.03307	0.03301	0.02262	0.01311	0.01125	0.00357	0.01198	0.01065	0.01021	0.01732
1	0.03275	0.02211	0.02836	0.10111	0.03610	0.02205	0.01918	0.10808	0.02933	0.16122	0.02640	0.02861	0.01930	0.01215	0.01304	0.00303	0.07280	0.00915	0.00870	0.24654
2	0.01814	0.01468	0.01651	0.01549	0.01945	0.01466	0.01178	0.02936	0.15174	0.04092	0.27394	0.08118	0.22336	0.02281	0.01282	0.00369	0.00634	0.01951	0.01153	0.01208
3	0.02285	0.02724	0.11345	0.17433	0.04682	0.02526	0.08830	0.03350	0.09354	0.03396	0.06451	0.03759	0.02706	0.05871	0.01889	0.00444	0.09734	0.01185	0.00669	0.01366
4	0.03449	0.11805	0.11561	0.10771	0.08917	0.02602	0.02540	0.04062	0.02622	0.21871	0.02803	0.02960	0.01979	0.01245	0.01260	0.00347	0.05781	0.00960	0.00826	0.01640
5	0.01464	0.01083	0.01383	0.01545	0.01727	0.01001	0.01132	0.01775	0.02447	0.03217	0.13843	0.35997	0.16157	0.03160	0.01420	0.00438	0.00680	0.09498	0.01072	0.00961
6	0.03046	0.03401	0.21393	0.02795	0.03886	0.02188	0.09865	0.04099	0.06656	0.17824	0.09851	0.03848	0.03258	0.01344	0.01168	0.00359	0.01289	0.01191	0.00901	0.01638
7	0.01603	0.01117	0.01329	0.01323	0.01404	0.01126	0.00835	0.01726	0.01847	0.02479	0.07453	0.07273	0.08485	0.43563	0.12858	0.01092	0.01308	0.01660	0.00738	0.00780
8	0.04216	0.10166	0.03396	0.02640	0.03335	0.37292	0.02071	0.09437	0.03333	0.10628	0.02216	0.02340	0.01692	0.01195	0.01015	0.00299	0.01707	0.00803	0.00747	0.01473
9	0.07490	0.02103	0.02799	0.16313	0.03834	0.02666	0.02146	0.03158	0.09849	0.03175	0.02437	0.03589	0.02184	0.10687	0.02714	0.00527	0.21340	0.01107	0.00645	0.01238

[dist]
# distance from previous block
# <min> <max>
1	5

[block]
# block no. 2 follows, 11 sequences, length 31
# corresponding to MSA columns:
# 121-151
name=unknown_C
#
# <colnr> <probs for GDERKNQSTAVLIFYWHMCP>
#	G	D	E	R	K	N	Q	S	T	A	V	L	I	F	Y	W	H	M	C	P
0	0.07852	0.02736	0.06685	0.02060	0.03002	0.06443	0.01775	0.08359	0.06881	0.09806	0.02511	0.02637	0.01896	0.01068	0.00946	0.00261	0.01060	0.00819	0.00815	0.32388
1	0.15747	0.03263	0.12087	0.13950	0.09775	0.06596	0.11555	0.07305	0.02636	0.03981	0.02022	0.02556	0.01531	0.01076	0.01061	0.00354	0.01478	0.00939	0.00612	0.01475
2	0.07618	0.01680	0.01922	0.01821	0.02120	0.01942	0.01444	0.03185	0.11615	0.03769	0.03683	0.05469	0.03350	0.08109	0.01980	0.00461	0.10171	0.08520	0.19949	0.01192
3	0.18537	0.02447	0.03166	0.18415	0.12378	0.02848	0.02442	0.13051	0.02814	0.04407	0.02010	0.02565	0.01565	0.01226	0.01298	0.00367	0.07399	0.00909	0.00689	0.01469
4	0.04204	0.05364	0.03190	0.02900	0.03480	0.55926	0.02175	0.04494	0.03190	0.02755	0.01740	0.02030	0.01450	0.01160	0.01015	0.00290	0.02030	0.00725	0.00580	0.01305
5	0.01371	0.00979	0.01306	0.01567	0.01632	0.00914	0.01045	0.01567	0.02155	0.02873	0.06203	0.59710	0.07444	0.03526	0.01437	0.00457	0.00653	0.03200	0.01045	0.00914
6	0.01634	0.01104	0.01293	0.01293	0.01316	0.01127	0.00764	0.01679	0.01656	0.02231	0.03487	0.07034	0.03948	0.54592	0.11385	0.01172	0.01308	0.01588	0.00673	0.00718
7	0.05050	0.01915	0.02612	0.02003	0.02873	0.01654	0.01654	0.05485	0.03221	0.54203	0.04440	0.03831	0.02786	0.01393	0.01132	0.00348	0.00958	0.01132	0.01393	0.01915
8	0.03189	0.02611	0.02765	0.02369	0.03075	0.02982	0.01876	0.17496	0.39240	0.05337	0.04086	0.03805	0.03035	0.01481	0.01140	0.00370	0.00982	0.01204	0.01140	0.01816
9	0.01968	0.01224	0.01467	0.01356	0.01727	0.01094	0.01034	0.02409	0.02901	0.09772	0.28620	0.08168	0.22202	0.02258	0.01245	0.00351	0.00592	0.01927	0.08562	0.01124
10	0.61054	0.02146	0.01765	0.01541	0.02257	0.02424	0.01269	0.03561	0.02067	0.10746	0.01900	0.02060	0.01401	0.01085	0.00747	0.00348	0.00881	0.00670	0.00777	0.01300
11	0.33047	0.02427	0.02906	0.03442	0.19204	0.02598	0.02103	0.08949	0.02651	0.09805	0.02169	0.02446	0.01643	0.01102	0.00927	0.00342	0.01075	0.00838	0.00771	0.01555
12	0.10960	0.37127	0.04629	0.02107	0.02986	0.09592	0.01912	0.12393	0.02919	0.03793	0.01803	0.02005	0.01509	0.01068	0.00828	0.00277	0.01261	0.00695	0.00641	0.01494
13	0.02556	0.02162	0.03959	0.03082	0.03770	0.02072	0.22626	0.03353	0.06394	0.09064	0.03697	0.10974	0.03437	0.10758	0.02008	0.00509	0.01365	0.06051	0.00824	0.01341
14	0.02678	0.01378	0.01839	0.01619	0.02058	0.01237	0.01250	0.03144	0.03093	0.20266	0.32616	0.12127	0.07789	0.02134	0.01276	0.00363	0.00680	0.01864	0.01269	0.01320
15	0.02800	0.02418	0.02545	0.02291	0.02927	0.02800	0.01782	0.05981	0.51390	0.04708	0.04581	0.04199	0.03436	0.01527	0.01145	0.00382	0.00891	0.01273	0.01145	0.01782
16	0.01520	0.01148	0.01403	0.01339	0.01637	0.01031	0.01004	0.01982	0.03013	0.04103	0.41297	0.09082	0.22408	0.02454	0.01328	0.00361	0.00542	0.02130	0.01185	0.01031
17	0.01608	0.01206	0.01809	0.01809	0.02010	0.01407	0.01407	0.02010	0.01809	0.02613	0.03015	0.04422	0.02814	0.08441	0.55984	0.01809	0.03015	0.01206	0.00603	0.01005
18	0.03009	0.61122	0.05898	0.01926	0.02889	0.04454	0.01926	0.03370	0.02287	0.02648	0.01565	0.01805	0.01444	0.00963	0.00722	0.00241	0.01204	0.00602	0.00481	0.01444
19	0.08482	0.56188	0.05543	0.01889	0.02829	0.04292	0.01867	0.03365	0.02256	0.02849	0.01565	0.01807	0.01426	0.00970	0.00720	0.00250	0.01176	0.00602	0.00499	0.01426
20	0.03253	0.04644	0.28208	0.03087	0.04310	0.13589	0.08493	0.04137	0.02743	0.13241	0.02462	0.02663	0.01728	0.01137	0.01100	0.00344	0.01630	0.00925	0.00686	0.01621
21	0.02462	0.02462	0.03447	0.02955	0.02955	0.03447	0.02462	0.02709	0.01724	0.02709	0.01477	0.02462	0.01477	0.01970	0.03694	0.00492	0.58385	0.00985	0.00492	0.01231
22	0.01734	0.01204	0.01551	0.01694	0.01837	0.01204	0.01306	0.02020	0.02163	0.02837	0.04877	0.10306	0.05408	0.28819	0.03426	0.00775	0.01061	0.26023	0.00877	0.00877
23	0.61324	0.02230	0.01968	0.02065	0.07700	0.02541	0.01460	0.03324	0.01985	0.04902	0.01626	0.01932	0.01280	0.01040	0.00742	0.00347	0.00921	0.00652	0.00682	0.01280
24	0.03009	0.61122	0.05898	0.01926	0.02889	0.04454	0.01926	0.03370	0.02287	0.02648	0.01565	0.01805	0.01444	0.00963	0.00722	0.00241	0.01204	0.00602	0.00481	0.01444
25	0.02237	0.02101	0.02896	0.02537	0.02554	0.02837	0.02042	0.02450	0.01715	0.02603	0.01992	0.03540	0.02077	0.13409	0.08462	0.00715	0.43062	0.01125	0.00537	0.01110
26	0.01735	0.01346	0.01610	0.01597	0.01890	0.01343	0.01173	0.02656	0.12108	0.03936	0.26101	0.22140	0.12918	0.02552	0.01323	0.00391	0.00638	0.02249	0.01146	0.01147
27	0.15253	0.02101	0.02545	0.01986	0.02832	0.02009	0.01640	0.10252	0.03249	0.40757	0.03772	0.03375	0.02430	0.01332	0.01060	0.00347	0.00976	0.01033	0.01249	0.01802
28	0.01523	0.01118	0.01427	0.01413	0.01654	0.01022	0.01036	0.01965	0.02928	0.04048	0.39643	0.18059	0.14805	0.02587	0.01348	0.00376	0.00558	0.02287	0.01182	0.01022
29	0.01575	0.01137	0.01488	0.01428	0.01677	0.01050	0.01061	0.02078	0.03102	0.04379	0.49019	0.12601	0.10360	0.02401	0.01336	0.00362	0.00541	0.02131	0.01223	0.01050
30	0.02328	0.01266	0.01622	0.01477	0.01842	0.01162	0.01127	0.02812	0.02965	0.13885	0.31142	0.10989	0.07505	0.02054	0.01205	0.00345	0.00622	0.01785	0.12655	0.01212

[dist]
# distance from previous block
# <min> <max>
0	11

[block]
# block no. 3 follows, 11 sequences, length 9
# corresponding to MSA columns:
# 163-171
name=unknown_D
#
# <colnr> <probs for GDERKNQSTAVLIFYWHMCP>
#	G	D	E	R	K	N	Q	S	T	A	V	L	I	F	Y	W	H	M	C	P
0	0.02574	0.02845	0.05825	0.09740	0.05618	0.02904	0.37528	0.03395	0.02473	0.03395	0.02127	0.02944	0.01652	0.01123	0.01672	0.00396	0.10549	0.01243	0.00551	0.01447
1	0.01624	0.01141	0.01481	0.01481	0.01569	0.01229	0.00998	0.01799	0.01712	0.02370	0.03315	0.06082	0.03535	0.37765	0.27646	0.01404	0.01930	0.01449	0.00648	0.00823
2	0.03150	0.02205	0.03418	0.03735	0.18570	0.02161	0.06966	0.04149	0.10366	0.17064	0.12095	0.04295	0.03854	0.01409	0.01183	0.00353	0.01084	0.01294	0.00986	0.01662
3	0.03610	0.04335	0.03096	0.02712	0.03261	0.38340	0.02089	0.03927	0.02805	0.02893	0.01737	0.02152	0.01489	0.01244	0.01438	0.00304	0.11361	0.00760	0.00579	0.11868
4	0.02978	0.03649	0.20613	0.02778	0.03936	0.02561	0.07392	0.12144	0.09885	0.08581	0.02726	0.02872	0.01976	0.01161	0.01084	0.00328	0.01311	0.00975	0.00802	0.12249
5	0.02790	0.02635	0.09973	0.02513	0.08080	0.01924	0.02031	0.03677	0.07334	0.10752	0.02608	0.02776	0.01974	0.01030	0.00967	0.00256	0.01023	0.00848	0.00777	0.36032
6	0.03669	0.02907	0.02822	0.02393	0.03115	0.10239	0.01892	0.14885	0.27191	0.12864	0.03763	0.03520	0.02732	0.01417	0.01121	0.00354	0.01135	0.01118	0.01101	0.01764
7	0.02912	0.07580	0.16996	0.02485	0.03359	0.10993	0.02390	0.04231	0.15177	0.08575	0.03432	0.10964	0.02930	0.01572	0.01114	0.00358	0.01280	0.01275	0.00836	0.01541
8	0.12961	0.02843	0.10354	0.08317	0.03587	0.03086	0.02569	0.02942	0.01900	0.03221	0.01621	0.02403	0.01431	0.01609	0.02583	0.00438	0.35413	0.00905	0.00524	0.01292

[dist]
# distance from previous block
# <min> <max>
0	37

[block]
# block no. 4 follows, 11 sequences, length 17
# corresponding to MSA columns:
# 209-225
name=unknown_E
#
# <colnr> <probs for GDERKNQSTAVLIFYWHMCP>
#	G	D	E	R	K	N	Q	S	T	A	V	L	I	F	Y	W	H	M	C	P
0	0.03280	0.02615	0.08781	0.02662	0.03388	0.02424	0.07796	0.04332	0.11387	0.19725	0.06934	0.03708	0.02943	0.01512	0.01682	0.00388	0.12684	0.01186	0.00958	0.01615
1	0.14130	0.02234	0.03010	0.12381	0.16027	0.02310	0.02238	0.03850	0.08333	0.11454	0.02630	0.02918	0.01971	0.01127	0.01010	0.00327	0.01101	0.00938	0.00783	0.11227
2	0.57160	0.02225	0.01960	0.01731	0.02309	0.02682	0.01431	0.03206	0.01883	0.04651	0.01552	0.01936	0.01263	0.01202	0.01207	0.00373	0.10671	0.00673	0.00662	0.01221
3	0.57193	0.02323	0.02504	0.02036	0.02808	0.02580	0.09418	0.03359	0.02042	0.04804	0.01688	0.02034	0.01302	0.01028	0.00804	0.00354	0.01046	0.00732	0.00675	0.01270
4	0.07507	0.19318	0.26317	0.02960	0.09128	0.02968	0.02945	0.03397	0.02333	0.03459	0.01874	0.02224	0.01482	0.01005	0.00927	0.00301	0.01351	0.00754	0.00525	0.09224
5	0.01465	0.01092	0.01380	0.01537	0.01732	0.01006	0.01135	0.01779	0.02453	0.03203	0.13235	0.34074	0.18062	0.03146	0.01419	0.00437	0.00684	0.10132	0.01068	0.00962
6	0.02353	0.01969	0.02417	0.02186	0.02680	0.02184	0.04835	0.04343	0.30064	0.04036	0.04445	0.13603	0.03884	0.02615	0.07560	0.00551	0.01139	0.01580	0.06087	0.01469
7	0.03330	0.01927	0.02169	0.01798	0.02393	0.01989	0.01440	0.16528	0.07203	0.15383	0.07336	0.04023	0.03220	0.01431	0.01021	0.00317	0.00841	0.01148	0.24977	0.01526
8	0.02471	0.01356	0.01632	0.01531	0.01903	0.01317	0.01197	0.05988	0.02838	0.11539	0.13255	0.12187	0.05138	0.01959	0.01118	0.00347	0.00708	0.06323	0.25974	0.01220
9	0.03883	0.01743	0.02131	0.01723	0.02375	0.01647	0.01394	0.09581	0.03148	0.30471	0.03958	0.03833	0.02721	0.01358	0.01005	0.00316	0.00832	0.01088	0.25196	0.01599
10	0.01893	0.01000	0.01420	0.01420	0.01420	0.01000	0.00920	0.01499	0.01499	0.01999	0.02264	0.04188	0.02370	0.14894	0.04657	0.54398	0.01000	0.01106	0.00526	0.00526
11	0.01938	0.01188	0.01575	0.01534	0.01809	0.01086	0.01128	0.02351	0.02863	0.09965	0.32234	0.24121	0.08672	0.02580	0.01339	0.00386	0.00621	0.02296	0.01196	0.01118
12	0.03086	0.13439	0.03945	0.09227	0.03994	0.10889	0.08009	0.10487	0.08211	0.03860	0.02300	0.02618	0.01807	0.01106	0.01015	0.00299	0.01359	0.00904	0.00707	0.12741
13	0.15822	0.02615	0.11486	0.02318	0.03204	0.02015	0.07075	0.03752	0.02562	0.17202	0.03217	0.04161	0.02537	0.01398	0.01066	0.00357	0.01132	0.06611	0.05844	0.05626
14	0.03466	0.03507	0.17398	0.03492	0.09935	0.02650	0.10759	0.14547	0.03300	0.15571	0.02766	0.02932	0.01928	0.01177	0.01145	0.00352	0.01412	0.01044	0.00852	0.01766
15	0.34573	0.09007	0.02408	0.08150	0.02893	0.02385	0.01543	0.03204	0.02181	0.09441	0.02717	0.12041	0.02509	0.01505	0.00923	0.00357	0.00956	0.01152	0.00782	0.01273
16	0.13556	0.09228	0.08015	0.01899	0.02472	0.02184	0.01684	0.07976	0.02440	0.03724	0.06101	0.10767	0.03146	0.02923	0.09045	0.10359	0.01296	0.01259	0.00737	0.01187

[dist]
# distance from previous block
# <min> <max>
5	34

[block]
# block no. 5 follows, 11 sequences, length 19
# corresponding to MSA columns:
# 264-282
name=unknown_F
#
# <colnr> <probs for GDERKNQSTAVLIFYWHMCP>
#	G	D	E	R	K	N	Q	S	T	A	V	L	I	F	Y	W	H	M	C	P
0	0.01528	0.01148	0.01415	0.01348	0.01642	0.01034	0.01011	0.01998	0.03033	0.04150	0.42598	0.09006	0.21078	0.02437	0.01328	0.00360	0.00541	0.02119	0.01191	0.01034
1	0.01374	0.01120	0.01216	0.01238	0.01559	0.00962	0.00911	0.01683	0.02602	0.03234	0.16780	0.17012	0.40672	0.02860	0.01344	0.00387	0.00575	0.02436	0.01074	0.00962
2	0.04279	0.03153	0.03378	0.02590	0.03490	0.03490	0.02139	0.49671	0.05292	0.07093	0.02702	0.02702	0.01914	0.01351	0.01126	0.00338	0.01239	0.01013	0.01126	0.01914
3	0.01541	0.01132	0.01443	0.01400	0.01658	0.01034	0.01037	0.02010	0.03012	0.04181	0.43416	0.13834	0.15140	0.02487	0.01339	0.00367	0.00548	0.02191	0.01197	0.01034
4	0.03481	0.01775	0.02258	0.01842	0.02462	0.01674	0.01476	0.10547	0.03510	0.26375	0.24560	0.05592	0.05957	0.01769	0.01213	0.00349	0.00819	0.01495	0.01289	0.01556
5	0.02322	0.10571	0.50429	0.03098	0.04701	0.02772	0.03967	0.03548	0.02369	0.03486	0.01981	0.02327	0.01427	0.01060	0.01040	0.00347	0.01624	0.00812	0.00476	0.01645
6	0.20671	0.02841	0.02597	0.02134	0.02908	0.12819	0.01718	0.11221	0.03191	0.24838	0.02933	0.02808	0.02002	0.01254	0.00999	0.00335	0.01188	0.00903	0.01019	0.01620
7	0.02876	0.02071	0.03362	0.38322	0.12754	0.02332	0.02837	0.03544	0.02512	0.14605	0.02569	0.03160	0.01829	0.01170	0.01125	0.00364	0.01356	0.01030	0.00710	0.01472
8	0.01558	0.01149	0.01456	0.01379	0.01660	0.01047	0.01034	0.02056	0.03103	0.04317	0.47290	0.08732	0.16282	0.02374	0.01328	0.00357	0.00536	0.02081	0.01213	0.01047
9	0.01525	0.01148	0.01410	0.01345	0.01640	0.01033	0.01009	0.01992	0.03026	0.04133	0.42122	0.09034	0.21566	0.02443	0.01328	0.00361	0.00541	0.02123	0.01189	0.01033
10	0.08940	0.02563	0.03749	0.11220	0.12221	0.02671	0.09234	0.16038	0.03336	0.14860	0.02707	0.02965	0.01924	0.01187	0.01119	0.00352	0.01301	0.01047	0.00883	0.01684
11	0.01716	0.01501	0.02438	0.13015	0.03437	0.01517	0.07937	0.02158	0.02331	0.03031	0.05597	0.30523	0.12114	0.02581	0.01354	0.00424	0.01001	0.05378	0.00874	0.01075
12	0.01480	0.01079	0.01417	0.01648	0.01799	0.01016	0.01220	0.01769	0.02314	0.03019	0.06735	0.42081	0.12398	0.03342	0.01455	0.00464	0.00742	0.14031	0.01043	0.00950
13	0.02568	0.09217	0.03950	0.27455	0.12894	0.07049	0.06409	0.03206	0.02423	0.03125	0.01969	0.02665	0.01571	0.01038	0.01046	0.00319	0.01428	0.00914	0.00541	0.10214
14	0.55933	0.02125	0.01843	0.01583	0.02314	0.02354	0.01305	0.03737	0.02172	0.14720	0.02132	0.02222	0.01527	0.01113	0.00782	0.00348	0.00888	0.00712	0.00834	0.01356
15	0.18746	0.02392	0.03005	0.02591	0.02763	0.03220	0.02155	0.02857	0.01771	0.03287	0.01500	0.02306	0.01414	0.01741	0.02953	0.00457	0.44180	0.00892	0.00543	0.01228
16	0.07509	0.07010	0.02989	0.05730	0.03183	0.02623	0.01847	0.09781	0.09813	0.07244	0.02481	0.02733	0.01940	0.01249	0.01356	0.00312	0.09416	0.00889	0.00794	0.21099
17	0.20584	0.02419	0.07492	0.05387	0.03038	0.02193	0.01816	0.10294	0.02890	0.18696	0.02932	0.03009	0.02053	0.01234	0.00957	0.00336	0.01011	0.00927	0.11200	0.01531
18	0.03257	0.08611	0.23679	0.03344	0.11231	0.02895	0.03048	0.16142	0.03277	0.10242	0.02458	0.02645	0.01766	0.01164	0.01071	0.00338	0.01384	0.00922	0.00767	0.01760

[dist]
# distance from previous block
# <min> <max>
7	10

[block]
# block no. 6 follows, 11 sequences, length 12
# corresponding to MSA columns:
# 293-304
name=unknown_G
#
# <colnr> <probs for GDERKNQSTAVLIFYWHMCP>
#	G	D	E	R	K	N	Q	S	T	A	V	L	I	F	Y	W	H	M	C	P
0	0.08890	0.02092	0.02558	0.02574	0.10082	0.02055	0.01739	0.08164	0.08993	0.11030	0.03221	0.07846	0.02649	0.01365	0.01017	0.00310	0.00930	0.01136	0.07323	0.16023
1	0.19357	0.02582	0.02816	0.02246	0.03056	0.10015	0.05649	0.04677	0.02867	0.30945	0.03193	0.03034	0.02135	0.01241	0.01030	0.00342	0.01176	0.00967	0.01042	0.01630
2	0.02614	0.01753	0.02627	0.13395	0.09834	0.01856	0.02019	0.03082	0.02559	0.14153	0.10609	0.17061	0.04474	0.01967	0.01459	0.00391	0.06179	0.01685	0.00928	0.01354
3	0.02754	0.13695	0.03184	0.01855	0.02833	0.02371	0.01569	0.09894	0.02764	0.03978	0.02020	0.02286	0.01660	0.00936	0.00855	0.00207	0.00966	0.00706	0.00699	0.44771
4	0.30097	0.11688	0.14212	0.13937	0.04061	0.02826	0.02373	0.03281	0.02143	0.03905	0.01758	0.02195	0.01358	0.01055	0.00873	0.00340	0.01228	0.00740	0.00574	0.01356
5	0.01582	0.01248	0.01718	0.13699	0.02873	0.01300	0.01400	0.01874	0.02136	0.02764	0.05540	0.29871	0.12253	0.13996	0.02189	0.00551	0.00911	0.02293	0.00855	0.00948
6	0.01447	0.01038	0.01374	0.01515	0.01649	0.00965	0.01051	0.01758	0.02509	0.03436	0.22215	0.42093	0.08535	0.03105	0.01399	0.00422	0.00611	0.02800	0.01111	0.00965
7	0.02215	0.01261	0.01676	0.01563	0.01902	0.01144	0.01173	0.02654	0.02966	0.13798	0.33189	0.18795	0.08401	0.02394	0.01314	0.00376	0.00641	0.02116	0.01226	0.01195
8	0.04444	0.02887	0.03213	0.02463	0.03358	0.03096	0.02035	0.40169	0.04847	0.17224	0.03076	0.02945	0.02102	0.01360	0.01127	0.00340	0.01178	0.01039	0.01183	0.01914
9	0.01431	0.01025	0.01359	0.01527	0.01646	0.00954	0.01049	0.01716	0.02431	0.03312	0.18675	0.45988	0.08294	0.03198	0.01407	0.00430	0.00620	0.02888	0.01097	0.00954
10	0.25183	0.12679	0.02930	0.01929	0.02682	0.03034	0.01630	0.16340	0.09269	0.05073	0.02447	0.02574	0.01878	0.01200	0.00884	0.00323	0.01002	0.00842	0.06594	0.01506
11	0.02979	0.03127	0.15929	0.15138	0.13587	0.02441	0.02932	0.09466	0.02879	0.12100	0.02800	0.06758	0.02200	0.01325	0.01132	0.00360	0.01331	0.01132	0.00767	0.01619

[dist]
# distance from previous block
# <min> <max>
0	1

[block]
# block no. 7 follows, 11 sequences, length 10
# corresponding to MSA columns:
# 306-315
name=unknown_H
#
# <colnr> <probs for GDERKNQSTAVLIFYWHMCP>
#	G	D	E	R	K	N	Q	S	T	A	V	L	I	F	Y	W	H	M	C	P
0	0.03246	0.35264	0.16000	0.02280	0.03380	0.03562	0.02401	0.07870	0.02709	0.10564	0.02176	0.02300	0.01673	0.01082	0.00893	0.00290	0.01274	0.00765	0.00667	0.01602
1	0.53828	0.02367	0.02759	0.02203	0.02998	0.02596	0.11881	0.03374	0.02080	0.04730	0.01724	0.02096	0.01327	0.01024	0.00837	0.00355	0.01098	0.00769	0.00668	0.01285
2	0.16294	0.02841	0.02684	0.03064	0.13741	0.15376	0.01911	0.03524	0.06905	0.03705	0.07474	0.03726	0.02945	0.09335	0.01658	0.00436	0.01257	0.01069	0.00730	0.01326
3	0.02171	0.01258	0.01565	0.01497	0.01867	0.01108	0.01117	0.02508	0.02699	0.13998	0.16138	0.23212	0.21233	0.02640	0.01319	0.00391	0.00668	0.02292	0.01154	0.01163
4	0.02450	0.01796	0.02608	0.19902	0.10788	0.01957	0.02098	0.03328	0.07519	0.08049	0.10067	0.04195	0.03445	0.01380	0.01080	0.00340	0.01016	0.01197	0.15422	0.01362
5	0.02025	0.01219	0.01645	0.01702	0.01969	0.01136	0.01302	0.02406	0.02648	0.10382	0.17255	0.29188	0.07368	0.02845	0.01395	0.00431	0.00750	0.12085	0.01138	0.01114
6	0.01955	0.00978	0.01466	0.01466	0.01466	0.00978	0.00978	0.01466	0.01466	0.01955	0.01955	0.03421	0.01955	0.03910	0.04399	0.67253	0.00978	0.00978	0.00489	0.00489
7	0.03460	0.40366	0.04955	0.02211	0.03106	0.11542	0.02008	0.13789	0.03081	0.03648	0.01842	0.02036	0.01549	0.01077	0.00853	0.00269	0.01329	0.00710	0.00638	0.01529
8	0.01613	0.01056	0.01434	0.01475	0.01614	0.00996	0.01036	0.01793	0.02452	0.03388	0.26163	0.22913	0.07538	0.03068	0.02108	0.16665	0.00677	0.02135	0.00997	0.00877
9	0.07127	0.02026	0.03017	0.21481	0.15407	0.02129	0.02348	0.03217	0.02355	0.10214	0.02542	0.03513	0.02091	0.09188	0.01692	0.00437	0.01222	0.01044	0.00690	0.08261

[dist]
# distance from previous block
# <min> <max>
1	6

[block]
# block no. 8 follows, 11 sequences, length 9
# corresponding to MSA columns:
# 324-332
name=unknown_I
#
# <colnr> <probs for GDERKNQSTAVLIFYWHMCP>
#	G	D	E	R	K	N	Q	S	T	A	V	L	I	F	Y	W	H	M	C	P
0	0.29416	0.03609	0.14882	0.02493	0.03433	0.10445	0.06554	0.03895	0.08291	0.04190	0.02130	0.02386	0.01616	0.01117	0.00944	0.00349	0.01324	0.00825	0.00670	0.01432
1	0.03061	0.02597	0.10428	0.10781	0.08132	0.02207	0.02354	0.04351	0.14263	0.17089	0.09437	0.04047	0.03415	0.01414	0.01147	0.00361	0.01107	0.01200	0.00977	0.01634
2	0.02062	0.01379	0.01951	0.02016	0.06599	0.01343	0.05306	0.02604	0.02505	0.04010	0.10877	0.10201	0.04278	0.01621	0.01009	0.00312	0.00732	0.01431	0.38620	0.01146
3	0.01390	0.01058	0.01280	0.01403	0.01602	0.00948	0.00984	0.01665	0.02444	0.03171	0.14823	0.35871	0.23055	0.03120	0.01385	0.00416	0.00607	0.02753	0.01074	0.00948
4	0.30990	0.02206	0.02332	0.01875	0.02678	0.02284	0.01547	0.11136	0.02991	0.27007	0.03001	0.02840	0.02012	0.01244	0.00952	0.00347	0.00964	0.00899	0.01067	0.01629
5	0.03440	0.03204	0.14353	0.08501	0.08236	0.02636	0.02634	0.15078	0.10488	0.15324	0.03082	0.03131	0.02166	0.01272	0.01117	0.00354	0.01255	0.01035	0.00933	0.01762
6	0.02591	0.01474	0.01774	0.01628	0.02006	0.01421	0.01197	0.03182	0.08331	0.15957	0.05436	0.11172	0.11291	0.21203	0.02719	0.00620	0.00917	0.04842	0.01026	0.01212
7	0.03232	0.10936	0.03881	0.02532	0.03427	0.02388	0.13039	0.07573	0.02919	0.16785	0.04073	0.04090	0.09482	0.01365	0.01111	0.00322	0.01172	0.01217	0.00898	0.09557
8	0.09990	0.02690	0.02762	0.02720	0.08942	0.10209	0.01904	0.11281	0.11360	0.11688	0.11260	0.03883	0.03583	0.01443	0.01102	0.00343	0.01114	0.01159	0.00993	0.01575

[dist]
# distance from previous block
# <min> <max>
1	4

[block]
# block no. 9 follows, 11 sequences, length 11
# corresponding to MSA columns:
# 367-377
name=unknown_J
#
# <colnr> <probs for GDERKNQSTAVLIFYWHMCP>
#	G	D	E	R	K	N	Q	S	T	A	V	L	I	F	Y	W	H	M	C	P
0	0.04596	0.01782	0.02371	0.01856	0.02633	0.01561	0.01521	0.05045	0.03089	0.46507	0.04322	0.03887	0.02801	0.01380	0.01079	0.00335	0.00891	0.01119	0.11442	0.01782
1	0.02753	0.02118	0.03048	0.07732	0.10999	0.02182	0.06739	0.10739	0.06633	0.08224	0.08439	0.04712	0.06851	0.07738	0.01649	0.00429	0.01117	0.01338	0.05113	0.01447
2	0.03139	0.02230	0.02352	0.01975	0.02586	0.02462	0.01576	0.22069	0.16068	0.05472	0.03521	0.03607	0.02642	0.01382	0.01013	0.00323	0.00900	0.01092	0.24013	0.01578
3	0.08792	0.01341	0.01673	0.01648	0.01990	0.01302	0.01299	0.02562	0.02775	0.09359	0.25297	0.16022	0.07456	0.02436	0.01308	0.00404	0.00738	0.11332	0.01127	0.01141
4	0.04061	0.08642	0.11022	0.02226	0.03194	0.02265	0.02091	0.05047	0.10408	0.33451	0.03792	0.03455	0.02538	0.01319	0.01082	0.00344	0.01082	0.01053	0.01119	0.01808
5	0.01603	0.01079	0.01399	0.01566	0.01731	0.01033	0.01162	0.01964	0.02431	0.03423	0.12913	0.34108	0.07050	0.02921	0.01345	0.00424	0.00691	0.11190	0.10985	0.00982
6	0.03146	0.11307	0.03436	0.02773	0.07726	0.06643	0.02074	0.08280	0.02684	0.11618	0.02909	0.11420	0.02677	0.01746	0.01766	0.00379	0.15881	0.01278	0.00801	0.01457
7	0.02932	0.02569	0.10545	0.07429	0.03548	0.01805	0.02017	0.03565	0.02538	0.15291	0.02569	0.02752	0.01873	0.01028	0.00967	0.00258	0.01055	0.00832	0.00790	0.35637
8	0.02822	0.35646	0.17693	0.02247	0.03283	0.08089	0.02401	0.03438	0.02396	0.03058	0.01921	0.02226	0.01593	0.01044	0.00844	0.00277	0.01322	0.00719	0.07532	0.01447
9	0.61933	0.02150	0.01752	0.01533	0.02248	0.02436	0.01263	0.03531	0.02049	0.10064	0.01860	0.02033	0.01379	0.01080	0.00741	0.00348	0.00880	0.00663	0.00768	0.01290
10	0.10611	0.08103	0.03120	0.11104	0.03702	0.02792	0.01988	0.20813	0.03539	0.14443	0.02758	0.02895	0.01965	0.01249	0.01017	0.00332	0.01132	0.00953	0.05860	0.01623

[dist]
# distance from previous block
# <min> <max>
0	3

[block]
# block no. 10 follows, 11 sequences, length 22
# corresponding to MSA columns:
# 381-402
name=unknown_K
#
# <colnr> <probs for GDERKNQSTAVLIFYWHMCP>
#	G	D	E	R	K	N	Q	S	T	A	V	L	I	F	Y	W	H	M	C	P
0	0.23737	0.01980	0.01926	0.01656	0.02176	0.02174	0.01284	0.15028	0.02920	0.04878	0.06599	0.03975	0.02934	0.12470	0.01822	0.00473	0.00931	0.01088	0.10685	0.01263
1	0.02456	0.01293	0.01645	0.01521	0.01801	0.01198	0.01063	0.02695	0.02404	0.16053	0.12744	0.16152	0.05490	0.24942	0.03012	0.00658	0.00881	0.01860	0.01026	0.01106
2	0.01730	0.01354	0.01910	0.02245	0.09143	0.01335	0.01395	0.02126	0.02473	0.03431	0.21402	0.12223	0.10218	0.11786	0.11506	0.00725	0.01179	0.01831	0.00912	0.01077
3	0.02805	0.02141	0.02380	0.02154	0.02741	0.02379	0.01698	0.05217	0.37543	0.09314	0.09650	0.05341	0.04379	0.01732	0.01199	0.00388	0.00873	0.05242	0.01169	0.01655
4	0.68395	0.02177	0.01654	0.01480	0.02177	0.02525	0.01219	0.03309	0.01915	0.05050	0.01567	0.01828	0.01219	0.01045	0.00697	0.00348	0.00871	0.00609	0.00697	0.01219
5	0.02945	0.02808	0.03235	0.02765	0.03073	0.07922	0.02255	0.10312	0.12235	0.03745	0.02294	0.02804	0.01927	0.01721	0.02581	0.00430	0.33756	0.01023	0.00721	0.01446
6	0.02784	0.02257	0.03472	0.22401	0.13010	0.02417	0.06729	0.10628	0.02964	0.08540	0.03745	0.04131	0.09200	0.01400	0.01172	0.00361	0.01282	0.01244	0.00778	0.01487
7	0.27638	0.13304	0.03660	0.03033	0.12573	0.03103	0.05469	0.11660	0.02765	0.04608	0.01927	0.02251	0.01528	0.01070	0.00904	0.00326	0.01162	0.00808	0.00698	0.01514
8	0.58900	0.02249	0.02076	0.02266	0.09593	0.02547	0.01542	0.03330	0.02009	0.04851	0.01647	0.01967	0.01301	0.01039	0.00757	0.00346	0.00938	0.00666	0.00676	0.01301
9	0.02199	0.02038	0.03369	0.33544	0.09360	0.02323	0.07382	0.03099	0.06788	0.03268	0.07119	0.03968	0.02783	0.06262	0.01555	0.00432	0.01350	0.01209	0.00654	0.01299
10	0.01800	0.01148	0.01441	0.01459	0.01685	0.01050	0.01026	0.02086	0.02494	0.07969	0.17985	0.27127	0.13913	0.11163	0.01987	0.00502	0.00702	0.02373	0.01073	0.01015
11	0.02451	0.02224	0.03586	0.08796	0.16057	0.02378	0.10281	0.03463	0.09571	0.03808	0.07869	0.03804	0.03022	0.01352	0.01378	0.00359	0.06649	0.01208	0.10288	0.01455
12	0.02758	0.02873	0.08181	0.20019	0.05038	0.09998	0.11423	0.03462	0.02596	0.07569	0.02712	0.03800	0.02180	0.01297	0.01147	0.00361	0.01489	0.04746	0.06986	0.01366
13	0.01845	0.01027	0.01446	0.01446	0.01467	0.01048	0.00953	0.01562	0.01541	0.02075	0.02434	0.04440	0.02540	0.17510	0.10012	0.45153	0.01213	0.01154	0.00545	0.00587
14	0.02949	0.22431	0.03722	0.07441	0.03311	0.11944	0.01920	0.07555	0.11312	0.03474	0.03681	0.03757	0.09294	0.01415	0.01005	0.00315	0.01226	0.01069	0.00751	0.01429
15	0.02019	0.01552	0.01769	0.01673	0.02050	0.01523	0.01223	0.09032	0.06744	0.03682	0.05909	0.27320	0.14124	0.07799	0.01677	0.00448	0.00799	0.02183	0.00996	0.07481
16	0.02482	0.06688	0.02459	0.01836	0.02443	0.05447	0.01450	0.10383	0.03096	0.04223	0.17224	0.12375	0.05075	0.01761	0.01114	0.00305	0.00896	0.01481	0.00941	0.18318
17	0.09017	0.02432	0.11516	0.02040	0.02770	0.01820	0.01885	0.07548	0.02886	0.17359	0.10985	0.16680	0.04512	0.01916	0.01177	0.00374	0.00971	0.01621	0.01037	0.01453
18	0.19661	0.02576	0.02583	0.02151	0.02860	0.07045	0.01739	0.11173	0.11716	0.18858	0.03093	0.03005	0.02196	0.01345	0.01187	0.00357	0.04847	0.00969	0.01013	0.01626
19	0.15516	0.01965	0.02196	0.01842	0.02458	0.02012	0.01465	0.13897	0.03170	0.17495	0.08465	0.08834	0.07033	0.01889	0.01366	0.05638	0.00913	0.01345	0.01062	0.01438
20	0.08827	0.11302	0.10633	0.02007	0.02784	0.02265	0.01889	0.07638	0.02916	0.13681	0.14406	0.09416	0.04385	0.01655	0.01095	0.00344	0.00994	0.01352	0.00960	0.01453
21	0.15367	0.02117	0.03234	0.02779	0.07390	0.02039	0.12604	0.03447	0.02579	0.13323	0.09931	0.04014	0.03306	0.06179	0.01479	0.00402	0.01131	0.01203	0.00860	0.06615

[dist]
# distance from previous block
# <min> <max>
12	109

[block]
# block no. 11 follows, 11 sequences, length 11
# corresponding to MSA columns:
# 556-566
name=unknown_L
#
# <colnr> <probs for GDERKNQSTAVLIFYWHMCP>
#	G	D	E	R	K	N	Q	S	T	A	V	L	I	F	Y	W	H	M	C	P
0	0.27651	0.02692	0.02774	0.07854	0.12785	0.09150	0.02045	0.09553	0.02788	0.04537	0.06298	0.02825	0.02283	0.01207	0.00966	0.00340	0.01179	0.00911	0.00742	0.01420
1	0.02559	0.11896	0.14341	0.03197	0.12719	0.09145	0.02506	0.03159	0.02523	0.03326	0.10482	0.03781	0.03270	0.06613	0.01661	0.00401	0.05278	0.01100	0.00651	0.01392
2	0.03363	0.02022	0.02829	0.02957	0.12398	0.01952	0.01987	0.04062	0.06861	0.22490	0.03789	0.08492	0.03109	0.01610	0.01313	0.00358	0.04577	0.05063	0.01008	0.09760
3	0.01650	0.02043	0.11580	0.01686	0.02249	0.01329	0.01600	0.02264	0.02865	0.03938	0.32020	0.07900	0.20181	0.02212	0.01279	0.00361	0.00758	0.01896	0.01041	0.01147
4	0.02759	0.42748	0.22084	0.02352	0.03548	0.03842	0.02668	0.03435	0.02317	0.02953	0.01716	0.01995	0.01438	0.00998	0.00838	0.00279	0.01356	0.00678	0.00479	0.01517
5	0.08883	0.01560	0.01553	0.01386	0.01812	0.01658	0.01087	0.11701	0.02879	0.04833	0.03284	0.03683	0.02539	0.01293	0.00843	0.00285	0.00695	0.01000	0.47794	0.01231
6	0.01466	0.01087	0.01375	0.01484	0.01685	0.00997	0.01079	0.01804	0.02571	0.03425	0.20757	0.31399	0.17007	0.03004	0.01395	0.00418	0.00634	0.06338	0.01101	0.00975
7	0.02055	0.01919	0.03095	0.40620	0.12199	0.02225	0.02731	0.02706	0.02349	0.03006	0.03816	0.04474	0.11394	0.01441	0.01163	0.00371	0.01302	0.01264	0.00612	0.01259
8	0.02136	0.01923	0.01618	0.01546	0.01805	0.11561	0.01084	0.02413	0.02483	0.03162	0.14010	0.06651	0.12433	0.20410	0.02584	0.00566	0.01000	0.01574	0.10072	0.00969
9	0.02616	0.01352	0.01794	0.01677	0.02082	0.01216	0.01287	0.03001	0.02806	0.19497	0.17403	0.22471	0.09875	0.02475	0.01316	0.00397	0.00743	0.05516	0.01201	0.01278
10	0.11988	0.07688	0.07630	0.01907	0.02878	0.02145	0.01720	0.03617	0.06609	0.10090	0.02426	0.02566	0.01852	0.01026	0.00891	0.00258	0.00972	0.00778	0.00767	0.32192

[dist]
# distance from previous block
# <min> <max>
0	3

[block]
# block no. 12 follows, 11 sequences, length 13
# corresponding to MSA columns:
# 570-582
name=unknown_M
#
# <colnr> <probs for GDERKNQSTAVLIFYWHMCP>
#	G	D	E	R	K	N	Q	S	T	A	V	L	I	F	Y	W	H	M	C	P
0	0.30024	0.17424	0.06789	0.02390	0.03266	0.09534	0.09456	0.03530	0.02308	0.03860	0.01729	0.02074	0.01394	0.01025	0.00865	0.00320	0.01306	0.00751	0.00596	0.01359
1	0.01866	0.01535	0.02266	0.21114	0.08105	0.01653	0.01904	0.02398	0.02472	0.03382	0.12096	0.12920	0.12213	0.01922	0.01190	0.00367	0.00954	0.01686	0.08809	0.01148
2	0.01389	0.01008	0.01311	0.01519	0.01628	0.00931	0.01031	0.01623	0.02283	0.03039	0.10946	0.51054	0.11366	0.03359	0.01418	0.00441	0.00635	0.03026	0.01063	0.00931
3	0.02856	0.01397	0.01822	0.01609	0.02009	0.01269	0.01189	0.03179	0.02689	0.22173	0.16777	0.13425	0.05723	0.16013	0.02321	0.00542	0.00840	0.01763	0.01137	0.01268
4	0.04186	0.02112	0.02605	0.02075	0.02846	0.02066	0.01686	0.13023	0.10163	0.33019	0.10019	0.04235	0.03670	0.01514	0.01156	0.00352	0.00947	0.01240	0.01293	0.01793
5	0.02696	0.02583	0.04407	0.13809	0.47224	0.02651	0.03410	0.03376	0.02520	0.03568	0.02101	0.02815	0.01744	0.01019	0.01116	0.00340	0.01359	0.01002	0.00549	0.01711
6	0.03849	0.02604	0.02841	0.02263	0.03033	0.02830	0.01842	0.31226	0.11710	0.12049	0.03333	0.03271	0.02385	0.01378	0.01084	0.00336	0.01054	0.01072	0.10062	0.01776
7	0.02862	0.01699	0.02172	0.10247	0.03037	0.01727	0.01585	0.09411	0.03129	0.15351	0.15046	0.05279	0.08881	0.01668	0.01130	0.00340	0.00871	0.01396	0.12788	0.01381
8	0.03404	0.46257	0.05186	0.02040	0.02985	0.04038	0.01935	0.11048	0.02859	0.08154	0.02016	0.02138	0.01645	0.01066	0.00825	0.00266	0.01186	0.00718	0.00670	0.01564
9	0.58035	0.02334	0.01933	0.01659	0.02389	0.02681	0.01368	0.10800	0.02461	0.05380	0.01751	0.01970	0.01331	0.01094	0.00766	0.00347	0.00930	0.00675	0.00766	0.01331
10	0.02245	0.02710	0.11592	0.37545	0.06292	0.02659	0.03097	0.03232	0.06406	0.03123	0.02161	0.02937	0.01651	0.01253	0.01429	0.00387	0.08374	0.00994	0.00550	0.01360
11	0.01697	0.01332	0.01538	0.01554	0.01875	0.01298	0.01196	0.02429	0.09190	0.03480	0.15094	0.12257	0.23303	0.08018	0.01763	0.00473	0.00751	0.10626	0.01055	0.01071
12	0.08481	0.02700	0.10916	0.02846	0.07891	0.02231	0.07823	0.10749	0.02882	0.09889	0.03192	0.10877	0.02793	0.04858	0.01382	0.00400	0.01185	0.01337	0.06087	0.01481

[dist]
# distance from previous block
# <min> <max>
0	73

[block]
# block no. 13 follows, 11 sequences, length 11
# corresponding to MSA columns:
# 666-676
name=unknown_N
#
# <colnr> <probs for GDERKNQSTAVLIFYWHMCP>
#	G	D	E	R	K	N	Q	S	T	A	V	L	I	F	Y	W	H	M	C	P
0	0.03190	0.13871	0.03240	0.02165	0.02867	0.02930	0.01782	0.16332	0.18273	0.08510	0.03728	0.11781	0.03203	0.01665	0.01101	0.00351	0.01013	0.01356	0.01014	0.01628
1	0.03019	0.02158	0.02895	0.18841	0.04354	0.02282	0.02135	0.07543	0.07879	0.13579	0.02766	0.03064	0.02028	0.01233	0.01255	0.00327	0.05505	0.00975	0.00833	0.17327
2	0.02988	0.43610	0.05083	0.02529	0.08365	0.09422	0.02044	0.03390	0.02491	0.02934	0.06103	0.02511	0.02280	0.01105	0.00849	0.00266	0.01247	0.00783	0.00566	0.01433
3	0.68395	0.02177	0.01654	0.01480	0.02177	0.02525	0.01219	0.03309	0.01915	0.05050	0.01567	0.01828	0.01219	0.01045	0.00697	0.00348	0.00871	0.00609	0.00697	0.01219
4	0.02815	0.07932	0.21551	0.16297	0.14228	0.02590	0.03230	0.03666	0.02506	0.11177	0.02373	0.02780	0.01722	0.01112	0.01074	0.00347	0.01420	0.00932	0.00639	0.01612
5	0.01564	0.01108	0.01381	0.01421	0.01514	0.01134	0.00937	0.01720	0.01836	0.02469	0.04460	0.14888	0.08285	0.33693	0.17599	0.01120	0.01475	0.01826	0.00747	0.00822
6	0.01445	0.01080	0.01343	0.01414	0.01625	0.00978	0.01008	0.01787	0.02635	0.03526	0.24870	0.29406	0.18935	0.02914	0.01372	0.00401	0.00588	0.02576	0.01118	0.00978
7	0.03667	0.01859	0.02234	0.01828	0.02474	0.01825	0.01470	0.11233	0.07440	0.25571	0.09290	0.04276	0.03587	0.01478	0.01072	0.00330	0.00846	0.01205	0.16708	0.01606
8	0.02717	0.01357	0.01737	0.01581	0.02012	0.01258	0.01268	0.03217	0.02886	0.17996	0.19266	0.06681	0.05771	0.01911	0.01165	0.00353	0.00724	0.08215	0.18593	0.01291
9	0.68395	0.02177	0.01654	0.01480	0.02177	0.02525	0.01219	0.03309	0.01915	0.05050	0.01567	0.01828	0.01219	0.01045	0.00697	0.00348	0.00871	0.00609	0.00697	0.01219
10	0.03634	0.21507	0.03897	0.02517	0.03219	0.32496	0.02041	0.04387	0.10281	0.03021	0.02122	0.02294	0.01751	0.01157	0.00948	0.00289	0.01610	0.00772	0.00637	0.01419

[dist]
# distance from previous block
# <min> <max>
1	3

[block]
# block no. 14 follows, 11 sequences, length 16
# corresponding to MSA columns:
# 680-695
name=unknown_O
#
# <colnr> <probs for GDERKNQSTAVLIFYWHMCP>
#	G	D	E	R	K	N	Q	S	T	A	V	L	I	F	Y	W	H	M	C	P
0	0.03175	0.16813	0.13208	0.13135	0.09236	0.03043	0.02700	0.11208	0.02944	0.10728	0.02362	0.02651	0.01745	0.01139	0.01020	0.00326	0.01327	0.00897	0.00722	0.01623
1	0.68395	0.02177	0.01654	0.01480	0.02177	0.02525	0.01219	0.03309	0.01915	0.05050	0.01567	0.01828	0.01219	0.01045	0.00697	0.00348	0.00871	0.00609	0.00697	0.01219
2	0.02254	0.21946	0.14300	0.02221	0.03101	0.02643	0.06453	0.02891	0.02583	0.03402	0.14680	0.04862	0.11199	0.01565	0.01076	0.00324	0.01118	0.01302	0.00742	0.01337
3	0.01690	0.01131	0.01417	0.01346	0.01611	0.01060	0.01009	0.02219	0.03028	0.04453	0.43429	0.07602	0.09141	0.02112	0.01224	0.00336	0.00530	0.01847	0.13756	0.01060
4	0.02027	0.01250	0.01735	0.01669	0.01914	0.01351	0.01261	0.02377	0.01981	0.08265	0.03313	0.04824	0.03028	0.15651	0.37014	0.01400	0.02261	0.01256	0.06370	0.01054
5	0.02046	0.01359	0.01720	0.01565	0.01927	0.01305	0.01195	0.02855	0.08410	0.09168	0.43092	0.07525	0.09111	0.02133	0.01290	0.00356	0.00610	0.01869	0.01243	0.01219
6	0.01616	0.01174	0.01648	0.01648	0.01793	0.01319	0.01206	0.01907	0.01761	0.02494	0.03162	0.05237	0.03168	0.22847	0.42063	0.01610	0.02482	0.01325	0.00625	0.00915
7	0.02956	0.55401	0.05659	0.02026	0.02895	0.04355	0.01978	0.03306	0.02232	0.02654	0.01556	0.01870	0.01448	0.01061	0.01012	0.00265	0.06780	0.00639	0.00483	0.01424
8	0.03110	0.01744	0.02161	0.01864	0.02409	0.01709	0.01456	0.08352	0.09835	0.20654	0.18661	0.13431	0.05767	0.01990	0.01236	0.00370	0.00806	0.01711	0.01236	0.01499
9	0.09663	0.02897	0.08195	0.15334	0.04412	0.10174	0.06644	0.03876	0.02652	0.16490	0.02880	0.06971	0.02237	0.01342	0.01104	0.00357	0.01369	0.01127	0.00805	0.01469
10	0.03884	0.02715	0.02977	0.02399	0.03204	0.02979	0.01944	0.28051	0.20848	0.13292	0.03608	0.03386	0.02568	0.01418	0.01133	0.00354	0.01077	0.01120	0.01172	0.01869
11	0.58619	0.02251	0.02088	0.02289	0.09813	0.02547	0.01552	0.03330	0.02012	0.04845	0.01649	0.01971	0.01303	0.01039	0.00759	0.00346	0.00940	0.00668	0.00676	0.01303
12	0.09067	0.09309	0.20297	0.03381	0.11315	0.02675	0.07887	0.03983	0.05696	0.12065	0.02541	0.02760	0.01847	0.01117	0.01051	0.00344	0.01355	0.00946	0.00714	0.01652
13	0.02624	0.03024	0.07234	0.20932	0.05058	0.13811	0.11386	0.03310	0.02650	0.03329	0.07647	0.03441	0.02630	0.01238	0.01129	0.00344	0.01513	0.01108	0.06286	0.01305
14	0.11912	0.01373	0.01550	0.01466	0.01869	0.01305	0.01112	0.02528	0.02652	0.10704	0.19470	0.17187	0.17988	0.02359	0.01228	0.00378	0.00673	0.02006	0.01094	0.01146
15	0.10058	0.02639	0.02970	0.03043	0.12675	0.10112	0.02036	0.07690	0.03114	0.25496	0.06418	0.03398	0.02706	0.01308	0.01083	0.00336	0.01175	0.01050	0.01016	0.01677

[dist]
# distance from previous block
# <min> <max>
6	28

[block]
# block no. 15 follows, 11 sequences, length 6
# corresponding to MSA columns:
# 724-729
name=unknown_P
#
# <colnr> <probs for GDERKNQSTAVLIFYWHMCP>
#	G	D	E	R	K	N	Q	S	T	A	V	L	I	F	Y	W	H	M	C	P
0	0.02873	0.06419	0.02533	0.01976	0.02488	0.02023	0.01648	0.09225	0.03109	0.14484	0.15687	0.06638	0.08588	0.02046	0.01472	0.00387	0.06138	0.09806	0.01076	0.01383
1	0.11119	0.02310	0.06746	0.07818	0.07086	0.02209	0.01984	0.11416	0.07225	0.04356	0.07885	0.17487	0.04024	0.01882	0.01161	0.00379	0.01018	0.01604	0.00901	0.01389
2	0.33833	0.08759	0.02438	0.01845	0.02489	0.11463	0.01487	0.03560	0.02366	0.10289	0.02567	0.09724	0.02297	0.01426	0.00905	0.00341	0.01085	0.01034	0.00787	0.01305
3	0.02319	0.01607	0.01968	0.01663	0.02193	0.01461	0.01288	0.07703	0.03135	0.08589	0.27752	0.10727	0.06733	0.01906	0.01189	0.00319	0.00722	0.01650	0.01094	0.15982
