[name]
unknown

[dist]
# distance from previous block
# <min> <max>
0	276

[block]
# block no. 0 follows, 13 sequences, length 16
# corresponding to MSA columns:
# 276-291
name=unknown_A
#
# <colnr> <probs for GDERKNQSTAVLIFYWHMCP>
#	G	D	E	R	K	N	Q	S	T	A	V	L	I	F	Y	W	H	M	C	P
0	0.01617	0.01155	0.01605	0.01848	0.02054	0.01142	0.01554	0.02041	0.02349	0.03067	0.05646	0.22372	0.06274	0.03002	0.01437	0.00475	0.00899	0.39538	0.00975	0.00950
1	0.01435	0.00982	0.01184	0.01285	0.01310	0.00957	0.00781	0.01511	0.01738	0.02318	0.04361	0.29692	0.05142	0.38298	0.03719	0.00779	0.00855	0.02143	0.00781	0.00731
2	0.01971	0.00985	0.00985	0.00985	0.01232	0.00985	0.00739	0.02464	0.02217	0.03942	0.03449	0.03942	0.02710	0.01232	0.00739	0.00246	0.00493	0.00985	0.68712	0.00985
3	0.04347	0.02435	0.02847	0.02183	0.03016	0.02498	0.01803	0.31185	0.04091	0.29443	0.03278	0.03018	0.02169	0.01287	0.01060	0.00322	0.01044	0.01002	0.01171	0.01799
4	0.01275	0.01040	0.01127	0.01172	0.01461	0.00893	0.00854	0.01541	0.02370	0.02919	0.12804	0.20827	0.42495	0.02774	0.01270	0.00370	0.00549	0.02370	0.00994	0.00893
5	0.04019	0.02962	0.03173	0.02433	0.03279	0.03279	0.02010	0.52721	0.04971	0.06663	0.02538	0.02538	0.01798	0.01269	0.01058	0.00317	0.01163	0.00952	0.01058	0.01798
6	0.70310	0.02045	0.01554	0.01390	0.02045	0.02372	0.01145	0.03108	0.01799	0.04744	0.01472	0.01718	0.01145	0.00981	0.00654	0.00327	0.00818	0.00573	0.00654	0.01145
7	0.03113	0.02132	0.02403	0.02025	0.02656	0.02300	0.01610	0.14729	0.26273	0.14367	0.12433	0.04245	0.03939	0.01498	0.01098	0.00340	0.00860	0.01240	0.01129	0.01610
8	0.02512	0.02264	0.13382	0.01881	0.02570	0.01567	0.01793	0.03338	0.06937	0.16978	0.27795	0.05352	0.05841	0.01654	0.01138	0.00334	0.00845	0.01412	0.01043	0.01365
9	0.01996	0.01711	0.01959	0.01463	0.02282	0.01302	0.01159	0.02424	0.02238	0.03323	0.03716	0.03853	0.12848	0.01177	0.00880	0.00198	0.00732	0.00960	0.00700	0.55078
10	0.02388	0.04071	0.35896	0.02576	0.03749	0.02275	0.02963	0.03842	0.13208	0.08184	0.07783	0.03251	0.02674	0.01231	0.01048	0.00339	0.01253	0.01000	0.00719	0.01551
11	0.02290	0.07436	0.08961	0.14279	0.15605	0.02471	0.18839	0.03010	0.02357	0.03207	0.05308	0.06729	0.02368	0.01170	0.01112	0.00338	0.01386	0.01185	0.00571	0.01377
12	0.14323	0.01896	0.02122	0.01583	0.02455	0.01597	0.01279	0.03113	0.02250	0.11709	0.02153	0.02322	0.01651	0.00896	0.00803	0.00212	0.00807	0.00683	0.00734	0.47412
13	0.01595	0.01061	0.01324	0.01258	0.01507	0.00995	0.00944	0.02093	0.02832	0.04178	0.44825	0.07075	0.08465	0.01968	0.01141	0.00315	0.00498	0.01719	0.15211	0.00995
14	0.01456	0.01079	0.01357	0.01288	0.01555	0.00980	0.00966	0.01917	0.02897	0.04012	0.48288	0.08273	0.17519	0.02246	0.01247	0.00337	0.00505	0.01965	0.01134	0.00980
15	0.03762	0.03013	0.03017	0.02407	0.03182	0.07853	0.01952	0.40086	0.13735	0.05912	0.02781	0.02739	0.02020	0.01284	0.01052	0.00321	0.01167	0.00973	0.01017	0.01727

[dist]
# distance from previous block
# <min> <max>
0	1

[block]
# block no. 1 follows, 13 sequences, length 39
# corresponding to MSA columns:
# 293-331
name=unknown_B
#
# <colnr> <probs for GDERKNQSTAVLIFYWHMCP>
#	G	D	E	R	K	N	Q	S	T	A	V	L	I	F	Y	W	H	M	C	P
0	0.02602	0.02374	0.03701	0.10369	0.37057	0.02360	0.02741	0.07395	0.02563	0.03660	0.02006	0.02551	0.01640	0.00952	0.01000	0.00289	0.01176	0.00885	0.00584	0.14096
1	0.03528	0.02888	0.03090	0.12892	0.03956	0.07873	0.02151	0.35408	0.08527	0.05400	0.02492	0.02655	0.01813	0.01229	0.01050	0.00323	0.01245	0.00947	0.00908	0.01625
2	0.70310	0.02045	0.01554	0.01390	0.02045	0.02372	0.01145	0.03108	0.01799	0.04744	0.01472	0.01718	0.01145	0.00981	0.00654	0.00327	0.00818	0.00573	0.00654	0.01145
3	0.02158	0.02136	0.03137	0.02636	0.02785	0.02774	0.06420	0.02473	0.01888	0.02792	0.06971	0.03587	0.07337	0.01873	0.02875	0.00432	0.44844	0.01162	0.00578	0.01141
4	0.01304	0.00950	0.01229	0.01419	0.01528	0.00875	0.00965	0.01527	0.02155	0.02862	0.11073	0.51825	0.12112	0.03140	0.01330	0.00413	0.00595	0.02825	0.00999	0.00875
5	0.01526	0.01070	0.01382	0.01382	0.01461	0.01149	0.00926	0.01685	0.01605	0.02220	0.03122	0.05759	0.03340	0.39806	0.27728	0.01308	0.01783	0.01368	0.00610	0.00768
6	0.02121	0.05469	0.57364	0.03014	0.04576	0.02455	0.03906	0.03348	0.02232	0.03348	0.01897	0.02232	0.01339	0.01005	0.01005	0.00335	0.01563	0.00781	0.00446	0.01563
7	0.02390	0.02281	0.03882	0.26168	0.38340	0.02453	0.03132	0.03046	0.02300	0.03179	0.01949	0.02691	0.01578	0.00984	0.01051	0.00328	0.01312	0.00941	0.00504	0.01492
8	0.03269	0.02593	0.03197	0.16656	0.09005	0.02922	0.02311	0.31558	0.08940	0.05199	0.02505	0.02752	0.01835	0.01205	0.01058	0.00330	0.01199	0.00972	0.00870	0.01625
9	0.01288	0.00920	0.01227	0.01472	0.01534	0.00859	0.00981	0.01472	0.02024	0.02699	0.05828	0.62152	0.06993	0.03312	0.01350	0.00429	0.00613	0.03006	0.00981	0.00859
10	0.01272	0.01072	0.01102	0.01095	0.01442	0.00902	0.00821	0.01561	0.02463	0.02982	0.14802	0.09968	0.51648	0.02631	0.01249	0.00355	0.00532	0.02202	0.00998	0.00902
11	0.02286	0.10787	0.28527	0.02322	0.03320	0.02235	0.02573	0.03269	0.06801	0.07751	0.07425	0.12067	0.03209	0.01506	0.01050	0.00337	0.01158	0.01251	0.00715	0.01411
12	0.02617	0.02512	0.04292	0.06490	0.56246	0.02512	0.03245	0.03245	0.02407	0.03454	0.01989	0.02617	0.01675	0.00942	0.01047	0.00314	0.01256	0.00942	0.00523	0.01675
13	0.02400	0.01382	0.01904	0.01698	0.02028	0.01440	0.01325	0.02769	0.02336	0.16713	0.16216	0.05034	0.04457	0.09282	0.20124	0.00842	0.06656	0.01327	0.00901	0.01165
14	0.01376	0.01063	0.01255	0.01235	0.01513	0.00942	0.00915	0.01751	0.02667	0.03531	0.32680	0.13511	0.28801	0.02475	0.01257	0.00351	0.00524	0.02139	0.01072	0.00942
15	0.02359	0.02994	0.14133	0.17219	0.23127	0.02507	0.15872	0.03180	0.02334	0.03252	0.01987	0.02652	0.01538	0.00966	0.01093	0.00337	0.01480	0.00991	0.00501	0.01480
16	0.02121	0.05469	0.57364	0.03014	0.04576	0.02455	0.03906	0.03348	0.02232	0.03348	0.01897	0.02232	0.01339	0.01005	0.01005	0.00335	0.01563	0.00781	0.00446	0.01563
17	0.02515	0.02200	0.02532	0.12660	0.03569	0.02579	0.01902	0.05091	0.44899	0.04112	0.03865	0.03741	0.02899	0.01366	0.01072	0.00357	0.00940	0.01149	0.00966	0.01583
18	0.70310	0.02045	0.01554	0.01390	0.02045	0.02372	0.01145	0.03108	0.01799	0.04744	0.01472	0.01718	0.01145	0.00981	0.00654	0.00327	0.00818	0.00573	0.00654	0.01145
19	0.02341	0.03497	0.23529	0.13441	0.29869	0.02467	0.03440	0.03200	0.02299	0.03301	0.01939	0.02507	0.01512	0.00982	0.01033	0.00327	0.01392	0.00883	0.00487	0.01557
20	0.02372	0.16378	0.02277	0.01355	0.01789	0.07456	0.01125	0.02806	0.02278	0.03459	0.02795	0.03202	0.02252	0.01139	0.00746	0.00244	0.00786	0.00855	0.45588	0.01098
21	0.02192	0.01879	0.02192	0.01566	0.02506	0.01409	0.01253	0.02662	0.02192	0.03445	0.01879	0.02192	0.01566	0.00783	0.00783	0.00157	0.00783	0.00626	0.00626	0.69305
22	0.01410	0.01077	0.01294	0.01240	0.01527	0.00961	0.00930	0.01828	0.02789	0.03757	0.39987	0.08693	0.25980	0.02342	0.01248	0.00341	0.00512	0.02024	0.01100	0.00961
23	0.02630	0.02271	0.02391	0.02152	0.02749	0.02630	0.01674	0.05618	0.54336	0.04423	0.04303	0.03945	0.03228	0.01434	0.01076	0.00359	0.00837	0.01195	0.01076	0.01674
24	0.23789	0.02667	0.03160	0.03958	0.26650	0.07688	0.02300	0.10852	0.02666	0.04263	0.01882	0.02263	0.01502	0.01018	0.00919	0.00315	0.01166	0.00806	0.00647	0.01490
25	0.02129	0.04571	0.42919	0.02922	0.04253	0.02363	0.08259	0.03396	0.06753	0.03404	0.02857	0.03098	0.06035	0.01169	0.01055	0.00341	0.01437	0.00983	0.00554	0.01503
26	0.02733	0.01804	0.02179	0.01677	0.02448	0.01515	0.01334	0.07277	0.02649	0.14689	0.07084	0.08422	0.02970	0.01273	0.00953	0.00244	0.00801	0.01063	0.00878	0.38005
27	0.01663	0.01049	0.01418	0.01592	0.01751	0.00983	0.01159	0.01920	0.02184	0.07509	0.05643	0.48166	0.06451	0.03069	0.01344	0.00431	0.00702	0.10998	0.01009	0.00961
28	0.08296	0.02798	0.07225	0.07846	0.03547	0.02832	0.02100	0.29213	0.12445	0.08910	0.02755	0.02790	0.01973	0.01237	0.01028	0.00330	0.01121	0.00958	0.00943	0.01651
29	0.01612	0.01800	0.09977	0.01738	0.02137	0.01324	0.01504	0.02333	0.07727	0.03407	0.19017	0.31811	0.06575	0.02444	0.01240	0.00381	0.00749	0.02173	0.00960	0.01089
30	0.02527	0.38821	0.27568	0.02321	0.03505	0.03449	0.02701	0.03244	0.02184	0.02853	0.01652	0.01924	0.01349	0.00947	0.00817	0.00272	0.01314	0.00657	0.00450	0.01444
31	0.02779	0.59548	0.09051	0.01891	0.02840	0.04067	0.01951	0.03178	0.02154	0.02546	0.01499	0.01732	0.01356	0.00911	0.00701	0.00234	0.01160	0.00580	0.00452	0.01371
32	0.01285	0.00933	0.01214	0.01439	0.01525	0.00862	0.00967	0.01476	0.02056	0.02712	0.06231	0.57852	0.11032	0.03260	0.01341	0.00423	0.00607	0.02942	0.00982	0.00862
33	0.01312	0.01002	0.01214	0.01370	0.01555	0.00904	0.00983	0.01554	0.02201	0.02798	0.07577	0.38745	0.24607	0.03047	0.01323	0.00408	0.00618	0.06920	0.00981	0.00881
34	0.02169	0.03077	0.20593	0.02049	0.03196	0.01758	0.02138	0.02891	0.02206	0.03413	0.01885	0.02206	0.01490	0.00857	0.00857	0.00216	0.01043	0.00678	0.00566	0.46712
35	0.01314	0.00990	0.01216	0.01336	0.01512	0.00892	0.00935	0.01575	0.02299	0.03009	0.15811	0.38352	0.21045	0.02937	0.01304	0.00393	0.00572	0.02602	0.01013	0.00892
36	0.02571	0.02748	0.09098	0.05124	0.38531	0.02534	0.02940	0.03814	0.14621	0.03672	0.02525	0.02892	0.02007	0.01064	0.01049	0.00327	0.01188	0.00986	0.00646	0.01663
37	0.08624	0.02033	0.02262	0.01853	0.02517	0.02090	0.01486	0.15461	0.12811	0.14016	0.11688	0.04223	0.07043	0.01469	0.01044	0.00317	0.00847	0.01188	0.01042	0.07985
38	0.03650	0.09840	0.03819	0.02833	0.03578	0.29756	0.11077	0.11728	0.03137	0.07735	0.02056	0.02293	0.01575	0.01081	0.01005	0.00295	0.01609	0.00846	0.00676	0.01412

[dist]
# distance from previous block
# <min> <max>
0	7

[block]
# block no. 2 follows, 13 sequences, length 84
# corresponding to MSA columns:
# 339-422
name=unknown_C
#
# <colnr> <probs for GDERKNQSTAVLIFYWHMCP>
#	G	D	E	R	K	N	Q	S	T	A	V	L	I	F	Y	W	H	M	C	P
0	0.02504	0.02209	0.03610	0.04226	0.27281	0.02118	0.09763	0.03254	0.06177	0.07376	0.03685	0.03955	0.10254	0.01252	0.01087	0.00316	0.01121	0.01185	0.00704	0.07922
1	0.08228	0.01868	0.02210	0.01875	0.02480	0.01927	0.01478	0.04636	0.22090	0.25403	0.03690	0.03539	0.02629	0.01674	0.01482	0.10297	0.00873	0.01057	0.01051	0.01511
2	0.01458	0.01079	0.01360	0.01290	0.01556	0.00981	0.00967	0.01921	0.02902	0.04025	0.48695	0.08252	0.17105	0.02242	0.01247	0.00336	0.00505	0.01962	0.01136	0.00981
3	0.02935	0.03116	0.03982	0.05589	0.43580	0.15921	0.02958	0.03478	0.02548	0.03247	0.01904	0.02447	0.01600	0.00977	0.01024	0.00304	0.01412	0.00880	0.00528	0.01567
4	0.02365	0.01982	0.02285	0.01648	0.02579	0.01586	0.01324	0.07397	0.02455	0.03750	0.01942	0.02225	0.01588	0.00829	0.00809	0.00172	0.00819	0.00657	0.00667	0.62920
5	0.01997	0.01879	0.03171	0.60301	0.07282	0.02349	0.02936	0.02701	0.02114	0.02701	0.01879	0.02819	0.01409	0.01057	0.01057	0.00352	0.01409	0.00940	0.00470	0.01175
6	0.02654	0.01909	0.02219	0.01768	0.02521	0.01758	0.01402	0.03872	0.18012	0.12138	0.08051	0.03476	0.03023	0.01190	0.00958	0.00260	0.00790	0.00986	0.00918	0.32095
7	0.03152	0.02616	0.10354	0.02164	0.02934	0.02310	0.01924	0.12193	0.22385	0.16357	0.03557	0.03679	0.02650	0.07126	0.01467	0.00405	0.01025	0.01100	0.00994	0.01608
8	0.03583	0.01836	0.02335	0.01738	0.02611	0.01488	0.01417	0.04019	0.02647	0.32619	0.03128	0.02959	0.02139	0.01069	0.00936	0.00250	0.00847	0.00864	0.00998	0.32518
9	0.03917	0.02176	0.02567	0.02124	0.02731	0.07263	0.01738	0.04473	0.06382	0.35682	0.03613	0.03879	0.02607	0.01500	0.01457	0.00357	0.10327	0.04568	0.01064	0.01575
10	0.03177	0.01967	0.02312	0.02035	0.02652	0.02079	0.01639	0.04973	0.30318	0.21160	0.04448	0.04987	0.03444	0.01609	0.01127	0.00367	0.00877	0.08079	0.01136	0.01613
11	0.04019	0.02962	0.03173	0.02433	0.03279	0.03279	0.02010	0.52721	0.04971	0.06663	0.02538	0.02538	0.01798	0.01269	0.01058	0.00317	0.01163	0.00952	0.01058	0.01798
12	0.01285	0.01072	0.01121	0.01109	0.01450	0.00908	0.00831	0.01586	0.02494	0.03056	0.17210	0.09846	0.49193	0.02603	0.01249	0.00353	0.00530	0.02185	0.01008	0.00908
13	0.02192	0.01879	0.02192	0.01566	0.02506	0.01409	0.01253	0.02662	0.02192	0.03445	0.01879	0.02192	0.01566	0.00783	0.00783	0.00157	0.00783	0.00626	0.00626	0.69305
14	0.70310	0.02045	0.01554	0.01390	0.02045	0.02372	0.01145	0.03108	0.01799	0.04744	0.01472	0.01718	0.01145	0.00981	0.00654	0.00327	0.00818	0.00573	0.00654	0.01145
15	0.01358	0.00970	0.01307	0.01552	0.01644	0.00919	0.01103	0.01593	0.02093	0.02777	0.05789	0.53688	0.06840	0.03246	0.01368	0.00439	0.00674	0.10778	0.00980	0.00878
16	0.01288	0.00920	0.01227	0.01472	0.01534	0.00859	0.00981	0.01472	0.02024	0.02699	0.05828	0.62152	0.06993	0.03312	0.01350	0.00429	0.00613	0.03006	0.00981	0.00859
17	0.14108	0.02611	0.03327	0.06809	0.03676	0.02811	0.09736	0.29064	0.03693	0.10319	0.02415	0.02579	0.01714	0.01153	0.01024	0.00328	0.01199	0.00948	0.00893	0.01592
18	0.02120	0.01396	0.01684	0.01672	0.01998	0.01405	0.01224	0.03044	0.15279	0.10985	0.05558	0.35400	0.08927	0.02508	0.01233	0.00392	0.00705	0.02217	0.01052	0.01201
19	0.01538	0.01025	0.01153	0.01153	0.01153	0.01025	0.00641	0.01538	0.01538	0.02050	0.03331	0.06919	0.03844	0.62842	0.05382	0.01025	0.01025	0.01538	0.00641	0.00641
20	0.02340	0.02393	0.03685	0.03026	0.03186	0.03154	0.09776	0.02670	0.01750	0.02670	0.01500	0.02393	0.01420	0.01708	0.03139	0.00447	0.52098	0.00973	0.00473	0.01197
21	0.03348	0.36332	0.04359	0.02234	0.02971	0.29460	0.01918	0.03657	0.02542	0.02534	0.01546	0.01794	0.01359	0.00990	0.00806	0.00248	0.01491	0.00619	0.00495	0.01296
22	0.02121	0.05469	0.57364	0.03014	0.04576	0.02455	0.03906	0.03348	0.02232	0.03348	0.01897	0.02232	0.01339	0.01005	0.01005	0.00335	0.01563	0.00781	0.00446	0.01563
23	0.01786	0.00952	0.01427	0.01427	0.01457	0.00981	0.00981	0.01457	0.01427	0.01933	0.01991	0.03360	0.01962	0.04335	0.12610	0.58736	0.01216	0.00952	0.00476	0.00535
24	0.02827	0.63478	0.05540	0.01809	0.02714	0.04184	0.01809	0.03166	0.02148	0.02488	0.01470	0.01696	0.01357	0.00905	0.00678	0.00226	0.01131	0.00565	0.00452	0.01357
25	0.04688	0.01889	0.02509	0.01924	0.02744	0.01687	0.01589	0.08827	0.03176	0.53092	0.04045	0.03517	0.02554	0.01306	0.01063	0.00326	0.00920	0.01055	0.01289	0.01799
26	0.02094	0.02059	0.01803	0.01858	0.02110	0.14264	0.01326	0.02716	0.10039	0.02931	0.04646	0.39768	0.05150	0.02527	0.01219	0.00383	0.00941	0.02207	0.00896	0.01064
27	0.01704	0.01217	0.01704	0.01947	0.02191	0.01217	0.01704	0.02191	0.02434	0.03164	0.05598	0.11926	0.06085	0.02921	0.01460	0.00487	0.00974	0.49130	0.00974	0.00974
28	0.01288	0.00920	0.01227	0.01472	0.01534	0.00859	0.00981	0.01472	0.02024	0.02699	0.05828	0.62152	0.06993	0.03312	0.01350	0.00429	0.00613	0.03006	0.00981	0.00859
29	0.02121	0.05469	0.57364	0.03014	0.04576	0.02455	0.03906	0.03348	0.02232	0.03348	0.01897	0.02232	0.01339	0.01005	0.01005	0.00335	0.01563	0.00781	0.00446	0.01563
30	0.02056	0.01630	0.01861	0.01791	0.02151	0.01759	0.01334	0.07189	0.22770	0.03911	0.12404	0.26723	0.05563	0.02249	0.01205	0.00379	0.00727	0.01977	0.01051	0.01270
31	0.02146	0.02044	0.02824	0.02461	0.02472	0.02782	0.01995	0.02350	0.01611	0.02462	0.01775	0.03137	0.01843	0.11690	0.06992	0.00622	0.48201	0.01033	0.00496	0.01064
32	0.02983	0.03920	0.16385	0.03263	0.04258	0.15442	0.18657	0.11243	0.06586	0.03769	0.02183	0.02525	0.01633	0.01058	0.01084	0.00327	0.01600	0.00964	0.00635	0.01486
33	0.01897	0.01589	0.02066	0.01967	0.02313	0.01680	0.05285	0.03211	0.22102	0.03413	0.04954	0.35196	0.05127	0.02403	0.01237	0.00397	0.00791	0.02174	0.00983	0.01215
34	0.02055	0.01939	0.03277	0.55211	0.11914	0.02364	0.02966	0.02753	0.02142	0.02773	0.01890	0.02800	0.01435	0.01046	0.01056	0.00349	0.01395	0.00940	0.00475	0.01222
35	0.02404	0.02319	0.03842	0.04244	0.24302	0.02340	0.13715	0.03592	0.14289	0.03669	0.07093	0.03946	0.06860	0.01266	0.01129	0.00339	0.01169	0.01240	0.00734	0.01508
36	0.02942	0.13111	0.12039	0.11829	0.04461	0.02893	0.13829	0.14597	0.02945	0.08079	0.02203	0.02552	0.01618	0.01054	0.01030	0.00320	0.01374	0.00937	0.00678	0.01509
37	0.01288	0.00920	0.01227	0.01472	0.01534	0.00859	0.00981	0.01472	0.02024	0.02699	0.05828	0.62152	0.06993	0.03312	0.01350	0.00429	0.00613	0.03006	0.00981	0.00859
38	0.13073	0.02658	0.03204	0.02662	0.03027	0.11085	0.09211	0.02923	0.02041	0.03039	0.02278	0.02855	0.05652	0.01528	0.02162	0.00390	0.29489	0.00983	0.00556	0.01183
39	0.07538	0.03135	0.12128	0.02993	0.03882	0.06946	0.17577	0.08494	0.14056	0.03937	0.02783	0.03481	0.02217	0.01236	0.01104	0.00351	0.01363	0.04582	0.00731	0.01467
40	0.02590	0.02049	0.02259	0.01953	0.02497	0.02256	0.01535	0.15475	0.26250	0.04888	0.20438	0.04889	0.05066	0.01630	0.01127	0.00341	0.00804	0.01369	0.01100	0.01485
41	0.02016	0.02437	0.11598	0.51393	0.06861	0.02366	0.03087	0.02802	0.02133	0.02802	0.01882	0.02728	0.01399	0.01049	0.01049	0.00350	0.01433	0.00915	0.00466	0.01235
42	0.02418	0.02701	0.05762	0.13140	0.05799	0.02623	0.44714	0.03280	0.02436	0.03280	0.02099	0.02847	0.01574	0.00917	0.01218	0.00356	0.01725	0.01200	0.00525	0.01387
43	0.02121	0.05469	0.57364	0.03014	0.04576	0.02455	0.03906	0.03348	0.02232	0.03348	0.01897	0.02232	0.01339	0.01005	0.01005	0.00335	0.01563	0.00781	0.00446	0.01563
44	0.01288	0.00920	0.01227	0.01472	0.01534	0.00859	0.00981	0.01472	0.02024	0.02699	0.05828	0.62152	0.06993	0.03312	0.01350	0.00429	0.00613	0.03006	0.00981	0.00859
45	0.04132	0.02781	0.03061	0.02347	0.03189	0.03011	0.01939	0.45324	0.04669	0.14487	0.02792	0.02703	0.01925	0.01275	0.01059	0.00319	0.01122	0.00969	0.01097	0.01798
46	0.02501	0.02297	0.03056	0.02586	0.02741	0.03033	0.02142	0.10295	0.02270	0.03345	0.06703	0.02876	0.02264	0.01790	0.02884	0.00428	0.45903	0.01023	0.00622	0.01241
47	0.04203	0.01819	0.02405	0.01944	0.02675	0.01665	0.01620	0.09192	0.03118	0.43851	0.04239	0.04793	0.03079	0.01556	0.01124	0.00351	0.00936	0.08527	0.01233	0.01671
48	0.01826	0.01057	0.01418	0.01536	0.01715	0.00967	0.01071	0.02045	0.02180	0.11139	0.05570	0.53047	0.06313	0.03001	0.01305	0.00413	0.00658	0.02704	0.01032	0.01005
49	0.01510	0.01133	0.01699	0.01699	0.01888	0.01322	0.01322	0.01888	0.01699	0.02454	0.02832	0.04154	0.02643	0.07930	0.58652	0.01699	0.02832	0.01133	0.00566	0.00944
50	0.02401	0.02700	0.05846	0.04222	0.05213	0.02531	0.48372	0.03237	0.02459	0.03333	0.02428	0.07505	0.02027	0.01081	0.01256	0.00362	0.01691	0.01386	0.00570	0.01382
51	0.02201	0.02164	0.03190	0.02683	0.02806	0.02846	0.06042	0.02525	0.01902	0.02874	0.09891	0.03224	0.02740	0.01824	0.02950	0.00434	0.46870	0.01104	0.00577	0.01153
52	0.02827	0.63478	0.05540	0.01809	0.02714	0.04184	0.01809	0.03166	0.02148	0.02488	0.01470	0.01696	0.01357	0.00905	0.00678	0.00226	0.01131	0.00565	0.00452	0.01357
53	0.04744	0.01799	0.02454	0.01881	0.02699	0.01554	0.01554	0.05153	0.03026	0.56979	0.04171	0.03599	0.02617	0.01309	0.01063	0.00327	0.00900	0.01063	0.01309	0.01799
54	0.04687	0.01891	0.02510	0.01924	0.02745	0.01689	0.01590	0.08885	0.03179	0.53031	0.04043	0.03516	0.02553	0.01306	0.01063	0.00326	0.00920	0.01055	0.01289	0.01799
55	0.02480	0.02009	0.01728	0.01613	0.02013	0.10447	0.01228	0.03703	0.18290	0.03879	0.03428	0.03626	0.02659	0.01272	0.00875	0.00285	0.00818	0.01002	0.37411	0.01233
56	0.01997	0.01879	0.03171	0.60301	0.07282	0.02349	0.02936	0.02701	0.02114	0.02701	0.01879	0.02819	0.01409	0.01057	0.01057	0.00352	0.01409	0.00940	0.00470	0.01175
57	0.01673	0.01266	0.01565	0.01458	0.01761	0.01251	0.01103	0.02559	0.10977	0.04268	0.47698	0.07283	0.08927	0.02048	0.01220	0.00337	0.00551	0.01801	0.01150	0.01103
58	0.01288	0.01073	0.01124	0.01111	0.01452	0.00909	0.00834	0.01592	0.02501	0.03071	0.17705	0.09821	0.48689	0.02597	0.01249	0.00353	0.00530	0.02182	0.01010	0.00909
59	0.04692	0.01883	0.02505	0.01921	0.02741	0.01678	0.01587	0.08570	0.03166	0.53364	0.04054	0.03523	0.02558	0.01306	0.01063	0.00326	0.00919	0.01055	0.01291	0.01799
60	0.01997	0.01879	0.03171	0.60301	0.07282	0.02349	0.02936	0.02701	0.02114	0.02701	0.01879	0.02819	0.01409	0.01057	0.01057	0.00352	0.01409	0.00940	0.00470	0.01175
61	0.01288	0.00920	0.01227	0.01472	0.01534	0.00859	0.00981	0.01472	0.02024	0.02699	0.05828	0.62152	0.06993	0.03312	0.01350	0.00429	0.00613	0.03006	0.00981	0.00859
62	0.01619	0.01204	0.01555	0.01660	0.01911	0.01187	0.01332	0.02237	0.06578	0.03429	0.18463	0.18651	0.10889	0.02661	0.01342	0.00418	0.00749	0.22075	0.01031	0.01009
63	0.02427	0.02319	0.03949	0.22954	0.41265	0.02462	0.03150	0.03079	0.02318	0.03224	0.01955	0.02679	0.01594	0.00977	0.01050	0.00326	0.01303	0.00941	0.00507	0.01522
64	0.02121	0.05469	0.57364	0.03014	0.04576	0.02455	0.03906	0.03348	0.02232	0.03348	0.01897	0.02232	0.01339	0.01005	0.01005	0.00335	0.01563	0.00781	0.00446	0.01563
65	0.01997	0.01879	0.03171	0.60301	0.07282	0.02349	0.02936	0.02701	0.02114	0.02701	0.01879	0.02819	0.01409	0.01057	0.01057	0.00352	0.01409	0.00940	0.00470	0.01175
66	0.02827	0.63478	0.05540	0.01809	0.02714	0.04184	0.01809	0.03166	0.02148	0.02488	0.01470	0.01696	0.01357	0.00905	0.00678	0.00226	0.01131	0.00565	0.00452	0.01357
67	0.02509	0.09100	0.45577	0.02799	0.04207	0.02567	0.03441	0.07017	0.02484	0.07668	0.02089	0.02322	0.01472	0.01040	0.00990	0.00325	0.01452	0.00800	0.00557	0.01583
68	0.04262	0.01700	0.02341	0.01854	0.02578	0.01519	0.01519	0.04666	0.02829	0.48856	0.03972	0.03681	0.02621	0.02295	0.09643	0.00532	0.01188	0.01074	0.01198	0.01672
69	0.01997	0.01879	0.03171	0.60301	0.07282	0.02349	0.02936	0.02701	0.02114	0.02701	0.01879	0.02819	0.01409	0.01057	0.01057	0.00352	0.01409	0.00940	0.00470	0.01175
70	0.03710	0.11342	0.07518	0.02438	0.03351	0.02497	0.09414	0.11967	0.05985	0.26382	0.03066	0.02968	0.02098	0.01167	0.01031	0.00318	0.01150	0.00989	0.00955	0.01655
71	0.03518	0.01999	0.03195	0.02489	0.03245	0.01860	0.13151	0.07843	0.02964	0.29470	0.06733	0.04885	0.03280	0.01510	0.01177	0.00358	0.01110	0.08619	0.01053	0.01540
72	0.01282	0.00944	0.01203	0.01410	0.01517	0.00864	0.00954	0.01479	0.02084	0.02723	0.06587	0.54070	0.14585	0.03214	0.01334	0.00418	0.00601	0.02885	0.00982	0.00864
73	0.13698	0.02780	0.15042	0.02259	0.03176	0.02081	0.05995	0.06720	0.05637	0.21613	0.07862	0.03303	0.02702	0.01241	0.01019	0.00333	0.01081	0.01019	0.00909	0.01531
74	0.13889	0.14379	0.10457	0.02339	0.03118	0.28943	0.02078	0.03818	0.02565	0.06910	0.01798	0.02006	0.01414	0.01045	0.00875	0.00285	0.01486	0.00685	0.00588	0.01322
75	0.13661	0.01563	0.01935	0.01697	0.02249	0.01487	0.01386	0.03572	0.02671	0.27454	0.13005	0.08881	0.04504	0.01795	0.01115	0.00361	0.00813	0.09378	0.01106	0.01364
76	0.12981	0.02364	0.04034	0.08662	0.27654	0.02399	0.14694	0.03121	0.02359	0.03646	0.06154	0.02964	0.02208	0.01040	0.01051	0.00331	0.01268	0.01035	0.00593	0.01443
77	0.23493	0.02124	0.03152	0.11023	0.03829	0.02173	0.13212	0.03772	0.02402	0.21024	0.02558	0.02748	0.01765	0.01078	0.00982	0.00338	0.01152	0.00940	0.00811	0.01425
78	0.03638	0.02297	0.03401	0.02577	0.03397	0.02262	0.13203	0.15912	0.07394	0.24486	0.07374	0.03540	0.02817	0.01281	0.01119	0.00334	0.01127	0.01156	0.01043	0.01641
79	0.14525	0.02123	0.02120	0.01857	0.02403	0.10453	0.01464	0.03636	0.02437	0.23159	0.03153	0.07743	0.02526	0.02884	0.14108	0.00639	0.01460	0.01090	0.00886	0.01333
80	0.13593	0.01972	0.02646	0.12515	0.11086	0.01925	0.01908	0.03585	0.02404	0.19904	0.02533	0.02719	0.01811	0.01045	0.00934	0.00292	0.01001	0.00852	0.00798	0.16478
81	0.03638	0.02452	0.06965	0.10587	0.03656	0.02328	0.02066	0.16384	0.11288	0.24496	0.03285	0.03175	0.02238	0.01259	0.01058	0.00334	0.01079	0.01017	0.01023	0.01671
82	0.08314	0.14896	0.17564	0.02250	0.03238	0.02778	0.02277	0.11082	0.10813	0.12862	0.02628	0.02627	0.01900	0.01139	0.00943	0.00313	0.01141	0.00860	0.00793	0.01581
83	0.03243	0.01814	0.02203	0.01886	0.02453	0.01815	0.01477	0.12359	0.11088	0.23568	0.07180	0.18387	0.04075	0.01871	0.01146	0.00356	0.00842	0.01599	0.01139	0.01499

[dist]
# distance from previous block
# <min> <max>
1	16

[block]
# block no. 3 follows, 13 sequences, length 64
# corresponding to MSA columns:
# 439-502
name=unknown_D
#
# <colnr> <probs for GDERKNQSTAVLIFYWHMCP>
#	G	D	E	R	K	N	Q	S	T	A	V	L	I	F	Y	W	H	M	C	P
0	0.18050	0.24345	0.12855	0.02343	0.08316	0.02854	0.02056	0.03031	0.02226	0.03499	0.09079	0.02745	0.02527	0.01117	0.00846	0.00292	0.01059	0.00829	0.00603	0.01327
1	0.06481	0.21802	0.08267	0.01876	0.02744	0.02547	0.01757	0.03715	0.06732	0.16354	0.05951	0.02868	0.02392	0.01123	0.00886	0.00273	0.00981	0.00854	0.00794	0.11603
2	0.12836	0.11233	0.08380	0.01824	0.02670	0.02078	0.01685	0.03742	0.02525	0.23660	0.07826	0.03136	0.02660	0.01183	0.00923	0.00291	0.00937	0.00914	0.00894	0.10605
3	0.17871	0.12070	0.24180	0.02258	0.03345	0.02623	0.02461	0.08316	0.02510	0.11987	0.02150	0.02280	0.01537	0.01057	0.00895	0.00315	0.01198	0.00764	0.00683	0.01500
4	0.23366	0.08070	0.18505	0.02002	0.03017	0.02260	0.02087	0.03392	0.02198	0.11261	0.02049	0.02216	0.01502	0.00993	0.00840	0.00291	0.01068	0.00712	0.00664	0.13511
5	0.16708	0.07896	0.12330	0.01911	0.02733	0.02195	0.01815	0.08169	0.02483	0.15921	0.02555	0.03079	0.02004	0.09766	0.01525	0.00406	0.01059	0.00897	0.00784	0.05767
6	0.22873	0.02182	0.02724	0.02402	0.07238	0.02218	0.06220	0.08341	0.07633	0.18220	0.02688	0.02719	0.01913	0.01108	0.00936	0.00316	0.00993	0.00892	0.00879	0.07506
7	0.02453	0.02326	0.03874	0.16950	0.41441	0.02379	0.03001	0.03082	0.02329	0.03301	0.01957	0.02619	0.01611	0.00951	0.01025	0.00307	0.01244	0.00913	0.00522	0.07715
8	0.02647	0.02319	0.04009	0.19194	0.35092	0.02398	0.07084	0.03296	0.02399	0.08124	0.02172	0.02775	0.01689	0.01000	0.01067	0.00328	0.01305	0.00978	0.00582	0.01542
9	0.03134	0.02012	0.02946	0.02812	0.12067	0.01863	0.06177	0.08317	0.02925	0.20438	0.12272	0.03807	0.03433	0.01275	0.01065	0.00301	0.00974	0.01131	0.00949	0.12103
10	0.02506	0.02400	0.04092	0.16066	0.47533	0.02483	0.03190	0.03148	0.02355	0.03320	0.01969	0.02653	0.01628	0.00963	0.01049	0.00321	0.01283	0.00942	0.00514	0.01586
11	0.07869	0.02584	0.02679	0.02124	0.02903	0.10086	0.01725	0.17854	0.03487	0.32909	0.03229	0.02974	0.02141	0.01250	0.01025	0.00317	0.01109	0.00954	0.01099	0.01684
12	0.55606	0.02086	0.01814	0.01546	0.02239	0.02332	0.01274	0.07501	0.02234	0.12247	0.01940	0.02050	0.01406	0.01051	0.00745	0.00326	0.00858	0.00673	0.00780	0.01291
13	0.01300	0.01047	0.01158	0.01186	0.01473	0.00905	0.00868	0.01593	0.02446	0.03072	0.17754	0.18747	0.39353	0.02697	0.01266	0.00365	0.00543	0.02309	0.01014	0.00905
14	0.02246	0.01927	0.02217	0.01637	0.02535	0.01557	0.01304	0.03021	0.08517	0.03564	0.02173	0.02405	0.01768	0.00862	0.00819	0.00181	0.00790	0.00695	0.00681	0.61103
15	0.02980	0.11715	0.10312	0.10196	0.03561	0.02259	0.02051	0.03791	0.07445	0.17669	0.02670	0.02758	0.01925	0.01074	0.00939	0.00284	0.01065	0.00854	0.00781	0.15671
16	0.03140	0.34097	0.13957	0.02169	0.03170	0.03438	0.02204	0.14445	0.02873	0.08469	0.02027	0.02151	0.01566	0.01040	0.00856	0.00275	0.01194	0.00735	0.00663	0.01532
17	0.01667	0.01139	0.01348	0.01260	0.01608	0.00998	0.00958	0.02053	0.02731	0.08207	0.30756	0.08558	0.30171	0.02322	0.01232	0.00343	0.00550	0.01983	0.01094	0.01020
18	0.01995	0.01316	0.01546	0.01471	0.01852	0.01221	0.01135	0.06702	0.02697	0.09887	0.11824	0.18648	0.26548	0.02481	0.01247	0.00373	0.00687	0.06230	0.01044	0.01095
19	0.03290	0.22987	0.19567	0.02239	0.03305	0.02827	0.02366	0.08301	0.02686	0.19059	0.02482	0.02486	0.01761	0.01085	0.00921	0.00296	0.01192	0.00809	0.00756	0.01586
20	0.02909	0.15042	0.12988	0.06852	0.15796	0.02466	0.02446	0.03526	0.02503	0.15457	0.07549	0.03111	0.02552	0.01154	0.00989	0.00307	0.01139	0.00959	0.00733	0.01522
21	0.01493	0.01092	0.01447	0.01656	0.01852	0.01045	0.01322	0.01842	0.02286	0.02957	0.06398	0.29399	0.13398	0.03025	0.01392	0.00448	0.00785	0.26264	0.00978	0.00922
22	0.02869	0.08277	0.11046	0.02605	0.03430	0.07454	0.11055	0.04110	0.15965	0.11561	0.03205	0.08360	0.02588	0.01350	0.01074	0.00337	0.01220	0.01189	0.00814	0.01490
23	0.03630	0.08693	0.19019	0.02338	0.03389	0.02464	0.02376	0.15731	0.03176	0.24404	0.02874	0.02775	0.01935	0.01174	0.01010	0.00318	0.01178	0.00909	0.00919	0.01690
24	0.02035	0.01603	0.02156	0.02453	0.11829	0.01706	0.01571	0.02882	0.09817	0.03905	0.22719	0.05035	0.05199	0.01612	0.01282	0.00327	0.06170	0.01349	0.15119	0.01229
25	0.03612	0.03657	0.03202	0.02654	0.03322	0.26580	0.06461	0.23106	0.03647	0.04283	0.02407	0.07555	0.02053	0.01339	0.01056	0.00312	0.01487	0.01044	0.00785	0.01438
26	0.03494	0.02703	0.03529	0.04346	0.29437	0.09181	0.02514	0.10506	0.02978	0.17019	0.02560	0.02763	0.01887	0.01095	0.01041	0.00313	0.01234	0.00942	0.00792	0.01668
27	0.02504	0.04223	0.36684	0.02665	0.03884	0.02423	0.03055	0.04160	0.17178	0.08526	0.02791	0.02845	0.01994	0.01155	0.01030	0.00341	0.01295	0.00925	0.00704	0.01616
28	0.01288	0.00920	0.01227	0.01472	0.01534	0.00859	0.00981	0.01472	0.02024	0.02699	0.05828	0.62152	0.06993	0.03312	0.01350	0.00429	0.00613	0.03006	0.00981	0.00859
29	0.03694	0.02716	0.02967	0.02364	0.03126	0.02989	0.01967	0.45616	0.04614	0.06171	0.02969	0.03858	0.02401	0.01501	0.01114	0.00341	0.01137	0.07726	0.01046	0.01682
30	0.03166	0.02492	0.03834	0.05120	0.39288	0.02514	0.02787	0.12321	0.02951	0.11551	0.02394	0.02741	0.01829	0.01052	0.01051	0.00316	0.01189	0.00961	0.00729	0.01714
31	0.42595	0.02403	0.09573	0.01759	0.02529	0.02129	0.01659	0.03412	0.02137	0.13553	0.02404	0.03107	0.01908	0.01230	0.00853	0.00344	0.00952	0.05382	0.00771	0.01302
32	0.01997	0.01879	0.03171	0.60301	0.07282	0.02349	0.02936	0.02701	0.02114	0.02701	0.01879	0.02819	0.01409	0.01057	0.01057	0.00352	0.01409	0.00940	0.00470	0.01175
33	0.02617	0.02512	0.04292	0.06490	0.56246	0.02512	0.03245	0.03245	0.02407	0.03454	0.01989	0.02617	0.01675	0.00942	0.01047	0.00314	0.01256	0.00942	0.00523	0.01675
34	0.02617	0.02512	0.04292	0.06490	0.56246	0.02512	0.03245	0.03245	0.02407	0.03454	0.01989	0.02617	0.01675	0.00942	0.01047	0.00314	0.01256	0.00942	0.00523	0.01675
35	0.02084	0.01968	0.03329	0.52735	0.14166	0.02372	0.02980	0.02778	0.02155	0.02807	0.01895	0.02790	0.01447	0.01041	0.01056	0.00347	0.01388	0.00940	0.00477	0.01245
36	0.02661	0.03177	0.22402	0.02801	0.10752	0.01926	0.02514	0.03397	0.02427	0.14281	0.03171	0.03278	0.06641	0.01165	0.01000	0.00296	0.01133	0.00962	0.00718	0.15297
37	0.01496	0.01190	0.01377	0.01460	0.01754	0.01129	0.01132	0.02060	0.07357	0.03047	0.07918	0.20514	0.29328	0.02742	0.01302	0.00402	0.00682	0.13141	0.00989	0.00980
38	0.03313	0.02440	0.02825	0.02173	0.02925	0.02558	0.01786	0.26375	0.03496	0.10004	0.02341	0.02508	0.01752	0.01212	0.01317	0.00292	0.09426	0.00863	0.00872	0.21523
39	0.03066	0.20149	0.11118	0.02040	0.03022	0.02703	0.01964	0.12182	0.02803	0.11641	0.02221	0.02326	0.01671	0.01013	0.00875	0.00255	0.01077	0.00753	0.00729	0.18393
40	0.03437	0.02982	0.07809	0.02402	0.03238	0.03012	0.02080	0.34314	0.19368	0.05701	0.03004	0.02928	0.02181	0.01294	0.01058	0.00331	0.01102	0.01009	0.01008	0.01740
41	0.01313	0.00940	0.01249	0.01455	0.01539	0.00876	0.00983	0.01536	0.02142	0.02886	0.11875	0.55572	0.07355	0.03173	0.01337	0.00418	0.00600	0.02873	0.01004	0.00876
42	0.04375	0.02012	0.02782	0.02582	0.10284	0.01855	0.01836	0.09483	0.03127	0.44589	0.03707	0.03358	0.02406	0.01253	0.01060	0.00324	0.00975	0.01035	0.01174	0.01782
43	0.03431	0.02363	0.02837	0.02304	0.03041	0.02539	0.04990	0.16433	0.27664	0.16907	0.03719	0.03465	0.02648	0.01332	0.01080	0.00342	0.00989	0.01111	0.01090	0.01716
44	0.03145	0.02013	0.02622	0.02509	0.10178	0.01855	0.01762	0.08083	0.07046	0.19302	0.03152	0.03710	0.02450	0.01247	0.01011	0.00289	0.00938	0.05231	0.00916	0.22541
45	0.14449	0.17357	0.31408	0.02591	0.03803	0.02840	0.07359	0.03269	0.02161	0.03411	0.01750	0.02079	0.01333	0.00968	0.00893	0.00312	0.01355	0.00739	0.00493	0.01431
46	0.02913	0.49359	0.12528	0.01985	0.02974	0.03686	0.02079	0.03384	0.02245	0.07876	0.01791	0.01955	0.01476	0.00958	0.00761	0.00251	0.01169	0.00644	0.00534	0.01429
47	0.01286	0.01023	0.01124	0.01195	0.01435	0.00894	0.00841	0.01506	0.02221	0.02739	0.08638	0.25028	0.37012	0.08168	0.01643	0.00437	0.00601	0.02396	0.00952	0.00861
48	0.18642	0.07851	0.08009	0.02545	0.08126	0.02365	0.06081	0.08125	0.02667	0.18514	0.05285	0.02852	0.02192	0.01142	0.00954	0.00320	0.01072	0.00920	0.00836	0.01505
49	0.09396	0.02117	0.02848	0.03006	0.14818	0.02178	0.01980	0.11178	0.02859	0.22802	0.03118	0.08603	0.02470	0.01429	0.01249	0.00344	0.05952	0.01152	0.00932	0.01569
50	0.01721	0.01226	0.01558	0.01567	0.01732	0.01294	0.01140	0.05950	0.02064	0.02795	0.03820	0.14863	0.04132	0.25354	0.18504	0.00987	0.01463	0.08180	0.00752	0.00899
51	0.03183	0.08933	0.12922	0.02932	0.10736	0.02800	0.02386	0.18023	0.13103	0.10277	0.02761	0.02799	0.02020	0.01177	0.01014	0.00320	0.01153	0.00942	0.00847	0.01673
52	0.01939	0.01104	0.01477	0.01521	0.01749	0.01006	0.01086	0.02216	0.02367	0.12624	0.14004	0.42510	0.06721	0.02760	0.01281	0.00395	0.00645	0.02474	0.01071	0.01050
53	0.08569	0.02321	0.03573	0.03339	0.13241	0.02339	0.15100	0.10778	0.07378	0.06752	0.03896	0.04067	0.11212	0.01345	0.01105	0.00339	0.01161	0.01244	0.00787	0.01453
54	0.22125	0.10575	0.02480	0.01710	0.02325	0.02357	0.01415	0.13461	0.02862	0.09098	0.12006	0.08995	0.03579	0.01496	0.00952	0.00322	0.00866	0.01168	0.00891	0.01316
55	0.03344	0.02409	0.02643	0.02089	0.02859	0.02526	0.01694	0.28237	0.12957	0.10344	0.03630	0.03508	0.06807	0.01357	0.01040	0.00306	0.00972	0.01072	0.01018	0.11189
56	0.02702	0.02196	0.03062	0.02498	0.02857	0.02618	0.06419	0.11993	0.02629	0.08338	0.09647	0.03540	0.02926	0.04829	0.02402	0.00425	0.27710	0.01142	0.00761	0.01306
57	0.02647	0.01865	0.02239	0.01622	0.02540	0.01435	0.01306	0.03106	0.02341	0.12975	0.02287	0.02443	0.01753	0.00877	0.00833	0.00187	0.00804	0.00704	0.00748	0.57288
58	0.11155	0.01119	0.01262	0.01346	0.01558	0.01120	0.00963	0.01978	0.02201	0.03489	0.13654	0.33296	0.05915	0.02397	0.01121	0.00364	0.00600	0.02098	0.13418	0.00947
59	0.02313	0.02313	0.03238	0.02776	0.02776	0.03238	0.02313	0.02545	0.01619	0.02545	0.01388	0.02313	0.01388	0.01851	0.03470	0.00463	0.60907	0.00925	0.00463	0.01157
60	0.02792	0.02478	0.04293	0.05920	0.47382	0.02442	0.07166	0.03423	0.02469	0.08113	0.02191	0.02722	0.01751	0.00970	0.01065	0.00319	0.01269	0.00978	0.00593	0.01665
61	0.02597	0.02167	0.02324	0.02062	0.02633	0.02459	0.01609	0.09387	0.42634	0.04601	0.11368	0.04373	0.04047	0.01522	0.01098	0.00351	0.00819	0.01274	0.01087	0.01590
62	0.03242	0.02894	0.02882	0.02697	0.07647	0.10688	0.01966	0.19713	0.27398	0.04770	0.03183	0.03110	0.02390	0.01292	0.01051	0.00330	0.01124	0.01026	0.00947	0.01649
63	0.03312	0.02259	0.03182	0.03156	0.14336	0.02244	0.06163	0.08684	0.15122	0.19474	0.03222	0.03191	0.02312	0.01176	0.01052	0.00318	0.01046	0.01035	0.00939	0.07777

[dist]
# distance from previous block
# <min> <max>
0	1

[block]
# block no. 4 follows, 13 sequences, length 9
# corresponding to MSA columns:
# 504-512
name=unknown_E
#
# <colnr> <probs for GDERKNQSTAVLIFYWHMCP>
#	G	D	E	R	K	N	Q	S	T	A	V	L	I	F	Y	W	H	M	C	P
0	0.58696	0.02001	0.01713	0.01477	0.02161	0.02227	0.01217	0.03470	0.02017	0.13997	0.01950	0.02051	0.01406	0.01039	0.00727	0.00327	0.00832	0.00659	0.00770	0.01261
1	0.01250	0.01071	0.01071	0.01071	0.01428	0.00893	0.00803	0.01517	0.02410	0.02856	0.10711	0.10175	0.55817	0.02678	0.01250	0.00357	0.00536	0.02231	0.00982	0.00893
2	0.02576	0.02159	0.02317	0.07115	0.02779	0.11939	0.01697	0.02911	0.02353	0.11045	0.08272	0.16181	0.03737	0.02455	0.06711	0.00489	0.11827	0.01470	0.00797	0.01169
3	0.04466	0.02593	0.02686	0.02135	0.02910	0.11985	0.01727	0.13981	0.03389	0.37831	0.03413	0.03099	0.02240	0.01262	0.01043	0.00316	0.01128	0.00974	0.01126	0.01698
4	0.01400	0.01041	0.01309	0.01360	0.01575	0.00950	0.01000	0.01760	0.02557	0.03444	0.28909	0.24503	0.17975	0.02650	0.01291	0.00376	0.00570	0.05334	0.01062	0.00935
5	0.03268	0.41437	0.04313	0.01757	0.02581	0.03197	0.01647	0.03640	0.02391	0.17283	0.02369	0.02404	0.01814	0.01042	0.00787	0.00255	0.01013	0.00736	0.06622	0.01444
6	0.01407	0.01054	0.01305	0.01292	0.01537	0.00952	0.00950	0.01804	0.02709	0.03682	0.37594	0.16758	0.20156	0.02458	0.01263	0.00353	0.00525	0.02154	0.01094	0.00952
7	0.03326	0.03289	0.02882	0.03060	0.12419	0.26115	0.02018	0.09360	0.02954	0.08651	0.02799	0.12949	0.02592	0.01500	0.01064	0.00318	0.01373	0.01210	0.00755	0.01366
8	0.02511	0.02103	0.02992	0.02538	0.07696	0.01971	0.06733	0.02989	0.02215	0.08087	0.02034	0.02444	0.01642	0.01044	0.01354	0.00260	0.11586	0.00809	0.00640	0.38350

[dist]
# distance from previous block
# <min> <max>
0	1

[block]
# block no. 5 follows, 13 sequences, length 33
# corresponding to MSA columns:
# 514-546
name=unknown_F
#
# <colnr> <probs for GDERKNQSTAVLIFYWHMCP>
#	G	D	E	R	K	N	Q	S	T	A	V	L	I	F	Y	W	H	M	C	P
0	0.08337	0.14596	0.10307	0.02783	0.03682	0.13392	0.13230	0.10546	0.06721	0.03712	0.02062	0.02342	0.01597	0.01045	0.00974	0.00307	0.01426	0.00865	0.00635	0.01441
1	0.02886	0.17968	0.13653	0.03133	0.09801	0.02704	0.13418	0.03555	0.02422	0.12283	0.02241	0.02510	0.01675	0.00983	0.00976	0.00296	0.01297	0.00886	0.00637	0.06676
2	0.18077	0.08541	0.07010	0.02108	0.02783	0.11875	0.01839	0.09140	0.02577	0.11131	0.02173	0.02456	0.01679	0.01900	0.07399	0.00469	0.05967	0.00807	0.00714	0.01356
3	0.01439	0.01454	0.06496	0.01440	0.01805	0.01074	0.01209	0.01872	0.02549	0.03428	0.27037	0.19323	0.22065	0.02445	0.01246	0.00360	0.00633	0.02128	0.01005	0.00991
4	0.01387	0.01051	0.01279	0.01277	0.01527	0.00943	0.00937	0.01764	0.02655	0.03565	0.33802	0.17773	0.23165	0.02511	0.01265	0.00356	0.00529	0.02193	0.01079	0.00943
5	0.03839	0.01599	0.02164	0.01728	0.02387	0.01399	0.01399	0.04273	0.03017	0.42290	0.18519	0.04796	0.04667	0.01546	0.01114	0.00329	0.00788	0.01300	0.01268	0.01576
6	0.02782	0.02347	0.02476	0.02182	0.02807	0.02701	0.01710	0.10772	0.48935	0.04668	0.04110	0.03791	0.03071	0.01416	0.01074	0.00354	0.00873	0.01169	0.01074	0.01687
7	0.16948	0.01845	0.02286	0.01790	0.02577	0.01706	0.01478	0.04772	0.02798	0.47256	0.03669	0.03249	0.02343	0.01248	0.00987	0.00327	0.00884	0.00972	0.01187	0.01678
8	0.63058	0.02145	0.01731	0.01504	0.02180	0.02471	0.01240	0.08536	0.02146	0.04954	0.01589	0.01807	0.01216	0.01013	0.00698	0.00326	0.00856	0.00614	0.00698	0.01216
9	0.08926	0.02215	0.02202	0.01881	0.02471	0.11933	0.01473	0.03976	0.02786	0.29744	0.09446	0.11472	0.03677	0.01606	0.01070	0.00331	0.00995	0.01309	0.01057	0.01427
10	0.02827	0.63478	0.05540	0.01809	0.02714	0.04184	0.01809	0.03166	0.02148	0.02488	0.01470	0.01696	0.01357	0.00905	0.00678	0.00226	0.01131	0.00565	0.00452	0.01357
11	0.30048	0.02215	0.02359	0.01960	0.02555	0.02541	0.01615	0.11951	0.05518	0.14775	0.02321	0.02457	0.01704	0.01279	0.01343	0.00352	0.11923	0.00832	0.00838	0.01415
12	0.02909	0.02352	0.02517	0.02153	0.02787	0.02658	0.01704	0.18316	0.35913	0.05026	0.08583	0.03922	0.03458	0.01456	0.01087	0.00345	0.00896	0.01195	0.01079	0.01645
13	0.01800	0.01109	0.01470	0.01442	0.01693	0.01015	0.01056	0.02182	0.02669	0.09794	0.32906	0.25736	0.08121	0.02452	0.01261	0.00365	0.00584	0.02184	0.01119	0.01043
14	0.03376	0.02322	0.04098	0.03022	0.03900	0.02183	0.23889	0.09288	0.03003	0.23041	0.07880	0.03554	0.02765	0.01200	0.01161	0.00339	0.01279	0.01211	0.00928	0.01561
15	0.01350	0.00985	0.01230	0.01348	0.01482	0.00909	0.00918	0.01585	0.02208	0.02938	0.15650	0.37751	0.14555	0.09857	0.01780	0.00469	0.00628	0.02514	0.00977	0.00865
16	0.01534	0.01040	0.01231	0.01231	0.01257	0.01067	0.00737	0.01587	0.01560	0.02107	0.03261	0.06527	0.03674	0.55056	0.12935	0.01121	0.01281	0.01480	0.00630	0.00684
17	0.02827	0.63478	0.05540	0.01809	0.02714	0.04184	0.01809	0.03166	0.02148	0.02488	0.01470	0.01696	0.01357	0.00905	0.00678	0.00226	0.01131	0.00565	0.00452	0.01357
18	0.02762	0.01710	0.02558	0.08080	0.12591	0.01793	0.01899	0.03210	0.02300	0.18308	0.03097	0.07098	0.02528	0.02842	0.13950	0.00640	0.05991	0.01151	0.06135	0.01357
19	0.10453	0.02210	0.07340	0.02256	0.06724	0.01998	0.01761	0.15132	0.03020	0.09339	0.11208	0.16489	0.04127	0.01775	0.01099	0.00348	0.00922	0.01500	0.00935	0.01363
20	0.07243	0.02252	0.03606	0.03059	0.08384	0.02223	0.16788	0.12388	0.02972	0.13250	0.06994	0.10042	0.03047	0.01418	0.01137	0.00345	0.01175	0.01344	0.00869	0.01466
21	0.21721	0.02893	0.10618	0.02391	0.03277	0.02657	0.07774	0.17336	0.09894	0.07877	0.02436	0.02553	0.01768	0.01133	0.00963	0.00333	0.01137	0.00896	0.00816	0.01525
22	0.02265	0.02238	0.04053	0.34746	0.20886	0.02455	0.12104	0.02982	0.02268	0.03041	0.01958	0.02768	0.01521	0.00994	0.01089	0.00342	0.01434	0.00997	0.00497	0.01363
23	0.01972	0.01626	0.02198	0.22255	0.03786	0.01799	0.01771	0.08129	0.05317	0.03491	0.13305	0.08708	0.12776	0.06554	0.01481	0.00403	0.00968	0.01509	0.00820	0.01134
