[name]
unknown

[dist]
# distance from previous block
# <min> <max>
0	83

[block]
# block no. 0 follows, 12 sequences, length 17
# corresponding to MSA columns:
# 95-111
name=unknown_A
#
# <colnr> <probs for GDERKNQSTAVLIFYWHMCP>
#	G	D	E	R	K	N	Q	S	T	A	V	L	I	F	Y	W	H	M	C	P
0	0.01532	0.01144	0.01442	0.01452	0.01733	0.01054	0.01145	0.01988	0.02818	0.03792	0.33378	0.09620	0.19681	0.02528	0.01336	0.00384	0.00633	0.12230	0.01113	0.00998
1	0.02037	0.01343	0.01742	0.01665	0.01987	0.01404	0.01268	0.02658	0.07586	0.09427	0.04839	0.10714	0.11281	0.08994	0.26749	0.01041	0.01739	0.01553	0.00848	0.01127
2	0.02566	0.02189	0.02340	0.02113	0.02685	0.02502	0.01639	0.05328	0.46701	0.04538	0.10651	0.04576	0.04196	0.01573	0.01131	0.00366	0.00819	0.01325	0.01121	0.01639
3	0.10115	0.01461	0.01749	0.01514	0.02023	0.01368	0.01192	0.03348	0.02736	0.22482	0.16625	0.08544	0.08759	0.01748	0.01078	0.00335	0.00707	0.01455	0.11442	0.01322
4	0.01894	0.00947	0.01420	0.01420	0.01420	0.00947	0.00947	0.01420	0.01420	0.01894	0.01894	0.03314	0.01894	0.03788	0.04261	0.68277	0.00947	0.00947	0.00473	0.00473
5	0.04073	0.05197	0.03090	0.02809	0.03371	0.57303	0.02107	0.04354	0.03090	0.02669	0.01685	0.01966	0.01404	0.01124	0.00983	0.00281	0.01966	0.00702	0.00562	0.01264
6	0.01853	0.01525	0.02285	0.08633	0.10576	0.01720	0.01728	0.02202	0.01860	0.02611	0.02718	0.04537	0.02682	0.20457	0.24746	0.01104	0.05922	0.01215	0.00580	0.01045
7	0.02059	0.01938	0.03270	0.59060	0.07510	0.02422	0.03028	0.02786	0.02180	0.02786	0.01938	0.02907	0.01453	0.01090	0.01090	0.00363	0.01453	0.00969	0.00484	0.01211
8	0.02227	0.02109	0.03574	0.45315	0.19943	0.02467	0.03112	0.02933	0.02260	0.02990	0.01968	0.02852	0.01525	0.01059	0.01087	0.00353	0.01412	0.00970	0.00499	0.01347
9	0.02544	0.04726	0.43922	0.02816	0.04200	0.02273	0.03442	0.03604	0.02413	0.11462	0.02604	0.06644	0.01995	0.01252	0.01070	0.00351	0.01437	0.01012	0.00636	0.01598
10	0.03892	0.01810	0.02450	0.10669	0.03329	0.01761	0.01730	0.04623	0.07588	0.36211	0.03857	0.03665	0.02578	0.01312	0.01055	0.00334	0.00951	0.01080	0.09465	0.01639
11	0.01380	0.01028	0.01228	0.01332	0.01495	0.00938	0.00907	0.01600	0.02233	0.02899	0.12284	0.32407	0.20648	0.12094	0.01992	0.00505	0.00662	0.02514	0.00978	0.00876
12	0.05971	0.02787	0.17135	0.09593	0.07225	0.01960	0.04835	0.03276	0.02509	0.10894	0.09735	0.03682	0.03045	0.01275	0.01040	0.00331	0.01126	0.01084	0.11095	0.01402
13	0.02895	0.06093	0.02496	0.01882	0.02544	0.02002	0.01496	0.12573	0.06931	0.12524	0.03695	0.18085	0.03429	0.01740	0.01080	0.00318	0.00887	0.01471	0.00968	0.16892
14	0.14027	0.01623	0.01955	0.07041	0.02614	0.01678	0.01423	0.02915	0.05923	0.08009	0.18133	0.04558	0.04509	0.02525	0.09729	0.00540	0.01126	0.01223	0.00881	0.09566
15	0.10426	0.01383	0.01585	0.01519	0.01825	0.01398	0.01095	0.02678	0.07104	0.09143	0.15358	0.19062	0.05617	0.14528	0.02082	0.00516	0.00774	0.01828	0.00985	0.01092
16	0.08969	0.10085	0.14707	0.02599	0.06743	0.02436	0.05578	0.09119	0.02794	0.07676	0.10536	0.07953	0.03397	0.01438	0.01059	0.00336	0.01132	0.01208	0.00792	0.01443

[dist]
# distance from previous block
# <min> <max>
12	59

[block]
# block no. 1 follows, 12 sequences, length 29
# corresponding to MSA columns:
# 171-199
name=unknown_B
#
# <colnr> <probs for GDERKNQSTAVLIFYWHMCP>
#	G	D	E	R	K	N	Q	S	T	A	V	L	I	F	Y	W	H	M	C	P
0	0.01412	0.01062	0.01495	0.08116	0.02261	0.01062	0.01243	0.01664	0.02098	0.02784	0.05543	0.54311	0.06551	0.03149	0.01357	0.00434	0.00727	0.02855	0.00952	0.00923
1	0.03390	0.01948	0.02923	0.11990	0.03716	0.02014	0.06116	0.04061	0.06367	0.27026	0.03641	0.09969	0.02836	0.01570	0.01391	0.00373	0.06836	0.01317	0.00991	0.01526
2	0.01508	0.01119	0.01445	0.01480	0.01713	0.00999	0.01050	0.01842	0.02447	0.03412	0.21961	0.36279	0.07616	0.02713	0.01289	0.00377	0.00612	0.02435	0.01034	0.08670
3	0.03023	0.02487	0.02775	0.08815	0.03518	0.02859	0.01968	0.17683	0.34230	0.04980	0.03661	0.03545	0.02717	0.01389	0.01102	0.00358	0.01021	0.01135	0.01033	0.01701
4	0.02366	0.04371	0.37409	0.03023	0.04257	0.02389	0.08821	0.03354	0.02329	0.07234	0.02509	0.08065	0.02069	0.01334	0.01283	0.00366	0.05604	0.01111	0.00591	0.01515
5	0.02992	0.02116	0.03249	0.15626	0.12475	0.02185	0.07004	0.04003	0.11086	0.17044	0.03826	0.03953	0.06851	0.01335	0.01130	0.00352	0.01150	0.01196	0.00877	0.01549
6	0.10050	0.01737	0.02049	0.01712	0.02339	0.01705	0.01372	0.04378	0.10924	0.28161	0.08220	0.04028	0.03324	0.01398	0.01010	0.00327	0.00794	0.01129	0.13804	0.01538
7	0.01328	0.00949	0.01265	0.01518	0.01581	0.00886	0.01012	0.01518	0.02088	0.02783	0.06010	0.60969	0.07212	0.03416	0.01392	0.00443	0.00633	0.03100	0.01012	0.00886
8	0.02402	0.02061	0.03164	0.23010	0.08499	0.02340	0.06539	0.03527	0.12915	0.06436	0.03176	0.08154	0.02728	0.01529	0.01331	0.00384	0.05159	0.04514	0.00753	0.01378
9	0.02668	0.03441	0.13666	0.19186	0.24064	0.11882	0.03180	0.03391	0.02472	0.03184	0.01941	0.02553	0.01534	0.01041	0.01058	0.00331	0.01512	0.00893	0.00514	0.01490
10	0.04146	0.04901	0.03040	0.02732	0.03319	0.52369	0.02062	0.04439	0.03093	0.07361	0.01917	0.02121	0.01519	0.01144	0.00993	0.00286	0.01874	0.00737	0.00632	0.01316
11	0.02172	0.01844	0.02166	0.01606	0.02489	0.01399	0.01265	0.02629	0.02244	0.03480	0.02325	0.07844	0.02147	0.01056	0.00863	0.00188	0.00791	0.00879	0.00681	0.61931
12	0.02699	0.02591	0.04426	0.06693	0.54879	0.02591	0.03346	0.03346	0.02483	0.03562	0.02051	0.02699	0.01727	0.00972	0.01079	0.00324	0.01295	0.00972	0.00540	0.01727
13	0.09875	0.02971	0.03126	0.02414	0.03270	0.03299	0.01994	0.47024	0.04839	0.06698	0.02521	0.02543	0.01795	0.01283	0.01054	0.00328	0.01169	0.00947	0.01054	0.01795
14	0.01558	0.01168	0.01752	0.01752	0.01947	0.01363	0.01363	0.01947	0.01752	0.02531	0.02921	0.04283	0.02726	0.08178	0.57360	0.01752	0.02921	0.01168	0.00584	0.00974
15	0.09364	0.02241	0.02497	0.01927	0.02739	0.02214	0.01574	0.20542	0.03429	0.15999	0.02806	0.02831	0.02009	0.01165	0.00954	0.00282	0.00946	0.00893	0.07554	0.18034
16	0.04049	0.02388	0.02760	0.02206	0.02997	0.02498	0.01793	0.20753	0.17351	0.25470	0.03778	0.03444	0.02589	0.01371	0.01098	0.00343	0.01001	0.01095	0.01198	0.01820
17	0.01894	0.00947	0.01420	0.01420	0.01420	0.00947	0.00947	0.01420	0.01420	0.01894	0.01894	0.03314	0.01894	0.03788	0.04261	0.68277	0.00947	0.00947	0.00473	0.00473
18	0.02163	0.02407	0.08132	0.02614	0.02820	0.02775	0.02296	0.02539	0.01752	0.02683	0.01849	0.02843	0.01744	0.03361	0.16530	0.00777	0.40040	0.00992	0.00502	0.01180
19	0.02385	0.02385	0.03340	0.02863	0.02863	0.03340	0.02385	0.02624	0.01670	0.02624	0.01431	0.02385	0.01431	0.01908	0.03578	0.00477	0.59685	0.00954	0.00477	0.01193
20	0.02059	0.01938	0.03270	0.59060	0.07510	0.02422	0.03028	0.02786	0.02180	0.02786	0.01938	0.02907	0.01453	0.01090	0.01090	0.00363	0.01453	0.00969	0.00484	0.01211
21	0.02479	0.02367	0.04029	0.24664	0.38623	0.02533	0.03237	0.03154	0.02379	0.03296	0.02012	0.02770	0.01633	0.01012	0.01083	0.00337	0.01350	0.00971	0.00521	0.01550
22	0.01894	0.00947	0.01420	0.01420	0.01420	0.00947	0.00947	0.01420	0.01420	0.01894	0.01894	0.03314	0.01894	0.03788	0.04261	0.68277	0.00947	0.00947	0.00473	0.00473
23	0.01888	0.01500	0.01745	0.01642	0.02007	0.01557	0.01241	0.03195	0.19190	0.04201	0.30974	0.11530	0.10737	0.02123	0.01238	0.00362	0.00641	0.01851	0.01142	0.01236
24	0.01457	0.01098	0.01347	0.01312	0.01583	0.00988	0.00974	0.01881	0.02843	0.03859	0.38736	0.13119	0.21869	0.02469	0.01295	0.00358	0.00534	0.02153	0.01134	0.00988
25	0.14497	0.02691	0.11776	0.06819	0.03405	0.02208	0.02105	0.11645	0.02941	0.21881	0.03090	0.07178	0.02315	0.01365	0.01037	0.00347	0.01098	0.01082	0.00944	0.01575
26	0.02217	0.02144	0.03703	0.31783	0.16053	0.02450	0.08350	0.02857	0.02231	0.03010	0.02295	0.07825	0.02027	0.01325	0.01373	0.00373	0.06932	0.01188	0.00548	0.01317
27	0.33711	0.01667	0.01736	0.07070	0.02561	0.01861	0.01467	0.02619	0.02090	0.03899	0.03439	0.15485	0.03580	0.01958	0.01052	0.00400	0.00902	0.12618	0.00800	0.01085
28	0.01886	0.01315	0.01724	0.01680	0.01921	0.01366	0.01300	0.02216	0.02347	0.07683	0.13454	0.16559	0.13933	0.07110	0.07382	0.00587	0.07699	0.07851	0.00944	0.01044

[dist]
# distance from previous block
# <min> <max>
0	26

[block]
# block no. 2 follows, 12 sequences, length 35
# corresponding to MSA columns:
# 226-260
name=unknown_C
#
# <colnr> <probs for GDERKNQSTAVLIFYWHMCP>
#	G	D	E	R	K	N	Q	S	T	A	V	L	I	F	Y	W	H	M	C	P
0	0.02823	0.09207	0.06982	0.01751	0.02380	0.01839	0.01578	0.03544	0.06323	0.16789	0.11489	0.04800	0.03947	0.01525	0.01025	0.00321	0.00854	0.04648	0.16796	0.01378
1	0.03367	0.02589	0.02792	0.02277	0.02992	0.02880	0.01834	0.30611	0.20290	0.05823	0.09483	0.03757	0.03354	0.01476	0.01121	0.00343	0.01008	0.01183	0.01110	0.01713
2	0.01355	0.00969	0.01289	0.01500	0.01587	0.00903	0.01014	0.01584	0.02209	0.02976	0.11876	0.54553	0.07585	0.03272	0.01379	0.00431	0.00618	0.02963	0.01035	0.00903
3	0.02277	0.04472	0.40885	0.07532	0.04426	0.02252	0.03394	0.03303	0.02328	0.07273	0.02625	0.09586	0.02195	0.01353	0.01088	0.00358	0.01427	0.01120	0.00597	0.01508
4	0.02512	0.02325	0.03201	0.44812	0.06388	0.08530	0.02778	0.03134	0.02315	0.06617	0.02048	0.02826	0.01537	0.01168	0.01248	0.00360	0.05434	0.00948	0.00556	0.01263
5	0.02187	0.05640	0.56031	0.03108	0.04719	0.02532	0.04029	0.03453	0.02302	0.03453	0.01957	0.02302	0.01381	0.01036	0.01036	0.00345	0.01611	0.00806	0.00460	0.01611
6	0.01816	0.01260	0.01800	0.12906	0.02903	0.01284	0.01510	0.02164	0.02260	0.07433	0.05406	0.36771	0.09051	0.02696	0.01309	0.00418	0.00845	0.06185	0.00937	0.01047
7	0.07788	0.02730	0.10113	0.04071	0.21465	0.02330	0.09743	0.03766	0.06255	0.12087	0.06519	0.03293	0.02555	0.01167	0.01096	0.00341	0.01231	0.01085	0.00763	0.01602
8	0.01374	0.01013	0.01297	0.01506	0.01645	0.00937	0.01071	0.01616	0.02208	0.02870	0.06852	0.46324	0.15269	0.03254	0.01388	0.00437	0.00664	0.08359	0.01011	0.00906
9	0.01552	0.01077	0.01301	0.01285	0.01538	0.00990	0.00948	0.01984	0.02730	0.03880	0.32617	0.14309	0.16422	0.02311	0.01214	0.00345	0.00534	0.02011	0.11962	0.00990
10	0.16374	0.03323	0.16978	0.02351	0.03332	0.02682	0.02316	0.15995	0.12777	0.09348	0.02719	0.02740	0.01951	0.01213	0.00997	0.00343	0.01151	0.00915	0.00864	0.01630
11	0.02481	0.07545	0.04012	0.17445	0.17416	0.02659	0.10218	0.03628	0.12206	0.03450	0.02719	0.03624	0.02242	0.01226	0.01117	0.00354	0.01304	0.04206	0.00664	0.01484
12	0.02122	0.01185	0.01605	0.01687	0.01940	0.01094	0.01259	0.02412	0.02369	0.13549	0.05624	0.41069	0.06139	0.02929	0.01352	0.00432	0.00756	0.10297	0.01079	0.01102
13	0.01328	0.00949	0.01265	0.01518	0.01581	0.00886	0.01012	0.01518	0.02088	0.02783	0.06010	0.60969	0.07212	0.03416	0.01392	0.00443	0.00633	0.03100	0.01012	0.00886
14	0.03238	0.39154	0.10502	0.02207	0.03130	0.14938	0.02135	0.03681	0.02482	0.07043	0.01829	0.02017	0.01505	0.01018	0.00829	0.00264	0.01363	0.00675	0.00558	0.01432
15	0.03447	0.01921	0.06996	0.01863	0.02549	0.01470	0.01620	0.03942	0.02923	0.32720	0.16268	0.11015	0.04901	0.01762	0.01169	0.00351	0.00858	0.01503	0.01195	0.01527
16	0.02915	0.62337	0.05714	0.01866	0.02799	0.04314	0.01866	0.03265	0.02215	0.02565	0.01516	0.01749	0.01399	0.00933	0.00700	0.00233	0.01166	0.00583	0.00466	0.01399
17	0.02874	0.38564	0.17416	0.02414	0.03515	0.03529	0.06815	0.03498	0.02343	0.07217	0.01912	0.02149	0.01525	0.00990	0.00865	0.00280	0.01313	0.00742	0.00545	0.01493
18	0.02059	0.01938	0.03270	0.59060	0.07510	0.02422	0.03028	0.02786	0.02180	0.02786	0.01938	0.02907	0.01453	0.01090	0.01090	0.00363	0.01453	0.00969	0.00484	0.01211
19	0.04073	0.05197	0.03090	0.02809	0.03371	0.57303	0.02107	0.04354	0.03090	0.02669	0.01685	0.01966	0.01404	0.01124	0.00983	0.00281	0.01966	0.00702	0.00562	0.01264
20	0.01586	0.01057	0.01189	0.01189	0.01189	0.01057	0.00661	0.01586	0.01586	0.02114	0.03436	0.07135	0.03964	0.61681	0.05550	0.01057	0.01057	0.01586	0.00661	0.00661
21	0.02385	0.02385	0.03340	0.02863	0.02863	0.03340	0.02385	0.02624	0.01670	0.02624	0.01431	0.02385	0.01431	0.01908	0.03578	0.00477	0.59685	0.00954	0.00477	0.01193
22	0.22047	0.01656	0.01782	0.01500	0.02106	0.01650	0.01213	0.03828	0.02497	0.24779	0.03281	0.03282	0.02304	0.01229	0.00870	0.00311	0.00769	0.00929	0.22571	0.01396
23	0.01894	0.00947	0.01420	0.01420	0.01420	0.00947	0.00947	0.01420	0.01420	0.01894	0.01894	0.03314	0.01894	0.03788	0.04261	0.68277	0.00947	0.00947	0.00473	0.00473
24	0.22270	0.03287	0.02504	0.02155	0.02838	0.24544	0.01692	0.04343	0.02761	0.20104	0.02471	0.02467	0.01754	0.01165	0.00934	0.00314	0.01328	0.00797	0.00843	0.01429
25	0.01561	0.01156	0.01690	0.01690	0.01863	0.01329	0.01285	0.01907	0.01734	0.02485	0.02978	0.04601	0.02864	0.14129	0.51597	0.01675	0.02713	0.01215	0.00593	0.00939
26	0.02059	0.01938	0.03270	0.59060	0.07510	0.02422	0.03028	0.02786	0.02180	0.02786	0.01938	0.02907	0.01453	0.01090	0.01090	0.00363	0.01453	0.00969	0.00484	0.01211
27	0.02144	0.02136	0.03978	0.40111	0.06584	0.02400	0.15819	0.02884	0.02280	0.02977	0.02310	0.07188	0.01931	0.01215	0.01165	0.00370	0.01497	0.01212	0.00541	0.01257
28	0.01557	0.01045	0.01198	0.01226	0.01233	0.01038	0.00700	0.01578	0.01641	0.02189	0.03722	0.13123	0.04325	0.55200	0.05087	0.00989	0.01010	0.01754	0.00700	0.00686
29	0.01477	0.01112	0.01366	0.01302	0.01588	0.01001	0.00977	0.01929	0.02930	0.04001	0.43039	0.08756	0.21785	0.02368	0.01287	0.00350	0.00524	0.02058	0.01151	0.01001
30	0.02899	0.01396	0.01837	0.01562	0.02048	0.01252	0.01229	0.03376	0.03027	0.24411	0.30117	0.06038	0.06636	0.01798	0.01164	0.00333	0.00676	0.01542	0.07307	0.01351
31	0.02919	0.19372	0.09328	0.08673	0.13649	0.03072	0.12283	0.07489	0.02655	0.07420	0.02134	0.02539	0.01651	0.01024	0.01015	0.00314	0.01375	0.00923	0.00618	0.01548
32	0.02057	0.01761	0.02707	0.20776	0.14692	0.01913	0.02213	0.06058	0.02429	0.03256	0.03647	0.26143	0.03852	0.02015	0.01209	0.00384	0.01072	0.01826	0.00754	0.01237
33	0.02126	0.01282	0.01720	0.01808	0.02136	0.01209	0.01499	0.02537	0.02535	0.11418	0.06220	0.18636	0.11712	0.02785	0.01396	0.00450	0.00877	0.27484	0.01061	0.01109
34	0.45107	0.07149	0.02219	0.01930	0.06188	0.02529	0.01434	0.03481	0.08170	0.04487	0.02080	0.02307	0.01634	0.01080	0.00768	0.00325	0.00880	0.00732	0.06206	0.01293

[dist]
# distance from previous block
# <min> <max>
0	23

[block]
# block no. 3 follows, 12 sequences, length 35
# corresponding to MSA columns:
# 284-318
name=unknown_D
#
# <colnr> <probs for GDERKNQSTAVLIFYWHMCP>
#	G	D	E	R	K	N	Q	S	T	A	V	L	I	F	Y	W	H	M	C	P
0	0.02199	0.01653	0.02373	0.22194	0.04078	0.01829	0.01994	0.03114	0.09177	0.08041	0.17381	0.06007	0.04964	0.01771	0.01211	0.00378	0.01005	0.08463	0.00916	0.01252
1	0.07947	0.06871	0.02512	0.01767	0.02585	0.02119	0.01438	0.07646	0.11692	0.04013	0.03163	0.03244	0.06409	0.01168	0.00910	0.00252	0.00863	0.00915	0.00790	0.33697
2	0.02989	0.11981	0.02845	0.07800	0.02989	0.02070	0.01635	0.03636	0.06478	0.19086	0.11189	0.08476	0.03811	0.01503	0.01050	0.00314	0.00917	0.01253	0.00960	0.09017
3	0.02560	0.14262	0.39792	0.02918	0.04318	0.02758	0.06905	0.03582	0.02377	0.07705	0.02101	0.02378	0.01515	0.01037	0.01005	0.00328	0.01499	0.00829	0.00543	0.01587
4	0.02724	0.13842	0.23413	0.18617	0.04859	0.02658	0.02966	0.03538	0.02388	0.11729	0.02262	0.02611	0.01623	0.01085	0.01003	0.00330	0.01376	0.00861	0.00615	0.01501
5	0.02187	0.05640	0.56031	0.03108	0.04719	0.02532	0.04029	0.03453	0.02302	0.03453	0.01957	0.02302	0.01381	0.01036	0.01036	0.00345	0.01611	0.00806	0.00460	0.01611
6	0.01801	0.01575	0.07595	0.01742	0.02063	0.01147	0.01416	0.02137	0.02221	0.08420	0.05371	0.48307	0.06077	0.02929	0.01320	0.00421	0.00774	0.02629	0.00985	0.01070
7	0.02801	0.04036	0.31398	0.03246	0.09511	0.02280	0.07060	0.03740	0.02497	0.13542	0.02438	0.02664	0.01715	0.01060	0.01052	0.00327	0.01392	0.00904	0.00664	0.07672
8	0.01562	0.01150	0.01660	0.01660	0.01823	0.01313	0.01248	0.01888	0.01725	0.02463	0.03005	0.04751	0.02929	0.16947	0.48867	0.01638	0.02615	0.01237	0.00597	0.00922
9	0.03283	0.02197	0.02481	0.02110	0.02776	0.02375	0.01673	0.10486	0.31280	0.16842	0.08693	0.04187	0.03640	0.01497	0.01120	0.00355	0.00885	0.01239	0.01172	0.01708
10	0.02098	0.02673	0.14987	0.16586	0.04191	0.02144	0.02485	0.03413	0.14546	0.03427	0.03625	0.13263	0.03345	0.01756	0.01177	0.00389	0.01167	0.06600	0.00773	0.01355
11	0.02286	0.03518	0.23806	0.12560	0.15951	0.02474	0.03178	0.03347	0.06466	0.03482	0.06379	0.03110	0.02353	0.01220	0.01247	0.00354	0.05157	0.01008	0.00596	0.01509
12	0.02530	0.02317	0.03871	0.13700	0.41894	0.02388	0.03007	0.03173	0.02416	0.03506	0.02205	0.02884	0.01808	0.01023	0.01045	0.00322	0.01229	0.00976	0.08134	0.01571
13	0.01289	0.01105	0.01105	0.01105	0.01473	0.00920	0.00828	0.01565	0.02485	0.02946	0.11046	0.10493	0.54437	0.02761	0.01289	0.00368	0.00552	0.02301	0.01013	0.00920
14	0.07352	0.08740	0.20604	0.02641	0.03651	0.12341	0.06084	0.08636	0.02860	0.07942	0.06835	0.02882	0.02351	0.01194	0.01027	0.00323	0.01409	0.00937	0.00704	0.01486
15	0.03000	0.07325	0.08157	0.07838	0.09397	0.06909	0.13040	0.03597	0.02526	0.13466	0.02735	0.07762	0.02249	0.01336	0.01299	0.00352	0.05639	0.01181	0.00723	0.01471
16	0.04073	0.05197	0.03090	0.02809	0.03371	0.57303	0.02107	0.04354	0.03090	0.02669	0.01685	0.01966	0.01404	0.01124	0.00983	0.00281	0.01966	0.00702	0.00562	0.01264
17	0.01586	0.01057	0.01189	0.01189	0.01189	0.01057	0.00661	0.01586	0.01586	0.02114	0.03436	0.07135	0.03964	0.61681	0.05550	0.01057	0.01057	0.01586	0.00661	0.00661
18	0.04145	0.03054	0.03272	0.02509	0.03381	0.03381	0.02072	0.51243	0.05127	0.06872	0.02618	0.02618	0.01854	0.01309	0.01091	0.00327	0.01200	0.00982	0.01091	0.01854
19	0.04073	0.05197	0.03090	0.02809	0.03371	0.57303	0.02107	0.04354	0.03090	0.02669	0.01685	0.01966	0.01404	0.01124	0.00983	0.00281	0.01966	0.00702	0.00562	0.01264
20	0.01561	0.01156	0.01689	0.01689	0.01861	0.01328	0.01283	0.01906	0.01733	0.02484	0.02979	0.04606	0.02866	0.14231	0.51498	0.01674	0.02710	0.01215	0.00593	0.00938
21	0.04145	0.03054	0.03272	0.02509	0.03381	0.03381	0.02072	0.51243	0.05127	0.06872	0.02618	0.02618	0.01854	0.01309	0.01091	0.00327	0.01200	0.00982	0.01091	0.01854
22	0.04892	0.01856	0.02530	0.01940	0.02783	0.01603	0.01603	0.05314	0.03121	0.55634	0.04302	0.03711	0.02699	0.01350	0.01096	0.00337	0.00928	0.01096	0.01350	0.01856
23	0.01894	0.00947	0.01420	0.01420	0.01420	0.00947	0.00947	0.01420	0.01420	0.01894	0.01894	0.03314	0.01894	0.03788	0.04261	0.68277	0.00947	0.00947	0.00473	0.00473
24	0.02385	0.02385	0.03340	0.02863	0.02863	0.03340	0.02385	0.02624	0.01670	0.02624	0.01431	0.02385	0.01431	0.01908	0.03578	0.00477	0.59685	0.00954	0.00477	0.01193
25	0.02940	0.02161	0.02898	0.02374	0.02859	0.02442	0.05509	0.17174	0.02941	0.09881	0.02697	0.03519	0.02249	0.08446	0.15163	0.00759	0.12684	0.01111	0.00805	0.01386
26	0.02059	0.01938	0.03270	0.59060	0.07510	0.02422	0.03028	0.02786	0.02180	0.02786	0.01938	0.02907	0.01453	0.01090	0.01090	0.00363	0.01453	0.00969	0.00484	0.01211
27	0.03430	0.02699	0.02870	0.02364	0.03109	0.03047	0.01900	0.28569	0.28965	0.05719	0.03526	0.03341	0.02590	0.01394	0.01100	0.00348	0.01032	0.01107	0.01100	0.01790
28	0.02849	0.01738	0.02566	0.07382	0.14367	0.01658	0.01868	0.03360	0.02834	0.19670	0.19120	0.05352	0.09305	0.01633	0.01166	0.00341	0.00896	0.01428	0.01023	0.01444
29	0.01471	0.01157	0.01516	0.01602	0.01734	0.01202	0.01159	0.01724	0.02163	0.02907	0.10189	0.37562	0.13934	0.03453	0.06307	0.00536	0.07016	0.02489	0.00936	0.00943
30	0.01356	0.00960	0.01257	0.01484	0.01540	0.00904	0.00975	0.01525	0.02035	0.02713	0.05739	0.55305	0.06870	0.09547	0.01829	0.00507	0.00677	0.02940	0.00975	0.00862
31	0.02250	0.07207	0.12592	0.02005	0.02947	0.02009	0.01924	0.02851	0.02279	0.03442	0.06102	0.02717	0.02240	0.01074	0.01130	0.00244	0.06266	0.00806	0.00627	0.39288
32	0.03146	0.02277	0.03533	0.07779	0.08120	0.02381	0.11082	0.11679	0.02988	0.15518	0.06299	0.07554	0.02855	0.01481	0.01443	0.00366	0.07818	0.01278	0.00882	0.01519
33	0.01752	0.01499	0.02285	0.16253	0.12060	0.01563	0.01877	0.02187	0.02307	0.03070	0.09049	0.26806	0.10494	0.02263	0.01245	0.00386	0.00924	0.02036	0.00820	0.01123
34	0.12943	0.08695	0.07371	0.02262	0.02722	0.02772	0.02012	0.06848	0.02125	0.03386	0.01949	0.02681	0.01725	0.03013	0.15030	0.00705	0.21025	0.00898	0.00583	0.01253

[dist]
# distance from previous block
# <min> <max>
0	105

[block]
# block no. 4 follows, 12 sequences, length 45
# corresponding to MSA columns:
# 424-468
name=unknown_E
#
# <colnr> <probs for GDERKNQSTAVLIFYWHMCP>
#	G	D	E	R	K	N	Q	S	T	A	V	L	I	F	Y	W	H	M	C	P
0	0.03036	0.12548	0.02947	0.01842	0.02674	0.02207	0.01536	0.07597	0.06802	0.14297	0.02916	0.07093	0.02383	0.01235	0.00940	0.00262	0.00919	0.00989	0.00861	0.26917
1	0.01754	0.01205	0.01548	0.06099	0.02154	0.01126	0.01179	0.02127	0.02590	0.07990	0.20710	0.20913	0.21485	0.02508	0.01280	0.00376	0.00668	0.02186	0.01052	0.01050
2	0.02409	0.12847	0.02808	0.01692	0.02499	0.02057	0.01388	0.06659	0.02421	0.03472	0.02349	0.07044	0.02212	0.06052	0.01244	0.00283	0.00912	0.00925	0.00679	0.40049
3	0.02694	0.02231	0.03347	0.08779	0.13683	0.02361	0.06202	0.07500	0.02539	0.08176	0.02558	0.08359	0.02254	0.01427	0.01545	0.00346	0.11890	0.01160	0.00710	0.12241
4	0.02929	0.08798	0.29280	0.02658	0.03824	0.02311	0.06489	0.03710	0.02435	0.16348	0.02522	0.02757	0.01785	0.01365	0.01356	0.06942	0.01355	0.00910	0.00693	0.01534
5	0.03156	0.01721	0.02137	0.01812	0.02392	0.01687	0.01433	0.04295	0.15918	0.24506	0.21883	0.05359	0.05524	0.01692	0.01166	0.00348	0.00766	0.01439	0.01235	0.01532
6	0.01328	0.00949	0.01265	0.01518	0.01581	0.00886	0.01012	0.01518	0.02088	0.02783	0.06010	0.60969	0.07212	0.03416	0.01392	0.00443	0.00633	0.03100	0.01012	0.00886
7	0.09111	0.32158	0.17163	0.07383	0.08407	0.03383	0.02557	0.03272	0.02223	0.03117	0.01708	0.02070	0.01409	0.00982	0.00847	0.00290	0.01279	0.00706	0.00494	0.01444
8	0.08837	0.03153	0.18728	0.12520	0.04591	0.02275	0.12564	0.03489	0.02445	0.12103	0.03042	0.03342	0.05669	0.01202	0.01092	0.00353	0.01366	0.01074	0.00692	0.01462
9	0.02187	0.05640	0.56031	0.03108	0.04719	0.02532	0.04029	0.03453	0.02302	0.03453	0.01957	0.02302	0.01381	0.01036	0.01036	0.00345	0.01611	0.00806	0.00460	0.01611
10	0.01543	0.01118	0.01557	0.01581	0.01712	0.01236	0.01144	0.01810	0.01741	0.02446	0.03357	0.10547	0.03488	0.21806	0.38271	0.01442	0.02207	0.01466	0.00646	0.00883
11	0.02407	0.22779	0.40821	0.02732	0.04139	0.03071	0.03375	0.03396	0.02276	0.03185	0.01823	0.02135	0.01387	0.01005	0.00934	0.00311	0.01477	0.00738	0.00462	0.01547
12	0.01416	0.01012	0.01366	0.01619	0.01720	0.00961	0.01165	0.01670	0.02174	0.02882	0.05961	0.50990	0.07020	0.03333	0.01415	0.00455	0.00709	0.12212	0.01010	0.00910
13	0.02151	0.01249	0.01652	0.01475	0.01839	0.01133	0.01133	0.02649	0.03093	0.13678	0.45227	0.07340	0.08910	0.02069	0.01252	0.00342	0.00589	0.01813	0.01227	0.01179
14	0.03092	0.02798	0.04342	0.03935	0.13764	0.03056	0.15277	0.19480	0.03237	0.04474	0.02157	0.02671	0.01690	0.01264	0.01650	0.00368	0.13379	0.01055	0.00717	0.01593
15	0.02972	0.03540	0.05545	0.04121	0.05080	0.17248	0.37952	0.03721	0.02711	0.03274	0.02068	0.02682	0.01588	0.00973	0.01206	0.00345	0.01872	0.01131	0.00554	0.01416
16	0.04892	0.01856	0.02530	0.01940	0.02783	0.01603	0.01603	0.05314	0.03121	0.55634	0.04302	0.03711	0.02699	0.01350	0.01096	0.00337	0.00928	0.01096	0.01350	0.01856
17	0.01695	0.01182	0.01313	0.01289	0.01349	0.01218	0.00764	0.01995	0.06577	0.02352	0.03533	0.06837	0.03902	0.55826	0.05118	0.00990	0.01038	0.01551	0.00704	0.00764
18	0.02253	0.01262	0.01674	0.01553	0.01799	0.01283	0.01116	0.02485	0.01963	0.13244	0.03421	0.05369	0.03242	0.29336	0.23979	0.01169	0.01726	0.01330	0.00773	0.01022
19	0.02712	0.02342	0.02465	0.02219	0.02835	0.02712	0.01726	0.05794	0.52909	0.04561	0.04438	0.04068	0.03328	0.01479	0.01109	0.00370	0.00863	0.01233	0.01109	0.01726
20	0.02407	0.22779	0.40821	0.02732	0.04139	0.03071	0.03375	0.03396	0.02276	0.03185	0.01823	0.02135	0.01387	0.01005	0.00934	0.00311	0.01477	0.00738	0.00462	0.01547
21	0.02647	0.02167	0.02468	0.01798	0.02747	0.01849	0.01452	0.12690	0.02849	0.04233	0.02077	0.02334	0.01664	0.00910	0.00866	0.00195	0.00888	0.00715	0.00737	0.54713
22	0.02157	0.04583	0.41103	0.09367	0.09655	0.02399	0.03622	0.03222	0.02290	0.03340	0.02276	0.06929	0.01872	0.01219	0.01073	0.00353	0.01488	0.01016	0.00513	0.01524
23	0.02915	0.62337	0.05714	0.01866	0.02799	0.04314	0.01866	0.03265	0.02215	0.02565	0.01516	0.01749	0.01399	0.00933	0.00700	0.00233	0.01166	0.00583	0.00466	0.01399
24	0.02532	0.03232	0.11781	0.04435	0.05593	0.02733	0.45863	0.03488	0.02544	0.03488	0.02179	0.02872	0.01625	0.00932	0.01260	0.00365	0.01814	0.01235	0.00542	0.01486
25	0.04145	0.03054	0.03272	0.02509	0.03381	0.03381	0.02072	0.51243	0.05127	0.06872	0.02618	0.02618	0.01854	0.01309	0.01091	0.00327	0.01200	0.00982	0.01091	0.01854
26	0.32363	0.01982	0.02072	0.01654	0.02449	0.01938	0.01356	0.03871	0.02395	0.22916	0.02608	0.02571	0.01817	0.01092	0.00854	0.00301	0.00866	0.00784	0.00912	0.15196
27	0.01894	0.00947	0.01420	0.01420	0.01420	0.00947	0.00947	0.01420	0.01420	0.01894	0.01894	0.03314	0.01894	0.03788	0.04261	0.68277	0.00947	0.00947	0.00473	0.00473
28	0.01619	0.01180	0.01527	0.01641	0.01883	0.01133	0.01335	0.02031	0.02518	0.03308	0.16292	0.10569	0.14461	0.09542	0.01890	0.00512	0.00838	0.25759	0.01006	0.00956
29	0.01558	0.01168	0.01752	0.01752	0.01947	0.01363	0.01363	0.01947	0.01752	0.02531	0.02921	0.04283	0.02726	0.08178	0.57360	0.01752	0.02921	0.01168	0.00584	0.00974
30	0.02216	0.02136	0.03014	0.02635	0.02675	0.02934	0.02176	0.02485	0.01687	0.02605	0.01737	0.02775	0.01697	0.03194	0.14606	0.00739	0.48046	0.00998	0.00499	0.01148
31	0.02059	0.01938	0.03270	0.59060	0.07510	0.02422	0.03028	0.02786	0.02180	0.02786	0.01938	0.02907	0.01453	0.01090	0.01090	0.00363	0.01453	0.00969	0.00484	0.01211
32	0.01894	0.00947	0.01420	0.01420	0.01420	0.00947	0.00947	0.01420	0.01420	0.01894	0.01894	0.03314	0.01894	0.03788	0.04261	0.68277	0.00947	0.00947	0.00473	0.00473
33	0.01328	0.00949	0.01265	0.01518	0.01581	0.00886	0.01012	0.01518	0.02088	0.02783	0.06010	0.60969	0.07212	0.03416	0.01392	0.00443	0.00633	0.03100	0.01012	0.00886
34	0.01579	0.01235	0.01458	0.01541	0.01780	0.01220	0.01100	0.02314	0.10991	0.03276	0.11444	0.35955	0.16301	0.02837	0.01312	0.00406	0.00645	0.02510	0.01047	0.01051
35	0.29960	0.02284	0.02425	0.06698	0.03075	0.02482	0.01682	0.16584	0.03079	0.18041	0.02550	0.02583	0.01767	0.01183	0.00928	0.00337	0.01012	0.00855	0.00940	0.01534
36	0.02769	0.02896	0.03443	0.13008	0.04169	0.18004	0.14690	0.03359	0.02575	0.03279	0.02368	0.02954	0.01851	0.01103	0.01023	0.00311	0.01450	0.00988	0.18518	0.01242
37	0.03383	0.02264	0.02557	0.02149	0.02801	0.02428	0.01702	0.21521	0.17339	0.14357	0.04031	0.13665	0.03372	0.01740	0.01151	0.00361	0.00956	0.01451	0.01129	0.01646
38	0.01960	0.06291	0.02195	0.12102	0.02976	0.01578	0.01630	0.02359	0.02347	0.07048	0.08387	0.28338	0.05406	0.02468	0.01270	0.00406	0.00906	0.10328	0.00910	0.01094
39	0.04289	0.02315	0.06726	0.02139	0.02998	0.01968	0.01888	0.13248	0.03371	0.38440	0.03937	0.04114	0.02740	0.01455	0.01125	0.00350	0.01036	0.04891	0.01205	0.01766
40	0.07661	0.01978	0.02596	0.06651	0.02839	0.02538	0.01931	0.02699	0.06154	0.03023	0.03132	0.08810	0.06934	0.02464	0.06935	0.00539	0.30012	0.01285	0.00653	0.01167
41	0.02462	0.01974	0.06918	0.02257	0.07137	0.01697	0.01688	0.10458	0.02690	0.07893	0.08664	0.10469	0.08391	0.02378	0.02004	0.18528	0.00964	0.01418	0.00834	0.01176
42	0.09853	0.08239	0.14307	0.07008	0.03646	0.02449	0.05896	0.07366	0.06822	0.07836	0.03170	0.03330	0.06620	0.01241	0.01007	0.00322	0.01168	0.01008	0.00737	0.07977
43	0.03399	0.07301	0.03535	0.02724	0.07202	0.02470	0.07508	0.11632	0.02954	0.17576	0.02626	0.02782	0.01916	0.01176	0.01267	0.00308	0.06814	0.00943	0.00854	0.15015
44	0.09354	0.08257	0.08881	0.02590	0.07736	0.02579	0.02133	0.16665	0.03315	0.23435	0.02918	0.02840	0.02002	0.01205	0.01015	0.00325	0.01121	0.00934	0.00976	0.01720

[dist]
# distance from previous block
# <min> <max>
0	82

[block]
# block no. 5 follows, 12 sequences, length 11
# corresponding to MSA columns:
# 552-562
name=unknown_F
#
# <colnr> <probs for GDERKNQSTAVLIFYWHMCP>
#	G	D	E	R	K	N	Q	S	T	A	V	L	I	F	Y	W	H	M	C	P
0	0.03035	0.08363	0.16960	0.08496	0.03640	0.02116	0.02361	0.03689	0.02481	0.21036	0.03106	0.06982	0.02396	0.02159	0.07833	0.00510	0.01410	0.01100	0.00821	0.01506
1	0.01948	0.01500	0.02234	0.16694	0.09573	0.01549	0.01819	0.02382	0.02366	0.06892	0.08438	0.23280	0.12630	0.02194	0.01232	0.00382	0.00921	0.01951	0.00859	0.01156
2	0.02645	0.12119	0.11865	0.05900	0.08748	0.02245	0.05236	0.03234	0.02482	0.12422	0.04032	0.09091	0.08895	0.01611	0.01110	0.00348	0.01138	0.04677	0.00786	0.01414
3	0.03434	0.15679	0.10772	0.06401	0.03774	0.02739	0.08059	0.08546	0.05968	0.19753	0.02832	0.02876	0.01996	0.01153	0.01026	0.00322	0.01235	0.00960	0.00848	0.01626
4	0.02434	0.01610	0.01934	0.01747	0.02195	0.01645	0.01342	0.03724	0.18916	0.12514	0.25845	0.11053	0.06560	0.01959	0.01209	0.00360	0.00703	0.01700	0.01178	0.01371
5	0.01376	0.01004	0.01251	0.01397	0.01522	0.00927	0.00942	0.01591	0.02196	0.02896	0.11601	0.40818	0.14726	0.10197	0.01864	0.00494	0.00658	0.02670	0.00990	0.00879
6	0.15972	0.07176	0.15078	0.06671	0.03846	0.02545	0.08168	0.08792	0.02710	0.15327	0.02450	0.02623	0.01719	0.01111	0.00997	0.00336	0.01257	0.00901	0.00774	0.01546
7	0.02391	0.02015	0.03022	0.43576	0.06158	0.02421	0.02625	0.10538	0.02665	0.03583	0.02226	0.02988	0.01666	0.01145	0.01054	0.00346	0.01308	0.00976	0.08003	0.01293
8	0.02664	0.04735	0.41969	0.03084	0.04516	0.02408	0.08814	0.03756	0.02463	0.11834	0.02361	0.02599	0.01623	0.01073	0.01073	0.00346	0.01527	0.00905	0.00613	0.01635
9	0.02320	0.05638	0.02425	0.07186	0.02783	0.01572	0.05433	0.02706	0.02453	0.13379	0.08204	0.26829	0.10101	0.02273	0.01232	0.00380	0.00887	0.02030	0.00966	0.01203
10	0.12510	0.10085	0.12290	0.02706	0.03697	0.02587	0.13664	0.04091	0.07823	0.15994	0.02716	0.02831	0.01936	0.01113	0.01026	0.00337	0.01263	0.00976	0.00791	0.01562

[dist]
# distance from previous block
# <min> <max>
0	1

[block]
# block no. 6 follows, 12 sequences, length 11
# corresponding to MSA columns:
# 564-574
name=unknown_G
#
# <colnr> <probs for GDERKNQSTAVLIFYWHMCP>
#	G	D	E	R	K	N	Q	S	T	A	V	L	I	F	Y	W	H	M	C	P
0	0.01641	0.01310	0.01760	0.11083	0.02736	0.01378	0.01456	0.02290	0.07894	0.03135	0.08927	0.34280	0.09847	0.02655	0.01302	0.00412	0.00802	0.05090	0.00949	0.01053
1	0.01936	0.01210	0.01486	0.01773	0.07669	0.01181	0.01119	0.02408	0.02368	0.03800	0.08216	0.10704	0.08129	0.01661	0.00951	0.00299	0.00618	0.01412	0.41978	0.01079
2	0.02757	0.03265	0.19324	0.22727	0.05152	0.02537	0.02934	0.10653	0.07090	0.09256	0.02504	0.02862	0.01781	0.01166	0.01076	0.00350	0.01359	0.00957	0.00710	0.01540
3	0.02354	0.22280	0.36602	0.02597	0.03897	0.02947	0.03141	0.03286	0.02338	0.03260	0.05990	0.02601	0.02095	0.01100	0.00955	0.00312	0.01391	0.00832	0.00521	0.01501
4	0.01613	0.01306	0.01770	0.01783	0.01877	0.01464	0.01321	0.01888	0.02224	0.03113	0.16091	0.35812	0.06634	0.02808	0.01853	0.00427	0.13726	0.02364	0.00936	0.00987
5	0.02312	0.01608	0.02090	0.10600	0.02961	0.01694	0.01589	0.12260	0.02812	0.07947	0.04546	0.35352	0.04855	0.02456	0.01259	0.00398	0.00900	0.02172	0.00975	0.01214
6	0.02778	0.12176	0.28724	0.02420	0.03560	0.02552	0.02740	0.09116	0.02706	0.09267	0.02463	0.02680	0.01794	0.01122	0.00959	0.00313	0.01260	0.00858	0.10967	0.01544
7	0.02517	0.01739	0.05638	0.01848	0.02341	0.01453	0.01573	0.06681	0.02833	0.15245	0.12759	0.18977	0.08532	0.02323	0.01277	0.00395	0.00860	0.10650	0.01082	0.01276
8	0.02094	0.04625	0.41742	0.02975	0.04336	0.02311	0.09066	0.03168	0.02362	0.03380	0.03383	0.03636	0.09567	0.01287	0.01104	0.00351	0.01475	0.01092	0.00556	0.01489
9	0.02153	0.01820	0.02183	0.01636	0.02486	0.01440	0.01303	0.02623	0.02183	0.03396	0.02089	0.02572	0.01786	0.01940	0.09498	0.00406	0.01132	0.00726	0.00636	0.57992
10	0.13435	0.24478	0.09907	0.02088	0.02961	0.03268	0.01983	0.06815	0.17633	0.03893	0.02514	0.02568	0.01971	0.01144	0.00882	0.00310	0.01078	0.00830	0.00729	0.01514

[dist]
# distance from previous block
# <min> <max>
0	3

[block]
# block no. 7 follows, 12 sequences, length 9
# corresponding to MSA columns:
# 578-586
name=unknown_H
#
# <colnr> <probs for GDERKNQSTAVLIFYWHMCP>
#	G	D	E	R	K	N	Q	S	T	A	V	L	I	F	Y	W	H	M	C	P
0	0.21201	0.01974	0.02079	0.01705	0.02369	0.02060	0.01389	0.13712	0.03006	0.19660	0.03032	0.03051	0.02141	0.01232	0.00904	0.00315	0.00862	0.00919	0.16911	0.01476
1	0.02875	0.02464	0.03633	0.10242	0.29755	0.02590	0.02687	0.15864	0.03230	0.04464	0.08683	0.03375	0.02797	0.01230	0.01109	0.00331	0.01189	0.01098	0.00763	0.01622
2	0.02025	0.01329	0.01931	0.01804	0.01804	0.01583	0.01329	0.01740	0.01487	0.02088	0.01771	0.03067	0.01771	0.03288	0.04080	0.50250	0.16564	0.00949	0.00474	0.00665
3	0.02975	0.02027	0.02376	0.01849	0.02696	0.01822	0.01478	0.04136	0.15921	0.15587	0.03137	0.03069	0.02315	0.01109	0.00953	0.00257	0.00849	0.00904	0.00928	0.35612
4	0.02116	0.01546	0.01951	0.08853	0.02754	0.01640	0.01494	0.03195	0.15813	0.08049	0.09372	0.25856	0.08357	0.02287	0.01238	0.00391	0.00807	0.02015	0.01018	0.01249
5	0.02464	0.01408	0.02011	0.02261	0.08528	0.01300	0.01461	0.02800	0.02496	0.17067	0.09177	0.34006	0.05592	0.02462	0.01265	0.00391	0.00783	0.02207	0.01059	0.01260
6	0.02719	0.01801	0.02050	0.01818	0.02282	0.01916	0.01358	0.04256	0.25545	0.13473	0.08530	0.05175	0.03991	0.17527	0.02303	0.00544	0.00896	0.01366	0.01043	0.01406
7	0.02679	0.01628	0.02348	0.16262	0.03548	0.01763	0.01845	0.03152	0.02490	0.17125	0.08764	0.11617	0.03837	0.01791	0.01401	0.00375	0.06922	0.04362	0.06799	0.01291
8	0.03560	0.01639	0.02158	0.01807	0.02356	0.01557	0.01410	0.04144	0.10052	0.30529	0.06843	0.03939	0.03058	0.02073	0.01952	0.18406	0.00897	0.01132	0.01072	0.01417

[dist]
# distance from previous block
# <min> <max>
0	78

# created by:
# /st0/software/busco_prod/Augustus/scripts/msa2prfl.pl ./align_prep/9901.fa
