[name]
unknown

[dist]
# distance from previous block
# <min> <max>
0	12

[block]
# block no. 0 follows, 12 sequences, length 12
# corresponding to MSA columns:
# 12-23
name=unknown_A
#
# <colnr> <probs for GDERKNQSTAVLIFYWHMCP>
#	G	D	E	R	K	N	Q	S	T	A	V	L	I	F	Y	W	H	M	C	P
0	0.02577	0.01857	0.02121	0.01910	0.02308	0.01975	0.01475	0.21029	0.03217	0.04287	0.03952	0.14324	0.04072	0.18189	0.02415	0.00575	0.01040	0.10507	0.00947	0.01225
1	0.02098	0.01938	0.03074	0.47894	0.06552	0.02234	0.02691	0.02778	0.02196	0.02935	0.01938	0.02781	0.01485	0.01035	0.01035	0.00324	0.01328	0.00906	0.00516	0.14261
2	0.39279	0.02514	0.02121	0.01805	0.02514	0.10775	0.01456	0.04035	0.02439	0.20185	0.02402	0.02400	0.01684	0.01134	0.00853	0.00329	0.01045	0.00764	0.00865	0.01402
3	0.02453	0.01307	0.01673	0.01472	0.01849	0.01184	0.01100	0.02824	0.02757	0.17932	0.27290	0.06911	0.10402	0.13585	0.02063	0.00482	0.00737	0.01681	0.01122	0.01176
4	0.03729	0.02425	0.02753	0.02189	0.02935	0.02529	0.01768	0.31625	0.04087	0.15372	0.03429	0.11941	0.02840	0.01615	0.01121	0.00337	0.01034	0.01314	0.01100	0.05856
5	0.04064	0.01801	0.02576	0.13011	0.03609	0.01706	0.01834	0.04527	0.02858	0.41253	0.03975	0.08006	0.02808	0.01460	0.01118	0.00351	0.01007	0.01227	0.01155	0.01655
6	0.08249	0.02672	0.10861	0.02081	0.02845	0.04599	0.01886	0.11221	0.06131	0.18029	0.08932	0.04022	0.03236	0.08526	0.01600	0.00423	0.01085	0.01142	0.00966	0.01494
7	0.31264	0.11893	0.04028	0.02666	0.03543	0.02914	0.18438	0.06821	0.02397	0.04192	0.01834	0.02231	0.01427	0.00989	0.00919	0.00331	0.01262	0.00857	0.00630	0.01364
8	0.12998	0.27825	0.14214	0.02556	0.09112	0.03097	0.02259	0.03164	0.02307	0.03426	0.07676	0.02701	0.02413	0.01117	0.00873	0.00295	0.01143	0.00832	0.00590	0.01403
9	0.21861	0.02019	0.02507	0.09085	0.09021	0.02077	0.01818	0.06027	0.02631	0.23315	0.03410	0.03409	0.05760	0.01284	0.00991	0.00341	0.00994	0.01010	0.00931	0.01509
10	0.15569	0.02220	0.02958	0.26224	0.10622	0.02481	0.02350	0.10513	0.02622	0.04014	0.01976	0.02541	0.01514	0.01062	0.00975	0.00324	0.01201	0.00859	0.00642	0.09332
11	0.02476	0.01603	0.01998	0.02073	0.07867	0.01566	0.01314	0.08259	0.02523	0.11385	0.04796	0.06211	0.13072	0.26705	0.02986	0.00640	0.00983	0.01507	0.00874	0.01161

[dist]
# distance from previous block
# <min> <max>
1	12

[block]
# block no. 1 follows, 12 sequences, length 19
# corresponding to MSA columns:
# 36-54
name=unknown_B
#
# <colnr> <probs for GDERKNQSTAVLIFYWHMCP>
#	G	D	E	R	K	N	Q	S	T	A	V	L	I	F	Y	W	H	M	C	P
0	0.03411	0.02462	0.03677	0.09490	0.28993	0.02514	0.02682	0.13181	0.03118	0.15639	0.02649	0.02925	0.01942	0.01132	0.01086	0.00331	0.01209	0.01001	0.00822	0.01735
1	0.03052	0.02777	0.03395	0.02943	0.07007	0.09305	0.10896	0.13100	0.16005	0.06794	0.04007	0.04029	0.08859	0.01421	0.01143	0.00345	0.01237	0.01240	0.00895	0.01550
2	0.11997	0.01454	0.01790	0.01729	0.02142	0.01428	0.01404	0.02953	0.02528	0.15487	0.10862	0.12293	0.05166	0.06399	0.01540	0.00454	0.00872	0.17272	0.01038	0.01192
3	0.02960	0.02631	0.04055	0.10842	0.38754	0.02751	0.03030	0.14011	0.03045	0.04227	0.02167	0.02701	0.01729	0.01059	0.01083	0.00328	0.01289	0.00974	0.00658	0.01705
4	0.01487	0.01039	0.01313	0.01389	0.01468	0.01026	0.00909	0.01667	0.01991	0.02711	0.11497	0.25681	0.05860	0.27379	0.08943	0.00815	0.01028	0.02123	0.00851	0.00824
5	0.02586	0.01928	0.02294	0.01655	0.02609	0.01472	0.01330	0.03063	0.02367	0.09991	0.02230	0.02440	0.01749	0.00874	0.00843	0.00183	0.00822	0.00702	0.00733	0.60128
6	0.02653	0.02587	0.09632	0.08958	0.19036	0.02155	0.02461	0.07778	0.02706	0.08277	0.03406	0.03669	0.08440	0.01257	0.01059	0.00310	0.01133	0.01078	0.00727	0.12678
7	0.02407	0.04595	0.42432	0.02709	0.04067	0.02212	0.03322	0.03443	0.02427	0.09838	0.03403	0.03518	0.08292	0.01294	0.01076	0.00347	0.01392	0.01032	0.00641	0.01554
8	0.01392	0.00976	0.01246	0.01437	0.01484	0.00928	0.00925	0.01535	0.01963	0.02618	0.05372	0.47629	0.06407	0.17855	0.02422	0.00595	0.00738	0.02724	0.00925	0.00830
9	0.02826	0.22263	0.13736	0.03316	0.16149	0.03100	0.02555	0.10405	0.02739	0.03764	0.02092	0.02441	0.01681	0.01050	0.00920	0.00292	0.01221	0.00822	0.07075	0.01551
10	0.01861	0.01531	0.02124	0.08290	0.09195	0.01595	0.01639	0.02719	0.10498	0.03626	0.18851	0.23097	0.06187	0.02209	0.01245	0.00379	0.00805	0.01982	0.00967	0.01202
11	0.02758	0.02563	0.04203	0.11827	0.45389	0.02642	0.03201	0.07486	0.02683	0.03771	0.02089	0.02713	0.01710	0.01014	0.01082	0.00328	0.01304	0.00972	0.00582	0.01684
12	0.01469	0.01112	0.01355	0.01294	0.01584	0.00997	0.00971	0.01915	0.02912	0.03958	0.41744	0.08827	0.23106	0.02384	0.01287	0.00350	0.00525	0.02067	0.01146	0.00997
13	0.03160	0.33662	0.09155	0.02367	0.03155	0.20591	0.02184	0.03560	0.02443	0.02682	0.01600	0.01928	0.01402	0.01096	0.01096	0.00282	0.07109	0.00676	0.00497	0.01356
14	0.01619	0.01230	0.01482	0.01515	0.01740	0.01203	0.01069	0.02112	0.06941	0.02886	0.05355	0.26109	0.11139	0.15971	0.07122	0.00657	0.00968	0.04332	0.00882	0.05667
15	0.02866	0.20664	0.04051	0.09312	0.18872	0.02834	0.02311	0.03538	0.05609	0.09937	0.07382	0.03170	0.02651	0.01173	0.00988	0.00306	0.01123	0.00981	0.00714	0.01520
16	0.02712	0.02290	0.03808	0.10277	0.40069	0.02301	0.02904	0.03296	0.02477	0.08469	0.02675	0.08937	0.02374	0.01275	0.01115	0.00341	0.01204	0.01207	0.00663	0.01606
17	0.01488	0.01112	0.01381	0.01314	0.01595	0.01005	0.00985	0.01951	0.02956	0.04064	0.44943	0.08653	0.19842	0.02344	0.01287	0.00348	0.00523	0.02043	0.01160	0.01005
18	0.03499	0.17175	0.03978	0.03503	0.15207	0.32928	0.02342	0.03880	0.02756	0.02853	0.01733	0.02089	0.01478	0.01046	0.00943	0.00280	0.01634	0.00739	0.00536	0.01401

[dist]
# distance from previous block
# <min> <max>
0	3

[block]
# block no. 2 follows, 12 sequences, length 16
# corresponding to MSA columns:
# 58-73
name=unknown_C
#
# <colnr> <probs for GDERKNQSTAVLIFYWHMCP>
#	G	D	E	R	K	N	Q	S	T	A	V	L	I	F	Y	W	H	M	C	P
0	0.01937	0.01341	0.02058	0.02589	0.13398	0.01323	0.01479	0.01944	0.01936	0.02665	0.08125	0.11736	0.03615	0.07368	0.02949	0.31660	0.00945	0.01399	0.00652	0.00882
1	0.09386	0.12686	0.25276	0.02282	0.03419	0.02495	0.02527	0.03308	0.05276	0.03612	0.05244	0.02622	0.02079	0.01072	0.00921	0.00292	0.01189	0.00815	0.00606	0.14893
2	0.01827	0.02209	0.13688	0.01787	0.02374	0.01491	0.01724	0.02704	0.06610	0.04149	0.33466	0.06099	0.06979	0.01804	0.01161	0.00336	0.00785	0.01554	0.08040	0.01211
3	0.01553	0.01134	0.01507	0.01725	0.01930	0.01088	0.01387	0.01922	0.02368	0.03063	0.06560	0.28067	0.13064	0.03111	0.01439	0.00465	0.00821	0.26834	0.01008	0.00954
4	0.03189	0.02426	0.04002	0.05630	0.43233	0.02370	0.02956	0.03786	0.02625	0.15203	0.02554	0.02925	0.01944	0.01056	0.01083	0.00327	0.01213	0.00999	0.00721	0.01756
5	0.02475	0.03130	0.17345	0.02694	0.03854	0.02038	0.13125	0.03258	0.02395	0.06748	0.02150	0.02514	0.01630	0.00926	0.00993	0.00267	0.01257	0.00859	0.00620	0.31724
6	0.01894	0.00947	0.01420	0.01420	0.01420	0.00947	0.00947	0.01420	0.01420	0.01894	0.01894	0.03314	0.01894	0.03788	0.04261	0.68277	0.00947	0.00947	0.00473	0.00473
7	0.01607	0.01381	0.01409	0.01354	0.01777	0.01321	0.01029	0.02510	0.13758	0.03307	0.09568	0.09057	0.43011	0.02475	0.01249	0.00369	0.00622	0.02062	0.01034	0.01101
8	0.08831	0.03271	0.14575	0.02352	0.03311	0.08069	0.02239	0.10854	0.06913	0.24068	0.03074	0.02945	0.02087	0.01234	0.01039	0.00334	0.01215	0.00946	0.00963	0.01677
9	0.02657	0.13280	0.03828	0.11319	0.21083	0.02923	0.02475	0.04100	0.19788	0.03621	0.02762	0.03026	0.02183	0.01156	0.01022	0.00329	0.01144	0.00991	0.00715	0.01598
10	0.02219	0.02582	0.10628	0.39824	0.17724	0.02475	0.03234	0.03001	0.02264	0.03049	0.01966	0.02779	0.01505	0.01056	0.01080	0.00352	0.01439	0.00948	0.00494	0.01380
11	0.01434	0.01110	0.01306	0.01257	0.01562	0.00982	0.00943	0.01846	0.02828	0.03759	0.35704	0.09155	0.29270	0.02458	0.01287	0.00354	0.00531	0.02113	0.01120	0.00982
12	0.02712	0.02342	0.02465	0.02219	0.02835	0.02712	0.01726	0.05794	0.52909	0.04561	0.04438	0.04068	0.03328	0.01479	0.01109	0.00370	0.00863	0.01233	0.01109	0.01726
13	0.02751	0.03816	0.26236	0.03070	0.04247	0.02496	0.13228	0.04235	0.13784	0.10731	0.02880	0.03023	0.02052	0.01152	0.01114	0.00355	0.01401	0.01043	0.00745	0.01640
14	0.01424	0.01017	0.01375	0.01628	0.01733	0.00968	0.01179	0.01684	0.02182	0.02891	0.05957	0.50088	0.07002	0.03326	0.01417	0.00456	0.00716	0.13035	0.01010	0.00912
15	0.01328	0.00949	0.01265	0.01518	0.01581	0.00886	0.01012	0.01518	0.02088	0.02783	0.06010	0.60969	0.07212	0.03416	0.01392	0.00443	0.00633	0.03100	0.01012	0.00886

[dist]
# distance from previous block
# <min> <max>
0	1

[block]
# block no. 3 follows, 12 sequences, length 18
# corresponding to MSA columns:
# 75-92
name=unknown_D
#
# <colnr> <probs for GDERKNQSTAVLIFYWHMCP>
#	G	D	E	R	K	N	Q	S	T	A	V	L	I	F	Y	W	H	M	C	P
0	0.60111	0.02243	0.01840	0.01587	0.02290	0.02579	0.01308	0.10032	0.02320	0.05173	0.01674	0.01892	0.01277	0.01054	0.00734	0.00336	0.00894	0.00646	0.00734	0.01277
1	0.01406	0.01035	0.01265	0.01351	0.01514	0.00950	0.00927	0.01661	0.02329	0.03087	0.17769	0.30600	0.17385	0.11287	0.01937	0.00492	0.00649	0.02458	0.01005	0.00894
2	0.02187	0.05640	0.56031	0.03108	0.04719	0.02532	0.04029	0.03453	0.02302	0.03453	0.01957	0.02302	0.01381	0.01036	0.01036	0.00345	0.01611	0.00806	0.00460	0.01611
3	0.02657	0.42268	0.23524	0.02305	0.03478	0.03684	0.02631	0.03332	0.02246	0.02880	0.01672	0.01945	0.01393	0.00969	0.00819	0.00273	0.01324	0.00662	0.00464	0.01474
4	0.02312	0.15400	0.47369	0.02894	0.04389	0.02839	0.03656	0.03421	0.02287	0.03300	0.01881	0.02207	0.01384	0.01018	0.00978	0.00326	0.01535	0.00767	0.00461	0.01575
5	0.01517	0.01095	0.01434	0.01389	0.01623	0.01012	0.01027	0.01993	0.02966	0.04181	0.48476	0.14519	0.09917	0.02372	0.01299	0.00355	0.00529	0.02108	0.01178	0.01012
6	0.01350	0.00966	0.01285	0.01503	0.01586	0.00900	0.01014	0.01574	0.02190	0.02946	0.10965	0.55549	0.07527	0.03294	0.01381	0.00433	0.00620	0.02984	0.01031	0.00900
7	0.01706	0.01687	0.01416	0.01369	0.01756	0.08943	0.01027	0.02003	0.02622	0.03026	0.13362	0.09083	0.43178	0.02484	0.01245	0.00354	0.00750	0.02046	0.00964	0.00978
8	0.39142	0.07125	0.07163	0.01839	0.02671	0.02576	0.01673	0.09740	0.02553	0.13305	0.02163	0.02249	0.01555	0.01103	0.00833	0.00329	0.00997	0.00744	0.00805	0.01435
9	0.01728	0.01299	0.01739	0.01861	0.02102	0.01383	0.01490	0.02445	0.08295	0.03119	0.04878	0.19256	0.05140	0.04331	0.16781	0.00817	0.01436	0.19941	0.00903	0.01058
10	0.01352	0.01107	0.01193	0.01171	0.01512	0.00947	0.00878	0.01688	0.02635	0.03301	0.21833	0.09908	0.43427	0.02629	0.01288	0.00362	0.00543	0.02219	0.01059	0.00947
11	0.01877	0.01742	0.05615	0.01882	0.02208	0.01726	0.01572	0.05867	0.02275	0.03199	0.10669	0.05094	0.07859	0.09626	0.25750	0.01020	0.08855	0.01346	0.00731	0.01088
12	0.03431	0.04388	0.12606	0.02578	0.03316	0.34020	0.02261	0.03940	0.02946	0.07806	0.09592	0.03080	0.02803	0.01288	0.01047	0.00307	0.01597	0.00941	0.00706	0.01347
13	0.01921	0.01713	0.02998	0.02535	0.02934	0.01754	0.14972	0.02384	0.02130	0.02899	0.03565	0.09954	0.03669	0.14478	0.12784	0.00799	0.05196	0.11546	0.00704	0.01065
14	0.01391	0.00975	0.01247	0.01438	0.01485	0.00928	0.00926	0.01535	0.01965	0.02620	0.05380	0.47794	0.06417	0.17675	0.02409	0.00593	0.00736	0.02729	0.00926	0.00831
15	0.02182	0.13150	0.42252	0.02689	0.04054	0.02591	0.03335	0.03198	0.02312	0.03266	0.02991	0.03212	0.07786	0.01229	0.01019	0.00332	0.01420	0.00955	0.00528	0.01498
16	0.14264	0.16948	0.21753	0.02307	0.03363	0.02837	0.02496	0.08295	0.02567	0.07304	0.02327	0.03055	0.01900	0.01224	0.00947	0.00329	0.01240	0.04696	0.00668	0.01479
17	0.09410	0.11513	0.09391	0.02631	0.11613	0.02369	0.01999	0.06738	0.02481	0.03893	0.02246	0.02621	0.01795	0.01039	0.00864	0.00273	0.01013	0.00810	0.14720	0.12581

[dist]
# distance from previous block
# <min> <max>
0	5

[block]
# block no. 4 follows, 12 sequences, length 17
# corresponding to MSA columns:
# 98-114
name=unknown_E
#
# <colnr> <probs for GDERKNQSTAVLIFYWHMCP>
#	G	D	E	R	K	N	Q	S	T	A	V	L	I	F	Y	W	H	M	C	P
0	0.02777	0.02853	0.12390	0.08573	0.03852	0.02683	0.06012	0.03827	0.11221	0.11402	0.02609	0.02969	0.01974	0.01439	0.01893	0.00394	0.19895	0.01026	0.00728	0.01485
1	0.02404	0.01734	0.02388	0.02751	0.12362	0.01719	0.01838	0.08774	0.02945	0.08408	0.12546	0.11201	0.09614	0.02145	0.01274	0.00390	0.00934	0.14275	0.00987	0.01312
2	0.03403	0.38502	0.04671	0.02197	0.03035	0.16103	0.01958	0.12362	0.02950	0.03383	0.01757	0.01958	0.01484	0.01045	0.00836	0.00261	0.01353	0.00683	0.00603	0.01453
3	0.45871	0.02049	0.01833	0.01497	0.02275	0.02098	0.01220	0.03044	0.01998	0.04423	0.01665	0.01943	0.01333	0.00940	0.00721	0.00276	0.00831	0.00610	0.00665	0.24708
4	0.10525	0.02202	0.03264	0.17677	0.22039	0.02340	0.02526	0.03806	0.06774	0.14333	0.02630	0.02971	0.01935	0.01127	0.01042	0.00342	0.01171	0.00976	0.00757	0.01564
5	0.02464	0.01990	0.03260	0.03145	0.10530	0.02084	0.10625	0.02953	0.02429	0.09850	0.07482	0.10844	0.07144	0.01889	0.01710	0.00400	0.12381	0.06687	0.00814	0.01320
6	0.01459	0.01059	0.01369	0.01568	0.01714	0.01003	0.01156	0.01726	0.02207	0.02874	0.06363	0.37097	0.12653	0.08201	0.01764	0.00502	0.00757	0.14646	0.00980	0.00902
7	0.02033	0.01949	0.03333	0.02764	0.03109	0.02250	0.13877	0.02485	0.01968	0.02825	0.02643	0.09781	0.02577	0.03953	0.20943	0.00877	0.19536	0.01351	0.00592	0.01153
8	0.02189	0.01896	0.06550	0.08158	0.02832	0.01631	0.01639	0.08611	0.03029	0.08161	0.22718	0.06583	0.17768	0.01944	0.01203	0.00349	0.00843	0.01646	0.01008	0.01243
9	0.03318	0.03867	0.04803	0.03690	0.04553	0.24962	0.26877	0.07967	0.03004	0.03450	0.02030	0.02517	0.01570	0.01036	0.01147	0.00329	0.01835	0.01023	0.00602	0.01420
10	0.01328	0.00949	0.01265	0.01518	0.01581	0.00886	0.01012	0.01518	0.02088	0.02783	0.06010	0.60969	0.07212	0.03416	0.01392	0.00443	0.00633	0.03100	0.01012	0.00886
11	0.02077	0.02513	0.12741	0.02357	0.03014	0.01988	0.06973	0.03493	0.18477	0.03649	0.07230	0.22335	0.04459	0.02010	0.01216	0.00387	0.01012	0.01807	0.00901	0.01363
12	0.19266	0.02246	0.02319	0.01819	0.02652	0.02229	0.01470	0.12584	0.09112	0.04650	0.02281	0.02437	0.01770	0.01040	0.00867	0.00263	0.00899	0.00771	0.00797	0.30527
13	0.01632	0.01053	0.01171	0.01171	0.01198	0.01053	0.00671	0.01684	0.01658	0.02315	0.03448	0.06818	0.03843	0.55446	0.05056	0.00974	0.01000	0.01527	0.07583	0.00697
14	0.01328	0.00949	0.01265	0.01518	0.01581	0.00886	0.01012	0.01518	0.02088	0.02783	0.06010	0.60969	0.07212	0.03416	0.01392	0.00443	0.00633	0.03100	0.01012	0.00886
15	0.02361	0.19207	0.43990	0.02811	0.04260	0.02959	0.03511	0.03408	0.02281	0.03241	0.01851	0.02170	0.01386	0.01011	0.00955	0.00318	0.01505	0.00752	0.00462	0.01561
16	0.02411	0.02269	0.03899	0.05228	0.37651	0.02232	0.07130	0.03051	0.02635	0.03750	0.14569	0.04024	0.03769	0.01268	0.01148	0.00332	0.01158	0.01240	0.00699	0.01537

[dist]
# distance from previous block
# <min> <max>
0	1

[block]
# block no. 5 follows, 12 sequences, length 20
# corresponding to MSA columns:
# 116-135
name=unknown_F
#
# <colnr> <probs for GDERKNQSTAVLIFYWHMCP>
#	G	D	E	R	K	N	Q	S	T	A	V	L	I	F	Y	W	H	M	C	P
0	0.03900	0.04936	0.03477	0.03016	0.03640	0.50996	0.07751	0.04254	0.03030	0.02764	0.01746	0.02079	0.01433	0.01100	0.01018	0.00291	0.01951	0.00770	0.00561	0.01288
1	0.03163	0.02242	0.02479	0.02161	0.02825	0.02482	0.01700	0.05695	0.42609	0.15127	0.04410	0.03994	0.03198	0.01452	0.01107	0.00363	0.00876	0.01205	0.01159	0.01753
2	0.08496	0.08402	0.18336	0.02379	0.03366	0.02695	0.02390	0.19574	0.03275	0.09846	0.02774	0.08678	0.02278	0.01402	0.01041	0.00339	0.01200	0.01102	0.00840	0.01589
3	0.02462	0.01789	0.02050	0.01931	0.02361	0.01921	0.01451	0.08549	0.22585	0.08374	0.04901	0.27724	0.04753	0.02262	0.01225	0.00393	0.00806	0.01978	0.01087	0.01398
4	0.01586	0.01057	0.01189	0.01189	0.01189	0.01057	0.00661	0.01586	0.01586	0.02114	0.03436	0.07135	0.03964	0.61681	0.05550	0.01057	0.01057	0.01586	0.00661	0.00661
5	0.01838	0.01128	0.01388	0.01473	0.01726	0.01114	0.01205	0.02345	0.02515	0.03799	0.13253	0.08054	0.05483	0.02131	0.01149	0.00368	0.00707	0.19716	0.29596	0.01014
6	0.02596	0.02219	0.03316	0.04335	0.29611	0.02250	0.02415	0.11284	0.03128	0.04386	0.18153	0.04353	0.04371	0.01415	0.01145	0.00330	0.01040	0.01280	0.00838	0.01535
7	0.02232	0.05328	0.50296	0.03280	0.04832	0.02558	0.09451	0.03458	0.02333	0.03458	0.01986	0.02376	0.01413	0.01022	0.01065	0.00348	0.01638	0.00861	0.00471	0.01595
8	0.01328	0.00949	0.01265	0.01518	0.01581	0.00886	0.01012	0.01518	0.02088	0.02783	0.06010	0.60969	0.07212	0.03416	0.01392	0.00443	0.00633	0.03100	0.01012	0.00886
9	0.01894	0.00947	0.01420	0.01420	0.01420	0.00947	0.00947	0.01420	0.01420	0.01894	0.01894	0.03314	0.01894	0.03788	0.04261	0.68277	0.00947	0.00947	0.00473	0.00473
10	0.02557	0.02987	0.14031	0.02835	0.03713	0.02425	0.13615	0.12155	0.11314	0.04306	0.09136	0.09405	0.03493	0.01512	0.01182	0.00361	0.01238	0.01390	0.00846	0.01499
11	0.01440	0.01101	0.01485	0.01661	0.01717	0.01146	0.01158	0.01635	0.02043	0.02767	0.05524	0.54761	0.06599	0.03256	0.01623	0.00446	0.06890	0.02872	0.00955	0.00918
12	0.01366	0.00978	0.01299	0.01493	0.01590	0.00911	0.01015	0.01612	0.02261	0.03060	0.14411	0.51780	0.07747	0.03210	0.01373	0.00425	0.00612	0.02904	0.01045	0.00911
13	0.03060	0.02121	0.02490	0.02169	0.02621	0.05844	0.01760	0.03900	0.11341	0.18088	0.08272	0.04998	0.06546	0.01813	0.01735	0.00390	0.14546	0.05894	0.00985	0.01427
14	0.04132	0.03427	0.03241	0.02561	0.03379	0.12762	0.02078	0.43087	0.04772	0.06141	0.02456	0.02504	0.01776	0.01277	0.01072	0.00319	0.01333	0.00933	0.00999	0.01752
15	0.04272	0.01698	0.02310	0.01867	0.02574	0.01478	0.01500	0.04653	0.02941	0.46440	0.04599	0.13672	0.03484	0.01709	0.01148	0.00356	0.00876	0.01445	0.01291	0.01687
16	0.03240	0.14268	0.09592	0.02997	0.03879	0.21513	0.13041	0.07775	0.07126	0.03411	0.02107	0.02409	0.01656	0.01081	0.01026	0.00310	0.01608	0.00889	0.00622	0.01455
17	0.02989	0.03926	0.22264	0.03428	0.04607	0.06996	0.20413	0.08578	0.02844	0.09784	0.02363	0.02702	0.01682	0.01064	0.01135	0.00345	0.01602	0.01023	0.00668	0.01585
18	0.03376	0.04501	0.12131	0.02701	0.03460	0.32995	0.02338	0.04587	0.16441	0.03317	0.02478	0.02594	0.01921	0.01205	0.01027	0.00316	0.01606	0.00864	0.00692	0.01450
19	0.14485	0.02430	0.06979	0.02214	0.03072	0.02190	0.05118	0.07510	0.11594	0.27955	0.03447	0.03230	0.02337	0.01261	0.01038	0.00345	0.01036	0.01021	0.01058	0.01679

[dist]
# distance from previous block
# <min> <max>
0	7

[block]
# block no. 6 follows, 12 sequences, length 24
# corresponding to MSA columns:
# 143-166
name=unknown_G
#
# <colnr> <probs for GDERKNQSTAVLIFYWHMCP>
#	G	D	E	R	K	N	Q	S	T	A	V	L	I	F	Y	W	H	M	C	P
0	0.48617	0.02162	0.02135	0.05946	0.02679	0.02656	0.01600	0.03037	0.01835	0.04202	0.01528	0.01999	0.01260	0.01230	0.01393	0.00372	0.14843	0.00704	0.00614	0.01186
1	0.01389	0.01108	0.01244	0.01210	0.01534	0.00963	0.00907	0.01759	0.02722	0.03508	0.28095	0.09568	0.37037	0.02552	0.01288	0.00358	0.00537	0.02171	0.01087	0.00963
2	0.02261	0.01938	0.02261	0.01615	0.02584	0.01453	0.01292	0.02745	0.02261	0.03553	0.01938	0.02261	0.01615	0.00807	0.00807	0.00161	0.00807	0.00646	0.00646	0.68346
3	0.02919	0.02926	0.05542	0.04391	0.10738	0.02870	0.35277	0.13541	0.03101	0.04213	0.02275	0.02846	0.01705	0.01007	0.01222	0.00354	0.01643	0.01187	0.00664	0.01580
4	0.02498	0.02876	0.08949	0.13888	0.19754	0.02640	0.26395	0.03334	0.02465	0.03395	0.02101	0.02821	0.01623	0.00970	0.01178	0.00353	0.01607	0.01112	0.00531	0.01511
5	0.01550	0.01077	0.01306	0.01401	0.01485	0.01053	0.00946	0.01698	0.01914	0.02513	0.04857	0.18649	0.08253	0.35661	0.03716	0.00790	0.00933	0.10597	0.00815	0.00785
6	0.01368	0.01011	0.01289	0.01496	0.01635	0.00932	0.01060	0.01607	0.02206	0.02865	0.06905	0.46440	0.15748	0.03252	0.01385	0.00436	0.00658	0.07790	0.01011	0.00905
7	0.02634	0.36455	0.17059	0.08511	0.09395	0.03518	0.02650	0.03269	0.02261	0.02903	0.01720	0.02099	0.01436	0.00977	0.00859	0.00282	0.01313	0.00717	0.00475	0.01465
8	0.03674	0.15724	0.19053	0.02270	0.03360	0.02450	0.02377	0.04331	0.02687	0.28989	0.03020	0.02880	0.02035	0.01169	0.00995	0.00318	0.01181	0.00902	0.00900	0.01687
9	0.02399	0.02958	0.13764	0.10619	0.23052	0.02435	0.08774	0.03456	0.07975	0.03637	0.07626	0.03381	0.02669	0.01174	0.01122	0.00345	0.01312	0.01108	0.00649	0.01545
10	0.03753	0.03167	0.20049	0.02892	0.09703	0.02022	0.02597	0.04475	0.02779	0.32480	0.03272	0.03133	0.02156	0.01203	0.01075	0.00338	0.01193	0.00987	0.00964	0.01761
11	0.03579	0.03693	0.28505	0.02507	0.03723	0.02054	0.02780	0.04410	0.02723	0.30300	0.03163	0.03027	0.02059	0.01197	0.01067	0.00341	0.01260	0.00955	0.00918	0.01737
12	0.02310	0.03976	0.28864	0.14432	0.11523	0.02568	0.14131	0.03323	0.02361	0.03349	0.02020	0.02606	0.01497	0.01013	0.01107	0.00351	0.01594	0.00963	0.00495	0.01519
13	0.01921	0.01754	0.03070	0.14828	0.09649	0.01793	0.11172	0.02464	0.02366	0.03188	0.08531	0.22962	0.04560	0.02040	0.01271	0.00393	0.01122	0.04957	0.00778	0.01181
14	0.02745	0.02486	0.09707	0.31694	0.14740	0.02305	0.02926	0.03463	0.02434	0.13382	0.02425	0.02954	0.01738	0.01113	0.01083	0.00349	0.01341	0.00975	0.00661	0.01479
15	0.02587	0.02524	0.08834	0.23265	0.14272	0.02328	0.11905	0.03335	0.02497	0.09617	0.06011	0.03288	0.02310	0.01144	0.01135	0.00351	0.01383	0.01101	0.00660	0.01454
16	0.02620	0.02746	0.10093	0.10096	0.11587	0.02316	0.21213	0.03382	0.02484	0.08695	0.02551	0.06440	0.02059	0.01146	0.01151	0.00341	0.01432	0.01188	0.00651	0.07807
17	0.02400	0.15254	0.10135	0.18101	0.14951	0.02779	0.08522	0.03047	0.02254	0.02993	0.02048	0.02956	0.01750	0.06726	0.01444	0.00392	0.01388	0.00966	0.00514	0.01379
18	0.02610	0.04289	0.33367	0.03751	0.10799	0.02494	0.14075	0.03639	0.02467	0.08794	0.02262	0.02635	0.01618	0.01034	0.01103	0.00347	0.01554	0.00962	0.00581	0.01619
19	0.03557	0.02298	0.06916	0.02959	0.09153	0.01909	0.11180	0.04151	0.02844	0.29427	0.07171	0.04119	0.06438	0.01361	0.01152	0.00345	0.01134	0.01240	0.01015	0.01633
20	0.02864	0.02393	0.07691	0.08367	0.04280	0.02127	0.20283	0.03553	0.02481	0.16271	0.02838	0.03368	0.02103	0.02581	0.13021	0.00650	0.01786	0.01150	0.00745	0.01448
21	0.02575	0.18424	0.28822	0.02743	0.03921	0.02778	0.08703	0.03352	0.02289	0.06797	0.02040	0.02440	0.01561	0.01279	0.01293	0.06732	0.01419	0.00844	0.00537	0.01453
22	0.02843	0.02743	0.11222	0.18870	0.08205	0.02396	0.12663	0.03907	0.08606	0.13377	0.02756	0.03109	0.01966	0.01136	0.01126	0.00355	0.01374	0.01068	0.00739	0.01539
23	0.01781	0.01192	0.01421	0.01431	0.01749	0.01076	0.01105	0.02097	0.02462	0.07977	0.11002	0.13257	0.27424	0.09314	0.01802	0.00474	0.00743	0.11676	0.01016	0.01002

[dist]
# distance from previous block
# <min> <max>
0	423

# created by:
# /st0/software/busco_prod/Augustus/scripts/msa2prfl.pl ./align_prep/9927.fa
