[name]
unknown

[dist]
# distance from previous block
# <min> <max>
0	1031

[block]
# block no. 0 follows, 10 sequences, length 10
# corresponding to MSA columns:
# 1043-1052
name=unknown_A
#
# <colnr> <probs for GDERKNQSTAVLIFYWHMCP>
#	G	D	E	R	K	N	Q	S	T	A	V	L	I	F	Y	W	H	M	C	P
0	0.02661	0.02422	0.09459	0.02423	0.03184	0.01899	0.08545	0.06819	0.02939	0.09441	0.09220	0.08610	0.04087	0.01726	0.01205	0.00365	0.01108	0.06359	0.11253	0.06275
1	0.02436	0.01787	0.02123	0.01779	0.02477	0.01528	0.01419	0.06100	0.02766	0.07766	0.04925	0.11929	0.11113	0.01918	0.01162	0.00319	0.00866	0.07091	0.00944	0.29552
2	0.10595	0.02205	0.02616	0.05576	0.03128	0.02300	0.01779	0.07386	0.08942	0.11950	0.03091	0.07131	0.02529	0.01482	0.01373	0.00344	0.07523	0.01127	0.00913	0.18012
3	0.03258	0.03656	0.07794	0.03432	0.09532	0.15469	0.09570	0.09507	0.03116	0.04000	0.02156	0.02557	0.01701	0.01074	0.01082	0.00298	0.01529	0.00914	0.00684	0.18673
4	0.03683	0.02452	0.03532	0.15570	0.04674	0.02499	0.07529	0.14594	0.03424	0.18430	0.02996	0.03196	0.02078	0.01241	0.01154	0.00346	0.01293	0.01075	0.00964	0.09269
5	0.04490	0.02744	0.03481	0.02686	0.03541	0.06638	0.07300	0.15339	0.03669	0.28772	0.03470	0.03340	0.02332	0.01396	0.01358	0.00366	0.04980	0.01120	0.01145	0.01834
6	0.03605	0.02343	0.09014	0.02068	0.02834	0.01805	0.01835	0.04421	0.07971	0.27362	0.09575	0.04935	0.03926	0.10717	0.01943	0.00488	0.01049	0.01336	0.01150	0.01624
7	0.04833	0.02597	0.03081	0.02362	0.03277	0.02626	0.01951	0.26111	0.04362	0.30774	0.03721	0.03395	0.02444	0.01419	0.01167	0.00355	0.01130	0.01110	0.01306	0.01979
8	0.02826	0.02108	0.03288	0.04416	0.26277	0.02039	0.02535	0.03391	0.02764	0.11434	0.04736	0.06457	0.09671	0.01843	0.01286	0.00397	0.01144	0.10920	0.00892	0.01577
9	0.01948	0.02658	0.15021	0.02414	0.03167	0.01695	0.06967	0.02571	0.02369	0.03360	0.04201	0.29528	0.04548	0.02279	0.01278	0.00390	0.01104	0.02070	0.00817	0.11616

[dist]
# distance from previous block
# <min> <max>
0	1

[block]
# block no. 1 follows, 10 sequences, length 11
# corresponding to MSA columns:
# 1054-1064
name=unknown_B
#
# <colnr> <probs for GDERKNQSTAVLIFYWHMCP>
#	G	D	E	R	K	N	Q	S	T	A	V	L	I	F	Y	W	H	M	C	P
0	0.33405	0.07381	0.07886	0.01946	0.02880	0.02637	0.01792	0.08022	0.02589	0.08632	0.02097	0.02288	0.01578	0.01101	0.00866	0.00320	0.01054	0.00748	0.00775	0.12005
1	0.12790	0.01666	0.01995	0.01713	0.02236	0.01587	0.01288	0.03749	0.02544	0.25791	0.04113	0.11090	0.03590	0.17835	0.02474	0.00589	0.00978	0.01489	0.01087	0.01395
2	0.01807	0.01190	0.01467	0.01474	0.01736	0.01076	0.01052	0.02126	0.02656	0.07447	0.19588	0.24056	0.18172	0.08515	0.01847	0.00481	0.00691	0.02439	0.01127	0.01056
3	0.03726	0.33238	0.04871	0.02312	0.03277	0.04134	0.02094	0.24403	0.03823	0.04895	0.02169	0.02301	0.01721	0.01184	0.00942	0.00296	0.01261	0.00822	0.00811	0.01721
4	0.02956	0.18078	0.14302	0.22255	0.05253	0.02998	0.02877	0.03691	0.02525	0.11126	0.02362	0.02781	0.01735	0.01152	0.01042	0.00343	0.01413	0.00911	0.00656	0.01545
5	0.14924	0.01939	0.02417	0.01917	0.02722	0.01791	0.01571	0.04935	0.03106	0.39883	0.09054	0.04124	0.03474	0.01481	0.01118	0.00361	0.00928	0.01181	0.01306	0.01769
6	0.02020	0.01010	0.01515	0.01515	0.01515	0.01010	0.01010	0.01515	0.01515	0.02020	0.02020	0.03535	0.02020	0.04040	0.04545	0.66162	0.01010	0.01010	0.00505	0.00505
7	0.12192	0.04900	0.35392	0.02924	0.04335	0.02875	0.03425	0.12804	0.03009	0.04660	0.02165	0.02443	0.01547	0.01161	0.01061	0.00363	0.01509	0.00865	0.00663	0.01706
8	0.16681	0.02181	0.02609	0.02041	0.02911	0.02101	0.01685	0.10256	0.03331	0.38483	0.03824	0.03436	0.02471	0.01367	0.01085	0.00359	0.01007	0.01055	0.01273	0.01845
9	0.01461	0.01087	0.01315	0.01446	0.01612	0.00991	0.00986	0.01699	0.02382	0.03100	0.11994	0.34986	0.19096	0.09896	0.01969	0.00518	0.00693	0.02771	0.01056	0.00941
10	0.44989	0.02494	0.02211	0.01888	0.02642	0.02856	0.01540	0.13033	0.09631	0.05603	0.02314	0.02431	0.01740	0.01217	0.00879	0.00363	0.00981	0.00815	0.00879	0.01492

[dist]
# distance from previous block
# <min> <max>
0	1

[block]
# block no. 2 follows, 10 sequences, length 44
# corresponding to MSA columns:
# 1066-1109
name=unknown_C
#
# <colnr> <probs for GDERKNQSTAVLIFYWHMCP>
#	G	D	E	R	K	N	Q	S	T	A	V	L	I	F	Y	W	H	M	C	P
0	0.67341	0.02249	0.01709	0.01529	0.02249	0.02609	0.01260	0.03419	0.01979	0.05218	0.01619	0.01889	0.01260	0.01080	0.00720	0.00360	0.00900	0.00630	0.00720	0.01260
1	0.44803	0.02151	0.02068	0.01725	0.02510	0.02283	0.01423	0.04235	0.02469	0.22437	0.02697	0.02640	0.01847	0.01210	0.00883	0.00360	0.00932	0.00826	0.00981	0.01521
2	0.02412	0.02067	0.02412	0.01723	0.02756	0.01550	0.01378	0.02929	0.02412	0.03790	0.02067	0.02412	0.01723	0.00861	0.00861	0.00172	0.00861	0.00689	0.00689	0.66236
3	0.04628	0.02453	0.02955	0.02252	0.03178	0.02381	0.01856	0.20730	0.04007	0.30973	0.03666	0.03369	0.02428	0.01362	0.01134	0.00336	0.01081	0.01074	0.01259	0.08881
4	0.03109	0.59826	0.06095	0.01990	0.02985	0.04602	0.01990	0.03483	0.02363	0.02736	0.01617	0.01866	0.01493	0.00995	0.00746	0.00249	0.01244	0.00622	0.00498	0.01493
5	0.01417	0.01012	0.01350	0.01619	0.01687	0.00945	0.01080	0.01619	0.02227	0.02969	0.06410	0.58367	0.07692	0.03644	0.01484	0.00472	0.00675	0.03306	0.01080	0.00945
6	0.02055	0.01611	0.01900	0.01771	0.02134	0.01713	0.01328	0.03419	0.18019	0.04293	0.26758	0.06794	0.07121	0.08788	0.06597	0.00593	0.00963	0.01727	0.01128	0.01290
7	0.01691	0.01128	0.01268	0.01268	0.01268	0.01128	0.00705	0.01691	0.01691	0.02255	0.03665	0.07611	0.04228	0.59126	0.05920	0.01128	0.01128	0.01691	0.00705	0.00705
8	0.02412	0.02067	0.02412	0.01723	0.02756	0.01550	0.01378	0.02929	0.02412	0.03790	0.02067	0.02412	0.01723	0.00861	0.00861	0.00172	0.00861	0.00689	0.00689	0.66236
9	0.02642	0.14664	0.26978	0.11076	0.04662	0.02812	0.03228	0.03560	0.02513	0.07355	0.02636	0.03713	0.02164	0.01347	0.01106	0.00366	0.01475	0.05506	0.00636	0.01562
10	0.03218	0.15998	0.26013	0.02901	0.04208	0.03066	0.06697	0.09087	0.02945	0.11524	0.02482	0.02661	0.01778	0.01158	0.01069	0.00342	0.01476	0.00922	0.00726	0.01730
11	0.01691	0.01128	0.01268	0.01268	0.01268	0.01128	0.00705	0.01691	0.01691	0.02255	0.03665	0.07611	0.04228	0.59126	0.05920	0.01128	0.01128	0.01691	0.00705	0.00705
12	0.01739	0.02056	0.10052	0.02246	0.02721	0.01466	0.06977	0.02249	0.02443	0.03359	0.10338	0.37665	0.06410	0.02798	0.01400	0.00435	0.00972	0.02566	0.00954	0.01155
13	0.67341	0.02249	0.01709	0.01529	0.02249	0.02609	0.01260	0.03419	0.01979	0.05218	0.01619	0.01889	0.01260	0.01080	0.00720	0.00360	0.00900	0.00630	0.00720	0.01260
14	0.02744	0.03191	0.12734	0.02317	0.03067	0.10137	0.02136	0.03980	0.12765	0.07975	0.20166	0.05111	0.05376	0.01694	0.01212	0.00362	0.01141	0.01401	0.01005	0.01487
15	0.01983	0.01023	0.01487	0.01487	0.01487	0.01023	0.00976	0.01535	0.01535	0.02047	0.02206	0.03996	0.02270	0.10268	0.04701	0.58810	0.01023	0.01087	0.00528	0.00528
16	0.02225	0.13544	0.14962	0.02146	0.02903	0.02305	0.02111	0.06663	0.02648	0.03511	0.04739	0.23805	0.09440	0.02247	0.01212	0.00385	0.01080	0.01907	0.00835	0.01333
17	0.01948	0.01371	0.01624	0.01525	0.01858	0.01374	0.01154	0.02921	0.10336	0.04627	0.34183	0.07109	0.08162	0.02041	0.01227	0.00351	0.00605	0.01769	0.14605	0.01210
18	0.02953	0.11920	0.07737	0.02397	0.03132	0.08894	0.02092	0.08997	0.18034	0.04009	0.03125	0.03406	0.02502	0.02863	0.12154	0.00659	0.01673	0.01057	0.00828	0.01567
19	0.04514	0.03110	0.03399	0.02606	0.03533	0.03387	0.02153	0.43089	0.05220	0.12584	0.03000	0.02927	0.02082	0.01401	0.01164	0.00350	0.01246	0.01061	0.01195	0.01978
20	0.02247	0.01867	0.02300	0.10361	0.03244	0.02071	0.01736	0.03964	0.22364	0.04484	0.24374	0.06021	0.06440	0.01858	0.01261	0.00381	0.00858	0.01611	0.01122	0.01435
21	0.01646	0.01243	0.01548	0.01736	0.01895	0.01247	0.01198	0.02328	0.09613	0.03264	0.06150	0.49973	0.07049	0.03323	0.01438	0.00460	0.00713	0.02997	0.01096	0.01084
22	0.03162	0.02078	0.02505	0.06501	0.03162	0.02223	0.01775	0.05008	0.25346	0.16415	0.13652	0.05002	0.04686	0.01668	0.01215	0.00380	0.00915	0.01412	0.01211	0.01684
23	0.03371	0.09091	0.03542	0.20882	0.04832	0.02958	0.02394	0.19130	0.03546	0.10102	0.02880	0.07063	0.02302	0.01442	0.01140	0.00361	0.01291	0.01175	0.00889	0.01609
24	0.01646	0.01189	0.01555	0.01463	0.01738	0.01097	0.01097	0.02195	0.03292	0.04664	0.51257	0.08688	0.10974	0.02378	0.01372	0.00366	0.00549	0.02103	0.01280	0.01097
25	0.02841	0.33612	0.18540	0.02655	0.03825	0.03743	0.06721	0.03864	0.07782	0.03323	0.02163	0.02420	0.01744	0.01089	0.00950	0.00311	0.01401	0.00833	0.00581	0.01600
26	0.02629	0.01776	0.02109	0.02030	0.02477	0.01865	0.01548	0.04112	0.21125	0.11483	0.05446	0.24620	0.05227	0.02451	0.01328	0.00430	0.00856	0.05846	0.01176	0.01469
27	0.02318	0.01968	0.02311	0.01713	0.02655	0.01493	0.01350	0.02805	0.02394	0.03712	0.02477	0.07694	0.02286	0.01124	0.00920	0.00201	0.00844	0.00936	0.00726	0.60072
28	0.01941	0.02261	0.09082	0.02849	0.03457	0.01777	0.16115	0.02522	0.02416	0.03290	0.04632	0.34499	0.05105	0.02511	0.01405	0.00435	0.01201	0.02414	0.00857	0.01231
29	0.67341	0.02249	0.01709	0.01529	0.02249	0.02609	0.01260	0.03419	0.01979	0.05218	0.01619	0.01889	0.01260	0.01080	0.00720	0.00360	0.00900	0.00630	0.00720	0.01260
30	0.02590	0.08392	0.16834	0.02289	0.03274	0.02082	0.02339	0.03289	0.02547	0.09189	0.03425	0.10226	0.03178	0.01674	0.01137	0.00345	0.01166	0.07803	0.00804	0.17417
31	0.08495	0.28633	0.28438	0.02590	0.03910	0.03504	0.03040	0.03574	0.02373	0.03417	0.01845	0.02153	0.01462	0.01056	0.00917	0.00317	0.01443	0.00737	0.00514	0.01581
32	0.02199	0.01244	0.01565	0.01527	0.01729	0.01169	0.01027	0.02396	0.02306	0.11205	0.10127	0.21776	0.05783	0.26848	0.03315	0.00721	0.00907	0.02118	0.01003	0.01033
33	0.01604	0.01187	0.01496	0.01419	0.01712	0.01079	0.01064	0.02113	0.03193	0.04427	0.45124	0.09077	0.17254	0.02466	0.01372	0.00370	0.00555	0.02158	0.01249	0.01079
34	0.02680	0.02427	0.03627	0.10977	0.04360	0.02238	0.11361	0.08322	0.02822	0.04060	0.02210	0.02713	0.01734	0.00995	0.01049	0.00272	0.01245	0.00926	0.00696	0.35286
35	0.03593	0.38593	0.05000	0.02384	0.03224	0.24103	0.02091	0.03937	0.02728	0.02779	0.01688	0.01956	0.01495	0.01075	0.00865	0.00269	0.01578	0.00672	0.00537	0.01436
36	0.01946	0.01579	0.02059	0.02312	0.07472	0.01508	0.01618	0.02670	0.06956	0.03740	0.13445	0.12710	0.15586	0.02468	0.01358	0.00408	0.00859	0.13232	0.01029	0.07044
37	0.03564	0.11952	0.14786	0.11245	0.08632	0.02612	0.02736	0.04276	0.02766	0.21824	0.02959	0.03067	0.02049	0.01216	0.01087	0.00348	0.01315	0.00982	0.00860	0.01726
38	0.03349	0.02021	0.02428	0.01984	0.02610	0.02026	0.01589	0.17340	0.03982	0.16711	0.25190	0.05738	0.06268	0.01851	0.01259	0.00359	0.00881	0.01555	0.01281	0.01579
39	0.01598	0.01159	0.01446	0.01418	0.01640	0.01073	0.01010	0.01995	0.02857	0.03936	0.34583	0.14140	0.14143	0.11394	0.02091	0.00499	0.00657	0.02208	0.01147	0.01007
40	0.02902	0.04130	0.16673	0.12985	0.10543	0.13635	0.15262	0.03765	0.02709	0.03412	0.02105	0.02717	0.01609	0.01093	0.01180	0.00361	0.01799	0.01022	0.00553	0.01542
41	0.02196	0.02067	0.03488	0.56331	0.08010	0.02584	0.03230	0.02972	0.02326	0.02972	0.02067	0.03101	0.01550	0.01163	0.01163	0.00388	0.01550	0.01034	0.00517	0.01292
42	0.04628	0.01829	0.02489	0.01999	0.02770	0.01591	0.01612	0.05039	0.03158	0.44954	0.04871	0.12412	0.03627	0.01782	0.01219	0.00377	0.00941	0.01502	0.01384	0.01819
43	0.02451	0.02741	0.08651	0.20016	0.22612	0.02542	0.09978	0.03227	0.02553	0.03468	0.03200	0.03837	0.07036	0.01276	0.01208	0.00372	0.01464	0.01223	0.00607	0.01538

[dist]
# distance from previous block
# <min> <max>
5	9

[block]
# block no. 3 follows, 10 sequences, length 14
# corresponding to MSA columns:
# 1120-1133
name=unknown_D
#
# <colnr> <probs for GDERKNQSTAVLIFYWHMCP>
#	G	D	E	R	K	N	Q	S	T	A	V	L	I	F	Y	W	H	M	C	P
0	0.02313	0.02939	0.13184	0.06942	0.04313	0.02135	0.14824	0.03108	0.02559	0.03681	0.06552	0.08668	0.03007	0.01359	0.01174	0.00331	0.01336	0.01307	0.00697	0.19571
1	0.02612	0.01683	0.01965	0.01750	0.02245	0.01676	0.01339	0.03781	0.15510	0.13348	0.18326	0.07005	0.14530	0.06972	0.01674	0.00443	0.00790	0.01746	0.01197	0.01409
2	0.02880	0.02313	0.03660	0.21825	0.05204	0.02487	0.10448	0.11784	0.03270	0.08614	0.11723	0.04174	0.03558	0.01427	0.01240	0.00375	0.01335	0.01310	0.00877	0.01496
3	0.01661	0.01246	0.01869	0.01869	0.02077	0.01454	0.01454	0.02077	0.01869	0.02700	0.03115	0.04569	0.02908	0.08723	0.54517	0.01869	0.03115	0.01246	0.00623	0.01038
4	0.02585	0.02579	0.04488	0.07424	0.04660	0.02364	0.22081	0.03568	0.06677	0.03791	0.02426	0.02955	0.01887	0.01000	0.01139	0.00306	0.01407	0.01073	0.00674	0.26913
5	0.02013	0.01274	0.01704	0.01670	0.01980	0.01185	0.01303	0.02509	0.03055	0.08952	0.32913	0.14839	0.08987	0.02591	0.01410	0.00410	0.00706	0.10106	0.01233	0.01161
6	0.03589	0.02163	0.03393	0.24297	0.14239	0.02252	0.02659	0.04212	0.02806	0.23908	0.03144	0.03417	0.02161	0.01254	0.01163	0.00368	0.01284	0.01091	0.00914	0.01684
7	0.01686	0.01150	0.01383	0.01383	0.01422	0.01190	0.00847	0.01765	0.01725	0.02340	0.03560	0.07033	0.03977	0.49546	0.15156	0.01269	0.01505	0.01607	0.00689	0.00768
8	0.01617	0.01197	0.01535	0.01624	0.01882	0.01115	0.01268	0.02051	0.02810	0.03745	0.23297	0.19274	0.16872	0.02942	0.01457	0.00437	0.00723	0.13963	0.01149	0.01041
9	0.02464	0.02665	0.08048	0.31455	0.11090	0.02706	0.07449	0.03778	0.11428	0.03551	0.02616	0.03262	0.01975	0.01206	0.01181	0.00383	0.01468	0.01106	0.00654	0.01516
10	0.04110	0.15860	0.03828	0.02805	0.03479	0.44981	0.02198	0.04423	0.03119	0.02826	0.01763	0.02053	0.01497	0.01160	0.00991	0.00290	0.01935	0.00725	0.00580	0.01376
11	0.30442	0.08165	0.02732	0.06563	0.03138	0.02652	0.01675	0.08656	0.02645	0.08579	0.02120	0.02364	0.01611	0.01103	0.00876	0.00314	0.01036	0.00768	0.00783	0.13778
12	0.07791	0.07386	0.03670	0.23088	0.05166	0.02872	0.07013	0.11805	0.06468	0.04171	0.02740	0.07783	0.02313	0.01416	0.01143	0.00374	0.01340	0.01224	0.00760	0.01476
13	0.60019	0.02632	0.01894	0.01700	0.02406	0.08636	0.01374	0.03561	0.02132	0.04942	0.01640	0.01914	0.01287	0.01093	0.00758	0.00353	0.01039	0.00644	0.00706	0.01270

[dist]
# distance from previous block
# <min> <max>
0	2

[block]
# block no. 4 follows, 10 sequences, length 12
# corresponding to MSA columns:
# 1136-1147
name=unknown_E
#
# <colnr> <probs for GDERKNQSTAVLIFYWHMCP>
#	G	D	E	R	K	N	Q	S	T	A	V	L	I	F	Y	W	H	M	C	P
0	0.02551	0.03877	0.22461	0.13714	0.22831	0.02728	0.08171	0.03527	0.02533	0.03612	0.02147	0.02786	0.01651	0.01077	0.01158	0.00366	0.01591	0.01005	0.00536	0.01678
1	0.01869	0.01455	0.01731	0.01615	0.01981	0.01451	0.01225	0.02948	0.12714	0.04529	0.37180	0.08089	0.14140	0.02280	0.01334	0.00375	0.00629	0.01983	0.01237	0.01236
2	0.01553	0.01185	0.01425	0.01365	0.01680	0.01058	0.01024	0.02014	0.03072	0.04141	0.37693	0.09549	0.24865	0.02573	0.01373	0.00375	0.00563	0.02224	0.01211	0.01058
3	0.01922	0.01465	0.01841	0.01807	0.02129	0.01479	0.01371	0.02595	0.07661	0.03196	0.04305	0.13478	0.04463	0.15391	0.13875	0.00875	0.01433	0.10081	0.00861	0.09774
4	0.03109	0.59826	0.06095	0.01990	0.02985	0.04602	0.01990	0.03483	0.02363	0.02736	0.01617	0.01866	0.01493	0.00995	0.00746	0.00249	0.01244	0.00622	0.00498	0.01493
5	0.02196	0.02067	0.03488	0.56331	0.08010	0.02584	0.03230	0.02972	0.02326	0.02972	0.02067	0.03101	0.01550	0.01163	0.01163	0.00388	0.01550	0.01034	0.00517	0.01292
6	0.03624	0.02157	0.03176	0.29259	0.05556	0.02345	0.02522	0.08737	0.03051	0.23095	0.03141	0.03408	0.02121	0.01297	0.01166	0.00373	0.01300	0.01089	0.00949	0.01636
7	0.01723	0.01154	0.01508	0.01508	0.01580	0.01226	0.01004	0.01802	0.01730	0.02379	0.03263	0.06034	0.03487	0.34594	0.22590	0.09719	0.01802	0.01450	0.00651	0.00795
8	0.03950	0.04912	0.03086	0.02831	0.03372	0.46668	0.02131	0.04267	0.03086	0.02825	0.01991	0.02461	0.01705	0.02304	0.08906	0.00530	0.02247	0.00822	0.00603	0.01303
9	0.02545	0.10524	0.02812	0.02036	0.02627	0.02598	0.01637	0.04571	0.28656	0.04491	0.18437	0.05299	0.05508	0.01736	0.01177	0.00364	0.00855	0.01453	0.01112	0.01563
10	0.12152	0.02197	0.08597	0.07596	0.03138	0.01788	0.01878	0.03292	0.02775	0.14091	0.17748	0.11090	0.05302	0.01851	0.01191	0.00379	0.00960	0.01563	0.01026	0.01384
11	0.03711	0.02756	0.03349	0.08222	0.09999	0.03023	0.02337	0.23068	0.15717	0.10589	0.03322	0.03344	0.02409	0.01378	0.01168	0.00365	0.01198	0.01125	0.01060	0.01861

[dist]
# distance from previous block
# <min> <max>
4	15

[block]
# block no. 5 follows, 10 sequences, length 18
# corresponding to MSA columns:
# 1163-1180
name=unknown_F
#
# <colnr> <probs for GDERKNQSTAVLIFYWHMCP>
#	G	D	E	R	K	N	Q	S	T	A	V	L	I	F	Y	W	H	M	C	P
0	0.09126	0.10075	0.08164	0.13123	0.04470	0.08158	0.06242	0.08571	0.08587	0.08673	0.02606	0.02884	0.01934	0.01218	0.01076	0.00352	0.01402	0.00979	0.00779	0.01582
1	0.02770	0.20480	0.13539	0.23410	0.05393	0.03343	0.02929	0.08741	0.02744	0.03564	0.02023	0.02568	0.01570	0.01129	0.01026	0.00337	0.01456	0.00878	0.00585	0.01516
2	0.01434	0.01181	0.01261	0.01241	0.01608	0.01007	0.00931	0.01785	0.02792	0.03476	0.20459	0.10642	0.42514	0.02821	0.01374	0.00387	0.00580	0.02377	0.01124	0.01007
3	0.03178	0.11245	0.29184	0.03032	0.04389	0.02856	0.07731	0.07982	0.02901	0.12791	0.02574	0.02756	0.01805	0.01166	0.01106	0.00353	0.01514	0.00956	0.00734	0.01747
4	0.02020	0.01010	0.01515	0.01515	0.01515	0.01010	0.01010	0.01515	0.01515	0.02020	0.02020	0.03535	0.02020	0.04040	0.04545	0.66162	0.01010	0.01010	0.00505	0.00505
5	0.03845	0.27501	0.04428	0.02589	0.03349	0.34290	0.02143	0.04174	0.02919	0.02802	0.01725	0.02004	0.01496	0.01116	0.00926	0.00279	0.01752	0.00698	0.00558	0.01407
6	0.01849	0.01880	0.06687	0.01680	0.02305	0.01340	0.01443	0.02376	0.02713	0.03829	0.19742	0.12795	0.14742	0.02089	0.01217	0.00330	0.00773	0.01797	0.00975	0.19439
7	0.03682	0.27308	0.04791	0.02781	0.03599	0.29031	0.06737	0.04080	0.02862	0.02891	0.01781	0.02109	0.01523	0.01094	0.00959	0.00288	0.01737	0.00761	0.00557	0.01429
8	0.03109	0.59826	0.06095	0.01990	0.02985	0.04602	0.01990	0.03483	0.02363	0.02736	0.01617	0.01866	0.01493	0.00995	0.00746	0.00249	0.01244	0.00622	0.00498	0.01493
9	0.02412	0.02067	0.02412	0.01723	0.02756	0.01550	0.01378	0.02929	0.02412	0.03790	0.02067	0.02412	0.01723	0.00861	0.00861	0.00172	0.00861	0.00689	0.00689	0.66236
10	0.04345	0.05543	0.03296	0.02996	0.03596	0.54457	0.02247	0.04644	0.03296	0.02846	0.01798	0.02097	0.01498	0.01199	0.01049	0.00300	0.02097	0.00749	0.00599	0.01348
11	0.01796	0.01484	0.02070	0.01837	0.02239	0.01411	0.05565	0.02570	0.07564	0.04123	0.29720	0.13046	0.17215	0.02403	0.01365	0.00387	0.00740	0.02144	0.01145	0.01177
12	0.01518	0.01085	0.01466	0.01735	0.01847	0.01032	0.01256	0.01795	0.02327	0.03083	0.06354	0.48324	0.07471	0.03548	0.01512	0.00486	0.00763	0.12348	0.01078	0.00973
13	0.02654	0.03028	0.08688	0.16003	0.19824	0.06968	0.07243	0.03648	0.07372	0.03567	0.03248	0.03735	0.06306	0.01304	0.01185	0.00367	0.01450	0.01181	0.00664	0.01564
14	0.10013	0.01343	0.01609	0.01667	0.01977	0.01326	0.01277	0.02569	0.02519	0.08545	0.09806	0.26413	0.06018	0.02633	0.01290	0.00424	0.00776	0.09775	0.08879	0.01140
15	0.09481	0.08458	0.03450	0.08992	0.03775	0.07912	0.06304	0.12848	0.03362	0.08671	0.11656	0.03826	0.03518	0.01426	0.01127	0.00348	0.01257	0.01173	0.00908	0.01507
16	0.01677	0.01261	0.01595	0.01783	0.02001	0.01239	0.01352	0.02267	0.06746	0.03309	0.06839	0.34774	0.12351	0.03247	0.01478	0.00474	0.00800	0.14651	0.01087	0.01067
17	0.16583	0.02095	0.02297	0.01723	0.02674	0.01795	0.01393	0.03364	0.02430	0.09998	0.02276	0.02487	0.01764	0.00978	0.00868	0.00235	0.00885	0.00734	0.00786	0.44634

[dist]
# distance from previous block
# <min> <max>
1	3

[block]
# block no. 6 follows, 10 sequences, length 16
# corresponding to MSA columns:
# 1184-1199
name=unknown_G
#
# <colnr> <probs for GDERKNQSTAVLIFYWHMCP>
#	G	D	E	R	K	N	Q	S	T	A	V	L	I	F	Y	W	H	M	C	P
0	0.02583	0.01855	0.02892	0.13251	0.15549	0.01898	0.02365	0.03125	0.02615	0.10577	0.04246	0.16073	0.04184	0.02122	0.01325	0.00424	0.01148	0.11456	0.00903	0.01410
1	0.03439	0.09559	0.03945	0.02728	0.03606	0.03210	0.09197	0.24879	0.09826	0.05400	0.03920	0.03953	0.08101	0.01494	0.01176	0.00355	0.01255	0.01253	0.00986	0.01717
2	0.01547	0.01185	0.01418	0.01360	0.01677	0.01055	0.01020	0.02004	0.03059	0.04110	0.36896	0.09599	0.25681	0.02584	0.01373	0.00376	0.00563	0.02231	0.01207	0.01055
3	0.02402	0.01880	0.02377	0.16386	0.03655	0.02120	0.01755	0.09922	0.08129	0.03561	0.03224	0.05250	0.03073	0.27626	0.03330	0.00719	0.01241	0.01368	0.00784	0.01198
4	0.02342	0.01892	0.02098	0.01955	0.02344	0.02137	0.01434	0.04194	0.27917	0.03743	0.04167	0.05382	0.03665	0.20379	0.10461	0.00837	0.01306	0.01421	0.00954	0.01373
5	0.02381	0.02256	0.03822	0.43015	0.19883	0.02633	0.03322	0.03133	0.02413	0.03196	0.02100	0.03041	0.01629	0.01129	0.01160	0.00376	0.01505	0.01034	0.00533	0.01441
6	0.01646	0.01189	0.01555	0.01463	0.01738	0.01097	0.01097	0.02195	0.03292	0.04664	0.51257	0.08688	0.10974	0.02378	0.01372	0.00366	0.00549	0.02103	0.01280	0.01097
7	0.03161	0.03060	0.02753	0.02483	0.03130	0.12400	0.01916	0.05897	0.41201	0.04493	0.04192	0.03926	0.03172	0.01508	0.01159	0.00377	0.01137	0.01211	0.01076	0.01750
8	0.03115	0.02241	0.03897	0.32161	0.06290	0.02413	0.11008	0.03840	0.02674	0.16565	0.02802	0.03340	0.01950	0.01204	0.01203	0.00381	0.01474	0.01133	0.00780	0.01529
9	0.02196	0.02067	0.03488	0.56331	0.08010	0.02584	0.03230	0.02972	0.02326	0.02972	0.02067	0.03101	0.01550	0.01163	0.01163	0.00388	0.01550	0.01034	0.00517	0.01292
10	0.04421	0.03258	0.03490	0.02676	0.03607	0.03607	0.02211	0.47993	0.05468	0.07330	0.02792	0.02792	0.01978	0.01396	0.01163	0.00349	0.01280	0.01047	0.01163	0.01978
11	0.02583	0.05042	0.39591	0.03078	0.04505	0.02668	0.03696	0.10022	0.02924	0.04193	0.02686	0.03804	0.02183	0.01404	0.01175	0.00386	0.01576	0.06146	0.00660	0.01678
12	0.03007	0.13082	0.28033	0.02889	0.04141	0.09413	0.03159	0.09304	0.08773	0.04019	0.02395	0.02599	0.01796	0.01193	0.01062	0.00343	0.01544	0.00890	0.00670	0.01686
13	0.02376	0.02520	0.09520	0.10623	0.04138	0.02220	0.11058	0.08033	0.02585	0.03534	0.02823	0.07462	0.02554	0.07442	0.11713	0.06333	0.01769	0.01325	0.00676	0.01297
14	0.02839	0.17654	0.03693	0.02095	0.02997	0.02440	0.05496	0.03310	0.02513	0.09162	0.02796	0.09323	0.02527	0.01315	0.00986	0.00270	0.01051	0.01105	0.00765	0.27664
15	0.24370	0.18203	0.08475	0.02211	0.03179	0.02976	0.05442	0.04004	0.02500	0.15226	0.02405	0.02511	0.01756	0.01134	0.00918	0.00333	0.01175	0.00832	0.00793	0.01557

[dist]
# distance from previous block
# <min> <max>
0	2

[block]
# block no. 7 follows, 10 sequences, length 16
# corresponding to MSA columns:
# 1202-1217
name=unknown_H
#
# <colnr> <probs for GDERKNQSTAVLIFYWHMCP>
#	G	D	E	R	K	N	Q	S	T	A	V	L	I	F	Y	W	H	M	C	P
0	0.03429	0.03043	0.12195	0.02985	0.09814	0.02330	0.02423	0.09592	0.07333	0.16176	0.03029	0.03078	0.02170	0.01199	0.01085	0.00318	0.01174	0.00983	0.00923	0.16721
1	0.02854	0.43638	0.05364	0.17220	0.04394	0.04036	0.02338	0.03339	0.02353	0.02802	0.01743	0.02212	0.01509	0.01042	0.00863	0.00288	0.01330	0.00737	0.00503	0.01436
2	0.02300	0.02131	0.03361	0.48307	0.07269	0.02630	0.03023	0.03449	0.09380	0.03253	0.02464	0.03285	0.01848	0.01225	0.01166	0.00389	0.01457	0.01075	0.00616	0.01374
3	0.01507	0.01129	0.01362	0.01509	0.01702	0.01039	0.01085	0.01762	0.02360	0.03007	0.07743	0.29755	0.21176	0.10655	0.02051	0.00542	0.00766	0.08876	0.01029	0.00944
4	0.02738	0.09406	0.32053	0.02911	0.04234	0.02996	0.03303	0.08598	0.14237	0.04247	0.02760	0.02897	0.02029	0.01239	0.01100	0.00363	0.01442	0.00968	0.00725	0.01755
5	0.03079	0.02591	0.02735	0.02404	0.03095	0.02980	0.01886	0.11266	0.44381	0.05165	0.04498	0.04151	0.03359	0.01556	0.01181	0.00389	0.00964	0.01282	0.01181	0.01858
6	0.04421	0.03258	0.03490	0.02676	0.03607	0.03607	0.02211	0.47993	0.05468	0.07330	0.02792	0.02792	0.01978	0.01396	0.01163	0.00349	0.01280	0.01047	0.01163	0.01978
7	0.02333	0.06016	0.53100	0.03315	0.05034	0.02701	0.04297	0.03683	0.02455	0.03683	0.02087	0.02455	0.01473	0.01105	0.01105	0.00368	0.01719	0.00859	0.00491	0.01719
8	0.01591	0.01172	0.01677	0.01740	0.01918	0.01259	0.01297	0.01966	0.02178	0.03064	0.11104	0.20251	0.05432	0.06368	0.31855	0.01257	0.02055	0.01949	0.00847	0.01021
9	0.03189	0.01502	0.01930	0.01645	0.02077	0.01371	0.01203	0.03478	0.02672	0.24209	0.12416	0.06240	0.04837	0.24529	0.03093	0.00666	0.00967	0.01541	0.01120	0.01318
10	0.02568	0.04372	0.26690	0.04221	0.05630	0.02838	0.29058	0.03707	0.02621	0.03707	0.02239	0.02845	0.01640	0.01034	0.01258	0.00382	0.01857	0.01153	0.00547	0.01633
11	0.02490	0.02323	0.03893	0.02958	0.03742	0.02237	0.19728	0.10689	0.03267	0.04309	0.11651	0.06187	0.17678	0.01818	0.01336	0.00381	0.01250	0.01731	0.00926	0.01405
12	0.01550	0.01139	0.01452	0.01472	0.01703	0.01041	0.01066	0.01972	0.02920	0.04011	0.34089	0.22692	0.14986	0.02796	0.01403	0.00398	0.00588	0.02478	0.01201	0.01041
13	0.01615	0.01181	0.01472	0.01458	0.01636	0.01192	0.01019	0.01876	0.02166	0.02915	0.12136	0.07558	0.13891	0.24987	0.18759	0.01093	0.01527	0.01767	0.00838	0.00915
14	0.03383	0.26606	0.18339	0.02567	0.03697	0.10253	0.02665	0.08101	0.02899	0.08324	0.02173	0.02353	0.01669	0.01134	0.00967	0.00309	0.01468	0.00799	0.00664	0.01630
15	0.20735	0.10259	0.03186	0.10198	0.03702	0.07400	0.02000	0.12017	0.07280	0.09180	0.02475	0.02665	0.01844	0.01227	0.00982	0.00345	0.01223	0.00888	0.00840	0.01553

[dist]
# distance from previous block
# <min> <max>
3	36

[block]
# block no. 8 follows, 10 sequences, length 22
# corresponding to MSA columns:
# 1255-1276
name=unknown_I
#
# <colnr> <probs for GDERKNQSTAVLIFYWHMCP>
#	G	D	E	R	K	N	Q	S	T	A	V	L	I	F	Y	W	H	M	C	P
0	0.08818	0.02977	0.12771	0.02772	0.08251	0.02241	0.02338	0.04486	0.09848	0.18487	0.03194	0.03172	0.02264	0.01225	0.01067	0.00334	0.01134	0.00990	0.00937	0.12695
1	0.03540	0.11855	0.13435	0.02807	0.03939	0.02756	0.10028	0.09516	0.03083	0.16843	0.02800	0.02912	0.01982	0.01164	0.01094	0.00329	0.01351	0.00996	0.00861	0.08708
2	0.02706	0.02256	0.02566	0.01905	0.02887	0.01938	0.01527	0.08768	0.07589	0.04332	0.02426	0.02654	0.01939	0.00999	0.00931	0.00216	0.00918	0.00796	0.00797	0.51848
3	0.02830	0.02909	0.04017	0.25980	0.27204	0.10518	0.03235	0.03495	0.02619	0.03328	0.02081	0.02848	0.01675	0.01111	0.01140	0.00355	0.01557	0.00992	0.00556	0.01550
4	0.01595	0.01166	0.01498	0.01458	0.01717	0.01069	0.01077	0.02080	0.03108	0.04328	0.42447	0.14973	0.13980	0.02580	0.01386	0.00381	0.00568	0.02280	0.01239	0.01069
5	0.02879	0.02763	0.04721	0.07139	0.51871	0.02763	0.03569	0.03569	0.02648	0.03800	0.02188	0.02879	0.01842	0.01036	0.01151	0.00345	0.01382	0.01036	0.00576	0.01842
6	0.04504	0.02404	0.03073	0.10479	0.03938	0.02453	0.02101	0.18890	0.03866	0.30549	0.03628	0.03453	0.02388	0.01384	0.01167	0.00361	0.01168	0.01110	0.01211	0.01875
7	0.04017	0.03057	0.03263	0.02594	0.03453	0.03418	0.02113	0.36943	0.17176	0.06679	0.03305	0.03201	0.02393	0.01444	0.01169	0.00361	0.01185	0.01118	0.01169	0.01942
8	0.02437	0.02537	0.04970	0.33752	0.07162	0.02741	0.22731	0.03303	0.02510	0.03303	0.02193	0.03117	0.01644	0.01083	0.01255	0.00390	0.01731	0.01182	0.00548	0.01413
9	0.02340	0.01605	0.01652	0.01557	0.01981	0.01725	0.01192	0.03844	0.19527	0.04392	0.05035	0.05111	0.08652	0.01615	0.01010	0.00329	0.00684	0.01322	0.35084	0.01345
10	0.01654	0.01155	0.01464	0.01477	0.01568	0.01193	0.00976	0.01842	0.01965	0.02705	0.09135	0.11388	0.04951	0.34803	0.17609	0.01176	0.01538	0.01764	0.00781	0.00857
11	0.02893	0.02498	0.02630	0.02367	0.03024	0.02893	0.01841	0.06180	0.49770	0.04865	0.04734	0.04339	0.03550	0.01578	0.01183	0.00394	0.00920	0.01315	0.01183	0.01841
12	0.02879	0.02763	0.04721	0.07139	0.51871	0.02763	0.03569	0.03569	0.02648	0.03800	0.02188	0.02879	0.01842	0.01036	0.01151	0.00345	0.01382	0.01036	0.00576	0.01842
13	0.01791	0.01161	0.01742	0.01742	0.01874	0.01294	0.01294	0.01874	0.01742	0.02455	0.02720	0.04196	0.02588	0.07035	0.36501	0.25048	0.02356	0.01161	0.00581	0.00846
14	0.02601	0.02461	0.04015	0.05613	0.36022	0.02623	0.03019	0.03144	0.02438	0.03505	0.02715	0.11222	0.02674	0.01600	0.01652	0.00392	0.10676	0.01377	0.00641	0.01610
15	0.01951	0.01035	0.01464	0.01464	0.01464	0.01035	0.00946	0.01552	0.01552	0.02069	0.02364	0.04388	0.02482	0.15561	0.04833	0.52560	0.01035	0.01153	0.00547	0.00547
16	0.02196	0.02067	0.03488	0.56331	0.08010	0.02584	0.03230	0.02972	0.02326	0.02972	0.02067	0.03101	0.01550	0.01163	0.01163	0.00388	0.01550	0.01034	0.00517	0.01292
17	0.03572	0.15733	0.03778	0.02306	0.03240	0.03362	0.01961	0.24685	0.09189	0.05344	0.02609	0.02685	0.01997	0.01225	0.01014	0.00298	0.01152	0.00913	0.00925	0.14011
18	0.03096	0.02915	0.11409	0.03225	0.09617	0.02225	0.09204	0.07041	0.02991	0.13202	0.07949	0.03577	0.02935	0.01250	0.01147	0.00327	0.01248	0.01130	0.00867	0.14644
19	0.03150	0.04320	0.29964	0.03711	0.11701	0.02487	0.06865	0.04153	0.02720	0.15644	0.02732	0.02938	0.01894	0.01167	0.01148	0.00365	0.01509	0.01001	0.00742	0.01790
20	0.03901	0.16670	0.13525	0.02839	0.08641	0.02707	0.02480	0.04534	0.02855	0.25956	0.03134	0.03050	0.02163	0.01225	0.01054	0.00333	0.01234	0.00964	0.00937	0.01798
21	0.04781	0.01883	0.02559	0.01995	0.02818	0.01635	0.01635	0.05243	0.03324	0.46807	0.10294	0.04537	0.03869	0.01554	0.01194	0.00361	0.00936	0.01284	0.01420	0.01871

[dist]
# distance from previous block
# <min> <max>
1	5

[block]
# block no. 9 follows, 10 sequences, length 21
# corresponding to MSA columns:
# 1282-1302
name=unknown_J
#
# <colnr> <probs for GDERKNQSTAVLIFYWHMCP>
#	G	D	E	R	K	N	Q	S	T	A	V	L	I	F	Y	W	H	M	C	P
0	0.29433	0.15082	0.03853	0.02406	0.03303	0.03314	0.08813	0.13392	0.02957	0.04919	0.01993	0.02278	0.01548	0.01116	0.00925	0.00338	0.01223	0.00836	0.00750	0.01518
1	0.57095	0.02390	0.02527	0.02064	0.02857	0.02662	0.08617	0.03467	0.02101	0.04981	0.01736	0.02087	0.01340	0.01064	0.00823	0.00365	0.01068	0.00748	0.00699	0.01309
2	0.02281	0.01917	0.02266	0.01678	0.02583	0.01473	0.01330	0.02803	0.02562	0.03939	0.10453	0.03482	0.03300	0.01120	0.00948	0.00205	0.00808	0.00930	0.00790	0.55132
3	0.02866	0.02273	0.03979	0.03089	0.03855	0.02190	0.19607	0.03948	0.10303	0.12481	0.09350	0.12866	0.04236	0.01738	0.01325	0.00397	0.01260	0.01718	0.00989	0.01531
4	0.01430	0.01180	0.01255	0.01236	0.01605	0.01005	0.00927	0.01776	0.02782	0.03452	0.19829	0.10682	0.43158	0.02830	0.01374	0.00387	0.00581	0.02383	0.01121	0.01005
5	0.01646	0.01189	0.01555	0.01463	0.01738	0.01097	0.01097	0.02195	0.03292	0.04664	0.51257	0.08688	0.10974	0.02378	0.01372	0.00366	0.00549	0.02103	0.01280	0.01097
6	0.04734	0.01837	0.02443	0.01913	0.02713	0.01610	0.01567	0.05199	0.03188	0.45009	0.04462	0.04018	0.02895	0.01426	0.01113	0.00346	0.00919	0.01156	0.11614	0.01837
7	0.09902	0.02675	0.02764	0.02363	0.03100	0.03054	0.01880	0.17017	0.33092	0.05557	0.03898	0.03677	0.02897	0.01479	0.01131	0.00379	0.01014	0.01174	0.01131	0.01818
8	0.02745	0.03137	0.06863	0.04902	0.06078	0.02941	0.47647	0.03725	0.02745	0.03725	0.02353	0.03137	0.01765	0.00980	0.01373	0.00392	0.01961	0.01373	0.00588	0.01569
9	0.02228	0.02017	0.01967	0.01823	0.02250	0.07627	0.01384	0.03404	0.15007	0.04266	0.27522	0.07227	0.14417	0.02130	0.01287	0.00370	0.00826	0.01804	0.01146	0.01297
10	0.01646	0.01189	0.01555	0.01463	0.01738	0.01097	0.01097	0.02195	0.03292	0.04664	0.51257	0.08688	0.10974	0.02378	0.01372	0.00366	0.00549	0.02103	0.01280	0.01097
11	0.02928	0.02160	0.02554	0.02211	0.02739	0.02391	0.01752	0.23723	0.03628	0.04933	0.03485	0.12262	0.03227	0.04452	0.20869	0.00929	0.01860	0.01479	0.00951	0.01468
12	0.02992	0.51658	0.13229	0.02191	0.03296	0.04313	0.02340	0.03513	0.02377	0.02880	0.01688	0.01955	0.01490	0.01012	0.00801	0.00267	0.01316	0.00658	0.00497	0.01527
13	0.01666	0.01227	0.01774	0.01774	0.01948	0.01402	0.01335	0.02016	0.01841	0.02629	0.03203	0.05053	0.03118	0.16735	0.46792	0.01751	0.02799	0.01317	0.00636	0.00985
14	0.01417	0.01012	0.01350	0.01619	0.01687	0.00945	0.01080	0.01619	0.02227	0.02969	0.06410	0.58367	0.07692	0.03644	0.01484	0.00472	0.00675	0.03306	0.01080	0.00945
15	0.02704	0.02300	0.02467	0.02230	0.02829	0.02620	0.01728	0.05575	0.42715	0.04835	0.11795	0.04999	0.04677	0.01699	0.01212	0.00390	0.00864	0.01435	0.01198	0.01728
16	0.03751	0.02297	0.02738	0.02041	0.03009	0.02047	0.01665	0.13572	0.03369	0.20311	0.03037	0.02993	0.02151	0.01163	0.01026	0.00271	0.00993	0.00921	0.01034	0.31610
17	0.01678	0.01164	0.01447	0.01433	0.01522	0.01197	0.00933	0.01855	0.01974	0.02721	0.10765	0.07089	0.04954	0.39149	0.16186	0.01179	0.01488	0.01653	0.00774	0.00840
18	0.13067	0.42114	0.05016	0.02029	0.02972	0.04142	0.01914	0.10533	0.02797	0.03842	0.01804	0.02016	0.01534	0.01071	0.00808	0.00282	0.01197	0.00691	0.00637	0.01534
19	0.27373	0.16622	0.03352	0.08101	0.03356	0.03149	0.01828	0.10404	0.02712	0.04536	0.01902	0.02219	0.01512	0.01096	0.00862	0.00315	0.01116	0.00746	0.00709	0.08092
20	0.36606	0.03358	0.17376	0.02103	0.03178	0.02456	0.02199	0.03415	0.02197	0.04510	0.01837	0.02150	0.01403	0.01050	0.00860	0.00330	0.01141	0.00709	0.00645	0.12475

[dist]
# distance from previous block
# <min> <max>
0	7

[block]
# block no. 10 follows, 10 sequences, length 26
# corresponding to MSA columns:
# 1314-1339
name=unknown_K
#
# <colnr> <probs for GDERKNQSTAVLIFYWHMCP>
#	G	D	E	R	K	N	Q	S	T	A	V	L	I	F	Y	W	H	M	C	P
0	0.01734	0.01216	0.01591	0.01664	0.01792	0.01270	0.01220	0.01989	0.02008	0.02707	0.04206	0.08333	0.04562	0.30685	0.17361	0.01158	0.01628	0.13200	0.00784	0.00892
1	0.01630	0.01185	0.01573	0.01756	0.01967	0.01127	0.01374	0.02029	0.02621	0.03470	0.14367	0.28000	0.11883	0.03198	0.01503	0.00472	0.00800	0.18911	0.01110	0.01023
2	0.02483	0.03349	0.16818	0.16607	0.21443	0.02595	0.07448	0.03374	0.02537	0.03548	0.02504	0.03758	0.02108	0.01272	0.01202	0.00382	0.01530	0.04863	0.00586	0.01593
3	0.04661	0.02120	0.02711	0.02109	0.02943	0.01983	0.01730	0.12955	0.03713	0.38893	0.09653	0.04293	0.03650	0.01540	0.01192	0.00359	0.00991	0.01255	0.01371	0.01877
4	0.08432	0.02104	0.03320	0.17412	0.14069	0.02224	0.05947	0.03353	0.02598	0.09267	0.03427	0.05653	0.03089	0.01681	0.01253	0.00412	0.01300	0.12213	0.00803	0.01442
5	0.44041	0.03468	0.02296	0.02072	0.02747	0.21786	0.01625	0.03872	0.02466	0.04341	0.01685	0.01966	0.01348	0.01124	0.00841	0.00338	0.01343	0.00674	0.00675	0.01292
6	0.02683	0.02833	0.08564	0.28015	0.18606	0.02787	0.07395	0.08217	0.02807	0.03802	0.02207	0.02954	0.01687	0.01133	0.01174	0.00371	0.01529	0.01051	0.00608	0.01576
7	0.02412	0.02067	0.02412	0.01723	0.02756	0.01550	0.01378	0.02929	0.02412	0.03790	0.02067	0.02412	0.01723	0.00861	0.00861	0.00172	0.00861	0.00689	0.00689	0.66236
8	0.01649	0.01199	0.01609	0.01534	0.01797	0.01159	0.01159	0.02174	0.03045	0.04322	0.42888	0.07972	0.09572	0.03481	0.10611	0.00627	0.00995	0.01954	0.01166	0.01087
9	0.03060	0.02597	0.10861	0.02201	0.02996	0.02060	0.02017	0.04532	0.16972	0.17032	0.17019	0.05116	0.05063	0.01682	0.01218	0.00373	0.00971	0.01417	0.01160	0.01652
10	0.02114	0.01993	0.03493	0.02732	0.03373	0.01894	0.17686	0.03024	0.07022	0.04180	0.25528	0.06617	0.11512	0.01875	0.01356	0.00381	0.01087	0.01814	0.01004	0.01316
11	0.01906	0.11121	0.02581	0.01890	0.02230	0.01984	0.01544	0.02314	0.01952	0.02706	0.02863	0.04113	0.02669	0.07420	0.45453	0.01596	0.02800	0.01141	0.00602	0.01115
12	0.02683	0.02278	0.02449	0.02215	0.02807	0.02590	0.01716	0.05508	0.41935	0.04831	0.12576	0.05072	0.04802	0.01713	0.01215	0.00390	0.00858	0.01448	0.01200	0.01716
13	0.01661	0.01246	0.01869	0.01869	0.02077	0.01454	0.01454	0.02077	0.01869	0.02700	0.03115	0.04569	0.02908	0.08723	0.54517	0.01869	0.03115	0.01246	0.00623	0.01038
14	0.02731	0.02516	0.04096	0.27298	0.29251	0.02763	0.03307	0.07270	0.02764	0.03768	0.02191	0.02964	0.01732	0.01121	0.01157	0.00363	0.01443	0.01036	0.00603	0.01624
15	0.01654	0.01215	0.01601	0.01824	0.02053	0.01161	0.01471	0.02050	0.02539	0.03271	0.07181	0.26240	0.14527	0.03296	0.01531	0.00493	0.00872	0.24927	0.01075	0.01018
16	0.04886	0.01989	0.02786	0.08042	0.03524	0.01806	0.01877	0.05371	0.03218	0.47205	0.04311	0.03864	0.02733	0.01409	0.01169	0.00363	0.01051	0.01155	0.01338	0.01904
17	0.01693	0.01167	0.01455	0.01580	0.01669	0.01154	0.01105	0.01882	0.02069	0.02733	0.04872	0.18395	0.05558	0.33164	0.03889	0.00840	0.01029	0.14016	0.00877	0.00852
18	0.02179	0.01889	0.03107	0.20626	0.04538	0.02065	0.09603	0.02834	0.06197	0.02944	0.02814	0.04601	0.02606	0.18709	0.02986	0.07849	0.01380	0.01308	0.00641	0.01125
19	0.02373	0.02210	0.03560	0.37040	0.16117	0.02447	0.02987	0.03087	0.02406	0.03279	0.02092	0.02939	0.01639	0.01086	0.01110	0.00343	0.01400	0.00976	0.00558	0.12353
20	0.03284	0.02144	0.02538	0.02002	0.02774	0.02025	0.01584	0.11925	0.08465	0.13153	0.02960	0.03175	0.02241	0.01684	0.01632	0.11389	0.00994	0.00969	0.00939	0.24122
21	0.11036	0.02964	0.03010	0.02425	0.03259	0.11826	0.05224	0.08407	0.10963	0.12754	0.02940	0.02976	0.02163	0.01226	0.01052	0.00319	0.01243	0.00966	0.00925	0.14323
22	0.02986	0.03051	0.11554	0.03682	0.17379	0.06570	0.02570	0.03617	0.02719	0.11602	0.03706	0.08524	0.06617	0.01502	0.01153	0.00343	0.01245	0.01286	0.00806	0.09087
23	0.10816	0.09461	0.11492	0.02358	0.03238	0.07289	0.02212	0.11304	0.03016	0.12179	0.02674	0.02982	0.02031	0.02587	0.10739	0.00616	0.01665	0.00950	0.00822	0.01571
24	0.03693	0.02771	0.02452	0.02123	0.02699	0.16897	0.01596	0.04000	0.02838	0.19768	0.03616	0.10186	0.03162	0.11299	0.01945	0.00469	0.01289	0.01341	0.00966	0.06890
25	0.02962	0.02233	0.06726	0.02051	0.02644	0.01975	0.01705	0.11204	0.08508	0.13258	0.08257	0.14571	0.04473	0.11624	0.02040	0.00513	0.01025	0.01694	0.01075	0.01461

[dist]
# distance from previous block
# <min> <max>
0	527

# created by:
# /st0/software/busco_prod/Augustus/scripts/msa2prfl.pl ./align_prep/9943.fa
