[name]
unknown

[dist]
# distance from previous block
# <min> <max>
3	164

[block]
# block no. 0 follows, 14 sequences, length 7
# corresponding to MSA columns:
# 203-209
name=unknown_A
#
# <colnr> <probs for GDERKNQSTAVLIFYWHMCP>
#	G	D	E	R	K	N	Q	S	T	A	V	L	I	F	Y	W	H	M	C	P
0	0.18347	0.02511	0.08078	0.02075	0.02710	0.07281	0.05235	0.10733	0.05914	0.06510	0.03026	0.17337	0.02871	0.01601	0.01006	0.00340	0.01035	0.01330	0.00790	0.01269
1	0.02017	0.01340	0.01620	0.01579	0.01896	0.01330	0.01165	0.05648	0.10505	0.09798	0.11376	0.32465	0.10322	0.02410	0.01200	0.00371	0.00673	0.02123	0.01028	0.01132
2	0.07232	0.02218	0.05643	0.19303	0.03958	0.02256	0.02021	0.17343	0.05445	0.04053	0.02624	0.10892	0.02305	0.01367	0.01007	0.00319	0.01067	0.01137	0.00744	0.09067
3	0.02516	0.12300	0.15418	0.06024	0.03639	0.02632	0.08784	0.05642	0.09454	0.06347	0.02217	0.02511	0.01703	0.01095	0.01201	0.00308	0.07566	0.00867	0.00622	0.09156
4	0.02372	0.02195	0.02720	0.18636	0.13258	0.07300	0.02095	0.03439	0.13997	0.03339	0.02510	0.02903	0.01959	0.01073	0.00949	0.00293	0.01082	0.00908	0.08388	0.10585
5	0.44185	0.01902	0.01774	0.01546	0.02148	0.02084	0.01244	0.08840	0.02301	0.12651	0.02508	0.10300	0.02160	0.01336	0.00830	0.00330	0.00817	0.00986	0.00818	0.01241
6	0.01434	0.01185	0.01853	0.01751	0.02003	0.01094	0.08028	0.01760	0.02212	0.02953	0.13486	0.40496	0.12415	0.02659	0.01270	0.00385	0.00722	0.02440	0.00921	0.00932

[dist]
# distance from previous block
# <min> <max>
2	13

[block]
# block no. 1 follows, 14 sequences, length 17
# corresponding to MSA columns:
# 223-239
name=unknown_B
#
# <colnr> <probs for GDERKNQSTAVLIFYWHMCP>
#	G	D	E	R	K	N	Q	S	T	A	V	L	I	F	Y	W	H	M	C	P
0	0.37424	0.06416	0.02206	0.05224	0.02613	0.06505	0.01464	0.03769	0.14428	0.07677	0.02273	0.02363	0.01718	0.01082	0.00801	0.00316	0.00933	0.00755	0.00741	0.01293
1	0.24122	0.01932	0.02207	0.08257	0.02935	0.01990	0.01542	0.06848	0.06025	0.24166	0.02720	0.02692	0.01877	0.01106	0.00886	0.00307	0.00904	0.00837	0.00898	0.07750
2	0.03122	0.02722	0.08599	0.06294	0.03082	0.11477	0.01893	0.13587	0.03155	0.15913	0.15445	0.03804	0.03650	0.01373	0.01049	0.00311	0.01099	0.01105	0.00916	0.01402
3	0.09154	0.02554	0.02646	0.06155	0.03059	0.15287	0.07311	0.06819	0.06267	0.10675	0.10741	0.03971	0.08251	0.01381	0.01033	0.00315	0.01144	0.01140	0.00821	0.01277
4	0.02764	0.02647	0.02417	0.02180	0.02752	0.11992	0.01683	0.05230	0.46981	0.03999	0.03750	0.03503	0.02834	0.01337	0.01025	0.00334	0.00983	0.01078	0.00959	0.01553
5	0.02655	0.03118	0.05537	0.04048	0.05002	0.12027	0.45264	0.03421	0.02502	0.03159	0.01995	0.02617	0.01518	0.00897	0.01164	0.00333	0.01750	0.01120	0.00521	0.01352
6	0.59902	0.12298	0.02146	0.01417	0.02092	0.02592	0.01218	0.03026	0.01802	0.04243	0.01429	0.01664	0.01145	0.00940	0.00639	0.00301	0.00844	0.00555	0.00603	0.01145
7	0.01573	0.01189	0.01558	0.01669	0.01798	0.01249	0.01232	0.05156	0.02174	0.02925	0.05017	0.46683	0.05833	0.02901	0.01494	0.00420	0.06308	0.08975	0.00910	0.00936
8	0.16557	0.08907	0.02899	0.12835	0.11121	0.02439	0.01949	0.03808	0.13647	0.12255	0.02571	0.02727	0.01911	0.01096	0.00911	0.00316	0.01005	0.00873	0.00752	0.01423
9	0.01924	0.01452	0.02497	0.02138	0.02535	0.01343	0.13514	0.02331	0.02310	0.09097	0.11724	0.34711	0.05484	0.02291	0.01242	0.00376	0.00879	0.02160	0.00909	0.01083
10	0.18475	0.27381	0.03555	0.08307	0.03036	0.02998	0.01717	0.09157	0.02444	0.11480	0.01970	0.02132	0.01503	0.01009	0.00790	0.00279	0.01030	0.00703	0.00673	0.01363
11	0.02774	0.42108	0.09802	0.02678	0.11909	0.03543	0.02193	0.08711	0.02435	0.03091	0.01662	0.01931	0.01413	0.00932	0.00787	0.00253	0.01159	0.00669	0.00514	0.01433
12	0.01390	0.00995	0.01343	0.01528	0.01664	0.00947	0.01140	0.01696	0.02225	0.02985	0.14060	0.40469	0.07032	0.02931	0.01322	0.00416	0.00669	0.15324	0.00980	0.00885
13	0.01489	0.01009	0.01193	0.01193	0.01218	0.01035	0.00714	0.01540	0.01514	0.02044	0.03166	0.06343	0.03569	0.56132	0.12805	0.01086	0.01238	0.01438	0.00612	0.00663
14	0.02273	0.06059	0.03308	0.20050	0.13597	0.02150	0.08274	0.03037	0.06194	0.06988	0.13939	0.03814	0.03411	0.01249	0.01063	0.00323	0.01105	0.01151	0.00712	0.01304
15	0.01644	0.01401	0.01813	0.10084	0.08417	0.01417	0.01384	0.02207	0.07059	0.02878	0.08695	0.06846	0.26325	0.13232	0.01880	0.00458	0.00825	0.01625	0.00792	0.01017
16	0.11149	0.21258	0.07359	0.08694	0.03389	0.02929	0.06682	0.05757	0.09545	0.03394	0.04817	0.02591	0.02016	0.01120	0.01046	0.00306	0.05148	0.00856	0.00620	0.01323

[dist]
# distance from previous block
# <min> <max>
0	6

[block]
# block no. 2 follows, 14 sequences, length 29
# corresponding to MSA columns:
# 246-274
name=unknown_C
#
# <colnr> <probs for GDERKNQSTAVLIFYWHMCP>
#	G	D	E	R	K	N	Q	S	T	A	V	L	I	F	Y	W	H	M	C	P
0	0.19197	0.20602	0.03467	0.11223	0.11266	0.02927	0.01969	0.06986	0.07286	0.03588	0.01896	0.02210	0.01523	0.00998	0.00823	0.00292	0.01057	0.00743	0.00599	0.01347
1	0.45915	0.07594	0.01845	0.01419	0.01975	0.02122	0.01193	0.02725	0.02008	0.04093	0.08881	0.03797	0.05493	0.01356	0.00814	0.00326	0.00787	0.05850	0.00723	0.01084
2	0.01955	0.02086	0.07975	0.17616	0.11342	0.01947	0.06077	0.02866	0.09982	0.03076	0.03338	0.20722	0.03273	0.01695	0.01120	0.00359	0.01079	0.01550	0.00699	0.01241
3	0.01601	0.01072	0.01286	0.01273	0.01564	0.00944	0.00938	0.01910	0.02444	0.08295	0.20258	0.21952	0.27662	0.02501	0.01219	0.00355	0.00563	0.02168	0.01027	0.00967
4	0.02321	0.02545	0.11424	0.13672	0.07449	0.02319	0.02275	0.07346	0.23192	0.03825	0.07261	0.03859	0.02957	0.01340	0.01058	0.00342	0.01059	0.03517	0.00801	0.01440
5	0.02544	0.01811	0.02171	0.01571	0.02463	0.01392	0.01265	0.02990	0.02264	0.12558	0.02197	0.02357	0.01691	0.00846	0.00806	0.00180	0.00779	0.00679	0.00719	0.58718
6	0.02121	0.01821	0.01975	0.06364	0.07496	0.09321	0.01451	0.02540	0.02655	0.07857	0.24508	0.06208	0.18013	0.01817	0.01125	0.00320	0.00847	0.01540	0.00908	0.01113
7	0.01269	0.00908	0.01208	0.01416	0.01493	0.00846	0.00954	0.01477	0.02054	0.02761	0.10517	0.58000	0.07062	0.03109	0.01300	0.00408	0.00585	0.02817	0.00969	0.00846
8	0.02188	0.02346	0.08210	0.03052	0.10830	0.02367	0.06484	0.03150	0.12172	0.03181	0.02968	0.08164	0.02780	0.01689	0.01760	0.00390	0.17873	0.08413	0.00682	0.01303
9	0.02262	0.02038	0.06778	0.16870	0.08763	0.01838	0.02051	0.02827	0.02303	0.08773	0.11073	0.03373	0.02906	0.01198	0.01145	0.00291	0.05164	0.00990	0.00690	0.18668
10	0.01250	0.00893	0.01191	0.01429	0.01488	0.00834	0.00953	0.01429	0.01965	0.02620	0.05656	0.63265	0.06787	0.03215	0.01310	0.00417	0.00595	0.02917	0.00953	0.00834
11	0.02496	0.22589	0.28438	0.02468	0.03638	0.02751	0.06883	0.03268	0.02217	0.07150	0.01899	0.02154	0.01441	0.00938	0.00882	0.00278	0.01286	0.00738	0.00522	0.07966
12	0.01391	0.01047	0.01286	0.01226	0.01495	0.00942	0.00920	0.01817	0.02759	0.03770	0.45001	0.08234	0.21889	0.02227	0.01211	0.00329	0.00493	0.01936	0.01084	0.00942
13	0.02361	0.01817	0.02152	0.01549	0.02450	0.01381	0.01244	0.02812	0.02204	0.08516	0.02034	0.02257	0.01616	0.00808	0.00786	0.00168	0.00771	0.00648	0.00670	0.63759
14	0.01452	0.01049	0.01372	0.01291	0.01533	0.00968	0.00968	0.01937	0.02905	0.04115	0.56992	0.07666	0.09683	0.02098	0.01210	0.00323	0.00484	0.01856	0.01130	0.00968
15	0.01938	0.01824	0.03078	0.61468	0.07068	0.02280	0.02850	0.02622	0.02052	0.02622	0.01824	0.02736	0.01368	0.01026	0.01026	0.00342	0.01368	0.00912	0.00456	0.01140
16	0.04604	0.01746	0.02382	0.01826	0.02620	0.01508	0.01508	0.05001	0.02937	0.58244	0.04049	0.03493	0.02540	0.01270	0.01032	0.00318	0.00873	0.01032	0.01270	0.01746
17	0.01391	0.01069	0.01294	0.01358	0.01628	0.00973	0.01073	0.01754	0.02447	0.03152	0.19471	0.13976	0.28358	0.02595	0.01275	0.00381	0.00633	0.15272	0.00992	0.00909
18	0.01388	0.01046	0.01282	0.01223	0.01493	0.00941	0.00917	0.01811	0.02752	0.03752	0.44377	0.08264	0.22524	0.02234	0.01211	0.00329	0.00494	0.01940	0.01082	0.00941
19	0.01544	0.01007	0.01306	0.01450	0.01623	0.00923	0.01038	0.01779	0.02130	0.07009	0.06162	0.46376	0.13300	0.02943	0.01285	0.00405	0.00640	0.07185	0.00977	0.00920
20	0.02138	0.01859	0.02212	0.01617	0.02454	0.01515	0.01301	0.02575	0.02082	0.03272	0.01785	0.02138	0.01506	0.00846	0.00975	0.00177	0.05820	0.00632	0.00595	0.64506
21	0.01334	0.00950	0.01197	0.01362	0.01443	0.00900	0.00916	0.01500	0.01915	0.02520	0.05448	0.42150	0.09928	0.17171	0.02215	0.00549	0.00708	0.06124	0.00876	0.00796
22	0.13454	0.01879	0.02265	0.13673	0.03315	0.01847	0.01602	0.07642	0.02357	0.07782	0.02254	0.06539	0.01886	0.01097	0.00877	0.00262	0.00920	0.00882	0.00695	0.28772
23	0.02735	0.39513	0.04174	0.07379	0.02950	0.03197	0.01751	0.07788	0.02514	0.07158	0.09401	0.02790	0.02603	0.01122	0.00831	0.00261	0.01025	0.00833	0.00652	0.01324
24	0.11787	0.02220	0.06648	0.14921	0.03501	0.04981	0.01897	0.03199	0.09650	0.07318	0.03104	0.03398	0.07033	0.01713	0.05157	0.00413	0.04444	0.00988	0.00691	0.06940
25	0.02778	0.02219	0.06726	0.02281	0.02981	0.02003	0.10486	0.16358	0.03278	0.12747	0.21553	0.04460	0.04563	0.01459	0.01119	0.00322	0.00995	0.01302	0.00972	0.01398
26	0.03022	0.01894	0.07469	0.11787	0.03227	0.01566	0.01793	0.03566	0.02707	0.28366	0.18532	0.04429	0.04260	0.01437	0.01076	0.00324	0.00906	0.01221	0.01015	0.01402
27	0.10684	0.02002	0.02444	0.01892	0.02677	0.01929	0.01563	0.14970	0.03216	0.42524	0.03476	0.03109	0.02242	0.01233	0.00994	0.00316	0.00919	0.00965	0.01160	0.01687
28	0.17908	0.01867	0.02536	0.15941	0.03643	0.01964	0.05333	0.06198	0.02444	0.21642	0.02886	0.08473	0.02245	0.01298	0.00983	0.00334	0.01019	0.01086	0.00845	0.01354

[dist]
# distance from previous block
# <min> <max>
0	1

[block]
# block no. 3 follows, 14 sequences, length 7
# corresponding to MSA columns:
# 276-282
name=unknown_D
#
# <colnr> <probs for GDERKNQSTAVLIFYWHMCP>
#	G	D	E	R	K	N	Q	S	T	A	V	L	I	F	Y	W	H	M	C	P
0	0.02227	0.01785	0.02831	0.25095	0.18305	0.01910	0.02364	0.02780	0.02294	0.08401	0.03660	0.04929	0.09136	0.01479	0.01104	0.00349	0.01114	0.08289	0.00683	0.01264
1	0.01269	0.00982	0.01166	0.01300	0.01500	0.00878	0.00939	0.01509	0.02163	0.02726	0.07699	0.35498	0.28607	0.02914	0.01277	0.00391	0.00593	0.06779	0.00952	0.00858
2	0.09714	0.02431	0.08627	0.16910	0.09326	0.02562	0.02410	0.07762	0.02189	0.03310	0.01950	0.06020	0.01717	0.01377	0.01675	0.00366	0.18854	0.00976	0.00563	0.01261
3	0.03061	0.14557	0.03808	0.17744	0.10010	0.02451	0.08574	0.03598	0.02413	0.20190	0.02485	0.02738	0.01777	0.01041	0.00976	0.00306	0.01188	0.00914	0.00721	0.01448
4	0.18342	0.01869	0.02115	0.01712	0.02410	0.01856	0.01397	0.09158	0.06767	0.31474	0.04019	0.03710	0.08078	0.01350	0.00966	0.00322	0.00839	0.01050	0.01058	0.01506
5	0.01987	0.01610	0.01833	0.01678	0.02085	0.01738	0.01287	0.03645	0.28545	0.04202	0.31332	0.05801	0.06500	0.01755	0.01130	0.00335	0.00644	0.01518	0.01088	0.01287
6	0.02164	0.02127	0.08648	0.28166	0.04913	0.01967	0.10060	0.02827	0.02305	0.08476	0.09288	0.08875	0.03032	0.01353	0.01098	0.00343	0.01208	0.01253	0.00673	0.01225

[dist]
# distance from previous block
# <min> <max>
11	22

[block]
# block no. 4 follows, 14 sequences, length 20
# corresponding to MSA columns:
# 305-324
name=unknown_E
#
# <colnr> <probs for GDERKNQSTAVLIFYWHMCP>
#	G	D	E	R	K	N	Q	S	T	A	V	L	I	F	Y	W	H	M	C	P
0	0.01588	0.01069	0.01311	0.01285	0.01565	0.00951	0.00950	0.01930	0.02529	0.07737	0.27162	0.19954	0.23291	0.02427	0.01218	0.00350	0.00551	0.02114	0.01048	0.00970
1	0.01721	0.00932	0.01398	0.01398	0.01433	0.00968	0.00968	0.01433	0.01398	0.01899	0.01971	0.03297	0.01935	0.04370	0.14888	0.56804	0.01253	0.00932	0.00466	0.00537
2	0.01560	0.01264	0.01986	0.02201	0.07424	0.01225	0.05529	0.01920	0.02165	0.02945	0.10243	0.35500	0.05741	0.02967	0.05653	0.00489	0.00941	0.08391	0.00862	0.00990
3	0.02422	0.02768	0.06055	0.04325	0.05363	0.02595	0.53806	0.03287	0.02422	0.03287	0.02076	0.02768	0.01557	0.00865	0.01211	0.00346	0.01730	0.01211	0.00519	0.01384
4	0.02974	0.43152	0.04526	0.02075	0.02778	0.18241	0.01862	0.03276	0.02245	0.02445	0.01460	0.01757	0.01321	0.01014	0.00993	0.00254	0.07287	0.00612	0.00463	0.01265
5	0.02786	0.12404	0.08932	0.01964	0.02818	0.02312	0.01805	0.09009	0.02496	0.11229	0.02104	0.02298	0.01617	0.01030	0.01092	0.00252	0.06984	0.00740	0.00689	0.27439
6	0.02897	0.08085	0.20220	0.12245	0.07358	0.02380	0.02597	0.07781	0.06544	0.16127	0.02545	0.02695	0.01792	0.01092	0.00983	0.00317	0.01208	0.00883	0.00729	0.01525
7	0.01969	0.01211	0.01698	0.01898	0.05679	0.01137	0.01330	0.02313	0.02356	0.11616	0.12567	0.31624	0.06019	0.02517	0.01253	0.00391	0.00734	0.11622	0.00995	0.01072
8	0.01471	0.01079	0.01546	0.01546	0.01694	0.01227	0.01154	0.01766	0.01619	0.02306	0.02843	0.04554	0.02792	0.18648	0.49227	0.01522	0.02407	0.01176	0.00564	0.00859
9	0.02245	0.02245	0.03143	0.02694	0.02694	0.03143	0.02245	0.02470	0.01572	0.02470	0.01347	0.02245	0.01347	0.01796	0.03368	0.00449	0.62057	0.00898	0.00449	0.01123
10	0.03722	0.01765	0.02199	0.01750	0.02355	0.01683	0.01372	0.12923	0.02923	0.35311	0.03567	0.04093	0.02688	0.16504	0.02050	0.00481	0.00949	0.01125	0.01069	0.01473
11	0.03107	0.02480	0.02633	0.02201	0.02880	0.02812	0.01758	0.25466	0.34763	0.05187	0.03472	0.03267	0.02562	0.01326	0.01037	0.00332	0.00943	0.01063	0.01037	0.01674
12	0.01362	0.01018	0.01281	0.01390	0.01593	0.00937	0.01045	0.01684	0.02341	0.03076	0.18260	0.28118	0.19537	0.02744	0.01284	0.00389	0.00618	0.11440	0.00991	0.00893
13	0.01479	0.01046	0.01380	0.01380	0.01470	0.01137	0.00947	0.01660	0.01570	0.02183	0.02995	0.05395	0.03158	0.36268	0.32106	0.01317	0.01858	0.01299	0.00586	0.00767
14	0.02245	0.02245	0.03143	0.02694	0.02694	0.03143	0.02245	0.02470	0.01572	0.02470	0.01347	0.02245	0.01347	0.01796	0.03368	0.00449	0.62057	0.00898	0.00449	0.01123
15	0.04604	0.01746	0.02382	0.01826	0.02620	0.01508	0.01508	0.05001	0.02937	0.58244	0.04049	0.03493	0.02540	0.01270	0.01032	0.00318	0.00873	0.01032	0.01270	0.01746
16	0.03901	0.02874	0.03080	0.02361	0.03182	0.03182	0.01951	0.54111	0.04825	0.06468	0.02464	0.02464	0.01745	0.01232	0.01027	0.00308	0.01129	0.00924	0.01027	0.01745
17	0.02798	0.02406	0.02868	0.02413	0.02821	0.02969	0.01970	0.17640	0.19406	0.04142	0.02541	0.02801	0.02016	0.01514	0.01995	0.00379	0.26089	0.00987	0.00795	0.01451
18	0.02245	0.02245	0.03143	0.02694	0.02694	0.03143	0.02245	0.02470	0.01572	0.02470	0.01347	0.02245	0.01347	0.01796	0.03368	0.00449	0.62057	0.00898	0.00449	0.01123
19	0.02144	0.01458	0.05496	0.01614	0.02013	0.01150	0.01331	0.02514	0.02386	0.15816	0.11061	0.28326	0.11025	0.02384	0.01211	0.00375	0.00738	0.06827	0.01009	0.01122

[dist]
# distance from previous block
# <min> <max>
0	13

[block]
# block no. 5 follows, 14 sequences, length 50
# corresponding to MSA columns:
# 338-387
name=unknown_F
#
# <colnr> <probs for GDERKNQSTAVLIFYWHMCP>
#	G	D	E	R	K	N	Q	S	T	A	V	L	I	F	Y	W	H	M	C	P
0	0.02709	0.22749	0.11798	0.02777	0.14038	0.02574	0.02141	0.03203	0.02263	0.12211	0.02804	0.03203	0.05631	0.06240	0.01254	0.00341	0.01098	0.00926	0.00644	0.01395
1	0.02376	0.02612	0.15060	0.01874	0.02911	0.01615	0.01836	0.02994	0.02223	0.09170	0.02065	0.02282	0.01578	0.00863	0.00838	0.00209	0.00945	0.00687	0.00639	0.47224
2	0.01741	0.01517	0.01977	0.06644	0.02356	0.01747	0.01467	0.02344	0.07053	0.03313	0.24009	0.06001	0.16108	0.01974	0.01728	0.00364	0.16205	0.01537	0.00857	0.01059
3	0.02732	0.02287	0.07655	0.15548	0.09753	0.02153	0.05838	0.03293	0.02257	0.15656	0.02292	0.02682	0.01691	0.01136	0.01359	0.00321	0.10571	0.00902	0.00672	0.11203
4	0.03884	0.01587	0.02151	0.01704	0.02371	0.01385	0.01385	0.04301	0.02930	0.45878	0.16144	0.04446	0.04172	0.01459	0.01073	0.00319	0.00784	0.01220	0.01238	0.01569
5	0.03180	0.02398	0.02904	0.08997	0.09177	0.02589	0.02012	0.24872	0.14260	0.09295	0.02765	0.02837	0.02022	0.01173	0.01007	0.00307	0.01048	0.00953	0.00899	0.07306
6	0.14112	0.02171	0.06389	0.06703	0.03000	0.01854	0.01659	0.07550	0.02494	0.18068	0.02394	0.02490	0.01710	0.01001	0.00870	0.00263	0.00931	0.00772	0.00794	0.24773
7	0.03012	0.03369	0.18772	0.12146	0.03939	0.12202	0.02464	0.07342	0.02701	0.15638	0.06375	0.02927	0.02240	0.01165	0.01009	0.00314	0.01302	0.00921	0.00736	0.01425
8	0.07115	0.08684	0.30720	0.02381	0.03414	0.02249	0.05351	0.03131	0.06722	0.03547	0.13385	0.03394	0.03186	0.01226	0.00991	0.00318	0.01169	0.01011	0.00648	0.01359
9	0.01666	0.01440	0.05990	0.01376	0.01776	0.01095	0.01157	0.02099	0.02575	0.07482	0.30806	0.07498	0.22138	0.06625	0.01473	0.00379	0.00645	0.01771	0.00994	0.01015
10	0.02644	0.16313	0.16587	0.17623	0.04137	0.02428	0.02418	0.03275	0.02263	0.14226	0.02484	0.06982	0.01983	0.01193	0.00955	0.00312	0.01185	0.00968	0.00652	0.01372
11	0.02572	0.03553	0.31981	0.02402	0.03455	0.01975	0.02693	0.03583	0.06715	0.15643	0.03136	0.08353	0.02556	0.01412	0.01057	0.00345	0.01192	0.05147	0.00756	0.01474
12	0.02058	0.05308	0.58618	0.02925	0.04442	0.02383	0.03792	0.03250	0.02167	0.03250	0.01842	0.02167	0.01300	0.00975	0.00975	0.00325	0.01517	0.00758	0.00433	0.01517
13	0.02197	0.02941	0.25410	0.02106	0.02961	0.01658	0.02287	0.02962	0.02554	0.11801	0.21477	0.05092	0.04780	0.01571	0.01104	0.00336	0.01014	0.05594	0.00844	0.01312
14	0.08206	0.01943	0.02980	0.31673	0.09366	0.02191	0.05011	0.06761	0.02359	0.10659	0.02237	0.02823	0.01663	0.01601	0.05863	0.00439	0.01357	0.00931	0.00638	0.01298
15	0.03689	0.01778	0.02332	0.06216	0.02824	0.01705	0.01571	0.11613	0.03073	0.35971	0.09417	0.08663	0.03445	0.01495	0.01073	0.00327	0.00884	0.01250	0.01132	0.01543
16	0.01560	0.01101	0.01243	0.01174	0.01529	0.00948	0.00892	0.01893	0.02545	0.07733	0.22770	0.08736	0.39471	0.02350	0.01197	0.00338	0.00539	0.01986	0.01028	0.00967
17	0.02711	0.02333	0.07767	0.28139	0.18139	0.02271	0.02698	0.07466	0.02511	0.12625	0.02283	0.02748	0.01656	0.01053	0.01020	0.00325	0.01240	0.00921	0.00652	0.01443
18	0.13446	0.07594	0.08785	0.15464	0.03839	0.02443	0.02105	0.13705	0.02785	0.16706	0.02381	0.02546	0.01667	0.01096	0.00933	0.00314	0.01112	0.00842	0.00784	0.01454
19	0.02413	0.01506	0.01835	0.01562	0.02011	0.01466	0.01228	0.12228	0.03230	0.13344	0.34599	0.06164	0.10515	0.01836	0.01147	0.00321	0.00672	0.01568	0.01120	0.01235
20	0.12046	0.01486	0.01655	0.01469	0.01940	0.01507	0.01150	0.03478	0.10220	0.17923	0.08330	0.08704	0.03442	0.01458	0.00928	0.00308	0.00682	0.01193	0.20811	0.01270
21	0.14267	0.13770	0.03079	0.11908	0.09004	0.02517	0.01905	0.03292	0.06142	0.10745	0.06638	0.02873	0.02309	0.01185	0.01100	0.00315	0.06036	0.00894	0.00697	0.01323
22	0.09280	0.02363	0.03380	0.06519	0.15854	0.02503	0.07664	0.16193	0.02953	0.14478	0.02381	0.02634	0.01738	0.01137	0.01202	0.00327	0.06130	0.00937	0.00787	0.01540
23	0.02521	0.01547	0.01833	0.01669	0.02090	0.01558	0.01275	0.06767	0.13489	0.15700	0.04899	0.15134	0.09568	0.11095	0.01747	0.00455	0.00819	0.05588	0.00999	0.01247
24	0.01913	0.00956	0.00956	0.00956	0.01196	0.00956	0.00717	0.02391	0.02152	0.03826	0.03348	0.03826	0.02630	0.01196	0.00717	0.00239	0.00478	0.00956	0.69632	0.00956
25	0.02347	0.01817	0.02150	0.01547	0.02449	0.01380	0.01242	0.02798	0.02200	0.08206	0.02021	0.02249	0.01610	0.00805	0.00784	0.00167	0.00770	0.00646	0.00667	0.64145
26	0.01306	0.01044	0.01183	0.01252	0.01535	0.00921	0.00963	0.01604	0.02323	0.02876	0.11428	0.17325	0.38911	0.02696	0.01261	0.00376	0.00601	0.10552	0.00961	0.00881
27	0.02689	0.02946	0.07722	0.17201	0.13630	0.12359	0.02542	0.08919	0.07246	0.03333	0.02017	0.02504	0.01595	0.01168	0.01324	0.00332	0.09633	0.00878	0.00590	0.01372
28	0.07960	0.01560	0.01938	0.01626	0.02208	0.01452	0.01294	0.03816	0.07070	0.32248	0.11860	0.09577	0.09622	0.01673	0.01072	0.00332	0.00749	0.01398	0.01129	0.01418
29	0.01758	0.01370	0.01635	0.01512	0.01848	0.01408	0.01150	0.02913	0.17558	0.04165	0.42327	0.06600	0.07864	0.01902	0.01164	0.00330	0.00575	0.01663	0.01106	0.01150
30	0.01244	0.00918	0.01165	0.01363	0.01471	0.00839	0.00923	0.01436	0.02028	0.02646	0.06462	0.54190	0.15342	0.03110	0.01293	0.00405	0.00583	0.02790	0.00953	0.00839
31	0.02211	0.18551	0.46717	0.02664	0.04037	0.02758	0.03337	0.03210	0.02148	0.03063	0.01749	0.02050	0.01304	0.00953	0.00904	0.00301	0.01423	0.00711	0.00435	0.01472
32	0.01972	0.01858	0.03139	0.58385	0.09888	0.02289	0.02867	0.02651	0.02068	0.02663	0.01830	0.02725	0.01382	0.01020	0.01025	0.00340	0.01360	0.00912	0.00459	0.01167
33	0.01380	0.01038	0.01277	0.01233	0.01493	0.00935	0.00919	0.01790	0.02710	0.03691	0.42291	0.11136	0.21772	0.02286	0.01216	0.00334	0.00499	0.01991	0.01075	0.00935
34	0.01578	0.01217	0.01461	0.01370	0.01678	0.01186	0.01036	0.02384	0.10579	0.03939	0.42204	0.07435	0.15868	0.02070	0.01186	0.00330	0.00538	0.01800	0.01090	0.01049
35	0.02458	0.01281	0.01638	0.01415	0.01865	0.01127	0.01108	0.02863	0.02791	0.21987	0.28976	0.06751	0.17716	0.01930	0.01151	0.00326	0.00623	0.01648	0.01138	0.01207
36	0.02720	0.02167	0.02325	0.02067	0.02665	0.02467	0.01615	0.05416	0.51385	0.08686	0.04166	0.03801	0.03084	0.01382	0.01043	0.00346	0.00817	0.01150	0.01063	0.01634
37	0.02866	0.02200	0.02459	0.01888	0.02708	0.02126	0.01523	0.18577	0.12453	0.07422	0.02552	0.02603	0.01928	0.01040	0.00904	0.00242	0.00885	0.00823	0.00846	0.33954
38	0.22585	0.02429	0.02415	0.01996	0.02695	0.02751	0.01619	0.25590	0.18624	0.05312	0.02665	0.02632	0.01966	0.01199	0.00921	0.00322	0.00943	0.00888	0.00921	0.01531
39	0.71184	0.01985	0.01508	0.01350	0.01985	0.02302	0.01111	0.03017	0.01746	0.04604	0.01429	0.01667	0.01111	0.00953	0.00635	0.00318	0.00794	0.00556	0.00635	0.01111
40	0.02977	0.01846	0.02055	0.01736	0.02259	0.06281	0.01368	0.08018	0.07445	0.21765	0.26098	0.05059	0.05439	0.01609	0.01099	0.00317	0.00806	0.01351	0.01110	0.01362
41	0.01378	0.01018	0.01287	0.01279	0.01503	0.00927	0.00937	0.01771	0.02642	0.03630	0.40256	0.18520	0.16283	0.02385	0.01230	0.00344	0.00511	0.02103	0.01070	0.00927
42	0.01377	0.00991	0.01304	0.01343	0.01516	0.00918	0.00962	0.01747	0.02554	0.03557	0.37831	0.28418	0.08602	0.02515	0.01247	0.00358	0.00526	0.02252	0.01064	0.00918
43	0.04529	0.01867	0.02456	0.01883	0.02680	0.01687	0.01555	0.10232	0.03138	0.52730	0.03880	0.03383	0.02456	0.01266	0.01031	0.00317	0.00900	0.01020	0.01244	0.01746
44	0.11936	0.01107	0.01122	0.01130	0.01397	0.01135	0.00842	0.02271	0.02141	0.03766	0.09171	0.14021	0.03865	0.01599	0.00858	0.00290	0.00545	0.01327	0.40517	0.00960
45	0.01783	0.00891	0.01337	0.01337	0.01337	0.00891	0.00891	0.01337	0.01337	0.01783	0.01783	0.03119	0.01783	0.03565	0.04011	0.70143	0.00891	0.00891	0.00446	0.00446
46	0.02916	0.03511	0.04955	0.03737	0.04597	0.22608	0.35680	0.03571	0.02592	0.03016	0.01905	0.02447	0.01475	0.00932	0.01111	0.00317	0.01772	0.01019	0.00522	0.01316
47	0.01496	0.01144	0.01387	0.01358	0.01622	0.01097	0.01004	0.02148	0.08272	0.03657	0.34916	0.17144	0.16285	0.02296	0.01210	0.00345	0.00544	0.02015	0.01061	0.00998
48	0.02495	0.01723	0.06327	0.08289	0.02955	0.01452	0.05230	0.02938	0.02342	0.19295	0.04225	0.26122	0.04111	0.02046	0.01175	0.00372	0.00935	0.05808	0.00926	0.01235
49	0.23978	0.02442	0.02263	0.10540	0.03145	0.12862	0.01613	0.03372	0.02269	0.11722	0.01992	0.02229	0.01488	0.00991	0.00833	0.00277	0.01083	0.00710	0.00679	0.15511

[dist]
# distance from previous block
# <min> <max>
0	6

[block]
# block no. 6 follows, 14 sequences, length 8
# corresponding to MSA columns:
# 394-401
name=unknown_G
#
# <colnr> <probs for GDERKNQSTAVLIFYWHMCP>
#	G	D	E	R	K	N	Q	S	T	A	V	L	I	F	Y	W	H	M	C	P
0	0.49176	0.02122	0.01874	0.01607	0.02244	0.02409	0.01307	0.15572	0.02527	0.04916	0.02007	0.06547	0.01700	0.01194	0.00783	0.00323	0.00862	0.00827	0.00756	0.01247
1	0.27569	0.13633	0.02658	0.01764	0.02454	0.02715	0.01482	0.08100	0.18332	0.08198	0.02530	0.02511	0.01913	0.01117	0.00823	0.00308	0.00889	0.00801	0.00800	0.01402
2	0.02204	0.16126	0.37912	0.02440	0.03722	0.02521	0.02923	0.03093	0.02144	0.03106	0.01758	0.02059	0.01344	0.00917	0.00874	0.00273	0.01296	0.00690	0.00467	0.14133
3	0.02385	0.01601	0.01947	0.01496	0.02214	0.01279	0.01189	0.02821	0.02443	0.13564	0.13548	0.04031	0.07453	0.01251	0.00931	0.00230	0.00709	0.01044	0.00857	0.39006
4	0.03819	0.02052	0.02467	0.01975	0.02674	0.02059	0.01597	0.21178	0.06926	0.30357	0.03720	0.10527	0.02834	0.01505	0.01065	0.00329	0.00921	0.01236	0.01134	0.01626
5	0.02239	0.21448	0.14749	0.06256	0.02967	0.02331	0.01980	0.02787	0.02303	0.07533	0.12609	0.12054	0.03754	0.01506	0.00979	0.00306	0.01001	0.01244	0.00709	0.01246
6	0.01426	0.01105	0.01504	0.12373	0.02422	0.01140	0.01208	0.01668	0.01923	0.02500	0.04999	0.33047	0.11311	0.16150	0.02110	0.00522	0.00817	0.02141	0.00788	0.00847
7	0.01938	0.01824	0.03078	0.61468	0.07068	0.02280	0.02850	0.02622	0.02052	0.02622	0.01824	0.02736	0.01368	0.01026	0.01026	0.00342	0.01368	0.00912	0.00456	0.01140

[dist]
# distance from previous block
# <min> <max>
0	10

[block]
# block no. 7 follows, 14 sequences, length 12
# corresponding to MSA columns:
# 412-423
name=unknown_H
#
# <colnr> <probs for GDERKNQSTAVLIFYWHMCP>
#	G	D	E	R	K	N	Q	S	T	A	V	L	I	F	Y	W	H	M	C	P
0	0.03380	0.05960	0.03187	0.08788	0.08214	0.11343	0.07433	0.03948	0.05778	0.22787	0.02740	0.02881	0.01956	0.01267	0.01201	0.04748	0.01214	0.00940	0.00806	0.01430
1	0.03186	0.07153	0.02787	0.06786	0.02938	0.01737	0.06907	0.03490	0.02376	0.28100	0.03240	0.09514	0.02567	0.01751	0.01527	0.11567	0.00995	0.01177	0.00887	0.01315
2	0.01250	0.00893	0.01191	0.01429	0.01488	0.00834	0.00953	0.01429	0.01965	0.02620	0.05656	0.63265	0.06787	0.03215	0.01310	0.00417	0.00595	0.02917	0.00953	0.00834
3	0.14170	0.02442	0.11629	0.24203	0.04469	0.02245	0.02387	0.03229	0.02137	0.13705	0.02136	0.02557	0.01536	0.01134	0.01203	0.00342	0.07679	0.00849	0.00638	0.01310
4	0.07564	0.12908	0.16693	0.02243	0.03208	0.02254	0.06647	0.03830	0.02489	0.24837	0.05451	0.02904	0.02228	0.01121	0.00957	0.00306	0.01116	0.00915	0.00819	0.01509
5	0.03721	0.01912	0.02140	0.01743	0.02392	0.07585	0.01398	0.04089	0.02835	0.38981	0.09094	0.04683	0.11776	0.01528	0.01064	0.00317	0.00889	0.01242	0.01129	0.01482
6	0.01250	0.00893	0.01191	0.01429	0.01488	0.00834	0.00953	0.01429	0.01965	0.02620	0.05656	0.63265	0.06787	0.03215	0.01310	0.00417	0.00595	0.02917	0.00953	0.00834
7	0.02128	0.01824	0.02128	0.01520	0.02432	0.01368	0.01216	0.02584	0.02128	0.03344	0.01824	0.02128	0.01520	0.00760	0.00760	0.00152	0.00760	0.00608	0.00608	0.70208
8	0.09999	0.03392	0.06381	0.11562	0.11445	0.24661	0.02338	0.03322	0.02321	0.02904	0.01631	0.02141	0.01353	0.01135	0.01319	0.00320	0.11254	0.00767	0.00508	0.01246
9	0.04085	0.02050	0.02643	0.02072	0.02743	0.02103	0.01715	0.14330	0.03092	0.38999	0.03299	0.03088	0.02191	0.01347	0.01407	0.00337	0.10775	0.00989	0.01090	0.01646
10	0.02597	0.02102	0.02380	0.01743	0.02631	0.01848	0.01410	0.16228	0.02842	0.04171	0.01993	0.02217	0.01580	0.00885	0.00831	0.00193	0.00858	0.00692	0.00719	0.52080
11	0.02367	0.02009	0.02887	0.05933	0.11821	0.01917	0.07144	0.03385	0.12903	0.06678	0.08347	0.03298	0.02781	0.01107	0.00982	0.00273	0.00955	0.01003	0.00754	0.23457

[dist]
# distance from previous block
# <min> <max>
0	2

[block]
# block no. 8 follows, 14 sequences, length 24
# corresponding to MSA columns:
# 426-449
name=unknown_I
#
# <colnr> <probs for GDERKNQSTAVLIFYWHMCP>
#	G	D	E	R	K	N	Q	S	T	A	V	L	I	F	Y	W	H	M	C	P
0	0.08071	0.02553	0.03296	0.03247	0.14858	0.10586	0.09263	0.04129	0.06628	0.22821	0.02786	0.02846	0.01974	0.01093	0.01012	0.00313	0.01202	0.00955	0.00832	0.01535
1	0.02422	0.02768	0.06055	0.04325	0.05363	0.02595	0.53806	0.03287	0.02422	0.03287	0.02076	0.02768	0.01557	0.00865	0.01211	0.00346	0.01730	0.01211	0.00519	0.01384
2	0.01581	0.01233	0.01481	0.01541	0.01832	0.01218	0.01218	0.02312	0.10189	0.03253	0.13910	0.16817	0.19877	0.02510	0.01263	0.00391	0.00696	0.16676	0.00989	0.01011
3	0.01452	0.01049	0.01372	0.01291	0.01533	0.00968	0.00968	0.01937	0.02905	0.04115	0.56992	0.07666	0.09683	0.02098	0.01210	0.00323	0.00484	0.01856	0.01130	0.00968
4	0.03047	0.02587	0.03678	0.08384	0.22991	0.02805	0.06066	0.24839	0.03330	0.04561	0.02119	0.02517	0.01633	0.01118	0.01202	0.00322	0.05555	0.00938	0.00722	0.01588
5	0.02646	0.33451	0.25061	0.02327	0.03394	0.11646	0.02556	0.03291	0.02237	0.02743	0.01606	0.01872	0.01311	0.00941	0.00817	0.00266	0.01366	0.00644	0.00450	0.01373
6	0.02281	0.02396	0.10532	0.10133	0.11569	0.01849	0.06022	0.02918	0.02290	0.06779	0.06387	0.02845	0.02203	0.00992	0.00947	0.00261	0.01066	0.00883	0.00627	0.27019
7	0.03759	0.06991	0.02764	0.02030	0.02699	0.06841	0.01659	0.14975	0.06756	0.27566	0.03097	0.03149	0.02220	0.05230	0.01412	0.00357	0.04985	0.00972	0.00986	0.01549
8	0.01316	0.01073	0.01183	0.01238	0.01559	0.00940	0.00984	0.01626	0.02345	0.02842	0.09236	0.10273	0.45145	0.02654	0.01261	0.00376	0.00619	0.13495	0.00951	0.00885
9	0.01268	0.00945	0.01186	0.01370	0.01507	0.00863	0.00959	0.01484	0.02075	0.02683	0.06717	0.47808	0.18148	0.03051	0.01295	0.00404	0.00601	0.05834	0.00952	0.00848
10	0.02245	0.02245	0.03143	0.02694	0.02694	0.03143	0.02245	0.02470	0.01572	0.02470	0.01347	0.02245	0.01347	0.01796	0.03368	0.00449	0.62057	0.00898	0.00449	0.01123
11	0.02855	0.02137	0.02329	0.02050	0.02661	0.02399	0.01607	0.05386	0.47907	0.12244	0.04158	0.03779	0.03045	0.01374	0.01042	0.00344	0.00821	0.01141	0.01078	0.01642
12	0.02553	0.02204	0.02320	0.02088	0.02669	0.02553	0.01624	0.05453	0.55679	0.04293	0.04177	0.03829	0.03133	0.01392	0.01044	0.00348	0.00812	0.01160	0.01044	0.01624
13	0.01279	0.00947	0.01195	0.01334	0.01478	0.00863	0.00924	0.01526	0.02198	0.02910	0.15527	0.43822	0.16425	0.02907	0.01275	0.00388	0.00562	0.02595	0.00984	0.00863
14	0.04604	0.01746	0.02382	0.01826	0.02620	0.01508	0.01508	0.05001	0.02937	0.58244	0.04049	0.03493	0.02540	0.01270	0.01032	0.00318	0.00873	0.01032	0.01270	0.01746
15	0.01938	0.01824	0.03078	0.61468	0.07068	0.02280	0.02850	0.02622	0.02052	0.02622	0.01824	0.02736	0.01368	0.01026	0.01026	0.00342	0.01368	0.00912	0.00456	0.01140
16	0.01283	0.00919	0.01169	0.01355	0.01427	0.00860	0.00891	0.01441	0.01922	0.02538	0.05641	0.51078	0.09970	0.12119	0.01880	0.00497	0.00649	0.02653	0.00904	0.00805
17	0.01410	0.01041	0.01331	0.01443	0.01595	0.01008	0.01010	0.01891	0.06498	0.03172	0.19932	0.42952	0.07309	0.02757	0.01261	0.00385	0.00581	0.02480	0.01010	0.00934
18	0.12637	0.01942	0.02892	0.25669	0.11321	0.02143	0.05266	0.03264	0.06059	0.11221	0.02517	0.06392	0.01998	0.01185	0.00997	0.00335	0.01128	0.01034	0.00683	0.01316
19	0.02128	0.01814	0.02090	0.01597	0.02400	0.01505	0.01257	0.02925	0.10008	0.03432	0.02443	0.06727	0.02132	0.01028	0.00841	0.00200	0.00756	0.00854	0.00697	0.55166
20	0.02191	0.01880	0.02156	0.01604	0.02467	0.01543	0.01276	0.03007	0.10020	0.03484	0.02171	0.02379	0.01758	0.00853	0.00802	0.00181	0.00768	0.00689	0.00672	0.60101
21	0.17769	0.06291	0.06450	0.10974	0.11351	0.05605	0.01970	0.03004	0.02145	0.06361	0.02049	0.05613	0.01733	0.01069	0.00872	0.00285	0.01058	0.00847	0.00605	0.13949
22	0.20793	0.02170	0.05883	0.05389	0.02758	0.02160	0.01638	0.09695	0.14357	0.11008	0.03144	0.11292	0.02649	0.01450	0.00965	0.00339	0.00903	0.01164	0.00874	0.01371
23	0.03040	0.10920	0.03045	0.06743	0.03085	0.02409	0.04754	0.14642	0.09479	0.14519	0.03308	0.03490	0.05806	0.04967	0.01236	0.00342	0.01021	0.01037	0.00865	0.05292

[dist]
# distance from previous block
# <min> <max>
0	103

[block]
# block no. 9 follows, 14 sequences, length 53
# corresponding to MSA columns:
# 566-618
name=unknown_J
#
# <colnr> <probs for GDERKNQSTAVLIFYWHMCP>
#	G	D	E	R	K	N	Q	S	T	A	V	L	I	F	Y	W	H	M	C	P
0	0.11223	0.06328	0.17563	0.11590	0.03671	0.02236	0.02280	0.03646	0.10645	0.12415	0.06382	0.03029	0.02368	0.01167	0.00959	0.00323	0.01091	0.00930	0.00743	0.01410
1	0.02530	0.01579	0.01846	0.05620	0.02342	0.06256	0.01332	0.02874	0.02519	0.19007	0.14728	0.25630	0.05296	0.02099	0.01158	0.00351	0.00814	0.01833	0.01010	0.01176
2	0.02679	0.01286	0.01728	0.01553	0.01964	0.01147	0.01184	0.03032	0.02624	0.25803	0.19240	0.23374	0.05852	0.02109	0.01169	0.00350	0.00678	0.01851	0.01132	0.01245
3	0.02370	0.07526	0.07320	0.12497	0.15835	0.02217	0.07025	0.02961	0.02390	0.08488	0.13409	0.03619	0.03261	0.01266	0.01200	0.00323	0.05167	0.01103	0.00687	0.01335
4	0.07266	0.06373	0.02730	0.05596	0.06914	0.06974	0.01741	0.08287	0.02810	0.31352	0.03220	0.07173	0.02378	0.01303	0.00995	0.00313	0.01024	0.01052	0.00971	0.01528
5	0.03528	0.01512	0.02023	0.01683	0.02289	0.01327	0.01367	0.03911	0.02762	0.39770	0.09465	0.09203	0.08949	0.01734	0.01117	0.00341	0.00793	0.05584	0.01178	0.01465
6	0.03182	0.01542	0.02005	0.01641	0.02198	0.01418	0.01313	0.07881	0.03085	0.30428	0.26785	0.05207	0.05558	0.01624	0.01109	0.00319	0.00727	0.01379	0.01189	0.01410
7	0.02560	0.18711	0.13165	0.22151	0.04347	0.02553	0.02367	0.03149	0.02183	0.11416	0.02170	0.02741	0.01688	0.05277	0.01206	0.00347	0.01220	0.00849	0.00587	0.01313
8	0.02695	0.07741	0.12051	0.12836	0.03971	0.02082	0.10730	0.03323	0.02402	0.17207	0.05921	0.09130	0.02703	0.01323	0.01058	0.00330	0.01173	0.01193	0.00759	0.01370
9	0.01369	0.00993	0.01318	0.01536	0.01673	0.00942	0.01151	0.01644	0.02117	0.02769	0.05987	0.43110	0.10745	0.03048	0.01334	0.00428	0.00695	0.17320	0.00950	0.00870
10	0.03040	0.02447	0.02595	0.02187	0.02854	0.02780	0.01742	0.23037	0.37302	0.05079	0.03558	0.03336	0.02631	0.01334	0.01038	0.00334	0.00927	0.01075	0.01038	0.01668
11	0.03434	0.12330	0.08598	0.06222	0.03378	0.11391	0.05633	0.04158	0.07489	0.23098	0.02772	0.02754	0.01949	0.01115	0.00966	0.00301	0.01211	0.00890	0.00818	0.01494
12	0.02530	0.17987	0.15770	0.07840	0.03454	0.02809	0.02249	0.10857	0.13633	0.03744	0.07085	0.02957	0.02479	0.01177	0.00945	0.00303	0.01110	0.00924	0.00709	0.01440
13	0.01271	0.00902	0.01185	0.01402	0.01457	0.00847	0.00924	0.01434	0.01924	0.02566	0.05449	0.58425	0.06526	0.08412	0.01645	0.00466	0.00630	0.02795	0.00924	0.00815
14	0.01913	0.00956	0.00956	0.00956	0.01196	0.00956	0.00717	0.02391	0.02152	0.03826	0.03348	0.03826	0.02630	0.01196	0.00717	0.00239	0.00478	0.00956	0.69632	0.00956
15	0.71184	0.01985	0.01508	0.01350	0.01985	0.02302	0.01111	0.03017	0.01746	0.04604	0.01429	0.01667	0.01111	0.00953	0.00635	0.00318	0.00794	0.00556	0.00635	0.01111
16	0.01380	0.01016	0.01304	0.01455	0.01583	0.00983	0.01005	0.01811	0.06092	0.02992	0.14095	0.49613	0.06999	0.02894	0.01274	0.00396	0.00593	0.02611	0.00989	0.00914
17	0.02097	0.03407	0.26167	0.25449	0.05447	0.02385	0.10141	0.03171	0.05955	0.03089	0.02033	0.02585	0.01491	0.01009	0.01032	0.00336	0.01439	0.00908	0.00497	0.01362
18	0.03119	0.01495	0.01944	0.01691	0.02222	0.01378	0.01346	0.03719	0.07552	0.31108	0.09914	0.14151	0.07911	0.01882	0.01138	0.00351	0.00770	0.05778	0.01138	0.01393
19	0.02535	0.02401	0.06985	0.02517	0.03242	0.02329	0.12482	0.04494	0.32302	0.07824	0.08432	0.03822	0.03239	0.01310	0.01088	0.00342	0.01026	0.01197	0.00917	0.01515
20	0.01314	0.00935	0.01157	0.01307	0.01377	0.00881	0.00845	0.01451	0.01868	0.02459	0.05420	0.42662	0.10573	0.20003	0.02387	0.00571	0.00699	0.02453	0.00861	0.00778
21	0.16573	0.21674	0.07022	0.01658	0.02545	0.02473	0.01546	0.02873	0.02039	0.03308	0.01620	0.01885	0.01357	0.00852	0.00718	0.00220	0.00926	0.00589	0.00548	0.29576
22	0.01957	0.02937	0.22001	0.15649	0.09051	0.02026	0.02662	0.02923	0.06737	0.03212	0.07247	0.04423	0.07851	0.01415	0.01074	0.00343	0.01176	0.05372	0.00642	0.01301
23	0.02716	0.01312	0.01771	0.01596	0.02023	0.01179	0.01249	0.03096	0.02660	0.25845	0.19219	0.18615	0.05771	0.02074	0.01178	0.00355	0.00710	0.06244	0.01131	0.01255
24	0.01783	0.00891	0.01337	0.01337	0.01337	0.00891	0.00891	0.01337	0.01337	0.01783	0.01783	0.03119	0.01783	0.03565	0.04011	0.70143	0.00891	0.00891	0.00446	0.00446
25	0.01490	0.01004	0.01164	0.01164	0.01179	0.01019	0.00677	0.01521	0.01506	0.02023	0.03193	0.06490	0.03633	0.59214	0.09810	0.01050	0.01142	0.01459	0.00616	0.00647
26	0.01626	0.01096	0.01374	0.01277	0.01580	0.00985	0.00967	0.02057	0.02790	0.07661	0.43632	0.07827	0.18972	0.02143	0.01198	0.00327	0.00519	0.01862	0.01103	0.01002
27	0.02234	0.04364	0.40975	0.11302	0.04794	0.02457	0.08280	0.07518	0.02402	0.03440	0.01915	0.02330	0.01372	0.00994	0.01009	0.00328	0.01483	0.00838	0.00496	0.01470
28	0.02058	0.05308	0.58618	0.02925	0.04442	0.02383	0.03792	0.03250	0.02167	0.03250	0.01842	0.02167	0.01300	0.00975	0.00975	0.00325	0.01517	0.00758	0.00433	0.01517
29	0.02038	0.02300	0.08243	0.13622	0.04174	0.02330	0.16562	0.02639	0.01963	0.02769	0.02009	0.02896	0.01694	0.02725	0.15511	0.00675	0.15153	0.01023	0.00492	0.01183
30	0.02526	0.39752	0.09585	0.02155	0.02819	0.03621	0.02095	0.02902	0.01933	0.02508	0.01440	0.01880	0.01325	0.01172	0.01529	0.00300	0.20063	0.00676	0.00442	0.01275
31	0.01989	0.01757	0.02733	0.03850	0.28799	0.01761	0.02077	0.02612	0.06794	0.03120	0.03719	0.28640	0.03965	0.01940	0.01144	0.00356	0.00917	0.01793	0.00745	0.01286
32	0.01250	0.00893	0.01191	0.01429	0.01488	0.00834	0.00953	0.01429	0.01965	0.02620	0.05656	0.63265	0.06787	0.03215	0.01310	0.00417	0.00595	0.02917	0.00953	0.00834
33	0.04604	0.01746	0.02382	0.01826	0.02620	0.01508	0.01508	0.05001	0.02937	0.58244	0.04049	0.03493	0.02540	0.01270	0.01032	0.00318	0.00873	0.01032	0.01270	0.01746
34	0.01250	0.00893	0.01191	0.01429	0.01488	0.00834	0.00953	0.01429	0.01965	0.02620	0.05656	0.63265	0.06787	0.03215	0.01310	0.00417	0.00595	0.02917	0.00953	0.00834
35	0.04604	0.01746	0.02382	0.01826	0.02620	0.01508	0.01508	0.05001	0.02937	0.58244	0.04049	0.03493	0.02540	0.01270	0.01032	0.00318	0.00873	0.01032	0.01270	0.01746
36	0.01250	0.00893	0.01191	0.01429	0.01488	0.00834	0.00953	0.01429	0.01965	0.02620	0.05656	0.63265	0.06787	0.03215	0.01310	0.00417	0.00595	0.02917	0.00953	0.00834
37	0.23797	0.03365	0.11388	0.12003	0.08283	0.19025	0.02239	0.03316	0.02249	0.03359	0.01646	0.02045	0.01287	0.00995	0.00868	0.00306	0.01343	0.00706	0.00533	0.01247
38	0.71184	0.01985	0.01508	0.01350	0.01985	0.02302	0.01111	0.03017	0.01746	0.04604	0.01429	0.01667	0.01111	0.00953	0.00635	0.00318	0.00794	0.00556	0.00635	0.01111
39	0.02699	0.02429	0.11752	0.27594	0.04824	0.02191	0.02511	0.03565	0.07194	0.16708	0.02563	0.02899	0.01810	0.01167	0.01187	0.00341	0.05524	0.00939	0.00709	0.01395
40	0.01542	0.01180	0.01640	0.01578	0.01728	0.01339	0.01193	0.01863	0.01914	0.02738	0.15563	0.05160	0.04327	0.14954	0.31662	0.01113	0.07594	0.01324	0.00689	0.00900
41	0.02052	0.22905	0.07439	0.20386	0.03832	0.02508	0.02007	0.02570	0.02236	0.02842	0.11048	0.03978	0.09708	0.01334	0.00950	0.00297	0.01048	0.01080	0.00613	0.01167
42	0.02607	0.02245	0.03696	0.13234	0.31103	0.02271	0.07337	0.03418	0.06960	0.08563	0.02317	0.02762	0.01791	0.00990	0.01020	0.00308	0.01186	0.00951	0.00628	0.06612
43	0.01983	0.02071	0.06710	0.15806	0.03542	0.02299	0.02131	0.02676	0.07136	0.03003	0.10716	0.08562	0.03271	0.01688	0.01923	0.00383	0.23054	0.01237	0.00654	0.01155
44	0.08404	0.11617	0.07648	0.01721	0.02462	0.01966	0.01544	0.03117	0.06227	0.10915	0.08428	0.09075	0.03086	0.01320	0.00915	0.00275	0.00858	0.01072	0.00781	0.18568
45	0.02737	0.01433	0.01882	0.01707	0.02169	0.01356	0.01382	0.03397	0.07774	0.23497	0.17541	0.10372	0.05406	0.01971	0.01183	0.00364	0.00769	0.12642	0.01119	0.01300
46	0.02193	0.01940	0.02476	0.01810	0.02701	0.01584	0.05670	0.02917	0.07270	0.03430	0.02070	0.02344	0.01677	0.00829	0.00825	0.00187	0.00846	0.00711	0.00642	0.57877
47	0.01420	0.00985	0.01243	0.01383	0.01450	0.00961	0.00941	0.01578	0.01841	0.02441	0.04625	0.31020	0.05381	0.28003	0.02931	0.00663	0.00820	0.10731	0.00816	0.00766
48	0.02626	0.13818	0.12249	0.14677	0.03980	0.02489	0.05883	0.06282	0.07625	0.10929	0.02673	0.07729	0.02175	0.01245	0.00991	0.00319	0.01166	0.01053	0.00700	0.01391
49	0.02242	0.06536	0.01475	0.01109	0.01456	0.01278	0.00883	0.02700	0.02221	0.08904	0.03248	0.03605	0.02508	0.01175	0.00742	0.00245	0.00570	0.00928	0.57111	0.01063
50	0.02413	0.02453	0.11858	0.02144	0.02890	0.01967	0.06195	0.06303	0.02315	0.07363	0.02252	0.02634	0.01749	0.01110	0.01263	0.00280	0.10345	0.00842	0.13191	0.20431
51	0.14512	0.02314	0.06273	0.11214	0.03428	0.02285	0.01929	0.13681	0.02740	0.16693	0.02362	0.02542	0.01681	0.01151	0.01137	0.00316	0.06316	0.00844	0.00801	0.07780
52	0.14007	0.05099	0.05429	0.01866	0.02391	0.02147	0.01577	0.07343	0.08716	0.06568	0.07507	0.12528	0.03212	0.01602	0.01304	0.00336	0.09299	0.01235	0.00795	0.07039

[dist]
# distance from previous block
# <min> <max>
0	262

# created by:
# /st0/software/busco_prod/Augustus/scripts/msa2prfl.pl ./align_prep/9946.fa
