[name]
unknown

[dist]
# distance from previous block
# <min> <max>
0	171

[block]
# block no. 0 follows, 14 sequences, length 20
# corresponding to MSA columns:
# 171-190
name=unknown_A
#
# <colnr> <probs for GDERKNQSTAVLIFYWHMCP>
#	G	D	E	R	K	N	Q	S	T	A	V	L	I	F	Y	W	H	M	C	P
0	0.01369	0.01073	0.01487	0.11078	0.02380	0.01080	0.01237	0.01660	0.02089	0.02735	0.08925	0.42794	0.12842	0.02708	0.01245	0.00389	0.00703	0.02425	0.00884	0.00896
1	0.02524	0.06248	0.06930	0.27098	0.17536	0.07681	0.02684	0.07974	0.05493	0.03269	0.01999	0.02547	0.01552	0.01031	0.00991	0.00315	0.01316	0.00874	0.00559	0.01377
2	0.14158	0.17295	0.13067	0.09074	0.03378	0.02489	0.02071	0.03626	0.02299	0.19879	0.02344	0.02433	0.01658	0.01044	0.00869	0.00299	0.01088	0.00777	0.00724	0.01428
3	0.12579	0.01084	0.01259	0.01403	0.01573	0.01084	0.00980	0.01734	0.02018	0.03082	0.09828	0.48045	0.06143	0.02744	0.01191	0.00392	0.00617	0.02435	0.00918	0.00891
4	0.04918	0.11716	0.02538	0.01816	0.02257	0.01860	0.05171	0.05284	0.02374	0.03241	0.12440	0.09245	0.08425	0.02955	0.11676	0.00580	0.01228	0.10414	0.00783	0.01078
5	0.08177	0.19339	0.03431	0.05959	0.09480	0.02723	0.01886	0.07029	0.05444	0.11704	0.07106	0.02878	0.02411	0.01207	0.01133	0.00304	0.06768	0.00900	0.00729	0.01392
6	0.02171	0.02391	0.07305	0.14650	0.09526	0.02244	0.25094	0.03058	0.05604	0.03359	0.11009	0.03563	0.02921	0.01137	0.01135	0.00337	0.01347	0.01203	0.00632	0.01314
7	0.02460	0.01904	0.03129	0.43526	0.13937	0.02179	0.02678	0.03086	0.02238	0.11727	0.02200	0.02829	0.01596	0.01049	0.01025	0.00332	0.01266	0.00932	0.00595	0.01311
8	0.02571	0.09581	0.29407	0.03665	0.18202	0.02467	0.06144	0.03414	0.02310	0.09645	0.02099	0.02408	0.01549	0.00978	0.00977	0.00310	0.01335	0.00839	0.00557	0.01546
9	0.06864	0.02614	0.18179	0.02234	0.06010	0.01690	0.02074	0.03363	0.02397	0.21887	0.03998	0.13220	0.07896	0.01586	0.01053	0.00338	0.00994	0.01331	0.00867	0.01405
10	0.01928	0.01159	0.01572	0.01679	0.01919	0.01109	0.01338	0.02262	0.02248	0.10418	0.05111	0.24993	0.05504	0.08202	0.01674	0.00482	0.00838	0.25608	0.00963	0.00994
11	0.02356	0.04915	0.49636	0.02834	0.04238	0.02513	0.03494	0.11476	0.02597	0.03770	0.01942	0.02215	0.01372	0.01017	0.00983	0.00322	0.01454	0.00785	0.00529	0.01554
12	0.03160	0.05844	0.08645	0.07582	0.10043	0.02091	0.13112	0.03759	0.02514	0.24441	0.02956	0.06458	0.02202	0.01189	0.01058	0.00325	0.01189	0.01106	0.00817	0.01510
13	0.02120	0.10613	0.53850	0.02820	0.04280	0.02533	0.03609	0.03234	0.02159	0.03175	0.01804	0.02120	0.01301	0.00966	0.00947	0.00316	0.01479	0.00740	0.00434	0.01499
14	0.01757	0.01165	0.01477	0.01503	0.01828	0.01073	0.01235	0.02159	0.02516	0.08401	0.16941	0.09519	0.22179	0.02469	0.01277	0.00390	0.00716	0.21379	0.01014	0.01001
15	0.03683	0.02138	0.02838	0.12046	0.08679	0.02207	0.02000	0.17000	0.06175	0.27819	0.03091	0.03037	0.02094	0.01194	0.01029	0.00320	0.01048	0.00981	0.00992	0.01630
16	0.02362	0.04762	0.09995	0.02018	0.02593	0.01699	0.04727	0.06148	0.06301	0.12829	0.04136	0.27554	0.04118	0.02051	0.01149	0.00365	0.00925	0.04106	0.00900	0.01261
17	0.01980	0.01310	0.01727	0.14856	0.02866	0.01293	0.01379	0.02365	0.02319	0.11770	0.06428	0.12325	0.26512	0.01990	0.01115	0.00340	0.00773	0.01689	0.05887	0.01074
18	0.03340	0.02355	0.02622	0.02142	0.02793	0.02547	0.01740	0.38608	0.04058	0.08688	0.03306	0.13066	0.02931	0.01679	0.01103	0.00339	0.01013	0.05112	0.01023	0.01536
19	0.02608	0.03096	0.24560	0.02437	0.03370	0.01885	0.08694	0.03307	0.02245	0.16805	0.02716	0.03445	0.02129	0.11707	0.05989	0.00530	0.01387	0.01026	0.00693	0.01370

[dist]
# distance from previous block
# <min> <max>
4	11

[block]
# block no. 1 follows, 14 sequences, length 8
# corresponding to MSA columns:
# 202-209
name=unknown_B
#
# <colnr> <probs for GDERKNQSTAVLIFYWHMCP>
#	G	D	E	R	K	N	Q	S	T	A	V	L	I	F	Y	W	H	M	C	P
0	0.35248	0.06693	0.02309	0.01716	0.02429	0.05902	0.01425	0.09869	0.02552	0.19552	0.02298	0.02285	0.01616	0.01077	0.00814	0.00306	0.00945	0.00740	0.00840	0.01386
1	0.28384	0.02004	0.02932	0.02361	0.03048	0.02043	0.16061	0.03174	0.02225	0.11154	0.02801	0.04292	0.02431	0.01364	0.01014	0.00358	0.01099	0.11264	0.00753	0.01239
2	0.01942	0.01611	0.01920	0.01457	0.02185	0.01258	0.01148	0.02406	0.02342	0.03556	0.16990	0.03650	0.03764	0.01128	0.00884	0.00199	0.00684	0.00951	0.00751	0.51173
3	0.71184	0.01985	0.01508	0.01350	0.01985	0.02302	0.01111	0.03017	0.01746	0.04604	0.01429	0.01667	0.01111	0.00953	0.00635	0.00318	0.00794	0.00556	0.00635	0.01111
4	0.01532	0.01143	0.01464	0.01618	0.01802	0.01149	0.01215	0.02151	0.08941	0.03054	0.09148	0.38677	0.06313	0.02807	0.01296	0.00415	0.00703	0.14625	0.00975	0.00972
5	0.08579	0.08603	0.03762	0.14092	0.13917	0.02809	0.08870	0.09561	0.02399	0.03466	0.01795	0.02373	0.01457	0.01135	0.01415	0.00337	0.12638	0.00881	0.00561	0.01351
6	0.43703	0.02103	0.02062	0.07648	0.02795	0.02365	0.01489	0.12631	0.02489	0.11284	0.01979	0.02144	0.01428	0.01050	0.00795	0.00318	0.00923	0.00717	0.00767	0.01308
7	0.03341	0.02177	0.02480	0.01910	0.02642	0.02167	0.01530	0.26177	0.03426	0.15535	0.02735	0.03133	0.02105	0.09081	0.01500	0.00362	0.00979	0.00947	0.00931	0.16839

[dist]
# distance from previous block
# <min> <max>
4	12

[block]
# block no. 2 follows, 14 sequences, length 7
# corresponding to MSA columns:
# 223-229
name=unknown_C
#
# <colnr> <probs for GDERKNQSTAVLIFYWHMCP>
#	G	D	E	R	K	N	Q	S	T	A	V	L	I	F	Y	W	H	M	C	P
0	0.02158	0.04612	0.44215	0.03309	0.04694	0.02441	0.17496	0.03260	0.02237	0.03260	0.01906	0.02331	0.01370	0.00945	0.01040	0.00331	0.01575	0.00882	0.00457	0.01480
1	0.71184	0.01985	0.01508	0.01350	0.01985	0.02302	0.01111	0.03017	0.01746	0.04604	0.01429	0.01667	0.01111	0.00953	0.00635	0.00318	0.00794	0.00556	0.00635	0.01111
2	0.01487	0.01016	0.01225	0.01225	0.01262	0.01052	0.00754	0.01560	0.01524	0.02068	0.03137	0.06180	0.03498	0.52711	0.16129	0.01125	0.01345	0.01414	0.00607	0.00681
3	0.02128	0.01824	0.02128	0.01520	0.02432	0.01368	0.01216	0.02584	0.02128	0.03344	0.01824	0.02128	0.01520	0.00760	0.00760	0.00152	0.00760	0.00608	0.00608	0.70208
4	0.01703	0.01468	0.02169	0.34796	0.04538	0.01667	0.01929	0.02226	0.02156	0.02816	0.04754	0.05155	0.19375	0.01550	0.01049	0.00331	0.00989	0.01319	0.08982	0.01030
5	0.10496	0.07240	0.02602	0.01797	0.02604	0.01998	0.01504	0.10660	0.02873	0.33335	0.03032	0.02820	0.02041	0.01125	0.00920	0.00283	0.00901	0.00867	0.01007	0.11896
6	0.20133	0.48655	0.04394	0.01653	0.02469	0.03614	0.01592	0.03059	0.01999	0.02971	0.01427	0.01651	0.01265	0.00897	0.00653	0.00244	0.01020	0.00550	0.00489	0.01265

[dist]
# distance from previous block
# <min> <max>
0	2

[block]
# block no. 3 follows, 14 sequences, length 52
# corresponding to MSA columns:
# 232-283
name=unknown_D
#
# <colnr> <probs for GDERKNQSTAVLIFYWHMCP>
#	G	D	E	R	K	N	Q	S	T	A	V	L	I	F	Y	W	H	M	C	P
0	0.01368	0.01020	0.01167	0.01163	0.01432	0.00908	0.00860	0.01720	0.02486	0.03337	0.26010	0.14076	0.29779	0.02353	0.01176	0.00335	0.00511	0.02021	0.07370	0.00908
1	0.02744	0.64552	0.05378	0.01756	0.02634	0.04061	0.01756	0.03073	0.02085	0.02414	0.01427	0.01646	0.01317	0.00878	0.00658	0.00219	0.01097	0.00549	0.00439	0.01317
2	0.01344	0.00997	0.01254	0.01290	0.01492	0.00907	0.00929	0.01690	0.02501	0.03394	0.32134	0.25918	0.17276	0.02547	0.01243	0.00357	0.00526	0.02252	0.01041	0.00907
3	0.02456	0.01553	0.02090	0.01836	0.02250	0.01643	0.01483	0.03014	0.05913	0.15813	0.06747	0.04281	0.03068	0.03531	0.20240	0.00759	0.09300	0.04809	0.00814	0.08401
4	0.03866	0.02309	0.03492	0.02598	0.03460	0.02235	0.14741	0.17901	0.03320	0.30412	0.03124	0.03032	0.02078	0.01158	0.01075	0.00322	0.01158	0.01048	0.01016	0.01655
5	0.01811	0.01142	0.01408	0.01287	0.01637	0.01011	0.00984	0.02214	0.02735	0.11132	0.35358	0.07774	0.23327	0.02139	0.01187	0.00329	0.00549	0.01838	0.01094	0.01044
6	0.01938	0.01824	0.03078	0.61468	0.07068	0.02280	0.02850	0.02622	0.02052	0.02622	0.01824	0.02736	0.01368	0.01026	0.01026	0.00342	0.01368	0.00912	0.00456	0.01140
7	0.08232	0.01877	0.02451	0.15797	0.03587	0.01974	0.01804	0.07437	0.10452	0.26389	0.06810	0.03444	0.02676	0.01261	0.01015	0.00327	0.00965	0.01036	0.00975	0.01488
8	0.09994	0.53643	0.04765	0.01719	0.02565	0.03699	0.01672	0.03202	0.02110	0.06553	0.01611	0.01778	0.01381	0.00913	0.00682	0.00237	0.01050	0.00583	0.00518	0.01326
9	0.01938	0.01824	0.03078	0.61468	0.07068	0.02280	0.02850	0.02622	0.02052	0.02622	0.01824	0.02736	0.01368	0.01026	0.01026	0.00342	0.01368	0.00912	0.00456	0.01140
10	0.18432	0.02828	0.03369	0.02968	0.07297	0.14042	0.12095	0.03130	0.02101	0.03195	0.01600	0.02159	0.01350	0.01207	0.01656	0.00351	0.19637	0.00835	0.00526	0.01223
11	0.02163	0.01883	0.03149	0.52091	0.12047	0.02249	0.02799	0.02822	0.02136	0.06091	0.01971	0.02762	0.01466	0.01029	0.01025	0.00337	0.01322	0.00920	0.00511	0.01227
12	0.01363	0.01017	0.01361	0.01413	0.01596	0.01015	0.01039	0.01687	0.02141	0.02925	0.17758	0.23531	0.13008	0.04300	0.20077	0.00780	0.01250	0.01975	0.00866	0.00897
13	0.02760	0.02032	0.02018	0.07877	0.02674	0.12069	0.01447	0.03132	0.02655	0.18556	0.12051	0.05568	0.19543	0.01712	0.01089	0.00320	0.00949	0.01398	0.00935	0.01216
14	0.02110	0.01733	0.05894	0.01547	0.02005	0.01588	0.01309	0.07685	0.13191	0.04194	0.17619	0.04600	0.04428	0.01462	0.00961	0.00296	0.00684	0.01219	0.26268	0.01207
15	0.01250	0.00893	0.01191	0.01429	0.01488	0.00834	0.00953	0.01429	0.01965	0.02620	0.05656	0.63265	0.06787	0.03215	0.01310	0.00417	0.00595	0.02917	0.00953	0.00834
16	0.02664	0.02260	0.02884	0.20316	0.09132	0.02599	0.02203	0.15115	0.23522	0.04185	0.02889	0.03083	0.02160	0.01203	0.01032	0.00333	0.01086	0.01011	0.00815	0.01506
17	0.03668	0.04616	0.02933	0.02649	0.03123	0.53919	0.02010	0.03928	0.02769	0.02507	0.01561	0.01892	0.01325	0.01134	0.01179	0.00284	0.08114	0.00686	0.00520	0.01183
18	0.02744	0.64552	0.05378	0.01756	0.02634	0.04061	0.01756	0.03073	0.02085	0.02414	0.01427	0.01646	0.01317	0.00878	0.00658	0.00219	0.01097	0.00549	0.00439	0.01317
19	0.02027	0.01954	0.02894	0.02503	0.02609	0.02563	0.05441	0.02313	0.01683	0.02526	0.02073	0.08919	0.02125	0.02840	0.12193	0.00634	0.41941	0.01162	0.00523	0.01077
20	0.02362	0.06389	0.09260	0.10098	0.25377	0.02181	0.05952	0.02972	0.02340	0.07169	0.07476	0.08593	0.02825	0.01273	0.01049	0.00321	0.01142	0.01173	0.00644	0.01402
21	0.03306	0.14341	0.13311	0.07794	0.03649	0.02439	0.06912	0.07669	0.02655	0.23973	0.02661	0.02698	0.01833	0.01082	0.00967	0.00305	0.01172	0.00890	0.00804	0.01536
22	0.01311	0.00962	0.01236	0.01378	0.01523	0.00887	0.00976	0.01581	0.02230	0.02972	0.16720	0.41737	0.13959	0.02883	0.01283	0.00392	0.00584	0.05526	0.00988	0.00872
23	0.02843	0.02499	0.02461	0.02173	0.02767	0.07866	0.01716	0.13474	0.38466	0.04420	0.03727	0.03932	0.02913	0.01431	0.01055	0.00342	0.00972	0.04398	0.00987	0.01559
24	0.02605	0.31219	0.03967	0.12075	0.07312	0.12573	0.02015	0.03002	0.02246	0.02591	0.02107	0.06703	0.02022	0.01223	0.00884	0.00284	0.01233	0.04178	0.00530	0.01231
25	0.02573	0.03235	0.22396	0.14349	0.14531	0.02266	0.09977	0.03395	0.02332	0.11758	0.02232	0.02630	0.01601	0.01004	0.01033	0.00326	0.01363	0.00920	0.00594	0.01485
26	0.01334	0.01005	0.01254	0.01421	0.01608	0.00925	0.01066	0.01606	0.02170	0.02771	0.07022	0.35137	0.21641	0.02941	0.01306	0.00409	0.00655	0.13908	0.00951	0.00870
27	0.02867	0.03990	0.36645	0.02720	0.03973	0.02137	0.07724	0.03786	0.02425	0.19985	0.02535	0.02626	0.01701	0.01055	0.01014	0.00325	0.01341	0.00883	0.00696	0.01574
28	0.05690	0.01992	0.03152	0.18911	0.21979	0.02104	0.05772	0.03031	0.06044	0.06330	0.06402	0.03782	0.07950	0.01243	0.01048	0.00327	0.01106	0.01127	0.00666	0.01345
29	0.01776	0.01702	0.07353	0.11785	0.03155	0.01441	0.07060	0.02217	0.02108	0.06343	0.04198	0.37530	0.04572	0.02279	0.01204	0.00382	0.00943	0.02090	0.00799	0.01063
30	0.01313	0.00980	0.01233	0.01386	0.01553	0.00899	0.01006	0.01578	0.02191	0.02852	0.11449	0.38809	0.18758	0.02918	0.01292	0.00399	0.00614	0.08934	0.00968	0.00868
31	0.07981	0.02160	0.03214	0.02510	0.03096	0.02350	0.10487	0.07091	0.02484	0.25103	0.02619	0.02802	0.01865	0.01337	0.01741	0.00361	0.19525	0.00982	0.00837	0.01454
32	0.02637	0.07010	0.24593	0.03121	0.04256	0.02520	0.19987	0.06877	0.06249	0.09219	0.02331	0.02614	0.01674	0.01009	0.01051	0.00326	0.01424	0.00966	0.00631	0.01507
33	0.01326	0.00989	0.01376	0.06975	0.02007	0.00976	0.01129	0.01570	0.02030	0.02712	0.08447	0.54258	0.06463	0.02944	0.01277	0.00404	0.00660	0.02667	0.00918	0.00870
34	0.02099	0.02023	0.02826	0.02504	0.02531	0.02750	0.02072	0.02342	0.01681	0.02539	0.02120	0.08706	0.02268	0.02022	0.02999	0.00448	0.50765	0.05684	0.00541	0.01080
35	0.04125	0.02029	0.06162	0.01921	0.02713	0.01672	0.01663	0.09130	0.02988	0.45757	0.03870	0.07627	0.02690	0.01387	0.01048	0.00324	0.00920	0.01140	0.01168	0.01665
36	0.03585	0.02228	0.08033	0.02274	0.03091	0.01821	0.09133	0.08684	0.02904	0.33695	0.06939	0.07088	0.02933	0.01354	0.01080	0.00328	0.01036	0.01190	0.01035	0.01568
37	0.03641	0.02216	0.06354	0.02018	0.02773	0.02004	0.01749	0.15077	0.09858	0.29821	0.07228	0.03954	0.03028	0.01400	0.01062	0.00329	0.00943	0.03825	0.01103	0.01618
38	0.07585	0.02008	0.02842	0.32724	0.09014	0.02298	0.02319	0.12231	0.02642	0.08700	0.02225	0.02737	0.01629	0.01083	0.00977	0.00322	0.01167	0.00903	0.05266	0.01328
39	0.10207	0.07221	0.10395	0.02231	0.03023	0.02300	0.07239	0.11755	0.07608	0.14710	0.02774	0.06393	0.02163	0.01404	0.01192	0.05043	0.01077	0.01027	0.00815	0.01423
40	0.11308	0.05948	0.02901	0.07559	0.03235	0.02273	0.07036	0.13236	0.06214	0.11375	0.02972	0.03083	0.05749	0.01161	0.00950	0.00294	0.01015	0.00956	0.00801	0.11932
41	0.14288	0.02497	0.09765	0.11870	0.11224	0.02220	0.02145	0.11153	0.02523	0.03974	0.01979	0.02376	0.01524	0.00990	0.00885	0.00285	0.01064	0.00784	0.05260	0.13194
42	0.17519	0.08476	0.02634	0.02064	0.06440	0.02169	0.01569	0.10282	0.02680	0.22666	0.02813	0.06658	0.02157	0.01226	0.00907	0.00299	0.00911	0.00956	0.00894	0.06679
43	0.02958	0.01842	0.02717	0.05079	0.02990	0.01776	0.08776	0.10659	0.02881	0.19555	0.11551	0.04496	0.03544	0.01594	0.01304	0.05048	0.00994	0.05717	0.00942	0.05577
44	0.20697	0.06681	0.07852	0.02115	0.02793	0.06205	0.05483	0.09252	0.02462	0.10472	0.02484	0.09763	0.02157	0.01366	0.01115	0.00331	0.05679	0.01048	0.00737	0.01308
45	0.18000	0.09813	0.02753	0.15618	0.03548	0.02399	0.01789	0.07110	0.07933	0.13925	0.02393	0.02563	0.01744	0.01073	0.00881	0.00303	0.01003	0.00819	0.00756	0.05575
46	0.08603	0.06384	0.03018	0.14659	0.03687	0.02115	0.10288	0.06303	0.05464	0.06931	0.12631	0.09162	0.03601	0.01431	0.01056	0.00332	0.01044	0.01284	0.00772	0.01235
47	0.12449	0.12213	0.10546	0.10023	0.03311	0.02293	0.01902	0.06246	0.02289	0.03528	0.05129	0.02435	0.01892	0.00987	0.00838	0.00258	0.01015	0.00751	0.00600	0.21294
48	0.09385	0.10540	0.02537	0.01721	0.02342	0.02071	0.01426	0.12439	0.02976	0.20201	0.15293	0.07818	0.04001	0.01497	0.01001	0.00310	0.00836	0.01214	0.00999	0.01390
49	0.13072	0.11355	0.06767	0.07555	0.03272	0.06382	0.01929	0.18890	0.03084	0.14769	0.02320	0.02400	0.01656	0.01103	0.00911	0.00300	0.01123	0.00811	0.00811	0.01489
50	0.11547	0.08931	0.07937	0.06012	0.03111	0.02466	0.01865	0.13272	0.10931	0.14936	0.02655	0.02659	0.01909	0.01119	0.00919	0.00300	0.01010	0.00857	0.00843	0.06722
51	0.14514	0.07547	0.02460	0.01786	0.02378	0.02033	0.04796	0.06657	0.09229	0.10752	0.14655	0.04010	0.03743	0.05847	0.01269	0.00355	0.00863	0.01117	0.00874	0.05118

[dist]
# distance from previous block
# <min> <max>
2	77

[block]
# block no. 4 follows, 14 sequences, length 43
# corresponding to MSA columns:
# 361-403
name=unknown_E
#
# <colnr> <probs for GDERKNQSTAVLIFYWHMCP>
#	G	D	E	R	K	N	Q	S	T	A	V	L	I	F	Y	W	H	M	C	P
0	0.02780	0.01933	0.02409	0.10856	0.03236	0.01868	0.01643	0.10708	0.07557	0.13593	0.02798	0.06906	0.02226	0.01189	0.00952	0.00270	0.00920	0.00987	0.00829	0.26341
1	0.06537	0.02128	0.06486	0.07580	0.03225	0.01900	0.05366	0.03709	0.07400	0.21217	0.06172	0.03161	0.02451	0.01190	0.01132	0.00305	0.04841	0.00971	0.00855	0.13372
2	0.02958	0.02247	0.06523	0.02427	0.07790	0.04803	0.05054	0.08123	0.02771	0.18621	0.11225	0.03599	0.03159	0.01685	0.05100	0.00386	0.01133	0.01062	0.00875	0.10460
3	0.07419	0.02409	0.10591	0.11445	0.03521	0.02109	0.02102	0.06907	0.07310	0.12831	0.02735	0.03500	0.02168	0.01302	0.01189	0.00329	0.06025	0.05513	0.00761	0.09833
4	0.12042	0.07746	0.02533	0.01779	0.02546	0.02070	0.01475	0.06582	0.11163	0.26548	0.03072	0.02883	0.02144	0.01131	0.00906	0.00287	0.00868	0.00876	0.00961	0.12389
5	0.08879	0.02157	0.07442	0.05529	0.02829	0.01848	0.01672	0.07670	0.02471	0.12251	0.07392	0.03136	0.02500	0.04424	0.01292	0.00314	0.04789	0.00913	0.00766	0.21725
6	0.02626	0.07756	0.02903	0.05718	0.02981	0.02119	0.05826	0.06453	0.07362	0.11459	0.06616	0.03348	0.05257	0.01237	0.01168	0.00286	0.06247	0.00996	0.00779	0.18862
7	0.12526	0.02182	0.06290	0.01784	0.02460	0.06905	0.01523	0.03382	0.02415	0.20157	0.07539	0.06963	0.02868	0.01823	0.05743	0.00403	0.01084	0.01041	0.00856	0.12056
8	0.08884	0.01764	0.02141	0.07288	0.02743	0.01882	0.01564	0.07348	0.10803	0.11522	0.03541	0.15880	0.03265	0.01729	0.01202	0.00348	0.04732	0.04764	0.00879	0.07722
9	0.02357	0.01897	0.02803	0.20594	0.08991	0.02067	0.05306	0.07602	0.10369	0.07587	0.15471	0.04076	0.03744	0.01348	0.01084	0.00330	0.01032	0.01200	0.00817	0.01325
10	0.03147	0.01792	0.02232	0.01646	0.02509	0.01426	0.01336	0.03578	0.02461	0.25926	0.02739	0.02689	0.01940	0.00970	0.00872	0.00220	0.00807	0.00782	0.00880	0.42048
11	0.01473	0.00987	0.01125	0.01144	0.01149	0.00982	0.00649	0.01487	0.01531	0.02041	0.03431	0.11320	0.03980	0.58991	0.04905	0.00948	0.00962	0.01608	0.00649	0.00639
12	0.04354	0.01673	0.02249	0.01745	0.02487	0.01457	0.01435	0.04759	0.02864	0.53193	0.03984	0.03524	0.02549	0.01263	0.01003	0.00310	0.00837	0.01025	0.07616	0.01673
13	0.01472	0.01352	0.05693	0.01496	0.01796	0.01083	0.01236	0.01945	0.02560	0.03599	0.36900	0.17473	0.07825	0.02646	0.05285	0.00440	0.00764	0.04462	0.00995	0.00980
14	0.01693	0.01108	0.01414	0.01303	0.01607	0.01001	0.00989	0.02139	0.02830	0.08635	0.46009	0.07606	0.15560	0.02095	0.01195	0.00326	0.00523	0.01827	0.01118	0.01022
15	0.02670	0.54699	0.09773	0.01883	0.02794	0.03801	0.01923	0.03268	0.06137	0.02629	0.01670	0.01856	0.01453	0.00925	0.00715	0.00238	0.01112	0.00613	0.00484	0.01357
16	0.07937	0.12982	0.31617	0.02496	0.03639	0.02441	0.07464	0.03177	0.02218	0.07346	0.02719	0.02912	0.06526	0.01120	0.00948	0.00312	0.01275	0.00902	0.00569	0.01399
17	0.01409	0.01042	0.01321	0.01305	0.01547	0.00954	0.00985	0.01828	0.02689	0.03687	0.41089	0.13401	0.16839	0.02334	0.01235	0.00346	0.00533	0.05446	0.01072	0.00938
18	0.03834	0.02250	0.02664	0.02117	0.02827	0.02383	0.01733	0.21768	0.12809	0.26992	0.03336	0.03111	0.02288	0.01316	0.01197	0.00329	0.05269	0.01008	0.01089	0.01680
19	0.13935	0.15220	0.14974	0.01960	0.02932	0.02496	0.01967	0.09013	0.02433	0.07509	0.01912	0.02098	0.01462	0.00951	0.00815	0.00259	0.01046	0.00686	0.00635	0.17698
20	0.56709	0.06095	0.05776	0.01523	0.02247	0.02353	0.01370	0.03198	0.01894	0.08741	0.01671	0.01849	0.01254	0.00975	0.00692	0.00312	0.00869	0.00608	0.00661	0.01204
21	0.03901	0.02874	0.03080	0.02361	0.03182	0.03182	0.01951	0.54111	0.04825	0.06468	0.02464	0.02464	0.01745	0.01232	0.01027	0.00308	0.01129	0.00924	0.01027	0.01745
22	0.02128	0.01824	0.02128	0.01520	0.02432	0.01368	0.01216	0.02584	0.02128	0.03344	0.01824	0.02128	0.01520	0.00760	0.00760	0.00152	0.00760	0.00608	0.00608	0.70208
23	0.10785	0.01769	0.02300	0.01782	0.02561	0.01582	0.01471	0.04817	0.02827	0.53265	0.03805	0.03323	0.02408	0.01241	0.00995	0.00318	0.00866	0.00988	0.01211	0.01687
24	0.03670	0.13920	0.08281	0.02003	0.02852	0.02469	0.01835	0.17290	0.03158	0.25737	0.02896	0.02777	0.01994	0.01155	0.00937	0.00293	0.01018	0.00884	0.05235	0.01596
25	0.08328	0.01762	0.02197	0.06647	0.02750	0.01780	0.01555	0.12874	0.02953	0.23577	0.08602	0.12172	0.03662	0.01669	0.01082	0.00342	0.00886	0.04734	0.01032	0.01397
26	0.04208	0.13424	0.02987	0.01853	0.02665	0.02106	0.01587	0.08352	0.02922	0.44031	0.03445	0.03074	0.02254	0.01195	0.00963	0.00299	0.00934	0.00935	0.01098	0.01667
27	0.71184	0.01985	0.01508	0.01350	0.01985	0.02302	0.01111	0.03017	0.01746	0.04604	0.01429	0.01667	0.01111	0.00953	0.00635	0.00318	0.00794	0.00556	0.00635	0.01111
28	0.01321	0.00969	0.01252	0.01428	0.01570	0.00900	0.01031	0.01580	0.02158	0.02837	0.10766	0.43278	0.14146	0.02974	0.01303	0.00407	0.00625	0.09623	0.00967	0.00866
29	0.02197	0.02321	0.04700	0.22364	0.05611	0.02365	0.32737	0.02968	0.02298	0.03055	0.02304	0.03566	0.01896	0.01097	0.01171	0.00356	0.01542	0.05649	0.00538	0.01266
30	0.01558	0.01198	0.01636	0.01771	0.06458	0.01100	0.01173	0.01991	0.02612	0.03697	0.37971	0.17711	0.07799	0.02113	0.01179	0.00327	0.00591	0.01888	0.01002	0.06225
31	0.59992	0.02027	0.01774	0.01568	0.02100	0.02439	0.01295	0.02928	0.01718	0.04258	0.01416	0.01761	0.01150	0.01090	0.01079	0.00339	0.10740	0.00611	0.00605	0.01113
32	0.02917	0.58688	0.05098	0.01762	0.02633	0.03822	0.01733	0.03253	0.02165	0.07628	0.01672	0.01819	0.01431	0.00915	0.00693	0.00229	0.01077	0.00594	0.00517	0.01357
33	0.02101	0.01749	0.02918	0.31051	0.04875	0.01873	0.08587	0.02677	0.02224	0.07405	0.06408	0.11773	0.02855	0.01389	0.01078	0.00332	0.01144	0.01284	0.00662	0.07614
34	0.01567	0.01146	0.01425	0.01477	0.01688	0.01109	0.01078	0.06515	0.02510	0.03370	0.17724	0.36480	0.11552	0.02689	0.01258	0.00382	0.00635	0.05435	0.01000	0.00960
35	0.01662	0.00986	0.01126	0.01172	0.01390	0.00952	0.00880	0.02077	0.02271	0.03537	0.12815	0.15100	0.08537	0.01904	0.00986	0.00309	0.00542	0.05815	0.37009	0.00931
36	0.03573	0.15311	0.03014	0.01870	0.02599	0.02404	0.01610	0.16631	0.03122	0.24276	0.03117	0.03429	0.02319	0.01278	0.00948	0.00298	0.00954	0.04330	0.07392	0.01525
37	0.01444	0.00988	0.01178	0.01203	0.01258	0.00963	0.00742	0.01564	0.01835	0.02492	0.13651	0.16410	0.05354	0.42201	0.03817	0.00772	0.00833	0.01800	0.00772	0.00722
38	0.50614	0.02007	0.02118	0.01729	0.02435	0.02161	0.06116	0.03464	0.02063	0.15880	0.02046	0.02158	0.01457	0.01012	0.00773	0.00320	0.00898	0.00718	0.00759	0.01272
39	0.42525	0.16690	0.02551	0.01557	0.02157	0.02666	0.01349	0.02882	0.01919	0.03856	0.06610	0.02272	0.01981	0.01115	0.00932	0.00306	0.06160	0.00705	0.00619	0.01148
40	0.08483	0.01249	0.01528	0.01378	0.01751	0.01173	0.01061	0.02512	0.02719	0.13371	0.36986	0.09159	0.10795	0.01935	0.01131	0.00327	0.00588	0.01663	0.01087	0.01103
41	0.03067	0.02442	0.06408	0.07563	0.03119	0.06166	0.01828	0.14914	0.13327	0.14592	0.06786	0.03640	0.02804	0.07034	0.01418	0.00383	0.01061	0.01076	0.00918	0.01454
42	0.07732	0.01868	0.02439	0.06156	0.02837	0.01940	0.04818	0.14127	0.06477	0.16156	0.05722	0.06948	0.02672	0.01770	0.01561	0.12494	0.00973	0.01124	0.00882	0.01304

[dist]
# distance from previous block
# <min> <max>
0	33

[block]
# block no. 5 follows, 14 sequences, length 43
# corresponding to MSA columns:
# 437-479
name=unknown_F
#
# <colnr> <probs for GDERKNQSTAVLIFYWHMCP>
#	G	D	E	R	K	N	Q	S	T	A	V	L	I	F	Y	W	H	M	C	P
0	0.01290	0.00943	0.01218	0.01397	0.01519	0.00871	0.00976	0.01525	0.02123	0.02808	0.11118	0.48474	0.12987	0.03012	0.01295	0.00403	0.00597	0.05617	0.00969	0.00857
1	0.02809	0.02613	0.09421	0.03068	0.04041	0.02170	0.25894	0.03735	0.07301	0.14777	0.02617	0.02865	0.01874	0.00992	0.01072	0.00310	0.01309	0.01040	0.00727	0.11363
2	0.09277	0.15036	0.03478	0.27903	0.04685	0.02529	0.05652	0.03255	0.02224	0.13466	0.02146	0.02552	0.01570	0.01024	0.00925	0.00310	0.01186	0.00845	0.00630	0.01307
3	0.02098	0.01193	0.01572	0.01456	0.01804	0.01083	0.01133	0.02521	0.02738	0.15137	0.33254	0.12241	0.10784	0.02128	0.01202	0.00346	0.00622	0.06466	0.01114	0.01110
4	0.09630	0.01967	0.02439	0.01885	0.02672	0.01870	0.01557	0.13661	0.03184	0.44802	0.03561	0.03167	0.02287	0.01239	0.01000	0.00316	0.00913	0.00976	0.01177	0.01697
5	0.06698	0.02015	0.03005	0.07690	0.03421	0.01984	0.10665	0.11570	0.02887	0.26465	0.03324	0.10148	0.02576	0.01387	0.01075	0.00335	0.01069	0.01236	0.00960	0.01489
6	0.02575	0.01325	0.01748	0.01601	0.02005	0.01226	0.01236	0.03084	0.05674	0.22547	0.18010	0.21442	0.05769	0.02122	0.01179	0.00358	0.00700	0.05046	0.01113	0.01240
7	0.01333	0.00968	0.01234	0.01375	0.01506	0.00902	0.00966	0.01575	0.02138	0.02838	0.13432	0.39137	0.12828	0.08463	0.01649	0.00452	0.00638	0.06772	0.00948	0.00848
8	0.06675	0.02169	0.03416	0.02516	0.03397	0.01986	0.16559	0.08427	0.02753	0.24976	0.02799	0.02850	0.01927	0.01040	0.01014	0.00294	0.01119	0.00973	0.00879	0.14229
9	0.07183	0.10005	0.11634	0.02099	0.02971	0.02372	0.01993	0.16057	0.03063	0.23276	0.02973	0.03343	0.02191	0.01272	0.00986	0.00317	0.01064	0.04717	0.00922	0.01563
10	0.03037	0.02971	0.02762	0.10074	0.07556	0.20218	0.01983	0.18361	0.03157	0.03798	0.02657	0.13519	0.02486	0.01492	0.01046	0.00319	0.01293	0.01207	0.00746	0.01318
11	0.02259	0.09027	0.42298	0.02552	0.03777	0.02245	0.03078	0.03188	0.02210	0.08373	0.02474	0.09508	0.02071	0.01262	0.00996	0.00327	0.01313	0.01025	0.00575	0.01442
12	0.59097	0.02506	0.01760	0.01582	0.02198	0.12623	0.01268	0.03211	0.01955	0.04229	0.01457	0.01700	0.01149	0.00971	0.00687	0.00308	0.00983	0.00575	0.00616	0.01125
13	0.02285	0.01993	0.03401	0.30989	0.15160	0.02222	0.08143	0.02904	0.02259	0.07251	0.07024	0.03177	0.02281	0.01155	0.01216	0.00339	0.05278	0.01039	0.00596	0.01287
14	0.03307	0.02688	0.13305	0.02067	0.03038	0.01987	0.01962	0.14201	0.02964	0.22271	0.02701	0.02660	0.01864	0.01069	0.00947	0.00273	0.01020	0.00844	0.00882	0.19947
15	0.01507	0.01189	0.01527	0.01416	0.01647	0.01210	0.01089	0.01923	0.02653	0.03697	0.42651	0.07389	0.16566	0.02145	0.01467	0.00342	0.07801	0.01794	0.01020	0.00970
16	0.02611	0.02470	0.13236	0.20158	0.04272	0.01871	0.02271	0.03264	0.02293	0.15404	0.02326	0.02627	0.01660	0.00996	0.00943	0.00280	0.01115	0.00824	0.00677	0.20700
17	0.02595	0.01335	0.01729	0.01544	0.01971	0.01244	0.01219	0.03165	0.05773	0.21618	0.22924	0.10358	0.05731	0.01851	0.01121	0.00335	0.00679	0.05863	0.07696	0.01247
18	0.01771	0.01705	0.07082	0.04615	0.02307	0.01495	0.01462	0.02680	0.15123	0.03115	0.09173	0.22653	0.08063	0.02356	0.01571	0.10373	0.00801	0.01746	0.00844	0.01066
19	0.01442	0.01037	0.01349	0.01291	0.01511	0.00961	0.00951	0.01885	0.02780	0.03923	0.51309	0.10989	0.09223	0.05125	0.01408	0.00361	0.00515	0.01903	0.01095	0.00944
20	0.01905	0.01991	0.06695	0.01818	0.02153	0.08262	0.01444	0.05705	0.06431	0.03047	0.04509	0.41946	0.05036	0.02488	0.01195	0.00378	0.00878	0.02191	0.00868	0.01058
21	0.01938	0.01824	0.03078	0.61468	0.07068	0.02280	0.02850	0.02622	0.02052	0.02622	0.01824	0.02736	0.01368	0.01026	0.01026	0.00342	0.01368	0.00912	0.00456	0.01140
22	0.18671	0.02054	0.03236	0.11282	0.03800	0.02141	0.15915	0.03305	0.02239	0.15182	0.02549	0.07316	0.02030	0.01228	0.01136	0.00344	0.04448	0.01091	0.00727	0.01305
23	0.59985	0.01980	0.01648	0.01449	0.02094	0.02251	0.01186	0.03381	0.06016	0.09333	0.01873	0.01996	0.01394	0.01015	0.00702	0.00320	0.00802	0.00645	0.00723	0.01207
24	0.02734	0.07289	0.16305	0.07670	0.03208	0.01843	0.02078	0.03348	0.02515	0.20699	0.13002	0.08346	0.03676	0.01447	0.01043	0.00323	0.01004	0.01214	0.00871	0.01384
25	0.02222	0.13449	0.02986	0.16989	0.03675	0.02180	0.01763	0.02879	0.05731	0.03051	0.01910	0.02310	0.01553	0.00893	0.00829	0.00227	0.00982	0.00713	0.00567	0.35091
26	0.01492	0.01530	0.08139	0.01507	0.01871	0.01115	0.01301	0.02011	0.02666	0.03772	0.42193	0.15949	0.08222	0.02144	0.01198	0.00338	0.00625	0.01896	0.01019	0.01012
27	0.02521	0.02002	0.05057	0.14980	0.03433	0.02004	0.01810	0.14041	0.08002	0.09504	0.11196	0.04595	0.09648	0.05101	0.01316	0.00367	0.00975	0.01257	0.00880	0.01312
28	0.01513	0.00991	0.01316	0.01412	0.01570	0.00914	0.00991	0.01794	0.02300	0.06429	0.20642	0.43307	0.07381	0.02769	0.01264	0.00383	0.00580	0.02491	0.01024	0.00928
29	0.03197	0.07036	0.07673	0.03162	0.14249	0.09390	0.04986	0.18941	0.03134	0.09282	0.02324	0.02773	0.01827	0.05928	0.01319	0.00354	0.01259	0.00923	0.00741	0.01503
30	0.01323	0.00987	0.01231	0.01290	0.01484	0.00894	0.00922	0.01641	0.02421	0.03251	0.27219	0.29564	0.18738	0.02636	0.01249	0.00364	0.00535	0.02331	0.01024	0.00894
31	0.02733	0.02083	0.02273	0.02011	0.02597	0.02337	0.01573	0.05196	0.46367	0.10688	0.07215	0.04011	0.03441	0.01419	0.01052	0.00343	0.00800	0.01185	0.01076	0.01601
32	0.02128	0.01824	0.02128	0.01520	0.02432	0.01368	0.01216	0.02584	0.02128	0.03344	0.01824	0.02128	0.01520	0.00760	0.00760	0.00152	0.00760	0.00608	0.00608	0.70208
33	0.08918	0.02361	0.07611	0.23791	0.05178	0.02271	0.20756	0.03065	0.02227	0.07387	0.02237	0.05623	0.01762	0.01084	0.01066	0.00342	0.01377	0.01082	0.00581	0.01282
34	0.02537	0.01988	0.03136	0.29992	0.09149	0.02144	0.06875	0.03428	0.08620	0.11740	0.02483	0.02914	0.01813	0.01059	0.01019	0.00318	0.01187	0.00958	0.00678	0.07962
35	0.01783	0.00891	0.01337	0.01337	0.01337	0.00891	0.00891	0.01337	0.01337	0.01783	0.01783	0.03119	0.01783	0.03565	0.04011	0.70143	0.00891	0.00891	0.00446	0.00446
36	0.07377	0.03031	0.10806	0.02560	0.07328	0.09168	0.02129	0.18956	0.03272	0.21241	0.02664	0.02630	0.01834	0.01147	0.00987	0.00308	0.01180	0.00882	0.00897	0.01603
37	0.71184	0.01985	0.01508	0.01350	0.01985	0.02302	0.01111	0.03017	0.01746	0.04604	0.01429	0.01667	0.01111	0.00953	0.00635	0.00318	0.00794	0.00556	0.00635	0.01111
38	0.02253	0.02311	0.03364	0.45330	0.11319	0.09148	0.06230	0.02893	0.02206	0.02724	0.01823	0.02614	0.01400	0.01008	0.01026	0.00329	0.01436	0.00903	0.00474	0.01209
39	0.71184	0.01985	0.01508	0.01350	0.01985	0.02302	0.01111	0.03017	0.01746	0.04604	0.01429	0.01667	0.01111	0.00953	0.00635	0.00318	0.00794	0.00556	0.00635	0.01111
40	0.01250	0.00893	0.01191	0.01429	0.01488	0.00834	0.00953	0.01429	0.01965	0.02620	0.05656	0.63265	0.06787	0.03215	0.01310	0.00417	0.00595	0.02917	0.00953	0.00834
41	0.01269	0.00907	0.01207	0.01416	0.01493	0.00846	0.00954	0.01475	0.02050	0.02756	0.10320	0.58213	0.07050	0.03114	0.01301	0.00408	0.00585	0.02821	0.00969	0.00846
42	0.71184	0.01985	0.01508	0.01350	0.01985	0.02302	0.01111	0.03017	0.01746	0.04604	0.01429	0.01667	0.01111	0.00953	0.00635	0.00318	0.00794	0.00556	0.00635	0.01111

[dist]
# distance from previous block
# <min> <max>
0	12

# created by:
# /st0/software/busco_prod/Augustus/scripts/msa2prfl.pl ./align_prep/9958.fa
