[name]
unknown

[dist]
# distance from previous block
# <min> <max>
5	533

[block]
# block no. 0 follows, 11 sequences, length 34
# corresponding to MSA columns:
# 555-588
name=unknown_A
#
# <colnr> <probs for GDERKNQSTAVLIFYWHMCP>
#	G	D	E	R	K	N	Q	S	T	A	V	L	I	F	Y	W	H	M	C	P
0	0.10386	0.02322	0.03195	0.11077	0.07697	0.02399	0.06713	0.13735	0.03106	0.12341	0.02920	0.08134	0.02374	0.01379	0.01101	0.00346	0.01175	0.01188	0.00878	0.07534
1	0.02549	0.02184	0.03254	0.13712	0.12284	0.02188	0.06829	0.03590	0.10673	0.06985	0.03672	0.03950	0.07655	0.01304	0.01112	0.00327	0.01140	0.01172	0.00777	0.14644
2	0.13558	0.01981	0.02700	0.21795	0.08128	0.02212	0.02156	0.07639	0.02544	0.09184	0.02728	0.09109	0.02349	0.01670	0.01386	0.06441	0.01159	0.01191	0.00754	0.01318
3	0.03007	0.07130	0.03437	0.21340	0.13038	0.02431	0.02446	0.03837	0.06980	0.13964	0.02727	0.03069	0.02007	0.01150	0.01059	0.00328	0.01203	0.00981	0.00772	0.09093
4	0.13373	0.02397	0.02485	0.06660	0.03147	0.06218	0.01666	0.11419	0.02967	0.10061	0.03188	0.03314	0.06505	0.01258	0.00982	0.00293	0.01048	0.00963	0.00849	0.21206
5	0.12260	0.02026	0.02976	0.25438	0.04892	0.02290	0.06843	0.07784	0.02548	0.03732	0.02979	0.15494	0.02854	0.01658	0.01150	0.00386	0.01226	0.01468	0.00726	0.01269
6	0.13966	0.02402	0.03105	0.11116	0.03887	0.02629	0.06022	0.12187	0.07011	0.10165	0.02527	0.02825	0.01874	0.01255	0.01297	0.00350	0.06831	0.00966	0.00828	0.08757
7	0.08521	0.02721	0.09136	0.11407	0.07928	0.02461	0.10774	0.07007	0.07925	0.03992	0.02806	0.03965	0.02350	0.01330	0.01138	0.00362	0.01315	0.06126	0.00727	0.08009
8	0.02566	0.08443	0.03104	0.08466	0.03361	0.02232	0.06391	0.08163	0.06523	0.07454	0.16757	0.04974	0.08177	0.01584	0.01148	0.00332	0.01011	0.01373	0.00933	0.07009
9	0.02510	0.01921	0.06489	0.06106	0.02846	0.01570	0.01679	0.03233	0.06257	0.13821	0.17423	0.14716	0.05480	0.01921	0.01201	0.00354	0.00868	0.01671	0.01042	0.08893
10	0.03139	0.02484	0.03171	0.02584	0.03263	0.02745	0.07269	0.14086	0.23485	0.09070	0.08137	0.03968	0.03369	0.01523	0.01395	0.00376	0.05949	0.01260	0.01049	0.01676
11	0.03654	0.02526	0.02656	0.02568	0.07346	0.11152	0.01861	0.10514	0.03214	0.19574	0.03760	0.08980	0.03143	0.01670	0.01149	0.00355	0.01159	0.06039	0.07141	0.01538
12	0.11642	0.02067	0.02950	0.02247	0.03128	0.01879	0.06837	0.05043	0.03018	0.43335	0.03892	0.03527	0.02498	0.01307	0.01106	0.00352	0.01051	0.01097	0.01227	0.01796
13	0.01469	0.01052	0.01405	0.01588	0.01719	0.00988	0.01132	0.01774	0.02432	0.03293	0.16596	0.43159	0.08049	0.03207	0.01425	0.00441	0.00667	0.07554	0.01087	0.00960
14	0.01526	0.01079	0.01226	0.01277	0.01363	0.01030	0.00786	0.01619	0.01917	0.02482	0.05578	0.18235	0.14163	0.38254	0.04045	0.00831	0.00905	0.02084	0.00823	0.00779
15	0.10081	0.31163	0.09485	0.12835	0.04013	0.03573	0.02325	0.08577	0.02591	0.03554	0.01824	0.02197	0.01482	0.01058	0.00878	0.00301	0.01274	0.00749	0.00582	0.01458
16	0.02579	0.01840	0.02199	0.01766	0.02526	0.01557	0.01374	0.03318	0.08027	0.10656	0.03444	0.13811	0.03138	0.01509	0.01027	0.00272	0.00823	0.01289	0.00895	0.37950
17	0.01856	0.01487	0.01820	0.01598	0.02132	0.01211	0.01185	0.02236	0.02358	0.03440	0.09523	0.26441	0.05047	0.02100	0.01136	0.00307	0.00725	0.01857	0.00886	0.32655
18	0.02596	0.02057	0.03065	0.03800	0.23173	0.01880	0.02168	0.03127	0.02588	0.08680	0.08345	0.09888	0.03467	0.01427	0.01101	0.00307	0.00998	0.01290	0.00800	0.19244
19	0.01637	0.01091	0.01228	0.01228	0.01228	0.01091	0.00682	0.01637	0.01637	0.02182	0.03546	0.07365	0.04092	0.60445	0.05729	0.01091	0.01091	0.01637	0.00682	0.00682
20	0.03078	0.38005	0.05439	0.03196	0.12539	0.03857	0.06928	0.08699	0.02718	0.03440	0.01867	0.02210	0.01586	0.01013	0.00900	0.00283	0.01301	0.00794	0.00578	0.01568
21	0.02334	0.02001	0.02334	0.01667	0.02667	0.01500	0.01334	0.02834	0.02334	0.03668	0.02001	0.02334	0.01667	0.00834	0.00834	0.00167	0.00834	0.00667	0.00667	0.67325
22	0.03209	0.25538	0.09128	0.08907	0.09255	0.03585	0.02491	0.17523	0.03241	0.04229	0.02062	0.02369	0.01629	0.01114	0.00964	0.00306	0.01303	0.00836	0.00689	0.01623
23	0.02516	0.02399	0.04082	0.27650	0.34787	0.02603	0.03320	0.03218	0.02435	0.03350	0.02070	0.02873	0.01668	0.01053	0.01119	0.00351	0.01404	0.01002	0.00534	0.01566
24	0.01462	0.01049	0.01387	0.01505	0.01652	0.00975	0.01052	0.01794	0.02576	0.03543	0.25230	0.38776	0.08740	0.03026	0.01392	0.00415	0.00603	0.02725	0.01124	0.00975
25	0.03801	0.08199	0.03542	0.13474	0.04228	0.03216	0.02272	0.32023	0.04218	0.10116	0.02614	0.02781	0.01867	0.01274	0.01089	0.00337	0.01262	0.00983	0.00965	0.01738
26	0.01725	0.01289	0.01619	0.01512	0.01818	0.01253	0.01141	0.02547	0.08473	0.04535	0.47538	0.07946	0.09832	0.02216	0.01308	0.00357	0.00570	0.01952	0.01229	0.01141
27	0.03519	0.02854	0.08421	0.03001	0.08127	0.02621	0.06254	0.19481	0.08910	0.14272	0.03392	0.08256	0.02668	0.01481	0.01168	0.00360	0.01202	0.01270	0.01006	0.01738
28	0.01580	0.01078	0.01293	0.01347	0.01377	0.01082	0.00818	0.01654	0.01758	0.02361	0.04046	0.17847	0.04670	0.44344	0.09131	0.01022	0.01165	0.01921	0.00750	0.00757
29	0.10104	0.09877	0.02455	0.01761	0.02321	0.01980	0.01411	0.03631	0.07048	0.18210	0.04202	0.19821	0.03867	0.01929	0.01092	0.00362	0.00854	0.01616	0.06054	0.01402
30	0.02981	0.03048	0.16485	0.02217	0.03332	0.01956	0.02209	0.03932	0.07109	0.15347	0.02806	0.02863	0.02024	0.01090	0.00995	0.00279	0.01091	0.00874	0.00827	0.28536
31	0.28445	0.18475	0.03192	0.01869	0.02663	0.03075	0.01617	0.07339	0.10301	0.09801	0.02441	0.02480	0.01855	0.01159	0.00853	0.00323	0.01002	0.00799	0.00815	0.01496
32	0.08929	0.02775	0.07503	0.02351	0.03154	0.02698	0.02062	0.19264	0.17287	0.10157	0.03619	0.04275	0.02849	0.01554	0.01139	0.00375	0.01097	0.06169	0.01051	0.01694
33	0.02596	0.07960	0.03003	0.19169	0.04227	0.02654	0.02103	0.08155	0.19397	0.04099	0.06927	0.03779	0.03007	0.01372	0.01079	0.00350	0.01082	0.01138	0.06424	0.01480

[dist]
# distance from previous block
# <min> <max>
5	9

[block]
# block no. 1 follows, 11 sequences, length 26
# corresponding to MSA columns:
# 598-623
name=unknown_B
#
# <colnr> <probs for GDERKNQSTAVLIFYWHMCP>
#	G	D	E	R	K	N	Q	S	T	A	V	L	I	F	Y	W	H	M	C	P
0	0.02495	0.01700	0.02503	0.17762	0.08567	0.01730	0.01959	0.03028	0.02549	0.11620	0.09164	0.12836	0.03892	0.01667	0.01139	0.00347	0.00995	0.01466	0.07016	0.07565
1	0.16164	0.02826	0.08447	0.02531	0.03497	0.02522	0.09468	0.11976	0.07538	0.09344	0.02556	0.02730	0.01875	0.01127	0.01018	0.00324	0.01184	0.00940	0.00832	0.13101
2	0.02126	0.02001	0.03376	0.57739	0.07752	0.02501	0.03126	0.02876	0.02251	0.02876	0.02001	0.03001	0.01500	0.01125	0.01125	0.00375	0.01500	0.01000	0.00500	0.01250
3	0.02320	0.02199	0.03727	0.42791	0.21183	0.02552	0.03222	0.03046	0.02342	0.03111	0.02035	0.02938	0.01583	0.01089	0.01122	0.00363	0.01452	0.01001	0.00517	0.01407
4	0.01608	0.01206	0.01809	0.01809	0.02010	0.01407	0.01407	0.02010	0.01809	0.02613	0.03015	0.04422	0.02814	0.08441	0.55984	0.01809	0.03015	0.01206	0.00603	0.01005
5	0.02800	0.02418	0.02545	0.02291	0.02927	0.02800	0.01782	0.05981	0.51390	0.04708	0.04581	0.04199	0.03436	0.01527	0.01145	0.00382	0.00891	0.01273	0.01145	0.01782
6	0.01371	0.00979	0.01306	0.01567	0.01632	0.00914	0.01045	0.01567	0.02155	0.02873	0.06203	0.59710	0.07444	0.03526	0.01437	0.00457	0.00653	0.03200	0.01045	0.00914
7	0.02800	0.02418	0.02545	0.02291	0.02927	0.02800	0.01782	0.05981	0.51390	0.04708	0.04581	0.04199	0.03436	0.01527	0.01145	0.00382	0.00891	0.01273	0.01145	0.01782
8	0.02462	0.02462	0.03447	0.02955	0.02955	0.03447	0.02462	0.02709	0.01724	0.02709	0.01477	0.02462	0.01477	0.01970	0.03694	0.00492	0.58385	0.00985	0.00492	0.01231
9	0.04204	0.05364	0.03190	0.02900	0.03480	0.55926	0.02175	0.04494	0.03190	0.02755	0.01740	0.02030	0.01450	0.01160	0.01015	0.00290	0.02030	0.00725	0.00580	0.01305
10	0.03009	0.61122	0.05898	0.01926	0.02889	0.04454	0.01926	0.03370	0.02287	0.02648	0.01565	0.01805	0.01444	0.00963	0.00722	0.00241	0.01204	0.00602	0.00481	0.01444
11	0.01440	0.01084	0.01332	0.01397	0.01620	0.00977	0.01000	0.01780	0.02636	0.03506	0.24323	0.28092	0.20904	0.02904	0.01369	0.00399	0.00587	0.02559	0.01115	0.00977
12	0.02972	0.02504	0.02642	0.02325	0.02993	0.02880	0.01823	0.11081	0.46009	0.04987	0.04362	0.04025	0.03258	0.01506	0.01143	0.00377	0.00931	0.01242	0.01143	0.01797
13	0.38537	0.02195	0.02739	0.21875	0.04517	0.02547	0.06435	0.03182	0.02105	0.04137	0.01789	0.02361	0.01365	0.01064	0.00909	0.00361	0.01192	0.00817	0.00614	0.01258
14	0.03451	0.03941	0.09827	0.03171	0.03922	0.20752	0.10946	0.07694	0.02896	0.08152	0.02151	0.02558	0.01662	0.01302	0.01607	0.00362	0.12500	0.00958	0.00670	0.01478
15	0.01371	0.00979	0.01306	0.01567	0.01632	0.00914	0.01045	0.01567	0.02155	0.02873	0.06203	0.59710	0.07444	0.03526	0.01437	0.00457	0.00653	0.03200	0.01045	0.00914
16	0.02457	0.02165	0.03148	0.11495	0.03895	0.02385	0.10150	0.04123	0.24350	0.03658	0.03355	0.04010	0.02708	0.07212	0.01988	0.08253	0.01195	0.01238	0.00819	0.01394
17	0.01371	0.00979	0.01306	0.01567	0.01632	0.00914	0.01045	0.01567	0.02155	0.02873	0.06203	0.59710	0.07444	0.03526	0.01437	0.00457	0.00653	0.03200	0.01045	0.00914
18	0.03748	0.02889	0.03079	0.02482	0.03288	0.03242	0.02011	0.33989	0.21838	0.06237	0.03377	0.03240	0.02460	0.01414	0.01133	0.00354	0.01114	0.01106	0.01133	0.01867
19	0.01479	0.01146	0.01347	0.01297	0.01612	0.01014	0.00973	0.01904	0.02918	0.03877	0.34935	0.09455	0.28912	0.02538	0.01329	0.00365	0.00548	0.02182	0.01155	0.01014
20	0.49833	0.02219	0.02007	0.01689	0.02439	0.02446	0.01392	0.08170	0.02495	0.14890	0.02240	0.02305	0.01593	0.01142	0.00823	0.00347	0.00923	0.00751	0.00874	0.01422
21	0.03299	0.07045	0.03295	0.12859	0.08706	0.02660	0.02198	0.12146	0.12643	0.13137	0.03035	0.03152	0.02217	0.01238	0.01070	0.00331	0.01137	0.01016	0.00912	0.07904
22	0.03012	0.19220	0.12906	0.02697	0.07816	0.02944	0.02366	0.03809	0.06333	0.11410	0.02583	0.02814	0.01985	0.01249	0.01272	0.00330	0.07844	0.00905	0.06950	0.01554
23	0.01624	0.01143	0.01492	0.01492	0.01584	0.01235	0.01012	0.01807	0.01715	0.02378	0.03304	0.06025	0.03510	0.36764	0.28613	0.01418	0.01967	0.01441	0.00646	0.00829
24	0.04083	0.11049	0.03466	0.02800	0.03419	0.50678	0.02149	0.04380	0.03098	0.02744	0.01722	0.02007	0.01449	0.01140	0.00985	0.00285	0.01945	0.00712	0.00570	0.01319
25	0.09462	0.12041	0.08921	0.11608	0.04306	0.02824	0.10650	0.03414	0.02343	0.08101	0.02104	0.02589	0.01625	0.01151	0.01321	0.00341	0.08001	0.00918	0.00625	0.07653

[dist]
# distance from previous block
# <min> <max>
0	1

[block]
# block no. 2 follows, 11 sequences, length 23
# corresponding to MSA columns:
# 625-647
name=unknown_C
#
# <colnr> <probs for GDERKNQSTAVLIFYWHMCP>
#	G	D	E	R	K	N	Q	S	T	A	V	L	I	F	Y	W	H	M	C	P
0	0.08926	0.13422	0.07219	0.13834	0.04260	0.02715	0.06843	0.04093	0.07065	0.16740	0.02787	0.02965	0.01996	0.01174	0.01033	0.00340	0.01242	0.00972	0.00812	0.01561
1	0.02657	0.03036	0.06641	0.04744	0.05882	0.02846	0.49336	0.03605	0.02657	0.03605	0.02277	0.03036	0.01708	0.00949	0.01328	0.00380	0.01898	0.01328	0.00569	0.01518
2	0.02162	0.01563	0.01805	0.01711	0.02121	0.01587	0.01288	0.03370	0.17450	0.08259	0.16403	0.17924	0.15150	0.02349	0.01279	0.00388	0.00710	0.02034	0.01147	0.01302
3	0.03817	0.15006	0.03843	0.08983	0.03825	0.03430	0.02175	0.30994	0.04141	0.09332	0.02517	0.02639	0.01835	0.01247	0.01042	0.00323	0.01241	0.00935	0.00938	0.01737
4	0.28877	0.02127	0.01857	0.06504	0.02597	0.08293	0.01404	0.02828	0.02414	0.04018	0.11456	0.08893	0.11335	0.01737	0.01027	0.00358	0.00947	0.01357	0.00831	0.01142
5	0.01774	0.01000	0.01388	0.01442	0.01455	0.00986	0.00935	0.01520	0.01641	0.02188	0.03135	0.15798	0.03495	0.14575	0.04040	0.40881	0.00932	0.01562	0.00640	0.00613
6	0.01608	0.01206	0.01809	0.01809	0.02010	0.01407	0.01407	0.02010	0.01809	0.02613	0.03015	0.04422	0.02814	0.08441	0.55984	0.01809	0.03015	0.01206	0.00603	0.01005
7	0.02800	0.02418	0.02545	0.02291	0.02927	0.02800	0.01782	0.05981	0.51390	0.04708	0.04581	0.04199	0.03436	0.01527	0.01145	0.00382	0.00891	0.01273	0.01145	0.01782
8	0.02186	0.02063	0.03486	0.53050	0.11966	0.02517	0.03156	0.02929	0.02279	0.02950	0.02011	0.02981	0.01526	0.01114	0.01124	0.00371	0.01485	0.01000	0.00505	0.01299
9	0.01452	0.01038	0.01392	0.01611	0.01724	0.00978	0.01140	0.01727	0.02331	0.03129	0.11735	0.47865	0.07705	0.03329	0.01438	0.00452	0.00685	0.08255	0.01067	0.00947
10	0.01368	0.00994	0.01291	0.01528	0.01622	0.00918	0.01027	0.01572	0.02193	0.02889	0.06682	0.55208	0.11637	0.03464	0.01427	0.00450	0.00645	0.03124	0.01045	0.00918
11	0.02126	0.02001	0.03376	0.57739	0.07752	0.02501	0.03126	0.02876	0.02251	0.02876	0.02001	0.03001	0.01500	0.01125	0.01125	0.00375	0.01500	0.01000	0.00500	0.01250
12	0.03009	0.61122	0.05898	0.01926	0.02889	0.04454	0.01926	0.03370	0.02287	0.02648	0.01565	0.01805	0.01444	0.00963	0.00722	0.00241	0.01204	0.00602	0.00481	0.01444
13	0.02257	0.05822	0.54613	0.03208	0.04871	0.02614	0.04158	0.03564	0.02376	0.03564	0.02020	0.02376	0.01426	0.01069	0.01069	0.00356	0.01663	0.00832	0.00475	0.01663
14	0.01561	0.01149	0.01460	0.01382	0.01662	0.01048	0.01037	0.02062	0.03110	0.04334	0.47784	0.08703	0.15777	0.02368	0.01328	0.00357	0.00536	0.02077	0.01215	0.01048
15	0.01390	0.01030	0.01298	0.01468	0.01617	0.00939	0.01011	0.01643	0.02356	0.03101	0.12753	0.44301	0.16475	0.03252	0.01403	0.00430	0.00623	0.02904	0.01068	0.00939
16	0.05050	0.01915	0.02612	0.02003	0.02873	0.01654	0.01654	0.05485	0.03221	0.54203	0.04440	0.03831	0.02786	0.01393	0.01132	0.00348	0.00958	0.01132	0.01393	0.01915
17	0.02257	0.05822	0.54613	0.03208	0.04871	0.02614	0.04158	0.03564	0.02376	0.03564	0.02020	0.02376	0.01426	0.01069	0.01069	0.00356	0.01663	0.00832	0.00475	0.01663
18	0.01955	0.00978	0.01466	0.01466	0.01466	0.00978	0.00978	0.01466	0.01466	0.01955	0.01955	0.03421	0.01955	0.03910	0.04399	0.67253	0.00978	0.00978	0.00489	0.00489
19	0.01863	0.01572	0.02414	0.32016	0.04927	0.01806	0.02138	0.02430	0.02364	0.03166	0.08764	0.14507	0.08322	0.01846	0.01190	0.00378	0.01083	0.01627	0.06461	0.01127
20	0.02725	0.12610	0.16111	0.02127	0.03056	0.02382	0.02118	0.07437	0.02550	0.08447	0.02565	0.03503	0.02214	0.13618	0.01966	0.00456	0.01210	0.00981	0.00705	0.13220
21	0.10595	0.35922	0.04337	0.01957	0.02695	0.03601	0.01786	0.03500	0.08262	0.03374	0.06968	0.02807	0.02566	0.01261	0.01090	0.00304	0.06051	0.00859	0.00663	0.01402
22	0.54604	0.02129	0.01929	0.06702	0.02773	0.02417	0.01447	0.03534	0.02105	0.10837	0.01957	0.02180	0.01436	0.01095	0.00789	0.00351	0.00939	0.00709	0.00763	0.01307

[dist]
# distance from previous block
# <min> <max>
0	54

[block]
# block no. 3 follows, 11 sequences, length 13
# corresponding to MSA columns:
# 702-714
name=unknown_D
#
# <colnr> <probs for GDERKNQSTAVLIFYWHMCP>
#	G	D	E	R	K	N	Q	S	T	A	V	L	I	F	Y	W	H	M	C	P
0	0.01371	0.00979	0.01306	0.01567	0.01632	0.00914	0.01045	0.01567	0.02155	0.02873	0.06203	0.59710	0.07444	0.03526	0.01437	0.00457	0.00653	0.03200	0.01045	0.00914
1	0.02462	0.02462	0.03447	0.02955	0.02955	0.03447	0.02462	0.02709	0.01724	0.02709	0.01477	0.02462	0.01477	0.01970	0.03694	0.00492	0.58385	0.00985	0.00492	0.01231
2	0.01570	0.01133	0.01484	0.01431	0.01677	0.01047	0.01060	0.02067	0.03081	0.04347	0.48092	0.13621	0.10297	0.02425	0.01339	0.00364	0.00543	0.02154	0.01219	0.01047
3	0.01959	0.01654	0.02203	0.02008	0.02041	0.02077	0.01507	0.02123	0.01699	0.02462	0.02639	0.04939	0.02846	0.28742	0.13154	0.00971	0.24122	0.01308	0.00594	0.00953
4	0.02098	0.01049	0.01049	0.01049	0.01311	0.01049	0.00787	0.02623	0.02360	0.04196	0.03672	0.04196	0.02885	0.01311	0.00787	0.00262	0.00525	0.01049	0.66693	0.01049
5	0.02907	0.03270	0.04255	0.03427	0.03866	0.15079	0.15105	0.03353	0.02306	0.02962	0.01753	0.02521	0.01534	0.01511	0.02450	0.00416	0.30406	0.01020	0.00533	0.01326
6	0.01593	0.01150	0.01504	0.01416	0.01681	0.01062	0.01062	0.02124	0.03186	0.04513	0.52830	0.08407	0.10620	0.02301	0.01327	0.00354	0.00531	0.02035	0.01239	0.01062
7	0.04087	0.03057	0.03270	0.02551	0.03417	0.03401	0.02093	0.44005	0.11270	0.06784	0.02946	0.02896	0.02111	0.01374	0.01128	0.00343	0.01193	0.01047	0.01128	0.01897
8	0.36209	0.01875	0.01880	0.01607	0.02254	0.01960	0.01302	0.03632	0.02555	0.18254	0.13868	0.03850	0.03757	0.01422	0.00956	0.00350	0.00818	0.01072	0.01007	0.01372
9	0.09389	0.10302	0.35570	0.03210	0.08592	0.07513	0.03407	0.03593	0.02409	0.03570	0.01914	0.02272	0.01440	0.01059	0.00997	0.00337	0.01542	0.00793	0.00515	0.01576
10	0.23370	0.04309	0.32366	0.02563	0.03812	0.02605	0.02977	0.03733	0.07300	0.04156	0.02141	0.02390	0.01568	0.01109	0.00958	0.00356	0.01331	0.00807	0.00615	0.01534
11	0.03229	0.01981	0.02921	0.19545	0.04301	0.02255	0.02240	0.03699	0.02487	0.22062	0.03171	0.08244	0.02506	0.01629	0.01733	0.00399	0.14007	0.01242	0.00881	0.01465
12	0.01955	0.00978	0.01466	0.01466	0.01466	0.00978	0.00978	0.01466	0.01466	0.01955	0.01955	0.03421	0.01955	0.03910	0.04399	0.67253	0.00978	0.00978	0.00489	0.00489

[dist]
# distance from previous block
# <min> <max>
2	4

[block]
# block no. 4 follows, 11 sequences, length 29
# corresponding to MSA columns:
# 720-748
name=unknown_E
#
# <colnr> <probs for GDERKNQSTAVLIFYWHMCP>
#	G	D	E	R	K	N	Q	S	T	A	V	L	I	F	Y	W	H	M	C	P
0	0.03383	0.01968	0.02441	0.01797	0.02747	0.01560	0.01457	0.03858	0.02677	0.23183	0.02943	0.02912	0.02099	0.01050	0.00949	0.00237	0.00881	0.00846	0.00947	0.42066
1	0.03037	0.02083	0.02740	0.02545	0.10460	0.01715	0.01732	0.03548	0.02576	0.15473	0.02588	0.02753	0.01946	0.00990	0.00946	0.00235	0.00939	0.00827	0.00820	0.42046
2	0.11782	0.02306	0.03531	0.02653	0.03544	0.02151	0.15278	0.06917	0.02740	0.13602	0.02883	0.07512	0.02326	0.01261	0.01086	0.00323	0.01184	0.01172	0.00845	0.16904
3	0.01393	0.00989	0.01299	0.01539	0.01599	0.00929	0.01015	0.01573	0.02112	0.02816	0.05982	0.55350	0.07165	0.08267	0.01794	0.00510	0.00689	0.03069	0.01015	0.00895
4	0.02126	0.02001	0.03376	0.57739	0.07752	0.02501	0.03126	0.02876	0.02251	0.02876	0.02001	0.03001	0.01500	0.01125	0.01125	0.00375	0.01500	0.01000	0.00500	0.01250
5	0.04441	0.03685	0.03117	0.02562	0.03334	0.22907	0.02033	0.21648	0.03984	0.17075	0.02766	0.02726	0.01953	0.01289	0.01085	0.00322	0.01469	0.00933	0.00985	0.01684
6	0.02022	0.01254	0.01624	0.01523	0.01817	0.01226	0.01130	0.02359	0.02393	0.09876	0.15774	0.06860	0.13000	0.15499	0.17660	0.00915	0.01409	0.01657	0.00937	0.01066
7	0.01432	0.01144	0.01281	0.01247	0.01583	0.00993	0.00935	0.01812	0.02805	0.03609	0.27400	0.09896	0.36614	0.02638	0.01329	0.00370	0.00555	0.02244	0.01120	0.00993
8	0.01637	0.01091	0.01228	0.01228	0.01228	0.01091	0.00682	0.01637	0.01637	0.02182	0.03546	0.07365	0.04092	0.60445	0.05729	0.01091	0.01091	0.01637	0.00682	0.00682
9	0.02226	0.02197	0.03995	0.47688	0.07397	0.02566	0.11891	0.03014	0.02328	0.03014	0.02053	0.03007	0.01540	0.01092	0.01164	0.00376	0.01576	0.01062	0.00513	0.01301
10	0.02331	0.02400	0.04637	0.37274	0.07030	0.02634	0.20971	0.03157	0.02407	0.03157	0.02107	0.03014	0.01580	0.01057	0.01204	0.00377	0.01654	0.01127	0.00527	0.01354
11	0.02461	0.04606	0.35287	0.04637	0.23621	0.02637	0.03887	0.03522	0.02448	0.03608	0.02057	0.02534	0.01564	0.01044	0.01087	0.00348	0.01537	0.00898	0.00507	0.01710
12	0.01643	0.01173	0.01618	0.01878	0.02062	0.01148	0.01517	0.02037	0.02423	0.03177	0.06054	0.30851	0.06851	0.03270	0.01509	0.00495	0.00888	0.29379	0.01040	0.00989
13	0.11433	0.02055	0.02292	0.01736	0.02648	0.01776	0.01394	0.03468	0.07057	0.09106	0.02438	0.02598	0.01891	0.00985	0.00876	0.00230	0.00857	0.00765	0.00791	0.45604
14	0.01401	0.01002	0.01332	0.01547	0.01639	0.00934	0.01047	0.01641	0.02292	0.03091	0.12399	0.52893	0.07866	0.03363	0.01422	0.00443	0.00637	0.03045	0.01071	0.00934
15	0.01593	0.01150	0.01504	0.01416	0.01681	0.01062	0.01062	0.02124	0.03186	0.04513	0.52830	0.08407	0.10620	0.02301	0.01327	0.00354	0.00531	0.02035	0.01239	0.01062
16	0.01371	0.00979	0.01306	0.01567	0.01632	0.00914	0.01045	0.01567	0.02155	0.02873	0.06203	0.59710	0.07444	0.03526	0.01437	0.00457	0.00653	0.03200	0.01045	0.00914
17	0.03280	0.53255	0.05461	0.01936	0.02887	0.04082	0.01890	0.03651	0.02411	0.09498	0.01947	0.02075	0.01623	0.01020	0.00777	0.00255	0.01171	0.00672	0.00603	0.01507
18	0.03019	0.02196	0.02385	0.02112	0.02737	0.02449	0.01652	0.05535	0.39438	0.11227	0.04459	0.04150	0.03287	0.01485	0.01103	0.00364	0.00858	0.01229	0.08601	0.01716
19	0.01408	0.01043	0.01315	0.01458	0.01622	0.00951	0.01013	0.01688	0.02438	0.03234	0.16530	0.40386	0.16481	0.03155	0.01395	0.00422	0.00613	0.02814	0.01084	0.00951
20	0.02375	0.01736	0.02716	0.23961	0.10101	0.01876	0.02282	0.02931	0.02509	0.09971	0.07704	0.14912	0.04052	0.01886	0.01242	0.00395	0.01127	0.06082	0.00841	0.01300
21	0.01819	0.01403	0.02019	0.01925	0.02042	0.01707	0.01481	0.02035	0.01731	0.02502	0.02633	0.04198	0.02568	0.11582	0.34409	0.10186	0.13062	0.01175	0.00574	0.00948
22	0.05050	0.01915	0.02612	0.02003	0.02873	0.01654	0.01654	0.05485	0.03221	0.54203	0.04440	0.03831	0.02786	0.01393	0.01132	0.00348	0.00958	0.01132	0.01393	0.01915
23	0.02457	0.20515	0.41669	0.02867	0.04345	0.03103	0.03565	0.03513	0.02353	0.03321	0.01899	0.02225	0.01431	0.01041	0.00977	0.00326	0.01541	0.00771	0.00477	0.01605
24	0.02425	0.02525	0.09429	0.42039	0.06857	0.02479	0.07541	0.03232	0.02381	0.07131	0.02224	0.03000	0.01615	0.01124	0.01139	0.00371	0.01513	0.01023	0.00575	0.01376
25	0.02860	0.22257	0.20567	0.02678	0.03778	0.07625	0.06516	0.08679	0.02840	0.03694	0.06405	0.02788	0.02318	0.01173	0.01006	0.00314	0.01421	0.00917	0.00634	0.01528
26	0.01746	0.01258	0.01592	0.01735	0.01914	0.01245	0.01247	0.07093	0.02555	0.03402	0.05782	0.48458	0.06719	0.03237	0.01413	0.00450	0.00758	0.07303	0.01053	0.01040
27	0.01389	0.01007	0.01281	0.01490	0.01586	0.00933	0.00993	0.01578	0.02158	0.02834	0.06570	0.49806	0.12319	0.08200	0.01783	0.00501	0.00680	0.02976	0.01015	0.00899
28	0.03263	0.02339	0.03741	0.08145	0.04090	0.02338	0.15102	0.13742	0.03233	0.15439	0.03541	0.13453	0.03018	0.01622	0.01240	0.00377	0.01278	0.01524	0.00955	0.01558

[dist]
# distance from previous block
# <min> <max>
0	1

[block]
# block no. 5 follows, 11 sequences, length 19
# corresponding to MSA columns:
# 750-768
name=unknown_F
#
# <colnr> <probs for GDERKNQSTAVLIFYWHMCP>
#	G	D	E	R	K	N	Q	S	T	A	V	L	I	F	Y	W	H	M	C	P
0	0.08294	0.02186	0.03117	0.13774	0.09423	0.02407	0.07376	0.03900	0.18462	0.03958	0.06939	0.08920	0.03378	0.01525	0.01159	0.00377	0.01122	0.01371	0.00847	0.01465
1	0.02172	0.02020	0.02727	0.07420	0.03131	0.06569	0.06804	0.02602	0.02222	0.03039	0.03363	0.15443	0.03417	0.02975	0.09535	0.00612	0.12774	0.04756	0.07279	0.01140
2	0.02334	0.02001	0.02334	0.01667	0.02667	0.01500	0.01334	0.02834	0.02334	0.03668	0.02001	0.02334	0.01667	0.00834	0.00834	0.00167	0.00834	0.00667	0.00667	0.67325
3	0.02691	0.03642	0.25866	0.07530	0.03972	0.02275	0.02808	0.07509	0.06181	0.08863	0.02683	0.03036	0.01967	0.01445	0.01357	0.06328	0.01297	0.00962	0.08081	0.01507
4	0.01764	0.01100	0.01412	0.01533	0.01701	0.01011	0.01047	0.01970	0.02241	0.07931	0.06212	0.43750	0.10825	0.09617	0.01876	0.00510	0.00725	0.02742	0.01039	0.00991
5	0.03485	0.02257	0.02915	0.07271	0.03389	0.06808	0.07007	0.08073	0.02918	0.21902	0.03638	0.09983	0.03041	0.09952	0.01831	0.00466	0.01221	0.01391	0.00983	0.01471
6	0.03133	0.21273	0.10138	0.08940	0.08774	0.09311	0.07231	0.11585	0.02981	0.03751	0.02001	0.02389	0.01589	0.01084	0.01003	0.00313	0.01465	0.00864	0.00622	0.01553
7	0.04695	0.02147	0.02714	0.02118	0.02967	0.02041	0.01737	0.11843	0.08757	0.42097	0.04208	0.03710	0.02732	0.01402	0.01132	0.00350	0.00991	0.01130	0.01328	0.01901
8	0.02787	0.07495	0.03458	0.02668	0.07785	0.02227	0.06812	0.03305	0.02424	0.09128	0.02222	0.02583	0.01768	0.01049	0.01221	0.00264	0.06780	0.00846	0.00694	0.34486
9	0.01593	0.01150	0.01504	0.01416	0.01681	0.01062	0.01062	0.02124	0.03186	0.04513	0.52830	0.08407	0.10620	0.02301	0.01327	0.00354	0.00531	0.02035	0.01239	0.01062
10	0.01589	0.01154	0.01597	0.01602	0.01769	0.01234	0.01174	0.01929	0.02101	0.02962	0.13934	0.10727	0.05105	0.15867	0.30686	0.01254	0.01939	0.01636	0.00791	0.00952
11	0.01565	0.01149	0.01466	0.01387	0.01664	0.01050	0.01040	0.02070	0.03120	0.04358	0.48446	0.08664	0.15101	0.02359	0.01328	0.00357	0.00535	0.02071	0.01218	0.01050
12	0.02900	0.03192	0.03383	0.02941	0.03087	0.16644	0.02390	0.03158	0.02092	0.02720	0.01543	0.02354	0.01471	0.01766	0.03020	0.00442	0.44213	0.00920	0.00514	0.01250
13	0.01561	0.01059	0.01250	0.01324	0.01343	0.01041	0.00785	0.01617	0.01784	0.02379	0.04302	0.22250	0.05045	0.44260	0.04508	0.00911	0.00967	0.02081	0.00785	0.00748
14	0.12161	0.02657	0.04003	0.03146	0.03742	0.03075	0.15671	0.08528	0.07963	0.04002	0.02201	0.02758	0.01773	0.01427	0.02021	0.00410	0.21265	0.01066	0.00686	0.01448
15	0.09789	0.03486	0.11330	0.02587	0.03590	0.03264	0.02375	0.38157	0.04523	0.06349	0.02491	0.02571	0.01774	0.01279	0.01078	0.00342	0.01272	0.00948	0.00984	0.01811
16	0.08905	0.11840	0.03199	0.02172	0.02774	0.02802	0.01831	0.08722	0.07321	0.15695	0.08191	0.03452	0.02976	0.01522	0.01592	0.00364	0.13119	0.01068	0.00926	0.01529
17	0.02429	0.06592	0.08849	0.02424	0.03220	0.02226	0.10719	0.10448	0.02956	0.03980	0.09396	0.05165	0.12313	0.06924	0.01583	0.00404	0.01161	0.01411	0.00822	0.06978
18	0.18060	0.02327	0.03176	0.08984	0.13769	0.02398	0.06759	0.08230	0.02630	0.04320	0.02170	0.02648	0.01703	0.01057	0.00967	0.00313	0.01140	0.00894	0.06306	0.12149

[dist]
# distance from previous block
# <min> <max>
4	24

[block]
# block no. 6 follows, 11 sequences, length 7
# corresponding to MSA columns:
# 794-800
name=unknown_G
#
# <colnr> <probs for GDERKNQSTAVLIFYWHMCP>
#	G	D	E	R	K	N	Q	S	T	A	V	L	I	F	Y	W	H	M	C	P
0	0.02179	0.03846	0.29518	0.02631	0.03672	0.02236	0.02911	0.03610	0.12520	0.03669	0.03651	0.13082	0.03358	0.01781	0.01197	0.00395	0.01273	0.06203	0.00767	0.01499
1	0.02297	0.02062	0.06958	0.13805	0.03876	0.01995	0.07197	0.02915	0.02234	0.07254	0.02754	0.03589	0.02223	0.03347	0.17274	0.00780	0.05865	0.01100	0.11212	0.01261
2	0.01955	0.00978	0.01466	0.01466	0.01466	0.00978	0.00978	0.01466	0.01466	0.01955	0.01955	0.03421	0.01955	0.03910	0.04399	0.67253	0.00978	0.00978	0.00489	0.00489
3	0.55110	0.02379	0.02011	0.01710	0.02449	0.02725	0.01410	0.12915	0.02615	0.05473	0.01802	0.02009	0.01363	0.01108	0.00786	0.00346	0.00947	0.00693	0.00786	0.01363
4	0.02504	0.09625	0.02912	0.16955	0.03906	0.02398	0.01965	0.03730	0.16042	0.07835	0.04239	0.12938	0.06867	0.01751	0.01144	0.00371	0.01040	0.01490	0.00883	0.01406
5	0.15321	0.01254	0.01360	0.01470	0.01651	0.01289	0.00996	0.01944	0.01985	0.03163	0.04624	0.35520	0.05373	0.16275	0.02283	0.00582	0.00800	0.02299	0.00888	0.00923
6	0.36539	0.02361	0.02595	0.14409	0.07978	0.02711	0.01994	0.11795	0.02667	0.04837	0.01918	0.02327	0.01457	0.01115	0.00905	0.00351	0.01115	0.00803	0.00721	0.01402

[dist]
# distance from previous block
# <min> <max>
0	3

[block]
# block no. 7 follows, 11 sequences, length 20
# corresponding to MSA columns:
# 804-823
name=unknown_H
#
# <colnr> <probs for GDERKNQSTAVLIFYWHMCP>
#	G	D	E	R	K	N	Q	S	T	A	V	L	I	F	Y	W	H	M	C	P
0	0.11310	0.02659	0.03170	0.02505	0.03293	0.02907	0.07667	0.24812	0.13487	0.05641	0.02987	0.03090	0.02208	0.01295	0.01068	0.00345	0.01133	0.01059	0.07697	0.01666
1	0.02196	0.02076	0.09095	0.09402	0.09107	0.01756	0.02033	0.02581	0.06529	0.02747	0.02237	0.03230	0.01949	0.02619	0.02856	0.35858	0.01167	0.00992	0.00559	0.01014
2	0.09169	0.03133	0.10080	0.07637	0.14312	0.08762	0.06061	0.03637	0.02560	0.08766	0.02225	0.02607	0.01696	0.01047	0.01022	0.00309	0.01340	0.00884	0.00665	0.14088
3	0.11577	0.03009	0.09120	0.06613	0.03650	0.02889	0.02229	0.21978	0.13621	0.09651	0.02963	0.02983	0.02126	0.01302	0.01070	0.00354	0.01168	0.01004	0.00973	0.01720
4	0.02668	0.01973	0.02244	0.05761	0.05964	0.07666	0.01617	0.03042	0.02571	0.12225	0.08104	0.15878	0.04413	0.09217	0.01767	0.00452	0.01054	0.04979	0.00922	0.07480
5	0.02848	0.09955	0.07447	0.09036	0.03907	0.02621	0.05675	0.13537	0.03010	0.04202	0.02127	0.02488	0.01660	0.01028	0.00976	0.00270	0.01195	0.00840	0.00705	0.26473
6	0.07617	0.02195	0.03171	0.08669	0.10608	0.02306	0.07855	0.13707	0.03092	0.04377	0.07542	0.16613	0.03823	0.01799	0.01207	0.00377	0.01134	0.01621	0.00870	0.01417
7	0.14700	0.02494	0.03186	0.15521	0.13960	0.02708	0.02364	0.16447	0.03132	0.04718	0.02147	0.02588	0.01643	0.01118	0.01014	0.00328	0.01205	0.00897	0.00744	0.09086
8	0.06856	0.01852	0.06817	0.08639	0.02903	0.01534	0.01687	0.02424	0.02593	0.03774	0.20187	0.12442	0.09955	0.02042	0.01210	0.00364	0.00871	0.05044	0.00921	0.07885
9	0.10193	0.02195	0.02234	0.07645	0.02953	0.08417	0.01644	0.08834	0.05974	0.07764	0.07094	0.22077	0.04312	0.02071	0.01182	0.00381	0.01034	0.01751	0.00949	0.01296
10	0.07742	0.02572	0.13465	0.02457	0.07130	0.01915	0.02104	0.03507	0.06066	0.12575	0.02951	0.03377	0.02258	0.02424	0.08210	0.08163	0.01331	0.01008	0.09347	0.01398
11	0.10430	0.09281	0.02988	0.17639	0.04047	0.02356	0.01976	0.03686	0.06256	0.14059	0.07397	0.03424	0.02752	0.01263	0.01019	0.00327	0.01074	0.01018	0.00840	0.08171
12	0.02198	0.10077	0.08878	0.02000	0.02548	0.08345	0.01743	0.02605	0.02331	0.02974	0.03841	0.23261	0.04204	0.07666	0.01601	0.00432	0.01109	0.05530	0.00771	0.07886
13	0.11099	0.09831	0.14206	0.02259	0.03133	0.02214	0.05629	0.03180	0.02366	0.09280	0.03197	0.16111	0.03037	0.01643	0.01069	0.00347	0.01116	0.01395	0.00772	0.08116
14	0.10478	0.02712	0.08658	0.06371	0.03184	0.07190	0.01949	0.11469	0.02912	0.10565	0.03345	0.14474	0.03107	0.06768	0.01518	0.00430	0.01176	0.01423	0.00879	0.01391
15	0.11076	0.02260	0.06998	0.01959	0.02566	0.02091	0.01708	0.12393	0.08657	0.04776	0.13229	0.09204	0.04579	0.01805	0.01133	0.00366	0.00917	0.05200	0.07707	0.01377
16	0.10116	0.08566	0.02046	0.01520	0.01950	0.01660	0.01184	0.02396	0.02447	0.03762	0.16292	0.20160	0.05637	0.02061	0.01095	0.00338	0.00723	0.01757	0.07637	0.08653
17	0.16035	0.09658	0.02627	0.01892	0.02525	0.02372	0.01533	0.09379	0.08347	0.14088	0.03721	0.16392	0.03379	0.01787	0.01066	0.00363	0.00927	0.01454	0.00993	0.01463
18	0.18267	0.03016	0.13832	0.08475	0.03712	0.02342	0.02225	0.08773	0.02592	0.04298	0.01986	0.02343	0.01518	0.01031	0.00921	0.00296	0.01149	0.00769	0.00669	0.21784
19	0.03155	0.02310	0.02641	0.14048	0.03747	0.07153	0.01880	0.09219	0.06543	0.13751	0.03021	0.03832	0.02431	0.11773	0.01904	0.00461	0.01215	0.01098	0.00863	0.08955

[dist]
# distance from previous block
# <min> <max>
32	671

# created by:
# /st0/software/busco_prod/Augustus/scripts/msa2prfl.pl ./align_prep/9982.fa
