[name]
unknown

[dist]
# distance from previous block
# <min> <max>
8	73

[block]
# block no. 0 follows, 12 sequences, length 9
# corresponding to MSA columns:
# 75-83
name=unknown_A
#
# <colnr> <probs for GDERKNQSTAVLIFYWHMCP>
#	G	D	E	R	K	N	Q	S	T	A	V	L	I	F	Y	W	H	M	C	P
0	0.01820	0.01264	0.01840	0.13288	0.02973	0.01305	0.01571	0.02180	0.02247	0.07063	0.05015	0.37927	0.05555	0.02724	0.01323	0.00426	0.00874	0.08630	0.00931	0.01045
1	0.24232	0.01613	0.01727	0.01540	0.02073	0.01628	0.01209	0.03412	0.02370	0.20183	0.03638	0.14763	0.03146	0.01648	0.00966	0.00345	0.00771	0.01328	0.12104	0.01304
2	0.01703	0.01320	0.01638	0.01564	0.01946	0.01124	0.01139	0.02003	0.02139	0.03029	0.04387	0.32450	0.04956	0.07392	0.01552	0.00404	0.00758	0.05790	0.00857	0.23850
3	0.24655	0.01488	0.01701	0.01644	0.02002	0.01732	0.01301	0.02375	0.01788	0.03335	0.02443	0.03428	0.02200	0.05737	0.38056	0.01270	0.02213	0.00971	0.00615	0.01044
4	0.01437	0.01078	0.01331	0.01335	0.01581	0.00973	0.00976	0.01826	0.02735	0.03696	0.33784	0.19439	0.20612	0.02602	0.01308	0.00369	0.00548	0.02282	0.01116	0.00973
5	0.02755	0.02543	0.04016	0.14617	0.19776	0.02720	0.11275	0.10217	0.13024	0.04053	0.02618	0.03048	0.02005	0.01133	0.01126	0.00349	0.01321	0.01082	0.00721	0.01602
6	0.22589	0.01766	0.01985	0.01636	0.02319	0.01705	0.01331	0.03939	0.02670	0.29825	0.08499	0.04432	0.09855	0.01515	0.01017	0.00342	0.00819	0.01185	0.01099	0.01469
7	0.41405	0.02118	0.02208	0.13279	0.03403	0.02403	0.01688	0.07418	0.02369	0.11621	0.02079	0.02339	0.01501	0.01099	0.00852	0.00342	0.01009	0.00770	0.00764	0.01336
8	0.25217	0.12159	0.02548	0.06437	0.02666	0.07492	0.01477	0.03246	0.04704	0.06203	0.02287	0.03020	0.01961	0.09435	0.01464	0.00411	0.01059	0.00861	0.06147	0.01204

[dist]
# distance from previous block
# <min> <max>
0	11

[block]
# block no. 1 follows, 12 sequences, length 8
# corresponding to MSA columns:
# 95-102
name=unknown_B
#
# <colnr> <probs for GDERKNQSTAVLIFYWHMCP>
#	G	D	E	R	K	N	Q	S	T	A	V	L	I	F	Y	W	H	M	C	P
0	0.09244	0.15936	0.03655	0.02272	0.03125	0.07058	0.05099	0.16118	0.03286	0.19866	0.02692	0.02657	0.01905	0.01173	0.00977	0.00309	0.01183	0.00895	0.00920	0.01628
1	0.02699	0.20195	0.07304	0.14816	0.04080	0.02673	0.06045	0.03253	0.02355	0.09725	0.02450	0.06984	0.02070	0.01201	0.00973	0.00300	0.01195	0.01007	0.00655	0.10018
2	0.02073	0.01312	0.02088	0.02591	0.13290	0.01312	0.01480	0.01848	0.01656	0.02264	0.01929	0.03178	0.01857	0.03163	0.03555	0.53189	0.01024	0.00952	0.00488	0.00752
3	0.03652	0.03469	0.20850	0.02651	0.03776	0.02399	0.06091	0.14938	0.03261	0.23411	0.02986	0.02938	0.01992	0.01204	0.01089	0.00340	0.01284	0.00987	0.00936	0.01746
4	0.02132	0.01587	0.02090	0.01920	0.02265	0.01811	0.01520	0.12892	0.02501	0.03495	0.02853	0.03914	0.02532	0.06653	0.44867	0.01436	0.02539	0.01127	0.00697	0.01169
5	0.02055	0.01796	0.02924	0.50134	0.06550	0.02206	0.02680	0.02748	0.02197	0.02983	0.02187	0.03085	0.01660	0.01118	0.01040	0.00347	0.01308	0.00976	0.10826	0.01181
6	0.69383	0.02109	0.01603	0.01434	0.02109	0.02446	0.01181	0.03205	0.01856	0.04892	0.01518	0.01771	0.01181	0.01012	0.00675	0.00337	0.00843	0.00590	0.00675	0.01181
7	0.02013	0.01600	0.05942	0.14128	0.02983	0.01476	0.01572	0.02620	0.02222	0.03611	0.03020	0.03685	0.02379	0.01760	0.05349	0.00404	0.00997	0.01001	0.42134	0.01103

[dist]
# distance from previous block
# <min> <max>
0	2

[block]
# block no. 2 follows, 12 sequences, length 7
# corresponding to MSA columns:
# 105-111
name=unknown_C
#
# <colnr> <probs for GDERKNQSTAVLIFYWHMCP>
#	G	D	E	R	K	N	Q	S	T	A	V	L	I	F	Y	W	H	M	C	P
0	0.01543	0.01115	0.01457	0.01372	0.01629	0.01029	0.01029	0.02058	0.03086	0.04372	0.54304	0.08145	0.10288	0.02229	0.01286	0.00343	0.00514	0.01972	0.01200	0.01029
1	0.03586	0.03182	0.03010	0.02543	0.03096	0.16774	0.02032	0.15084	0.11802	0.10520	0.02640	0.02785	0.02004	0.01428	0.01615	0.00357	0.14186	0.00962	0.00856	0.01536
2	0.03119	0.03646	0.02393	0.02246	0.02606	0.36384	0.01610	0.03317	0.02590	0.02541	0.02636	0.10175	0.02735	0.16819	0.02194	0.00498	0.01579	0.01207	0.00640	0.01066
3	0.12832	0.01861	0.02090	0.01827	0.02362	0.01935	0.01426	0.13723	0.06392	0.13904	0.10445	0.18368	0.04463	0.01940	0.01133	0.00365	0.00842	0.01629	0.01071	0.01392
4	0.03186	0.02768	0.09778	0.03308	0.09881	0.02645	0.08113	0.07038	0.02564	0.16744	0.02475	0.02833	0.01841	0.01390	0.01897	0.00384	0.19827	0.01016	0.00757	0.01556
5	0.02931	0.01917	0.02330	0.01698	0.02635	0.01491	0.01371	0.03400	0.02480	0.16821	0.02540	0.02630	0.01891	0.00946	0.00881	0.00206	0.00838	0.00761	0.00825	0.51407
6	0.03288	0.02449	0.02683	0.02228	0.02870	0.02681	0.01769	0.34168	0.08986	0.05606	0.03658	0.17624	0.03362	0.01862	0.01169	0.00361	0.01023	0.01546	0.01073	0.01595

[dist]
# distance from previous block
# <min> <max>
0	15

[block]
# block no. 3 follows, 12 sequences, length 9
# corresponding to MSA columns:
# 127-135
name=unknown_D
#
# <colnr> <probs for GDERKNQSTAVLIFYWHMCP>
#	G	D	E	R	K	N	Q	S	T	A	V	L	I	F	Y	W	H	M	C	P
0	0.02908	0.23310	0.16784	0.02261	0.03308	0.10723	0.02295	0.03507	0.02437	0.06795	0.01935	0.02163	0.01533	0.00990	0.00874	0.00260	0.01300	0.00705	0.00579	0.15332
1	0.02405	0.01445	0.01825	0.01611	0.02042	0.01390	0.01248	0.03270	0.10272	0.15018	0.36762	0.06639	0.07713	0.01939	0.01221	0.00346	0.00650	0.01684	0.01218	0.01300
2	0.01650	0.01052	0.01237	0.01316	0.01411	0.01040	0.00883	0.01852	0.01940	0.02787	0.04240	0.17488	0.04628	0.30826	0.03266	0.00705	0.00855	0.07342	0.14664	0.00819
3	0.02637	0.02249	0.02196	0.01772	0.02444	0.09526	0.01337	0.03183	0.06150	0.07563	0.02599	0.03487	0.02292	0.13559	0.01862	0.00395	0.01040	0.00931	0.00731	0.34048
4	0.01480	0.01154	0.01681	0.13438	0.02809	0.01204	0.01430	0.01781	0.02107	0.02784	0.05166	0.48942	0.06019	0.02934	0.01329	0.00426	0.00803	0.02658	0.00903	0.00953
5	0.02812	0.02651	0.03737	0.11848	0.04383	0.06028	0.14406	0.11806	0.10169	0.04073	0.02467	0.02839	0.01874	0.01084	0.01078	0.00312	0.01322	0.01006	0.00734	0.15371
6	0.01894	0.00947	0.01420	0.01420	0.01420	0.00947	0.00947	0.01420	0.01420	0.01894	0.01894	0.03314	0.01894	0.03788	0.04261	0.68277	0.00947	0.00947	0.00473	0.00473
7	0.02261	0.01938	0.02261	0.01615	0.02584	0.01453	0.01292	0.02745	0.02261	0.03553	0.01938	0.02261	0.01615	0.00807	0.00807	0.00161	0.00807	0.00646	0.00646	0.68346
8	0.01916	0.06760	0.19279	0.02579	0.07346	0.01908	0.05215	0.02593	0.02421	0.03329	0.11265	0.15758	0.11436	0.01894	0.01173	0.00359	0.01075	0.01657	0.00762	0.01277

[dist]
# distance from previous block
# <min> <max>
3	16

[block]
# block no. 4 follows, 12 sequences, length 47
# corresponding to MSA columns:
# 152-198
name=unknown_E
#
# <colnr> <probs for GDERKNQSTAVLIFYWHMCP>
#	G	D	E	R	K	N	Q	S	T	A	V	L	I	F	Y	W	H	M	C	P
0	0.08566	0.01745	0.02057	0.01678	0.02289	0.01618	0.01309	0.02488	0.02041	0.03301	0.02431	0.07684	0.02341	0.06831	0.08578	0.00499	0.05995	0.01007	0.00658	0.36886
1	0.28264	0.02846	0.12848	0.02202	0.03154	0.02293	0.06656	0.03596	0.06721	0.08045	0.02207	0.02417	0.01641	0.01042	0.00896	0.00316	0.01091	0.00804	0.00706	0.12256
2	0.02542	0.09694	0.02555	0.01876	0.02391	0.06553	0.01466	0.08060	0.14987	0.03609	0.03235	0.07509	0.02915	0.11245	0.06342	0.00541	0.01177	0.01192	0.05306	0.06805
3	0.03776	0.01609	0.02173	0.01751	0.02399	0.01411	0.01411	0.04229	0.03109	0.38551	0.20965	0.05189	0.05228	0.01643	0.01160	0.00339	0.00790	0.01388	0.01300	0.01580
4	0.03147	0.02780	0.05404	0.03903	0.04935	0.02649	0.36781	0.09810	0.02984	0.12353	0.02597	0.03025	0.01849	0.01038	0.01231	0.00358	0.01610	0.01218	0.00749	0.01581
5	0.01333	0.01106	0.01167	0.01152	0.01500	0.00940	0.00864	0.01652	0.02591	0.03197	0.18660	0.10080	0.46666	0.02668	0.01288	0.00364	0.00546	0.02243	0.01046	0.00940
6	0.69383	0.02109	0.01603	0.01434	0.02109	0.02446	0.01181	0.03205	0.01856	0.04892	0.01518	0.01771	0.01181	0.01012	0.00675	0.00337	0.00843	0.00590	0.00675	0.01181
7	0.01500	0.01113	0.01397	0.01326	0.01602	0.01010	0.00994	0.01973	0.02983	0.04128	0.46896	0.08547	0.17849	0.02320	0.01286	0.00347	0.00521	0.02028	0.01168	0.01010
8	0.03912	0.02880	0.03107	0.02427	0.03233	0.03175	0.01985	0.47140	0.04876	0.06534	0.02898	0.07433	0.02296	0.01483	0.01116	0.00337	0.01153	0.01156	0.01084	0.01774
9	0.01704	0.01126	0.01416	0.01403	0.01677	0.01012	0.01028	0.02067	0.02676	0.07844	0.27163	0.23313	0.18250	0.02608	0.01301	0.00376	0.00590	0.02291	0.01119	0.01033
10	0.02187	0.05640	0.56031	0.03108	0.04719	0.02532	0.04029	0.03453	0.02302	0.03453	0.01957	0.02302	0.01381	0.01036	0.01036	0.00345	0.01611	0.00806	0.00460	0.01611
11	0.02751	0.01923	0.02311	0.01675	0.02621	0.01481	0.01350	0.03224	0.02421	0.13247	0.02378	0.02531	0.01817	0.00908	0.00861	0.00194	0.00830	0.00730	0.00777	0.55970
12	0.17751	0.01311	0.01468	0.01539	0.01823	0.01324	0.01109	0.02285	0.02133	0.08410	0.04783	0.41429	0.05349	0.02648	0.01194	0.00408	0.00711	0.02313	0.00965	0.01049
13	0.04109	0.07725	0.13991	0.02220	0.03233	0.02154	0.02165	0.08208	0.03026	0.36723	0.03457	0.03174	0.02254	0.01247	0.01051	0.00330	0.01110	0.00985	0.01072	0.01767
14	0.02583	0.09881	0.31006	0.02986	0.04218	0.02627	0.10992	0.07391	0.02607	0.06810	0.02472	0.07062	0.02005	0.01235	0.01081	0.00344	0.01453	0.01076	0.00626	0.01546
15	0.02309	0.01240	0.01531	0.01436	0.01816	0.01106	0.01082	0.02662	0.02604	0.16121	0.13388	0.19961	0.17520	0.02312	0.01200	0.00361	0.00653	0.01992	0.09536	0.01168
16	0.02498	0.01365	0.01844	0.06360	0.02476	0.01277	0.01394	0.02873	0.02594	0.18666	0.10573	0.22321	0.12562	0.02364	0.01264	0.00390	0.00798	0.06063	0.01086	0.01230
17	0.18376	0.03133	0.15552	0.03191	0.07321	0.02417	0.16996	0.03735	0.02439	0.13174	0.02357	0.02650	0.01676	0.01047	0.01041	0.00347	0.01359	0.00964	0.00702	0.01521
18	0.02701	0.02692	0.04117	0.15389	0.42492	0.07056	0.03190	0.03333	0.02481	0.03355	0.02001	0.02674	0.01654	0.01004	0.01073	0.00327	0.01378	0.00949	0.00532	0.01600
19	0.02279	0.12791	0.49685	0.02951	0.04477	0.02757	0.03756	0.03429	0.02291	0.03341	0.01901	0.02232	0.01383	0.01023	0.00993	0.00331	0.01555	0.00778	0.00461	0.01585
20	0.34976	0.02246	0.02719	0.02134	0.02937	0.02338	0.08470	0.08514	0.02639	0.19493	0.02524	0.02578	0.01751	0.01125	0.00924	0.00341	0.01044	0.00873	0.00892	0.01482
21	0.03494	0.02413	0.03001	0.07815	0.09884	0.02555	0.02079	0.26379	0.03800	0.13407	0.03580	0.07744	0.05877	0.01509	0.01126	0.00343	0.01104	0.01246	0.00998	0.01646
22	0.02489	0.01936	0.02844	0.03635	0.22718	0.01906	0.02113	0.07509	0.02847	0.08110	0.11486	0.10146	0.10500	0.01804	0.01197	0.00357	0.00973	0.05118	0.00889	0.01422
23	0.01826	0.01375	0.01738	0.01716	0.01926	0.01439	0.01263	0.08020	0.02695	0.03697	0.17704	0.35127	0.06857	0.02719	0.01506	0.00405	0.05525	0.02364	0.01027	0.01070
24	0.58576	0.02243	0.02384	0.01945	0.02689	0.02496	0.09226	0.03252	0.01972	0.04666	0.01629	0.01960	0.01257	0.00997	0.00774	0.00342	0.01004	0.00703	0.00655	0.01228
25	0.04286	0.02263	0.02860	0.02242	0.02957	0.02361	0.01855	0.17210	0.03425	0.33967	0.03385	0.03203	0.02267	0.01429	0.01496	0.00357	0.10505	0.01043	0.01139	0.01748
26	0.02618	0.02508	0.04280	0.13310	0.48893	0.02569	0.03306	0.03275	0.02445	0.03464	0.02037	0.02725	0.01693	0.00986	0.01081	0.00329	0.01315	0.00971	0.00533	0.01662
27	0.02467	0.04983	0.46145	0.02973	0.04366	0.02514	0.03647	0.03560	0.02325	0.08442	0.02137	0.02446	0.01514	0.01144	0.01268	0.00356	0.06720	0.00847	0.00548	0.01598
28	0.02398	0.22760	0.24267	0.02364	0.03401	0.02927	0.02580	0.03527	0.10433	0.03262	0.02727	0.09809	0.02437	0.01375	0.00984	0.00325	0.01224	0.01092	0.00637	0.01470
29	0.01586	0.01057	0.01189	0.01189	0.01189	0.01057	0.00661	0.01586	0.01586	0.02114	0.03436	0.07135	0.03964	0.61681	0.05550	0.01057	0.01057	0.01586	0.00661	0.00661
30	0.04582	0.01787	0.02431	0.01887	0.02677	0.01549	0.01549	0.05012	0.03118	0.50889	0.08931	0.04122	0.03402	0.01431	0.01114	0.00338	0.00890	0.01178	0.01336	0.01779
31	0.02583	0.02533	0.04498	0.14615	0.41271	0.02585	0.09296	0.03277	0.02447	0.03432	0.02053	0.02762	0.01675	0.00983	0.01107	0.00336	0.01389	0.01011	0.00533	0.01614
32	0.02231	0.01786	0.02898	0.43937	0.06111	0.02113	0.02612	0.02863	0.02286	0.07718	0.02836	0.08930	0.02480	0.01480	0.01152	0.00379	0.01295	0.05014	0.00654	0.01225
33	0.01543	0.01115	0.01457	0.01372	0.01629	0.01029	0.01029	0.02058	0.03086	0.04372	0.54304	0.08145	0.10288	0.02229	0.01286	0.00343	0.00514	0.01972	0.01200	0.01029
34	0.29919	0.01954	0.02170	0.01744	0.02522	0.01930	0.01439	0.04495	0.02630	0.35943	0.03221	0.02958	0.02110	0.01219	0.00933	0.00337	0.00895	0.00900	0.01088	0.01594
35	0.01701	0.01916	0.10378	0.01961	0.02375	0.01435	0.01751	0.02405	0.06707	0.03126	0.04879	0.31070	0.05313	0.03215	0.06514	0.00554	0.01100	0.11598	0.00890	0.01111
36	0.03022	0.57047	0.05471	0.01953	0.02851	0.09220	0.01888	0.03366	0.02296	0.02575	0.01532	0.01769	0.01400	0.00950	0.00726	0.00238	0.01240	0.00594	0.00475	0.01387
37	0.01328	0.00949	0.01265	0.01518	0.01581	0.00886	0.01012	0.01518	0.02088	0.02783	0.06010	0.60969	0.07212	0.03416	0.01392	0.00443	0.00633	0.03100	0.01012	0.00886
38	0.01625	0.01043	0.01218	0.01218	0.01218	0.01043	0.00697	0.01565	0.01565	0.02086	0.03241	0.06653	0.03703	0.54379	0.05387	0.09535	0.01043	0.01505	0.00637	0.00637
39	0.03023	0.03066	0.03139	0.34176	0.05630	0.21465	0.02575	0.03566	0.02584	0.07638	0.02069	0.02654	0.01552	0.01126	0.01053	0.00332	0.01583	0.00888	0.00592	0.01289
40	0.01576	0.01094	0.01376	0.01376	0.01441	0.01159	0.00894	0.01706	0.01641	0.02253	0.03265	0.06189	0.03553	0.43919	0.22749	0.01288	0.01676	0.01447	0.00635	0.00765
41	0.01588	0.01134	0.01563	0.01815	0.01992	0.01109	0.01463	0.01967	0.02343	0.03074	0.05866	0.31495	0.06644	0.03171	0.01461	0.00479	0.00858	0.30013	0.01007	0.00957
42	0.02405	0.04181	0.29771	0.04152	0.11435	0.02629	0.22617	0.03455	0.02433	0.03483	0.02068	0.02607	0.01534	0.00981	0.01141	0.00351	0.01662	0.01018	0.00507	0.01570
43	0.04145	0.03054	0.03272	0.02509	0.03381	0.03381	0.02072	0.51243	0.05127	0.06872	0.02618	0.02618	0.01854	0.01309	0.01091	0.00327	0.01200	0.00982	0.01091	0.01854
44	0.01586	0.01057	0.01189	0.01189	0.01189	0.01057	0.00661	0.01586	0.01586	0.02114	0.03436	0.07135	0.03964	0.61681	0.05550	0.01057	0.01057	0.01586	0.00661	0.00661
45	0.18297	0.02519	0.04402	0.03317	0.04179	0.02537	0.29202	0.03567	0.08716	0.03905	0.02611	0.07167	0.02171	0.01199	0.01128	0.00366	0.01389	0.01251	0.00686	0.01390
46	0.23011	0.02174	0.02200	0.01877	0.02549	0.02399	0.01507	0.10408	0.19520	0.13072	0.03245	0.03145	0.02359	0.01281	0.00947	0.00340	0.00880	0.00970	0.06575	0.01542

[dist]
# distance from previous block
# <min> <max>
9	15

[block]
# block no. 5 follows, 12 sequences, length 26
# corresponding to MSA columns:
# 214-239
name=unknown_F
#
# <colnr> <probs for GDERKNQSTAVLIFYWHMCP>
#	G	D	E	R	K	N	Q	S	T	A	V	L	I	F	Y	W	H	M	C	P
0	0.01343	0.00968	0.01248	0.01466	0.01547	0.00900	0.00975	0.01526	0.02082	0.02749	0.06196	0.53633	0.10392	0.07371	0.01670	0.00480	0.00656	0.02938	0.00988	0.00873
1	0.02829	0.49496	0.09244	0.02013	0.02956	0.03950	0.02017	0.03632	0.09281	0.02913	0.01958	0.02116	0.01666	0.01017	0.00783	0.00261	0.01159	0.00691	0.00555	0.01462
2	0.03100	0.02611	0.03438	0.25590	0.05138	0.06703	0.05965	0.17763	0.03193	0.07848	0.02276	0.02772	0.01673	0.01228	0.01288	0.00354	0.05863	0.00984	0.00740	0.01473
3	0.01762	0.00947	0.01384	0.01443	0.01458	0.00933	0.00962	0.01443	0.01576	0.02102	0.02855	0.16778	0.03136	0.03701	0.03591	0.52436	0.00874	0.01450	0.00599	0.00570
4	0.02175	0.01556	0.01842	0.01664	0.01926	0.01690	0.01198	0.13289	0.02462	0.03349	0.03092	0.05235	0.03105	0.31731	0.19858	0.01093	0.01643	0.01321	0.00738	0.01032
5	0.02795	0.11225	0.04368	0.03051	0.03868	0.10081	0.19597	0.04192	0.18325	0.03560	0.03207	0.03398	0.04903	0.01221	0.01109	0.00338	0.01389	0.01148	0.00740	0.01484
6	0.02186	0.02011	0.03339	0.21267	0.28157	0.02142	0.02705	0.02750	0.02299	0.03146	0.02941	0.16369	0.02925	0.01578	0.01156	0.00364	0.01188	0.01468	0.00633	0.01375
7	0.01568	0.01108	0.01310	0.01389	0.01457	0.01111	0.00872	0.01863	0.05468	0.02546	0.04491	0.27477	0.05159	0.35096	0.03642	0.00773	0.00881	0.02139	0.00827	0.00823
8	0.02465	0.03346	0.19548	0.02926	0.03898	0.02481	0.12330	0.07533	0.16353	0.03963	0.03300	0.07884	0.02775	0.01468	0.01170	0.00373	0.01308	0.04559	0.00783	0.01537
9	0.03086	0.15196	0.08471	0.06962	0.04091	0.14439	0.13588	0.04012	0.09094	0.07228	0.02369	0.02650	0.01811	0.01092	0.01035	0.00319	0.01490	0.00941	0.00658	0.01468
10	0.02521	0.02348	0.03641	0.20452	0.29335	0.02571	0.02878	0.03759	0.14173	0.03576	0.02576	0.03077	0.02024	0.01124	0.01089	0.00346	0.01239	0.01032	0.00657	0.01581
11	0.01469	0.01008	0.01224	0.01339	0.01367	0.00979	0.00820	0.01555	0.01813	0.02418	0.04604	0.31570	0.05438	0.35235	0.03662	0.00778	0.00864	0.02273	0.00820	0.00763
12	0.02306	0.16091	0.03926	0.41840	0.09905	0.02877	0.02780	0.02939	0.02211	0.02792	0.01848	0.02621	0.01461	0.01045	0.00998	0.00330	0.01375	0.00879	0.00484	0.01293
13	0.02138	0.02838	0.15639	0.34900	0.13400	0.02380	0.03187	0.02947	0.02247	0.03055	0.02204	0.06234	0.01823	0.01200	0.01094	0.00358	0.01418	0.01060	0.00519	0.01360
14	0.02545	0.48001	0.04675	0.01785	0.02514	0.03514	0.01666	0.02857	0.02186	0.02616	0.02565	0.15578	0.02757	0.01513	0.00861	0.00282	0.01041	0.01171	0.00594	0.01279
15	0.02334	0.02172	0.03235	0.02311	0.03311	0.01758	0.12881	0.02920	0.02334	0.03539	0.02001	0.02420	0.01624	0.00834	0.00919	0.00210	0.01048	0.00796	0.00624	0.52729
16	0.08338	0.42365	0.04693	0.02086	0.02899	0.18396	0.01878	0.03553	0.02423	0.02772	0.01562	0.01809	0.01384	0.00990	0.00774	0.00254	0.01356	0.00616	0.00508	0.01346
17	0.01869	0.01407	0.01963	0.02492	0.13745	0.01407	0.01310	0.01984	0.01782	0.02435	0.02994	0.05807	0.03283	0.43070	0.04407	0.06034	0.01104	0.01393	0.00618	0.00895
18	0.01969	0.01941	0.01691	0.01820	0.01999	0.14060	0.01268	0.02180	0.02322	0.02757	0.05000	0.47191	0.05855	0.02881	0.01296	0.00405	0.00944	0.02540	0.00907	0.00974
19	0.02408	0.10407	0.02600	0.01910	0.02512	0.02517	0.01536	0.04454	0.34076	0.03906	0.05574	0.05246	0.14995	0.01703	0.01094	0.00350	0.00833	0.01392	0.00997	0.01492
20	0.02208	0.02090	0.03540	0.46831	0.18571	0.02462	0.03102	0.02917	0.02251	0.02967	0.01964	0.02858	0.01517	0.01062	0.01088	0.00354	0.01417	0.00970	0.00497	0.01332
21	0.02859	0.02777	0.03287	0.10833	0.03910	0.14269	0.12048	0.08803	0.02833	0.03736	0.02395	0.02895	0.01856	0.01107	0.01009	0.00301	0.01347	0.00964	0.16302	0.06469
22	0.02402	0.02684	0.08360	0.16002	0.15548	0.02514	0.20313	0.03394	0.06471	0.03500	0.05854	0.03284	0.02332	0.01109	0.01170	0.00355	0.01461	0.01163	0.00617	0.01468
23	0.18257	0.11634	0.14167	0.02397	0.03278	0.06257	0.08381	0.03313	0.02310	0.07649	0.02554	0.10439	0.02290	0.01363	0.00986	0.00339	0.01231	0.01121	0.00677	0.01357
24	0.03226	0.10563	0.03554	0.02588	0.06818	0.02376	0.08242	0.10880	0.03067	0.16193	0.09942	0.03532	0.03107	0.01255	0.01054	0.00302	0.01076	0.01088	0.00911	0.10227
25	0.01761	0.01349	0.01506	0.01402	0.01755	0.01283	0.01049	0.08270	0.02899	0.03777	0.20666	0.12563	0.28080	0.06825	0.01584	0.00413	0.00671	0.02048	0.01048	0.01051

[dist]
# distance from previous block
# <min> <max>
0	36

# created by:
# /st0/software/busco_prod/Augustus/scripts/msa2prfl.pl ./align_prep/9985.fa
