[name]
unknown

[dist]
# distance from previous block
# <min> <max>
0	259

[block]
# block no. 0 follows, 12 sequences, length 7
# corresponding to MSA columns:
# 345-351
name=unknown_A
#
# <colnr> <probs for GDERKNQSTAVLIFYWHMCP>
#	G	D	E	R	K	N	Q	S	T	A	V	L	I	F	Y	W	H	M	C	P
0	0.01507	0.01115	0.01445	0.01644	0.01854	0.01054	0.01298	0.01851	0.02356	0.03027	0.06970	0.29117	0.16773	0.03102	0.01420	0.00453	0.00777	0.22285	0.01009	0.00945
1	0.03532	0.01860	0.02201	0.01853	0.02496	0.01882	0.01477	0.04925	0.20803	0.26897	0.04200	0.03911	0.02944	0.01380	0.01034	0.00332	0.00820	0.01129	0.14685	0.01639
2	0.02009	0.01542	0.01742	0.01717	0.02053	0.01660	0.01270	0.03453	0.22813	0.03870	0.10995	0.23807	0.05427	0.02198	0.01180	0.00376	0.00695	0.01926	0.10006	0.01261
3	0.02571	0.01665	0.01803	0.01608	0.02023	0.01758	0.01241	0.18172	0.03169	0.04708	0.03769	0.15607	0.03421	0.01736	0.01002	0.00318	0.00759	0.01445	0.31964	0.01261
4	0.02463	0.01585	0.01938	0.01707	0.02131	0.01570	0.01316	0.12743	0.03346	0.10867	0.28836	0.15697	0.07044	0.02136	0.01240	0.00356	0.00730	0.01854	0.01162	0.01279
5	0.03153	0.38391	0.15706	0.02143	0.03201	0.03401	0.02270	0.03710	0.02413	0.13261	0.02161	0.02254	0.01653	0.01037	0.00849	0.00278	0.01213	0.00732	0.00640	0.01534
6	0.01822	0.00985	0.01439	0.01439	0.01463	0.01009	0.00970	0.01501	0.01477	0.01994	0.02171	0.03807	0.02199	0.09985	0.10929	0.53513	0.01201	0.01037	0.00505	0.00553

[dist]
# distance from previous block
# <min> <max>
0	49

[block]
# block no. 1 follows, 12 sequences, length 14
# corresponding to MSA columns:
# 405-418
name=unknown_B
#
# <colnr> <probs for GDERKNQSTAVLIFYWHMCP>
#	G	D	E	R	K	N	Q	S	T	A	V	L	I	F	Y	W	H	M	C	P
0	0.24199	0.03229	0.10914	0.07029	0.06308	0.10519	0.05599	0.09463	0.02651	0.04221	0.01968	0.02332	0.01500	0.01081	0.00929	0.00328	0.01293	0.00811	0.04238	0.01387
1	0.04409	0.01963	0.02516	0.02002	0.02795	0.01849	0.01630	0.05420	0.14159	0.44311	0.04332	0.03790	0.02839	0.01378	0.01099	0.00345	0.00913	0.01127	0.01296	0.01827
2	0.02151	0.02067	0.02880	0.02565	0.02579	0.02796	0.02081	0.02379	0.01762	0.02659	0.02446	0.15373	0.02713	0.02243	0.03093	0.00469	0.46593	0.01430	0.00596	0.01125
3	0.03718	0.18767	0.08120	0.02406	0.03362	0.03126	0.05502	0.21210	0.03507	0.15998	0.02616	0.02626	0.01869	0.01169	0.00997	0.00309	0.01208	0.00909	0.00894	0.01687
4	0.01560	0.09890	0.01913	0.01569	0.01759	0.01385	0.01136	0.01773	0.02106	0.02752	0.05355	0.52344	0.06365	0.03054	0.01291	0.00412	0.00710	0.02733	0.00933	0.00960
5	0.02382	0.04083	0.36062	0.02494	0.03717	0.02039	0.02966	0.03305	0.02462	0.10941	0.04313	0.04323	0.13336	0.01464	0.01101	0.00349	0.01277	0.01180	0.00712	0.01494
6	0.02552	0.01711	0.02777	0.02231	0.02840	0.01551	0.12258	0.03083	0.02800	0.16214	0.16920	0.06807	0.15290	0.01912	0.01262	0.00368	0.00964	0.06121	0.01035	0.01303
7	0.02075	0.01256	0.01652	0.01597	0.01734	0.01338	0.01120	0.02390	0.12835	0.02485	0.02458	0.03481	0.02212	0.03276	0.03563	0.53222	0.00928	0.01010	0.00614	0.00751
8	0.03945	0.01947	0.02588	0.02095	0.02689	0.02030	0.01721	0.04542	0.06641	0.35905	0.03619	0.03473	0.02475	0.01478	0.01622	0.00364	0.13917	0.01069	0.06247	0.01634
9	0.02867	0.01959	0.02182	0.01820	0.02382	0.02051	0.01450	0.20661	0.07505	0.08729	0.16791	0.05159	0.09401	0.01692	0.01116	0.00329	0.00825	0.01391	0.10258	0.01432
10	0.19081	0.02086	0.02433	0.01911	0.02721	0.02049	0.01578	0.11536	0.03132	0.37282	0.03439	0.03122	0.02239	0.01269	0.01002	0.00336	0.00949	0.00968	0.01162	0.01706
11	0.01825	0.01101	0.01294	0.01256	0.01311	0.01084	0.00744	0.01817	0.01673	0.05591	0.03376	0.06624	0.03725	0.53379	0.05162	0.06078	0.01040	0.01506	0.00692	0.00725
12	0.02569	0.21445	0.15256	0.02220	0.02983	0.02779	0.02220	0.03100	0.02283	0.08597	0.05804	0.11198	0.02933	0.01590	0.01392	0.00344	0.10038	0.01196	0.00686	0.01366
13	0.02692	0.10707	0.02985	0.06573	0.06998	0.02196	0.01758	0.05647	0.02470	0.09782	0.02813	0.03143	0.04537	0.01658	0.05033	0.00376	0.04253	0.00920	0.04845	0.20614

[dist]
# distance from previous block
# <min> <max>
1	11

[block]
# block no. 2 follows, 12 sequences, length 22
# corresponding to MSA columns:
# 430-451
name=unknown_C
#
# <colnr> <probs for GDERKNQSTAVLIFYWHMCP>
#	G	D	E	R	K	N	Q	S	T	A	V	L	I	F	Y	W	H	M	C	P
0	0.07875	0.02959	0.07663	0.14591	0.04643	0.08588	0.13667	0.08793	0.02713	0.03759	0.02020	0.02528	0.01544	0.01019	0.01038	0.00312	0.01422	0.00916	0.00620	0.13331
1	0.12656	0.03044	0.13124	0.14826	0.04180	0.06358	0.02360	0.08406	0.02610	0.06998	0.02076	0.02444	0.01544	0.01055	0.00956	0.00306	0.01248	0.00808	0.00662	0.14341
2	0.08299	0.21971	0.04005	0.02368	0.03076	0.07704	0.05399	0.09071	0.08006	0.07819	0.02227	0.02452	0.01768	0.01233	0.01312	0.00325	0.09936	0.00854	0.00708	0.01468
3	0.01430	0.01035	0.01322	0.01402	0.01561	0.00958	0.00977	0.01740	0.02475	0.03372	0.25279	0.31895	0.11994	0.07381	0.01662	0.00445	0.00612	0.02473	0.01059	0.00928
4	0.01680	0.01099	0.01289	0.01319	0.01566	0.00991	0.00933	0.01944	0.02330	0.06875	0.10614	0.24877	0.22479	0.09503	0.01756	0.00458	0.00657	0.02254	0.06412	0.00964
5	0.01702	0.01217	0.01571	0.01518	0.01559	0.01364	0.01030	0.01759	0.01612	0.02234	0.02940	0.05604	0.03203	0.37700	0.15963	0.08303	0.07991	0.01360	0.00604	0.00765
6	0.03306	0.02637	0.02800	0.02339	0.03062	0.02989	0.01870	0.24633	0.33103	0.05519	0.03683	0.03467	0.02717	0.01409	0.01102	0.00352	0.01003	0.01129	0.01102	0.01779
7	0.69383	0.02109	0.01603	0.01434	0.02109	0.02446	0.01181	0.03205	0.01856	0.04892	0.01518	0.01771	0.01181	0.01012	0.00675	0.00337	0.00843	0.00590	0.00675	0.01181
8	0.29372	0.01952	0.02178	0.01748	0.02527	0.01923	0.01442	0.04513	0.02641	0.36373	0.03245	0.02975	0.02123	0.01221	0.00936	0.00337	0.00896	0.00904	0.01093	0.01599
9	0.02915	0.62337	0.05714	0.01866	0.02799	0.04314	0.01866	0.03265	0.02215	0.02565	0.01516	0.01749	0.01399	0.00933	0.00700	0.00233	0.01166	0.00583	0.00466	0.01399
10	0.02915	0.62337	0.05714	0.01866	0.02799	0.04314	0.01866	0.03265	0.02215	0.02565	0.01516	0.01749	0.01399	0.00933	0.00700	0.00233	0.01166	0.00583	0.00466	0.01399
11	0.09845	0.01318	0.01413	0.01265	0.01694	0.01298	0.00993	0.03224	0.02425	0.15551	0.03504	0.03742	0.02602	0.01260	0.00827	0.00281	0.00637	0.00989	0.45911	0.01219
12	0.03306	0.01638	0.02324	0.02289	0.08345	0.01533	0.01602	0.03772	0.02767	0.28336	0.12791	0.04509	0.03967	0.02526	0.09897	0.00552	0.01177	0.01245	0.05931	0.01493
13	0.01486	0.01029	0.01281	0.01376	0.01421	0.01027	0.00871	0.01601	0.01793	0.02412	0.04345	0.27036	0.05045	0.33813	0.09783	0.00904	0.01106	0.02108	0.00784	0.00780
14	0.02637	0.02241	0.03766	0.15484	0.30402	0.02272	0.06318	0.03253	0.02499	0.08888	0.03318	0.03764	0.07854	0.01237	0.01123	0.00341	0.01241	0.01161	0.00671	0.01529
15	0.20592	0.01850	0.02290	0.02269	0.08401	0.01811	0.01587	0.03880	0.02603	0.26877	0.07201	0.09826	0.03260	0.01515	0.01033	0.00348	0.00885	0.01240	0.01034	0.01498
16	0.01898	0.01148	0.01694	0.01639	0.01669	0.01288	0.01178	0.01642	0.01501	0.02078	0.02001	0.03359	0.01971	0.04257	0.12480	0.50058	0.08033	0.00982	0.00491	0.00635
17	0.02915	0.62337	0.05714	0.01866	0.02799	0.04314	0.01866	0.03265	0.02215	0.02565	0.01516	0.01749	0.01399	0.00933	0.00700	0.00233	0.01166	0.00583	0.00466	0.01399
18	0.01901	0.01728	0.06005	0.01684	0.02100	0.01476	0.01385	0.07738	0.06531	0.03831	0.14373	0.24053	0.13318	0.02372	0.01227	0.00373	0.00750	0.02059	0.05939	0.01157
19	0.02059	0.01938	0.03270	0.59060	0.07510	0.02422	0.03028	0.02786	0.02180	0.02786	0.01938	0.02907	0.01453	0.01090	0.01090	0.00363	0.01453	0.00969	0.00484	0.01211
20	0.03634	0.10624	0.09521	0.02352	0.03267	0.02418	0.07418	0.11502	0.03068	0.23545	0.03080	0.03066	0.02134	0.01195	0.01021	0.00317	0.01138	0.00989	0.08076	0.01633
21	0.15919	0.17979	0.03121	0.01868	0.02625	0.06400	0.01621	0.03748	0.02502	0.18060	0.02835	0.03578	0.02303	0.01308	0.00928	0.00311	0.01048	0.06160	0.00837	0.06851

[dist]
# distance from previous block
# <min> <max>
1	28

[block]
# block no. 3 follows, 12 sequences, length 20
# corresponding to MSA columns:
# 480-499
name=unknown_D
#
# <colnr> <probs for GDERKNQSTAVLIFYWHMCP>
#	G	D	E	R	K	N	Q	S	T	A	V	L	I	F	Y	W	H	M	C	P
0	0.03532	0.02502	0.02630	0.10827	0.03468	0.11778	0.01840	0.10390	0.03001	0.20224	0.03165	0.07576	0.02536	0.06197	0.01435	0.00385	0.01212	0.01154	0.00921	0.05229
1	0.02894	0.01845	0.02208	0.01681	0.02442	0.01561	0.01310	0.06745	0.02554	0.15686	0.02806	0.03493	0.02303	0.11800	0.01740	0.00374	0.00909	0.00943	0.00846	0.35860
2	0.02732	0.01681	0.02633	0.15988	0.03759	0.01679	0.05968	0.03284	0.02762	0.18926	0.18919	0.08717	0.04928	0.01659	0.01189	0.00355	0.00989	0.01486	0.01000	0.01346
3	0.01637	0.01044	0.01293	0.01331	0.01381	0.01027	0.00858	0.01598	0.01717	0.02259	0.03931	0.10521	0.07131	0.35098	0.04340	0.16975	0.00965	0.05524	0.00692	0.00677
4	0.02865	0.02744	0.12497	0.07005	0.07754	0.02223	0.06844	0.10314	0.06445	0.12480	0.13424	0.04033	0.03686	0.01389	0.01141	0.00344	0.01152	0.01217	0.00904	0.01538
5	0.03474	0.22356	0.04163	0.03178	0.12356	0.26004	0.02249	0.08216	0.02899	0.03188	0.01785	0.02090	0.01502	0.01054	0.00922	0.00278	0.01526	0.00739	0.00578	0.01444
6	0.02940	0.02818	0.03318	0.32495	0.09066	0.12417	0.02667	0.14223	0.03039	0.03756	0.02057	0.02659	0.01555	0.01138	0.01071	0.00338	0.01476	0.00925	0.00641	0.01403
7	0.02348	0.02196	0.03547	0.28158	0.25343	0.02317	0.02845	0.03000	0.02314	0.03229	0.01983	0.02710	0.01590	0.00993	0.01036	0.00312	0.01276	0.00913	0.00535	0.13357
8	0.03512	0.02659	0.09509	0.02261	0.03106	0.02358	0.02010	0.08947	0.25315	0.22258	0.03923	0.03600	0.02740	0.01363	0.01094	0.00352	0.01009	0.01110	0.01107	0.01766
9	0.02243	0.02149	0.02957	0.02565	0.02565	0.02934	0.02079	0.02439	0.01655	0.02533	0.01788	0.03230	0.01882	0.12541	0.03929	0.00580	0.49256	0.01067	0.00510	0.01098
10	0.52655	0.02042	0.01885	0.01928	0.07034	0.02275	0.01379	0.03315	0.02044	0.08391	0.01946	0.02196	0.01481	0.01055	0.00751	0.00329	0.00863	0.00700	0.06465	0.01267
11	0.04892	0.01856	0.02530	0.01940	0.02783	0.01603	0.01603	0.05314	0.03121	0.55634	0.04302	0.03711	0.02699	0.01350	0.01096	0.00337	0.00928	0.01096	0.01350	0.01856
12	0.69383	0.02109	0.01603	0.01434	0.02109	0.02446	0.01181	0.03205	0.01856	0.04892	0.01518	0.01771	0.01181	0.01012	0.00675	0.00337	0.00843	0.00590	0.00675	0.01181
13	0.01519	0.01114	0.01424	0.01347	0.01614	0.01019	0.01010	0.02011	0.03030	0.04239	0.50248	0.08365	0.14427	0.02279	0.01286	0.00345	0.00518	0.02003	0.01183	0.01019
14	0.02397	0.01727	0.01793	0.01661	0.02109	0.01925	0.01278	0.04283	0.29407	0.04331	0.04029	0.04067	0.03081	0.01382	0.00948	0.00316	0.00698	0.01132	0.32041	0.01396
15	0.02521	0.01600	0.01659	0.01482	0.01907	0.01719	0.01156	0.11746	0.11225	0.04647	0.03537	0.03808	0.02716	0.01312	0.00878	0.00286	0.00690	0.01046	0.44780	0.01284
16	0.01757	0.01180	0.01421	0.01321	0.01676	0.01040	0.01005	0.02171	0.02857	0.08609	0.32870	0.08641	0.26686	0.02353	0.01269	0.00352	0.00568	0.02018	0.01141	0.01064
17	0.03237	0.02810	0.12222	0.10481	0.03826	0.02372	0.02305	0.19138	0.03426	0.14900	0.07395	0.07124	0.02956	0.01454	0.01119	0.00347	0.01159	0.01195	0.00947	0.01584
18	0.02772	0.02241	0.02535	0.01857	0.02800	0.01977	0.01504	0.15904	0.03038	0.04453	0.02122	0.02358	0.01680	0.00944	0.00884	0.00206	0.00914	0.00737	0.00767	0.50305
19	0.03464	0.02811	0.03494	0.03338	0.12417	0.03231	0.02374	0.31008	0.03823	0.05260	0.02231	0.02576	0.01730	0.01393	0.01688	0.00363	0.15309	0.00973	0.00845	0.01672

[dist]
# distance from previous block
# <min> <max>
0	3

[block]
# block no. 4 follows, 12 sequences, length 25
# corresponding to MSA columns:
# 503-527
name=unknown_E
#
# <colnr> <probs for GDERKNQSTAVLIFYWHMCP>
#	G	D	E	R	K	N	Q	S	T	A	V	L	I	F	Y	W	H	M	C	P
0	0.13763	0.10135	0.26112	0.06314	0.03716	0.02446	0.02621	0.03179	0.02201	0.03614	0.01950	0.02321	0.01492	0.01012	0.00890	0.00302	0.01229	0.00751	0.05589	0.10364
1	0.02692	0.12943	0.03496	0.02525	0.02775	0.11851	0.02095	0.02878	0.01962	0.02541	0.01537	0.02311	0.01472	0.01822	0.02746	0.07826	0.34028	0.00850	0.00488	0.01161
2	0.01559	0.01152	0.01406	0.01430	0.01623	0.01116	0.01000	0.02073	0.06435	0.03413	0.23798	0.23556	0.11278	0.12746	0.02034	0.00499	0.00673	0.02209	0.01030	0.00970
3	0.01467	0.01071	0.01379	0.01389	0.01604	0.00983	0.01008	0.01877	0.02778	0.03844	0.38245	0.22104	0.13026	0.02581	0.01314	0.00371	0.00548	0.02292	0.01136	0.00983
4	0.03630	0.01554	0.02087	0.01725	0.02324	0.01429	0.01391	0.04067	0.02760	0.34809	0.07920	0.04213	0.03320	0.02577	0.10697	0.00568	0.01174	0.01166	0.11075	0.01514
5	0.02512	0.02132	0.02293	0.02074	0.02629	0.02424	0.01606	0.05154	0.44377	0.04529	0.12977	0.04766	0.04520	0.01608	0.01140	0.00365	0.00803	0.01359	0.01125	0.01606
6	0.69383	0.02109	0.01603	0.01434	0.02109	0.02446	0.01181	0.03205	0.01856	0.04892	0.01518	0.01771	0.01181	0.01012	0.00675	0.00337	0.00843	0.00590	0.00675	0.01181
7	0.03914	0.02831	0.03025	0.02345	0.03150	0.03122	0.01929	0.45912	0.04816	0.06564	0.02721	0.02776	0.01957	0.01305	0.01055	0.00319	0.01124	0.00985	0.08386	0.01763
8	0.01558	0.01168	0.01752	0.01752	0.01947	0.01363	0.01363	0.01947	0.01752	0.02531	0.02921	0.04283	0.02726	0.08178	0.57360	0.01752	0.02921	0.01168	0.00584	0.00974
9	0.02915	0.62337	0.05714	0.01866	0.02799	0.04314	0.01866	0.03265	0.02215	0.02565	0.01516	0.01749	0.01399	0.00933	0.00700	0.00233	0.01166	0.00583	0.00466	0.01399
10	0.13965	0.26139	0.27981	0.02359	0.03557	0.03181	0.02736	0.03341	0.02193	0.03369	0.01718	0.02005	0.01354	0.00993	0.00849	0.00302	0.01314	0.00686	0.00499	0.01459
11	0.02914	0.02109	0.03359	0.09877	0.13245	0.02300	0.06615	0.03423	0.02430	0.15992	0.06465	0.03448	0.02579	0.01883	0.05665	0.00472	0.13881	0.01116	0.00772	0.01454
12	0.01799	0.01123	0.01376	0.01338	0.01621	0.01029	0.00993	0.02216	0.02695	0.07606	0.27440	0.16376	0.14415	0.02279	0.01201	0.00348	0.00569	0.01983	0.12545	0.01047
13	0.02059	0.01938	0.03270	0.59060	0.07510	0.02422	0.03028	0.02786	0.02180	0.02786	0.01938	0.02907	0.01453	0.01090	0.01090	0.00363	0.01453	0.00969	0.00484	0.01211
14	0.02220	0.01203	0.01581	0.01568	0.01871	0.01080	0.01142	0.02510	0.02485	0.15903	0.11329	0.36662	0.10668	0.02722	0.01299	0.00399	0.00685	0.02415	0.01115	0.01142
15	0.01841	0.00966	0.01381	0.01381	0.01381	0.00966	0.00898	0.01449	0.01449	0.01932	0.02158	0.03969	0.02248	0.13702	0.04482	0.56766	0.00966	0.01056	0.00506	0.00506
16	0.02915	0.62337	0.05714	0.01866	0.02799	0.04314	0.01866	0.03265	0.02215	0.02565	0.01516	0.01749	0.01399	0.00933	0.00700	0.00233	0.01166	0.00583	0.00466	0.01399
17	0.01741	0.01275	0.01574	0.01576	0.01849	0.01278	0.01200	0.02571	0.10088	0.03945	0.28025	0.17414	0.07608	0.02360	0.01266	0.00378	0.00649	0.07769	0.06333	0.01101
18	0.02059	0.01938	0.03270	0.59060	0.07510	0.02422	0.03028	0.02786	0.02180	0.02786	0.01938	0.02907	0.01453	0.01090	0.01090	0.00363	0.01453	0.00969	0.00484	0.01211
19	0.03063	0.02833	0.03059	0.03324	0.14692	0.13534	0.02192	0.13644	0.03004	0.03893	0.02472	0.03510	0.02160	0.01591	0.01583	0.05332	0.07689	0.05084	0.05951	0.01391
20	0.09855	0.01843	0.02060	0.01772	0.02367	0.01821	0.01407	0.11152	0.06468	0.08159	0.08617	0.12437	0.07849	0.01813	0.01100	0.00335	0.00837	0.05073	0.00968	0.14067
21	0.07816	0.02358	0.02970	0.07568	0.14506	0.02564	0.02141	0.19959	0.08788	0.04730	0.03140	0.12747	0.02824	0.01576	0.01111	0.00355	0.01080	0.01340	0.00881	0.01547
22	0.02655	0.02573	0.03696	0.25387	0.24210	0.07044	0.02940	0.06950	0.02555	0.03377	0.01969	0.02684	0.01582	0.01139	0.01300	0.00349	0.06624	0.00948	0.00559	0.01458
23	0.02446	0.02566	0.11489	0.01895	0.02965	0.01649	0.01784	0.03060	0.02333	0.07457	0.02119	0.02377	0.01657	0.00887	0.00868	0.00206	0.00954	0.00707	0.00667	0.51913
24	0.01704	0.01304	0.01604	0.01506	0.01843	0.01197	0.01098	0.02291	0.06471	0.03664	0.24994	0.20766	0.06991	0.06477	0.01522	0.00391	0.00662	0.01959	0.01010	0.12547

[dist]
# distance from previous block
# <min> <max>
5	33

[block]
# block no. 5 follows, 12 sequences, length 10
# corresponding to MSA columns:
# 561-570
name=unknown_F
#
# <colnr> <probs for GDERKNQSTAVLIFYWHMCP>
#	G	D	E	R	K	N	Q	S	T	A	V	L	I	F	Y	W	H	M	C	P
0	0.02460	0.24529	0.04006	0.17339	0.04013	0.06589	0.06131	0.02882	0.02165	0.02617	0.02097	0.03291	0.01967	0.13570	0.01878	0.00453	0.01332	0.00962	0.00525	0.01193
1	0.06826	0.06372	0.02926	0.11363	0.03635	0.05982	0.01861	0.15368	0.03010	0.04236	0.02044	0.02377	0.01597	0.01023	0.00923	0.00260	0.01115	0.00782	0.00718	0.27581
2	0.03510	0.11936	0.07423	0.02899	0.07772	0.02973	0.06106	0.17060	0.03207	0.15081	0.02526	0.02695	0.01849	0.01257	0.01356	0.00338	0.08577	0.00953	0.00839	0.01644
3	0.02115	0.01172	0.01579	0.01634	0.01887	0.01073	0.01194	0.02399	0.02402	0.13875	0.08863	0.41740	0.06408	0.02877	0.01333	0.00419	0.00715	0.06115	0.01094	0.01105
4	0.03112	0.01415	0.01888	0.01700	0.02176	0.01248	0.01295	0.03425	0.02634	0.29294	0.05518	0.28608	0.08366	0.02333	0.01236	0.00385	0.00775	0.02038	0.01181	0.01374
5	0.02436	0.01423	0.01701	0.01638	0.02003	0.01427	0.01219	0.03335	0.12852	0.13414	0.04849	0.26468	0.04631	0.02176	0.01146	0.00368	0.00710	0.01899	0.15034	0.01270
6	0.04212	0.02058	0.02916	0.02953	0.13580	0.01922	0.01977	0.04956	0.08154	0.39549	0.03850	0.03538	0.02563	0.01285	0.01094	0.00338	0.00997	0.01085	0.01157	0.01816
7	0.04305	0.01873	0.02684	0.13772	0.03762	0.01772	0.01898	0.04790	0.02926	0.44687	0.03812	0.03545	0.02441	0.01296	0.01095	0.00343	0.01037	0.01070	0.01170	0.01722
8	0.02203	0.02256	0.12864	0.01896	0.02495	0.01646	0.01867	0.07699	0.02650	0.03993	0.03780	0.05973	0.03428	0.01738	0.01072	0.00354	0.00954	0.14659	0.27249	0.01223
9	0.35627	0.01671	0.01628	0.01648	0.02121	0.01826	0.01394	0.02678	0.02180	0.04055	0.04059	0.06877	0.07550	0.01989	0.01072	0.00409	0.00888	0.20403	0.00840	0.01086

[dist]
# distance from previous block
# <min> <max>
0	53

[block]
# block no. 6 follows, 12 sequences, length 9
# corresponding to MSA columns:
# 624-632
name=unknown_G
#
# <colnr> <probs for GDERKNQSTAVLIFYWHMCP>
#	G	D	E	R	K	N	Q	S	T	A	V	L	I	F	Y	W	H	M	C	P
0	0.27130	0.02957	0.02443	0.02101	0.02722	0.18096	0.01675	0.04034	0.02526	0.17382	0.02290	0.02397	0.01669	0.01220	0.01156	0.00335	0.06891	0.00791	0.00801	0.01383
1	0.69383	0.02109	0.01603	0.01434	0.02109	0.02446	0.01181	0.03205	0.01856	0.04892	0.01518	0.01771	0.01181	0.01012	0.00675	0.00337	0.00843	0.00590	0.00675	0.01181
2	0.02400	0.01438	0.02094	0.01743	0.02134	0.01354	0.07179	0.02790	0.02397	0.12824	0.12139	0.05492	0.04269	0.19815	0.02437	0.00543	0.00919	0.01401	0.15512	0.01119
3	0.07077	0.01844	0.02632	0.09905	0.03330	0.01843	0.06383	0.07394	0.02912	0.20613	0.12466	0.04173	0.03659	0.01399	0.01081	0.00334	0.00978	0.01207	0.09336	0.01434
4	0.01878	0.01175	0.01496	0.01424	0.01738	0.01056	0.01063	0.02281	0.02807	0.10228	0.31920	0.17593	0.16311	0.02426	0.01282	0.00365	0.00594	0.02124	0.01153	0.01087
5	0.01695	0.01102	0.01363	0.01358	0.01596	0.01013	0.00977	0.02050	0.02568	0.06542	0.24938	0.20813	0.14035	0.07210	0.01596	0.00420	0.00616	0.02130	0.06985	0.00996
6	0.02580	0.17935	0.08953	0.31201	0.05462	0.03051	0.02694	0.09684	0.02609	0.03359	0.01926	0.02512	0.01488	0.01075	0.00985	0.00323	0.01360	0.00856	0.00562	0.01387
7	0.03176	0.01597	0.02064	0.01784	0.02260	0.01525	0.01372	0.09867	0.02877	0.23234	0.08696	0.16588	0.04152	0.02299	0.01718	0.11944	0.00865	0.01580	0.01076	0.01328
8	0.02911	0.12979	0.09763	0.07701	0.03434	0.02687	0.02112	0.12154	0.12163	0.09480	0.03263	0.10921	0.02781	0.01516	0.01062	0.00342	0.01100	0.01241	0.00865	0.01525

[dist]
# distance from previous block
# <min> <max>
0	32

[block]
# block no. 7 follows, 12 sequences, length 12
# corresponding to MSA columns:
# 674-685
name=unknown_H
#
# <colnr> <probs for GDERKNQSTAVLIFYWHMCP>
#	G	D	E	R	K	N	Q	S	T	A	V	L	I	F	Y	W	H	M	C	P
0	0.07514	0.09233	0.02527	0.01728	0.02304	0.02138	0.01359	0.12700	0.02657	0.09069	0.02601	0.03679	0.02319	0.16093	0.02378	0.07406	0.01022	0.01009	0.00776	0.11487
1	0.45371	0.05994	0.02121	0.07124	0.02704	0.02348	0.01435	0.03275	0.02157	0.09662	0.06845	0.02682	0.02240	0.01164	0.00818	0.00333	0.00902	0.00809	0.00761	0.01253
2	0.07932	0.08466	0.07419	0.02402	0.03258	0.02618	0.06914	0.19216	0.03376	0.16393	0.03078	0.08759	0.02454	0.01418	0.01073	0.00339	0.01149	0.01179	0.00949	0.01608
3	0.08022	0.01253	0.01484	0.01567	0.01779	0.01282	0.01113	0.02271	0.08366	0.03363	0.12104	0.36270	0.06203	0.02808	0.01495	0.05647	0.00688	0.02304	0.00978	0.01005
4	0.02762	0.13583	0.12413	0.08132	0.10179	0.02623	0.02386	0.10652	0.02952	0.07981	0.12241	0.03593	0.03325	0.01310	0.01047	0.00320	0.01147	0.01077	0.00783	0.01495
5	0.10602	0.02256	0.05711	0.02303	0.06638	0.07330	0.05065	0.02992	0.02727	0.09181	0.20500	0.05430	0.11531	0.01682	0.01129	0.00339	0.00974	0.01427	0.00917	0.01265
6	0.02049	0.02089	0.10213	0.01848	0.02407	0.01611	0.01663	0.03147	0.12484	0.07139	0.30428	0.09705	0.06914	0.01927	0.01209	0.00355	0.00784	0.01672	0.01064	0.01292
7	0.02464	0.02267	0.13167	0.01848	0.02507	0.01539	0.01741	0.03001	0.02338	0.13716	0.08321	0.04511	0.03365	0.13684	0.08771	0.00628	0.01248	0.01184	0.07158	0.06542
8	0.03047	0.02516	0.07952	0.16997	0.04271	0.02494	0.02403	0.13682	0.06139	0.12964	0.02969	0.03861	0.02331	0.01472	0.01385	0.00375	0.07255	0.05531	0.00849	0.01507
9	0.01950	0.01786	0.02080	0.01996	0.02215	0.08399	0.01559	0.02311	0.01907	0.02558	0.02616	0.03805	0.02431	0.06669	0.44922	0.01441	0.08664	0.01089	0.00570	0.01032
10	0.11268	0.17405	0.19502	0.02468	0.03566	0.02736	0.07142	0.03840	0.02455	0.16263	0.02400	0.02516	0.01712	0.01074	0.00952	0.00318	0.01266	0.00845	0.00716	0.01555
11	0.17980	0.02733	0.09871	0.08199	0.03456	0.02802	0.02302	0.07833	0.02299	0.07858	0.01914	0.02415	0.01511	0.01402	0.01886	0.00390	0.22268	0.00867	0.00649	0.01364

[dist]
# distance from previous block
# <min> <max>
0	1

[block]
# block no. 8 follows, 12 sequences, length 15
# corresponding to MSA columns:
# 687-701
name=unknown_I
#
# <colnr> <probs for GDERKNQSTAVLIFYWHMCP>
#	G	D	E	R	K	N	Q	S	T	A	V	L	I	F	Y	W	H	M	C	P
0	0.02941	0.12029	0.04148	0.02948	0.03442	0.12192	0.10036	0.07863	0.02464	0.03175	0.01725	0.02333	0.01499	0.01416	0.02112	0.00376	0.26482	0.00913	0.00561	0.01344
1	0.22226	0.11944	0.11551	0.03577	0.16640	0.02825	0.09988	0.03331	0.02246	0.03776	0.01824	0.02264	0.01456	0.00979	0.00929	0.00324	0.01273	0.00826	0.00559	0.01461
2	0.03530	0.02615	0.03128	0.02983	0.10882	0.02844	0.02111	0.28942	0.11967	0.09357	0.02980	0.03091	0.02212	0.01883	0.05958	0.00458	0.01288	0.01045	0.00987	0.01738
3	0.01340	0.01055	0.01211	0.01281	0.01532	0.00925	0.00919	0.01624	0.02445	0.03107	0.15905	0.26754	0.32242	0.02897	0.01322	0.00389	0.00573	0.02514	0.01041	0.00925
4	0.03832	0.01753	0.02286	0.01828	0.02501	0.01606	0.01479	0.08813	0.03305	0.35779	0.18887	0.04913	0.04856	0.01605	0.01152	0.00338	0.00832	0.01344	0.01280	0.01612
5	0.01558	0.01168	0.01752	0.01752	0.01947	0.01363	0.01363	0.01947	0.01752	0.02531	0.02921	0.04283	0.02726	0.08178	0.57360	0.01752	0.02921	0.01168	0.00584	0.00974
6	0.69383	0.02109	0.01603	0.01434	0.02109	0.02446	0.01181	0.03205	0.01856	0.04892	0.01518	0.01771	0.01181	0.01012	0.00675	0.00337	0.00843	0.00590	0.00675	0.01181
7	0.04127	0.01660	0.02170	0.01723	0.02434	0.01451	0.01404	0.04549	0.02936	0.42982	0.04815	0.04393	0.07509	0.01468	0.01064	0.00328	0.00830	0.01196	0.11319	0.01642
8	0.02915	0.62337	0.05714	0.01866	0.02799	0.04314	0.01866	0.03265	0.02215	0.02565	0.01516	0.01749	0.01399	0.00933	0.00700	0.00233	0.01166	0.00583	0.00466	0.01399
9	0.01894	0.00947	0.01420	0.01420	0.01420	0.00947	0.00947	0.01420	0.01420	0.01894	0.01894	0.03314	0.01894	0.03788	0.04261	0.68277	0.00947	0.00947	0.00473	0.00473
10	0.11134	0.01766	0.02609	0.02114	0.02605	0.01800	0.09250	0.03108	0.02277	0.14825	0.06588	0.03774	0.02767	0.06042	0.02106	0.11471	0.06145	0.01120	0.07302	0.01197
11	0.02066	0.01777	0.02987	0.25158	0.04626	0.01901	0.09830	0.02527	0.02074	0.02845	0.02317	0.03627	0.02029	0.10517	0.02143	0.08960	0.01268	0.01086	0.05327	0.06937
12	0.12024	0.07951	0.07228	0.14648	0.06971	0.02228	0.01989	0.02889	0.06502	0.03239	0.02876	0.11679	0.02793	0.10548	0.01702	0.00459	0.01109	0.01285	0.00670	0.01209
13	0.17145	0.07601	0.11632	0.05960	0.03293	0.10637	0.02070	0.06740	0.02561	0.08553	0.02404	0.07419	0.02031	0.01279	0.00953	0.00319	0.01218	0.00966	0.00712	0.06506
14	0.17012	0.10497	0.15643	0.02030	0.02996	0.02289	0.02061	0.03649	0.02463	0.16508	0.06960	0.02973	0.02464	0.01179	0.00934	0.00311	0.01060	0.00891	0.00805	0.07274

[dist]
# distance from previous block
# <min> <max>
0	50

[block]
# block no. 9 follows, 12 sequences, length 19
# corresponding to MSA columns:
# 753-771
name=unknown_J
#
# <colnr> <probs for GDERKNQSTAVLIFYWHMCP>
#	G	D	E	R	K	N	Q	S	T	A	V	L	I	F	Y	W	H	M	C	P
0	0.12044	0.02761	0.11226	0.07449	0.03444	0.02448	0.02156	0.12116	0.06574	0.08277	0.06644	0.03066	0.02454	0.01299	0.01241	0.00337	0.06437	0.00970	0.00804	0.08254
1	0.03103	0.17179	0.08504	0.02183	0.02870	0.06916	0.01956	0.13448	0.02812	0.08370	0.02284	0.02928	0.01922	0.07567	0.01945	0.06452	0.06564	0.00914	0.00709	0.01373
2	0.08385	0.01245	0.01546	0.01540	0.01834	0.01198	0.01163	0.02343	0.02597	0.08999	0.24199	0.24433	0.07286	0.02475	0.01262	0.00388	0.00671	0.06271	0.01086	0.01079
3	0.02339	0.01259	0.01635	0.01516	0.01861	0.01137	0.01122	0.02684	0.02667	0.16862	0.21744	0.19723	0.10273	0.08068	0.01675	0.00436	0.00704	0.02004	0.01128	0.01164
4	0.03513	0.01550	0.02089	0.01706	0.02308	0.01366	0.01366	0.03973	0.03107	0.34524	0.24893	0.05537	0.05824	0.01712	0.01175	0.00340	0.00758	0.01457	0.01288	0.01515
5	0.03273	0.02621	0.02781	0.02332	0.03049	0.02974	0.01862	0.23592	0.34198	0.05466	0.03725	0.03500	0.02751	0.01413	0.01102	0.00353	0.00995	0.01134	0.01102	0.01776
6	0.02540	0.01165	0.01285	0.01180	0.01539	0.01120	0.00911	0.03032	0.02434	0.13208	0.03689	0.04002	0.02778	0.01284	0.00821	0.00269	0.00583	0.01030	0.55964	0.01165
7	0.04145	0.03054	0.03272	0.02509	0.03381	0.03381	0.02072	0.51243	0.05127	0.06872	0.02618	0.02618	0.01854	0.01309	0.01091	0.00327	0.01200	0.00982	0.01091	0.01854
8	0.01586	0.01057	0.01189	0.01189	0.01189	0.01057	0.00661	0.01586	0.01586	0.02114	0.03436	0.07135	0.03964	0.61681	0.05550	0.01057	0.01057	0.01586	0.00661	0.00661
9	0.01558	0.01168	0.01752	0.01752	0.01947	0.01363	0.01363	0.01947	0.01752	0.02531	0.02921	0.04283	0.02726	0.08178	0.57360	0.01752	0.02921	0.01168	0.00584	0.00974
10	0.02915	0.62337	0.05714	0.01866	0.02799	0.04314	0.01866	0.03265	0.02215	0.02565	0.01516	0.01749	0.01399	0.00933	0.00700	0.00233	0.01166	0.00583	0.00466	0.01399
11	0.02729	0.02931	0.03502	0.32027	0.17856	0.16534	0.02869	0.03323	0.02486	0.02943	0.01900	0.02616	0.01507	0.01070	0.01060	0.00333	0.01547	0.00901	0.00518	0.01349
12	0.12036	0.02037	0.02932	0.12010	0.03728	0.02151	0.09835	0.10566	0.02749	0.09291	0.03150	0.13533	0.02804	0.01553	0.01094	0.00358	0.01110	0.01378	0.06346	0.01340
13	0.01554	0.01253	0.01660	0.01696	0.01812	0.01359	0.01246	0.01818	0.02225	0.03049	0.14137	0.36207	0.11264	0.02871	0.01760	0.00424	0.11310	0.02436	0.00948	0.00970
14	0.02387	0.02299	0.03169	0.12603	0.03673	0.03065	0.02379	0.03227	0.11049	0.03004	0.02065	0.02782	0.01779	0.01687	0.02694	0.00438	0.38807	0.01007	0.00593	0.01293
15	0.01900	0.01103	0.01381	0.01383	0.01629	0.01031	0.01009	0.02297	0.02558	0.08447	0.21039	0.24248	0.06703	0.02303	0.01173	0.00353	0.00590	0.02027	0.17773	0.01054
16	0.01830	0.00977	0.01427	0.01412	0.01458	0.00962	0.00962	0.01536	0.01722	0.02343	0.11396	0.04190	0.03416	0.03505	0.03722	0.55960	0.00869	0.01133	0.00605	0.00574
17	0.03169	0.02477	0.03125	0.02506	0.03119	0.02759	0.06782	0.25088	0.12045	0.04837	0.02646	0.03003	0.02054	0.01804	0.01920	0.12672	0.06598	0.01047	0.00870	0.01482
18	0.01714	0.01343	0.01694	0.01619	0.01982	0.01252	0.01193	0.02254	0.05947	0.03207	0.08884	0.28187	0.05109	0.03330	0.10587	0.00579	0.01064	0.01941	0.00877	0.17236

[dist]
# distance from previous block
# <min> <max>
0	89

# created by:
# /st0/software/busco_prod/Augustus/scripts/msa2prfl.pl ./align_prep/9991.fa
