[name]
unknown

[dist]
# distance from previous block
# <min> <max>
0	267

[block]
# block no. 0 follows, 16 sequences, length 56
# corresponding to MSA columns:
# 288-343
name=unknown_A
#
# <colnr> <probs for GDERKNQSTAVLIFYWHMCP>
#	G	D	E	R	K	N	Q	S	T	A	V	L	I	F	Y	W	H	M	C	P
0	0.01811	0.01679	0.02810	0.59138	0.06338	0.02078	0.02610	0.02442	0.01959	0.02507	0.01969	0.03188	0.01602	0.01093	0.00996	0.00332	0.01263	0.04659	0.00464	0.01063
1	0.09860	0.03215	0.24406	0.02636	0.06915	0.02281	0.06372	0.10625	0.02457	0.13493	0.02123	0.02323	0.01510	0.01053	0.01110	0.00313	0.06413	0.00814	0.00654	0.01427
2	0.04101	0.01595	0.02170	0.01682	0.02389	0.01382	0.01382	0.04483	0.02771	0.55859	0.08436	0.03626	0.02959	0.01264	0.00989	0.00300	0.00794	0.01039	0.01189	0.01588
3	0.34828	0.01750	0.01882	0.01524	0.02207	0.01758	0.01258	0.03889	0.02273	0.35527	0.02722	0.02531	0.01798	0.01066	0.00808	0.00300	0.00791	0.00774	0.00932	0.01382
4	0.72785	0.01874	0.01425	0.01275	0.01874	0.02174	0.01050	0.02849	0.01649	0.04348	0.01350	0.01574	0.01050	0.00900	0.00600	0.00300	0.00750	0.00525	0.00600	0.01050
5	0.02270	0.16022	0.21393	0.03349	0.12021	0.02645	0.18854	0.03160	0.05540	0.02996	0.01874	0.02265	0.01453	0.00887	0.00938	0.00292	0.01333	0.00849	0.00480	0.01378
6	0.02062	0.01959	0.03326	0.40108	0.28365	0.02214	0.02807	0.02679	0.02048	0.02758	0.01764	0.02508	0.01391	0.00926	0.00965	0.00309	0.01235	0.00862	0.00451	0.01264
7	0.01684	0.00842	0.01263	0.01263	0.01263	0.00842	0.00842	0.01263	0.01263	0.01684	0.01684	0.02946	0.01684	0.03367	0.03788	0.71801	0.00842	0.00842	0.00421	0.00421
8	0.01614	0.05742	0.09148	0.06148	0.02469	0.01461	0.05265	0.02107	0.02320	0.03200	0.29748	0.05317	0.09936	0.02067	0.04932	0.04472	0.00908	0.01372	0.00776	0.00997
9	0.02591	0.66522	0.05079	0.01658	0.02488	0.03835	0.01658	0.02902	0.01969	0.02280	0.01347	0.01555	0.01244	0.00829	0.00622	0.00207	0.01036	0.00518	0.00415	0.01244
10	0.02568	0.02279	0.02530	0.02366	0.10426	0.06949	0.01642	0.13263	0.10096	0.03773	0.02130	0.02317	0.01678	0.00925	0.00848	0.00225	0.00935	0.00744	0.00685	0.33623
11	0.02709	0.02230	0.02360	0.02033	0.02634	0.02550	0.01606	0.17228	0.45577	0.04536	0.03565	0.03314	0.02651	0.01279	0.00982	0.00320	0.00837	0.01043	0.00982	0.01561
12	0.01181	0.00843	0.01125	0.01350	0.01406	0.00787	0.00900	0.01350	0.01856	0.02474	0.05342	0.65306	0.06410	0.03036	0.01237	0.00394	0.00562	0.02755	0.00900	0.00787
13	0.12406	0.06985	0.02350	0.01825	0.02409	0.14207	0.01456	0.08061	0.05758	0.21642	0.02930	0.10803	0.02407	0.01340	0.00915	0.00296	0.01001	0.01046	0.00850	0.01313
14	0.02033	0.13457	0.53251	0.02611	0.03960	0.02468	0.03317	0.03046	0.02036	0.02961	0.01686	0.01979	0.01230	0.00908	0.00880	0.00293	0.01378	0.00689	0.00410	0.01406
15	0.01684	0.00842	0.01263	0.01263	0.01263	0.00842	0.00842	0.01263	0.01263	0.01684	0.01684	0.02946	0.01684	0.03367	0.03788	0.71801	0.00842	0.00842	0.00421	0.00421
16	0.02010	0.01723	0.02010	0.01436	0.02297	0.01292	0.01148	0.02440	0.02010	0.03158	0.01723	0.02010	0.01436	0.00718	0.00718	0.00144	0.00718	0.00574	0.00574	0.71863
17	0.02212	0.11258	0.50123	0.02559	0.03871	0.02350	0.03198	0.03189	0.02099	0.07759	0.01871	0.02098	0.01327	0.00934	0.00894	0.00296	0.01340	0.00717	0.00475	0.01430
18	0.03493	0.12265	0.03035	0.02393	0.02933	0.54857	0.01846	0.03751	0.02651	0.02361	0.01480	0.01724	0.01248	0.00978	0.00843	0.00244	0.01660	0.00611	0.00489	0.01138
19	0.02591	0.66522	0.05079	0.01658	0.02488	0.03835	0.01658	0.02902	0.01969	0.02280	0.01347	0.01555	0.01244	0.00829	0.00622	0.00207	0.01036	0.00518	0.00415	0.01244
20	0.01497	0.01132	0.01483	0.01426	0.01484	0.01305	0.01004	0.01642	0.01469	0.02065	0.02660	0.04921	0.02850	0.37567	0.23891	0.01078	0.10030	0.01209	0.00542	0.00744
21	0.01830	0.01723	0.02907	0.63609	0.06675	0.02153	0.02692	0.02476	0.01938	0.02476	0.01723	0.02584	0.01292	0.00969	0.00969	0.00323	0.01292	0.00861	0.00431	0.01077
22	0.01145	0.00982	0.00982	0.00982	0.01309	0.00818	0.00736	0.01391	0.02209	0.02618	0.09818	0.09327	0.59499	0.02455	0.01145	0.00327	0.00491	0.02045	0.00900	0.00818
23	0.01409	0.00940	0.01057	0.01057	0.01057	0.00940	0.00587	0.01409	0.01409	0.01879	0.03054	0.06342	0.03524	0.65938	0.04933	0.00940	0.00940	0.01409	0.00587	0.00587
24	0.01372	0.00991	0.01296	0.01219	0.01448	0.00914	0.00914	0.01829	0.02743	0.03887	0.59381	0.07240	0.09145	0.01981	0.01143	0.00305	0.00457	0.01753	0.01067	0.00914
25	0.72785	0.01874	0.01425	0.01275	0.01874	0.02174	0.01050	0.02849	0.01649	0.04348	0.01350	0.01574	0.01050	0.00900	0.00600	0.00300	0.00750	0.00525	0.00600	0.01050
26	0.02931	0.46107	0.04310	0.01935	0.02655	0.23033	0.01729	0.03221	0.02226	0.02311	0.01397	0.01618	0.01245	0.00885	0.00705	0.00221	0.01271	0.00553	0.00443	0.01204
27	0.01177	0.00858	0.01109	0.01311	0.01396	0.00791	0.00882	0.01354	0.01893	0.02489	0.05817	0.59368	0.12042	0.02975	0.01227	0.00387	0.00555	0.02680	0.00900	0.00791
28	0.72785	0.01874	0.01425	0.01275	0.01874	0.02174	0.01050	0.02849	0.01649	0.04348	0.01350	0.01574	0.01050	0.00900	0.00600	0.00300	0.00750	0.00525	0.00600	0.01050
29	0.03250	0.03956	0.02548	0.02286	0.02800	0.48715	0.01724	0.03702	0.06535	0.02657	0.05611	0.02272	0.01918	0.01064	0.00887	0.00250	0.01507	0.00729	0.00578	0.07011
30	0.01944	0.05013	0.60917	0.02762	0.04195	0.02251	0.03581	0.03069	0.02046	0.03069	0.01739	0.02046	0.01228	0.00921	0.00921	0.00307	0.01432	0.00716	0.00409	0.01432
31	0.01488	0.00967	0.01191	0.01135	0.01363	0.00912	0.00851	0.01943	0.02554	0.03814	0.44399	0.06273	0.07370	0.01754	0.01019	0.00284	0.00456	0.01526	0.19789	0.00912
32	0.03065	0.03035	0.02519	0.02196	0.02775	0.21886	0.01707	0.15326	0.29147	0.03931	0.02818	0.02745	0.02134	0.01181	0.00946	0.00295	0.01147	0.00897	0.00825	0.01424
33	0.02591	0.66522	0.05079	0.01658	0.02488	0.03835	0.01658	0.02902	0.01969	0.02280	0.01347	0.01555	0.01244	0.00829	0.00622	0.00207	0.01036	0.00518	0.00415	0.01244
34	0.02563	0.28297	0.23229	0.02086	0.03069	0.02793	0.02263	0.03511	0.10247	0.10021	0.02164	0.02236	0.01630	0.00977	0.00820	0.00270	0.01105	0.00726	0.00593	0.01400
35	0.01709	0.01378	0.01942	0.01773	0.02063	0.01427	0.05782	0.06054	0.06210	0.03397	0.22067	0.21744	0.05860	0.02121	0.01309	0.00355	0.05125	0.07769	0.00897	0.01016
36	0.01181	0.00843	0.01125	0.01350	0.01406	0.00787	0.00900	0.01350	0.01856	0.02474	0.05342	0.65306	0.06410	0.03036	0.01237	0.00394	0.00562	0.02755	0.00900	0.00787
37	0.03626	0.01821	0.02486	0.01976	0.02672	0.01743	0.05527	0.07644	0.12257	0.39253	0.03709	0.03789	0.02608	0.01294	0.01015	0.00317	0.00894	0.04745	0.01075	0.01550
38	0.02819	0.02226	0.03184	0.19187	0.26912	0.06466	0.02437	0.07210	0.02462	0.14358	0.02202	0.02569	0.01630	0.00988	0.00959	0.00297	0.01160	0.00868	0.00645	0.01420
39	0.04213	0.01867	0.02384	0.01828	0.02583	0.01748	0.01510	0.15353	0.03139	0.49419	0.03517	0.03100	0.02245	0.01192	0.00974	0.00298	0.00874	0.00954	0.01153	0.01649
40	0.01409	0.00940	0.01057	0.01057	0.01057	0.00940	0.00587	0.01409	0.01409	0.01879	0.03054	0.06342	0.03524	0.65938	0.04933	0.00940	0.00940	0.01409	0.00587	0.00587
41	0.07860	0.02348	0.03475	0.07053	0.03663	0.05293	0.19492	0.15950	0.02863	0.14332	0.02784	0.02962	0.05161	0.01095	0.01007	0.00307	0.01201	0.01014	0.00763	0.01377
42	0.02447	0.02206	0.03295	0.16034	0.36548	0.06360	0.02548	0.02972	0.02241	0.07702	0.02536	0.02973	0.05811	0.01039	0.00970	0.00296	0.01145	0.00942	0.00562	0.01375
43	0.01389	0.01021	0.01467	0.01467	0.01609	0.01162	0.01098	0.01673	0.01531	0.02183	0.02679	0.04266	0.02622	0.17891	0.51748	0.01446	0.02296	0.01106	0.00532	0.00815
44	0.08563	0.02051	0.02250	0.01731	0.02499	0.01993	0.01401	0.18000	0.09961	0.08179	0.02291	0.02358	0.01725	0.00967	0.00830	0.00232	0.00831	0.00748	0.00782	0.32607
45	0.03527	0.02636	0.02820	0.02198	0.02946	0.02932	0.01804	0.50283	0.11191	0.05854	0.02527	0.02487	0.01810	0.01182	0.00972	0.00296	0.01029	0.00900	0.00972	0.01634
46	0.01409	0.00940	0.01057	0.01057	0.01057	0.00940	0.00587	0.01409	0.01409	0.01879	0.03054	0.06342	0.03524	0.65938	0.04933	0.00940	0.00940	0.01409	0.00587	0.00587
47	0.03607	0.02185	0.03446	0.02570	0.03379	0.06099	0.19852	0.04120	0.02609	0.37170	0.03034	0.02959	0.02006	0.01057	0.01024	0.00305	0.01162	0.01006	0.00912	0.01497
48	0.02399	0.02303	0.03934	0.05949	0.59893	0.02303	0.02974	0.02974	0.02207	0.03166	0.01823	0.02399	0.01535	0.00864	0.00960	0.00288	0.01151	0.00864	0.00480	0.01535
49	0.04300	0.01728	0.02298	0.01762	0.02513	0.01541	0.01455	0.08550	0.02905	0.56552	0.03713	0.03227	0.02344	0.01197	0.00974	0.00299	0.00843	0.00967	0.01183	0.01649
50	0.02232	0.02132	0.03632	0.22900	0.44248	0.02259	0.02891	0.02828	0.02128	0.02964	0.01794	0.02453	0.01464	0.00895	0.00962	0.00298	0.01193	0.00863	0.00465	0.01400
51	0.01304	0.00988	0.01202	0.01148	0.01407	0.00886	0.00861	0.01698	0.02584	0.03508	0.44584	0.07863	0.24178	0.02123	0.01144	0.00312	0.00467	0.01840	0.01017	0.00886
52	0.01558	0.01037	0.01326	0.01227	0.01505	0.00940	0.00930	0.01984	0.02682	0.07785	0.49534	0.07206	0.14635	0.01982	0.01131	0.00307	0.00487	0.01732	0.01057	0.00956
53	0.01912	0.01767	0.02955	0.45032	0.16680	0.02063	0.02617	0.02521	0.02025	0.02662	0.02137	0.03513	0.01836	0.01146	0.01010	0.00330	0.01218	0.06936	0.00494	0.01146
54	0.02655	0.45748	0.04183	0.01796	0.02497	0.10939	0.01644	0.06843	0.02209	0.02570	0.01594	0.01915	0.01420	0.01673	0.08292	0.00386	0.01323	0.00622	0.00479	0.01211
55	0.12784	0.02235	0.02852	0.07514	0.24886	0.06376	0.02056	0.06282	0.02286	0.06997	0.01859	0.02217	0.01468	0.00895	0.00854	0.00261	0.01031	0.00745	0.00590	0.15812

[dist]
# distance from previous block
# <min> <max>
0	1

[block]
# block no. 1 follows, 16 sequences, length 46
# corresponding to MSA columns:
# 345-390
name=unknown_B
#
# <colnr> <probs for GDERKNQSTAVLIFYWHMCP>
#	G	D	E	R	K	N	Q	S	T	A	V	L	I	F	Y	W	H	M	C	P
0	0.02231	0.02272	0.02850	0.20527	0.08939	0.10257	0.02222	0.02822	0.06450	0.02589	0.01790	0.02468	0.01514	0.01666	0.05869	0.00429	0.22614	0.00857	0.00493	0.01141
1	0.02768	0.02747	0.02366	0.02058	0.02651	0.17960	0.01595	0.08208	0.32337	0.03645	0.02893	0.02821	0.02215	0.01143	0.00920	0.00281	0.01040	0.00887	0.00803	0.10662
2	0.26601	0.02192	0.02779	0.03173	0.20293	0.06360	0.06314	0.02984	0.02059	0.06650	0.02033	0.02897	0.01745	0.01106	0.00990	0.00314	0.04157	0.05509	0.00598	0.01246
3	0.02399	0.02303	0.03934	0.05949	0.59893	0.02303	0.02974	0.02974	0.02207	0.03166	0.01823	0.02399	0.01535	0.00864	0.00960	0.00288	0.01151	0.00864	0.00480	0.01535
4	0.08616	0.02859	0.02729	0.02177	0.02888	0.10649	0.01767	0.42185	0.07886	0.05345	0.02261	0.02287	0.01645	0.01133	0.00931	0.00289	0.01112	0.00830	0.00882	0.01528
5	0.02353	0.02256	0.03851	0.10628	0.55574	0.02291	0.02952	0.02934	0.02185	0.03110	0.01815	0.02414	0.01515	0.00872	0.00960	0.00291	0.01163	0.00863	0.00476	0.01498
6	0.72785	0.01874	0.01425	0.01275	0.01874	0.02174	0.01050	0.02849	0.01649	0.04348	0.01350	0.01574	0.01050	0.00900	0.00600	0.00300	0.00750	0.00525	0.00600	0.01050
7	0.01394	0.01002	0.01371	0.01371	0.01480	0.01110	0.00979	0.01611	0.01502	0.02112	0.02767	0.04752	0.02833	0.29121	0.40806	0.01327	0.01979	0.01177	0.00545	0.00762
8	0.72785	0.01874	0.01425	0.01275	0.01874	0.02174	0.01050	0.02849	0.01649	0.04348	0.01350	0.01574	0.01050	0.00900	0.00600	0.00300	0.00750	0.00525	0.00600	0.01050
9	0.01409	0.00940	0.01057	0.01057	0.01057	0.00940	0.00587	0.01409	0.01409	0.01879	0.03054	0.06342	0.03524	0.65938	0.04933	0.00940	0.00940	0.01409	0.00587	0.00587
10	0.01372	0.00991	0.01296	0.01219	0.01448	0.00914	0.00914	0.01829	0.02743	0.03887	0.59381	0.07240	0.09145	0.01981	0.01143	0.00305	0.00457	0.01753	0.01067	0.00914
11	0.03684	0.02715	0.02909	0.02230	0.03006	0.03006	0.01842	0.56661	0.04557	0.06108	0.02327	0.02327	0.01648	0.01163	0.00970	0.00291	0.01067	0.00873	0.00970	0.01648
12	0.01395	0.00943	0.01111	0.01160	0.01187	0.00936	0.00715	0.01456	0.01540	0.02046	0.03529	0.14159	0.04072	0.52319	0.04144	0.00826	0.00888	0.06279	0.00654	0.00640
13	0.15382	0.01340	0.01710	0.01688	0.02006	0.01389	0.04951	0.02250	0.05973	0.03194	0.07039	0.25065	0.04686	0.02186	0.01114	0.00377	0.00779	0.17081	0.00826	0.00964
14	0.02591	0.66522	0.05079	0.01658	0.02488	0.03835	0.01658	0.02902	0.01969	0.02280	0.01347	0.01555	0.01244	0.00829	0.00622	0.00207	0.01036	0.00518	0.00415	0.01244
15	0.24646	0.02007	0.02208	0.01784	0.02434	0.02129	0.05346	0.14853	0.10141	0.04316	0.06416	0.03026	0.05838	0.01158	0.00860	0.00287	0.00847	0.00911	0.00773	0.10022
16	0.12031	0.01994	0.01887	0.01678	0.02133	0.13204	0.03771	0.02733	0.02422	0.10661	0.15169	0.05416	0.15176	0.01644	0.01012	0.00311	0.00899	0.05963	0.00832	0.01066
17	0.02376	0.46040	0.23672	0.02026	0.03056	0.03308	0.02299	0.02958	0.01995	0.02543	0.01478	0.01718	0.01238	0.00860	0.00721	0.00240	0.01168	0.00584	0.00413	0.01307
18	0.25169	0.01279	0.01322	0.01272	0.01521	0.01428	0.00919	0.01980	0.01532	0.02807	0.02356	0.04032	0.02386	0.27553	0.19790	0.00903	0.01349	0.01009	0.00572	0.00821
19	0.03821	0.01712	0.02209	0.01726	0.02405	0.01584	0.01413	0.11976	0.03033	0.44353	0.11611	0.03723	0.03261	0.01307	0.00998	0.00299	0.00807	0.01072	0.01146	0.01543
20	0.02313	0.02127	0.03391	0.24703	0.33628	0.02317	0.02692	0.07309	0.06028	0.03233	0.01971	0.02536	0.01558	0.00953	0.00965	0.00303	0.01166	0.00879	0.00537	0.01391
21	0.03733	0.01513	0.02052	0.01620	0.02262	0.01319	0.01319	0.04125	0.02768	0.48853	0.15303	0.04113	0.03793	0.01361	0.01009	0.00301	0.00749	0.01135	0.01172	0.01498
22	0.01332	0.00976	0.01284	0.01475	0.01639	0.00927	0.01148	0.01626	0.02062	0.02671	0.05911	0.34741	0.13841	0.02804	0.01265	0.00406	0.00688	0.23474	0.00897	0.00835
23	0.02106	0.02004	0.03406	0.35617	0.32511	0.02226	0.02829	0.02718	0.02069	0.02811	0.01771	0.02494	0.01410	0.00918	0.00964	0.00306	0.01224	0.00862	0.00454	0.01299
24	0.01944	0.05013	0.60917	0.02762	0.04195	0.02251	0.03581	0.03069	0.02046	0.03069	0.01739	0.02046	0.01228	0.00921	0.00921	0.00307	0.01432	0.00716	0.00409	0.01432
25	0.01545	0.01104	0.01538	0.01734	0.01957	0.01097	0.01503	0.01992	0.02278	0.02990	0.10040	0.10599	0.05901	0.02614	0.01321	0.00433	0.00853	0.48699	0.00908	0.00894
26	0.03053	0.08110	0.06674	0.02784	0.03442	0.31334	0.14918	0.03493	0.02433	0.06337	0.01740	0.02090	0.01376	0.01016	0.01138	0.00287	0.07241	0.00788	0.00525	0.01220
27	0.72785	0.01874	0.01425	0.01275	0.01874	0.02174	0.01050	0.02849	0.01649	0.04348	0.01350	0.01574	0.01050	0.00900	0.00600	0.00300	0.00750	0.00525	0.00600	0.01050
28	0.02524	0.02280	0.03945	0.05530	0.52114	0.02253	0.06634	0.03103	0.02251	0.07073	0.01969	0.02475	0.01590	0.00883	0.00974	0.00291	0.01163	0.00891	0.00530	0.01527
29	0.01415	0.01008	0.01465	0.01465	0.01600	0.01142	0.01096	0.01646	0.01511	0.02150	0.02574	0.04062	0.02500	0.14613	0.49322	0.07832	0.02220	0.01069	0.00519	0.00789
30	0.01177	0.00983	0.01025	0.01015	0.01328	0.00832	0.00761	0.01452	0.02283	0.02794	0.16682	0.09038	0.52526	0.02389	0.01145	0.00324	0.00486	0.02005	0.00923	0.00832
31	0.72785	0.01874	0.01425	0.01275	0.01874	0.02174	0.01050	0.02849	0.01649	0.04348	0.01350	0.01574	0.01050	0.00900	0.00600	0.00300	0.00750	0.00525	0.00600	0.01050
32	0.03626	0.04447	0.02761	0.02473	0.02997	0.56706	0.01870	0.08646	0.02910	0.02710	0.01573	0.01800	0.01285	0.01014	0.00883	0.00253	0.01686	0.00647	0.00542	0.01171
33	0.01830	0.01723	0.02907	0.63609	0.06675	0.02153	0.02692	0.02476	0.01938	0.02476	0.01723	0.02584	0.01292	0.00969	0.00969	0.00323	0.01292	0.00861	0.00431	0.01077
34	0.02010	0.01723	0.02010	0.01436	0.02297	0.01292	0.01148	0.02440	0.02010	0.03158	0.01723	0.02010	0.01436	0.00718	0.00718	0.00144	0.00718	0.00574	0.00574	0.71863
35	0.01613	0.00942	0.01078	0.01044	0.01271	0.00908	0.00783	0.02067	0.02350	0.03735	0.28258	0.05232	0.05457	0.01510	0.00885	0.00261	0.00454	0.01283	0.39959	0.00908
36	0.02364	0.02401	0.04497	0.05361	0.42611	0.02350	0.19805	0.03015	0.02232	0.03147	0.01866	0.02467	0.01515	0.00849	0.01018	0.00300	0.01304	0.00952	0.00483	0.01463
37	0.01181	0.00843	0.01125	0.01350	0.01406	0.00787	0.00900	0.01350	0.01856	0.02474	0.05342	0.65306	0.06410	0.03036	0.01237	0.00394	0.00562	0.02755	0.00900	0.00787
38	0.02360	0.02084	0.03148	0.33283	0.20230	0.02366	0.02549	0.12814	0.05476	0.03422	0.01980	0.02541	0.01513	0.00995	0.00967	0.00308	0.01184	0.00876	0.00574	0.01332
39	0.02399	0.02303	0.03934	0.05949	0.59893	0.02303	0.02974	0.02974	0.02207	0.03166	0.01823	0.02399	0.01535	0.00864	0.00960	0.00288	0.01151	0.00864	0.00480	0.01535
40	0.03684	0.02715	0.02909	0.02230	0.03006	0.03006	0.01842	0.56661	0.04557	0.06108	0.02327	0.02327	0.01648	0.01163	0.00970	0.00291	0.01067	0.00873	0.00970	0.01648
41	0.02862	0.12487	0.03366	0.02337	0.03041	0.08691	0.09350	0.17386	0.22663	0.04000	0.02616	0.02648	0.01986	0.01101	0.00937	0.00292	0.01103	0.00911	0.00776	0.01446
42	0.01774	0.00974	0.01349	0.01305	0.01379	0.00980	0.00899	0.04866	0.01546	0.02039	0.02324	0.03376	0.05938	0.03157	0.03411	0.61900	0.00831	0.00932	0.00492	0.00530
43	0.02609	0.35096	0.20243	0.02035	0.03004	0.03035	0.02184	0.06738	0.06313	0.07609	0.01911	0.02035	0.01484	0.00942	0.00784	0.00257	0.01113	0.00676	0.00554	0.01377
44	0.02086	0.12231	0.45240	0.02675	0.03932	0.02475	0.07478	0.03203	0.06140	0.03046	0.01869	0.02146	0.01375	0.00930	0.00907	0.00298	0.01351	0.00754	0.00458	0.01406
45	0.01830	0.01723	0.02907	0.63609	0.06675	0.02153	0.02692	0.02476	0.01938	0.02476	0.01723	0.02584	0.01292	0.00969	0.00969	0.00323	0.01292	0.00861	0.00431	0.01077

[dist]
# distance from previous block
# <min> <max>
0	60

# created by:
# /st0/software/busco_prod/Augustus/scripts/msa2prfl.pl ./align_prep/9999.fa
