[name]
unknown

[dist]
# distance from previous block
# <min> <max>
0	57

[block]
# block no. 0 follows, 14 sequences, length 34
# corresponding to MSA columns:
# 75-108
name=unknown_A
#
# <colnr> <probs for GDERKNQSTAVLIFYWHMCP>
#	G	D	E	R	K	N	Q	S	T	A	V	L	I	F	Y	W	H	M	C	P
0	0.02079	0.01711	0.02110	0.02322	0.10001	0.01758	0.01594	0.08937	0.13002	0.03727	0.08882	0.06953	0.19878	0.01975	0.01167	0.00358	0.00825	0.10547	0.00925	0.01247
1	0.01466	0.01100	0.01649	0.01649	0.01833	0.01283	0.01283	0.01833	0.01649	0.02382	0.02749	0.04032	0.02566	0.07697	0.59868	0.01649	0.02749	0.01100	0.00550	0.00916
2	0.02353	0.02634	0.05631	0.12473	0.05606	0.02550	0.46540	0.03192	0.02369	0.03192	0.02040	0.02764	0.01530	0.00888	0.01185	0.00345	0.01678	0.01168	0.00510	0.01349
3	0.02540	0.02438	0.04165	0.06299	0.57533	0.02438	0.03149	0.03149	0.02337	0.03353	0.01930	0.02540	0.01626	0.00914	0.01016	0.00305	0.01219	0.00914	0.00508	0.01626
4	0.01960	0.01765	0.02800	0.04013	0.31964	0.01720	0.02124	0.02406	0.02285	0.03142	0.07818	0.18815	0.11354	0.01799	0.01129	0.00339	0.00916	0.01648	0.00723	0.01278
5	0.02662	0.10195	0.10803	0.02200	0.02977	0.02782	0.01987	0.10511	0.35715	0.04172	0.03315	0.03172	0.02492	0.01253	0.00986	0.00325	0.00984	0.01002	0.00883	0.01586
6	0.02401	0.02706	0.05706	0.04130	0.05044	0.02661	0.47628	0.03189	0.02320	0.03189	0.01989	0.02706	0.01532	0.00977	0.01469	0.00358	0.08958	0.01174	0.00511	0.01353
7	0.01445	0.01148	0.01698	0.17175	0.02956	0.01222	0.01452	0.01777	0.02052	0.02723	0.08163	0.43577	0.05563	0.02564	0.01229	0.00391	0.00791	0.02318	0.00834	0.00923
8	0.02058	0.05308	0.58618	0.02925	0.04442	0.02383	0.03792	0.03250	0.02167	0.03250	0.01842	0.02167	0.01300	0.00975	0.00975	0.00325	0.01517	0.00758	0.00433	0.01517
9	0.02245	0.02245	0.03143	0.02694	0.02694	0.03143	0.02245	0.02470	0.01572	0.02470	0.01347	0.02245	0.01347	0.01796	0.03368	0.00449	0.62057	0.00898	0.00449	0.01123
10	0.01308	0.01043	0.01172	0.01140	0.01445	0.00907	0.00855	0.01658	0.02565	0.03308	0.28989	0.08994	0.38189	0.02399	0.01212	0.00337	0.00506	0.02042	0.01023	0.00907
11	0.01243	0.00920	0.01163	0.01357	0.01470	0.00840	0.00921	0.01437	0.02034	0.02648	0.06529	0.53436	0.16053	0.03102	0.01292	0.00404	0.00581	0.02779	0.00953	0.00840
12	0.01250	0.00893	0.01191	0.01429	0.01488	0.00834	0.00953	0.01429	0.01965	0.02620	0.05656	0.63265	0.06787	0.03215	0.01310	0.00417	0.00595	0.02917	0.00953	0.00834
13	0.01938	0.01824	0.03078	0.61468	0.07068	0.02280	0.02850	0.02622	0.02052	0.02622	0.01824	0.02736	0.01368	0.01026	0.01026	0.00342	0.01368	0.00912	0.00456	0.01140
14	0.02128	0.01824	0.02128	0.01520	0.02432	0.01368	0.01216	0.02584	0.02128	0.03344	0.01824	0.02128	0.01520	0.00760	0.00760	0.00152	0.00760	0.00608	0.00608	0.70208
15	0.20703	0.48134	0.04362	0.01649	0.02464	0.03599	0.01587	0.03058	0.01996	0.02989	0.01427	0.01652	0.01263	0.00898	0.00652	0.00245	0.01018	0.00551	0.00490	0.01263
16	0.02317	0.01936	0.02145	0.02036	0.02526	0.02193	0.01632	0.04580	0.41688	0.03972	0.04507	0.05862	0.03860	0.01771	0.01142	0.00381	0.00847	0.14141	0.01018	0.01446
17	0.01466	0.01100	0.01649	0.01649	0.01833	0.01283	0.01283	0.01833	0.01649	0.02382	0.02749	0.04032	0.02566	0.07697	0.59868	0.01649	0.02749	0.01100	0.00550	0.00916
18	0.01285	0.01042	0.01139	0.01115	0.01430	0.00897	0.00836	0.01612	0.02509	0.03176	0.24403	0.09212	0.42858	0.02448	0.01212	0.00339	0.00509	0.02073	0.01006	0.00897
19	0.71184	0.01985	0.01508	0.01350	0.01985	0.02302	0.01111	0.03017	0.01746	0.04604	0.01429	0.01667	0.01111	0.00953	0.00635	0.00318	0.00794	0.00556	0.00635	0.01111
20	0.03901	0.02874	0.03080	0.02361	0.03182	0.03182	0.01951	0.54111	0.04825	0.06468	0.02464	0.02464	0.01745	0.01232	0.01027	0.00308	0.01129	0.00924	0.01027	0.01745
21	0.02228	0.01691	0.01797	0.01653	0.02090	0.01883	0.01273	0.04111	0.33265	0.04131	0.10256	0.04288	0.03766	0.01418	0.00966	0.00312	0.00672	0.01182	0.21672	0.01345
22	0.02083	0.05135	0.55034	0.03020	0.04504	0.02398	0.07202	0.03252	0.02184	0.03252	0.01858	0.02208	0.01318	0.00967	0.00991	0.00326	0.01531	0.00789	0.00439	0.01508
23	0.02412	0.01931	0.02953	0.28369	0.14879	0.01981	0.02322	0.02988	0.02229	0.09416	0.02103	0.02627	0.01593	0.00963	0.00955	0.00282	0.01123	0.00847	0.00600	0.19427
24	0.02710	0.03188	0.18736	0.03241	0.04303	0.02352	0.24976	0.03853	0.09518	0.12629	0.02625	0.02873	0.01864	0.01032	0.01097	0.00336	0.01408	0.01055	0.00692	0.01512
25	0.02053	0.03162	0.23143	0.11093	0.04278	0.02054	0.12642	0.02888	0.02282	0.03289	0.08490	0.03017	0.02405	0.01056	0.01017	0.00299	0.01274	0.00973	0.00569	0.14018
26	0.02639	0.03450	0.16762	0.03172	0.04095	0.12804	0.21636	0.03381	0.02480	0.06903	0.02547	0.03766	0.02142	0.01235	0.01121	0.00342	0.01532	0.08039	0.00614	0.01341
27	0.02368	0.11125	0.03978	0.10570	0.16498	0.02636	0.12245	0.03343	0.11561	0.03175	0.02487	0.06884	0.02140	0.01213	0.01182	0.00330	0.05161	0.01100	0.00615	0.01389
28	0.02178	0.01250	0.01586	0.01475	0.01834	0.01157	0.01112	0.02705	0.06255	0.16120	0.22556	0.20757	0.12493	0.02200	0.01183	0.00350	0.00629	0.01922	0.01090	0.01148
29	0.01783	0.00891	0.01337	0.01337	0.01337	0.00891	0.00891	0.01337	0.01337	0.01783	0.01783	0.03119	0.01783	0.03565	0.04011	0.70143	0.00891	0.00891	0.00446	0.00446
30	0.01609	0.01214	0.01507	0.01405	0.01695	0.01194	0.01062	0.02438	0.10430	0.04141	0.49461	0.07119	0.08749	0.01997	0.01187	0.00326	0.00531	0.01757	0.01117	0.01062
31	0.02154	0.01853	0.02506	0.02207	0.02402	0.02367	0.01799	0.09566	0.02068	0.03003	0.02096	0.03027	0.01916	0.04196	0.26788	0.00934	0.28434	0.00986	0.00574	0.01125
32	0.02808	0.49339	0.04603	0.01832	0.02609	0.10403	0.01708	0.03306	0.05673	0.02638	0.01747	0.01951	0.01519	0.00953	0.00719	0.00234	0.01129	0.00628	0.04900	0.01299
33	0.32972	0.05736	0.02500	0.02316	0.09725	0.02488	0.01644	0.10835	0.08877	0.10484	0.02262	0.02357	0.01682	0.01071	0.00836	0.00313	0.00926	0.00781	0.00782	0.01414

[dist]
# distance from previous block
# <min> <max>
0	2

[block]
# block no. 1 follows, 14 sequences, length 33
# corresponding to MSA columns:
# 111-143
name=unknown_B
#
# <colnr> <probs for GDERKNQSTAVLIFYWHMCP>
#	G	D	E	R	K	N	Q	S	T	A	V	L	I	F	Y	W	H	M	C	P
0	0.02568	0.14720	0.15191	0.02935	0.09325	0.11998	0.10854	0.03209	0.02333	0.03087	0.02024	0.02437	0.01608	0.00983	0.00909	0.00282	0.01323	0.00829	0.12063	0.01322
1	0.02453	0.02275	0.03759	0.26664	0.28976	0.02470	0.06263	0.08543	0.02507	0.03412	0.01958	0.02621	0.01536	0.00988	0.01034	0.00322	0.01300	0.00934	0.00546	0.01438
2	0.01462	0.01035	0.01390	0.01597	0.01728	0.01010	0.01225	0.01750	0.02083	0.02742	0.05249	0.32891	0.06004	0.10743	0.01854	0.00515	0.00803	0.24154	0.00907	0.00857
3	0.02025	0.02072	0.11543	0.01972	0.02582	0.01533	0.08168	0.02805	0.05582	0.07417	0.25368	0.04993	0.05232	0.01509	0.01067	0.00313	0.00857	0.01347	0.12415	0.01199
4	0.02078	0.02076	0.03128	0.02990	0.09786	0.06738	0.13162	0.02478	0.02080	0.02775	0.03033	0.20303	0.03202	0.05770	0.05161	0.00484	0.11414	0.01577	0.00639	0.01125
5	0.02155	0.02010	0.03365	0.28303	0.29725	0.02187	0.02750	0.02779	0.02292	0.03149	0.08868	0.03270	0.02541	0.01110	0.01045	0.00322	0.01187	0.01033	0.00565	0.01343
6	0.02862	0.13282	0.07900	0.02858	0.03716	0.09084	0.19888	0.06575	0.08576	0.07935	0.02389	0.02658	0.01802	0.01028	0.01000	0.00304	0.01346	0.00958	0.04424	0.01414
7	0.01380	0.01059	0.01272	0.01257	0.01539	0.00951	0.00968	0.01775	0.02626	0.03478	0.33259	0.08948	0.27828	0.02373	0.01233	0.00348	0.00547	0.07191	0.01041	0.00926
8	0.03356	0.14684	0.07352	0.05909	0.03536	0.15650	0.06372	0.20190	0.03249	0.07177	0.02061	0.02259	0.01552	0.01071	0.00949	0.00289	0.01358	0.00815	0.00708	0.01463
9	0.01477	0.01048	0.01384	0.01378	0.01482	0.01125	0.00955	0.01686	0.01682	0.02347	0.07470	0.05558	0.03688	0.32896	0.30065	0.01241	0.01761	0.01342	0.00631	0.00786
10	0.01802	0.01396	0.01653	0.01433	0.01867	0.01298	0.01106	0.06520	0.05954	0.04022	0.34287	0.06368	0.13296	0.01826	0.01111	0.00298	0.00607	0.01569	0.01007	0.12581
11	0.02128	0.01824	0.02128	0.01520	0.02432	0.01368	0.01216	0.02584	0.02128	0.03344	0.01824	0.02128	0.01520	0.00760	0.00760	0.00152	0.00760	0.00608	0.00608	0.70208
12	0.71184	0.01985	0.01508	0.01350	0.01985	0.02302	0.01111	0.03017	0.01746	0.04604	0.01429	0.01667	0.01111	0.00953	0.00635	0.00318	0.00794	0.00556	0.00635	0.01111
13	0.01250	0.00893	0.01191	0.01429	0.01488	0.00834	0.00953	0.01429	0.01965	0.02620	0.05656	0.63265	0.06787	0.03215	0.01310	0.00417	0.00595	0.02917	0.00953	0.00834
14	0.01470	0.01082	0.01560	0.01560	0.01713	0.01235	0.01172	0.01776	0.01623	0.02317	0.02830	0.04481	0.02761	0.17116	0.50715	0.01540	0.02455	0.01165	0.00562	0.00867
15	0.02540	0.02438	0.04165	0.06299	0.57533	0.02438	0.03149	0.03149	0.02337	0.03353	0.01930	0.02540	0.01626	0.00914	0.01016	0.00305	0.01219	0.00914	0.00508	0.01626
16	0.01253	0.01041	0.01095	0.01082	0.01411	0.00883	0.00811	0.01550	0.02434	0.02997	0.18201	0.09506	0.49172	0.02515	0.01212	0.00343	0.00514	0.02114	0.00983	0.00883
17	0.02014	0.01121	0.01331	0.01238	0.01371	0.01081	0.00770	0.02080	0.01734	0.11412	0.03370	0.06176	0.03531	0.53439	0.04521	0.00881	0.00975	0.01415	0.00730	0.00810
18	0.02744	0.64552	0.05378	0.01756	0.02634	0.04061	0.01756	0.03073	0.02085	0.02414	0.01427	0.01646	0.01317	0.00878	0.00658	0.00219	0.01097	0.00549	0.00439	0.01317
19	0.02058	0.05308	0.58618	0.02925	0.04442	0.02383	0.03792	0.03250	0.02167	0.03250	0.01842	0.02167	0.01300	0.00975	0.00975	0.00325	0.01517	0.00758	0.00433	0.01517
20	0.01213	0.01040	0.01040	0.01040	0.01386	0.00866	0.00780	0.01473	0.02339	0.02772	0.10396	0.09876	0.57117	0.02599	0.01213	0.00347	0.00520	0.02166	0.00953	0.00866
21	0.01244	0.00918	0.01165	0.01364	0.01471	0.00839	0.00924	0.01436	0.02027	0.02645	0.06450	0.54323	0.15217	0.03112	0.01294	0.00405	0.00583	0.02791	0.00953	0.00839
22	0.01486	0.01071	0.01419	0.01391	0.01632	0.01004	0.01083	0.01968	0.02814	0.03940	0.48356	0.08321	0.09050	0.02221	0.01245	0.00348	0.00561	0.10025	0.01099	0.00964
23	0.03833	0.04891	0.02908	0.02644	0.03173	0.59815	0.01983	0.04098	0.02908	0.02512	0.01586	0.01851	0.01322	0.01058	0.00925	0.00264	0.01851	0.00661	0.00529	0.01190
24	0.04604	0.01746	0.02382	0.01826	0.02620	0.01508	0.01508	0.05001	0.02937	0.58244	0.04049	0.03493	0.02540	0.01270	0.01032	0.00318	0.00873	0.01032	0.01270	0.01746
25	0.03087	0.01647	0.02045	0.01758	0.02308	0.01619	0.01379	0.04159	0.17315	0.27287	0.13155	0.11863	0.04438	0.01689	0.01100	0.00339	0.00756	0.01444	0.01144	0.01467
26	0.02744	0.64552	0.05378	0.01756	0.02634	0.04061	0.01756	0.03073	0.02085	0.02414	0.01427	0.01646	0.01317	0.00878	0.00658	0.00219	0.01097	0.00549	0.00439	0.01317
27	0.03366	0.04112	0.02977	0.02659	0.03032	0.43137	0.02060	0.03619	0.02515	0.02499	0.01516	0.01967	0.01329	0.01275	0.01644	0.00319	0.19568	0.00731	0.00505	0.01170
28	0.02630	0.02335	0.03629	0.05004	0.41330	0.02377	0.02672	0.11532	0.02826	0.03971	0.09001	0.03177	0.02667	0.01118	0.01042	0.00308	0.01111	0.01035	0.00674	0.01562
29	0.01572	0.01195	0.01464	0.01371	0.01665	0.01161	0.01036	0.02344	0.09549	0.04026	0.46430	0.07363	0.12787	0.02050	0.01190	0.00328	0.00529	0.01793	0.01104	0.01043
30	0.01938	0.01824	0.03078	0.61468	0.07068	0.02280	0.02850	0.02622	0.02052	0.02622	0.01824	0.02736	0.01368	0.01026	0.01026	0.00342	0.01368	0.00912	0.00456	0.01140
31	0.02304	0.45818	0.04145	0.01660	0.02297	0.03111	0.01520	0.02589	0.02050	0.02475	0.02671	0.19780	0.02927	0.01566	0.00850	0.00278	0.00950	0.01246	0.00590	0.01175
32	0.02457	0.01918	0.02619	0.09956	0.12271	0.01679	0.01781	0.02961	0.02246	0.09545	0.02097	0.02430	0.01635	0.00878	0.00868	0.00221	0.00927	0.00746	0.00648	0.42118

[dist]
# distance from previous block
# <min> <max>
0	15

[block]
# block no. 2 follows, 14 sequences, length 57
# corresponding to MSA columns:
# 159-215
name=unknown_C
#
# <colnr> <probs for GDERKNQSTAVLIFYWHMCP>
#	G	D	E	R	K	N	Q	S	T	A	V	L	I	F	Y	W	H	M	C	P
0	0.02883	0.02389	0.02837	0.02833	0.12413	0.02563	0.01934	0.18627	0.24953	0.04631	0.02993	0.02996	0.02266	0.01182	0.00998	0.00304	0.00968	0.00979	0.00890	0.10361
1	0.02134	0.01261	0.01743	0.01803	0.02135	0.01210	0.01542	0.02595	0.02530	0.12658	0.11738	0.09694	0.05808	0.02473	0.01325	0.00427	0.00874	0.35939	0.01024	0.01085
2	0.02572	0.24974	0.04560	0.03508	0.18964	0.02951	0.11010	0.06520	0.02491	0.03295	0.07631	0.02791	0.02362	0.01040	0.00941	0.00283	0.01179	0.00932	0.00586	0.01411
3	0.02343	0.02435	0.11462	0.09605	0.03319	0.02148	0.02014	0.04101	0.27528	0.07515	0.12539	0.04053	0.03692	0.01390	0.01058	0.00337	0.00946	0.01174	0.00900	0.01441
4	0.01357	0.01095	0.01470	0.11604	0.02415	0.01091	0.01228	0.01646	0.02088	0.02664	0.06377	0.37379	0.20483	0.02661	0.01233	0.00384	0.00706	0.02355	0.00868	0.00896
5	0.02370	0.01994	0.02987	0.34630	0.13918	0.02293	0.02474	0.11503	0.02586	0.03553	0.02144	0.02796	0.01635	0.01065	0.00985	0.00317	0.01190	0.00920	0.09340	0.01300
6	0.01411	0.01047	0.01315	0.01248	0.01508	0.00951	0.00936	0.01857	0.02808	0.03885	0.49007	0.08044	0.17811	0.02184	0.01211	0.00327	0.00490	0.01909	0.01099	0.00951
7	0.02856	0.46082	0.04878	0.02611	0.12111	0.03671	0.02019	0.09562	0.02476	0.03089	0.01645	0.01903	0.01424	0.00929	0.00766	0.00245	0.01122	0.00659	0.00525	0.01424
8	0.01275	0.01042	0.01125	0.01104	0.01424	0.00893	0.00828	0.01592	0.02485	0.03118	0.22395	0.09307	0.44902	0.02470	0.01212	0.00340	0.00511	0.02086	0.00998	0.00893
9	0.02847	0.46338	0.04856	0.02647	0.12110	0.10857	0.02024	0.03216	0.02233	0.02588	0.01533	0.01825	0.01370	0.00907	0.00754	0.00240	0.01214	0.00626	0.00462	0.01354
10	0.02565	0.02073	0.06651	0.02844	0.12739	0.01750	0.07294	0.05740	0.02551	0.13761	0.08942	0.13622	0.03516	0.01500	0.01077	0.00315	0.00981	0.01365	0.00830	0.09882
11	0.03252	0.07389	0.21855	0.02311	0.03262	0.11914	0.02350	0.03880	0.02548	0.22515	0.02816	0.06749	0.02121	0.01242	0.00990	0.00312	0.01256	0.00974	0.00782	0.01483
12	0.02811	0.03137	0.09975	0.03308	0.13582	0.12624	0.07871	0.04255	0.21298	0.06393	0.02779	0.02902	0.02105	0.01129	0.01027	0.00320	0.01260	0.00976	0.00733	0.01515
13	0.43775	0.03226	0.11618	0.01919	0.02680	0.15606	0.01772	0.03306	0.02087	0.03889	0.01536	0.01795	0.01192	0.00981	0.00760	0.00307	0.01162	0.00615	0.00576	0.01199
14	0.02505	0.02501	0.11775	0.01981	0.02667	0.02129	0.01816	0.18185	0.12465	0.04503	0.10278	0.07273	0.06193	0.01504	0.01032	0.00320	0.00917	0.01236	0.09328	0.01393
15	0.01213	0.01040	0.01040	0.01040	0.01386	0.00866	0.00780	0.01473	0.02339	0.02772	0.10396	0.09876	0.57117	0.02599	0.01213	0.00347	0.00520	0.02166	0.00953	0.00866
16	0.02366	0.02039	0.03063	0.26325	0.18269	0.02260	0.02440	0.12025	0.02776	0.03765	0.11422	0.03481	0.02927	0.01219	0.01055	0.00323	0.01135	0.01077	0.00689	0.01345
17	0.01411	0.01047	0.01315	0.01248	0.01508	0.00951	0.00936	0.01857	0.02808	0.03885	0.49007	0.08044	0.17811	0.02184	0.01211	0.00327	0.00490	0.01909	0.01099	0.00951
18	0.01724	0.02296	0.18508	0.01942	0.02469	0.01462	0.01926	0.02129	0.01829	0.02580	0.02801	0.08443	0.02759	0.06848	0.15478	0.16821	0.01495	0.06950	0.00570	0.00968
19	0.03833	0.04891	0.02908	0.02644	0.03173	0.59815	0.01983	0.04098	0.02908	0.02512	0.01586	0.01851	0.01322	0.01058	0.00925	0.00264	0.01851	0.00661	0.00529	0.01190
20	0.06941	0.39127	0.04286	0.02021	0.02795	0.17109	0.01799	0.09746	0.02607	0.03070	0.01595	0.01799	0.01361	0.00969	0.00767	0.00247	0.01264	0.00623	0.00545	0.01329
21	0.71184	0.01985	0.01508	0.01350	0.01985	0.02302	0.01111	0.03017	0.01746	0.04604	0.01429	0.01667	0.01111	0.00953	0.00635	0.00318	0.00794	0.00556	0.00635	0.01111
22	0.03273	0.25500	0.03919	0.06049	0.11945	0.15104	0.02043	0.03668	0.02472	0.13846	0.02093	0.02269	0.01618	0.01010	0.00870	0.00270	0.01248	0.00750	0.00638	0.01417
23	0.71184	0.01985	0.01508	0.01350	0.01985	0.02302	0.01111	0.03017	0.01746	0.04604	0.01429	0.01667	0.01111	0.00953	0.00635	0.00318	0.00794	0.00556	0.00635	0.01111
24	0.01252	0.01016	0.01111	0.01141	0.01424	0.00875	0.00835	0.01528	0.02352	0.02929	0.15926	0.18724	0.42036	0.02636	0.01229	0.00355	0.00528	0.02252	0.00977	0.00875
25	0.02128	0.01824	0.02128	0.01520	0.02432	0.01368	0.01216	0.02584	0.02128	0.03344	0.01824	0.02128	0.01520	0.00760	0.00760	0.00152	0.00760	0.00608	0.00608	0.70208
26	0.01452	0.01049	0.01372	0.01291	0.01533	0.00968	0.00968	0.01937	0.02905	0.04115	0.56992	0.07666	0.09683	0.02098	0.01210	0.00323	0.00484	0.01856	0.01130	0.00968
27	0.02038	0.07511	0.39213	0.02758	0.03961	0.02260	0.09542	0.03020	0.02321	0.03357	0.11299	0.03157	0.02770	0.01148	0.01028	0.00321	0.01344	0.00992	0.00564	0.01395
28	0.01499	0.01087	0.01450	0.01555	0.01778	0.01038	0.01255	0.01923	0.02507	0.03371	0.24502	0.16598	0.10970	0.02599	0.01314	0.00402	0.00704	0.23500	0.01013	0.00934
29	0.02245	0.02245	0.03143	0.02694	0.02694	0.03143	0.02245	0.02470	0.01572	0.02470	0.01347	0.02245	0.01347	0.01796	0.03368	0.00449	0.62057	0.00898	0.00449	0.01123
30	0.02723	0.02268	0.03722	0.04774	0.37474	0.02148	0.06154	0.03297	0.02383	0.10311	0.02191	0.02606	0.01719	0.00930	0.00988	0.00283	0.01132	0.00898	0.00623	0.13377
31	0.02161	0.08233	0.48292	0.03043	0.07943	0.02492	0.03497	0.03371	0.05532	0.03276	0.01971	0.02268	0.01439	0.00991	0.00964	0.00319	0.01428	0.00783	0.00477	0.01520
32	0.02387	0.04681	0.45288	0.02812	0.04106	0.02572	0.03370	0.11912	0.02581	0.03748	0.01914	0.02223	0.01380	0.01075	0.01148	0.00331	0.05611	0.00796	0.00536	0.01529
33	0.66558	0.02015	0.01687	0.01683	0.05727	0.02311	0.01249	0.03026	0.01786	0.04520	0.01463	0.01726	0.01146	0.00950	0.00661	0.00317	0.00822	0.00580	0.00627	0.01146
34	0.01386	0.01021	0.01297	0.01281	0.01506	0.00932	0.00941	0.01788	0.02669	0.03681	0.42011	0.17487	0.15482	0.02356	0.01228	0.00342	0.00508	0.02079	0.01076	0.00932
35	0.01714	0.01348	0.01967	0.01855	0.01962	0.01678	0.01455	0.01906	0.01576	0.02301	0.02235	0.03432	0.02129	0.05523	0.36267	0.13089	0.17156	0.01014	0.00507	0.00887
36	0.01452	0.01049	0.01372	0.01291	0.01533	0.00968	0.00968	0.01937	0.02905	0.04115	0.56992	0.07666	0.09683	0.02098	0.01210	0.00323	0.00484	0.01856	0.01130	0.00968
37	0.02128	0.01824	0.02128	0.01520	0.02432	0.01368	0.01216	0.02584	0.02128	0.03344	0.01824	0.02128	0.01520	0.00760	0.00760	0.00152	0.00760	0.00608	0.00608	0.70208
38	0.02058	0.05308	0.58618	0.02925	0.04442	0.02383	0.03792	0.03250	0.02167	0.03250	0.01842	0.02167	0.01300	0.00975	0.00975	0.00325	0.01517	0.00758	0.00433	0.01517
39	0.01250	0.00893	0.01191	0.01429	0.01488	0.00834	0.00953	0.01429	0.01965	0.02620	0.05656	0.63265	0.06787	0.03215	0.01310	0.00417	0.00595	0.02917	0.00953	0.00834
40	0.01254	0.01041	0.01097	0.01083	0.01411	0.00884	0.00812	0.01552	0.02436	0.03002	0.18381	0.09497	0.48988	0.02513	0.01212	0.00342	0.00514	0.02113	0.00983	0.00884
41	0.01492	0.00995	0.01119	0.01119	0.01119	0.00995	0.00622	0.01492	0.01492	0.01990	0.03233	0.06716	0.03731	0.63935	0.05223	0.00995	0.00995	0.01492	0.00622	0.00622
42	0.71184	0.01985	0.01508	0.01350	0.01985	0.02302	0.01111	0.03017	0.01746	0.04604	0.01429	0.01667	0.01111	0.00953	0.00635	0.00318	0.00794	0.00556	0.00635	0.01111
43	0.02728	0.03050	0.03072	0.02679	0.02840	0.20376	0.02165	0.02965	0.01978	0.02482	0.01420	0.02125	0.01339	0.01572	0.02625	0.00393	0.43749	0.00826	0.00473	0.01143
44	0.01301	0.00930	0.01249	0.01487	0.01569	0.00878	0.01042	0.01517	0.02015	0.02677	0.05628	0.56706	0.06675	0.03167	0.01323	0.00424	0.00640	0.08971	0.00952	0.00848
45	0.01250	0.00893	0.01191	0.01429	0.01488	0.00834	0.00953	0.01429	0.01965	0.02620	0.05656	0.63265	0.06787	0.03215	0.01310	0.00417	0.00595	0.02917	0.00953	0.00834
46	0.02553	0.02204	0.02320	0.02088	0.02669	0.02553	0.01624	0.05453	0.55679	0.04293	0.04177	0.03829	0.03133	0.01392	0.01044	0.00348	0.00812	0.01160	0.01044	0.01624
47	0.15431	0.02722	0.02810	0.02188	0.02977	0.03032	0.01807	0.45356	0.04297	0.06148	0.02286	0.02327	0.01637	0.01184	0.00959	0.00310	0.01072	0.00861	0.00959	0.01637
48	0.03990	0.02731	0.02991	0.02293	0.03111	0.02970	0.01894	0.47880	0.04585	0.13037	0.02665	0.02594	0.01846	0.01237	0.01027	0.00309	0.01097	0.00938	0.01057	0.01745
49	0.03833	0.04891	0.02908	0.02644	0.03173	0.59815	0.01983	0.04098	0.02908	0.02512	0.01586	0.01851	0.01322	0.01058	0.00925	0.00264	0.01851	0.00661	0.00529	0.01190
50	0.01466	0.01100	0.01649	0.01649	0.01833	0.01283	0.01283	0.01833	0.01649	0.02382	0.02749	0.04032	0.02566	0.07697	0.59868	0.01649	0.02749	0.01100	0.00550	0.00916
51	0.03184	0.40436	0.04379	0.02115	0.02852	0.26598	0.01848	0.03487	0.02418	0.02454	0.01491	0.01729	0.01319	0.00951	0.00766	0.00238	0.01402	0.00594	0.00475	0.01266
52	0.02744	0.64552	0.05378	0.01756	0.02634	0.04061	0.01756	0.03073	0.02085	0.02414	0.01427	0.01646	0.01317	0.00878	0.00658	0.00219	0.01097	0.00549	0.00439	0.01317
53	0.03366	0.07631	0.03240	0.12834	0.07543	0.25799	0.02187	0.18244	0.03224	0.03731	0.01895	0.02214	0.01473	0.01081	0.00960	0.00290	0.01464	0.00790	0.00653	0.01381
54	0.02381	0.04856	0.51482	0.02785	0.04210	0.02272	0.03502	0.03472	0.02264	0.10228	0.02122	0.02335	0.01457	0.01012	0.00982	0.00324	0.01435	0.00793	0.00540	0.01546
55	0.02396	0.03294	0.20406	0.05293	0.41699	0.02422	0.03341	0.03179	0.02286	0.03322	0.01904	0.02429	0.01528	0.00932	0.01004	0.00311	0.01308	0.00868	0.00486	0.01593
56	0.02376	0.02697	0.10888	0.15325	0.42149	0.02404	0.03180	0.03072	0.02266	0.03214	0.01901	0.02526	0.01540	0.00941	0.01012	0.00314	0.01282	0.00894	0.00490	0.01529

[dist]
# distance from previous block
# <min> <max>
0	15

[block]
# block no. 3 follows, 14 sequences, length 53
# corresponding to MSA columns:
# 231-283
name=unknown_D
#
# <colnr> <probs for GDERKNQSTAVLIFYWHMCP>
#	G	D	E	R	K	N	Q	S	T	A	V	L	I	F	Y	W	H	M	C	P
0	0.01564	0.01208	0.01446	0.01358	0.01666	0.01171	0.01027	0.02345	0.10158	0.03905	0.41477	0.07518	0.17074	0.02087	0.01188	0.00330	0.00536	0.01813	0.01087	0.01042
1	0.02036	0.01731	0.01840	0.01692	0.02164	0.01878	0.01304	0.03889	0.34018	0.03840	0.12485	0.06019	0.19247	0.01822	0.01113	0.00344	0.00689	0.01531	0.01029	0.01328
2	0.71184	0.01985	0.01508	0.01350	0.01985	0.02302	0.01111	0.03017	0.01746	0.04604	0.01429	0.01667	0.01111	0.00953	0.00635	0.00318	0.00794	0.00556	0.00635	0.01111
3	0.71184	0.01985	0.01508	0.01350	0.01985	0.02302	0.01111	0.03017	0.01746	0.04604	0.01429	0.01667	0.01111	0.00953	0.00635	0.00318	0.00794	0.00556	0.00635	0.01111
4	0.02075	0.02092	0.03922	0.45270	0.06585	0.02369	0.17295	0.02811	0.02157	0.02811	0.01895	0.02745	0.01422	0.00980	0.01078	0.00343	0.01471	0.00997	0.00474	0.01209
5	0.03833	0.04891	0.02908	0.02644	0.03173	0.59815	0.01983	0.04098	0.02908	0.02512	0.01586	0.01851	0.01322	0.01058	0.00925	0.00264	0.01851	0.00661	0.00529	0.01190
6	0.71184	0.01985	0.01508	0.01350	0.01985	0.02302	0.01111	0.03017	0.01746	0.04604	0.01429	0.01667	0.01111	0.00953	0.00635	0.00318	0.00794	0.00556	0.00635	0.01111
7	0.01394	0.01083	0.01476	0.01476	0.01706	0.01165	0.01140	0.01731	0.01845	0.02493	0.04917	0.05688	0.18029	0.06252	0.43241	0.01280	0.02117	0.01402	0.00664	0.00902
8	0.71184	0.01985	0.01508	0.01350	0.01985	0.02302	0.01111	0.03017	0.01746	0.04604	0.01429	0.01667	0.01111	0.00953	0.00635	0.00318	0.00794	0.00556	0.00635	0.01111
9	0.04604	0.01746	0.02382	0.01826	0.02620	0.01508	0.01508	0.05001	0.02937	0.58244	0.04049	0.03493	0.02540	0.01270	0.01032	0.00318	0.00873	0.01032	0.01270	0.01746
10	0.02540	0.02438	0.04165	0.06299	0.57533	0.02438	0.03149	0.03149	0.02337	0.03353	0.01930	0.02540	0.01626	0.00914	0.01016	0.00305	0.01219	0.00914	0.00508	0.01626
11	0.02201	0.01135	0.01528	0.01541	0.01809	0.01025	0.01110	0.02442	0.02240	0.18388	0.05200	0.46321	0.05583	0.02664	0.01231	0.00389	0.00674	0.02383	0.01043	0.01092
12	0.03841	0.01523	0.01978	0.01579	0.02216	0.01352	0.01284	0.04261	0.02715	0.42818	0.03850	0.03587	0.02566	0.01249	0.00943	0.00295	0.00761	0.01011	0.20649	0.01523
13	0.03833	0.04891	0.02908	0.02644	0.03173	0.59815	0.01983	0.04098	0.02908	0.02512	0.01586	0.01851	0.01322	0.01058	0.00925	0.00264	0.01851	0.00661	0.00529	0.01190
14	0.01213	0.01040	0.01040	0.01040	0.01386	0.00866	0.00780	0.01473	0.02339	0.02772	0.10396	0.09876	0.57117	0.02599	0.01213	0.00347	0.00520	0.02166	0.00953	0.00866
15	0.01492	0.00995	0.01119	0.01119	0.01119	0.00995	0.00622	0.01492	0.01492	0.01990	0.03233	0.06716	0.03731	0.63935	0.05223	0.00995	0.00995	0.01492	0.00622	0.00622
16	0.03901	0.02874	0.03080	0.02361	0.03182	0.03182	0.01951	0.54111	0.04825	0.06468	0.02464	0.02464	0.01745	0.01232	0.01027	0.00308	0.01129	0.00924	0.01027	0.01745
17	0.02530	0.02287	0.03005	0.03576	0.21578	0.02548	0.02187	0.04481	0.34071	0.03860	0.03234	0.03290	0.02507	0.01252	0.01173	0.00339	0.04603	0.01060	0.00824	0.01595
18	0.01961	0.03713	0.35843	0.02892	0.09937	0.01959	0.02901	0.02709	0.02042	0.02967	0.02394	0.11152	0.02197	0.01651	0.01451	0.10062	0.01261	0.01107	0.00519	0.01282
19	0.01492	0.00995	0.01119	0.01119	0.01119	0.00995	0.00622	0.01492	0.01492	0.01990	0.03233	0.06716	0.03731	0.63935	0.05223	0.00995	0.00995	0.01492	0.00622	0.00622
20	0.01647	0.01883	0.09581	0.10195	0.02813	0.01499	0.01640	0.02454	0.08529	0.03315	0.18476	0.06547	0.23689	0.01887	0.01133	0.00337	0.00806	0.01599	0.00862	0.01108
21	0.01381	0.01046	0.01273	0.01216	0.01489	0.00938	0.00912	0.01799	0.02737	0.03716	0.43133	0.08323	0.23791	0.02247	0.01211	0.00330	0.00495	0.01948	0.01077	0.00938
22	0.02058	0.05308	0.58618	0.02925	0.04442	0.02383	0.03792	0.03250	0.02167	0.03250	0.01842	0.02167	0.01300	0.00975	0.00975	0.00325	0.01517	0.00758	0.00433	0.01517
23	0.02553	0.02204	0.02320	0.02088	0.02669	0.02553	0.01624	0.05453	0.55679	0.04293	0.04177	0.03829	0.03133	0.01392	0.01044	0.00348	0.00812	0.01160	0.01044	0.01624
24	0.01782	0.00983	0.01074	0.01051	0.01291	0.00960	0.00788	0.02262	0.02365	0.03908	0.18554	0.04914	0.04630	0.01451	0.00857	0.00263	0.00480	0.01211	0.50213	0.00960
25	0.02744	0.64552	0.05378	0.01756	0.02634	0.04061	0.01756	0.03073	0.02085	0.02414	0.01427	0.01646	0.01317	0.00878	0.00658	0.00219	0.01097	0.00549	0.00439	0.01317
26	0.52310	0.01917	0.01756	0.01485	0.02165	0.02077	0.01224	0.03579	0.02084	0.19810	0.02172	0.02185	0.01516	0.01043	0.00748	0.00318	0.00816	0.00691	0.00815	0.01291
27	0.03534	0.02564	0.03092	0.02996	0.13213	0.02756	0.02076	0.31809	0.11470	0.11635	0.02797	0.02795	0.02016	0.01200	0.01028	0.00314	0.01070	0.00969	0.00961	0.01706
28	0.01938	0.01824	0.03078	0.61468	0.07068	0.02280	0.02850	0.02622	0.02052	0.02622	0.01824	0.02736	0.01368	0.01026	0.01026	0.00342	0.01368	0.00912	0.00456	0.01140
29	0.25042	0.02904	0.15768	0.03245	0.14261	0.02313	0.11716	0.03050	0.02096	0.03687	0.01996	0.05872	0.01681	0.01071	0.00934	0.00328	0.01201	0.00935	0.00562	0.01339
30	0.02220	0.02111	0.03587	0.35663	0.30673	0.02354	0.02990	0.02869	0.02185	0.02964	0.01874	0.02644	0.01488	0.00974	0.01021	0.00325	0.01298	0.00913	0.00480	0.01367
31	0.02019	0.01925	0.03375	0.37871	0.13356	0.02160	0.09105	0.02687	0.02259	0.03020	0.09557	0.03399	0.02587	0.01139	0.01074	0.00334	0.01269	0.01082	0.00565	0.01217
32	0.01470	0.01084	0.01573	0.01573	0.01730	0.01241	0.01187	0.01783	0.01627	0.02326	0.02819	0.04418	0.02734	0.15804	0.51990	0.01555	0.02496	0.01156	0.00560	0.00874
33	0.02204	0.02020	0.03178	0.21598	0.26625	0.02195	0.02532	0.03137	0.09764	0.03374	0.10149	0.03517	0.02920	0.01185	0.01051	0.00325	0.01101	0.01084	0.00657	0.01384
34	0.02422	0.02768	0.06055	0.04325	0.05363	0.02595	0.53806	0.03287	0.02422	0.03287	0.02076	0.02768	0.01557	0.00865	0.01211	0.00346	0.01730	0.01211	0.00519	0.01384
35	0.02003	0.01664	0.02026	0.10024	0.02802	0.01846	0.01518	0.03575	0.25948	0.03985	0.26126	0.05295	0.05650	0.01639	0.01112	0.00337	0.00751	0.01419	0.00998	0.01280
36	0.01492	0.00995	0.01119	0.01119	0.01119	0.00995	0.00622	0.01492	0.01492	0.01990	0.03233	0.06716	0.03731	0.63935	0.05223	0.00995	0.00995	0.01492	0.00622	0.00622
37	0.02467	0.02274	0.02942	0.07339	0.19123	0.05657	0.02143	0.06486	0.14737	0.03346	0.02568	0.03371	0.02215	0.10269	0.01953	0.00435	0.09607	0.01039	0.00671	0.01360
38	0.03211	0.25405	0.04112	0.02875	0.09712	0.29931	0.05081	0.03576	0.02521	0.02625	0.01601	0.01916	0.01371	0.00966	0.00859	0.00258	0.01503	0.00685	0.00494	0.01299
39	0.03833	0.04891	0.02908	0.02644	0.03173	0.59815	0.01983	0.04098	0.02908	0.02512	0.01586	0.01851	0.01322	0.01058	0.00925	0.00264	0.01851	0.00661	0.00529	0.01190
40	0.01654	0.01181	0.01654	0.01890	0.02126	0.01181	0.01654	0.02126	0.02362	0.03071	0.05433	0.11576	0.05906	0.02835	0.01417	0.00472	0.00945	0.50626	0.00945	0.00945
41	0.15558	0.02698	0.03322	0.02526	0.03352	0.02924	0.10880	0.36166	0.03859	0.05581	0.02213	0.02376	0.01600	0.01118	0.00990	0.00316	0.01175	0.00909	0.00868	0.01570
42	0.01877	0.02486	0.15526	0.11367	0.13082	0.01823	0.05313	0.02566	0.02405	0.03331	0.16942	0.04808	0.11268	0.01474	0.01096	0.00328	0.01056	0.01307	0.00702	0.01245
43	0.02455	0.02317	0.03752	0.13666	0.42615	0.02431	0.02894	0.03394	0.09727	0.03378	0.02228	0.02748	0.01798	0.00997	0.01021	0.00316	0.01184	0.00948	0.00575	0.01555
44	0.39522	0.10673	0.02411	0.01670	0.02315	0.02455	0.04786	0.03325	0.09659	0.04080	0.02079	0.02287	0.01628	0.01026	0.00745	0.00302	0.00867	0.00730	0.08225	0.01215
45	0.02084	0.03552	0.29776	0.02557	0.03643	0.02084	0.08538	0.03236	0.08625	0.03512	0.09825	0.03193	0.02746	0.01137	0.01012	0.00305	0.01205	0.00989	0.00638	0.11340
46	0.02485	0.01813	0.02165	0.01564	0.02459	0.01388	0.01258	0.02932	0.02245	0.11259	0.02145	0.02325	0.01667	0.00834	0.00799	0.00176	0.00776	0.00669	0.00703	0.60339
47	0.02038	0.02043	0.06498	0.03281	0.19988	0.01846	0.05165	0.02957	0.09963	0.03708	0.22227	0.04959	0.07967	0.01501	0.01110	0.00324	0.00912	0.01364	0.00825	0.01326
48	0.01290	0.01033	0.01153	0.01144	0.01439	0.00896	0.00850	0.01614	0.02490	0.03179	0.24558	0.12766	0.39005	0.02485	0.01219	0.00344	0.00514	0.02120	0.01008	0.00896
49	0.02640	0.02298	0.02753	0.02977	0.14046	0.02571	0.01961	0.08237	0.41243	0.04244	0.03598	0.03471	0.02728	0.01283	0.01037	0.00336	0.00918	0.01094	0.00932	0.01633
50	0.02933	0.29676	0.04301	0.03163	0.18793	0.03126	0.02142	0.10306	0.02601	0.07076	0.01920	0.02176	0.01562	0.00957	0.00846	0.00259	0.01102	0.00744	0.00607	0.05709
51	0.02282	0.01404	0.01449	0.01315	0.01685	0.01497	0.01020	0.10038	0.10241	0.04261	0.03344	0.03637	0.02579	0.01229	0.00808	0.00264	0.00617	0.00981	0.50187	0.01163
52	0.07008	0.02464	0.03519	0.04600	0.35336	0.02596	0.02565	0.13689	0.10489	0.04189	0.02330	0.02657	0.01835	0.01049	0.00999	0.00312	0.01116	0.00930	0.00697	0.01618

[dist]
# distance from previous block
# <min> <max>
0	1

[block]
# block no. 4 follows, 14 sequences, length 22
# corresponding to MSA columns:
# 285-306
name=unknown_E
#
# <colnr> <probs for GDERKNQSTAVLIFYWHMCP>
#	G	D	E	R	K	N	Q	S	T	A	V	L	I	F	Y	W	H	M	C	P
0	0.03474	0.09726	0.03470	0.02910	0.11826	0.03126	0.02103	0.37372	0.07031	0.05385	0.02359	0.02462	0.01757	0.01150	0.00984	0.00300	0.01122	0.00894	0.00878	0.01671
1	0.02482	0.26645	0.19846	0.03644	0.22004	0.03034	0.02804	0.03149	0.02194	0.02970	0.01716	0.02099	0.01418	0.00918	0.00870	0.00278	0.01256	0.00733	0.00461	0.01479
2	0.15879	0.03866	0.02527	0.02226	0.02836	0.39902	0.01700	0.03657	0.02570	0.03028	0.01596	0.01862	0.01315	0.00991	0.00846	0.00256	0.01482	0.00633	0.00561	0.12268
3	0.01679	0.00944	0.01347	0.01347	0.01377	0.00973	0.00905	0.01445	0.01416	0.01917	0.02203	0.03924	0.02265	0.15272	0.13209	0.46486	0.01209	0.01035	0.00495	0.00553
4	0.02553	0.02204	0.02320	0.02088	0.02669	0.02553	0.01624	0.05453	0.55679	0.04293	0.04177	0.03829	0.03133	0.01392	0.01044	0.00348	0.00812	0.01160	0.01044	0.01624
5	0.02042	0.01413	0.01919	0.24872	0.03627	0.01611	0.01631	0.05571	0.02272	0.03510	0.02695	0.03315	0.02080	0.01131	0.00857	0.00284	0.00868	0.00937	0.38290	0.01076
6	0.01284	0.01015	0.01157	0.01179	0.01444	0.00888	0.00862	0.01590	0.02423	0.03107	0.22099	0.19046	0.35114	0.02577	0.01230	0.00353	0.00524	0.02220	0.01001	0.00888
7	0.02799	0.02327	0.02459	0.02138	0.02763	0.02668	0.01684	0.14354	0.46377	0.04691	0.03863	0.03579	0.02879	0.01363	0.01041	0.00341	0.00870	0.01117	0.01041	0.01646
8	0.01492	0.00995	0.01119	0.01119	0.01119	0.00995	0.00622	0.01492	0.01492	0.01990	0.03233	0.06716	0.03731	0.63935	0.05223	0.00995	0.00995	0.01492	0.00622	0.00622
9	0.01969	0.01783	0.02832	0.04029	0.31970	0.01762	0.02152	0.02418	0.02200	0.03019	0.04170	0.13809	0.12712	0.02358	0.07741	0.00482	0.01164	0.01486	0.00666	0.01279
10	0.02128	0.01824	0.02128	0.01520	0.02432	0.01368	0.01216	0.02584	0.02128	0.03344	0.01824	0.02128	0.01520	0.00760	0.00760	0.00152	0.00760	0.00608	0.00608	0.70208
11	0.02744	0.64552	0.05378	0.01756	0.02634	0.04061	0.01756	0.03073	0.02085	0.02414	0.01427	0.01646	0.01317	0.00878	0.00658	0.00219	0.01097	0.00549	0.00439	0.01317
12	0.01363	0.00980	0.01337	0.01456	0.01548	0.01013	0.01014	0.01578	0.01781	0.02438	0.04273	0.33950	0.04852	0.14376	0.22052	0.00932	0.01399	0.02067	0.00762	0.00828
13	0.03514	0.03065	0.14989	0.02954	0.12002	0.05401	0.02395	0.15977	0.03123	0.22212	0.02721	0.02720	0.01870	0.01129	0.01010	0.00312	0.01181	0.00908	0.00869	0.01647
14	0.02194	0.02085	0.03540	0.38004	0.28531	0.02347	0.02977	0.02846	0.02173	0.02933	0.01869	0.02653	0.01478	0.00979	0.01022	0.00326	0.01305	0.00913	0.00478	0.01346
15	0.01492	0.00995	0.01119	0.01119	0.01119	0.00995	0.00622	0.01492	0.01492	0.01990	0.03233	0.06716	0.03731	0.63935	0.05223	0.00995	0.00995	0.01492	0.00622	0.00622
16	0.46966	0.02405	0.02231	0.01915	0.02446	0.08951	0.04499	0.03054	0.01885	0.03901	0.01470	0.01858	0.01204	0.01114	0.01201	0.00337	0.12174	0.00668	0.00582	0.01138
17	0.01994	0.01468	0.01816	0.01839	0.02200	0.01497	0.01568	0.11530	0.02809	0.03644	0.05688	0.09636	0.13375	0.02504	0.01313	0.00422	0.00910	0.33746	0.00961	0.01079
18	0.02661	0.02793	0.15095	0.02080	0.03035	0.02053	0.01995	0.08788	0.14121	0.10023	0.02653	0.02693	0.01958	0.01051	0.00928	0.00268	0.00992	0.00841	0.00780	0.25193
19	0.03122	0.06550	0.17368	0.02230	0.03113	0.02298	0.02200	0.09513	0.11288	0.20280	0.05850	0.03134	0.02469	0.01259	0.01135	0.00325	0.04437	0.00977	0.00886	0.01565
20	0.14282	0.11324	0.01922	0.01467	0.01763	0.01621	0.01111	0.01984	0.01944	0.02950	0.04203	0.42095	0.04870	0.02426	0.01082	0.00367	0.00712	0.02105	0.00812	0.00962
21	0.02364	0.12970	0.24339	0.02110	0.03004	0.02075	0.02273	0.03028	0.02320	0.11933	0.08797	0.14068	0.03413	0.01538	0.01020	0.00323	0.01066	0.01282	0.00739	0.01337

[dist]
# distance from previous block
# <min> <max>
0	2

[block]
# block no. 5 follows, 14 sequences, length 22
# corresponding to MSA columns:
# 309-330
name=unknown_F
#
# <colnr> <probs for GDERKNQSTAVLIFYWHMCP>
#	G	D	E	R	K	N	Q	S	T	A	V	L	I	F	Y	W	H	M	C	P
0	0.02335	0.26759	0.35317	0.02601	0.03849	0.03011	0.06718	0.03188	0.02156	0.02948	0.01707	0.02021	0.01325	0.00931	0.00877	0.00288	0.01379	0.00715	0.00442	0.01434
1	0.13743	0.43009	0.11675	0.01996	0.02927	0.03470	0.05055	0.03100	0.02061	0.02931	0.01520	0.01785	0.01296	0.00902	0.00729	0.00257	0.01141	0.00617	0.00475	0.01313
2	0.02125	0.01647	0.01917	0.01827	0.02235	0.01755	0.01473	0.10282	0.17091	0.03989	0.12912	0.11013	0.08854	0.02116	0.01208	0.00380	0.00811	0.16121	0.01013	0.01232
3	0.01706	0.01099	0.01438	0.01383	0.01656	0.01030	0.01038	0.02087	0.02514	0.08880	0.30105	0.16064	0.13595	0.03015	0.09117	0.00519	0.00851	0.01883	0.01014	0.01004
4	0.03997	0.02377	0.06886	0.02197	0.03052	0.02118	0.04720	0.17204	0.06439	0.34879	0.03384	0.03115	0.02228	0.01223	0.01037	0.00319	0.01029	0.01002	0.01092	0.01702
5	0.01279	0.00915	0.01216	0.01410	0.01495	0.00852	0.00955	0.01500	0.02096	0.02828	0.12819	0.55507	0.07191	0.03059	0.01296	0.00404	0.00580	0.02769	0.00977	0.00852
6	0.01486	0.01046	0.01384	0.01569	0.01695	0.01026	0.01196	0.01758	0.02040	0.02684	0.05019	0.27402	0.05713	0.16479	0.02224	0.00570	0.00842	0.24154	0.00876	0.00837
7	0.01975	0.01603	0.02413	0.37611	0.04913	0.01891	0.02120	0.05953	0.02250	0.03119	0.02679	0.11088	0.02369	0.01368	0.01005	0.00330	0.01075	0.01192	0.13942	0.01105
8	0.02245	0.02138	0.03633	0.33292	0.32842	0.02361	0.03003	0.02891	0.02197	0.02995	0.01878	0.02636	0.01500	0.00969	0.01021	0.00323	0.01292	0.00913	0.00483	0.01388
9	0.01938	0.01824	0.03078	0.61468	0.07068	0.02280	0.02850	0.02622	0.02052	0.02622	0.01824	0.02736	0.01368	0.01026	0.01026	0.00342	0.01368	0.00912	0.00456	0.01140
10	0.01527	0.01034	0.01304	0.01237	0.01478	0.00966	0.00928	0.02010	0.02783	0.04068	0.48286	0.07042	0.08538	0.01952	0.01130	0.00309	0.00483	0.01710	0.12247	0.00966
11	0.01472	0.01075	0.01525	0.01525	0.01666	0.01216	0.01128	0.01753	0.01613	0.02291	0.02862	0.04658	0.02838	0.20829	0.47107	0.01496	0.02339	0.01191	0.00567	0.00847
12	0.02744	0.64552	0.05378	0.01756	0.02634	0.04061	0.01756	0.03073	0.02085	0.02414	0.01427	0.01646	0.01317	0.00878	0.00658	0.00219	0.01097	0.00549	0.00439	0.01317
13	0.02327	0.01372	0.01826	0.01801	0.02176	0.01332	0.01511	0.06185	0.02692	0.14089	0.11926	0.11978	0.05532	0.02346	0.01282	0.00408	0.00861	0.28167	0.01039	0.01151
14	0.03891	0.01680	0.02142	0.01720	0.02395	0.01560	0.01396	0.04639	0.09920	0.42139	0.03952	0.03592	0.02635	0.01275	0.00983	0.00309	0.00801	0.01037	0.12335	0.01602
15	0.51402	0.01914	0.01768	0.01491	0.02173	0.02066	0.01229	0.03606	0.02100	0.20541	0.02207	0.02210	0.01536	0.01047	0.00753	0.00318	0.00817	0.00697	0.00824	0.01300
16	0.01803	0.01753	0.01540	0.01520	0.01802	0.12292	0.01112	0.02115	0.02537	0.03104	0.22089	0.20217	0.19690	0.02290	0.01179	0.00340	0.00784	0.01955	0.00926	0.00953
17	0.01627	0.01321	0.01487	0.01523	0.01812	0.01353	0.01107	0.02636	0.18022	0.03157	0.06459	0.31613	0.18893	0.02512	0.01205	0.00378	0.00640	0.02198	0.00980	0.01077
18	0.50750	0.10393	0.02130	0.01432	0.02145	0.02388	0.01215	0.02954	0.01854	0.04105	0.01493	0.01739	0.01205	0.00911	0.00659	0.00277	0.00829	0.00563	0.00604	0.12353
19	0.02417	0.02256	0.03560	0.04879	0.41162	0.02120	0.02575	0.02981	0.02275	0.03350	0.01899	0.02417	0.01594	0.00868	0.00940	0.00259	0.01083	0.00823	0.00538	0.22002
20	0.20182	0.13390	0.10355	0.02106	0.02861	0.17719	0.01902	0.03799	0.12318	0.03459	0.02043	0.02186	0.01606	0.01054	0.00838	0.00294	0.01221	0.00723	0.00625	0.01316
21	0.02122	0.01436	0.01743	0.01565	0.01962	0.01449	0.01206	0.03229	0.16741	0.10709	0.36746	0.06155	0.07102	0.01813	0.01145	0.00329	0.00617	0.01574	0.01124	0.01234

[dist]
# distance from previous block
# <min> <max>
0	5

[block]
# block no. 6 follows, 14 sequences, length 25
# corresponding to MSA columns:
# 336-360
name=unknown_G
#
# <colnr> <probs for GDERKNQSTAVLIFYWHMCP>
#	G	D	E	R	K	N	Q	S	T	A	V	L	I	F	Y	W	H	M	C	P
0	0.03205	0.02461	0.03489	0.08048	0.32606	0.06597	0.02552	0.08147	0.02724	0.16392	0.02442	0.02717	0.01812	0.01044	0.01014	0.00307	0.01187	0.00924	0.00731	0.01602
1	0.01381	0.01046	0.01273	0.01217	0.01490	0.00938	0.00912	0.01799	0.02737	0.03717	0.43186	0.08321	0.23737	0.02246	0.01211	0.00330	0.00495	0.01948	0.01077	0.00938
2	0.02096	0.01565	0.01872	0.01699	0.02009	0.01743	0.01275	0.12548	0.09236	0.03329	0.03012	0.04443	0.02801	0.21267	0.25384	0.01033	0.01689	0.01182	0.00728	0.01090
3	0.01315	0.00955	0.01327	0.01495	0.01591	0.00967	0.01051	0.01549	0.01871	0.02549	0.04790	0.45623	0.05530	0.04550	0.18751	0.00784	0.01237	0.02376	0.00833	0.00858
4	0.03692	0.12623	0.03228	0.02529	0.03103	0.52589	0.01953	0.03965	0.02801	0.02499	0.01566	0.01824	0.01321	0.01034	0.00891	0.00259	0.01753	0.00646	0.00517	0.01206
5	0.62463	0.02100	0.01712	0.01481	0.02140	0.02416	0.01220	0.09639	0.02145	0.04846	0.01563	0.01770	0.01194	0.00989	0.00686	0.00316	0.00837	0.00603	0.00686	0.01194
6	0.02286	0.07669	0.33695	0.03324	0.12704	0.02533	0.05709	0.03625	0.11924	0.03408	0.02268	0.02529	0.01700	0.01030	0.00987	0.00321	0.01326	0.00867	0.00561	0.01535
7	0.02061	0.01933	0.03323	0.32737	0.19669	0.02142	0.06394	0.02683	0.02178	0.02908	0.02474	0.07739	0.02252	0.01305	0.01093	0.00350	0.01261	0.05694	0.00555	0.01249
8	0.01241	0.00928	0.01155	0.01336	0.01464	0.00841	0.00911	0.01439	0.02054	0.02656	0.06792	0.50469	0.18850	0.03067	0.01287	0.00400	0.00577	0.02737	0.00953	0.00841
9	0.06961	0.02441	0.07297	0.03698	0.25452	0.02125	0.02298	0.07859	0.02514	0.08581	0.02101	0.02425	0.01633	0.00941	0.00923	0.00268	0.01053	0.00810	0.00652	0.19968
10	0.01351	0.01039	0.01198	0.01162	0.01425	0.00926	0.00848	0.01685	0.02506	0.03298	0.30734	0.08544	0.30049	0.08805	0.01632	0.00404	0.00553	0.01955	0.00998	0.00887
11	0.02484	0.02381	0.04064	0.11425	0.52844	0.02424	0.03122	0.03100	0.02310	0.03285	0.01920	0.02558	0.01602	0.00925	0.01017	0.00308	0.01233	0.00914	0.00503	0.01580
12	0.21913	0.08241	0.02726	0.01979	0.02711	0.02909	0.01644	0.26584	0.12969	0.05187	0.02396	0.02418	0.01784	0.01152	0.00889	0.00310	0.00977	0.00831	0.00868	0.01510
